Id truck; Id stack; Stack code; X origin; Y origin; Z origin; X extremity; Y extremity; Z extremity
P194069215;P194069215_1;A;0;0;0;1200;2400;2500
P194069215;P194069215_2;B;1200;0;0;2400;2400;2500
P194069215;P194069215_3;C;2400;0;0;3600;2400;2500
P194069215;P194069215_4;D;3600;0;0;4800;2400;2500
P194069215;P194069215_5;E;4800;0;0;6000;2400;2500
P194069215;P194069215_6;F;6000;0;0;7200;2400;2500
P194069215;P194069215_7;G;7200;0;0;8400;2400;2500
P194069215;P194069215_8;H;8400;0;0;9600;2400;2500
P194069215;P194069215_9;I;9600;0;0;10800;2400;2500
P194069215;P194069215_10;J;10800;0;0;12000;2400;2500
P194069215;P194069215_11;K;12000;0;0;13200;2400;2500
P194069211;P194069211_1;A;0;0;0;1200;2400;2000
P194069211;P194069211_2;B;1200;0;0;3000;1200;2400
P194069211;P194069211_3;C;1200;1240;0;3600;2440;2500
P194069211;P194069211_4;D;3000;0;0;5400;1200;2500
P194069211;P194069211_5;E;3600;1240;0;6000;2440;2500
P194069211;P194069211_6;F;5400;0;0;7800;1200;2500
P194069211;P194069211_7;G;6000;1240;0;8400;2440;2500
P194069211;P194069211_8;H;7800;0;0;10200;1200;2500
P194069211;P194069211_9;I;8400;1240;0;10800;2440;2500
P194069211;P194069211_10;J;10200;0;0;12600;1200;2500
P194069211;P194069211_11;K;10800;1240;0;13200;2440;2500
P194069211;P194069211_12;L;12600;0;0;13170;780;478
P194069207;P194069207_1;A;0;0;0;1200;2400;1800
P194069207;P194069207_2;B;1200;0;0;2400;2400;1620
P194069207;P194069207_3;C;2400;0;0;3600;2400;1620
P194069207;P194069207_4;D;3600;0;0;4800;2400;1620
P194069207;P194069207_5;E;4800;0;0;6000;2400;1620
P194069207;P194069207_6;F;6000;0;0;7200;2400;1620
P194069207;P194069207_7;G;7200;0;0;8400;2400;1900
P194069207;P194069207_8;H;8400;0;0;9600;2400;1900
P194069207;P194069207_9;I;9600;0;0;10800;2400;1900
P194069207;P194069207_10;J;10800;0;0;12000;2400;1900
P194069207;P194069207_11;K;12000;0;0;13200;2400;1900
P194069307;P194069307_1;A;0;0;0;1200;2400;2500
P194069307;P194069307_2;B;1200;0;0;2400;2400;2500
P194069307;P194069307_3;C;2400;0;0;3600;2400;2500
P194069307;P194069307_4;D;3600;0;0;4800;2400;2500
P194069307;P194069307_5;E;4800;0;0;6000;2400;2500
P194069307;P194069307_6;F;6000;0;0;7200;2400;2500
P194069307;P194069307_7;G;7200;0;0;8400;2400;2500
P194069307;P194069307_8;H;8400;0;0;9600;2400;2500
P194069307;P194069307_9;I;9600;0;0;10800;2400;2500
P194069307;P194069307_10;J;10800;0;0;12000;2400;2500
P194069307;P194069307_11;K;12000;0;0;13200;2400;2500
P194069305;P194069305_1;A;0;0;0;1800;1200;2400
P194069305;P194069305_2;B;0;1240;0;2400;2440;2500
P194069305;P194069305_3;C;1800;0;0;4200;1200;2500
P194069305;P194069305_4;D;2400;1240;0;4800;2440;2500
P194069305;P194069305_5;E;4200;0;0;6600;1200;2500
P194069305;P194069305_6;F;4800;1240;0;7200;2440;2500
P194069305;P194069305_7;G;6600;0;0;9000;1200;2500
P194069305;P194069305_8;H;7200;1240;0;9600;2440;2500
P194069305;P194069305_9;I;9000;0;0;11400;1200;1900
P194069305;P194069305_10;J;9600;1240;0;12000;2440;1900
P194069305;P194069305_11;K;11400;0;0;11970;780;478
P194069305;P194069305_12;L;12000;0;0;13200;2400;1900
P194069203;P194069203_1;A;0;0;0;1200;2400;1620
P194069203;P194069203_2;B;1200;0;0;2400;2400;1620
P194069203;P194069203_3;C;2400;0;0;3600;2400;1620
P194069203;P194069203_4;D;3600;0;0;4800;2400;1620
P194069203;P194069203_5;E;4800;0;0;6000;2400;2000
P194069203;P194069203_6;F;6000;0;0;7200;2400;2500
P194069203;P194069203_7;G;7200;0;0;8400;2400;2500
P194069203;P194069203_8;H;8400;0;0;9600;2400;2500
P194069203;P194069203_9;I;9600;0;0;10800;2400;2500
P194069203;P194069203_10;J;10800;0;0;12000;2400;2500
P194069203;P194069203_11;K;12000;0;0;13200;2400;2500
P194069201;P194069201_1;A;0;0;0;1200;2400;2500
P194069201;P194069201_2;B;1200;0;0;2400;2400;2500
P194069201;P194069201_3;C;2400;0;0;3600;2400;2500
P194069201;P194069201_4;D;3600;0;0;4800;2400;2500
P194069201;P194069201_5;E;4800;0;0;6000;2400;2500
P194069201;P194069201_6;F;6000;0;0;7200;2400;2500
P194069201;P194069201_7;G;7200;0;0;8400;2400;2500
P194069201;P194069201_8;H;8400;0;0;9600;2400;2830
P194069201;P194069201_9;I;9600;0;0;10800;2400;2500
P194069201;P194069201_10;J;10800;0;0;12000;2400;2000
P194069201;P194069201_11;K;12000;0;0;13200;2400;1900
P194069319;P194069319_1;A;0;0;0;1200;2400;1620
P194069319;P194069319_2;B;1200;0;0;2400;2400;1620
P194069319;P194069319_3;C;2400;0;0;3600;2400;1620
P194069319;P194069319_4;D;3600;0;0;4800;2400;1900
P194069319;P194069319_5;E;4800;0;0;6000;2400;1900
P194069319;P194069319_6;F;6000;0;0;7200;2400;1900
P194069319;P194069319_7;G;7200;0;0;8400;2400;2500
P194069319;P194069319_8;H;8400;0;0;9600;2400;2500
P194069319;P194069319_9;I;9600;0;0;10800;2400;2500
P194069319;P194069319_10;J;10800;0;0;12000;2400;2500
P194069319;P194069319_11;K;12000;0;0;13200;2400;2500
P194069219;P194069219_1;A;0;0;0;1200;2400;2500
P194069219;P194069219_2;B;1200;0;0;2400;2400;2500
P194069219;P194069219_3;C;2400;0;0;3600;2400;2500
P194069219;P194069219_4;D;3600;0;0;4800;2400;2500
P194069219;P194069219_5;E;4800;0;0;6000;2400;2500
P194069219;P194069219_6;F;6000;0;0;7200;2400;2500
P194069219;P194069219_7;G;7200;0;0;8400;2400;2500
P194069219;P194069219_8;H;8400;0;0;9600;2400;1900
P194069219;P194069219_9;I;9600;0;0;10800;2400;2500
P194069219;P194069219_10;J;10800;0;0;12000;2400;2500
P194069219;P194069219_11;K;12000;0;0;13200;2400;2500
Q194069219_1;Q194069219_1_1;A;0;0;0;1200;2400;2000
Q194069219_1;Q194069219_1_2;B;1200;0;0;2400;2400;1620
Q194069219_1;Q194069219_1_3;C;2400;0;0;3600;2400;1620
Q194069219_1;Q194069219_1_4;D;3600;0;0;4800;2400;1620
Q194069219_1;Q194069219_1_5;E;4800;0;0;6000;2400;1800
Q194069219_1;Q194069219_1_6;F;6000;0;0;7200;2400;2500
Q194069219_1;Q194069219_1_7;G;7200;0;0;8400;2400;2500
Q194069219_1;Q194069219_1_8;H;8400;0;0;9600;2400;2500
Q194069219_1;Q194069219_1_9;I;9600;0;0;10800;2400;1900
Q194069219_1;Q194069219_1_10;J;10800;0;0;12000;2400;1900
Q194069219_1;Q194069219_1_11;K;12000;0;0;13200;2400;1900
Q194069219_2;Q194069219_2_1;A;0;0;0;1200;2400;2500
Q194069219_2;Q194069219_2_2;B;1200;0;0;2400;2400;2500
Q194069219_2;Q194069219_2_3;C;2400;0;0;3600;2400;2855
Q194069219_2;Q194069219_2_4;D;3600;0;0;4800;2400;2500
Q194069219_2;Q194069219_2_5;E;4800;0;0;6000;2400;2500
Q194069219_2;Q194069219_2_6;F;6000;0;0;7200;2400;2500
Q194069219_2;Q194069219_2_7;G;7200;0;0;8400;2400;2500
Q194069219_2;Q194069219_2_8;H;8400;0;0;9600;2400;2500
Q194069219_2;Q194069219_2_9;I;9600;0;0;10800;2400;2855
Q194069219_2;Q194069219_2_10;J;10800;0;0;12000;2400;2855
Q194069219_2;Q194069219_2_11;K;12000;0;0;13200;2400;2855
Q194069219_3;Q194069219_3_1;A;0;0;0;1200;2400;2855
Q194069219_3;Q194069219_3_2;B;1200;0;0;2400;2400;2855
Q194069219_3;Q194069219_3_3;C;2400;0;0;3600;2400;2855
Q194069219_3;Q194069219_3_4;D;3600;0;0;4800;2400;2500
Q194069219_3;Q194069219_3_5;E;4800;0;0;6000;2400;2500
Q194069219_3;Q194069219_3_6;F;6000;0;0;7200;2400;2855
Q194069219_3;Q194069219_3_7;G;7200;0;0;8400;2400;2500
Q194069219_3;Q194069219_3_8;H;8400;0;0;9600;2400;2500
Q194069219_3;Q194069219_3_9;I;9600;0;0;10800;2400;2500
Q194069219_3;Q194069219_3_10;J;10800;0;0;12000;2400;2500
Q194069219_3;Q194069219_3_11;K;12000;0;0;13200;2400;2500
Q194069219_4;Q194069219_4_1;A;0;0;0;1200;2400;2500
Q194069219_4;Q194069219_4_2;B;1200;0;0;2400;2400;2500
Q194069219_4;Q194069219_4_3;C;2400;0;0;3600;2400;2500
Q194069219_4;Q194069219_4_4;D;3600;0;0;4800;2400;2500
Q194069219_4;Q194069219_4_5;E;4800;0;0;6000;2400;2500
Q194069219_4;Q194069219_4_6;F;6000;0;0;7200;2400;2500
Q194069219_4;Q194069219_4_7;G;7200;0;0;8400;2400;2500
Q194069219_4;Q194069219_4_8;H;8400;0;0;9600;2400;2500
Q194069219_4;Q194069219_4_9;I;9600;0;0;10800;2400;2500
Q194069219_4;Q194069219_4_10;J;10800;0;0;12000;2400;2500
Q194069219_4;Q194069219_4_11;K;12000;0;0;13200;2400;2500
P193069217;P193069217_1;A;0;0;0;1200;2400;1620
P193069217;P193069217_2;B;1200;0;0;2400;2400;1620
P193069217;P193069217_3;C;2400;0;0;3600;2400;1900
P193069217;P193069217_4;D;3600;1240;0;5400;2440;2400
P193069217;P193069217_5;E;3600;0;0;6000;1200;2500
P193069217;P193069217_6;F;5400;1240;0;7800;2440;2500
P193069217;P193069217_7;G;6000;0;0;8400;1200;2500
P193069217;P193069217_8;H;7800;1240;0;10200;2440;2500
P193069217;P193069217_9;I;8400;0;0;10800;1200;2500
P193069217;P193069217_10;J;10200;1240;0;12600;2440;2500
P193069217;P193069217_11;K;10800;0;0;13200;1200;2500
P193069215;P193069215_1;A;0;0;0;1200;2400;2000
P193069215;P193069215_2;B;1200;0;0;2400;2400;2500
P193069215;P193069215_3;C;2400;0;0;3600;2400;2500
P193069215;P193069215_4;D;3600;0;0;4800;2400;2500
P193069215;P193069215_5;E;4800;0;0;6000;2400;2500
P193069215;P193069215_6;F;6000;0;0;7200;2400;2500
P193069215;P193069215_7;G;7200;0;0;8400;2400;2500
P193069215;P193069215_8;H;8400;0;0;9600;2400;2500
P193069215;P193069215_9;I;9600;0;0;10800;2400;2500
P193069215;P193069215_10;J;10800;0;0;12000;2400;2500
P193069215;P193069215_11;K;12000;0;0;13200;2400;1900
P193069211;P193069211_1;A;0;0;0;1200;2400;1900
P193069211;P193069211_2;B;1200;0;0;2400;2400;1900
P193069211;P193069211_3;C;2400;0;0;3600;2400;1900
P193069211;P193069211_4;D;3600;0;0;4800;2400;1450
P193069211;P193069211_5;E;4800;0;0;6000;2400;1620
P193069211;P193069211_6;F;6000;0;0;7200;2400;1620
P193069211;P193069211_7;G;7200;0;0;8400;2400;1620
P193069211;P193069211_8;H;8400;0;0;9600;2400;2500
P193069211;P193069211_9;I;9600;0;0;10800;2400;2500
P193069211;P193069211_10;J;10800;0;0;12000;2400;2500
P193069211;P193069211_11;K;12000;0;0;13200;2400;2500
P193069207;P193069207_1;A;0;0;0;1200;2400;1900
P193069207;P193069207_2;B;1200;0;0;2400;2400;1620
P193069207;P193069207_3;C;2400;0;0;3600;2400;2500
P193069207;P193069207_4;D;3600;0;0;4800;2400;2500
P193069207;P193069207_5;E;4800;0;0;6000;2400;2500
P193069207;P193069207_6;F;6000;0;0;7200;2400;2500
P193069207;P193069207_7;G;7200;0;0;8400;2400;2500
P193069207;P193069207_8;H;8400;0;0;9600;2400;2500
P193069207;P193069207_9;I;9600;0;0;10800;2400;2500
P193069207;P193069207_10;J;10800;0;0;12000;2400;2500
P193069207;P193069207_11;K;12000;0;0;13200;2400;2500
P193069307;P193069307_1;A;0;0;0;1200;2400;2500
P193069307;P193069307_2;B;1200;40;0;2400;2440;2500
P193069307;P193069307_3;C;2400;0;0;3600;2400;2855
P193069307;P193069307_4;D;3600;0;0;4800;2400;2855
P193069307;P193069307_5;E;4800;0;0;6000;2400;2500
P193069307;P193069307_6;F;6000;0;0;7200;2400;2855
P193069307;P193069307_7;G;7200;0;0;8400;2400;2500
P193069307;P193069307_8;H;8400;0;0;9600;2400;2500
P193069307;P193069307_9;I;9600;0;0;10800;2400;2500
P193069307;P193069307_10;J;10800;0;0;12000;2400;2500
P193069307;P193069307_11;K;12000;0;0;13200;2400;2500
P193069305;P193069305_1;A;0;0;0;1200;2400;1900
P193069305;P193069305_2;B;1200;0;0;3000;1200;2400
P193069305;P193069305_3;C;1200;1240;0;3600;2440;1900
P193069305;P193069305_4;D;3000;0;0;5400;1200;1900
P193069305;P193069305_5;E;3600;1240;0;6000;2440;1900
P193069305;P193069305_6;F;5400;0;0;7800;1200;1900
P193069305;P193069305_7;G;6000;1240;0;8400;2440;2500
P193069305;P193069305_8;H;7800;0;0;10200;1200;2500
P193069305;P193069305_9;I;8400;1240;0;10800;2440;2500
P193069305;P193069305_10;J;10200;0;0;12600;1200;2500
P193069305;P193069305_11;K;10800;1240;0;13200;2440;2500
P193069203;P193069203_1;A;0;0;0;1200;2400;2000
P193069203;P193069203_2;B;1200;0;0;2400;2400;1620
P193069203;P193069203_3;C;2400;0;0;3600;2400;1620
P193069203;P193069203_4;D;3600;0;0;4800;2400;1620
P193069203;P193069203_5;E;4800;0;0;6000;2400;1620
P193069203;P193069203_6;F;6000;0;0;7200;2400;2500
P193069203;P193069203_7;G;7200;0;0;8400;2400;2500
P193069203;P193069203_8;H;8400;0;0;9600;2400;2500
P193069203;P193069203_9;I;9600;0;0;10800;2400;2500
P193069203;P193069203_10;J;10800;0;0;12000;2400;2500
P193069203;P193069203_11;K;12000;0;0;13200;2400;2500
P193069201;P193069201_1;A;0;0;0;1200;2400;2500
P193069201;P193069201_2;B;1200;0;0;2400;2400;2500
P193069201;P193069201_3;C;2400;0;0;3600;2400;2500
P193069201;P193069201_4;D;3600;0;0;4800;2400;2500
P193069201;P193069201_5;E;4800;0;0;6000;2400;2500
P193069201;P193069201_6;F;6000;0;0;7200;2400;2500
P193069201;P193069201_7;G;7200;0;0;8400;2400;2500
P193069201;P193069201_8;H;8400;0;0;9600;2400;2500
P193069201;P193069201_9;I;9600;0;0;10800;2400;2500
P193069201;P193069201_10;J;10800;0;0;12000;2400;1900
P193069201;P193069201_11;K;12000;0;0;13200;2400;1900
P193069319;P193069319_1;A;0;0;0;1200;2400;2500
P193069319;P193069319_2;B;1200;1240;0;3000;2440;2400
P193069319;P193069319_3;C;1200;0;0;3600;1200;1900
P193069319;P193069319_4;D;3000;1240;0;5400;2440;2500
P193069319;P193069319_5;E;3600;0;0;6000;1200;2500
P193069319;P193069319_6;F;5400;1240;0;7800;2440;2500
P193069319;P193069319_7;G;6000;0;0;8400;1200;1900
P193069319;P193069319_8;H;7800;1240;0;10200;2440;1900
P193069319;P193069319_9;I;8400;0;0;10800;1200;1900
P193069319;P193069319_10;J;10200;1240;0;12600;2440;2500
P193069319;P193069319_11;K;10800;0;0;13200;1200;2500
P193069319;P193069319_12;L;12600;1660;0;13170;2440;478
P193069219;P193069219_1;A;0;0;0;1200;2400;2500
P193069219;P193069219_2;B;1200;0;0;2400;2400;2500
P193069219;P193069219_3;C;2400;0;0;3600;2400;2500
P193069219;P193069219_4;D;3600;0;0;4800;2400;2500
P193069219;P193069219_5;E;4800;0;0;6000;2400;2500
P193069219;P193069219_6;F;6000;0;0;7200;2400;2500
P193069219;P193069219_7;G;7200;0;0;8400;2400;1900
P193069219;P193069219_8;H;8400;0;0;9600;2400;1900
P193069219;P193069219_9;I;9600;0;0;10800;2400;2500
P193069219;P193069219_10;J;10800;0;0;12000;2400;2500
P193069219;P193069219_11;K;12000;0;0;13200;2400;2500
P192069217;P192069217_1;A;0;0;0;1200;2400;1620
P192069217;P192069217_2;B;1200;0;0;2400;2400;1620
P192069217;P192069217_3;C;2400;0;0;3600;2400;1620
P192069217;P192069217_4;D;3600;0;0;4800;2400;2500
P192069217;P192069217_5;E;4800;0;0;6000;2400;2500
P192069217;P192069217_6;F;6000;0;0;7200;2400;2500
P192069217;P192069217_7;G;7200;0;0;8400;2400;2500
P192069217;P192069217_8;H;8400;0;0;9600;2400;2500
P192069217;P192069217_9;I;9600;0;0;10800;2400;2500
P192069217;P192069217_10;J;10800;0;0;12000;2400;2500
P192069217;P192069217_11;K;12000;0;0;13200;2400;1450
P192069215;P192069215_1;A;0;0;0;1200;2400;1620
P192069215;P192069215_2;B;1200;40;0;2400;2440;1620
P192069215;P192069215_3;C;2400;0;0;3600;2400;2500
P192069215;P192069215_4;D;3600;0;0;4800;2400;2500
P192069215;P192069215_5;E;4800;0;0;6000;2400;2500
P192069215;P192069215_6;F;6000;0;0;7200;2400;2500
P192069215;P192069215_7;G;7200;0;0;8400;2400;2500
P192069215;P192069215_8;H;8400;0;0;9600;2400;2500
P192069215;P192069215_9;I;9600;0;0;10800;2400;1800
P192069215;P192069215_10;J;10800;0;0;12000;2400;2500
P192069215;P192069215_11;K;12000;0;0;13200;2400;2500
P192069211;P192069211_1;A;0;0;0;1200;2400;1620
P192069211;P192069211_2;B;1200;0;0;2400;2400;1620
P192069211;P192069211_3;C;2400;0;0;3600;2400;1620
P192069211;P192069211_4;D;3600;0;0;4800;2400;2000
P192069211;P192069211_5;E;4800;0;0;6000;2400;2500
P192069211;P192069211_6;F;6000;0;0;7200;2400;2500
P192069211;P192069211_7;G;7200;0;0;8400;2400;2500
P192069211;P192069211_8;H;8400;0;0;9600;2400;2500
P192069211;P192069211_9;I;9600;0;0;10800;2400;2500
P192069211;P192069211_10;J;10800;0;0;12000;2400;2500
P192069211;P192069211_11;K;12000;0;0;13200;2400;2500
P192069207;P192069207_1;A;0;0;0;1200;2400;2550
P192069207;P192069207_2;B;1200;0;0;2400;2400;1900
P192069207;P192069207_3;C;2400;0;0;3600;2400;2500
P192069207;P192069207_4;D;3600;0;0;4800;2400;2500
P192069207;P192069207_5;E;4800;0;0;6000;2400;2500
P192069207;P192069207_6;F;6000;0;0;7200;2400;2500
P192069207;P192069207_7;G;7200;0;0;8400;2400;2500
P192069207;P192069207_8;H;8400;0;0;9600;2400;2500
P192069207;P192069207_9;I;9600;0;0;10800;2400;2500
P192069207;P192069207_10;J;10800;0;0;12000;2400;2500
P192069207;P192069207_11;K;12000;0;0;13200;2400;2500
Q192069207_1;Q192069207_1_1;A;0;0;0;1200;2400;2500
Q192069207_1;Q192069207_1_2;B;1200;40;0;2400;2440;2500
Q192069207_1;Q192069207_1_3;C;2400;0;0;3600;2400;2500
Q192069207_1;Q192069207_1_4;D;3600;40;0;4800;2440;2500
Q192069207_1;Q192069207_1_5;E;4800;0;0;6000;2400;2500
Q192069207_1;Q192069207_1_6;F;6000;0;0;7200;2400;2500
Q192069207_1;Q192069207_1_7;G;7200;0;0;8400;2400;2500
Q192069207_1;Q192069207_1_8;H;8400;0;0;9600;2400;2500
Q192069207_1;Q192069207_1_9;I;9600;0;0;10800;2400;2500
Q192069207_1;Q192069207_1_10;J;10800;0;0;12000;2400;2500
Q192069207_1;Q192069207_1_11;K;12000;0;0;13200;2400;2500
P192069307;P192069307_1;A;0;0;0;1200;2400;2855
P192069307;P192069307_2;B;1200;0;0;2400;2400;2855
P192069307;P192069307_3;C;2400;0;0;3600;2400;2855
P192069307;P192069307_4;D;3600;0;0;4800;2400;2855
P192069307;P192069307_5;E;4800;0;0;6000;2400;2500
P192069307;P192069307_6;F;6000;0;0;7200;2400;2500
P192069307;P192069307_7;G;7200;0;0;8400;2400;2500
P192069307;P192069307_8;H;8400;0;0;9600;2400;1900
P192069307;P192069307_9;I;9600;0;0;10800;2400;1900
P192069307;P192069307_10;J;10800;0;0;12000;2400;2500
P192069307;P192069307_11;K;12000;0;0;13200;2400;2500
P192069305;P192069305_1;A;0;0;0;1200;2400;2855
P192069305;P192069305_2;B;1200;0;0;2400;2400;2500
P192069305;P192069305_3;C;2400;0;0;3600;2400;2500
P192069305;P192069305_4;D;3600;0;0;4800;2400;1900
P192069305;P192069305_5;E;4800;0;0;6000;2400;2500
P192069305;P192069305_6;F;6000;0;0;7200;2400;2500
P192069305;P192069305_7;G;7200;0;0;8400;2400;2500
P192069305;P192069305_8;H;8400;0;0;9600;2400;2500
P192069305;P192069305_9;I;9600;0;0;10800;2400;2500
P192069305;P192069305_10;J;10800;0;0;12000;2400;2500
P192069305;P192069305_11;K;12000;0;0;13200;2400;2500
P192069203;P192069203_1;A;0;0;0;1200;2400;1620
P192069203;P192069203_2;B;1200;0;0;2400;2400;1620
P192069203;P192069203_3;C;2400;0;0;3600;2400;1620
P192069203;P192069203_4;D;3600;0;0;4800;2400;2500
P192069203;P192069203_5;E;4800;0;0;6000;2400;1900
P192069203;P192069203_6;F;6000;0;0;7200;2400;1900
P192069203;P192069203_7;G;7200;0;0;8400;2400;2000
P192069203;P192069203_8;H;8400;0;0;10200;1200;2400
P192069203;P192069203_9;I;8400;1240;0;10800;2440;1620
P192069203;P192069203_10;J;10200;0;0;12600;1200;1620
P192069203;P192069203_11;K;10800;1240;0;13200;2440;2500
P192069201;P192069201_1;A;0;0;0;1200;2400;1900
P192069201;P192069201_2;B;1200;0;0;2400;2400;2500
P192069201;P192069201_3;C;2400;0;0;3600;2400;1620
P192069201;P192069201_4;D;3600;0;0;4800;2400;1900
P192069201;P192069201_5;E;4800;0;0;6000;2400;1900
P192069201;P192069201_6;F;6000;0;0;7200;2400;1620
P192069201;P192069201_7;G;7200;0;0;8400;2400;1620
P192069201;P192069201_8;H;8400;0;0;9600;2400;1620
P192069201;P192069201_9;I;9600;0;0;10800;2400;2500
P192069201;P192069201_10;J;10800;0;0;12000;2400;2500
P192069201;P192069201_11;K;12000;0;0;13200;2400;2500
P192069319;P192069319_1;A;0;0;0;1200;2400;2500
P192069319;P192069319_2;B;1200;40;0;2400;2440;2500
P192069319;P192069319_3;C;2400;0;0;3600;2400;1900
P192069319;P192069319_4;D;3600;0;0;4800;2400;1900
P192069319;P192069319_5;E;4800;0;0;6000;2400;2500
P192069319;P192069319_6;F;6000;0;0;7200;2400;2500
P192069319;P192069319_7;G;7200;0;0;8400;2400;2500
P192069319;P192069319_8;H;8400;0;0;10200;1200;2400
P192069319;P192069319_9;I;8400;1240;0;10800;2440;2000
P192069319;P192069319_10;J;10200;0;0;12600;1200;2500
P192069319;P192069319_11;K;10800;1240;0;13200;2440;2500
P192069219;P192069219_1;A;0;0;0;1200;2400;2500
P192069219;P192069219_2;B;1200;40;0;2400;2440;2500
P192069219;P192069219_3;C;2400;0;0;3600;2400;1620
P192069219;P192069219_4;D;3600;0;0;4800;2400;1620
P192069219;P192069219_5;E;4800;0;0;6000;2400;2500
P192069219;P192069219_6;F;6000;0;0;7200;2400;2500
P192069219;P192069219_7;G;7200;0;0;8400;2400;2500
P192069219;P192069219_8;H;8400;0;0;9600;2400;2500
P192069219;P192069219_9;I;9600;0;0;10800;2400;1900
P192069219;P192069219_10;J;10800;0;0;12000;2400;2500
P192069219;P192069219_11;K;12000;0;0;13200;2400;2500
Q192069219_1;Q192069219_1_1;A;0;0;0;1200;2400;2500
Q192069219_1;Q192069219_1_2;B;1200;0;0;2400;2400;2500
Q192069219_1;Q192069219_1_3;C;2400;0;0;3600;2400;2500
Q192069219_1;Q192069219_1_4;D;3600;0;0;4800;2400;2500
Q192069219_1;Q192069219_1_5;E;4800;0;0;6000;2400;2500
Q192069219_1;Q192069219_1_6;F;6000;0;0;7200;2400;2500
Q192069219_1;Q192069219_1_7;G;7200;0;0;8400;2400;2500
Q192069219_1;Q192069219_1_8;H;8400;0;0;9600;2400;2500
Q192069219_1;Q192069219_1_9;I;9600;0;0;10800;2400;2500
Q192069219_1;Q192069219_1_10;J;10800;0;0;12000;2400;2855
Q192069219_1;Q192069219_1_11;K;12000;0;0;13200;2400;2500
P191069217;P191069217_1;A;0;0;0;1200;2400;1620
P191069217;P191069217_2;B;1200;40;0;2400;2440;1620
P191069217;P191069217_3;C;2400;0;0;3600;2400;1800
P191069217;P191069217_4;D;3600;0;0;4800;2400;2500
P191069217;P191069217_5;E;4800;0;0;6000;2400;2500
P191069217;P191069217_6;F;6000;0;0;7200;2400;2500
P191069217;P191069217_7;G;7200;0;0;8400;2400;1900
P191069217;P191069217_8;H;8400;0;0;9600;2400;2500
P191069217;P191069217_9;I;9600;0;0;10800;2400;2500
P191069217;P191069217_10;J;10800;0;0;12000;2400;2500
P191069217;P191069217_11;K;12000;0;0;13200;2400;2500
P191069215;P191069215_1;A;0;0;0;1200;2400;1620
P191069215;P191069215_2;B;1200;0;0;2400;2400;2500
P191069215;P191069215_3;C;2400;0;0;3600;2400;1450
P191069215;P191069215_4;D;3600;0;0;4800;2400;1620
P191069215;P191069215_5;E;4800;0;0;6000;2400;1900
P191069215;P191069215_6;F;6000;0;0;7200;2400;2500
P191069215;P191069215_7;G;7200;0;0;8400;2400;2500
P191069215;P191069215_8;H;8400;0;0;9600;2400;2500
P191069215;P191069215_9;I;9600;0;0;10800;2400;2500
P191069215;P191069215_10;J;10800;0;0;12000;2400;2500
P191069215;P191069215_11;K;12000;0;0;13200;2400;2500
P191069211;P191069211_1;A;0;0;0;1200;2400;2500
P191069211;P191069211_2;B;1200;0;0;2400;2400;2500
P191069211;P191069211_3;C;2400;0;0;3600;2400;2500
P191069211;P191069211_4;D;3600;0;0;4800;2400;2500
P191069211;P191069211_5;E;4800;0;0;6000;2400;2500
P191069211;P191069211_6;F;6000;0;0;7200;2400;2500
P191069211;P191069211_7;G;7200;0;0;8400;2400;2500
P191069211;P191069211_8;H;8400;0;0;9600;2400;2500
P191069211;P191069211_9;I;9600;0;0;10800;2400;2500
P191069211;P191069211_10;J;10800;0;0;12000;2400;2500
P191069211;P191069211_11;K;12000;0;0;13200;2400;1900
P191069207;P191069207_1;A;0;0;0;1200;2400;1620
P191069207;P191069207_2;B;1200;0;0;2400;2400;1620
P191069207;P191069207_3;C;2400;0;0;3600;2400;1900
P191069207;P191069207_4;D;3600;1240;0;5400;2440;2400
P191069207;P191069207_5;E;3600;0;0;6000;1200;2500
P191069207;P191069207_6;F;5400;1240;0;7800;2440;2500
P191069207;P191069207_7;G;6000;0;0;8400;1200;2500
P191069207;P191069207_8;H;7800;1240;0;10200;2440;2500
P191069207;P191069207_9;I;8400;0;0;10800;1200;2000
P191069207;P191069207_10;J;10200;1240;0;12600;2440;1900
P191069207;P191069207_11;K;10800;0;0;13200;1200;1900
P191069207;P191069207_12;L;12600;1660;0;13170;2440;478
P191069307;P191069307_1;A;0;0;0;1200;2400;2855
P191069307;P191069307_2;B;1200;0;0;2400;2400;2855
P191069307;P191069307_3;C;2400;0;0;3600;2400;2855
P191069307;P191069307_4;D;3600;0;0;4800;2400;2500
P191069307;P191069307_5;E;4800;0;0;6000;2400;2500
P191069307;P191069307_6;F;6000;0;0;7200;2400;2500
P191069307;P191069307_7;G;7200;0;0;8400;2400;2855
P191069307;P191069307_8;H;8400;0;0;9600;2400;2855
P191069307;P191069307_9;I;9600;0;0;10800;2400;2855
P191069307;P191069307_10;J;10800;0;0;12000;2400;1900
P191069307;P191069307_11;K;12000;0;0;13200;2400;1900
P191069305;P191069305_1;A;0;0;0;1200;2400;1900
P191069305;P191069305_2;B;1200;0;0;2400;2400;1900
P191069305;P191069305_3;C;2400;0;0;3600;2400;1900
P191069305;P191069305_4;D;3600;0;0;4800;2400;2500
P191069305;P191069305_5;E;4800;0;0;6000;2400;2500
P191069305;P191069305_6;F;6000;0;0;7200;2400;2500
P191069305;P191069305_7;G;7200;0;0;8400;2400;2500
P191069305;P191069305_8;H;8400;1240;0;10200;2440;2400
P191069305;P191069305_9;I;8400;0;0;10800;1200;2500
P191069305;P191069305_10;J;10200;1240;0;12600;2440;2500
P191069305;P191069305_11;K;10800;0;0;13200;1200;2500
P191069203;P191069203_1;A;0;0;0;1200;2400;1620
P191069203;P191069203_2;B;1200;40;0;2400;2440;1620
P191069203;P191069203_3;C;2400;0;0;3600;2400;1620
P191069203;P191069203_4;D;3600;0;0;4800;2400;1620
P191069203;P191069203_5;E;4800;0;0;6000;2400;1620
P191069203;P191069203_6;F;6000;0;0;7200;2400;2500
P191069203;P191069203_7;G;7200;0;0;8400;2400;2500
P191069203;P191069203_8;H;8400;0;0;9600;2400;2500
P191069203;P191069203_9;I;9600;0;0;10800;2400;2500
P191069203;P191069203_10;J;10800;0;0;12000;2400;2500
P191069203;P191069203_11;K;12000;0;0;13200;2400;2500
Q191069203_1;Q191069203_1_1;A;0;0;0;1200;2400;2500
Q191069203_1;Q191069203_1_2;B;1200;0;0;2400;2400;2500
Q191069203_1;Q191069203_1_3;C;2400;0;0;3600;2400;2500
Q191069203_1;Q191069203_1_4;D;3600;0;0;4800;2400;2500
Q191069203_1;Q191069203_1_5;E;4800;0;0;6000;2400;2500
Q191069203_1;Q191069203_1_6;F;6000;0;0;7200;2400;2500
Q191069203_1;Q191069203_1_7;G;7200;0;0;8400;2400;2500
Q191069203_1;Q191069203_1_8;H;8400;0;0;9600;2400;2500
Q191069203_1;Q191069203_1_9;I;9600;0;0;10800;2400;2500
Q191069203_1;Q191069203_1_10;J;10800;0;0;12000;2400;2500
Q191069203_1;Q191069203_1_11;K;12000;0;0;13200;2400;2500
P191069201;P191069201_1;A;0;0;0;1200;2400;2500
P191069201;P191069201_2;B;1200;40;0;2400;2440;2500
P191069201;P191069201_3;C;2400;0;0;3600;2400;2500
P191069201;P191069201_4;D;3600;40;0;4800;2440;2500
P191069201;P191069201_5;E;4800;0;0;6000;2400;2500
P191069201;P191069201_6;F;6000;0;0;7200;2400;2500
P191069201;P191069201_7;G;7200;0;0;8400;2400;2500
P191069201;P191069201_8;H;8400;0;0;9600;2400;2500
P191069201;P191069201_9;I;9600;0;0;10800;2400;1900
P191069201;P191069201_10;J;10800;0;0;12000;2400;2000
P191069201;P191069201_11;K;12000;0;0;13200;2400;2500
P189069255;P189069255_1;A;0;0;0;1200;2400;1620
P189069255;P189069255_2;B;1200;0;0;2400;2400;1620
P189069255;P189069255_3;C;2400;0;0;3600;2400;1620
P189069255;P189069255_4;D;3600;0;0;4800;2400;1620
P189069255;P189069255_5;E;4800;0;0;6000;2400;2500
P189069255;P189069255_6;F;6000;0;0;7200;2400;2500
P189069255;P189069255_7;G;7200;0;0;8400;2400;2500
P189069255;P189069255_8;H;8400;0;0;9600;2400;2500
P189069255;P189069255_9;I;9600;0;0;10800;2400;2500
P189069255;P189069255_10;J;10800;0;0;12000;2400;2500
P189069255;P189069255_11;K;12000;0;0;13200;2400;1450
P189069253;P189069253_1;A;0;0;0;1200;2400;2550
P189069253;P189069253_2;B;1200;40;0;2400;2440;1620
P189069253;P189069253_3;C;2400;0;0;3600;2400;2500
P189069253;P189069253_4;D;3600;0;0;4800;2400;2500
P189069253;P189069253_5;E;4800;0;0;6000;2400;2500
P189069253;P189069253_6;F;6000;0;0;7200;2400;2500
P189069253;P189069253_7;G;7200;0;0;8400;2400;2500
P189069253;P189069253_8;H;8400;0;0;9600;2400;2500
P189069253;P189069253_9;I;9600;0;0;10800;2400;1900
P189069253;P189069253_10;J;10800;0;0;12000;2400;2500
P189069253;P189069253_11;K;12000;0;0;13200;2400;1900
P189069251;P189069251_1;A;0;0;0;1200;2400;1620
P189069251;P189069251_2;B;1200;0;0;2400;2400;2500
P189069251;P189069251_3;C;2400;0;0;3600;2400;2500
P189069251;P189069251_4;D;3600;0;0;4800;2400;2500
P189069251;P189069251_5;E;4800;0;0;6000;2400;2500
P189069251;P189069251_6;F;6000;0;0;7200;2400;2500
P189069251;P189069251_7;G;7200;0;0;8400;2400;2500
P189069251;P189069251_8;H;8400;0;0;9600;2400;2500
P189069251;P189069251_9;I;9600;0;0;10800;2400;1800
P189069251;P189069251_10;J;10800;0;0;12000;2400;1620
P189069251;P189069251_11;K;12000;0;0;13200;2400;1620
P189069319;P189069319_1;A;0;0;0;1200;2400;2500
P189069319;P189069319_2;B;1200;0;0;2400;2400;2500
P189069319;P189069319_3;C;2400;0;0;3600;2400;2500
P189069319;P189069319_4;D;3600;0;0;4800;2400;2500
P189069319;P189069319_5;E;4800;0;0;6000;2400;2500
P189069319;P189069319_6;F;6000;0;0;7200;2400;2855
P189069319;P189069319_7;G;7200;0;0;8400;2400;2855
P189069319;P189069319_8;H;8400;0;0;9600;2400;2855
P189069319;P189069319_9;I;9600;0;0;10800;2400;2855
P189069319;P189069319_10;J;10800;0;0;12000;2400;2855
P189069319;P189069319_11;K;12000;0;0;13200;2400;1620
P189069219;P189069219_1;A;0;0;0;1200;2400;1620
P189069219;P189069219_2;B;1200;0;0;2400;2400;2500
P189069219;P189069219_3;C;2400;0;0;3600;2400;2500
P189069219;P189069219_4;D;3600;0;0;4800;2400;2500
P189069219;P189069219_5;E;4800;0;0;6000;2400;2500
P189069219;P189069219_6;F;6000;0;0;7200;2400;2500
P189069219;P189069219_7;G;7200;0;0;8400;2400;2500
P189069219;P189069219_8;H;8400;0;0;9600;2400;1900
P189069219;P189069219_9;I;9600;0;0;10800;2400;2000
P189069219;P189069219_10;J;10800;0;0;11370;780;478
P189069219;P189069219_11;K;10800;1240;0;13200;2440;1900
P189069219;P189069219_12;L;11370;0;0;13170;1200;2400
P188069217;P188069217_1;A;0;0;0;1200;2400;2500
P188069217;P188069217_2;B;1200;0;0;2400;2400;2500
P188069217;P188069217_3;C;2400;0;0;3600;2400;2500
P188069217;P188069217_4;D;3600;0;0;4800;2400;2500
P188069217;P188069217_5;E;4800;0;0;6000;2400;2500
P188069217;P188069217_6;F;6000;0;0;7200;2400;2500
P188069217;P188069217_7;G;7200;0;0;8400;2400;2500
P188069217;P188069217_8;H;8400;0;0;9600;2400;2500
P188069217;P188069217_9;I;9600;0;0;10800;2400;2500
P188069217;P188069217_10;J;10800;0;0;12000;2400;2500
P188069217;P188069217_11;K;12000;0;0;13200;2400;2500
P188069215;P188069215_1;A;0;0;0;1200;2400;1620
P188069215;P188069215_2;B;1200;0;0;2400;2400;1620
P188069215;P188069215_3;C;2400;0;0;3600;2400;2500
P188069215;P188069215_4;D;3600;0;0;4800;2400;1900
P188069215;P188069215_5;E;4800;0;0;6000;2400;2500
P188069215;P188069215_6;F;6000;0;0;7200;2400;1620
P188069215;P188069215_7;G;7200;0;0;8400;2400;2500
P188069215;P188069215_8;H;8400;0;0;9600;2400;2500
P188069215;P188069215_9;I;9600;0;0;10800;2400;2500
P188069215;P188069215_10;J;10800;0;0;12000;2400;2500
P188069215;P188069215_11;K;12000;0;0;13200;2400;2500
P188069211;P188069211_1;A;0;0;0;1200;2400;2500
P188069211;P188069211_2;B;1200;0;0;2400;2400;2500
P188069211;P188069211_3;C;2400;0;0;3600;2400;2500
P188069211;P188069211_4;D;3600;0;0;4800;2400;2500
P188069211;P188069211_5;E;4800;0;0;6000;2400;2500
P188069211;P188069211_6;F;6000;0;0;7200;2400;2500
P188069211;P188069211_7;G;7200;0;0;8400;2400;2500
P188069211;P188069211_8;H;8400;0;0;9600;2400;1900
P188069211;P188069211_9;I;9600;0;0;10800;2400;2500
P188069211;P188069211_10;J;10800;0;0;12000;2400;2000
P188069211;P188069211_11;K;12000;0;0;13200;2400;2000
P188069207;P188069207_1;A;0;0;0;1200;2400;1620
P188069207;P188069207_2;B;1200;0;0;2400;2400;1620
P188069207;P188069207_3;C;2400;0;0;3600;2400;1620
P188069207;P188069207_4;D;3600;0;0;4800;2400;1620
P188069207;P188069207_5;E;4800;0;0;6000;2400;2500
P188069207;P188069207_6;F;6000;0;0;7200;2400;2500
P188069207;P188069207_7;G;7200;0;0;8400;2400;2500
P188069207;P188069207_8;H;8400;0;0;9600;2400;2500
P188069207;P188069207_9;I;9600;0;0;10800;2400;2500
P188069207;P188069207_10;J;10800;0;0;12000;2400;2500
P188069207;P188069207_11;K;12000;0;0;13200;2400;2500
P188069307;P188069307_1;A;0;0;0;1200;2400;2500
P188069307;P188069307_2;B;1200;0;0;2400;2400;2500
P188069307;P188069307_3;C;2400;0;0;3600;2400;2500
P188069307;P188069307_4;D;3600;0;0;4800;2400;2500
P188069307;P188069307_5;E;4800;0;0;6000;2400;2855
P188069307;P188069307_6;F;6000;0;0;7200;2400;2855
P188069307;P188069307_7;G;7200;0;0;8400;2400;2855
P188069307;P188069307_8;H;8400;0;0;9600;2400;2855
P188069307;P188069307_9;I;9600;0;0;10800;2400;2500
P188069307;P188069307_10;J;10800;0;0;12000;2400;2500
P188069307;P188069307_11;K;12000;0;0;13200;2400;2500
P188069305;P188069305_1;A;0;0;0;1200;2400;2500
P188069305;P188069305_2;B;1200;0;0;2400;2400;2500
P188069305;P188069305_3;C;2400;0;0;3600;2400;1900
P188069305;P188069305_4;D;3600;0;0;4800;2400;1900
P188069305;P188069305_5;E;4800;0;0;6000;2400;1900
P188069305;P188069305_6;F;6000;0;0;6570;780;478
P188069305;P188069305_7;G;6000;1240;0;8400;2440;2500
P188069305;P188069305_8;H;6570;0;0;8970;1200;2500
P188069305;P188069305_9;I;8400;1240;0;10800;2440;2500
P188069305;P188069305_10;J;8970;0;0;11370;1200;2500
P188069305;P188069305_11;K;10800;1240;0;13200;2440;1900
P188069305;P188069305_12;L;11370;0;0;13170;1200;2400
P188069203;P188069203_1;A;0;0;0;1200;2400;2000
P188069203;P188069203_2;B;1200;0;0;2400;2400;1620
P188069203;P188069203_3;C;2400;0;0;3600;2400;1620
P188069203;P188069203_4;D;3600;0;0;4800;2400;1620
P188069203;P188069203_5;E;4800;0;0;6000;2400;2000
P188069203;P188069203_6;F;6000;0;0;7200;2400;2500
P188069203;P188069203_7;G;7200;0;0;8400;2400;2500
P188069203;P188069203_8;H;8400;0;0;9600;2400;2500
P188069203;P188069203_9;I;9600;0;0;10800;2400;2500
P188069203;P188069203_10;J;10800;0;0;12000;2400;2500
P188069203;P188069203_11;K;12000;0;0;13200;2400;2500
P188069201;P188069201_1;A;0;0;0;1200;2400;2500
P188069201;P188069201_2;B;1200;0;0;2400;2400;2500
P188069201;P188069201_3;C;2400;0;0;3600;2400;2855
P188069201;P188069201_4;D;3600;0;0;4800;2400;2500
P188069201;P188069201_5;E;4800;0;0;6000;2400;2500
P188069201;P188069201_6;F;6000;0;0;7200;2400;2500
P188069201;P188069201_7;G;7200;0;0;8400;2400;2500
P188069201;P188069201_8;H;8400;0;0;9600;2400;1900
P188069201;P188069201_9;I;9600;0;0;10800;2400;1900
P188069201;P188069201_10;J;10800;0;0;12000;2400;2500
P188069201;P188069201_11;K;12000;0;0;13200;2400;2500
P188069319;P188069319_1;A;0;0;0;1200;2400;2000
P188069319;P188069319_2;B;1200;0;0;2400;2400;1900
P188069319;P188069319_3;C;2400;0;0;3600;2400;1900
P188069319;P188069319_4;D;3600;0;0;4800;2400;2500
P188069319;P188069319_5;E;4800;0;0;6000;2400;2500
P188069319;P188069319_6;F;6000;0;0;7200;2400;2500
P188069319;P188069319_7;G;7200;0;0;8400;2400;2500
P188069319;P188069319_8;H;8400;0;0;9600;2400;2500
P188069319;P188069319_9;I;9600;0;0;10800;2400;2500
P188069319;P188069319_10;J;10800;0;0;12000;2400;1620
P188069319;P188069319_11;K;12000;0;0;13200;2400;1620
P188069219;P188069219_1;A;0;0;0;1200;2400;2500
P188069219;P188069219_2;B;1200;0;0;2400;2400;2500
P188069219;P188069219_3;C;2400;0;0;3600;2400;2500
P188069219;P188069219_4;D;3600;0;0;4800;2400;1620
P188069219;P188069219_5;E;4800;0;0;6000;2400;2500
P188069219;P188069219_6;F;6000;0;0;7200;2400;2500
P188069219;P188069219_7;G;7200;0;0;8400;2400;2500
P188069219;P188069219_8;H;8400;0;0;9600;2400;2500
P188069219;P188069219_9;I;9600;0;0;10800;2400;1900
P188069219;P188069219_10;J;10800;0;0;12000;2400;2000
P188069219;P188069219_11;K;12000;0;0;13200;2400;1900
P187069217;P187069217_1;A;0;0;0;1200;2400;1800
P187069217;P187069217_2;B;1200;0;0;2400;2400;1620
P187069217;P187069217_3;C;2400;0;0;3600;2400;1620
P187069217;P187069217_4;D;3600;0;0;4800;2400;1620
P187069217;P187069217_5;E;4800;0;0;6000;2400;2500
P187069217;P187069217_6;F;6000;0;0;7200;2400;2500
P187069217;P187069217_7;G;7200;0;0;8400;2400;2500
P187069217;P187069217_8;H;8400;0;0;9600;2400;2500
P187069217;P187069217_9;I;9600;0;0;10800;2400;2500
P187069217;P187069217_10;J;10800;0;0;12000;2400;2500
P187069217;P187069217_11;K;12000;0;0;13200;2400;2500
P187069215;P187069215_1;A;0;0;0;1200;2400;1620
P187069215;P187069215_2;B;1200;40;0;2400;2440;1620
P187069215;P187069215_3;C;2400;0;0;3600;2400;2500
P187069215;P187069215_4;D;3600;0;0;4800;2400;2500
P187069215;P187069215_5;E;4800;0;0;6000;2400;2500
P187069215;P187069215_6;F;6000;0;0;7200;2400;2500
P187069215;P187069215_7;G;7200;0;0;8400;2400;2500
P187069215;P187069215_8;H;8400;0;0;9600;2400;2500
P187069215;P187069215_9;I;9600;0;0;10800;2400;2500
P187069215;P187069215_10;J;10800;0;0;12000;2400;2500
P187069215;P187069215_11;K;12000;0;0;13200;2400;1900
P187069211;P187069211_1;A;0;0;0;1200;2400;1620
P187069211;P187069211_2;B;1200;0;0;2400;2400;1900
P187069211;P187069211_3;C;2400;0;0;3600;2400;2500
P187069211;P187069211_4;D;3600;0;0;4800;2400;2500
P187069211;P187069211_5;E;4800;0;0;6000;2400;2500
P187069211;P187069211_6;F;6000;0;0;7200;2400;2500
P187069211;P187069211_7;G;7200;0;0;8400;2400;2500
P187069211;P187069211_8;H;8400;0;0;9600;2400;2500
P187069211;P187069211_9;I;9600;0;0;10800;2400;2500
P187069211;P187069211_10;J;10800;0;0;12000;2400;2500
P187069211;P187069211_11;K;12000;0;0;13200;2400;2500
P187069207;P187069207_1;A;0;0;0;1200;2400;2500
P187069207;P187069207_2;B;1200;0;0;2400;2400;2500
P187069207;P187069207_3;C;2400;0;0;3600;2400;2500
P187069207;P187069207_4;D;3600;0;0;4800;2400;2500
P187069207;P187069207_5;E;4800;0;0;6000;2400;2500
P187069207;P187069207_6;F;6000;0;0;7200;2400;2500
P187069207;P187069207_7;G;7200;0;0;8400;2400;2000
P187069207;P187069207_8;H;8400;0;0;9600;2400;2500
P187069207;P187069207_9;I;9600;0;0;10800;2400;2500
P187069207;P187069207_10;J;10800;0;0;12000;2400;2500
P187069207;P187069207_11;K;12000;0;0;13200;2400;2500
P187069307;P187069307_1;A;0;0;0;1200;2400;2855
P187069307;P187069307_2;B;1200;0;0;2400;2400;2855
P187069307;P187069307_3;C;2400;0;0;3600;2400;2855
P187069307;P187069307_4;D;3600;0;0;4800;2400;2855
P187069307;P187069307_5;E;4800;0;0;6000;2400;2500
P187069307;P187069307_6;F;6000;0;0;7200;2400;2500
P187069307;P187069307_7;G;7200;0;0;8400;2400;2855
P187069307;P187069307_8;H;8400;0;0;9600;2400;2855
P187069307;P187069307_9;I;9600;0;0;10800;2400;2855
P187069307;P187069307_10;J;10800;0;0;12000;2400;1900
P187069307;P187069307_11;K;12000;0;0;13200;2400;1900
Q187069307_1;Q187069307_1_1;A;0;0;0;1200;2400;2500
Q187069307_1;Q187069307_1_2;B;1200;40;0;2400;2440;2500
Q187069307_1;Q187069307_1_3;C;2400;0;0;3600;2400;2500
Q187069307_1;Q187069307_1_4;D;3600;40;0;4800;2440;2500
Q187069307_1;Q187069307_1_5;E;4800;0;0;6000;2400;2500
Q187069307_1;Q187069307_1_6;F;6000;0;0;7200;2400;2855
Q187069307_1;Q187069307_1_7;G;7200;0;0;8400;2400;2500
Q187069307_1;Q187069307_1_8;H;8400;0;0;9600;2400;2500
Q187069307_1;Q187069307_1_9;I;9600;0;0;10800;2400;2500
Q187069307_1;Q187069307_1_10;J;10800;0;0;12000;2400;2500
Q187069307_1;Q187069307_1_11;K;12000;0;0;13200;2400;2500
P187069305;P187069305_1;A;0;0;0;1200;2400;2500
P187069305;P187069305_2;B;1200;0;0;2400;2400;2500
P187069305;P187069305_3;C;2400;0;0;3600;2400;2500
P187069305;P187069305_4;D;3600;0;0;4800;2400;2500
P187069305;P187069305_5;E;4800;0;0;6000;2400;2500
P187069305;P187069305_6;F;6000;0;0;7200;2400;2500
P187069305;P187069305_7;G;7200;0;0;8400;2400;2500
P187069305;P187069305_8;H;8400;0;0;9600;2400;2500
P187069305;P187069305_9;I;9600;0;0;10800;2400;2500
P187069305;P187069305_10;J;10800;0;0;12000;2400;1900
P187069305;P187069305_11;K;12000;0;0;13200;2400;1900
P187069203;P187069203_1;A;0;0;0;1200;2400;1800
P187069203;P187069203_2;B;1200;0;0;2400;2400;1620
P187069203;P187069203_3;C;2400;0;0;3600;2400;1620
P187069203;P187069203_4;D;3600;0;0;4800;2400;1620
P187069203;P187069203_5;E;4800;0;0;6000;2400;1620
P187069203;P187069203_6;F;6000;0;0;7200;2400;1620
P187069203;P187069203_7;G;7200;0;0;9000;1200;2400
P187069203;P187069203_8;H;7200;1240;0;9600;2440;1900
P187069203;P187069203_9;I;9000;0;0;11400;1200;2000
P187069203;P187069203_10;J;9600;1240;0;12000;2440;2500
P187069203;P187069203_11;K;11400;0;0;11970;780;478
P187069203;P187069203_12;L;12000;0;0;13200;2400;2500
P187069201;P187069201_1;A;0;0;0;1200;2400;1900
P187069201;P187069201_2;B;1200;0;0;2400;2400;2500
P187069201;P187069201_3;C;2400;0;0;3600;2400;2500
P187069201;P187069201_4;D;3600;0;0;4800;2400;2500
P187069201;P187069201_5;E;4800;0;0;6000;2400;1620
P187069201;P187069201_6;F;6000;0;0;7200;2400;1900
P187069201;P187069201_7;G;7200;0;0;8400;2400;1900
P187069201;P187069201_8;H;8400;0;0;9600;2400;2500
P187069201;P187069201_9;I;9600;0;0;10800;2400;2500
P187069201;P187069201_10;J;10800;0;0;12000;2400;2500
P187069201;P187069201_11;K;12000;0;0;13200;2400;2500
P187069319;P187069319_1;A;0;0;0;1200;2400;2500
P187069319;P187069319_2;B;1200;40;0;2400;2440;2500
P187069319;P187069319_3;C;2400;0;0;3600;2400;2500
P187069319;P187069319_4;D;3600;0;0;4800;2400;2500
P187069319;P187069319_5;E;4800;0;0;6000;2400;2500
P187069319;P187069319_6;F;6000;0;0;7200;2400;2500
P187069319;P187069319_7;G;7200;0;0;8400;2400;2500
P187069319;P187069319_8;H;8400;0;0;9600;2400;2550
P187069319;P187069319_9;I;9600;0;0;10800;2400;1800
P187069319;P187069319_10;J;10800;0;0;12000;2400;1900
P187069319;P187069319_11;K;12000;0;0;13200;2400;2500
P187069219;P187069219_1;A;0;0;0;1200;2400;2500
P187069219;P187069219_2;B;1200;40;0;2400;2440;2500
P187069219;P187069219_3;C;2400;0;0;3600;2400;2500
P187069219;P187069219_4;D;3600;40;0;4800;2440;2500
P187069219;P187069219_5;E;4800;0;0;6000;2400;2500
P187069219;P187069219_6;F;6000;0;0;7200;2400;2500
P187069219;P187069219_7;G;7200;0;0;8400;2400;2500
P187069219;P187069219_8;H;8400;0;0;9600;2400;2500
P187069219;P187069219_9;I;9600;0;0;10800;2400;2500
P187069219;P187069219_10;J;10800;0;0;12000;2400;1900
P187069219;P187069219_11;K;12000;0;0;13200;2400;2500
P186069217;P186069217_1;A;0;0;0;1200;2400;1620
P186069217;P186069217_2;B;1200;40;0;2400;2440;1620
P186069217;P186069217_3;C;2400;0;0;3600;2400;2000
P186069217;P186069217_4;D;3600;0;0;4800;2400;1620
P186069217;P186069217_5;E;4800;0;0;6000;2400;1620
P186069217;P186069217_6;F;6000;0;0;7200;2400;1900
P186069217;P186069217_7;G;7200;0;0;8400;2400;1900
P186069217;P186069217_8;H;8400;0;0;10200;1200;2400
P186069217;P186069217_9;I;8400;1240;0;10800;2440;2500
P186069217;P186069217_10;J;10200;0;0;12600;1200;2500
P186069217;P186069217_11;K;10800;1240;0;13200;2440;2500
P186069215;P186069215_1;A;0;0;0;1200;2400;2500
P186069215;P186069215_2;B;1200;0;0;2400;2400;1620
P186069215;P186069215_3;C;2400;0;0;3600;2400;1620
P186069215;P186069215_4;D;3600;0;0;4800;2400;1900
P186069215;P186069215_5;E;4800;0;0;6000;2400;1900
P186069215;P186069215_6;F;6000;0;0;7200;2400;2000
P186069215;P186069215_7;G;7200;0;0;8400;2400;1900
P186069215;P186069215_8;H;8400;0;0;9600;2400;2500
P186069215;P186069215_9;I;9600;0;0;10800;2400;2500
P186069215;P186069215_10;J;10800;0;0;12000;2400;2500
P186069215;P186069215_11;K;12000;0;0;13200;2400;2500
P186069211;P186069211_1;A;0;0;0;1200;2400;2500
P186069211;P186069211_2;B;1200;0;0;2400;2400;2500
P186069211;P186069211_3;C;2400;0;0;3600;2400;2500
P186069211;P186069211_4;D;3600;0;0;4800;2400;2500
P186069211;P186069211_5;E;4800;0;0;6000;2400;2500
P186069211;P186069211_6;F;6000;0;0;7200;2400;2500
P186069211;P186069211_7;G;7200;0;0;8400;2400;2500
P186069211;P186069211_8;H;8400;0;0;9600;2400;2500
P186069211;P186069211_9;I;9600;0;0;10800;2400;1620
P186069211;P186069211_10;J;10800;0;0;12000;2400;2500
P186069211;P186069211_11;K;12000;0;0;13200;2400;2500
P186069207;P186069207_1;A;0;0;0;1200;2400;2500
P186069207;P186069207_2;B;1200;0;0;2400;2400;2500
P186069207;P186069207_3;C;2400;0;0;3600;2400;2500
P186069207;P186069207_4;D;3600;0;0;4800;2400;2500
P186069207;P186069207_5;E;4800;0;0;6000;2400;2500
P186069207;P186069207_6;F;6000;0;0;7200;2400;2500
P186069207;P186069207_7;G;7200;0;0;8400;2400;2500
P186069207;P186069207_8;H;8400;0;0;9600;2400;2500
P186069207;P186069207_9;I;9600;0;0;10800;2400;2500
P186069207;P186069207_10;J;10800;0;0;12000;2400;2500
P186069207;P186069207_11;K;12000;0;0;13200;2400;2500
P186069307;P186069307_1;A;0;0;0;1200;2400;2855
P186069307;P186069307_2;B;1200;0;0;2400;2400;2855
P186069307;P186069307_3;C;2400;0;0;3600;2400;2855
P186069307;P186069307_4;D;3600;0;0;4800;2400;2855
P186069307;P186069307_5;E;4800;0;0;6000;2400;2855
P186069307;P186069307_6;F;6000;0;0;7200;2400;2500
P186069307;P186069307_7;G;7200;0;0;8400;2400;2500
P186069307;P186069307_8;H;8400;0;0;9600;2400;2855
P186069307;P186069307_9;I;9600;0;0;10800;2400;2855
P186069307;P186069307_10;J;10800;0;0;12000;2400;2855
P186069307;P186069307_11;K;12000;0;0;13200;2400;1900
Q186069307_1;Q186069307_1_1;A;0;0;0;1200;2400;2855
Q186069307_1;Q186069307_1_2;B;1200;0;0;2400;2400;2500
Q186069307_1;Q186069307_1_3;C;2400;0;0;3600;2400;2500
Q186069307_1;Q186069307_1_4;D;3600;0;0;4800;2400;2500
Q186069307_1;Q186069307_1_5;E;4800;0;0;6000;2400;2500
Q186069307_1;Q186069307_1_6;F;6000;0;0;7200;2400;2500
Q186069307_1;Q186069307_1_7;G;7200;0;0;8400;2400;2500
Q186069307_1;Q186069307_1_8;H;8400;0;0;9600;2400;2500
Q186069307_1;Q186069307_1_9;I;9600;0;0;10800;2400;2500
Q186069307_1;Q186069307_1_10;J;10800;0;0;12000;2400;2500
Q186069307_1;Q186069307_1_11;K;12000;0;0;13200;2400;2500
Q186069307_2;Q186069307_2_1;A;0;0;0;1200;2400;2500
Q186069307_2;Q186069307_2_2;B;1200;40;0;2400;2440;2500
Q186069307_2;Q186069307_2_3;C;2400;0;0;3600;2400;2500
Q186069307_2;Q186069307_2_4;D;3600;0;0;4800;2400;2500
Q186069307_2;Q186069307_2_5;E;4800;0;0;6000;2400;2500
Q186069307_2;Q186069307_2_6;F;6000;0;0;7200;2400;2500
Q186069307_2;Q186069307_2_7;G;7200;0;0;8400;2400;2500
Q186069307_2;Q186069307_2_8;H;8400;0;0;9600;2400;2855
Q186069307_2;Q186069307_2_9;I;9600;0;0;10800;2400;2855
Q186069307_2;Q186069307_2_10;J;10800;0;0;12000;2400;2855
Q186069307_2;Q186069307_2_11;K;12000;0;0;13200;2400;2855
P186069305;P186069305_1;A;0;0;0;1200;2400;2500
P186069305;P186069305_2;B;1200;0;0;2400;2400;2500
P186069305;P186069305_3;C;2400;0;0;3600;2400;2500
P186069305;P186069305_4;D;3600;0;0;4800;2400;1900
P186069305;P186069305_5;E;4800;0;0;6000;2400;2500
P186069305;P186069305_6;F;6000;0;0;7200;2400;2500
P186069305;P186069305_7;G;7200;0;0;8400;2400;2500
P186069305;P186069305_8;H;8400;0;0;9600;2400;2500
P186069305;P186069305_9;I;9600;0;0;10800;2400;2500
P186069305;P186069305_10;J;10800;0;0;12000;2400;1900
P186069305;P186069305_11;K;12000;0;0;13200;2400;1900
P186069203;P186069203_1;A;0;0;0;1200;2400;1620
P186069203;P186069203_2;B;1200;0;0;2400;2400;1620
P186069203;P186069203_3;C;2400;0;0;3600;2400;1800
P186069203;P186069203_4;D;3600;0;0;4800;2400;1620
P186069203;P186069203_5;E;4800;0;0;6000;2400;2000
P186069203;P186069203_6;F;6000;0;0;7800;1200;2400
P186069203;P186069203_7;G;6000;1240;0;8400;2440;1620
P186069203;P186069203_8;H;7800;0;0;10200;1200;1620
P186069203;P186069203_9;I;8400;1240;0;10800;2440;1900
P186069203;P186069203_10;J;10200;0;0;12600;1200;2500
P186069203;P186069203_11;K;10800;1240;0;13200;2440;2500
P186069201;P186069201_1;A;0;0;0;1200;2400;1900
P186069201;P186069201_2;B;1200;0;0;2400;2400;2500
P186069201;P186069201_3;C;2400;0;0;3600;2400;2500
P186069201;P186069201_4;D;3600;0;0;4800;2400;2500
P186069201;P186069201_5;E;4800;0;0;6000;2400;1620
P186069201;P186069201_6;F;6000;0;0;7200;2400;1900
P186069201;P186069201_7;G;7200;0;0;8400;2400;1900
P186069201;P186069201_8;H;8400;0;0;9600;2400;1620
P186069201;P186069201_9;I;9600;0;0;10800;2400;1620
P186069201;P186069201_10;J;10800;0;0;12000;2400;2500
P186069201;P186069201_11;K;12000;0;0;13200;2400;2500
P186069319;P186069319_1;A;0;0;0;1200;2400;1900
P186069319;P186069319_2;B;1200;0;0;2400;2400;1900
P186069319;P186069319_3;C;2400;0;0;3600;2400;2500
P186069319;P186069319_4;D;3600;0;0;4800;2400;2500
P186069319;P186069319_5;E;4800;0;0;6000;2400;2500
P186069319;P186069319_6;F;6000;0;0;7200;2400;2500
P186069319;P186069319_7;G;7200;0;0;8400;2400;2500
P186069319;P186069319_8;H;8400;0;0;9600;2400;2500
P186069319;P186069319_9;I;9600;0;0;10800;2400;2500
P186069319;P186069319_10;J;10800;0;0;12000;2400;2500
P186069319;P186069319_11;K;12000;0;0;13200;2400;2500
P186069219;P186069219_1;A;0;0;0;1200;2400;1620
P186069219;P186069219_2;B;1200;0;0;2400;2400;1620
P186069219;P186069219_3;C;2400;1240;0;4200;2440;2400
P186069219;P186069219_4;D;2400;0;0;4800;1200;1800
P186069219;P186069219_5;E;4200;1240;0;6600;2440;2500
P186069219;P186069219_6;F;4800;0;0;7200;1200;2500
P186069219;P186069219_7;G;6600;1240;0;9000;2440;2500
P186069219;P186069219_8;H;7200;0;0;9600;1200;2500
P186069219;P186069219_9;I;9000;1240;0;11400;2440;2500
P186069219;P186069219_10;J;9600;0;0;12000;1200;1900
P186069219;P186069219_11;K;12000;40;0;13200;2440;1900
P185069217;P185069217_1;A;0;0;0;1200;2400;2500
P185069217;P185069217_2;B;1200;0;0;2400;2400;2500
P185069217;P185069217_3;C;2400;0;0;3600;2400;2500
P185069217;P185069217_4;D;3600;0;0;4800;2400;2500
P185069217;P185069217_5;E;4800;0;0;6000;2400;2500
P185069217;P185069217_6;F;6000;0;0;7200;2400;2500
P185069217;P185069217_7;G;7200;0;0;8400;2400;2500
P185069217;P185069217_8;H;8400;0;0;9600;2400;2500
P185069217;P185069217_9;I;9600;0;0;10800;2400;2500
P185069217;P185069217_10;J;10800;0;0;12000;2400;2500
P185069217;P185069217_11;K;12000;0;0;13200;2400;2550
P185069215;P185069215_1;A;0;0;0;1200;2400;1620
P185069215;P185069215_2;B;1200;0;0;2400;2400;2500
P185069215;P185069215_3;C;2400;0;0;3600;2400;1620
P185069215;P185069215_4;D;3600;0;0;4800;2400;2500
P185069215;P185069215_5;E;4800;0;0;6000;2400;2500
P185069215;P185069215_6;F;6000;0;0;7200;2400;2500
P185069215;P185069215_7;G;7200;0;0;8400;2400;2500
P185069215;P185069215_8;H;8400;0;0;9600;2400;1900
P185069215;P185069215_9;I;9600;0;0;10800;2400;2500
P185069215;P185069215_10;J;10800;0;0;12000;2400;2500
P185069215;P185069215_11;K;12000;0;0;13200;2400;2500
P185069211;P185069211_1;A;0;0;0;1200;2400;2500
P185069211;P185069211_2;B;1200;0;0;2400;2400;2500
P185069211;P185069211_3;C;2400;0;0;3600;2400;2500
P185069211;P185069211_4;D;3600;0;0;4800;2400;2500
P185069211;P185069211_5;E;4800;0;0;6000;2400;2500
P185069211;P185069211_6;F;6000;0;0;7200;2400;2500
P185069211;P185069211_7;G;7200;0;0;8400;2400;2500
P185069211;P185069211_8;H;8400;0;0;9600;2400;2000
P185069211;P185069211_9;I;9600;0;0;10800;2400;1900
P185069211;P185069211_10;J;10800;0;0;12000;2400;1900
P185069211;P185069211_11;K;12000;0;0;13200;2400;1620
P185069207;P185069207_1;A;0;0;0;1200;2400;1620
P185069207;P185069207_2;B;1200;0;0;2400;2400;2500
P185069207;P185069207_3;C;2400;0;0;3600;2400;1620
P185069207;P185069207_4;D;3600;0;0;4800;2400;2500
P185069207;P185069207_5;E;4800;0;0;6000;2400;1900
P185069207;P185069207_6;F;6000;0;0;7200;2400;2500
P185069207;P185069207_7;G;7200;0;0;8400;2400;2500
P185069207;P185069207_8;H;8400;0;0;9600;2400;2500
P185069207;P185069207_9;I;9600;0;0;10800;2400;2500
P185069207;P185069207_10;J;10800;0;0;12000;2400;2500
P185069207;P185069207_11;K;12000;0;0;13200;2400;2500
P185069307;P185069307_1;A;0;0;0;1200;2400;2855
P185069307;P185069307_2;B;1200;0;0;2400;2400;2500
P185069307;P185069307_3;C;2400;0;0;3600;2400;2500
P185069307;P185069307_4;D;3600;0;0;4800;2400;2500
P185069307;P185069307_5;E;4800;0;0;6000;2400;2855
P185069307;P185069307_6;F;6000;0;0;7200;2400;2855
P185069307;P185069307_7;G;7200;0;0;8400;2400;2855
P185069307;P185069307_8;H;8400;0;0;9600;2400;2500
P185069307;P185069307_9;I;9600;0;0;10800;2400;2500
P185069307;P185069307_10;J;10800;0;0;12000;2400;2500
P185069307;P185069307_11;K;12000;0;0;13200;2400;2500
P185069305;P185069305_1;A;0;0;0;1200;2400;1900
P185069305;P185069305_2;B;1200;0;0;2400;2400;1900
P185069305;P185069305_3;C;2400;0;0;4200;1200;2400
P185069305;P185069305_4;D;2400;1240;0;4800;2440;1740
P185069305;P185069305_5;E;4200;0;0;6600;1200;2500
P185069305;P185069305_6;F;4800;1240;0;7200;2440;2500
P185069305;P185069305_7;G;6600;0;0;9000;1200;2500
P185069305;P185069305_8;H;7200;1240;0;9600;2440;2500
P185069305;P185069305_9;I;9000;0;0;11400;1200;1900
P185069305;P185069305_10;J;9600;1240;0;12000;2440;2500
P185069305;P185069305_11;K;12000;0;0;13200;2400;2500
P185069203;P185069203_1;A;0;0;0;1200;2400;1620
P185069203;P185069203_2;B;1200;0;0;2400;2400;1800
P185069203;P185069203_3;C;2400;0;0;3600;2400;1620
P185069203;P185069203_4;D;3600;0;0;4800;2400;2500
P185069203;P185069203_5;E;4800;0;0;6000;2400;2500
P185069203;P185069203_6;F;6000;0;0;7200;2400;2500
P185069203;P185069203_7;G;7200;0;0;8400;2400;2500
P185069203;P185069203_8;H;8400;0;0;9600;2400;1900
P185069203;P185069203_9;I;9600;0;0;10800;2400;1900
P185069203;P185069203_10;J;10800;0;0;12000;2400;2500
P185069203;P185069203_11;K;12000;0;0;13200;2400;2500
P185069201;P185069201_1;A;0;0;0;1200;2400;1620
P185069201;P185069201_2;B;1200;0;0;2400;2400;1620
P185069201;P185069201_3;C;2400;0;0;3600;2400;2500
P185069201;P185069201_4;D;3600;0;0;4800;2400;2500
P185069201;P185069201_5;E;4800;0;0;6000;2400;2500
P185069201;P185069201_6;F;6000;0;0;7200;2400;2500
P185069201;P185069201_7;G;7200;0;0;8400;2400;2500
P185069201;P185069201_8;H;8400;0;0;9600;2400;2500
P185069201;P185069201_9;I;9600;0;0;10800;2400;2500
P185069201;P185069201_10;J;10800;0;0;12000;2400;2500
P185069201;P185069201_11;K;12000;0;0;13200;2400;2500
P185069319;P185069319_1;A;0;0;0;1200;2400;1620
P185069319;P185069319_2;B;1200;0;0;2400;2400;1800
P185069319;P185069319_3;C;2400;0;0;3600;2400;2500
P185069319;P185069319_4;D;3600;0;0;4800;2400;1900
P185069319;P185069319_5;E;4800;0;0;6000;2400;1900
P185069319;P185069319_6;F;6000;0;0;7200;2400;2855
P185069319;P185069319_7;G;7200;0;0;8400;2400;2855
P185069319;P185069319_8;H;8400;0;0;9600;2400;2500
P185069319;P185069319_9;I;9600;0;0;10800;2400;2500
P185069319;P185069319_10;J;10800;0;0;12000;2400;2855
P185069319;P185069319_11;K;12000;0;0;13200;2400;2855
P185069219;P185069219_1;A;0;0;0;1200;2400;2500
P185069219;P185069219_2;B;1200;0;0;2400;2400;2500
P185069219;P185069219_3;C;2400;0;0;3600;2400;2500
P185069219;P185069219_4;D;3600;0;0;4800;2400;2855
P185069219;P185069219_5;E;4800;0;0;6000;2400;2855
P185069219;P185069219_6;F;6000;0;0;7200;2400;2500
P185069219;P185069219_7;G;7200;0;0;8400;2400;2500
P185069219;P185069219_8;H;8400;0;0;9600;2400;2500
P185069219;P185069219_9;I;9600;1240;0;11400;2440;2400
P185069219;P185069219_10;J;9600;0;0;12000;1200;1900
P185069219;P185069219_11;K;11400;1660;0;11970;2440;1340
P185069219;P185069219_12;L;12000;40;0;13200;2440;1620
Q185069219_1;Q185069219_1_1;A;0;0;0;1200;2400;2500
Q185069219_1;Q185069219_1_2;B;1200;0;0;2400;2400;2855
Q185069219_1;Q185069219_1_3;C;2400;0;0;3600;2400;2500
Q185069219_1;Q185069219_1_4;D;3600;0;0;4800;2400;2500
Q185069219_1;Q185069219_1_5;E;4800;0;0;6000;2400;2500
Q185069219_1;Q185069219_1_6;F;6000;0;0;7200;2400;2500
Q185069219_1;Q185069219_1_7;G;7200;0;0;8400;2400;2500
Q185069219_1;Q185069219_1_8;H;8400;0;0;9600;2400;2500
Q185069219_1;Q185069219_1_9;I;9600;0;0;10800;2400;2500
Q185069219_1;Q185069219_1_10;J;10800;0;0;12000;2400;1620
Q185069219_1;Q185069219_1_11;K;12000;0;0;13200;2400;2500
P184069217;P184069217_1;A;0;0;0;1200;2400;1900
P184069217;P184069217_2;B;1200;0;0;2400;2400;2500
P184069217;P184069217_3;C;2400;0;0;3600;2400;2500
P184069217;P184069217_4;D;3600;0;0;4800;2400;2500
P184069217;P184069217_5;E;4800;0;0;6000;2400;1620
P184069217;P184069217_6;F;6000;0;0;7200;2400;2500
P184069217;P184069217_7;G;7200;0;0;8400;2400;2500
P184069217;P184069217_8;H;8400;0;0;9600;2400;2500
P184069217;P184069217_9;I;9600;0;0;10800;2400;2500
P184069217;P184069217_10;J;10800;0;0;12000;2400;2500
P184069217;P184069217_11;K;12000;0;0;13200;2400;2500
P184069215;P184069215_1;A;0;0;0;1200;2400;2500
P184069215;P184069215_2;B;1200;0;0;2400;2400;2500
P184069215;P184069215_3;C;2400;0;0;3600;2400;2500
P184069215;P184069215_4;D;3600;0;0;4800;2400;1900
P184069215;P184069215_5;E;4800;0;0;6000;2400;1900
P184069215;P184069215_6;F;6000;0;0;7200;2400;1620
P184069215;P184069215_7;G;7200;0;0;8400;2400;2500
P184069215;P184069215_8;H;8400;0;0;9600;2400;2500
P184069215;P184069215_9;I;9600;0;0;10800;2400;1800
P184069215;P184069215_10;J;10800;0;0;12000;2400;1620
P184069215;P184069215_11;K;12000;0;0;13200;2400;2500
P184069211;P184069211_1;A;0;0;0;1200;2400;1450
P184069211;P184069211_2;B;1200;0;0;2400;2400;1620
P184069211;P184069211_3;C;2400;0;0;3600;2400;2500
P184069211;P184069211_4;D;3600;0;0;4800;2400;2500
P184069211;P184069211_5;E;4800;0;0;6000;2400;2500
P184069211;P184069211_6;F;6000;0;0;7200;2400;2000
P184069211;P184069211_7;G;7200;0;0;8400;2400;1900
P174065825;P174065825_1;A;0;0;0;2100;2400;2935
P174065825;P174065825_2;B;2100;0;0;4200;2400;2935
P174065825;P174065825_3;C;4200;0;0;6300;2400;2935
P174065825;P174065825_4;D;6300;0;0;8400;2400;2935
P174065825;P174065825_5;E;8400;1240;0;10000;2440;2865
P174065825;P174065825_6;F;8400;0;0;9400;1200;2835
P174065825;P174065825_7;G;9400;0;0;10400;1200;2835
P174065825;P174065825_8;H;10000;1240;0;11600;2440;2865
P174065825;P174065825_9;I;10400;0;0;11407;1209;2925
P174065825;P174065825_10;J;11407;0;0;12407;1200;2610
P174065825;P174065825_11;K;11600;1240;0;13200;2440;2865
P174065825;P174065825_12;L;12407;0;0;13407;1200;750
P174065823;P174065823_1;A;0;0;0;2100;2400;2935
P174065823;P174065823_2;B;2100;0;0;4200;2400;2935
P174065823;P174065823_3;C;4200;0;0;6300;2400;2935
P174065823;P174065823_4;D;6300;1240;0;7900;2440;2865
P174065823;P174065823_5;E;6300;0;0;7307;1209;2925
P174065823;P174065823_6;F;7307;0;0;8907;1200;2865
P174065823;P174065823_7;G;7900;1231;0;8907;2440;2925
P174065823;P174065823_8;H;8907;0;0;11007;2400;2935
P174065823;P174065823_9;I;11007;0;0;13107;2400;2935
P174065817;P174065817_1;A;0;0;0;2100;2400;2935
P174065817;P174065817_2;B;2100;0;0;4200;2400;2935
P174065817;P174065817_3;C;4200;0;0;6300;2400;2935
P174065817;P174065817_4;D;6300;0;0;8400;2400;2935
P174065817;P174065817_5;E;8400;1240;0;9400;2440;2835
P174065817;P174065817_6;F;8400;0;0;10000;1200;2865
P174065817;P174065817_7;G;9400;1240;0;11000;2440;2865
P174065817;P174065817_8;H;10000;0;0;11600;1200;2865
P174065817;P174065817_9;I;11000;1240;0;12000;2440;2835
P174065817;P174065817_10;J;11600;0;0;12600;1200;2385
P174065817;P174065817_11;K;12000;1231;0;13007;2440;2200
P174065815;P174065815_1;A;0;0;0;2100;2400;2935
P174065815;P174065815_2;B;2100;0;0;4200;2400;2935
P174065815;P174065815_3;C;4200;0;0;6300;2400;2935
P174065815;P174065815_4;D;6300;1240;0;7900;2440;2865
P174065815;P174065815_5;E;6300;0;0;7900;1200;2865
P174065815;P174065815_6;F;7900;0;0;10000;2400;2935
P174065815;P174065815_7;G;10000;0;0;12100;2400;2935
P174065815;P174065815_8;H;12100;0;0;13300;1000;2835
P174065815;P174065815_9;I;12100;1433;0;13309;2440;2925
P174065813;P174065813_1;A;0;0;0;2100;2400;2935
P174065813;P174065813_2;B;2100;0;0;3100;1200;2610
P174065813;P174065813_3;C;2100;1240;0;3700;2440;2865
P174065813;P174065813_4;D;3100;0;0;4700;1200;2865
P174065813;P174065813_5;E;3700;1240;0;4700;2440;2835
P174065813;P174065813_6;F;4700;0;0;6800;2400;2935
P174065813;P174065813_7;G;6800;0;0;8900;2400;2935
P174065813;P174065813_8;H;8900;0;0;11000;2400;2935
P174065813;P174065813_9;I;11000;0;0;13100;2400;2935
P174065801;P174065801_1;A;0;0;0;2100;2400;2935
P174065801;P174065801_2;B;2100;0;0;3700;1200;2865
P174065801;P174065801_3;C;2100;1231;0;3107;2440;2925
P174065801;P174065801_4;D;3107;1240;0;4107;2440;2610
P174065801;P174065801_5;E;3700;0;0;4707;1209;2925
P174065801;P174065801_6;F;4107;1240;0;5707;2440;2865
P174065801;P174065801_7;G;4707;0;0;5707;1200;2610
P174065801;P174065801_8;H;5707;0;0;7807;2400;2935
P174065801;P174065801_9;I;7807;0;0;9907;2400;2935
P174065801;P174065801_10;J;9907;0;0;12007;2400;2935
P174065801;P174065801_11;K;12007;0;0;13216;1007;2925
P174065801;P174065801_12;L;12007;1240;0;13007;2440;2610
P174065811;P174065811_1;A;0;0;0;2100;2400;2935
P174065811;P174065811_2;B;2100;0;0;4200;2400;2935
P174065811;P174065811_3;C;4200;0;0;6300;2400;2935
P174065811;P174065811_4;D;6300;0;0;7307;1209;2925
P174065811;P174065811_5;E;6300;1240;0;7900;2440;2865
P174065811;P174065811_6;F;7307;0;0;8907;1200;2865
P174065811;P174065811_7;G;7900;1240;0;9500;2440;2865
P174065811;P174065811_8;H;8907;0;0;9907;1200;2610
P174065811;P174065811_9;I;9500;1240;0;10500;2440;2835
P174065811;P174065811_10;J;9907;0;0;11507;1200;2865
P174065811;P174065811_11;K;10500;1240;0;11500;2440;2835
P174065811;P174065811_12;L;11500;1240;0;13100;2440;2865
P174065811;P174065811_13;M;11507;0;0;13107;1200;2865
P173065825;P173065825_1;A;0;0;0;2100;2400;2935
P173065825;P173065825_2;B;2100;0;0;4200;2400;2935
P173065825;P173065825_3;C;4200;0;0;5207;1209;2925
P173065825;P173065825_4;D;4200;1231;0;5207;2440;2925
P173065825;P173065825_5;E;5207;0;0;7307;2400;2935
P173065825;P173065825_6;F;7307;0;0;9407;2400;2935
P173065825;P173065825_7;G;9407;0;0;11507;2400;2935
P173065825;P173065825_8;H;11507;0;0;12707;1000;2160
P173065825;P173065825_9;I;11507;1240;0;13107;2440;2865
P173065823;P173065823_1;A;0;0;0;2100;2400;2935
P173065823;P173065823_2;B;2100;0;0;4200;2400;2935
P173065823;P173065823_3;C;4200;0;0;6300;2400;2935
P173065823;P173065823_4;D;6300;0;0;8400;2400;2935
P173065823;P173065823_5;E;8400;0;0;10500;2400;2935
P173065823;P173065823_6;F;10500;1240;0;11500;2440;2835
P173065823;P173065823_7;G;10500;0;0;11507;1209;2925
P173065823;P173065823_8;H;11500;1240;0;13100;2440;2865
P173065823;P173065823_9;I;11507;0;0;13107;1200;2865
P173065817;P173065817_1;A;0;0;0;2100;2400;2935
P173065817;P173065817_2;B;2100;0;0;4200;2400;2935
P173065817;P173065817_3;C;4200;0;0;6300;2400;2935
P173065817;P173065817_4;D;6300;0;0;8400;2400;2935
P173065817;P173065817_5;E;8400;0;0;10500;2400;2935
P173065817;P173065817_6;F;10500;0;0;11500;1200;2835
P173065817;P173065817_7;G;10500;1240;0;12100;2440;2865
P173065817;P173065817_8;H;11500;0;0;12500;1200;2835
P173065817;P173065817_9;I;12100;1231;0;13107;2440;2925
P173065817;P173065817_10;J;12500;0;0;13500;1200;2610
P173065815;P173065815_1;A;0;0;0;2100;2400;2935
P173065815;P173065815_2;B;2100;0;0;4200;2400;2935
P173065815;P173065815_3;C;4200;0;0;6300;2400;2935
P173065815;P173065815_4;D;6300;0;0;8400;2400;2935
P173065815;P173065815_5;E;8400;0;0;10500;2400;2935
P173065815;P173065815_6;F;10500;1240;0;12100;2440;2865
P173065815;P173065815_7;G;10500;0;0;12100;1200;2865
P173065815;P173065815_8;H;12100;0;0;13309;1007;2925
P173065815;P173065815_9;I;12100;1440;0;13300;2440;2610
P173065813;P173065813_1;A;0;0;0;2100;2400;2935
P173065813;P173065813_2;B;2100;0;0;4200;2400;2935
P173065813;P173065813_3;C;4200;0;0;5800;1200;2865
P173065813;P173065813_4;D;4200;1240;0;5800;2440;2865
P173065813;P173065813_5;E;5800;1240;0;6800;2440;2610
P173065813;P173065813_6;F;5800;0;0;6800;1200;2610
P173065813;P173065813_7;G;6800;0;0;8900;2400;2935
P173065813;P173065813_8;H;8900;0;0;11000;2400;2935
P173065813;P173065813_9;I;11000;0;0;13100;2400;2935
P173065807;P173065807_1;A;0;0;0;2100;2400;2935
P173065807;P173065807_2;B;2100;0;0;4200;2400;2935
P173065807;P173065807_3;C;4200;0;0;6300;2400;2935
P173065807;P173065807_4;D;6300;0;0;8400;2400;2935
P173065807;P173065807_5;E;8400;0;0;10000;1200;2865
P173065807;P173065807_6;F;8400;1240;0;10000;2440;2865
P173065807;P173065807_7;G;10000;1240;0;11600;2440;2865
P173065807;P173065807_8;H;10000;0;0;11007;1209;2925
P173065807;P173065807_9;I;11007;0;0;12014;1209;2925
P173065807;P173065807_10;J;11600;1240;0;13200;2440;2865
P173065807;P173065807_11;K;12014;0;0;13014;1200;2835
P173065801;P173065801_1;A;0;0;0;2100;2400;2935
P173065801;P173065801_2;B;2100;0;0;4200;2400;2935
P173065801;P173065801_3;C;4200;0;0;6300;2400;2935
P173065801;P173065801_4;D;6300;0;0;8400;2400;2935
P173065801;P173065801_5;E;8400;0;0;10500;2400;2935
P173065801;P173065801_6;F;10500;0;0;12600;2400;2935
P173065811;P173065811_1;A;0;0;0;2100;2400;2935
P173065811;P173065811_2;B;2100;1231;0;3107;2440;2925
P173065811;P173065811_3;C;2100;0;0;3100;1200;2835
P173065811;P173065811_4;D;3100;0;0;4700;1200;2865
P173065811;P173065811_5;E;3107;1240;0;4107;2440;2865
P173065811;P173065811_6;F;4107;1231;0;5114;2440;2925
P173065811;P173065811_7;G;4700;0;0;5700;1200;2835
P173065811;P173065811_8;H;5114;1240;0;6714;2440;2865
P173065811;P173065811_9;I;5700;0;0;7300;1200;2865
P173065811;P173065811_10;J;6714;1240;0;8314;2440;2865
P173065811;P173065811_11;K;7300;0;0;8300;1200;2835
P173065811;P173065811_12;L;8300;0;0;9307;1209;2925
P173065811;P173065811_13;M;8314;1240;0;9314;2440;2835
P173065811;P173065811_14;N;9307;0;0;10907;1200;2865
P173065811;P173065811_15;O;9314;1240;0;10914;2440;2865
P173065811;P173065811_16;P;10914;0;0;13014;2400;2935
P172065825;P172065825_1;A;0;0;0;2100;2400;2935
P172065825;P172065825_2;B;2100;0;0;4200;2400;2935
P172065825;P172065825_3;C;4200;0;0;6300;2400;2935
P172065825;P172065825_4;D;6300;0;0;8400;2400;2935
P172065825;P172065825_5;E;8400;0;0;10500;2400;2935
P172065825;P172065825_6;F;10500;0;0;12600;2400;2935
P172065823;P172065823_1;A;0;0;0;2100;2400;2935
P172065823;P172065823_2;B;2100;0;0;4200;2400;2935
P172065823;P172065823_3;C;4200;1240;0;5800;2440;2865
P172065823;P172065823_4;D;4200;0;0;5200;1200;2610
P172065823;P172065823_5;E;5200;0;0;6800;1200;2865
P172065823;P172065823_6;F;5800;1240;0;6800;2440;2835
P172065823;P172065823_7;G;6800;0;0;8900;2400;2935
P172065823;P172065823_8;H;8900;0;0;11000;2400;2935
P172065823;P172065823_9;I;11000;0;0;13100;2400;2935
P172065817;P172065817_1;A;0;0;0;2100;2400;2935
P172065817;P172065817_2;B;2100;0;0;3700;1200;2865
P172065817;P172065817_3;C;2100;1231;0;3107;2440;2925
P172065817;P172065817_4;D;3107;1240;0;4107;2440;2610
P172065817;P172065817_5;E;3700;0;0;4707;1209;2925
P172065817;P172065817_6;F;4107;1240;0;5707;2440;2865
P172065817;P172065817_7;G;4707;0;0;5707;1200;2385
P172065817;P172065817_8;H;5707;0;0;7807;2400;2935
P172065817;P172065817_9;I;7807;0;0;9907;2400;2935
P172065817;P172065817_10;J;9907;0;0;12007;2400;2935
P172065817;P172065817_11;K;12007;0;0;13207;1600;2865
P172065815;P172065815_1;A;0;0;0;2100;2400;2935
P172065815;P172065815_2;B;2100;1231;0;3107;2440;2925
P172065815;P172065815_3;C;2100;0;0;3100;1200;2835
P172065815;P172065815_4;D;3100;0;0;4700;1200;2865
P172065815;P172065815_5;E;3107;1240;0;4707;2440;2865
P172065815;P172065815_6;F;4700;0;0;5707;1209;2200
P172065815;P172065815_7;G;4707;1240;0;5707;2440;2610
P172065815;P172065815_8;H;5707;0;0;7807;2400;2935
P172065815;P172065815_9;I;7807;0;0;9907;2400;2935
P172065815;P172065815_10;J;9907;0;0;12007;2400;2935
P172065815;P172065815_11;K;12007;0;0;13207;1600;2865
P172065813;P172065813_1;A;0;0;0;2100;2400;2935
P172065813;P172065813_2;B;2100;0;0;4200;2400;2935
P172065813;P172065813_3;C;4200;0;0;6300;2400;2935
P172065813;P172065813_4;D;6300;0;0;8400;2400;2935
P172065813;P172065813_5;E;8400;0;0;10500;2400;2935
P172065813;P172065813_6;F;10500;0;0;12100;1200;2865
P172065813;P172065813_7;G;10500;1240;0;11500;2440;2835
P172065813;P172065813_8;H;11500;1240;0;13100;2440;2865
P172065813;P172065813_9;I;12100;0;0;13107;1209;2925
P172065807;P172065807_1;A;0;0;0;2100;2400;2935
P172065807;P172065807_2;B;2100;0;0;4200;2400;2935
P172065807;P172065807_3;C;4200;0;0;6300;2400;2935
P172065807;P172065807_4;D;6300;1240;0;7300;2440;2610
P172065807;P172065807_5;E;6300;0;0;7900;1200;2865
P172065807;P172065807_6;F;7300;1240;0;8900;2440;2865
P172065807;P172065807_7;G;7900;0;0;8900;1200;2835
P172065807;P172065807_8;H;8900;0;0;11000;2400;2935
P172065807;P172065807_9;I;11000;0;0;13100;2400;2935
P172065801;P172065801_1;A;0;0;0;2100;2400;2935
P172065801;P172065801_2;B;2100;0;0;4200;2400;2935
P172065801;P172065801_3;C;4200;0;0;6300;2400;2935
P172065801;P172065801_4;D;6300;0;0;8400;2400;2935
P172065801;P172065801_5;E;8400;0;0;10500;2400;2935
P172065801;P172065801_6;F;10500;1240;0;12100;2440;2865
P172065801;P172065801_7;G;10500;0;0;12100;1200;2865
P172065801;P172065801_8;H;12100;0;0;13309;1007;2925
P172065801;P172065801_9;I;12100;1440;0;13300;2440;2610
P172065811;P172065811_1;A;0;1231;0;1007;2440;2925
P172065811;P172065811_2;B;0;0;0;1000;1200;2385
P172065811;P172065811_3;C;1000;0;0;2007;1209;2925
P172065811;P172065811_4;D;1007;1240;0;2607;2440;2865
P172065811;P172065811_5;E;2007;0;0;3607;1200;2865
P172065811;P172065811_6;F;2607;1240;0;3607;2440;2835
P172065811;P172065811_7;G;3607;0;0;5707;2400;2935
P172065811;P172065811_8;H;5707;0;0;7807;2400;2935
P172065811;P172065811_9;I;7807;0;0;9907;2400;2935
P172065811;P172065811_10;J;9907;0;0;12007;2400;2935
P172065811;P172065811_11;K;12007;0;0;13207;1600;2865
P171065825;P171065825_1;A;0;0;0;2100;2400;2935
P171065825;P171065825_2;B;2100;0;0;4200;2400;2935
P171065825;P171065825_3;C;4200;0;0;6300;2400;2935
P171065825;P171065825_4;D;6300;0;0;8400;2400;2935
P171065825;P171065825_5;E;8400;0;0;10500;2400;2935
P171065825;P171065825_6;F;10500;1240;0;12100;2440;2865
P171065825;P171065825_7;G;10500;0;0;11500;1200;2835
P171065825;P171065825_8;H;11500;0;0;12500;1200;2610
P171065825;P171065825_9;I;12100;1231;0;13107;2440;2925
P171065825;P171065825_10;J;12500;0;0;13500;1200;1455
P171065823;P171065823_1;A;0;0;0;2100;2400;2935
P171065823;P171065823_2;B;2100;0;0;4200;2400;2935
P171065823;P171065823_3;C;4200;0;0;6300;2400;2935
P171065823;P171065823_4;D;6300;1240;0;7900;2440;2865
P171065823;P171065823_5;E;6300;0;0;7307;1209;2925
P171065823;P171065823_6;F;7307;0;0;8907;1200;2865
P171065823;P171065823_7;G;7900;1240;0;8900;2440;2835
P171065823;P171065823_8;H;8900;1240;0;9900;2440;2835
P171065823;P171065823_9;I;8907;0;0;10507;1200;2865
P171065823;P171065823_10;J;9900;1240;0;11500;2440;2865
P171065823;P171065823_11;K;10507;0;0;12107;1200;2865
P171065823;P171065823_12;L;11500;1240;0;12500;2440;750
P171065823;P171065823_13;M;12107;0;0;13114;1209;750
P171065815;P171065815_1;A;0;0;0;2100;2400;2935
P171065815;P171065815_2;B;2100;0;0;4200;2400;2935
P171065815;P171065815_3;C;4200;0;0;6300;2400;2935
P171065815;P171065815_4;D;6300;0;0;8400;2400;2935
P171065815;P171065815_5;E;8400;0;0;10500;2400;2935
P171065815;P171065815_6;F;10500;0;0;12600;2400;2935
P171065813;P171065813_1;A;0;1231;0;1007;2440;2925
P171065813;P171065813_2;B;0;0;0;1000;1200;2610
P171065813;P171065813_3;C;1000;0;0;2600;1200;2865
P171065813;P171065813_4;D;1007;1240;0;2607;2440;2865
P171065813;P171065813_5;E;2600;0;0;3607;1209;2925
P171065813;P171065813_6;F;2607;1240;0;3607;2440;2835
P171065813;P171065813_7;G;3607;0;0;5707;2400;2935
P171065813;P171065813_8;H;5707;0;0;7807;2400;2935
P171065813;P171065813_9;I;7807;0;0;9907;2400;2935
P171065813;P171065813_10;J;9907;0;0;12007;2400;2935
P171065813;P171065813_11;K;12007;0;0;13207;1600;2865
P171065807;P171065807_1;A;0;0;0;2100;2400;2935
P171065807;P171065807_2;B;2100;0;0;4200;2400;2935
P171065807;P171065807_3;C;4200;0;0;6300;2400;2935
P171065807;P171065807_4;D;6300;0;0;8400;2400;2935
P171065807;P171065807_5;E;8400;0;0;10500;2400;2935
P171065807;P171065807_6;F;10500;0;0;11500;1200;2610
P171065807;P171065807_7;G;10500;1231;0;11507;2440;2925
P171065807;P171065807_8;H;11500;0;0;12500;1200;2610
P171065807;P171065807_9;I;11507;1240;0;13107;2440;2865
P171065807;P171065807_10;J;12500;0;0;13500;1200;2835
P171065801;P171065801_1;A;0;0;0;2100;2400;2935
P171065801;P171065801_2;B;2100;1240;0;3700;2440;2865
P171065801;P171065801_3;C;2100;0;0;3700;1200;2865
P171065801;P171065801_4;D;3700;0;0;5800;2400;2935
P171065801;P171065801_5;E;5800;0;0;7900;2400;2935
P171065801;P171065801_6;F;7900;0;0;10000;2400;2935
P171065801;P171065801_7;G;10000;0;0;12100;2400;2935
P171065801;P171065801_8;H;12100;0;0;13309;1007;2925
P171065801;P171065801_9;I;12100;1440;0;13300;2440;2835
P171065811;P171065811_1;A;0;0;0;2100;2400;2935
P171065811;P171065811_2;B;2100;0;0;4200;2400;2935
P171065811;P171065811_3;C;4200;0;0;6300;2400;2935
P171065811;P171065811_4;D;6300;0;0;8400;2400;2935
P171065811;P171065811_5;E;8400;0;0;10000;1200;2865
P171065811;P171065811_6;F;8400;1240;0;10000;2440;2865
P171065811;P171065811_7;G;10000;1240;0;11600;2440;2865
P171065811;P171065811_8;H;10000;0;0;11000;1200;2865
P171065811;P171065811_9;I;11000;0;0;12007;1209;2925
P171065811;P171065811_10;J;11600;1240;0;13200;2440;2865
P171065811;P171065811_11;K;12007;0;0;13007;1200;2835
P170065825;P170065825_1;A;0;0;0;2100;2400;2935
P170065825;P170065825_2;B;2100;0;0;4200;2400;2935
P170065825;P170065825_3;C;4200;0;0;6300;2400;2935
P170065825;P170065825_4;D;6300;0;0;8400;2400;2935
P170065825;P170065825_5;E;8400;0;0;10500;2400;2935
P170065825;P170065825_6;F;10500;0;0;11507;1209;2925
P170065825;P170065825_7;G;10500;1240;0;12100;2440;2865
P170065825;P170065825_8;H;11507;0;0;13107;1200;2865
P170065825;P170065825_9;I;12100;1240;0;13100;2440;2835
P170065823;P170065823_1;A;0;0;0;2100;2400;2935
P170065823;P170065823_2;B;2100;0;0;4200;2400;2935
P170065823;P170065823_3;C;4200;0;0;6300;2400;2935
P170065823;P170065823_4;D;6300;0;0;8400;2400;2935
P170065823;P170065823_5;E;8400;0;0;10500;2400;2935
P170065823;P170065823_6;F;10500;0;0;12100;1200;2865
P170065823;P170065823_7;G;10500;1240;0;12100;2440;2865
P170065823;P170065823_8;H;12100;1433;0;13309;2440;2925
P170065823;P170065823_9;I;12100;0;0;13300;1000;2835
P170065817;P170065817_1;A;0;0;0;1000;1200;2610
P170065817;P170065817_2;B;0;1240;0;1000;2440;2835
P170065817;P170065817_3;C;1000;0;0;3100;2400;2935
P170065817;P170065817_4;D;3100;0;0;5200;2400;2935
P170065817;P170065817_5;E;5200;0;0;7300;2400;2935
P170065817;P170065817_6;F;7300;0;0;9400;2400;2935
P170065817;P170065817_7;G;9400;0;0;11500;2400;2935
P170065817;P170065817_8;H;11500;0;0;13100;1200;2865
P170065817;P170065817_9;I;11500;1240;0;13100;2440;2865
P170065815;P170065815_1;A;0;0;0;1007;1209;2925
P170065815;P170065815_2;B;0;1240;0;1000;2440;2385
P170065815;P170065815_3;C;1000;1240;0;2600;2440;2865
P170065815;P170065815_4;D;1007;0;0;2607;1200;2865
P170065815;P170065815_5;E;2600;1231;0;3607;2440;2925
P170065815;P170065815_6;F;2607;0;0;3607;1200;2835
P170065815;P170065815_7;G;3607;0;0;5707;2400;2935
P170065815;P170065815_8;H;5707;0;0;7807;2400;2935
P170065815;P170065815_9;I;7807;0;0;9907;2400;2935
P170065815;P170065815_10;J;9907;0;0;12007;2400;2935
P170065815;P170065815_11;K;12007;1433;0;13216;2440;750
P170065815;P170065815_12;L;12007;0;0;13007;1200;1680
P170065813;P170065813_1;A;0;0;0;2100;2400;2935
P170065813;P170065813_2;B;2100;0;0;4200;2400;2935
P170065813;P170065813_3;C;4200;0;0;6300;2400;2935
P170065813;P170065813_4;D;6300;1240;0;7900;2440;2865
P170065813;P170065813_5;E;6300;0;0;7900;1200;2865
P170065813;P170065813_6;F;7900;0;0;10000;2400;2935
P170065813;P170065813_7;G;10000;0;0;12100;2400;2935
P170065813;P170065813_8;H;12100;0;0;13300;1000;2835
P170065813;P170065813_9;I;12100;1433;0;13309;2440;2925
P170065807;P170065807_1;A;0;0;0;2100;2400;2935
P170065807;P170065807_2;B;2100;0;0;4200;2400;2935
P170065807;P170065807_3;C;4200;0;0;6300;2400;2935
P170065807;P170065807_4;D;6300;0;0;8400;2400;2935
P170065807;P170065807_5;E;8400;0;0;10500;2400;2935
P170065807;P170065807_6;F;10500;1240;0;11500;2440;2835
P170065807;P170065807_7;G;10500;0;0;11507;1209;2925
P170065807;P170065807_8;H;11500;1240;0;12500;2440;2610
P170065807;P170065807_9;I;11507;0;0;13107;1200;2865
P170065807;P170065807_10;J;12500;1240;0;13500;2440;2610
P170065803;P170065803_1;A;0;1240;0;1600;2440;2865
P170065803;P170065803_2;B;0;0;0;1600;1200;2865
P170065803;P170065803_3;C;1600;0;0;3200;1200;2865
P170065803;P170065803_4;D;1600;1231;0;2607;2440;2925
P170065803;P170065803_5;E;2607;1240;0;3607;2440;2610
P170065803;P170065803_6;F;3200;0;0;4800;1200;2865
P170065803;P170065803_7;G;3607;1240;0;5207;2440;2865
P170065803;P170065803_8;H;4800;0;0;5807;1209;2200
P170065803;P170065803_9;I;5207;1240;0;6807;2440;2865
P170065803;P170065803_10;J;5807;0;0;6807;1200;2610
P170065803;P170065803_11;K;6807;0;0;8907;2400;2935
P170065803;P170065803_12;L;8907;0;0;11007;2400;2935
P170065803;P170065803_13;M;11007;0;0;13107;2400;2935
P168065811;P168065811_1;A;0;0;0;2100;2400;2935
P168065811;P168065811_2;B;2100;40;0;4200;2440;2935
P168065811;P168065811_3;C;4200;0;0;6300;2400;2935
P168065811;P168065811_4;D;6300;0;0;8400;2400;2935
P168065811;P168065811_5;E;8400;0;0;10500;2400;2935
P168065811;P168065811_6;F;10500;1240;0;11500;2440;2610
P168065811;P168065811_7;G;10500;0;0;11507;1209;2925
P168065811;P168065811_8;H;11500;1240;0;13100;2440;2865
P168065811;P168065811_9;I;11507;0;0;12507;1200;1905
P167065825;P167065825_1;A;0;0;0;2100;2400;2935
P167065825;P167065825_2;B;2100;1240;0;3700;2440;2865
P167065825;P167065825_3;C;2100;0;0;3700;1200;2865
P167065825;P167065825_4;D;3700;0;0;5800;2400;2935
P167065825;P167065825_5;E;5800;0;0;7900;2400;2935
P167065825;P167065825_6;F;7900;0;0;10000;2400;2935
P167065825;P167065825_7;G;10000;0;0;12100;2400;2935
P167065825;P167065825_8;H;12100;0;0;13309;1007;2925
P167065825;P167065825_9;I;12100;1440;0;13300;2440;2610
P167065823;P167065823_1;A;0;0;0;2100;2400;2935
P167065823;P167065823_2;B;2100;0;0;4200;2400;2935
P167065823;P167065823_3;C;4200;0;0;6300;2400;2935
P167065823;P167065823_4;D;6300;0;0;7900;1200;2865
P167065823;P167065823_5;E;6300;1240;0;7900;2440;2865
P167065823;P167065823_6;F;7900;0;0;10000;2400;2935
P167065823;P167065823_7;G;10000;0;0;12100;2400;2935
P167065823;P167065823_8;H;12100;1440;0;13300;2440;2835
P167065823;P167065823_9;I;12100;0;0;13309;1007;2925
P167065817;P167065817_1;A;0;0;0;2100;2400;2935
P167065817;P167065817_2;B;2100;0;0;4200;2400;2935
P167065817;P167065817_3;C;4200;0;0;6300;2400;2935
P167065817;P167065817_4;D;6300;0;0;8400;2400;2935
P167065817;P167065817_5;E;8400;0;0;10500;2400;2935
P167065817;P167065817_6;F;10500;1240;0;12100;2440;2865
P167065817;P167065817_7;G;10500;0;0;12100;1200;2865
P167065817;P167065817_8;H;12100;0;0;13300;1000;2610
P167065817;P167065817_9;I;12100;1433;0;13309;2440;2925
P167065815;P167065815_1;A;0;0;0;2100;2400;2935
P167065815;P167065815_2;B;2100;1240;0;3700;2440;2865
P167065815;P167065815_3;C;2100;0;0;3700;1200;2865
P167065815;P167065815_4;D;3700;0;0;4700;1200;2835
P167065815;P167065815_5;E;3700;1240;0;4700;2440;2385
P167065815;P167065815_6;F;4700;0;0;6800;2400;2935
P167065815;P167065815_7;G;6800;0;0;8900;2400;2935
P167065815;P167065815_8;H;8900;0;0;11000;2400;2935
P167065815;P167065815_9;I;11000;0;0;12007;1209;2925
P167065815;P167065815_10;J;11000;1240;0;12600;2440;2865
P167065815;P167065815_11;K;12007;0;0;13007;1200;2835
P167065813;P167065813_1;A;0;0;0;2100;2400;2935
P167065813;P167065813_2;B;2100;0;0;4200;2400;2935
P167065813;P167065813_3;C;4200;0;0;6300;2400;2935
P167065813;P167065813_4;D;6300;0;0;8400;2400;2935
P167065813;P167065813_5;E;8400;0;0;10000;1200;2865
P167065813;P167065813_6;F;8400;1240;0;9400;2440;2610
P167065813;P167065813_7;G;9400;1231;0;10407;2440;2925
P167065813;P167065813_8;H;10000;0;0;11600;1200;2865
P167065813;P167065813_9;I;10407;1240;0;11407;2440;2835
P167065813;P167065813_10;J;11407;1240;0;13007;2440;2865
P167065813;P167065813_11;K;11600;0;0;13200;1200;2865
P167065807;P167065807_1;A;0;0;0;2100;2400;2935
P167065807;P167065807_2;B;2100;0;0;4200;2400;2935
P167065807;P167065807_3;C;4200;0;0;6300;2400;2935
P167065807;P167065807_4;D;6300;0;0;8400;2400;2935
P167065807;P167065807_5;E;8400;0;0;10500;2400;2935
P167065807;P167065807_6;F;10500;1240;0;11500;2440;2610
P167065807;P167065807_7;G;10500;0;0;11507;1209;2925
P167065807;P167065807_8;H;11500;1240;0;12500;2440;2610
P167065807;P167065807_9;I;11507;0;0;13107;1200;2865
P167065807;P167065807_10;J;12500;1240;0;13500;2440;2610
P167065801;P167065801_1;A;0;0;0;2100;2400;2935
P167065801;P167065801_2;B;2100;0;0;4200;2400;2935
P167065801;P167065801_3;C;4200;1240;0;5800;2440;2865
P167065801;P167065801_4;D;4200;0;0;5800;1200;2865
P167065801;P167065801_5;E;5800;0;0;7900;2400;2935
P167065801;P167065801_6;F;7900;0;0;10000;2400;2935
P167065801;P167065801_7;G;10000;0;0;12100;2400;2935
P167065801;P167065801_8;H;12100;1440;0;13300;2440;2610
P167065801;P167065801_9;I;12100;0;0;13309;1007;2925
P167065811;P167065811_1;A;0;0;0;1007;1209;2925
P167065811;P167065811_2;B;0;1240;0;1600;2440;2865
P167065811;P167065811_3;C;1007;0;0;2607;1200;2865
P167065811;P167065811_4;D;1600;1231;0;2607;2440;2925
P167065811;P167065811_5;E;2607;0;0;4707;2400;2935
P167065811;P167065811_6;F;4707;0;0;6807;2400;2935
P167065811;P167065811_7;G;6807;0;0;8907;2400;2935
P167065811;P167065811_8;H;8907;0;0;11007;2400;2935
P167065811;P167065811_9;I;11007;0;0;13107;2400;2935
Q167065811_1;Q167065811_1_1;A;0;0;0;1000;1200;2835
Q167065811_1;Q167065811_1_2;B;0;1240;0;1600;2440;2865
Q167065811_1;Q167065811_1_3;C;1000;0;0;2007;1209;750
Q167065811_1;Q167065811_1_4;D;1600;1240;0;3200;2440;2865
Q167065811_1;Q167065811_1_5;E;2007;0;0;3007;1200;2835
Q167065811_1;Q167065811_1_6;F;3007;0;0;4007;1200;2385
Q167065811_1;Q167065811_1_7;G;3200;1240;0;4800;2440;2865
Q167065811_1;Q167065811_1_8;H;4800;0;0;6900;2400;2935
Q167065811_1;Q167065811_1_9;I;6900;0;0;9000;2400;2935
Q167065811_1;Q167065811_1_10;J;9000;0;0;11100;2400;2935
Q167065811_1;Q167065811_1_11;K;11100;0;0;13500;2100;2935
P166065825;P166065825_1;A;0;0;0;2100;2400;2935
P166065825;P166065825_2;B;2100;1231;0;3107;2440;2925
P166065825;P166065825_3;C;2100;0;0;3100;1200;2610
P166065825;P166065825_4;D;3100;0;0;4700;1200;2865
P166065825;P166065825_5;E;3107;1240;0;4107;2440;975
P166065825;P166065825_6;F;4107;1231;0;5114;2440;750
P166065825;P166065825_7;G;4700;0;0;6300;1200;2865
P166065825;P166065825_8;H;6300;0;0;8400;2400;2935
P166065825;P166065825_9;I;8400;0;0;10500;2400;2935
P166065825;P166065825_10;J;10500;0;0;12600;2400;2935
P166065823;P166065823_1;A;0;0;0;2100;2400;2935
P166065823;P166065823_2;B;2100;0;0;4200;2400;2935
P166065823;P166065823_3;C;4200;0;0;6300;2400;2935
P166065823;P166065823_4;D;6300;0;0;8400;2400;2935
P166065823;P166065823_5;E;8400;0;0;10500;2400;2935
P166065823;P166065823_6;F;10500;0;0;12600;2400;2935
P166065817;P166065817_1;A;0;0;0;1007;1209;2925
P166065817;P166065817_2;B;0;1240;0;1000;2440;2835
P166065817;P166065817_3;C;1000;1240;0;2600;2440;2865
P166065817;P166065817_4;D;1007;0;0;2014;1209;2925
P166065817;P166065817_5;E;2014;0;0;3014;1200;2610
P166065817;P166065817_6;F;2600;1240;0;4200;2440;2865
P166065817;P166065817_7;G;3014;0;0;4614;1200;2865
P166065817;P166065817_8;H;4200;1240;0;5200;2440;2610
P166065817;P166065817_9;I;4614;0;0;6214;1200;2865
P166065817;P166065817_10;J;6214;0;0;8314;2400;2935
P166065817;P166065817_11;K;8314;0;0;10414;2400;2935
P166065817;P166065817_12;L;10414;0;0;12514;2400;1490
P166065815;P166065815_1;A;0;0;0;1600;1200;2865
P166065815;P166065815_2;B;0;1240;0;1000;2440;2835
P166065815;P166065815_3;C;1000;1231;0;2007;2440;2200
P166065815;P166065815_4;D;2007;0;0;4107;2400;2935
P166065815;P166065815_5;E;4107;0;0;6207;2400;2935
P166065815;P166065815_6;F;6207;0;0;8307;2400;2935
P166065815;P166065815_7;G;8307;0;0;10407;2400;2935
P166065813;P166065813_1;A;0;0;0;2100;2400;2935
P166065813;P166065813_2;B;2100;1240;0;3700;2440;2865
P166065813;P166065813_3;C;2100;0;0;3700;1200;2865
P166065813;P166065813_4;D;3700;0;0;5800;2400;2935
P166065813;P166065813_5;E;5800;0;0;7900;2400;2935
P166065813;P166065813_6;F;7900;0;0;10000;2400;2935
P166065813;P166065813_7;G;10000;0;0;12100;2400;2935
P166065813;P166065813_8;H;12100;0;0;13300;1000;2835
P166065813;P166065813_9;I;12100;1433;0;13309;2440;2925
P166065807;P166065807_1;A;0;0;0;1000;1200;1905
P166065807;P166065807_2;B;0;1240;0;1000;2440;1680
P166065807;P166065807_3;C;1000;1231;0;2007;2440;2925
P166065807;P166065807_4;D;1000;0;0;2600;1200;2865
P166065807;P166065807_5;E;2007;1240;0;3607;2440;2865
P166065807;P166065807_6;F;2600;0;0;3600;1200;2610
P166065807;P166065807_7;G;3600;0;0;5200;1200;2865
P166065807;P166065807_8;H;3607;1240;0;5207;2440;2865
P166065807;P166065807_9;I;5200;0;0;6207;1209;2200
P166065807;P166065807_10;J;5207;1240;0;6207;2440;2160
P166065807;P166065807_11;K;6207;0;0;8307;2400;2935
P166065807;P166065807_12;L;8307;0;0;10407;2400;2935
P166065807;P166065807_13;M;10407;0;0;12507;2400;2935
Q166065807_1;Q166065807_1_1;A;0;0;0;1600;1200;2865
Q166065807_1;Q166065807_1_2;B;0;1231;0;1007;2440;2925
Q166065807_1;Q166065807_1_3;C;1007;1240;0;2007;2440;1905
Q166065807_1;Q166065807_1_4;D;1600;0;0;2600;1200;1905
Q166065807_1;Q166065807_1_5;E;2600;0;0;4700;2400;2935
Q166065807_1;Q166065807_1_6;F;4700;0;0;6800;2400;2935
Q166065807_1;Q166065807_1_7;G;6800;0;0;8900;2400;2935
Q166065807_1;Q166065807_1_8;H;8900;0;0;11000;2400;2935
Q166065807_1;Q166065807_1_9;I;11000;0;0;13100;2400;2935
Q166065807_2;Q166065807_2_1;A;0;0;0;2100;2400;1490
P175060655;P175060655_1;A;0;0;0;3200;1200;2935
P175060655;P175060655_2;B;0;1240;0;3200;2440;2935
P175060655;P175060655_3;C;3200;1240;0;6400;2440;2935
P175060655;P175060655_4;D;3200;0;0;6400;1200;2935
P175060655;P175060655_5;E;6400;0;0;9600;1200;2935
P175060655;P175060655_6;F;6400;1240;0;9600;2440;2935
P175060655;P175060655_7;G;9600;1240;0;12200;2440;2935
P175060655;P175060655_8;H;9600;0;0;12200;1200;2935
P175060655;P175060655_9;I;12200;0;0;13400;1000;2700
P175060655;P175060655_10;J;12200;1440;0;13400;2440;2700
P175060603;P175060603_1;A;0;1240;0;2600;2440;2935
P175060603;P175060603_2;B;0;0;0;2600;1200;2935
P175060603;P175060603_3;C;2600;0;0;5200;1200;2935
P175060603;P175060603_4;D;2600;1240;0;5200;2440;2935
P175060603;P175060603_5;E;5200;1240;0;8400;2440;2320
P175060603;P175060603_6;F;5200;0;0;6800;1200;2700
P175060603;P175060603_7;G;6800;0;0;8400;1200;2700
P175060603;P175060603_8;H;8400;0;0;11600;1200;2320
P175060603;P175060603_9;I;8400;1240;0;10000;2440;2700
P175060603;P175060603_10;J;10000;1240;0;13200;2440;2855
P175060603;P175060603_11;K;11600;0;0;13200;1200;2700
P175060601;P175060601_1;A;0;1660;0;570;2440;478
P175060601;P175060601_2;B;0;0;0;1200;1600;2700
P175060601;P175060601_3;C;570;1660;0;1140;2440;1771
P175060601;P175060601_4;D;1200;0;0;2200;1200;2700
P175060601;P175060601_5;E;1200;1240;0;2200;2440;2700
P175060601;P175060601_6;F;2200;1240;0;4800;2440;2935
P175060601;P175060601_7;G;2200;0;0;5400;1200;2935
P175060601;P175060601_8;H;4800;1240;0;5800;2440;2700
P175060601;P175060601_9;I;5400;0;0;7000;1200;2700
P175060601;P175060601_10;J;5800;1240;0;8400;2440;2935
P175060601;P175060601_11;K;7000;0;0;10200;1200;2935
P175060601;P175060601_12;L;8400;1240;0;11600;2440;2935
P175060601;P175060601_13;M;10200;0;0;11200;1200;2700
P175060601;P175060601_14;N;11200;0;0;12800;1200;2700
P175060601;P175060601_15;O;11600;1240;0;13200;2440;930
P174060621;P174060621_1;A;0;0;0;1000;1200;2700
P174060621;P174060621_2;B;0;1240;0;3200;2440;2855
P174060621;P174060621_3;C;1000;0;0;3400;1200;2835
P174060621;P174060621_4;D;3200;1240;0;6400;2440;2855
P174060621;P174060621_5;E;3400;0;0;5000;1200;2700
P174060621;P174060621_6;F;5000;0;0;7600;1200;2935
P174060621;P174060621_7;G;6400;1240;0;7400;2440;2700
P174060621;P174060621_8;H;7400;1240;0;10600;2440;2935
P174060621;P174060621_9;I;7600;0;0;10800;1200;2320
P174060621;P174060621_10;J;10600;1240;0;13000;2440;975
P174060621;P174060621_11;K;10800;0;0;13400;1200;2935
P174060617;P174060617_1;A;0;0;0;2600;1200;2935
P174060617;P174060617_2;B;0;1240;0;3200;2440;2855
P174060617;P174060617_3;C;2600;0;0;3170;780;1771
P174060617;P174060617_4;D;3170;0;0;4170;1200;2700
P174060617;P174060617_5;E;3200;1240;0;4800;2440;2700
P174060617;P174060617_6;F;4170;0;0;5170;1200;2700
P174060617;P174060617_7;G;4800;1240;0;7400;2440;2935
P174060617;P174060617_8;H;5170;0;0;8370;1200;2855
P174060617;P174060617_9;I;7400;1240;0;9000;2440;2700
P174060617;P174060617_10;J;8370;0;0;11570;1200;2935
P174060617;P174060617_11;K;9000;1240;0;12200;2440;2855
P174060617;P174060617_12;L;11570;0;0;13170;1200;2700
P174060617;P174060617_13;M;12200;1240;0;13200;2440;2520
P174060613;P174060613_1;A;0;0;0;2600;1200;2935
P174060613;P174060613_2;B;0;1240;0;2600;2440;2935
P174060613;P174060613_3;C;2600;1240;0;5200;2440;2935
P174060613;P174060613_4;D;2600;0;0;4200;1200;2700
P174060613;P174060613_5;E;4200;0;0;5200;1200;2700
P174060613;P174060613_6;F;5200;0;0;8400;1200;2855
P174060613;P174060613_7;G;5200;1240;0;8400;2440;2935
P174060613;P174060613_8;H;8400;1240;0;11600;2440;2855
P174060613;P174060613_9;I;8400;0;0;10000;1200;2700
P174060613;P174060613_10;J;10000;0;0;13200;1200;2935
P174060613;P174060613_11;K;11600;1240;0;13200;2440;2700
P174060611;P174060611_1;A;0;0;0;2600;1200;2935
P174060611;P174060611_2;B;0;1240;0;2600;2440;2935
P174060611;P174060611_3;C;2600;1240;0;5800;2440;2935
P174060611;P174060611_4;D;2600;0;0;5800;1200;2935
P174060611;P174060611_5;E;5800;0;0;6810;1206;1185
P174060611;P174060611_6;F;5800;1240;0;8200;2440;2360
P174060611;P174060611_7;G;6810;0;0;7810;1200;2700
P174060611;P174060611_8;H;7810;0;0;11010;1200;2935
P174060611;P174060611_9;I;8200;1240;0;10800;2440;2935
P174060611;P174060611_10;J;10800;1240;0;13400;2440;2935
P174060611;P174060611_11;K;11010;0;0;11580;780;1340
P174060611;P174060611_12;L;11580;0;0;13180;1200;2700
P174060603;P174060603_1;A;0;0;0;1200;2400;975
P174060603;P174060603_2;B;1200;1240;0;2200;2440;2700
P174060603;P174060603_3;C;1200;0;0;3800;1200;2935
P174060603;P174060603_4;D;2200;1240;0;4800;2440;2935
P174060603;P174060603_5;E;3800;0;0;5400;1200;2700
P174060603;P174060603_6;F;4800;1240;0;8000;2440;2320
P174060603;P174060603_7;G;5400;0;0;8000;1200;2935
P174060603;P174060603_8;H;8000;0;0;10600;1200;2935
P174060603;P174060603_9;I;8000;1240;0;9000;2440;2700
P174060603;P174060603_10;J;9000;1240;0;12200;2440;2935
P174060603;P174060603_11;K;10600;0;0;13200;1200;2935
P174060603;P174060603_12;L;12200;1240;0;13200;2440;2700
P174060601;P174060601_1;A;0;0;0;1600;1200;2700
P174060601;P174060601_2;B;0;1240;0;2400;2440;500
P174060601;P174060601_3;C;1600;0;0;3200;1200;2700
P174060601;P174060601_4;D;2400;1240;0;4000;2440;2700
P174060601;P174060601_5;E;3200;0;0;4800;1200;1815
P174060601;P174060601_6;F;4000;1240;0;5000;2440;2700
P174060601;P174060601_7;G;4800;0;0;5800;1200;930
P174060601;P174060601_8;H;5000;1240;0;7600;2440;2935
P174060601;P174060601_9;I;5800;0;0;9000;1200;2935
P174060601;P174060601_10;J;7600;1240;0;10800;2440;2320
P174060601;P174060601_11;K;9000;0;0;10600;1200;2700
P174060601;P174060601_12;L;10600;0;0;12200;1200;2700
P174060601;P174060601_13;M;10800;1240;0;12400;2440;2700
P174060601;P174060601_14;N;12200;0;0;13200;1200;2700
P174060601;P174060601_15;O;12400;1240;0;13400;2440;2700
P173060621;P173060621_1;A;0;0;0;3200;1200;2320
P173060621;P173060621_2;B;0;1240;0;3200;2440;2855
P173060621;P173060621_3;C;3200;1240;0;5800;2440;2935
P173060621;P173060621_4;D;3200;0;0;6400;1200;2935
P173060621;P173060621_5;E;5800;1240;0;9000;2440;2935
P173060621;P173060621_6;F;6400;0;0;9600;1200;2320
P173060621;P173060621_7;G;9000;1660;0;9570;2440;1771
P173060621;P173060621_8;H;9570;1234;0;10580;2440;1185
P173060621;P173060621_9;I;9600;0;0;11200;1200;2700
P173060621;P173060621_10;J;10580;1240;0;13180;2440;2935
P173060621;P173060621_11;K;11200;0;0;12200;1200;2700
P173060621;P173060621_12;L;12200;0;0;13200;1200;2700
P173060617;P173060617_1;A;0;0;0;3200;1200;2935
P173060617;P173060617_2;B;0;1240;0;3200;2440;2935
P173060617;P173060617_3;C;3200;0;0;4400;2400;2835
P173060617;P173060617_4;D;4400;0;0;6000;1200;2700
P173060617;P173060617_5;E;4400;1240;0;7600;2440;2320
P173060617;P173060617_6;F;6000;0;0;9200;1200;2935
P173060617;P173060617_7;G;7600;1240;0;10800;2440;2935
P173060617;P173060617_8;H;9200;0;0;11800;1200;2935
P173060617;P173060617_9;I;10800;1240;0;13400;2440;2935
P173060617;P173060617_10;J;11800;0;0;13400;1200;2700
P173060613;P173060613_1;A;0;0;0;2600;1200;2935
P173060613;P173060613_2;B;0;1240;0;2600;2440;2935
P173060613;P173060613_3;C;2600;1240;0;4200;2440;2700
P173060613;P173060613_4;D;2600;0;0;5800;1200;2320
P173060613;P173060613_5;E;4200;1240;0;5200;2440;2700
P173060613;P173060613_6;F;5200;1660;0;5770;2440;1340
P173060613;P173060613_7;G;5770;1240;0;8370;2440;2935
P173060613;P173060613_8;H;5800;0;0;8400;1200;2935
P173060613;P173060613_9;I;8370;1240;0;10970;2440;2935
P173060613;P173060613_10;J;8400;0;0;10000;1200;2700
P173060613;P173060613_11;K;10000;0;0;11600;1200;2700
P173060613;P173060613_12;L;10970;1240;0;11970;2440;2700
P173060613;P173060613_13;M;11600;0;0;13200;1200;2700
P173060613;P173060613_14;N;11970;1240;0;12970;2440;2700
P173060611;P173060611_1;A;0;0;0;3200;1200;2320
P173060611;P173060611_2;B;0;1240;0;3200;2440;2855
P173060611;P173060611_3;C;3200;1240;0;6400;2440;2855
P173060611;P173060611_4;D;3200;0;0;6400;1200;2935
P173060611;P173060611_5;E;6400;0;0;8000;1200;2700
P173060611;P173060611_6;F;6400;1240;0;9000;2440;2935
P173060611;P173060611_7;G;8000;0;0;10600;1200;2935
P173060611;P173060611_8;H;9000;1240;0;10000;2440;2520
P173060611;P173060611_9;I;10000;1240;0;13200;2440;2855
P173060611;P173060611_10;J;10600;0;0;13200;1200;2935
P173060603;P173060603_1;A;0;0;0;3200;1200;2855
P173060603;P173060603_2;B;0;1240;0;1600;2440;2700
P173060603;P173060603_3;C;1600;1240;0;2600;2440;2700
P173060603;P173060603_4;D;2600;1240;0;5200;2440;2935
P173060603;P173060603_5;E;3200;0;0;3770;780;1340
P173060603;P173060603_6;F;3770;0;0;5370;1200;2700
P173060603;P173060603_7;G;5200;1240;0;7800;2440;2935
P173060603;P173060603_8;H;5370;0;0;7970;1200;2935
P173060603;P173060603_9;I;7800;1240;0;10400;2440;2935
P173060603;P173060603_10;J;7970;0;0;8970;1200;2700
P173060603;P173060603_11;K;8970;0;0;11570;1200;2935
P173060603;P173060603_12;L;10400;1240;0;13000;2440;2935
P173060603;P173060603_13;M;11570;0;0;13170;1200;2700
P173060601;P173060601_1;A;0;1240;0;3200;2440;2320
P173060601;P173060601_2;B;0;0;0;3200;1200;2855
P173060601;P173060601_3;C;3200;0;0;4200;1200;2700
P173060601;P173060601_4;D;3200;1240;0;6400;2440;2935
P173060601;P173060601_5;E;4200;0;0;5800;1200;2700
P173060601;P173060601_6;F;5800;0;0;7400;1200;2700
P173060601;P173060601_7;G;6400;1240;0;7400;2440;2700
P173060601;P173060601_8;H;7400;1240;0;10600;2440;2855
P173060601;P173060601_9;I;7400;0;0;9800;1200;975
P173060601;P173060601_10;J;9800;0;0;10800;1200;2700
P173060601;P173060601_11;K;10600;1240;0;12200;2440;2700
P173060601;P173060601_12;L;10800;0;0;13400;1200;2935
P173060601;P173060601_13;M;12200;1240;0;13200;2440;2700
P172060621;P172060621_1;A;0;0;0;2600;1200;2935
P172060621;P172060621_2;B;0;1240;0;2600;2440;2935
P172060621;P172060621_3;C;2600;1240;0;5800;2440;2935
P172060621;P172060621_4;D;2600;0;0;5800;1200;2935
P172060621;P172060621_5;E;5800;0;0;9000;1200;2935
P172060621;P172060621_6;F;5800;1240;0;8400;2440;2935
P172060621;P172060621_7;G;8400;1240;0;10000;2440;2700
P172060621;P172060621_8;H;9000;0;0;12200;1200;2855
P172060621;P172060621_9;I;10000;1240;0;13200;2440;2935
P172060621;P172060621_10;J;12200;0;0;12770;780;1771
P172060617;P172060617_1;A;0;0;0;3200;1200;2855
P172060617;P172060617_2;B;0;1240;0;2600;2440;2935
P172060617;P172060617_3;C;2600;1240;0;5200;2440;2935
P172060617;P172060617_4;D;3200;0;0;4800;1200;2700
P172060617;P172060617_5;E;4800;0;0;8000;1200;2935
P172060617;P172060617_6;F;5200;1240;0;7800;2440;2935
P172060617;P172060617_7;G;7800;1240;0;10200;2440;2835
P172060617;P172060617_8;H;8000;0;0;9000;1200;2700
P172060617;P172060617_9;I;9000;0;0;12200;1200;2320
P172060617;P172060617_10;J;10200;1240;0;13400;2440;2855
P172060617;P172060617_11;K;12200;0;0;13200;1200;2700
P172060613;P172060613_1;A;0;0;0;1200;2400;500
P172060613;P172060613_2;B;1200;1240;0;2800;2440;2700
P172060613;P172060613_3;C;1200;0;0;3800;1200;2935
P172060613;P172060613_4;D;2800;1240;0;6000;2440;2855
P172060613;P172060613_5;E;3800;0;0;7000;1200;2935
P172060613;P172060613_6;F;6000;1240;0;8600;2440;2935
P172060613;P172060613_7;G;7000;0;0;9600;1200;2935
P172060613;P172060613_8;H;8600;1240;0;11800;2440;2855
P172060613;P172060613_9;I;9600;0;0;11200;1200;2700
P172060613;P172060613_10;J;11200;0;0;12200;1200;2700
P172060613;P172060613_11;K;11800;1240;0;13400;2440;2700
P172060613;P172060613_12;L;12200;0;0;12770;780;1771
P172060611;P172060611_1;A;0;1240;0;1600;2440;2700
P172060611;P172060611_2;B;0;0;0;2600;1200;2935
P172060611;P172060611_3;C;1600;1240;0;4800;2440;2935
P172060611;P172060611_4;D;2600;0;0;5200;1200;2935
P172060611;P172060611_5;E;4800;1240;0;8000;2440;2855
P172060611;P172060611_6;F;5200;0;0;6200;1200;2700
P172060611;P172060611_7;G;6200;0;0;7200;1200;2700
P172060611;P172060611_8;H;7200;0;0;9800;1200;2935
P172060611;P172060611_9;I;8000;1240;0;11200;2440;2935
P172060611;P172060611_10;J;9800;0;0;12400;1200;2935
P172060611;P172060611_11;K;11200;1240;0;12800;2440;2700
P172060611;P172060611_12;L;12400;0;0;13410;1206;2370
P172060611;P172060611_13;M;12800;1660;0;13370;2440;478
P172060603;P172060603_1;A;0;0;0;1200;2400;975
P172060603;P172060603_2;B;1200;0;0;2200;1200;2700
P172060603;P172060603_3;C;1200;1240;0;2800;2440;2700
P172060603;P172060603_4;D;2200;0;0;5400;1200;2320
P172060603;P172060603_5;E;2800;1240;0;5400;2440;2935
P172060603;P172060603_6;F;5400;1240;0;7000;2440;2700
P172060603;P172060603_7;G;5400;0;0;8600;1200;2855
P172060603;P172060603_8;H;7000;1240;0;10200;2440;2935
P172060603;P172060603_9;I;8600;0;0;11800;1200;2935
P172060603;P172060603_10;J;10200;1240;0;13400;2440;2935
P172060603;P172060603_11;K;11800;0;0;13400;1200;2700
P172060601;P172060601_1;A;0;0;0;570;780;478
P172060601;P172060601_2;B;0;1240;0;2600;2440;2935
P172060601;P172060601_3;C;570;0;0;3170;1200;2935
P172060601;P172060601_4;D;2600;1240;0;3600;2440;2700
P172060601;P172060601_5;E;3170;0;0;6370;1200;2320
P172060601;P172060601_6;F;3600;1240;0;5200;2440;2700
P172060601;P172060601_7;G;5200;1240;0;6800;2440;2700
P172060601;P172060601_8;H;6370;0;0;7370;1200;2700
P172060601;P172060601_9;I;6800;1660;0;7370;2440;1771
P172060601;P172060601_10;J;7370;1240;0;10570;2440;2320
P172060601;P172060601_11;K;7370;0;0;9970;1200;2935
P172060601;P172060601_12;L;9970;0;0;12570;1200;2935
P172060601;P172060601_13;M;10570;1240;0;13170;2440;2935
P172060601;P172060601_14;N;12570;0;0;13140;780;478
P171060621;P171060621_1;A;0;1240;0;2600;2440;2935
P171060621;P171060621_2;B;0;0;0;2600;1200;2935
P171060621;P171060621_3;C;2600;0;0;5800;1200;2935
P171060621;P171060621_4;D;2600;1240;0;5800;2440;2855
P171060621;P171060621_5;E;5800;1240;0;7400;2440;2700
P171060621;P171060621_6;F;5800;0;0;6800;1200;2700
P171060621;P171060621_7;G;6800;0;0;9400;1200;2935
P171060621;P171060621_8;H;7400;1240;0;9000;2440;2700
P171060621;P171060621_9;I;9000;1240;0;10000;2440;2700
P171060621;P171060621_10;J;9400;0;0;12600;1200;2935
P171060621;P171060621_11;K;10000;1240;0;12600;2440;2935
P171060617;P171060617_1;A;0;1240;0;2600;2440;2935
P171060617;P171060617_2;B;0;0;0;3200;1200;2855
P171060617;P171060617_3;C;2600;1240;0;4200;2440;2700
P171060617;P171060617_4;D;3200;0;0;4200;1200;2700
P171060617;P171060617_5;E;4200;0;0;5800;1200;2700
P171060617;P171060617_6;F;4200;1240;0;7400;2440;2855
P171060617;P171060617_7;G;5800;0;0;9000;1200;2935
P171060617;P171060617_8;H;7400;1240;0;10000;2440;2935
P171060617;P171060617_9;I;9000;0;0;11600;1200;2935
P171060617;P171060617_10;J;10000;1240;0;13200;2440;2855
P171060617;P171060617_11;K;11600;0;0;13200;1200;2700
P171060613;P171060613_1;A;0;1240;0;3200;2440;2935
P171060613;P171060613_2;B;0;0;0;2400;1200;2835
P171060613;P171060613_3;C;2400;0;0;3400;1200;2700
P171060613;P171060613_4;D;3200;1240;0;4800;2440;2700
P171060613;P171060613_5;E;3400;0;0;6600;1200;2855
P171060613;P171060613_6;F;4800;1660;0;5370;2440;1340
P171060613;P171060613_7;G;5370;1240;0;6370;2440;2700
P171060613;P171060613_8;H;6370;1240;0;8970;2440;2935
P171060613;P171060613_9;I;6600;0;0;9200;1200;2935
P171060613;P171060613_10;J;8970;1240;0;12170;2440;2935
P171060613;P171060613_11;K;9200;0;0;12400;1200;2935
P171060613;P171060613_12;L;12170;1240;0;13170;2440;2700
P171060613;P171060613_13;M;12400;0;0;13400;1200;1815
P171060611;P171060611_1;A;0;0;0;2600;1200;2935
P171060611;P171060611_2;B;0;1240;0;2600;2440;2935
P171060611;P171060611_3;C;2600;1240;0;4200;2440;2700
P171060611;P171060611_4;D;2600;0;0;5800;1200;2320
P171060611;P171060611_5;E;4200;1240;0;5800;2440;2700
P171060611;P171060611_6;F;5800;0;0;9000;1200;2935
P171060611;P171060611_7;G;5800;1240;0;9000;2440;2935
P171060611;P171060611_8;H;9000;1240;0;11600;2440;2935
P171060611;P171060611_9;I;9000;0;0;12200;1200;2855
P171060611;P171060611_10;J;11600;1240;0;13200;2440;2700
P171060611;P171060611_11;K;12200;0;0;13200;1200;2700
P171060603;P171060603_1;A;0;1240;0;1000;2440;2520
P171060603;P171060603_2;B;0;0;0;570;780;1340
P171060603;P171060603_3;C;570;0;0;3770;1200;2320
P171060603;P171060603_4;D;1000;1240;0;2600;2440;2700
P171060603;P171060603_5;E;2600;1240;0;5800;2440;2935
P171060603;P171060603_6;F;3770;0;0;6970;1200;2935
P171060603;P171060603_7;G;5800;1240;0;8200;2440;2835
P171060603;P171060603_8;H;6970;0;0;7970;1200;2700
P171060603;P171060603_9;I;7970;0;0;10570;1200;2935
P171060603;P171060603_10;J;8200;1240;0;10800;2440;2935
P171060603;P171060603_11;K;10570;0;0;11570;1200;2700
P171060603;P171060603_12;L;10800;1240;0;12400;2440;2700
P171060603;P171060603_13;M;11570;0;0;13170;1200;2700
P171060603;P171060603_14;N;12400;1240;0;13400;2440;2700
P171060601;P171060601_1;A;0;0;0;3200;1200;500
P171060601;P171060601_2;B;0;1240;0;1600;2440;2700
P171060601;P171060601_3;C;1600;1240;0;3200;2440;2700
P171060601;P171060601_4;D;3200;1240;0;4800;2440;2700
P171060601;P171060601_5;E;3200;0;0;4200;1200;2700
P171060601;P171060601_6;F;4200;0;0;5800;1200;2700
P171060601;P171060601_7;G;4800;1240;0;6400;2440;930
P171060601;P171060601_8;H;5800;0;0;8200;1200;955
P171060601;P171060601_9;I;6400;1240;0;7400;2440;930
P171060601;P171060601_10;J;7400;1240;0;10600;2440;2935
P171060601;P171060601_11;K;8200;0;0;10800;1200;2935
P171060601;P171060601_12;L;10600;1240;0;13200;2440;2935
P171060601;P171060601_13;M;10800;0;0;12400;1200;2700
P171060601;P171060601_14;N;12400;0;0;13400;1200;1815
Q171060601_1;Q171060601_1_1;A;0;1240;0;2600;2440;2935
Q171060601_1;Q171060601_1_2;B;0;0;0;2600;1200;2935
Q171060601_1;Q171060601_1_3;C;2600;0;0;3800;2400;975
Q171060601_1;Q171060601_1_4;D;3800;1240;0;6400;2440;2935
Q171060601_1;Q171060601_1_5;E;3800;0;0;7000;1200;2935
Q171060601_1;Q171060601_1_6;F;6400;1240;0;9600;2440;2935
Q171060601_1;Q171060601_1_7;G;7000;0;0;10200;1200;2935
Q171060601_1;Q171060601_1_8;H;9600;1240;0;12200;2440;2935
Q171060601_1;Q171060601_1_9;I;10200;0;0;13400;1200;2320
Q171060601_1;Q171060601_1_10;J;12200;1240;0;13200;2440;930
P170060621;P170060621_1;A;0;0;0;3200;1200;2320
P170060621;P170060621_2;B;0;1240;0;3200;2440;2855
P170060621;P170060621_3;C;3200;1660;0;3770;2440;909
P170060621;P170060621_4;D;3200;0;0;5600;1200;1430
P170060621;P170060621_5;E;3770;1240;0;6970;2440;2935
P170060621;P170060621_6;F;5600;0;0;7200;1200;2700
P170060621;P170060621_7;G;6970;1240;0;10170;2440;2855
P170060621;P170060621_8;H;7200;0;0;8800;1200;2700
P170060621;P170060621_9;I;8800;0;0;11400;1200;2935
P170060621;P170060621_10;J;10170;1240;0;13370;2440;2935
P170060621;P170060621_11;K;11400;0;0;12400;1200;2700
P170060621;P170060621_12;L;12400;0;0;13400;1200;930
P170060617;P170060617_1;A;0;1240;0;1600;2440;2700
P170060617;P170060617_2;B;0;0;0;3200;1200;2855
P170060617;P170060617_3;C;1600;1240;0;4200;2440;2935
P170060617;P170060617_4;D;3200;0;0;4200;1200;2700
P170060617;P170060617_5;E;4200;0;0;7400;1200;2855
P170060617;P170060617_6;F;4200;1240;0;5800;2440;2700
P170060617;P170060617_7;G;5800;1660;0;6370;2440;478
P170060617;P170060617_8;H;6370;1240;0;9570;2440;2935
P170060617;P170060617_9;I;7400;0;0;10000;1200;2935
P170060617;P170060617_10;J;9570;1240;0;11170;2440;2700
P170060617;P170060617_11;K;10000;0;0;13200;1200;2855
P170060617;P170060617_12;L;11170;1240;0;12170;2440;2700
P170060617;P170060617_13;M;12170;1240;0;13170;2440;930
P170060613;P170060613_1;A;0;1240;0;3200;2440;2935
P170060613;P170060613_2;B;0;0;0;3200;1200;2935
P170060613;P170060613_3;C;3200;0;0;4400;2400;2835
P170060613;P170060613_4;D;4400;1240;0;7000;2440;2935
P170060613;P170060613_5;E;4400;0;0;7000;1200;2935
P170060613;P170060613_6;F;7000;0;0;8600;1200;2700
P170060613;P170060613_7;G;7000;1240;0;10200;2440;2855
P170060613;P170060613_8;H;8600;0;0;11200;1200;2935
P170060613;P170060613_9;I;10200;1240;0;13400;2440;2935
P170060613;P170060613_10;J;11200;0;0;12200;1200;2700
P170060613;P170060613_11;K;12200;0;0;13200;1200;2700
P170060611;P170060611_1;A;0;0;0;1010;1206;2370
P170060611;P170060611_2;B;0;1240;0;1600;2440;2700
P170060611;P170060611_3;C;1010;0;0;4210;1200;2935
P170060611;P170060611_4;D;1600;1240;0;2600;2440;2700
P170060611;P170060611_5;E;2600;1240;0;5800;2440;2935
P170060611;P170060611_6;F;4210;0;0;7410;1200;2935
P170060611;P170060611_7;G;5800;1240;0;8400;2440;2935
P170060611;P170060611_8;H;7410;0;0;10010;1200;2935
P170060611;P170060611_9;I;8400;1240;0;10000;2440;2700
P170060611;P170060611_10;J;10000;1240;0;13200;2440;2320
P170060611;P170060611_11;K;10010;0;0;10580;780;1771
P170060611;P170060611_12;L;10580;0;0;12180;1200;2700
P170060611;P170060611_13;M;12180;0;0;13180;1200;2520
P168060655;P168060655_1;A;0;0;0;3200;1200;2320
P168060655;P168060655_2;B;0;1240;0;3200;2440;2320
P168060655;P168060655_3;C;3200;1240;0;4200;2440;2700
P168060655;P168060655_4;D;3200;0;0;6400;1200;2855
P168060655;P168060655_5;E;4200;1240;0;5800;2440;2700
P168060655;P168060655_6;F;5800;1240;0;7400;2440;2700
P168060655;P168060655_7;G;6400;0;0;9000;1200;2935
P168060655;P168060655_8;H;7400;1240;0;10000;2440;2935
P168060655;P168060655_9;I;9000;0;0;12200;1200;2935
P168060655;P168060655_10;J;10000;1240;0;12400;2440;2835
P168060655;P168060655_11;K;12200;0;0;13200;1200;2700
P168060655;P168060655_12;L;12400;1240;0;13400;2440;2700
P168060651;P168060651_1;A;0;0;0;2600;1200;2935
P168060651;P168060651_2;B;0;1240;0;2600;2440;2935
P168060651;P168060651_3;C;2600;1240;0;5200;2440;2935
P168060651;P168060651_4;D;2600;0;0;5800;1200;2935
P168060651;P168060651_5;E;5200;1240;0;8400;2440;2935
P168060651;P168060651_6;F;5800;0;0;9000;1200;2935
P168060651;P168060651_7;G;8400;1240;0;11000;2440;2935
P168060651;P168060651_8;H;9000;0;0;11600;1200;2935
P168060651;P168060651_9;I;11000;1240;0;12600;2440;2700
P168060651;P168060651_10;J;11600;0;0;13200;1200;2700
P168060651;P168060651_11;K;12600;1660;0;13170;2440;1771
P168060603;P168060603_1;A;0;0;0;2600;1200;2935
P168060603;P168060603_2;B;0;1240;0;1000;2440;2700
P168060603;P168060603_3;C;1000;1240;0;2600;2440;2700
P168060603;P168060603_4;D;2600;1240;0;4200;2440;2700
P168060603;P168060603_5;E;2600;0;0;5000;1200;500
P168060603;P168060603_6;F;4200;1240;0;7400;2440;2320
P168060603;P168060603_7;G;5000;0;0;6000;1200;2700
P168060603;P168060603_8;H;6000;0;0;9200;1200;2320
P168060603;P168060603_9;I;7400;1240;0;8400;2440;2700
P168060603;P168060603_10;J;8400;1240;0;10000;2440;2700
P168060603;P168060603_11;K;9200;0;0;12400;1200;2320
P168060603;P168060603_12;L;10000;1240;0;13200;2440;2935
P168060603;P168060603_13;M;12400;0;0;13400;1200;2700
P168060601;P168060601_1;A;0;1240;0;3200;2440;2320
P168060601;P168060601_2;B;0;0;0;2600;1200;2935
P168060601;P168060601_3;C;2600;0;0;5200;1200;2935
P168060601;P168060601_4;D;3200;1240;0;4800;2440;2700
P168060601;P168060601_5;E;4800;1240;0;5800;2440;2700
P168060601;P168060601_6;F;5200;0;0;6800;1200;2700
P168060601;P168060601_7;G;5800;1240;0;9000;2440;2935
P168060601;P168060601_8;H;6800;0;0;9400;1200;2935
P168060601;P168060601_9;I;9000;1240;0;11600;2440;2935
P168060601;P168060601_10;J;9400;0;0;12600;1200;2320
P168060601;P168060601_11;K;11600;1240;0;13200;2440;2700
P168060601;P168060601_12;L;12600;0;0;13170;780;1771
P167060621;P167060621_1;A;0;1240;0;3200;2440;2935
P167060621;P167060621_2;B;0;0;0;3200;1200;2855
P167060621;P167060621_3;C;3200;0;0;6400;1200;2935
P167060621;P167060621_4;D;3200;1240;0;6400;2440;2935
P167060621;P167060621_5;E;6400;1240;0;9600;2440;2935
P167060621;P167060621_6;F;6400;0;0;9600;1200;2935
P167060621;P167060621_7;G;9600;0;0;12200;1200;2935
P167060621;P167060621_8;H;9600;1240;0;12800;2440;2855
P167060621;P167060621_9;I;12200;0;0;13200;1200;2700
P167060621;P167060621_10;J;12800;1660;0;13370;2440;909
P167060617;P167060617_1;A;0;0;0;1200;2400;2835
P167060617;P167060617_2;B;1200;0;0;2800;1200;2700
P167060617;P167060617_3;C;1200;1240;0;4400;2440;2935
P167060617;P167060617_4;D;2800;0;0;6000;1200;2935
P167060617;P167060617_5;E;4400;1240;0;7000;2440;2935
P167060617;P167060617_6;F;6000;0;0;7600;1200;2700
P167060617;P167060617_7;G;7000;1240;0;10200;2440;2855
P167060617;P167060617_8;H;7600;0;0;8600;1200;2700
P167060617;P167060617_9;I;8600;0;0;11800;1200;2935
P167060617;P167060617_10;J;10200;1240;0;13400;2440;2935
P167060617;P167060617_11;K;11800;0;0;13400;1200;2700
P167060613;P167060613_1;A;0;0;0;2600;1200;2935
P167060613;P167060613_2;B;0;1240;0;2600;2440;2935
P167060613;P167060613_3;C;2600;1240;0;4200;2440;2700
P167060613;P167060613_4;D;2600;0;0;5800;1200;2320
P167060613;P167060613_5;E;4200;1240;0;7400;2440;2855
P167060613;P167060613_6;F;5800;0;0;7400;1200;2700
P167060613;P167060613_7;G;7400;0;0;8400;1200;2700
P167060613;P167060613_8;H;7400;1240;0;10600;2440;2935
P167060613;P167060613_9;I;8400;0;0;11600;1200;2935
P167060613;P167060613_10;J;10600;1240;0;13200;2440;2935
P167060613;P167060613_11;K;11600;0;0;13200;1200;2700
P167060611;P167060611_1;A;0;0;0;1000;1200;2700
P167060611;P167060611_2;B;0;1240;0;3200;2440;2320
P167060611;P167060611_3;C;1000;0;0;2600;1200;2700
P167060611;P167060611_4;D;2600;0;0;3170;780;1340
P167060611;P167060611_5;E;3170;0;0;4170;1200;2700
P167060611;P167060611_6;F;3200;1240;0;5800;2440;2935
P167060611;P167060611_7;G;4170;0;0;6770;1200;2935
P167060611;P167060611_8;H;5800;1240;0;8400;2440;2935
P167060611;P167060611_9;I;6770;0;0;7770;1200;2700
P167060611;P167060611_10;J;7770;0;0;10970;1200;2935
P167060611;P167060611_11;K;8400;1240;0;11600;2440;2320
P167060611;P167060611_12;L;10970;0;0;12570;1200;2700
P167060611;P167060611_13;M;11600;1240;0;13200;2440;1815
P167060603;P167060603_1;A;0;0;0;3200;1200;2935
P167060603;P167060603_2;B;0;1240;0;2600;2440;2935
P167060603;P167060603_3;C;2600;1240;0;5800;2440;2935
P167060603;P167060603_4;D;3200;0;0;5800;1200;2935
P167060603;P167060603_5;E;5800;1240;0;9000;2440;2935
P167060603;P167060603_6;F;5800;0;0;9000;1200;2935
P167060603;P167060603_7;G;9000;0;0;11600;1200;2935
P167060603;P167060603_8;H;9000;1240;0;11600;2440;2935
P167060603;P167060603_9;I;11600;1240;0;13200;2440;2700
P167060603;P167060603_10;J;11600;0;0;13200;1200;2700
P167060601;P167060601_1;A;0;1240;0;1600;2440;2700
P167060601;P167060601_2;B;0;0;0;1600;1200;2700
P167060601;P167060601_3;C;1600;0;0;2600;1200;2700
P167060601;P167060601_4;D;1600;1240;0;3200;2440;2700
P167060601;P167060601_5;E;2600;0;0;4200;1200;1815
P167060601;P167060601_6;F;3200;1240;0;5600;2440;955
P167060601;P167060601_7;G;4200;0;0;4770;780;1771
P167060601;P167060601_8;H;4770;0;0;5770;1200;2700
P167060601;P167060601_9;I;5600;1240;0;6600;2440;2700
P167060601;P167060601_10;J;5770;0;0;8970;1200;2320
P167060601;P167060601_11;K;6600;1240;0;7600;2440;2700
P167060601;P167060601_12;L;7600;1240;0;10200;2440;2935
P167060601;P167060601_13;M;8970;0;0;10570;1200;2700
P167060601;P167060601_14;N;10200;1240;0;13400;2440;2320
P167060601;P167060601_15;O;10570;0;0;11570;1200;1815
P167060601;P167060601_16;P;11570;0;0;13170;1200;2700
Q167060601_1;Q167060601_1_1;A;0;0;0;2600;1200;2935
Q167060601_1;Q167060601_1_2;B;0;1240;0;2600;2440;2935
Q167060601_1;Q167060601_1_3;C;2600;1240;0;5800;2440;2935
Q167060601_1;Q167060601_1_4;D;2600;0;0;4200;1200;2700
Q167060601_1;Q167060601_1_5;E;4200;0;0;5200;1200;2700
Q167060601_1;Q167060601_1_6;F;5200;0;0;5770;780;478
Q167060601_1;Q167060601_1_7;G;5770;0;0;6770;1200;1815
Q167060601_1;Q167060601_1_8;H;5800;1240;0;8400;2440;2935
Q167060601_1;Q167060601_1_9;I;6770;0;0;9970;1200;2320
Q167060601_1;Q167060601_1_10;J;8400;1240;0;11000;2440;2935
Q167060601_1;Q167060601_1_11;K;9970;0;0;12570;1200;2935
Q167060601_1;Q167060601_1_12;L;11000;1240;0;13400;2440;975
P166060621;P166060621_1;A;0;0;0;2600;1200;2935
P166060621;P166060621_2;B;0;1240;0;2600;2440;2935
P166060621;P166060621_3;C;2600;1240;0;5200;2440;2935
P166060621;P166060621_4;D;2600;0;0;5200;1200;2935
P166060621;P166060621_5;E;5200;0;0;6800;1200;2700
P166060621;P166060621_6;F;5200;1240;0;8400;2440;2935
P166060621;P166060621_7;G;6800;0;0;10000;1200;2935
P166060621;P166060621_8;H;8400;1240;0;11000;2440;2935
P166060621;P166060621_9;I;10000;0;0;12600;1200;2935
P166060621;P166060621_10;J;11000;1240;0;12000;2440;2700
P166060621;P166060621_11;K;12000;1240;0;13000;2440;1815
P166060621;P166060621_12;L;12600;0;0;13170;780;478
P166060617;P166060617_1;A;0;1240;0;3200;2440;2320
P166060617;P166060617_2;B;0;0;0;2600;1200;2935
P166060617;P166060617_3;C;2600;0;0;4200;1200;2700
P166060617;P166060617_4;D;3200;1240;0;6400;2440;2935
P166060617;P166060617_5;E;4200;0;0;7400;1200;2935
P166060617;P166060617_6;F;6400;1240;0;9000;2440;2935
P166060617;P166060617_7;G;7400;0;0;10000;1200;2935
P166060617;P166060617_8;H;9000;1240;0;11600;2440;1490
P166060617;P166060617_9;I;10000;0;0;13200;1200;2320
P166060617;P166060617_10;J;11600;1240;0;13200;2440;2700
P166060613;P166060613_1;A;0;0;0;1200;2400;2835
P166060613;P166060613_2;B;1200;1240;0;2800;2440;2700
P166060613;P166060613_3;C;1200;0;0;2210;1206;2370
P166060613;P166060613_4;D;2210;0;0;5410;1200;2855
P166060613;P166060613_5;E;2800;1240;0;3800;2440;2700
P166060613;P166060613_6;F;3800;1240;0;4800;2440;2700
P166060613;P166060613_7;G;4800;1240;0;8000;2440;2935
P166060613;P166060613_8;H;5410;0;0;8610;1200;2935
P166060613;P166060613_9;I;8000;1240;0;10600;2440;2935
P166060613;P166060613_10;J;8610;0;0;11210;1200;2935
P166060613;P166060613_11;K;10600;1240;0;13200;2440;2935
P166060613;P166060613_12;L;11210;0;0;12810;1200;2700
P166060613;P166060613_13;M;12810;0;0;13380;780;909
P166060611;P166060611_1;A;0;1240;0;3200;2440;2320
P166060611;P166060611_2;B;0;0;0;1600;1200;2700
P166060611;P166060611_3;C;1600;0;0;2600;1200;2700
P166060611;P166060611_4;D;2600;0;0;5200;1200;2935
P166060611;P166060611_5;E;3200;1240;0;4800;2440;2700
P166060611;P166060611_6;F;4800;1240;0;8000;2440;2855
P166060611;P166060611_7;G;5200;0;0;6200;1200;2520
P166060611;P166060611_8;H;6200;0;0;9400;1200;2935
P166060611;P166060611_9;I;8000;1240;0;10600;2440;2935
P166060611;P166060611_10;J;9400;0;0;12000;1200;2935
P166060611;P166060611_11;K;10600;1240;0;11600;2440;2700
P166060611;P166060611_12;L;11600;1240;0;13200;2440;2700
P166060611;P166060611_13;M;12000;0;0;13000;1200;2700
P166060603;P166060603_1;A;0;0;0;2600;1200;2935
P166060603;P166060603_2;B;0;1240;0;3200;2440;2320
P166060603;P166060603_3;C;2600;0;0;5800;1200;2935
P166060603;P166060603_4;D;3200;1240;0;6400;2440;2935
P166060603;P166060603_5;E;5800;0;0;7400;1200;2700
P166060603;P166060603_6;F;6400;1240;0;9000;2440;2935
P166060603;P166060603_7;G;7400;0;0;10000;1200;2935
P166060603;P166060603_8;H;9000;1240;0;12200;2440;2935
P166060603;P166060603_9;I;10000;0;0;13200;1200;2935
P166060603;P166060603_10;J;12200;1240;0;13200;2440;1815
Q166060603_1;Q166060603_1_1;A;0;0;0;3200;1200;2320
Q166060603_1;Q166060603_1_2;B;0;1240;0;1000;2440;2700
Q166060603_1;Q166060603_1_3;C;1000;1240;0;2600;2440;1815
Q166060603_1;Q166060603_1_4;D;2600;1240;0;5200;2440;2935
Q166060603_1;Q166060603_1_5;E;3200;0;0;5800;1200;2935
Q166060603_1;Q166060603_1_6;F;5200;1240;0;6200;2440;1815
Q166060603_1;Q166060603_1_7;G;5800;0;0;9000;1200;2320
Q166060603_1;Q166060603_1_8;H;6200;1240;0;7800;2440;1815
Q166060603_1;Q166060603_1_9;I;7800;1240;0;9400;2440;1815
Q166060603_1;Q166060603_1_10;J;9000;0;0;10600;1200;2700
P200069131;P200069131_1;A;0;1240;0;2000;2440;2875
P200069131;P200069131_2;B;0;0;0;2000;1200;2875
P200069131;P200069131_3;C;2000;0;0;4000;1200;2875
P200069131;P200069131_4;D;2000;1240;0;4000;2440;2875
P200069131;P200069131_5;E;4000;1240;0;6000;2440;2875
P200069131;P200069131_6;F;4000;0;0;6000;1200;2875
P200069131;P200069131_7;G;6000;0;0;8000;1200;2875
P200069131;P200069131_8;H;6000;1240;0;8000;2440;2875
P200069131;P200069131_9;I;8000;1240;0;10000;2440;2875
P200069131;P200069131_10;J;8000;0;0;10000;1200;2875
P200069131;P200069131_11;K;10000;0;0;12000;1200;2875
P200069131;P200069131_12;L;10000;1240;0;12000;2440;2875
P200069131;P200069131_13;M;12000;0;0;13200;2000;2875
P200069127;P200069127_1;A;0;1240;0;1800;2440;2340
P200069127;P200069127_2;B;0;0;0;1800;1200;2340
P200069127;P200069127_3;C;1800;0;0;3800;1200;2875
P200069127;P200069127_4;D;1800;1240;0;3800;2440;2875
P200069127;P200069127_5;E;3800;1240;0;5600;2440;2340
P200069127;P200069127_6;F;3800;0;0;5600;1200;2340
P200069127;P200069127_7;G;5600;0;0;7400;1200;2340
P200069127;P200069127_8;H;5600;1240;0;7400;2440;2340
P200069127;P200069127_9;I;7400;1240;0;9200;2440;2340
P200069127;P200069127_10;J;7400;0;0;9800;1200;2500
P200069127;P200069127_11;K;9200;1240;0;11600;2440;2000
P200069127;P200069127_12;L;9800;0;0;11000;1200;2200
P200069127;P200069127_13;M;11000;0;0;13400;1200;1800
P200069127;P200069127_14;N;11600;1240;0;13400;2440;2340
P200069031;P200069031_1;A;0;0;0;1200;2400;2460
P200069031;P200069031_2;B;1200;0;0;2400;2400;1620
P200069031;P200069031_3;C;2400;0;0;3600;2400;2460
P200069031;P200069031_4;D;3600;0;0;4800;2400;2460
P200069031;P200069031_5;E;4800;0;0;6000;2400;1900
P200069031;P200069031_6;F;6000;0;0;7200;2400;1900
P200069031;P200069031_7;G;7200;0;0;8400;2400;1900
P200069031;P200069031_8;H;8400;0;0;9600;2400;2460
P200069031;P200069031_9;I;9600;0;0;10800;2400;2460
P200069031;P200069031_10;J;10800;0;0;12000;2400;2460
P200069031;P200069031_11;K;12000;0;0;13200;2400;2460
P200069011;P200069011_1;A;0;1240;0;2000;2440;2875
P200069011;P200069011_2;B;0;0;0;1800;1200;2340
P200069011;P200069011_3;C;1800;0;0;3800;1200;2250
P200069011;P200069011_4;D;2000;1240;0;4400;2440;2460
P200069011;P200069011_5;E;3800;0;0;6200;1200;2460
P200069011;P200069011_6;F;4400;1240;0;6800;2440;2460
P200069011;P200069011_7;G;6200;0;0;8200;1200;2250
P200069011;P200069011_8;H;6800;1240;0;8800;2440;2875
P200069011;P200069011_9;I;8200;0;0;10200;1200;2875
P200069011;P200069011_10;J;8800;1240;0;11200;2440;2460
P200069011;P200069011_11;K;10200;0;0;12600;1200;2460
P200069011;P200069011_12;L;11200;1240;0;13200;2440;2875
P200069119;P200069119_1;A;0;0;0;2000;1200;2875
P200069119;P200069119_2;B;0;1240;0;2000;2440;2875
P200069119;P200069119_3;C;2000;1240;0;4000;2440;2875
P200069119;P200069119_4;D;2000;0;0;4000;1200;2875
P200069119;P200069119_5;E;4000;0;0;6000;1200;2875
P200069119;P200069119_6;F;4000;1240;0;6000;2440;2875
P200069119;P200069119_7;G;6000;1240;0;8000;2440;2875
P200069119;P200069119_8;H;6000;0;0;8000;1200;2875
P200069119;P200069119_9;I;8000;0;0;10000;1200;2875
P200069119;P200069119_10;J;8000;1240;0;10000;2440;2875
P200069119;P200069119_11;K;10000;1240;0;12000;2440;2875
P200069119;P200069119_12;L;10000;0;0;12000;1200;2875
P200069119;P200069119_13;M;12000;0;0;13200;2000;2875
P200069019;P200069019_1;A;0;0;0;1200;2400;1900
P200069019;P200069019_2;B;1200;1240;0;3000;2440;2340
P200069019;P200069019_3;C;1200;0;0;3600;1200;2000
P200069019;P200069019_4;D;3000;1240;0;5400;2440;1620
P200069019;P200069019_5;E;3600;0;0;6000;1200;1900
P200069019;P200069019_6;F;5400;1240;0;7800;2440;2460
P200069019;P200069019_7;G;6000;0;0;8400;1200;2460
P200069019;P200069019_8;H;7800;1240;0;10200;2440;2460
P200069019;P200069019_9;I;8400;0;0;10800;1200;2460
P200069019;P200069019_10;J;10200;1240;0;12600;2440;2460
P200069019;P200069019_11;K;10800;0;0;13200;1200;2460
P200069115;P200069115_1;A;0;1240;0;1800;2440;2340
P200069115;P200069115_2;B;0;0;0;1800;1200;2340
P200069115;P200069115_3;C;1800;0;0;3600;1200;2340
P200069115;P200069115_4;D;1800;1240;0;3600;2440;2340
P200069115;P200069115_5;E;3600;1240;0;5400;2440;2340
P200069115;P200069115_6;F;3600;0;0;5400;1200;2340
P200069115;P200069115_7;G;5400;0;0;7200;1200;2340
P200069115;P200069115_8;H;5400;1240;0;7200;2440;2340
P200069115;P200069115_9;I;7200;1240;0;9000;2440;2340
P200069115;P200069115_10;J;7200;0;0;8400;1200;2200
P200069115;P200069115_11;K;8400;0;0;10200;1200;2400
P200069115;P200069115_12;L;9000;1240;0;10800;2440;2340
P200069115;P200069115_13;M;10200;0;0;12000;1200;2340
P200069115;P200069115_14;N;10800;1240;0;12600;2440;2340
P200069015;P200069015_1;A;0;0;0;2000;1200;2875
P200069015;P200069015_2;B;0;1240;0;2000;2440;2875
P200069015;P200069015_3;C;2000;1240;0;4000;2440;2875
P200069015;P200069015_4;D;2000;0;0;4400;1200;2460
P200069015;P200069015_5;E;4000;1240;0;6400;2440;2460
P200069015;P200069015_6;F;4400;0;0;6400;1200;2250
P200069015;P200069015_7;G;6400;0;0;7600;2400;2460
P200069015;P200069015_8;H;7600;0;0;8800;2400;2460
P200069015;P200069015_9;I;8800;0;0;10000;2400;2460
P200069015;P200069015_10;J;10000;1240;0;12000;2440;2875
P200069015;P200069015_11;K;10000;0;0;12000;1200;2875
P200069015;P200069015_12;L;12000;0;0;13200;2000;2875
P200069013;P200069013_1;A;0;0;0;1200;2400;2000
P200069013;P200069013_2;B;1200;0;0;2400;2400;2000
P200069013;P200069013_3;C;2400;0;0;3600;2400;1900
P200069013;P200069013_4;D;3600;0;0;4800;2400;2000
P200069013;P200069013_5;E;4800;0;0;6000;2400;2000
P200069013;P200069013_6;F;6000;0;0;7200;2400;2460
P200069013;P200069013_7;G;7200;1240;0;9000;2440;2340
P200069013;P200069013_8;H;7200;0;0;9600;1200;2460
P200069013;P200069013_9;I;9000;1240;0;11400;2440;2460
P200069013;P200069013_10;J;9600;0;0;12000;1200;2460
P200069013;P200069013_11;K;12000;40;0;13200;2440;2460
P200069111;P200069111_1;A;0;0;0;2200;1200;1760
P200069111;P200069111_2;B;0;1240;0;1800;2440;2340
P200069111;P200069111_3;C;1800;1240;0;3600;2440;2340
P200069111;P200069111_4;D;2200;0;0;4000;1200;2340
P200069111;P200069111_5;E;3600;1240;0;5400;2440;2340
P200069111;P200069111_6;F;4000;0;0;5800;1200;2340
P200069111;P200069111_7;G;5400;1240;0;7200;2440;2340
P200069111;P200069111_8;H;5800;0;0;7000;1200;2200
P200069111;P200069111_9;I;7000;0;0;9000;1200;2875
P200069111;P200069111_10;J;7200;1240;0;9200;2440;2875
P200069111;P200069111_11;K;9000;0;0;11000;1200;2875
P200069111;P200069111_12;L;9200;1240;0;11200;2440;2875
P200069111;P200069111_13;M;11000;0;0;13000;1200;2875
P200069111;P200069111_14;N;11200;1240;0;13200;2440;2875
P200069009;P200069009_1;A;0;0;0;1200;2400;2000
P200069009;P200069009_2;B;1200;0;0;2400;2400;2000
P200069009;P200069009_3;C;2400;0;0;3600;2400;2460
P200069009;P200069009_4;D;3600;0;0;4800;2400;1900
P200069009;P200069009_5;E;4800;0;0;6000;2400;1900
P200069009;P200069009_6;F;6000;0;0;7200;2400;1620
P200069009;P200069009_7;G;7200;0;0;8400;2400;2460
P200069009;P200069009_8;H;8400;0;0;9600;2400;2000
P200069009;P200069009_9;I;9600;0;0;10800;2400;2460
P200069009;P200069009_10;J;10800;0;0;12000;2400;2460
P200069009;P200069009_11;K;12000;0;0;13200;2400;2460
P200069107;P200069107_1;A;0;0;0;2000;1200;2875
P200069107;P200069107_2;B;0;1240;0;2000;2440;2875
P200069107;P200069107_3;C;2000;1240;0;4000;2440;2875
P200069107;P200069107_4;D;2000;0;0;4000;1200;2875
P200069107;P200069107_5;E;4000;0;0;6000;1200;2875
P200069107;P200069107_6;F;4000;1240;0;6000;2440;2875
P200069107;P200069107_7;G;6000;1240;0;8000;2440;2875
P200069107;P200069107_8;H;6000;0;0;8000;1200;2875
P200069107;P200069107_9;I;8000;0;0;10000;1200;2875
P200069107;P200069107_10;J;8000;1240;0;10400;2440;2460
P200069107;P200069107_11;K;10000;0;0;12400;1200;2460
P200069107;P200069107_12;L;10400;1240;0;12400;2440;2250
P200069105;P200069105_1;A;0;0;0;1200;2400;1620
P200069105;P200069105_2;B;1200;0;0;2400;2400;1620
P200069105;P200069105_3;C;2400;0;0;3600;2400;2000
P200069105;P200069105_4;D;3600;0;0;4800;2400;2000
P200069105;P200069105_5;E;4800;0;0;6000;2400;1900
P200069105;P200069105_6;F;6000;0;0;7200;2400;2000
P200069105;P200069105_7;G;7200;0;0;8400;2400;2000
P200069105;P200069105_8;H;8400;0;0;9600;2400;1900
P200069105;P200069105_9;I;9600;0;0;10800;2400;2460
P200069105;P200069105_10;J;10800;0;0;12000;2400;2460
P200069105;P200069105_11;K;12000;0;0;13200;2400;2460
P200069005;P200069005_1;A;0;0;0;1200;2400;2000
P200069005;P200069005_2;B;1200;0;0;2400;2400;2000
P200069005;P200069005_3;C;2400;0;0;3600;2400;2000
P200069005;P200069005_4;D;3600;0;0;4800;2400;1620
P200069005;P200069005_5;E;4800;0;0;6000;2400;2460
P200069005;P200069005_6;F;6000;0;0;7200;2400;1900
P200069005;P200069005_7;G;7200;0;0;8400;2400;2460
P200069005;P200069005_8;H;8400;0;0;9600;2400;2000
P200069005;P200069005_9;I;9600;0;0;10800;2400;2000
P200069005;P200069005_10;J;10800;0;0;12000;2400;2460
P200069005;P200069005_11;K;12000;0;0;13200;2400;2460
P200069003;P200069003_1;A;0;0;0;2000;1200;2875
P200069003;P200069003_2;B;0;1240;0;2000;2440;2875
P200069003;P200069003_3;C;2000;1240;0;4000;2440;2875
P200069003;P200069003_4;D;2000;0;0;4000;1200;2875
P200069003;P200069003_5;E;4000;0;0;6000;1200;2875
P200069003;P200069003_6;F;4000;1240;0;6000;2440;2875
P200069003;P200069003_7;G;6000;1240;0;8000;2440;2875
P200069003;P200069003_8;H;6000;0;0;8000;1200;2875
P200069003;P200069003_9;I;8000;0;0;9200;2400;2460
P200069003;P200069003_10;J;9200;0;0;10400;2400;2460
P200069003;P200069003_11;K;10400;0;0;12400;1200;2875
P200069003;P200069003_12;L;10400;1240;0;12400;2440;2875
P200069101;P200069101_1;A;0;0;0;1200;2400;1620
P200069101;P200069101_2;B;1200;0;0;2400;2400;1620
P200069101;P200069101_3;C;2400;0;0;3600;2400;1900
P200069101;P200069101_4;D;3600;0;0;4800;2400;1620
P200069101;P200069101_5;E;4800;0;0;6000;2400;2460
P200069101;P200069101_6;F;6000;0;0;7200;2400;2000
P200069101;P200069101_7;G;7200;0;0;8400;2400;2460
P200069101;P200069101_8;H;8400;0;0;9600;2400;2460
P200069101;P200069101_9;I;9600;0;0;10800;2400;2460
P200069101;P200069101_10;J;10800;0;0;12000;2400;2500
P200069101;P200069101_11;K;12000;0;0;13200;2400;2460
P200069001;P200069001_1;A;0;0;0;2000;1200;2875
P200069001;P200069001_2;B;0;1240;0;2000;2440;2875
P200069001;P200069001_3;C;2000;1240;0;4000;2440;2875
P200069001;P200069001_4;D;2000;0;0;4000;1200;2875
P200069001;P200069001_5;E;4000;0;0;6000;1200;2875
P200069001;P200069001_6;F;4000;1240;0;6000;2440;2875
P200069001;P200069001_7;G;6000;1240;0;8000;2440;2875
P200069001;P200069001_8;H;6000;0;0;8000;1200;2875
P200069001;P200069001_9;I;8000;0;0;10000;1200;2875
P200069001;P200069001_10;J;8000;1240;0;9800;2440;2340
P200069001;P200069001_11;K;9800;1240;0;11800;2440;2875
P200069001;P200069001_12;L;10000;0;0;12000;1200;2875
P200069001;P200069001_13;M;12000;440;0;13200;2440;2875
P200069025;P200069025_1;A;0;0;0;1200;2400;2000
P200069025;P200069025_2;B;1200;0;0;2400;2400;2000
P200069025;P200069025_3;C;2400;0;0;3600;2400;1900
P200069025;P200069025_4;D;3600;0;0;4800;2400;2460
P200069025;P200069025_5;E;4800;0;0;6000;2400;2460
P200069025;P200069025_6;F;6000;0;0;7200;2400;1620
P200069025;P200069025_7;G;7200;0;0;8400;2400;2460
P200069025;P200069025_8;H;8400;0;0;9600;2400;2460
P200069025;P200069025_9;I;9600;0;0;10800;2400;2460
P200069025;P200069025_10;J;10800;0;0;12000;2400;2460
P200069025;P200069025_11;K;12000;0;0;13200;2400;2460
P200069027;P200069027_1;A;0;0;0;1200;2400;2460
P200069027;P200069027_2;B;1200;1240;0;3000;2440;2340
P200069027;P200069027_3;C;1200;0;0;3000;1200;2340
P200069027;P200069027_4;D;3000;0;0;4800;1200;2340
P200069027;P200069027_5;E;3000;1240;0;4800;2440;2340
P200069027;P200069027_6;F;4800;1240;0;6600;2440;2340
P200069027;P200069027_7;G;4800;0;0;6600;1200;2340
P200069027;P200069027_8;H;6600;0;0;8400;1200;2340
P200069027;P200069027_9;I;6600;1240;0;8400;2440;2340
P200069027;P200069027_10;J;8400;1240;0;10200;2440;2340
P200069027;P200069027_11;K;8400;0;0;10200;1200;2340
P200069027;P200069027_12;L;10200;0;0;12000;1200;2340
P200069027;P200069027_13;M;10200;1240;0;12000;2440;2340
P200069027;P200069027_14;N;12000;0;0;13200;1800;2340
P199069131;P199069131_1;A;0;0;0;2000;1200;2875
P199069131;P199069131_2;B;0;1240;0;2000;2440;2875
P199069131;P199069131_3;C;2000;1240;0;4000;2440;2875
P199069131;P199069131_4;D;2000;0;0;4000;1200;2875
P199069131;P199069131_5;E;4000;0;0;6000;1200;2875
P199069131;P199069131_6;F;4000;1240;0;6000;2440;2875
P199069131;P199069131_7;G;6000;1240;0;8000;2440;2875
P199069131;P199069131_8;H;6000;0;0;8000;1200;2875
P199069131;P199069131_9;I;8000;0;0;10000;1200;2875
P199069131;P199069131_10;J;8000;1240;0;10000;2440;2875
P199069131;P199069131_11;K;10000;1240;0;12000;2440;2875
P199069131;P199069131_12;L;10000;0;0;12000;1200;2875
P199069131;P199069131_13;M;12000;0;0;13200;2000;2875
P199069127;P199069127_1;A;0;0;0;1200;2400;1800
P199069127;P199069127_2;B;1200;1240;0;3000;2440;2340
P199069127;P199069127_3;C;1200;0;0;2400;1200;2200
P199069127;P199069127_4;D;2400;0;0;4800;1200;1900
P199069127;P199069127_5;E;3000;1240;0;4800;2440;2340
P199069127;P199069127_6;F;4800;0;0;6600;1200;2340
P199069127;P199069127_7;G;4800;1240;0;7200;2440;2460
P199069127;P199069127_8;H;6600;0;0;9000;1200;2460
P199069127;P199069127_9;I;7200;1240;0;9000;2440;2340
P199069127;P199069127_10;J;9000;1240;0;10800;2440;2340
P199069127;P199069127_11;K;9000;0;0;10800;1200;2340
P199069127;P199069127_12;L;10800;0;0;12600;1200;2340
P199069127;P199069127_13;M;10800;1240;0;12600;2440;2340
P199069127;P199069127_14;N;12600;1840;0;13400;2440;560
P199069031;P199069031_1;A;0;0;0;1200;2400;2000
P199069031;P199069031_2;B;1200;0;0;2400;2400;2000
P199069031;P199069031_3;C;2400;0;0;3600;2400;2000
P199069031;P199069031_4;D;3600;0;0;4800;2400;1620
P199069031;P199069031_5;E;4800;0;0;6000;2400;1620
P199069031;P199069031_6;F;6000;0;0;7200;2400;2000
P199069031;P199069031_7;G;7200;0;0;8400;2400;1900
P199069031;P199069031_8;H;8400;0;0;9600;2400;1900
P199069031;P199069031_9;I;9600;0;0;10800;2400;1900
P199069031;P199069031_10;J;10800;0;0;12000;2400;1900
P199069031;P199069031_11;K;12000;0;0;13200;2400;2460
P199069125;P199069125_1;A;0;1240;0;1800;2440;2340
P199069125;P199069125_2;B;0;0;0;1800;1200;2340
P199069125;P199069125_3;C;1800;0;0;3600;1200;2340
P199069125;P199069125_4;D;1800;1240;0;3600;2440;2340
P199069125;P199069125_5;E;3600;1240;0;5400;2440;2340
P199069125;P199069125_6;F;3600;0;0;5400;1200;2340
P199069125;P199069125_7;G;5400;0;0;7200;1200;2340
P199069125;P199069125_8;H;5400;1240;0;7200;2440;2340
P199069125;P199069125_9;I;7200;1240;0;9000;2440;2340
P199069125;P199069125_10;J;7200;0;0;9000;1200;2340
P199069125;P199069125_11;K;9000;0;0;10800;1200;2340
P199069125;P199069125_12;L;9000;1240;0;10800;2440;2340
P199069125;P199069125_13;M;10800;1240;0;12600;2440;2340
P199069125;P199069125_14;N;10800;0;0;13200;1200;2500
P199069011;P199069011_1;A;0;0;0;2000;1200;2875
P199069011;P199069011_2;B;0;1240;0;2000;2440;2875
P199069011;P199069011_3;C;2000;1240;0;4000;2440;2875
P199069011;P199069011_4;D;2000;0;0;4000;1200;2875
P199069011;P199069011_5;E;4000;0;0;6000;1200;2875
P199069011;P199069011_6;F;4000;1240;0;6000;2440;2875
P199069011;P199069011_7;G;6000;1240;0;8000;2440;2875
P199069011;P199069011_8;H;6000;0;0;8000;1200;2875
P199069011;P199069011_9;I;8000;0;0;10000;1200;2875
P199069011;P199069011_10;J;8000;1240;0;10000;2440;2875
P199069011;P199069011_11;K;10000;1240;0;12000;2440;2875
P199069011;P199069011_12;L;10000;0;0;12000;1200;2875
P199069011;P199069011_13;M;12000;0;0;13200;2000;2875
P199069113;P199069113_1;A;0;0;0;1200;2400;2000
P199069113;P199069113_2;B;1200;0;0;2400;2400;1900
P199069113;P199069113_3;C;2400;0;0;3600;2400;1900
P199069113;P199069113_4;D;3600;0;0;4800;2400;1900
P199069113;P199069113_5;E;4800;0;0;6000;2400;2000
P199069113;P199069113_6;F;6000;0;0;7200;2400;2460
P199069113;P199069113_7;G;7200;0;0;8400;2400;2460
P199069113;P199069113_8;H;8400;0;0;9600;2400;2460
P199069113;P199069113_9;I;9600;0;0;10800;2400;2460
P199069113;P199069113_10;J;10800;0;0;12000;2400;2460
P199069113;P199069113_11;K;12000;0;0;13200;2400;2000
P199069123;P199069123_1;A;0;0;0;1800;1200;2340
P199069123;P199069123_2;B;0;1240;0;1800;2440;2340
P199069123;P199069123_3;C;1800;1240;0;3600;2440;2340
P199069123;P199069123_4;D;1800;0;0;3600;1200;2340
P199069123;P199069123_5;E;3600;0;0;5400;1200;2340
P199069123;P199069123_6;F;3600;1240;0;5400;2440;2340
P199069123;P199069123_7;G;5400;1240;0;7200;2440;2340
P199069123;P199069123_8;H;5400;0;0;7200;1200;2340
P199069123;P199069123_9;I;7200;0;0;9000;1200;2340
P199069123;P199069123_10;J;7200;1240;0;8400;2440;2200
P199069123;P199069123_11;K;8400;1240;0;10200;2440;2340
P199069123;P199069123_12;L;9000;0;0;10800;1200;2340
P199069123;P199069123_13;M;10200;1240;0;12000;2440;2340
P199069123;P199069123_14;N;10800;0;0;13200;1200;2460
P199069123;P199069123_15;O;12000;1240;0;13200;2440;2200
P199069121;P199069121_1;A;0;0;0;1200;2400;1620
P199069121;P199069121_2;B;1200;0;0;2400;2400;1620
P199069121;P199069121_3;C;2400;0;0;3600;2400;1620
P199069121;P199069121_4;D;3600;0;0;4800;2400;1740
P199069121;P199069121_5;E;4800;0;0;6000;2400;2000
P199069121;P199069121_6;F;6000;0;0;7200;2400;2000
P199069121;P199069121_7;G;7200;0;0;8400;2400;1900
P199069121;P199069121_8;H;8400;0;0;9600;2400;1620
P199069121;P199069121_9;I;9600;0;0;10800;2400;2460
P199069121;P199069121_10;J;10800;0;0;12000;2400;2000
P199069121;P199069121_11;K;12000;0;0;13200;2400;2000
P199069119;P199069119_1;A;0;0;0;2000;1200;2875
P199069119;P199069119_2;B;0;1240;0;2000;2440;2875
P199069119;P199069119_3;C;2000;1240;0;4000;2440;2875
P199069119;P199069119_4;D;2000;0;0;4000;1200;2875
P199069119;P199069119_5;E;4000;0;0;6000;1200;2875
P199069119;P199069119_6;F;4000;1240;0;6000;2440;2875
P199069119;P199069119_7;G;6000;1240;0;8000;2440;2875
P199069119;P199069119_8;H;6000;0;0;8000;1200;2875
P199069119;P199069119_9;I;8000;0;0;10000;1200;2875
P199069119;P199069119_10;J;8000;1240;0;10000;2440;2875
P199069119;P199069119_11;K;10000;1240;0;12000;2440;2875
P199069119;P199069119_12;L;10000;0;0;12000;1200;2875
P199069119;P199069119_13;M;12000;0;0;13200;2000;2875
P199069115;P199069115_1;A;0;0;0;1800;1200;2340
P199069115;P199069115_2;B;0;1240;0;2000;2440;2250
P199069115;P199069115_3;C;1800;0;0;3800;1200;2250
P199069115;P199069115_4;D;2000;1240;0;4400;2440;2460
P199069115;P199069115_5;E;3800;0;0;6200;1200;2460
P199069115;P199069115_6;F;4400;1240;0;6800;2440;2460
P199069115;P199069115_7;G;6200;0;0;8600;1200;2460
P199069115;P199069115_8;H;6800;1240;0;9200;2440;2460
P199069115;P199069115_9;I;8600;0;0;11000;1200;2460
P199069115;P199069115_10;J;9200;1240;0;11600;2440;2460
P199069115;P199069115_11;K;11000;0;0;13400;1200;2460
P199069115;P199069115_12;L;11600;1240;0;13400;2440;2340
P199069117;P199069117_1;A;0;0;0;1200;2400;2000
P199069117;P199069117_2;B;1200;40;0;2400;2440;2000
P199069117;P199069117_3;C;2400;0;0;3600;2400;1620
P199069117;P199069117_4;D;3600;0;0;4800;2400;1900
P199069117;P199069117_5;E;4800;0;0;6000;2400;1620
P199069117;P199069117_6;F;6000;0;0;7200;2400;2000
P199069117;P199069117_7;G;7200;0;0;8400;2400;2000
P199069117;P199069117_8;H;8400;0;0;9600;2400;1900
P199069117;P199069117_9;I;9600;0;0;10800;2400;2460
P199069117;P199069117_10;J;10800;0;0;12000;2400;2000
P199069015;P199069015_1;A;0;0;0;1200;2400;2460
P199069015;P199069015_2;B;1200;1240;0;3000;2440;2340
P199069015;P199069015_3;C;1200;0;0;3600;1200;2460
P199069015;P199069015_4;D;3000;1240;0;5400;2440;2460
P199069015;P199069015_5;E;3600;0;0;6000;1200;2460
P199069015;P199069015_6;F;5400;1240;0;7800;2440;2460
P199069015;P199069015_7;G;6000;0;0;7800;1200;2340
P199069015;P199069015_8;H;7800;0;0;9800;1200;2875
P199069015;P199069015_9;I;7800;1240;0;9800;2440;2875
P199069015;P199069015_10;J;9800;1240;0;11800;2440;2875
P199069015;P199069015_11;K;9800;0;0;11800;1200;2875
P199069015;P199069015_12;L;11800;0;0;13000;2000;2875
P199069013;P199069013_1;A;0;0;0;1200;2400;2460
P199069013;P199069013_2;B;1200;0;0;2400;2400;1900
P199069013;P199069013_3;C;2400;0;0;3600;2400;2460
P199069013;P199069013_4;D;3600;0;0;4800;2400;2460
P199069013;P199069013_5;E;4800;0;0;6000;2400;2460
P199069013;P199069013_6;F;6000;0;0;7200;2400;2460
P199069013;P199069013_7;G;7200;0;0;8400;2400;2460
P199069013;P199069013_8;H;8400;0;0;9600;2400;2460
P199069013;P199069013_9;I;9600;0;0;10800;2400;2460
P199069013;P199069013_10;J;10800;0;0;12000;2400;2460
P199069013;P199069013_11;K;12000;0;0;13200;2400;2000
P199069111;P199069111_1;A;0;0;0;2200;1200;1760
P199069111;P199069111_2;B;0;1240;0;2400;2440;1800
P199069111;P199069111_3;C;2200;0;0;4000;1200;2340
P199069111;P199069111_4;D;2400;1240;0;4200;2440;2340
P199069111;P199069111_5;E;4000;0;0;5800;1200;2340
P199069111;P199069111_6;F;4200;1240;0;6000;2440;2340
P199069111;P199069111_7;G;5800;0;0;7600;1200;2400
P199069111;P199069111_8;H;6000;1240;0;7800;2440;2340
P199069111;P199069111_9;I;7600;0;0;9400;1200;2340
P199069111;P199069111_10;J;7800;1240;0;9600;2440;2340
P199069111;P199069111_11;K;9400;0;0;11200;1200;2340
P199069111;P199069111_12;L;9600;1240;0;11400;2440;2340
P199069111;P199069111_13;M;11200;0;0;13200;1200;2875
P199069111;P199069111_14;N;11400;1240;0;13400;2440;2875
P199069009;P199069009_1;A;0;0;0;1200;2400;2000
P199069009;P199069009_2;B;1200;0;0;2400;2400;2000
P199069009;P199069009_3;C;2400;0;0;3600;2400;1620
P199069009;P199069009_4;D;3600;0;0;4800;2400;1900
P199069009;P199069009_5;E;4800;0;0;6000;2400;2460
P199069009;P199069009_6;F;6000;0;0;7200;2400;2460
P199069009;P199069009_7;G;7200;0;0;8400;2400;2460
P199069009;P199069009_8;H;8400;1240;0;10200;2440;2340
P199069009;P199069009_9;I;8400;0;0;10800;1200;2500
P199069009;P199069009_10;J;10200;1240;0;12600;2440;2460
P199069009;P199069009_11;K;10800;0;0;13200;1200;2460
P199069107;P199069107_1;A;0;0;0;2000;1200;2875
P199069107;P199069107_2;B;0;1240;0;2000;2440;2875
P199069107;P199069107_3;C;2000;1240;0;4000;2440;2875
P199069107;P199069107_4;D;2000;0;0;4000;1200;2875
P199069107;P199069107_5;E;4000;0;0;6000;1200;2875
P199069107;P199069107_6;F;4000;1240;0;6000;2440;2875
P199069107;P199069107_7;G;6000;1240;0;8000;2440;2875
P199069107;P199069107_8;H;6000;0;0;8000;1200;2875
P199069107;P199069107_9;I;8000;0;0;10000;1200;2875
P199069107;P199069107_10;J;8000;1240;0;10000;2440;2875
P199069107;P199069107_11;K;10000;1240;0;12000;2440;2875
P199069107;P199069107_12;L;10000;0;0;12000;1200;2875
P199069107;P199069107_13;M;12000;0;0;13200;2000;2875
P199069007;P199069007_1;A;0;0;0;1200;1200;2200
P199069007;P199069007_2;B;0;1240;0;1200;2440;2200
P199069007;P199069007_3;C;1200;0;0;2400;2400;2460
P199069007;P199069007_4;D;2400;0;0;3600;2400;2460
P199069007;P199069007_5;E;3600;0;0;4800;2400;2460
P199069007;P199069007_6;F;4800;0;0;6000;2400;2460
P199069007;P199069007_7;G;6000;0;0;7200;2400;2460
P199069007;P199069007_8;H;7200;0;0;8400;2400;2460
P199069007;P199069007_9;I;8400;0;0;9600;2400;2460
P199069007;P199069007_10;J;9600;0;0;10800;2400;1620
P199069007;P199069007_11;K;10800;1240;0;12000;2440;2200
P199069007;P199069007_12;L;10800;0;0;13200;1200;1900
P199069105;P199069105_1;A;0;0;0;1200;2400;2000
P199069105;P199069105_2;B;1200;0;0;2400;2400;1620
P199069105;P199069105_3;C;2400;0;0;3600;2400;2000
P199069105;P199069105_4;D;3600;0;0;4800;2400;2000
P199069105;P199069105_5;E;4800;0;0;6000;2400;1900
P199069105;P199069105_6;F;6000;0;0;7200;2400;2460
P199069105;P199069105_7;G;7200;0;0;8400;2400;2460
P199069105;P199069105_8;H;8400;0;0;9600;2400;2460
P199069105;P199069105_9;I;9600;0;0;10800;2400;2000
P199069105;P199069105_10;J;10800;0;0;12000;2400;1620
P199069105;P199069105_11;K;12000;0;0;13200;2400;2460
P199069005;P199069005_1;A;0;0;0;1800;1200;2340
P199069005;P199069005_2;B;0;1240;0;1800;2440;2340
P199069005;P199069005_3;C;1800;1240;0;3600;2440;2340
P199069005;P199069005_4;D;1800;0;0;4000;1200;1760
P199069005;P199069005_5;E;3600;1240;0;5400;2440;2340
P199069005;P199069005_6;F;4000;0;0;5800;1200;2340
P199069005;P199069005_7;G;5400;1240;0;7200;2440;2340
P199069005;P199069005_8;H;5800;0;0;7600;1200;2340
P199069005;P199069005_9;I;7200;1240;0;9000;2440;2340
P199069005;P199069005_10;J;7600;0;0;9400;1200;2340
P199069005;P199069005_11;K;9000;1240;0;10800;2440;2340
P199069005;P199069005_12;L;9400;0;0;11200;1200;2340
P199069005;P199069005_13;M;10800;1240;0;12600;2440;2340
P199069005;P199069005_14;N;11200;0;0;13000;1200;2340
P199069003;P199069003_1;A;0;0;0;2000;1200;2875
P199069003;P199069003_2;B;0;1240;0;2000;2440;2875
P199069003;P199069003_3;C;2000;1240;0;4000;2440;2875
P199069003;P199069003_4;D;2000;0;0;4000;1200;2875
P199069003;P199069003_5;E;4000;0;0;6000;1200;2875
P199069003;P199069003_6;F;4000;1240;0;6000;2440;2875
P199069003;P199069003_7;G;6000;1240;0;8000;2440;2875
P199069003;P199069003_8;H;6000;0;0;8000;1200;2875
P199069003;P199069003_9;I;8000;0;0;10000;1200;2875
P199069003;P199069003_10;J;8000;1240;0;10000;2440;2875
P199069003;P199069003_11;K;10000;1240;0;12000;2440;2875
P199069003;P199069003_12;L;10000;0;0;12000;1200;2875
P199069003;P199069003_13;M;12000;0;0;13200;2000;2875
P199069101;P199069101_1;A;0;0;0;1200;2400;2460
P199069101;P199069101_2;B;1200;0;0;2400;2400;2000
P199069101;P199069101_3;C;2400;0;0;3600;2400;2460
P199069101;P199069101_4;D;3600;0;0;4800;2400;2460
P199069101;P199069101_5;E;4800;0;0;6000;2400;1900
P199069101;P199069101_6;F;6000;0;0;7200;2400;1620
P199069101;P199069101_7;G;7200;0;0;8400;2400;2460
P199069101;P199069101_8;H;8400;0;0;9600;2400;2460
P199069101;P199069101_9;I;9600;0;0;10800;2400;2460
P199069101;P199069101_10;J;10800;0;0;12000;2400;2460
P199069101;P199069101_11;K;12000;0;0;13200;2400;2460
P199069001;P199069001_1;A;0;1240;0;2000;2440;2875
P199069001;P199069001_2;B;0;0;0;2000;1200;2875
P199069001;P199069001_3;C;2000;0;0;4000;1200;2875
P199069001;P199069001_4;D;2000;1240;0;4000;2440;2875
P199069001;P199069001_5;E;4000;1240;0;6000;2440;2875
P199069001;P199069001_6;F;4000;0;0;6000;1200;2875
P199069001;P199069001_7;G;6000;0;0;8000;1200;2875
P199069001;P199069001_8;H;6000;1240;0;8000;2440;2875
P199069001;P199069001_9;I;8000;1240;0;10000;2440;2875
P199069001;P199069001_10;J;8000;0;0;10000;1200;2875
P199069001;P199069001_11;K;10000;0;0;12000;1200;2875
P199069001;P199069001_12;L;10000;1240;0;12000;2440;2875
P199069001;P199069001_13;M;12000;0;0;13200;2400;2460
P199069025;P199069025_1;A;0;0;0;1200;2400;2460
P199069025;P199069025_2;B;1200;0;0;2400;2400;2000
P199069025;P199069025_3;C;2400;0;0;3600;2400;2000
P199069025;P199069025_4;D;3600;0;0;4800;2400;2000
P199069025;P199069025_5;E;4800;0;0;6000;2400;2000
P199069025;P199069025_6;F;6000;0;0;7200;2400;1900
P199069025;P199069025_7;G;7200;0;0;8400;2400;1900
P199069025;P199069025_8;H;8400;0;0;9600;2400;1900
P199069025;P199069025_9;I;9600;0;0;10800;2400;1620
P199069025;P199069025_10;J;10800;1240;0;12800;2440;2250
P199069025;P199069025_11;K;10800;0;0;13200;1200;2460
P199069027;P199069027_1;A;0;0;0;1200;2400;2460
P199069027;P199069027_2;B;1200;1240;0;3000;2440;2340
P199069027;P199069027_3;C;1200;0;0;2400;1200;2200
P199069027;P199069027_4;D;2400;0;0;4200;1200;2340
P199069027;P199069027_5;E;3000;1240;0;4800;2440;2340
P199069027;P199069027_6;F;4200;0;0;6000;1200;2340
P199069027;P199069027_7;G;4800;1240;0;6600;2440;2340
P199069027;P199069027_8;H;6000;0;0;7800;1200;2340
P199069027;P199069027_9;I;6600;1240;0;8400;2440;2340
P199069027;P199069027_10;J;7800;0;0;9600;1200;2340
P199069027;P199069027_11;K;8400;1240;0;10200;2440;2340
P199069027;P199069027_12;L;9600;0;0;11400;1200;2340
P199069027;P199069027_13;M;10200;1240;0;12000;2440;2340
P199069027;P199069027_14;N;11400;0;0;13200;1200;2340
P199069027;P199069027_15;O;12000;1240;0;13200;2440;2200
P198069131;P198069131_1;A;0;0;0;2000;1200;2875
P198069131;P198069131_2;B;0;1240;0;2000;2440;2875
P198069131;P198069131_3;C;2000;1240;0;4000;2440;2875
P198069131;P198069131_4;D;2000;0;0;4000;1200;2875
P198069131;P198069131_5;E;4000;0;0;6000;1200;2875
P198069131;P198069131_6;F;4000;1240;0;6000;2440;2875
P198069131;P198069131_7;G;6000;1240;0;8000;2440;2875
P198069131;P198069131_8;H;6000;0;0;8000;1200;2875
P198069131;P198069131_9;I;8000;0;0;10000;1200;2875
P198069131;P198069131_10;J;8000;1240;0;10000;2440;2875
P198069131;P198069131_11;K;10000;1240;0;12000;2440;2875
P198069131;P198069131_12;L;10000;0;0;12000;1200;2875
P198069131;P198069131_13;M;12000;0;0;13200;2000;2875
P198069127;P198069127_1;A;0;0;0;2000;1200;2875
P198069127;P198069127_2;B;0;1240;0;2000;2440;2875
P198069127;P198069127_3;C;2000;0;0;3200;2400;2000
P198069127;P198069127_4;D;3200;0;0;4400;2400;2000
P198069127;P198069127_5;E;4400;0;0;5600;2400;2000
P198069127;P198069127_6;F;5600;0;0;6800;2400;1620
P198069127;P198069127_7;G;6800;0;0;8000;2400;1620
P198069127;P198069127_8;H;8000;0;0;9200;2400;1900
P198069127;P198069127_9;I;9200;0;0;10400;2400;1900
P198069127;P198069127_10;J;10400;0;0;11600;2400;2460
P198069127;P198069127_11;K;11600;0;0;12800;2400;2460
P198069031;P198069031_1;A;0;0;0;1200;2400;2460
P198069031;P198069031_2;B;1200;40;0;2400;2440;2460
P198069031;P198069031_3;C;2400;1240;0;4200;2440;2340
P198069031;P198069031_4;D;2400;0;0;4800;1200;2460
P198069031;P198069031_5;E;4200;1240;0;6600;2440;2460
P198069031;P198069031_6;F;4800;0;0;7200;1200;1620
P198069031;P198069031_7;G;6600;1240;0;9000;2440;2000
P198069031;P198069031_8;H;7200;0;0;9600;1200;2460
P198069031;P198069031_9;I;9000;1240;0;11400;2440;2460
P198069031;P198069031_10;J;9600;0;0;12000;1200;2460
P198069031;P198069031_11;K;12000;40;0;13200;2440;2500
P198069125;P198069125_1;A;0;0;0;1800;1200;2340
P198069125;P198069125_2;B;0;1240;0;1800;2440;2340
P198069125;P198069125_3;C;1800;1240;0;3600;2440;2340
P198069125;P198069125_4;D;1800;0;0;3600;1200;2340
P198069125;P198069125_5;E;3600;0;0;5400;1200;2340
P198069125;P198069125_6;F;3600;1240;0;5400;2440;2340
P198069125;P198069125_7;G;5400;1240;0;7200;2440;2340
P198069125;P198069125_8;H;5400;0;0;7200;1200;2340
P198069125;P198069125_9;I;7200;0;0;9000;1200;2340
P198069125;P198069125_10;J;7200;1240;0;9000;2440;2340
P198069125;P198069125_11;K;9000;1240;0;10800;2440;2340
P198069125;P198069125_12;L;9000;0;0;10800;1200;2340
P198069125;P198069125_13;M;10800;0;0;12600;1200;2340
P198069125;P198069125_14;N;10800;1240;0;12000;2440;2200
P198069011;P198069011_1;A;0;0;0;2000;1200;2875
P198069011;P198069011_2;B;0;1240;0;2000;2440;2875
P198069011;P198069011_3;C;2000;1240;0;4000;2440;2875
P198069011;P198069011_4;D;2000;0;0;4000;1200;2875
P198069011;P198069011_5;E;4000;0;0;6000;1200;2875
P198069011;P198069011_6;F;4000;1240;0;6000;2440;2875
P198069011;P198069011_7;G;6000;1240;0;8000;2440;2875
P198069011;P198069011_8;H;6000;0;0;8000;1200;2875
P198069011;P198069011_9;I;8000;0;0;10000;1200;2875
P198069011;P198069011_10;J;8000;1240;0;10000;2440;2875
P198069011;P198069011_11;K;10000;1240;0;12000;2440;2875
P198069011;P198069011_12;L;10000;0;0;12000;1200;2875
P198069011;P198069011_13;M;12000;0;0;13200;2000;2875
P198069113;P198069113_1;A;0;0;0;1200;2400;2000
P198069113;P198069113_2;B;1200;0;0;2400;2400;2000
P198069113;P198069113_3;C;2400;0;0;3600;2400;2000
P198069113;P198069113_4;D;3600;0;0;4800;2400;1620
P198069113;P198069113_5;E;4800;0;0;6000;2400;1620
P198069113;P198069113_6;F;6000;0;0;7200;2400;1740
P198069113;P198069113_7;G;7200;0;0;8400;2400;1620
P198069113;P198069113_8;H;8400;0;0;9600;2400;2460
P198069113;P198069113_9;I;9600;0;0;10800;2400;2460
P198069113;P198069113_10;J;10800;0;0;12000;2400;1900
P198069113;P198069113_11;K;12000;0;0;13200;2400;1900
P198069123;P198069123_1;A;0;0;0;1800;1200;2340
P198069123;P198069123_2;B;0;1240;0;1800;2440;2340
P198069123;P198069123_3;C;1800;1240;0;3600;2440;2340
P198069123;P198069123_4;D;1800;0;0;3600;1200;2340
P198069123;P198069123_5;E;3600;0;0;5400;1200;2340
P198069123;P198069123_6;F;3600;1240;0;5400;2440;2340
P198069123;P198069123_7;G;5400;1240;0;7200;2440;2340
P198069123;P198069123_8;H;5400;0;0;7200;1200;2340
P198069123;P198069123_9;I;7200;0;0;9000;1200;2340
P198069123;P198069123_10;J;7200;1240;0;9000;2440;2340
P198069123;P198069123_11;K;9000;1240;0;10800;2440;2340
P198069123;P198069123_12;L;9000;0;0;10800;1200;2340
P198069123;P198069123_13;M;10800;0;0;12600;1200;2340
P198069123;P198069123_14;N;10800;1240;0;12600;2440;2340
P198069123;P198069123_15;O;12600;1840;0;13400;2440;560
P198069121;P198069121_1;A;0;0;0;1200;2400;2460
P198069121;P198069121_2;B;1200;0;0;2400;2400;2460
P198069121;P198069121_3;C;2400;0;0;3600;2400;2460
P198069121;P198069121_4;D;3600;0;0;4800;2400;2460
P198069121;P198069121_5;E;4800;0;0;6000;2400;2460
P198069121;P198069121_6;F;6000;0;0;7200;2400;2460
P198069121;P198069121_7;G;7200;0;0;8400;2400;2460
P198069121;P198069121_8;H;8400;0;0;9600;2400;2460
P198069121;P198069121_9;I;9600;0;0;10800;2400;2460
P198069121;P198069121_10;J;10800;0;0;12000;2400;2460
P198069121;P198069121_11;K;12000;0;0;13200;2400;2460
P198069021;P198069021_1;A;0;0;0;1200;2400;1800
P198069021;P198069021_2;B;1200;1240;0;3000;2440;2340
P198069021;P198069021_3;C;1200;0;0;3400;1200;1760
P198069021;P198069021_4;D;3000;1240;0;4800;2440;2340
P198069021;P198069021_5;E;3400;0;0;5600;1200;1760
P198069021;P198069021_6;F;4800;1240;0;6600;2440;2340
P198069021;P198069021_7;G;5600;0;0;7600;1200;2250
P198069021;P198069021_8;H;6600;1240;0;8600;2440;2250
P198069021;P198069021_9;I;7600;0;0;10000;1200;2000
P198069021;P198069021_10;J;8600;1240;0;10400;2440;2340
P198069021;P198069021_11;K;10000;0;0;11800;1200;2340
P198069021;P198069021_12;L;10400;1240;0;11600;2440;2200
P198069021;P198069021_13;M;11600;1240;0;13400;2440;2340
P198069021;P198069021_14;N;11800;0;0;13000;1200;2200
P198069119;P198069119_1;A;0;1240;0;2000;2440;2875
P198069119;P198069119_2;B;0;0;0;2000;1200;2875
P198069119;P198069119_3;C;2000;0;0;4000;1200;2875
P198069119;P198069119_4;D;2000;1240;0;4000;2440;2875
P198069119;P198069119_5;E;4000;0;0;5200;2400;2460
P198069119;P198069119_6;F;5200;0;0;7200;1200;2875
P198069119;P198069119_7;G;5200;1240;0;7200;2440;2875
P198069119;P198069119_8;H;7200;1240;0;9200;2440;2875
P198069119;P198069119_9;I;7200;0;0;9200;1200;2875
P198069119;P198069119_10;J;9200;0;0;11200;1200;2875
P198069119;P198069119_11;K;9200;1240;0;11600;2440;2460
P198069119;P198069119_12;L;11200;0;0;13200;1200;2250
P198069119;P198069119_13;M;11600;1240;0;13400;2440;2340
P198069019;P198069019_1;A;0;0;0;1200;2400;1900
P198069019;P198069019_2;B;1200;0;0;2400;2400;2000
P198069019;P198069019_3;C;2400;0;0;3600;2400;2000
P198069019;P198069019_4;D;3600;0;0;4800;2400;1620
P198069019;P198069019_5;E;4800;0;0;6000;2400;1620
P198069019;P198069019_6;F;6000;0;0;7200;2400;1900
P198069019;P198069019_7;G;7200;0;0;8400;2400;2460
P198069019;P198069019_8;H;8400;0;0;9600;2400;2460
P198069019;P198069019_9;I;9600;0;0;10800;2400;2460
P198069019;P198069019_10;J;10800;0;0;12000;2400;2460
P198069019;P198069019_11;K;12000;0;0;13200;2400;2460
P198069115;P198069115_1;A;0;0;0;1800;1200;2340
P198069115;P198069115_2;B;0;1240;0;1800;2440;2340
P198069115;P198069115_3;C;1800;1240;0;3600;2440;2340
P198069115;P198069115_4;D;1800;0;0;3600;1200;2340
P198069115;P198069115_5;E;3600;0;0;5400;1200;2340
P198069115;P198069115_6;F;3600;1240;0;5400;2440;2340
P198069115;P198069115_7;G;5400;1240;0;7200;2440;2340
P198069115;P198069115_8;H;5400;0;0;7800;1200;1900
P198069115;P198069115_9;I;7200;1240;0;9600;2440;2460
P198069115;P198069115_10;J;7800;0;0;10200;1200;2460
P198069115;P198069115_11;K;9600;1240;0;12000;2440;2460
P198069115;P198069115_12;L;10200;0;0;12600;1200;2460
P198069117;P198069117_1;A;0;0;0;1200;2400;1620
P198069117;P198069117_2;B;1200;0;0;2400;2400;2000
P198069117;P198069117_3;C;2400;0;0;3600;2400;2000
P198069117;P198069117_4;D;3600;0;0;4800;2400;2000
P198069117;P198069117_5;E;4800;0;0;6000;2400;2460
P198069117;P198069117_6;F;6000;0;0;7200;2400;2460
P198069117;P198069117_7;G;7200;0;0;8400;2400;2460
P198069117;P198069117_8;H;8400;0;0;9600;2400;2460
P198069117;P198069117_9;I;9600;0;0;10800;2400;2460
P198069117;P198069117_10;J;10800;0;0;12000;2400;2000
P198069117;P198069117_11;K;12000;0;0;13200;2400;2500
P198069017;P198069017_1;A;0;0;0;1200;2400;1800
P198069017;P198069017_2;B;1200;1240;0;3000;2440;2340
P198069017;P198069017_3;C;1200;0;0;3000;1200;2340
P198069017;P198069017_4;D;3000;0;0;4800;1200;2340
P198069017;P198069017_5;E;3000;1240;0;4800;2440;2340
P198069017;P198069017_6;F;4800;0;0;6000;2400;1620
P198069017;P198069017_7;G;6000;0;0;7200;2400;1900
P198069017;P198069017_8;H;7200;1240;0;9000;2440;2340
P198069017;P198069017_9;I;7200;0;0;9000;1200;2340
P198069017;P198069017_10;J;9000;0;0;10800;1200;2340
P198069017;P198069017_11;K;9000;1240;0;10800;2440;2340
P198069017;P198069017_12;L;10800;1240;0;12600;2440;2340
P198069017;P198069017_13;M;10800;0;0;13200;1200;2460
P198069015;P198069015_1;A;0;0;0;2000;1200;2875
P198069015;P198069015_2;B;0;1240;0;2000;2440;2875
P198069015;P198069015_3;C;2000;1240;0;4000;2440;2875
P198069015;P198069015_4;D;2000;0;0;4000;1200;2875
P198069015;P198069015_5;E;4000;0;0;6000;1200;2875
P198069015;P198069015_6;F;4000;1240;0;6000;2440;2875
P198069015;P198069015_7;G;6000;1240;0;8000;2440;2875
P198069015;P198069015_8;H;6000;0;0;8000;1200;2875
P198069015;P198069015_9;I;8000;0;0;10000;1200;2875
P198069015;P198069015_10;J;8000;1240;0;10000;2440;2875
P198069015;P198069015_11;K;10000;1240;0;12000;2440;2875
P198069015;P198069015_12;L;10000;0;0;12000;1200;2875
P198069015;P198069015_13;M;12000;0;0;13200;2000;2875
P198069013;P198069013_1;A;0;0;0;1200;2400;2000
P198069013;P198069013_2;B;1200;0;0;2400;2400;2460
P198069013;P198069013_3;C;2400;0;0;3600;2400;2460
P198069013;P198069013_4;D;3600;0;0;4800;2400;1620
P198069013;P198069013_5;E;4800;0;0;6000;2400;1900
P198069013;P198069013_6;F;6000;0;0;7200;2400;2460
P198069013;P198069013_7;G;7200;0;0;8400;2400;2460
P198069013;P198069013_8;H;8400;0;0;9600;2400;2460
P198069013;P198069013_9;I;9600;0;0;10800;2400;2460
P198069013;P198069013_10;J;10800;0;0;12000;2400;2460
P198069013;P198069013_11;K;12000;0;0;13200;2400;2460
P198069111;P198069111_1;A;0;0;0;2000;1200;2875
P198069111;P198069111_2;B;0;1240;0;2000;2440;2875
P198069111;P198069111_3;C;2000;1240;0;4000;2440;2875
P198069111;P198069111_4;D;2000;0;0;4000;1200;2875
P198069111;P198069111_5;E;4000;0;0;6000;1200;2875
P198069111;P198069111_6;F;4000;1240;0;6000;2440;2875
P198069111;P198069111_7;G;6000;1240;0;7800;2440;2340
P198069111;P198069111_8;H;6000;0;0;7800;1200;2340
P198069111;P198069111_9;I;7800;0;0;9600;1200;2340
P198069111;P198069111_10;J;7800;1240;0;9800;2440;2875
P198069111;P198069111_11;K;9600;0;0;11600;1200;2875
P198069111;P198069111_12;L;9800;1240;0;11800;2440;2875
P198069111;P198069111_13;M;11600;0;0;13400;1200;2340
P198069111;P198069111_14;N;11800;1240;0;13000;2440;2200
P198069009;P198069009_1;A;0;0;0;1200;2400;1900
P198069009;P198069009_2;B;1200;0;0;2400;2400;2000
P198069009;P198069009_3;C;2400;0;0;3600;2400;2000
P198069009;P198069009_4;D;3600;0;0;4800;2400;2000
P198069009;P198069009_5;E;4800;0;0;6000;2400;2460
P198069009;P198069009_6;F;6000;0;0;7200;2400;2460
P198069009;P198069009_7;G;7200;0;0;8400;2400;2460
P198069009;P198069009_8;H;8400;0;0;9600;2400;1620
P198069009;P198069009_9;I;9600;0;0;10800;2400;1900
P198069009;P198069009_10;J;10800;0;0;12000;2400;2460
P198069009;P198069009_11;K;12000;0;0;13200;2400;2460
P198069107;P198069107_1;A;0;0;0;2000;1200;2875
P198069107;P198069107_2;B;0;1240;0;2000;2440;2875
P198069107;P198069107_3;C;2000;1240;0;4000;2440;2875
P198069107;P198069107_4;D;2000;0;0;4000;1200;2875
P198069107;P198069107_5;E;4000;0;0;6000;1200;2875
P198069107;P198069107_6;F;4000;1240;0;6000;2440;2875
P198069107;P198069107_7;G;6000;1240;0;8000;2440;2875
P198069107;P198069107_8;H;6000;0;0;8000;1200;2875
P198069107;P198069107_9;I;8000;0;0;10000;1200;2875
P198069107;P198069107_10;J;8000;1240;0;10000;2440;2875
P198069107;P198069107_11;K;10000;1240;0;12000;2440;2875
P198069107;P198069107_12;L;10000;0;0;12000;1200;2875
P198069107;P198069107_13;M;12000;0;0;13200;2000;2875
P198069007;P198069007_1;A;0;0;0;2200;1200;1760
P198069007;P198069007_2;B;0;1240;0;1800;2440;2340
P198069007;P198069007_3;C;1800;1240;0;3600;2440;2340
P198069007;P198069007_4;D;2200;0;0;4000;1200;2340
P198069007;P198069007_5;E;3600;1240;0;5400;2440;2340
P198069007;P198069007_6;F;4000;0;0;5800;1200;2340
P198069007;P198069007_7;G;5400;1240;0;7200;2440;2340
P198069007;P198069007_8;H;5800;0;0;7600;1200;2340
P198069007;P198069007_9;I;7200;1240;0;9000;2440;2340
P198069007;P198069007_10;J;7600;0;0;9400;1200;2340
P198069007;P198069007_11;K;9000;1240;0;11400;2440;1620
P198069007;P198069007_12;L;9400;0;0;11800;1200;1900
P198069007;P198069007_13;M;11400;1240;0;13200;2440;2340
P198069007;P198069007_14;N;11800;0;0;13000;1200;2200
P198069105;P198069105_1;A;0;0;0;1200;2400;1620
P198069105;P198069105_2;B;1200;0;0;2400;2400;2000
P198069105;P198069105_3;C;2400;0;0;3600;2400;2000
P198069105;P198069105_4;D;3600;0;0;4800;2400;2000
P198069105;P198069105_5;E;4800;0;0;6000;2400;1900
P198069105;P198069105_6;F;6000;0;0;7200;2400;2460
P198069105;P198069105_7;G;7200;0;0;8400;2400;2460
P198069105;P198069105_8;H;8400;0;0;9600;2400;2460
P198069105;P198069105_9;I;9600;0;0;10800;2400;2460
P198069105;P198069105_10;J;10800;0;0;12000;2400;2460
P198069105;P198069105_11;K;12000;0;0;13200;2400;2460
P198069005;P198069005_1;A;0;1240;0;1800;2440;2340
P198069005;P198069005_2;B;0;0;0;1800;1200;2340
P198069005;P198069005_3;C;1800;0;0;3600;1200;2340
P198069005;P198069005_4;D;1800;1240;0;3600;2440;2340
P198069005;P198069005_5;E;3600;1240;0;5400;2440;2340
P198069005;P198069005_6;F;3600;0;0;5400;1200;2340
P198069005;P198069005_7;G;5400;0;0;7200;1200;2340
P198069005;P198069005_8;H;5400;1240;0;7200;2440;2340
P198069005;P198069005_9;I;7200;1240;0;9000;2440;2340
P198069005;P198069005_10;J;7200;0;0;9000;1200;2340
P198069005;P198069005_11;K;9000;0;0;10800;1200;2340
P198069005;P198069005_12;L;9000;1240;0;10800;2440;2340
P198069005;P198069005_13;M;10800;0;0;12000;2400;2460
P198069005;P198069005_14;N;12000;0;0;13200;2400;2460
P198069003;P198069003_1;A;0;0;0;2000;1200;2875
P198069003;P198069003_2;B;0;1240;0;2000;2440;2875
P198069003;P198069003_3;C;2000;1240;0;4000;2440;2875
P198069003;P198069003_4;D;2000;0;0;4000;1200;2875
P198069003;P198069003_5;E;4000;0;0;6000;1200;2875
P198069003;P198069003_6;F;4000;1240;0;6000;2440;2875
P198069003;P198069003_7;G;6000;1240;0;8000;2440;2875
P198069003;P198069003_8;H;6000;0;0;8000;1200;2875
P198069003;P198069003_9;I;8000;0;0;10000;1200;2875
P198069003;P198069003_10;J;8000;1240;0;10000;2440;2875
P198069003;P198069003_11;K;10000;1240;0;12000;2440;2875
P198069003;P198069003_12;L;10000;0;0;12000;1200;2875
P198069003;P198069003_13;M;12000;0;0;13200;2000;2875
Q198069003_1;Q198069003_1_1;A;0;0;0;2000;1200;2875
Q198069003_1;Q198069003_1_2;B;0;1240;0;2000;2440;2875
Q198069003_1;Q198069003_1_3;C;2000;1240;0;4000;2440;2875
Q198069003_1;Q198069003_1_4;D;2000;0;0;4000;1200;2875
Q198069003_1;Q198069003_1_5;E;4000;0;0;6000;1200;2875
Q198069003_1;Q198069003_1_6;F;4000;1240;0;6000;2440;2875
Q198069003_1;Q198069003_1_7;G;6000;1240;0;8000;2440;2875
Q198069003_1;Q198069003_1_8;H;6000;0;0;8000;1200;2875
Q198069003_1;Q198069003_1_9;I;8000;0;0;10000;1200;2875
Q198069003_1;Q198069003_1_10;J;8000;1240;0;10000;2440;2875
Q198069003_1;Q198069003_1_11;K;10000;1240;0;12000;2440;2875
Q198069003_1;Q198069003_1_12;L;10000;0;0;12000;1200;2875
Q198069003_1;Q198069003_1_13;M;12000;0;0;13200;2000;2875
Q198069003_2;Q198069003_2_1;A;0;0;0;2000;1200;2875
Q198069003_2;Q198069003_2_2;B;0;1240;0;2000;2440;2875
Q198069003_2;Q198069003_2_3;C;2000;1240;0;4000;2440;2875
Q198069003_2;Q198069003_2_4;D;2000;0;0;4000;1200;2875
Q198069003_2;Q198069003_2_5;E;4000;0;0;6000;1200;2875
Q198069003_2;Q198069003_2_6;F;4000;1240;0;6400;2440;2460
Q198069003_2;Q198069003_2_7;G;6000;0;0;8400;1200;2460
Q198069003_2;Q198069003_2_8;H;6400;1240;0;8800;2440;2460
P198069101;P198069101_1;A;0;0;0;1200;2400;2460
P198069101;P198069101_2;B;1200;0;0;2400;2400;2460
P198069101;P198069101_3;C;2400;0;0;3600;2400;1620
P198069101;P198069101_4;D;3600;0;0;4800;2400;1900
P198069101;P198069101_5;E;4800;0;0;6000;2400;2000
P198069101;P198069101_6;F;6000;0;0;7200;2400;2460
P198069101;P198069101_7;G;7200;0;0;8400;2400;2460
P198069101;P198069101_8;H;8400;0;0;9600;2400;2000
P198069101;P198069101_9;I;9600;0;0;10800;2400;1900
P198069101;P198069101_10;J;10800;0;0;12000;2400;2460
P198069101;P198069101_11;K;12000;0;0;13200;2400;2460
Q198069101_1;Q198069101_1_1;A;0;0;0;1200;2400;1620
Q198069101_1;Q198069101_1_2;B;1200;0;0;2400;2400;2500
Q198069101_1;Q198069101_1_3;C;2400;0;0;3600;2400;1620
Q198069101_1;Q198069101_1_4;D;3600;0;0;4800;2400;2000
Q198069101_1;Q198069101_1_5;E;4800;0;0;6000;2400;2000
Q198069101_1;Q198069101_1_6;F;6000;0;0;7200;2400;2000
Q198069101_1;Q198069101_1_7;G;7200;0;0;8400;2400;1900
Q198069101_1;Q198069101_1_8;H;8400;0;0;9600;2400;2460
Q198069101_1;Q198069101_1_9;I;9600;0;0;10800;2400;2460
Q198069101_1;Q198069101_1_10;J;10800;0;0;12000;2400;2460
Q198069101_1;Q198069101_1_11;K;12000;0;0;13200;2400;2460
P180069131;P180069131_1;A;0;0;0;2000;1200;2875
P180069131;P180069131_2;B;0;1240;0;2000;2440;2875
P180069131;P180069131_3;C;2000;1240;0;4000;2440;2875
P180069131;P180069131_4;D;2000;0;0;4000;1200;2875
P180069131;P180069131_5;E;4000;0;0;6000;1200;2875
P180069131;P180069131_6;F;4000;1240;0;6000;2440;2875
P180069131;P180069131_7;G;6000;1240;0;8000;2440;2875
P180069131;P180069131_8;H;6000;0;0;8000;1200;2875
P180069131;P180069131_9;I;8000;0;0;10000;1200;2875
P180069131;P180069131_10;J;8000;1240;0;10000;2440;2875
P180069131;P180069131_11;K;10000;1240;0;12000;2440;2875
P180069131;P180069131_12;L;10000;0;0;12000;1200;2875
P180069011;P180069011_1;A;0;0;0;1200;2400;2460
P180069011;P180069011_2;B;1200;0;0;2400;2400;2460
P180069011;P180069011_3;C;2400;0;0;3600;2400;2460
P180069011;P180069011_4;D;3600;0;0;4800;2400;2460
P180069011;P180069011_5;E;4800;0;0;6800;1200;2875
P180069011;P180069011_6;F;4800;1240;0;6800;2440;2875
P180069011;P180069011_7;G;6800;1240;0;8800;2440;2875
P180069011;P180069011_8;H;6800;0;0;8600;1200;2340
P180069011;P180069011_9;I;8600;0;0;11000;1200;2460
P180069011;P180069011_10;J;8800;1240;0;11200;2440;2460
P180069011;P180069011_11;K;11000;0;0;13400;1200;2460
P180069011;P180069011_12;L;11200;1240;0;13200;2440;2875
P180069113;P180069113_1;A;0;0;0;1200;2400;2500
P180069113;P180069113_2;B;1200;0;0;2400;2400;2000
P180069113;P180069113_3;C;2400;0;0;3600;2400;2000
P180069113;P180069113_4;D;3600;0;0;4800;2400;2460
P180069113;P180069113_5;E;4800;0;0;6000;2400;1900
P180069113;P180069113_6;F;6000;0;0;7200;2400;1620
P180069113;P180069113_7;G;7200;0;0;8400;2400;1620
P180069113;P180069113_8;H;8400;0;0;9600;2400;2000
P180069113;P180069113_9;I;9600;0;0;10800;2400;2000
P180069113;P180069113_10;J;10800;0;0;12000;2400;1900
P180069113;P180069113_11;K;12000;0;0;13200;2400;2460
P180069119;P180069119_1;A;0;0;0;2000;1200;2875
P180069119;P180069119_2;B;0;1240;0;2000;2440;2875
P180069119;P180069119_3;C;2000;1240;0;4000;2440;2875
P180069119;P180069119_4;D;2000;0;0;4000;1200;2875
P180069119;P180069119_5;E;4000;0;0;6000;1200;2875
P180069119;P180069119_6;F;4000;1240;0;6000;2440;2875
P180069119;P180069119_7;G;6000;1240;0;8000;2440;2875
P180069119;P180069119_8;H;6000;0;0;8000;1200;2875
P180069119;P180069119_9;I;8000;0;0;10000;1200;2875
P180069119;P180069119_10;J;8000;1240;0;10000;2440;2875
P180069119;P180069119_11;K;10000;1240;0;12000;2440;2875
P180069119;P180069119_12;L;10000;0;0;12000;1200;2875
P180069119;P180069119_13;M;12000;0;0;13200;2000;2875
P180069019;P180069019_1;A;0;0;0;1200;2400;2460
P180069019;P180069019_2;B;1200;0;0;2400;2400;2460
P180069019;P180069019_3;C;2400;0;0;3600;2400;2460
P180069019;P180069019_4;D;3600;0;0;4800;2400;1620
P180069019;P180069019_5;E;4800;0;0;6000;2400;2000
P180069019;P180069019_6;F;6000;0;0;7200;2400;2000
P180069019;P180069019_7;G;7200;0;0;8400;2400;1900
P180069019;P180069019_8;H;8400;0;0;9600;2400;2460
P180069019;P180069019_9;I;9600;0;0;10800;2400;2460
P180069019;P180069019_10;J;10800;0;0;12000;2400;2460
P180069019;P180069019_11;K;12000;0;0;13200;2400;2000
P180069115;P180069115_1;A;0;0;0;1800;1200;2340
P180069115;P180069115_2;B;0;1240;0;1800;2440;2340
P180069115;P180069115_3;C;1800;1240;0;3600;2440;2340
P180069115;P180069115_4;D;1800;0;0;3600;1200;2340
P180069115;P180069115_5;E;3600;0;0;5400;1200;2340
P180069115;P180069115_6;F;3600;1240;0;5400;2440;2340
P180069115;P180069115_7;G;5400;1240;0;7200;2440;2340
P180069115;P180069115_8;H;5400;0;0;7200;1200;2340
P180069115;P180069115_9;I;7200;0;0;9000;1200;2340
P180069115;P180069115_10;J;7200;1240;0;9000;2440;2340
P180069115;P180069115_11;K;9000;1240;0;10200;2440;2200
P180069115;P180069115_12;L;9000;0;0;10800;1200;2340
P180069115;P180069115_13;M;10200;1240;0;12000;2440;2340
P180069115;P180069115_14;N;10800;0;0;12600;1200;2340
P180069115;P180069115_15;O;12000;1240;0;13200;2440;2200
P180069015;P180069015_1;A;0;0;0;1200;2400;2460
P180069015;P180069015_2;B;1200;0;0;2400;2400;2460
P180069015;P180069015_3;C;2400;0;0;3600;2400;2460
P180069015;P180069015_4;D;3600;0;0;4800;2400;2460
P180069015;P180069015_5;E;4800;0;0;6000;2400;2460
P180069015;P180069015_6;F;6000;1240;0;8000;2440;2875
P180069015;P180069015_7;G;6000;0;0;8000;1200;2875
P180069015;P180069015_8;H;8000;0;0;10000;1200;2875
P180069015;P180069015_9;I;8000;1240;0;10000;2440;2875
P180069015;P180069015_10;J;10000;0;0;11200;2400;2460
P180069015;P180069015_11;K;11200;0;0;12400;2400;2460
P180069013;P180069013_1;A;0;0;0;1200;2400;1620
P180069013;P180069013_2;B;1200;0;0;2400;2400;1900
P180069013;P180069013_3;C;2400;0;0;3600;2400;2000
P180069013;P180069013_4;D;3600;0;0;4800;2400;1900
P180069013;P180069013_5;E;4800;0;0;6000;2400;2460
P180069013;P180069013_6;F;6000;0;0;7200;2400;2000
P180069013;P180069013_7;G;7200;0;0;8400;2400;1620
P180069013;P180069013_8;H;8400;0;0;9600;2400;2460
P180069013;P180069013_9;I;9600;0;0;10800;2400;2460
P180069013;P180069013_10;J;10800;0;0;12000;2400;2460
P180069013;P180069013_11;K;12000;0;0;13200;2400;2460
P180069111;P180069111_1;A;0;0;0;1800;1200;2340
P180069111;P180069111_2;B;0;1240;0;1800;2440;2340
P180069111;P180069111_3;C;1800;1240;0;3600;2440;2340
P180069111;P180069111_4;D;1800;0;0;3600;1200;2340
P180069111;P180069111_5;E;3600;0;0;5400;1200;2340
P180069111;P180069111_6;F;3600;1240;0;5400;2440;2340
P180069111;P180069111_7;G;5400;1240;0;7200;2440;2340
P180069111;P180069111_8;H;5400;0;0;7600;1200;1760
P180069111;P180069111_9;I;7200;1240;0;9000;2440;2340
P180069111;P180069111_10;J;7600;0;0;9400;1200;2340
P180069111;P180069111_11;K;9000;1240;0;10800;2440;2340
P180069111;P180069111_12;L;9400;0;0;11200;1200;2340
P180069111;P180069111_13;M;10800;1240;0;12600;2440;2340
P180069111;P180069111_14;N;11200;0;0;13000;1200;2340
P180069111;P180069111_15;O;12600;1200;0;13400;1800;560
P180069009;P180069009_1;A;0;0;0;1200;2400;2460
P180069009;P180069009_2;B;1200;0;0;2400;2400;2460
P180069009;P180069009_3;C;2400;0;0;4400;1200;2250
P180069009;P180069009_4;D;2400;1240;0;4800;2440;2460
P180069009;P180069009_5;E;4400;0;0;6800;1200;2500
P180069009;P180069009_6;F;4800;1240;0;7200;2440;1900
P180069009;P180069009_7;G;6800;0;0;9200;1200;1620
P180069009;P180069009_8;H;7200;1240;0;9600;2440;2000
P180069009;P180069009_9;I;9200;0;0;11600;1200;2000
P180069009;P180069009_10;J;9600;1240;0;12000;2440;2000
P180069009;P180069009_11;K;12000;0;0;13200;2400;2460
P180069107;P180069107_1;A;0;0;0;2000;1200;2875
P180069107;P180069107_2;B;0;1240;0;2000;2440;2875
P180069107;P180069107_3;C;2000;1240;0;4000;2440;2875
P180069107;P180069107_4;D;2000;0;0;4000;1200;2875
P180069107;P180069107_5;E;4000;0;0;6000;1200;2875
P180069107;P180069107_6;F;4000;1240;0;6000;2440;2875
P180069107;P180069107_7;G;6000;1240;0;8000;2440;2875
P180069107;P180069107_8;H;6000;0;0;8000;1200;2875
P180069107;P180069107_9;I;8000;0;0;10000;1200;2875
P180069107;P180069107_10;J;8000;1240;0;10000;2440;2875
P180069107;P180069107_11;K;10000;1240;0;12000;2440;2875
P180069107;P180069107_12;L;10000;0;0;12000;1200;2875
P180069107;P180069107_13;M;12000;0;0;13200;2000;2875
P180069007;P180069007_1;A;0;0;0;1800;1200;2340
P180069007;P180069007_2;B;0;1240;0;2400;2440;1800
P180069007;P180069007_3;C;1800;0;0;3600;1200;2340
P180069007;P180069007_4;D;2400;1240;0;4200;2440;2340
P180069007;P180069007_5;E;3600;0;0;5400;1200;2340
P180069007;P180069007_6;F;4200;1240;0;6000;2440;2340
P180069007;P180069007_7;G;5400;0;0;7200;1200;2340
P180069007;P180069007_8;H;6000;1240;0;8400;2440;1900
P180069007;P180069007_9;I;7200;0;0;9600;1200;1620
P180069007;P180069007_10;J;8400;1240;0;9600;2440;2200
P180069007;P180069007_11;K;9600;0;0;10800;2400;2460
P180069007;P180069007_12;L;10800;0;0;12000;2400;2460
P180069007;P180069007_13;M;12000;0;0;13200;2400;2460
P180069105;P180069105_1;A;0;0;0;1200;2400;2460
P180069105;P180069105_2;B;1200;0;0;2400;2400;2460
P180069105;P180069105_3;C;2400;0;0;3600;2400;1620
P180069105;P180069105_4;D;3600;0;0;4800;2400;2000
P180069105;P180069105_5;E;4800;0;0;6000;2400;1900
P180069105;P180069105_6;F;6000;0;0;7200;2400;2460
P180069105;P180069105_7;G;7200;0;0;8400;2400;2460
P180069105;P180069105_8;H;8400;0;0;9600;2400;2000
P180069105;P180069105_9;I;9600;0;0;10800;2400;2460
P180069105;P180069105_10;J;10800;0;0;12000;2400;2460
P180069105;P180069105_11;K;12000;0;0;13200;2400;2000
P180069005;P180069005_1;A;0;1240;0;1800;2440;2340
P180069005;P180069005_2;B;0;0;0;1800;1200;2340
P180069005;P180069005_3;C;1800;0;0;3600;1200;2340
P180069005;P180069005_4;D;1800;1240;0;3600;2440;2340
P180069005;P180069005_5;E;3600;1240;0;5400;2440;2340
P180069005;P180069005_6;F;3600;0;0;5400;1200;2340
P180069005;P180069005_7;G;5400;0;0;7200;1200;2340
P180069005;P180069005_8;H;5400;1240;0;7200;2440;2340
P180069005;P180069005_9;I;7200;1240;0;8400;2440;2200
P180069005;P180069005_10;J;7200;0;0;9600;1200;1620
P180069005;P180069005_11;K;8400;1240;0;10800;2440;1900
P180069005;P180069005_12;L;9600;0;0;11400;1200;2340
P180069005;P180069005_13;M;10800;1240;0;12600;2440;2340
P180069005;P180069005_14;N;11400;0;0;13200;1200;2340
P180069003;P180069003_1;A;0;1240;0;2000;2440;2875
P180069003;P180069003_2;B;0;0;0;2000;1200;2875
P180069003;P180069003_3;C;2000;0;0;4000;1200;2875
P180069003;P180069003_4;D;2000;1240;0;4000;2440;2875
P180069003;P180069003_5;E;4000;1240;0;6000;2440;2875
P180069003;P180069003_6;F;4000;0;0;6000;1200;2875
P180069003;P180069003_7;G;6000;0;0;8000;1200;2875
P180069003;P180069003_8;H;6000;1240;0;8000;2440;2875
P180069003;P180069003_9;I;8000;1240;0;10000;2440;2875
P180069003;P180069003_10;J;8000;0;0;10000;1200;2875
P180069003;P180069003_11;K;10000;0;0;12000;1200;2875
P180069003;P180069003_12;L;10000;1240;0;12000;2440;2875
P180069003;P180069003_13;M;12000;0;0;13200;2400;2460
P180069101;P180069101_1;A;0;0;0;2000;1200;2250
P180069101;P180069101_2;B;0;1240;0;2400;2440;2460
P180069101;P180069101_3;C;2000;0;0;4400;1200;2460
P180069101;P180069101_4;D;2400;1240;0;4800;2440;2460
P180069101;P180069101_5;E;4400;0;0;6800;1200;2460
P180069101;P180069101_6;F;4800;1240;0;7200;2440;2460
P180069101;P180069101_7;G;6800;0;0;9200;1200;2500
P180069101;P180069101_8;H;7200;1240;0;9600;2440;1900
P180069101;P180069101_9;I;9200;0;0;11600;1200;2000
P180069101;P180069101_10;J;9600;1240;0;12000;2440;2000
P180069101;P180069101_11;K;12000;0;0;13200;2400;2000
P180069001;P180069001_1;A;0;0;0;2000;1200;2875
P180069001;P180069001_2;B;0;1240;0;2000;2440;2875
P180069001;P180069001_3;C;2000;1240;0;4000;2440;2875
P180069001;P180069001_4;D;2000;0;0;4000;1200;2875
P180069001;P180069001_5;E;4000;0;0;6000;1200;2875
P180069001;P180069001_6;F;4000;1240;0;6000;2440;2875
P180069001;P180069001_7;G;6000;1240;0;8000;2440;2875
P180069001;P180069001_8;H;6000;0;0;8000;1200;2875
P180069001;P180069001_9;I;8000;0;0;10000;1200;2875
P180069001;P180069001_10;J;8000;1240;0;10000;2440;2875
P180069001;P180069001_11;K;10000;1240;0;12000;2440;2875
P180069001;P180069001_12;L;10000;0;0;12000;1200;2875
P180069001;P180069001_13;M;12000;0;0;13200;2000;2875
P180069025;P180069025_1;A;0;0;0;1200;2400;1620
P180069025;P180069025_2;B;1200;1240;0;3000;2440;2340
P180069025;P180069025_3;C;1200;0;0;3600;1200;2460
P180069025;P180069025_4;D;3000;1240;0;5400;2440;2460
P180069025;P180069025_5;E;3600;0;0;6000;1200;2460
P180069025;P180069025_6;F;5400;1240;0;7800;2440;2460
P180069025;P180069025_7;G;6000;0;0;8400;1200;2460
P180069025;P180069025_8;H;7800;1240;0;10200;2440;2460
P180069025;P180069025_9;I;8400;0;0;10800;1200;2460
P180069025;P180069025_10;J;10200;1240;0;12600;2440;2460
P180069025;P180069025_11;K;10800;0;0;13200;1200;2000
P180069027;P180069027_1;A;0;0;0;1200;2400;2000
P180069027;P180069027_2;B;1200;0;0;2400;2400;2000
P180069027;P180069027_3;C;2400;1240;0;4200;2440;2340
P180069027;P180069027_4;D;2400;0;0;4200;1200;2340
P180069027;P180069027_5;E;4200;0;0;6000;1200;2340
P180069027;P180069027_6;F;4200;1240;0;6000;2440;2340
P180069027;P180069027_7;G;6000;1240;0;7800;2440;2340
P180069027;P180069027_8;H;6000;0;0;7800;1200;2340
P180069027;P180069027_9;I;7800;0;0;9600;1200;2340
P180069027;P180069027_10;J;7800;1240;0;9600;2440;2340
P180069027;P180069027_11;K;9600;1240;0;11400;2440;2340
P180069027;P180069027_12;L;9600;0;0;11400;1200;2340
P180069027;P180069027_13;M;11400;0;0;13200;1200;2340
P180069027;P180069027_14;N;11400;1240;0;13200;2440;2340
P179069131;P179069131_1;A;0;0;0;2000;1200;2875
P179069131;P179069131_2;B;0;1240;0;2000;2440;2875
P179069131;P179069131_3;C;2000;1240;0;4000;2440;2875
P179069131;P179069131_4;D;2000;0;0;4000;1200;2875
P179069131;P179069131_5;E;4000;0;0;6000;1200;2875
P179069131;P179069131_6;F;4000;1240;0;6000;2440;2875
P179069131;P179069131_7;G;6000;1240;0;8000;2440;2875
P179069131;P179069131_8;H;6000;0;0;8000;1200;2875
P179069131;P179069131_9;I;8000;0;0;10000;1200;2875
P179069131;P179069131_10;J;8000;1240;0;10000;2440;2875
P179069131;P179069131_11;K;10000;1240;0;12000;2440;2875
P179069131;P179069131_12;L;10000;0;0;12000;1200;2875
P179069131;P179069131_13;M;12000;0;0;13200;2000;2875
P179069031;P179069031_1;A;0;0;0;1200;2400;1900
P179069031;P179069031_2;B;1200;0;0;2400;2400;1900
P179069031;P179069031_3;C;2400;0;0;3600;2400;1620
P179069031;P179069031_4;D;3600;0;0;4800;2400;1620
P179069031;P179069031_5;E;4800;0;0;6000;2400;2460
P179069031;P179069031_6;F;6000;0;0;7200;2400;2460
P179069031;P179069031_7;G;7200;0;0;8400;2400;2460
P179069031;P179069031_8;H;8400;0;0;9600;2400;2460
P179069031;P179069031_9;I;9600;0;0;10800;2400;2500
P179069031;P179069031_10;J;10800;0;0;12000;2400;2000
P179069031;P179069031_11;K;12000;0;0;13200;2400;1900
P179069011;P179069011_1;A;0;0;0;2000;1200;2875
P179069011;P179069011_2;B;0;1240;0;2000;2440;2875
P179069011;P179069011_3;C;2000;1240;0;4000;2440;2875
P179069011;P179069011_4;D;2000;0;0;4000;1200;2875
P179069011;P179069011_5;E;4000;0;0;6000;1200;2875
P179069011;P179069011_6;F;4000;1240;0;6000;2440;2875
P179069011;P179069011_7;G;6000;1240;0;8000;2440;2875
P179069011;P179069011_8;H;6000;0;0;8000;1200;2875
P179069011;P179069011_9;I;8000;0;0;10000;1200;2875
P179069011;P179069011_10;J;8000;1240;0;10000;2440;2875
P179069011;P179069011_11;K;10000;1240;0;12000;2440;2875
P179069011;P179069011_12;L;10000;0;0;12000;1200;2875
P179069011;P179069011_13;M;12000;0;0;13200;2000;2875
P179069113;P179069113_1;A;0;0;0;1200;2400;2000
P179069113;P179069113_2;B;1200;0;0;2400;2400;2000
P179069113;P179069113_3;C;2400;0;0;3600;2400;2000
P179069113;P179069113_4;D;3600;0;0;4800;2400;1620
P179069113;P179069113_5;E;4800;0;0;6000;2400;1620
P179069113;P179069113_6;F;6000;0;0;7200;2400;1740
P179069113;P179069113_7;G;7200;0;0;8400;2400;1900
P179069113;P179069113_8;H;8400;0;0;9600;2400;1900
P179069113;P179069113_9;I;9600;0;0;10800;2400;2460
P179069113;P179069113_10;J;10800;0;0;12000;2400;2460
P179069113;P179069113_11;K;12000;0;0;13200;2400;2460
P179069021;P179069021_1;A;0;0;0;1200;1200;2200
P179069021;P179069021_2;B;0;1240;0;1200;2440;2200
P179069021;P179069021_3;C;1200;1240;0;3000;2440;2340
P179069021;P179069021_4;D;1200;0;0;3000;1200;2340
P179069021;P179069021_5;E;3000;0;0;4200;2400;1800
P179069021;P179069021_6;F;4200;1240;0;6400;2440;1760
P179069021;P179069021_7;G;4200;0;0;6000;1200;2340
P179069021;P179069021_8;H;6000;0;0;7800;1200;2340
P179069021;P179069021_9;I;6400;1240;0;8200;2440;2340
P179069021;P179069021_10;J;7800;0;0;9600;1200;2340
P179069021;P179069021_11;K;8200;1240;0;10000;2440;2340
P179069021;P179069021_12;L;9600;0;0;11400;1200;2340
P179069021;P179069021_13;M;10000;1240;0;11800;2440;2340
P179069021;P179069021_14;N;11400;0;0;13200;1200;2340
P179069021;P179069021_15;O;11800;1240;0;13000;2440;2200
P179069119;P179069119_1;A;0;0;0;2000;1200;2875
P179069119;P179069119_2;B;0;1240;0;2000;2440;2875
P179069119;P179069119_3;C;2000;1240;0;4000;2440;2875
P179069119;P179069119_4;D;2000;0;0;4000;1200;2875
P179069119;P179069119_5;E;4000;0;0;6000;1200;2875
P179069119;P179069119_6;F;4000;1240;0;6000;2440;2875
P179069119;P179069119_7;G;6000;1240;0;8000;2440;2875
P179069119;P179069119_8;H;6000;0;0;8000;1200;2875
P179069119;P179069119_9;I;8000;0;0;10000;1200;2875
P179069119;P179069119_10;J;8000;1240;0;10000;2440;2875
P179069119;P179069119_11;K;10000;1240;0;12000;2440;2875
P179069119;P179069119_12;L;10000;0;0;12000;1200;2875
P179069119;P179069119_13;M;12000;0;0;13200;2000;2875
P179069019;P179069019_1;A;0;0;0;1200;2400;2460
P179069019;P179069019_2;B;1200;1240;0;3200;2440;2250
P179069019;P179069019_3;C;1200;0;0;3000;1200;2340
P179069019;P179069019_4;D;3000;0;0;5400;1200;2460
P179069019;P179069019_5;E;3200;1240;0;5600;2440;2460
P179069019;P179069019_6;F;5400;0;0;7800;1200;2460
P179069019;P179069019_7;G;5600;1240;0;8000;2440;2460
P179069019;P179069019_8;H;7800;0;0;9800;1200;2250
P179069019;P179069019_9;I;8000;1240;0;10400;2440;2460
P179069019;P179069019_10;J;9800;0;0;12200;1200;2460
P179069019;P179069019_11;K;10400;1240;0;12800;2440;2460
P179069115;P179069115_1;A;0;0;0;1800;1200;2340
P179069115;P179069115_2;B;0;1240;0;1800;2440;2340
P179069115;P179069115_3;C;1800;1240;0;3600;2440;2340
P179069115;P179069115_4;D;1800;0;0;4200;1200;1900
P179069115;P179069115_5;E;3600;1240;0;6000;2440;2460
P179069115;P179069115_6;F;4200;0;0;6000;1200;2340
P179069115;P179069115_7;G;6000;0;0;7800;1200;2340
P179069115;P179069115_8;H;6000;1240;0;7800;2440;2340
P179069115;P179069115_9;I;7800;1240;0;9600;2440;2340
P179069115;P179069115_10;J;7800;0;0;9600;1200;2340
P179069115;P179069115_11;K;9600;0;0;10800;1200;2200
P179069115;P179069115_12;L;9600;1240;0;12000;2440;1900
P179069115;P179069115_13;M;10800;0;0;13200;1200;2460
P179069115;P179069115_14;N;12000;1240;0;13200;2440;2200
P179069015;P179069015_1;A;0;0;0;1200;2400;2460
P179069015;P179069015_2;B;1200;0;0;2400;2400;2460
P179069015;P179069015_3;C;2400;0;0;3600;2400;2460
P179069015;P179069015_4;D;3600;0;0;4800;2400;2460
P179069015;P179069015_5;E;4800;0;0;6800;1200;2875
P179069015;P179069015_6;F;4800;1240;0;6800;2440;2875
P179069015;P179069015_7;G;6800;1240;0;8800;2440;2875
P179069015;P179069015_8;H;6800;0;0;8800;1200;2875
P179069015;P179069015_9;I;8800;0;0;10800;1200;2875
P179069015;P179069015_10;J;8800;1240;0;10800;2440;2875
P179069015;P179069015_11;K;10800;0;0;12000;2400;2460
P179069015;P179069015_12;L;12000;0;0;13200;2400;2460
P179069013;P179069013_1;A;0;0;0;1200;2400;2000
P179069013;P179069013_2;B;1200;0;0;2400;2400;2000
P179069013;P179069013_3;C;2400;0;0;3600;2400;1620
P179069013;P179069013_4;D;3600;0;0;4800;2400;2000
P179069013;P179069013_5;E;4800;0;0;6000;2400;1620
P179069013;P179069013_6;F;6000;0;0;7200;2400;2000
P179069013;P179069013_7;G;7200;0;0;8400;2400;1620
P179069013;P179069013_8;H;8400;0;0;9600;2400;2000
P179069013;P179069013_9;I;9600;0;0;10800;2400;1900
P179069013;P179069013_10;J;10800;0;0;12000;2400;2460
P179069013;P179069013_11;K;12000;0;0;13200;2400;2460
P179069111;P179069111_1;A;0;0;0;1800;1200;2340
P179069111;P179069111_2;B;0;1240;0;1800;2440;2340
P179069111;P179069111_3;C;1800;1240;0;3600;2440;2340
P179069111;P179069111_4;D;1800;0;0;4000;1200;1760
P179069111;P179069111_5;E;3600;1240;0;5400;2440;2340
P179069111;P179069111_6;F;4000;0;0;5800;1200;2340
P179069111;P179069111_7;G;5400;1240;0;7200;2440;2340
P179069111;P179069111_8;H;5800;0;0;7600;1200;2340
P179069111;P179069111_9;I;7200;1240;0;9600;2440;2000
P179069111;P179069111_10;J;7600;0;0;10000;1200;1620
P179069111;P179069111_11;K;9600;1240;0;11400;2440;2340
P179069111;P179069111_12;L;10000;0;0;11800;1200;2340
P179069111;P179069111_13;M;11400;1240;0;13400;2440;2875
P179069111;P179069111_14;N;11800;0;0;13000;1200;2200
P179069009;P179069009_1;A;0;0;0;1200;2400;2460
P179069009;P179069009_2;B;1200;0;0;2400;2400;2460
P179069009;P179069009_3;C;2400;0;0;3600;2400;2460
P179069009;P179069009_4;D;3600;0;0;4800;2400;2460
P179069009;P179069009_5;E;4800;0;0;6000;2400;2460
P179069009;P179069009_6;F;6000;0;0;7200;2400;2460
P179069009;P179069009_7;G;7200;1240;0;9200;2440;2250
P179069009;P179069009_8;H;7200;0;0;9600;1200;2460
P179069009;P179069009_9;I;9200;1240;0;11600;2440;2000
P179069009;P179069009_10;J;9600;0;0;12000;1200;2000
P179069009;P179069009_11;K;12000;40;0;13200;2440;1900
P179069107;P179069107_1;A;0;0;0;2000;1200;2875
P179069107;P179069107_2;B;0;1240;0;2000;2440;2875
P179069107;P179069107_3;C;2000;1240;0;4000;2440;2875
P179069107;P179069107_4;D;2000;0;0;4000;1200;2875
P179069107;P179069107_5;E;4000;0;0;6000;1200;2875
P179069107;P179069107_6;F;4000;1240;0;6000;2440;2875
P179069107;P179069107_7;G;6000;1240;0;8000;2440;2875
P179069107;P179069107_8;H;6000;0;0;8000;1200;2875
P179069107;P179069107_9;I;8000;0;0;10000;1200;2875
P179069107;P179069107_10;J;8000;1240;0;10000;2440;2875
P179069107;P179069107_11;K;10000;1240;0;12000;2440;2875
P179069107;P179069107_12;L;10000;0;0;12000;1200;2875
P179069107;P179069107_13;M;12000;0;0;13200;2000;2875
P179069007;P179069007_1;A;0;0;0;1200;2400;1800
P179069007;P179069007_2;B;1200;0;0;2400;2400;1620
P179069007;P179069007_3;C;2400;0;0;3600;2400;2460
P179069007;P179069007_4;D;3600;0;0;4800;2400;2460
P179069007;P179069007_5;E;4800;0;0;6000;2400;2000
P179069007;P179069007_6;F;6000;1240;0;7800;2440;2340
P179069007;P179069007_7;G;6000;0;0;7800;1200;2340
P179069007;P179069007_8;H;7800;0;0;9600;1200;2340
P179069007;P179069007_9;I;7800;1240;0;9600;2440;2340
P179069007;P179069007_10;J;9600;1240;0;11400;2440;2340
P179069007;P179069007_11;K;9600;0;0;11400;1200;2340
P179069007;P179069007_12;L;11400;0;0;13200;1200;2340
P179069007;P179069007_13;M;11400;1240;0;13400;2440;2250
P179069105;P179069105_1;A;0;0;0;1200;2400;1900
P179069105;P179069105_2;B;1200;0;0;2400;2400;1620
P179069105;P179069105_3;C;2400;0;0;3600;2400;1620
P179069105;P179069105_4;D;3600;0;0;4800;2400;2460
P179069105;P179069105_5;E;4800;0;0;6000;2400;2460
P179069105;P179069105_6;F;6000;0;0;7200;2400;2460
P179069105;P179069105_7;G;7200;0;0;8400;2400;2460
P179069105;P179069105_8;H;8400;0;0;9600;2400;1900
P179069105;P179069105_9;I;9600;0;0;10800;2400;2000
P179069105;P179069105_10;J;10800;0;0;12000;2400;2460
P179069105;P179069105_11;K;12000;0;0;13200;2400;2460
P179069005;P179069005_1;A;0;1240;0;1800;2440;2340
P179069005;P179069005_2;B;0;0;0;1800;1200;2340
P179069005;P179069005_3;C;1800;0;0;3600;1200;2340
P179069005;P179069005_4;D;1800;1240;0;3600;2440;2340
P179069005;P179069005_5;E;3600;1240;0;5400;2440;2340
P179069005;P179069005_6;F;3600;0;0;5400;1200;2340
P179069005;P179069005_7;G;5400;0;0;7200;1200;2340
P179069005;P179069005_8;H;5400;1240;0;6600;2440;2200
P179069005;P179069005_9;I;6600;1240;0;9000;2440;1620
P179069005;P179069005_10;J;7200;0;0;9000;1200;2340
P179069005;P179069005_11;K;9000;0;0;10200;2400;2000
P179069005;P179069005_12;L;10200;0;0;11400;2400;2460
P179069005;P179069005_13;M;11400;0;0;12600;2400;2460
P179069003;P179069003_1;A;0;0;0;2000;1200;2875
P179069003;P179069003_2;B;0;1240;0;2000;2440;2875
P179069003;P179069003_3;C;2000;1240;0;4000;2440;2875
P179069003;P179069003_4;D;2000;0;0;4000;1200;2875
P179069003;P179069003_5;E;4000;0;0;6000;1200;2875
P179069003;P179069003_6;F;4000;1240;0;6000;2440;2875
P179069003;P179069003_7;G;6000;1240;0;8000;2440;2875
P179069003;P179069003_8;H;6000;0;0;8000;1200;2875
P179069003;P179069003_9;I;8000;0;0;10000;1200;2875
P179069003;P179069003_10;J;8000;1240;0;10000;2440;2875
P179069003;P179069003_11;K;10000;0;0;11200;2400;2460
P179069003;P179069003_12;L;11200;0;0;13200;1200;2875
P179069003;P179069003_13;M;11200;1240;0;13200;2440;2875
P179069101;P179069101_1;A;0;0;0;1200;2400;2500
P179069101;P179069101_2;B;1200;0;0;2400;2400;2000
P179069101;P179069101_3;C;2400;0;0;3600;2400;1900
P179069101;P179069101_4;D;3600;0;0;4800;2400;2460
P179069101;P179069101_5;E;4800;0;0;6000;2400;2460
P179069101;P179069101_6;F;6000;0;0;7200;2400;2460
P179069101;P179069101_7;G;7200;0;0;8400;2400;2460
P179069101;P179069101_8;H;8400;0;0;9600;2400;2460
P179069101;P179069101_9;I;9600;0;0;10800;2400;2460
P179069101;P179069101_10;J;10800;0;0;12000;2400;2000
P179069101;P179069101_11;K;12000;0;0;13200;2400;2000
P179069001;P179069001_1;A;0;0;0;2000;1200;2875
P179069001;P179069001_2;B;0;1240;0;2000;2440;2875
P179069001;P179069001_3;C;2000;1240;0;4000;2440;2875
P179069001;P179069001_4;D;2000;0;0;4000;1200;2875
P179069001;P179069001_5;E;4000;0;0;6000;1200;2875
P179069001;P179069001_6;F;4000;1240;0;6000;2440;2875
P179069001;P179069001_7;G;6000;1240;0;8000;2440;2875
P179069001;P179069001_8;H;6000;0;0;8000;1200;2875
P179069001;P179069001_9;I;8000;0;0;10000;1200;2875
P179069001;P179069001_10;J;8000;1240;0;10000;2440;2875
P179069001;P179069001_11;K;10000;1240;0;12000;2440;2875
P179069001;P179069001_12;L;10000;0;0;12000;1200;2875
P179069001;P179069001_13;M;12000;0;0;13200;2000;2875
P179069025;P179069025_1;A;0;0;0;1200;2400;1900
P179069025;P179069025_2;B;1200;0;0;2400;2400;2000
P179069025;P179069025_3;C;2400;0;0;3600;2400;1620
P179069025;P179069025_4;D;3600;0;0;4800;2400;1620
P179069025;P179069025_5;E;4800;0;0;6000;2400;2460
P179069025;P179069025_6;F;6000;0;0;7200;2400;2460
P179069025;P179069025_7;G;7200;0;0;8400;2400;2460
P179069025;P179069025_8;H;8400;0;0;9600;2400;2460
P179069025;P179069025_9;I;9600;0;0;10800;2400;2460
P179069025;P179069025_10;J;10800;0;0;12000;2400;2460
P179069025;P179069025_11;K;12000;0;0;13200;2400;2000
P179069027;P179069027_1;A;0;1240;0;1800;2440;2340
P179069027;P179069027_2;B;0;0;0;1800;1200;2340
P179069027;P179069027_3;C;1800;0;0;3000;2400;1900
P179069027;P179069027_4;D;3000;0;0;4200;2400;2000
P179069027;P179069027_5;E;4200;0;0;5400;2400;2000
P179069027;P179069027_6;F;5400;0;0;6600;2400;1620
P179069027;P179069027_7;G;6600;0;0;7800;2400;1620
P179069027;P179069027_8;H;7800;1240;0;9600;2440;2340
P179069027;P179069027_9;I;7800;0;0;9600;1200;2340
P179069027;P179069027_10;J;9600;0;0;11400;1200;2340
P179069027;P179069027_11;K;9600;1240;0;11400;2440;2340
P179069027;P179069027_12;L;11400;1240;0;13200;2440;2340
P179069027;P179069027_13;M;11400;0;0;13200;1200;2340
P178069131;P178069131_1;A;0;0;0;2000;1200;2875
P178069131;P178069131_2;B;0;1240;0;2000;2440;2875
P178069131;P178069131_3;C;2000;1240;0;4000;2440;2875
P178069131;P178069131_4;D;2000;0;0;4000;1200;2875
P178069131;P178069131_5;E;4000;0;0;6000;1200;2875
P178069131;P178069131_6;F;4000;1240;0;6000;2440;2875
P178069131;P178069131_7;G;6000;1240;0;8000;2440;2875
P178069131;P178069131_8;H;6000;0;0;8000;1200;2875
P178069131;P178069131_9;I;8000;0;0;10000;1200;2875
P178069131;P178069131_10;J;8000;1240;0;10000;2440;2875
P178069131;P178069131_11;K;10000;1240;0;12000;2440;2875
P178069131;P178069131_12;L;10000;0;0;12000;1200;2875
P178069131;P178069131_13;M;12000;0;0;13200;2000;2875
P178069127;P178069127_1;A;0;0;0;1800;1200;2340
P178069127;P178069127_2;B;0;1240;0;1800;2440;2340
P178069127;P178069127_3;C;1800;1240;0;3600;2440;2340
P178069127;P178069127_4;D;1800;0;0;3600;1200;2340
P178069127;P178069127_5;E;3600;0;0;5400;1200;2340
P178069127;P178069127_6;F;3600;1240;0;5400;2440;2340
P178069127;P178069127_7;G;5400;1240;0;7200;2440;2340
P178069127;P178069127_8;H;5400;0;0;7200;1200;2340
P178069127;P178069127_9;I;7200;0;0;9000;1200;2340
P178069127;P178069127_10;J;7200;1240;0;9000;2440;2340
P178069127;P178069127_11;K;9000;0;0;10200;2400;1900
P178069127;P178069127_12;L;10200;0;0;10800;800;560
P178069127;P178069127_13;M;10200;1240;0;11400;2440;2200
P178069127;P178069127_14;N;10800;0;0;12000;1200;2200
P178069127;P178069127_15;O;11400;1240;0;13400;2440;2875
P178069127;P178069127_16;P;12000;0;0;13200;1200;2200
P178069011;P178069011_1;A;0;0;0;1200;2400;2460
P178069011;P178069011_2;B;1200;0;0;2400;2400;2460
P178069011;P178069011_3;C;2400;0;0;4400;1200;2875
P178069011;P178069011_4;D;2400;1240;0;4400;2440;2875
P178069011;P178069011_5;E;4400;1240;0;6400;2440;2875
P178069011;P178069011_6;F;4400;0;0;6400;1200;2875
P178069011;P178069011_7;G;6400;0;0;8400;1200;2875
P178069011;P178069011_8;H;6400;1240;0;8400;2440;2875
P178069011;P178069011_9;I;8400;1240;0;10400;2440;2875
P178069011;P178069011_10;J;8400;0;0;10400;1200;2875
P178069011;P178069011_11;K;10400;0;0;12400;1200;2875
P178069011;P178069011_12;L;10400;1240;0;12400;2440;2875
P178069123;P178069123_1;A;0;0;0;1800;1200;2340
P178069123;P178069123_2;B;0;1240;0;1800;2440;2340
P178069123;P178069123_3;C;1800;1240;0;3600;2440;2340
P178069123;P178069123_4;D;1800;0;0;3600;1200;2340
P178069123;P178069123_5;E;3600;0;0;5400;1200;2340
P178069123;P178069123_6;F;3600;1240;0;5400;2440;2340
P178069123;P178069123_7;G;5400;1240;0;7200;2440;2340
P178069123;P178069123_8;H;5400;0;0;7200;1200;2340
P178069123;P178069123_9;I;7200;0;0;8400;1200;2200
P178069123;P178069123_10;J;7200;1240;0;9600;2440;1900
P178069123;P178069123_11;K;8400;0;0;10800;1200;1900
P178069123;P178069123_12;L;9600;1240;0;12000;2440;2460
P178069123;P178069123_13;M;10800;0;0;13200;1200;2460
P178069123;P178069123_14;N;12000;1240;0;13200;2440;2200
P178069121;P178069121_1;A;0;40;0;1200;2440;2500
P178069121;P178069121_2;B;1200;0;0;2400;2400;2000
P178069121;P178069121_3;C;2400;0;0;3600;2400;2000
P178069121;P178069121_4;D;3600;0;0;4800;2400;2000
P178069121;P178069121_5;E;4800;0;0;6000;2400;1620
P178069121;P178069121_6;F;6000;0;0;7200;2400;1620
P178069121;P178069121_7;G;7200;0;0;8400;2400;1620
P178069121;P178069121_8;H;8400;0;0;9600;2400;2000
P178069121;P178069121_9;I;9600;0;0;10800;2400;2000
P178069121;P178069121_10;J;10800;0;0;12000;2400;2000
P178069121;P178069121_11;K;12000;0;0;13200;2400;1900
P178069119;P178069119_1;A;0;0;0;2000;1200;2875
P178069119;P178069119_2;B;0;1240;0;2000;2440;2875
P178069119;P178069119_3;C;2000;1240;0;4000;2440;2875
P178069119;P178069119_4;D;2000;0;0;4000;1200;2875
P178069119;P178069119_5;E;4000;0;0;6000;1200;2875
P178069119;P178069119_6;F;4000;1240;0;6000;2440;2875
P178069119;P178069119_7;G;6000;1240;0;8000;2440;2875
P178069119;P178069119_8;H;6000;0;0;8000;1200;2875
P178069119;P178069119_9;I;8000;0;0;10000;1200;2875
P178069119;P178069119_10;J;8000;1240;0;10000;2440;2875
P178069119;P178069119_11;K;10000;1240;0;12000;2440;2875
P178069119;P178069119_12;L;10000;0;0;12000;1200;2875
P178069119;P178069119_13;M;12000;0;0;13200;2000;2875
P178069019;P178069019_1;A;0;0;0;2000;1200;2250
P178069019;P178069019_2;B;0;1240;0;2000;2440;2250
P178069019;P178069019_3;C;2000;0;0;3200;2400;2460
P178069019;P178069019_4;D;3200;0;0;4400;2400;2460
P178069019;P178069019_5;E;4400;0;0;5600;2400;2460
P178069019;P178069019_6;F;5600;0;0;6800;2400;2460
P178069019;P178069019_7;G;6800;0;0;8000;2400;2460
P178069019;P178069019_8;H;8000;0;0;9200;2400;2460
P178069019;P178069019_9;I;9200;0;0;10400;2400;2460
P178069019;P178069019_10;J;10400;0;0;11600;2400;2460
P178069019;P178069019_11;K;11600;0;0;12800;2400;2460
P178069115;P178069115_1;A;0;1240;0;1800;2440;2340
P178069115;P178069115_2;B;0;0;0;2400;1200;2460
P178069115;P178069115_3;C;1800;1240;0;4200;2440;2460
P178069115;P178069115_4;D;2400;0;0;4800;1200;2460
P178069115;P178069115_5;E;4200;1240;0;6600;2440;2460
P178069115;P178069115_6;F;4800;0;0;6600;1200;2340
P178069115;P178069115_7;G;6600;0;0;8400;1200;2340
P178069115;P178069115_8;H;6600;1240;0;8400;2440;2340
P178069115;P178069115_9;I;8400;1240;0;10200;2440;2340
P178069115;P178069115_10;J;8400;0;0;10200;1200;2340
P178069115;P178069115_11;K;10200;0;0;11400;1200;2200
P178069115;P178069115_12;L;10200;1240;0;12000;2440;2340
P178069115;P178069115_13;M;11400;0;0;13200;1200;2340
P178069115;P178069115_14;N;12000;1240;0;13200;2440;2200
P178069015;P178069015_1;A;0;0;0;1200;2400;2460
P178069015;P178069015_2;B;1200;0;0;2400;2400;2460
P178069015;P178069015_3;C;2400;0;0;3600;2400;2460
P178069015;P178069015_4;D;3600;0;0;4800;2400;2460
P178069015;P178069015_5;E;4800;0;0;6800;1200;2875
P178069015;P178069015_6;F;4800;1240;0;6800;2440;2875
P178069015;P178069015_7;G;6800;1240;0;8800;2440;2875
P178069015;P178069015_8;H;6800;0;0;8800;1200;2875
P178069015;P178069015_9;I;8800;0;0;10800;1200;2875
P178069015;P178069015_10;J;8800;1240;0;10800;2440;2875
P178069015;P178069015_11;K;10800;0;0;12000;2400;2460
P178069015;P178069015_12;L;12000;0;0;13200;2400;2460
P178069013;P178069013_1;A;0;0;0;2000;1200;2250
P178069013;P178069013_2;B;0;1240;0;2400;2440;2460
P178069013;P178069013_3;C;2000;0;0;4400;1200;1900
P178069013;P178069013_4;D;2400;1240;0;4800;2440;2460
P178069013;P178069013_5;E;4400;0;0;6800;1200;2460
P178069013;P178069013_6;F;4800;1240;0;6800;2440;2250
P178069013;P178069013_7;G;6800;0;0;8000;2400;2460
P178069013;P178069013_8;H;8000;0;0;9200;2400;2460
P178069013;P178069013_9;I;9200;0;0;10400;2400;2460
P178069013;P178069013_10;J;10400;0;0;11600;2400;2460
P178069013;P178069013_11;K;11600;0;0;12800;2400;2460
P178069111;P178069111_1;A;0;0;0;2200;1200;1760
P178069111;P178069111_2;B;0;1240;0;1800;2440;2340
P178069111;P178069111_3;C;1800;1240;0;3600;2440;2340
P178069111;P178069111_4;D;2200;0;0;4000;1200;2340
P178069111;P178069111_5;E;3600;1240;0;5400;2440;2340
P178069111;P178069111_6;F;4000;0;0;5800;1200;2340
P178069111;P178069111_7;G;5400;1240;0;7200;2440;2340
P178069111;P178069111_8;H;5800;0;0;7600;1200;2340
P178069111;P178069111_9;I;7200;1240;0;9200;2440;2875
P178069111;P178069111_10;J;7600;0;0;9600;1200;2875
P178069111;P178069111_11;K;9200;1240;0;11200;2440;2875
P178069111;P178069111_12;L;9600;0;0;11600;1200;2875
P178069111;P178069111_13;M;11200;1240;0;13200;2440;2875
P178069111;P178069111_14;N;11600;0;0;13400;1200;2340
P178069009;P178069009_1;A;0;0;0;1200;2400;1620
P178069009;P178069009_2;B;1200;0;0;2400;2400;1620
P178069009;P178069009_3;C;2400;0;0;3600;2400;1620
P178069009;P178069009_4;D;3600;0;0;4800;2400;2000
P178069009;P178069009_5;E;4800;0;0;6000;2400;1900
P178069009;P178069009_6;F;6000;0;0;7200;2400;2460
P178069009;P178069009_7;G;7200;0;0;8400;2400;2000
P178069009;P178069009_8;H;8400;0;0;9600;2400;1620
P178069009;P178069009_9;I;9600;0;0;10800;2400;2000
P178069009;P178069009_10;J;10800;0;0;12000;2400;2000
P178069009;P178069009_11;K;12000;0;0;13200;2400;1620
P178069107;P178069107_1;A;0;0;0;2000;1200;2875
P178069107;P178069107_2;B;0;1240;0;2000;2440;2875
P178069107;P178069107_3;C;2000;1240;0;4000;2440;2875
P178069107;P178069107_4;D;2000;0;0;4000;1200;2875
P178069107;P178069107_5;E;4000;0;0;6000;1200;2875
P178069107;P178069107_6;F;4000;1240;0;6000;2440;2875
P178069107;P178069107_7;G;6000;1240;0;8000;2440;2875
P178069107;P178069107_8;H;6000;0;0;8400;1200;2460
P178069107;P178069107_9;I;8000;1240;0;10400;2440;2460
P178069107;P178069107_10;J;8400;0;0;10400;1200;2875
P178069107;P178069107_11;K;10400;0;0;12400;1200;2875
P178069107;P178069107_12;L;10400;1240;0;12400;2440;2875
P178069007;P178069007_1;A;0;1240;0;1800;2440;2340
P178069007;P178069007_2;B;0;0;0;1800;1200;2340
P178069007;P178069007_3;C;1800;0;0;3000;2400;1800
P178069007;P178069007_4;D;3000;0;0;4200;2400;1620
P178069007;P178069007_5;E;4200;0;0;6000;1200;2340
P178069007;P178069007_6;F;4200;1240;0;6000;2440;2340
P178069007;P178069007_7;G;6000;1240;0;7800;2440;2340
P178069007;P178069007_8;H;6000;0;0;7800;1200;2340
P178069007;P178069007_9;I;7800;0;0;9600;1200;2340
P178069007;P178069007_10;J;7800;1240;0;10200;2440;1900
P178069007;P178069007_11;K;9600;0;0;12000;1200;2000
P178069007;P178069007_12;L;10200;1240;0;12600;2440;2000
P178069007;P178069007_13;M;12000;0;0;13200;1200;2200
P178069105;P178069105_1;A;0;0;0;1200;2400;2000
P178069105;P178069105_2;B;1200;0;0;2400;2400;2000
P178069105;P178069105_3;C;2400;0;0;3600;2400;1900
P178069105;P178069105_4;D;3600;0;0;4800;2400;2460
P178069105;P178069105_5;E;4800;0;0;6000;2400;2460
P178069105;P178069105_6;F;6000;0;0;7200;2400;2460
P178069105;P178069105_7;G;7200;0;0;8400;2400;2460
P178069105;P178069105_8;H;8400;0;0;9600;2400;2460
P178069105;P178069105_9;I;9600;0;0;10800;2400;2460
P178069105;P178069105_10;J;10800;0;0;12000;2400;2460
P178069105;P178069105_11;K;12000;0;0;13200;2400;2000
P178069005;P178069005_1;A;0;0;0;1800;1200;2340
P178069005;P178069005_2;B;0;1240;0;1200;2440;2200
P178069005;P178069005_3;C;1200;1240;0;3000;2440;2340
P178069005;P178069005_4;D;1800;0;0;4200;1200;1900
P178069005;P178069005_5;E;3000;1240;0;4800;2440;2340
P178069005;P178069005_6;F;4200;0;0;6000;1200;2340
P178069005;P178069005_7;G;4800;1240;0;6600;2440;2340
P178069005;P178069005_8;H;6000;0;0;7800;1200;2340
P178069005;P178069005_9;I;6600;1240;0;9000;2440;2460
P178069005;P178069005_10;J;7800;0;0;10200;1200;2460
P178069005;P178069005_11;K;9000;1240;0;11400;2440;2460
P178069005;P178069005_12;L;10200;0;0;12000;1200;2340
P178069005;P178069005_13;M;11400;1240;0;13200;2440;2340
P178069005;P178069005_14;N;12000;0;0;13200;1200;2200
P178069003;P178069003_1;A;0;0;0;2000;1200;2875
P178069003;P178069003_2;B;0;1240;0;2000;2440;2875
P178069003;P178069003_3;C;2000;1240;0;4000;2440;2875
P178069003;P178069003_4;D;2000;0;0;4000;1200;2875
P178069003;P178069003_5;E;4000;0;0;6000;1200;2875
P178069003;P178069003_6;F;4000;1240;0;6000;2440;2875
P178069003;P178069003_7;G;6000;1240;0;8000;2440;2875
P178069003;P178069003_8;H;6000;0;0;8000;1200;2875
P178069003;P178069003_9;I;8000;0;0;10000;1200;2875
P178069003;P178069003_10;J;8000;1240;0;10000;2440;2875
P178069003;P178069003_11;K;10000;1240;0;12000;2440;2875
P178069003;P178069003_12;L;10000;0;0;12000;1200;2875
P178069003;P178069003_13;M;12000;0;0;13200;2000;2875
P178069101;P178069101_1;A;0;0;0;1200;2400;1620
P178069101;P178069101_2;B;1200;0;0;2400;2400;2000
P178069101;P178069101_3;C;2400;0;0;3600;2400;2460
P178069101;P178069101_4;D;3600;0;0;4800;2400;2460
P178069101;P178069101_5;E;4800;0;0;6000;2400;2000
P178069101;P178069101_6;F;6000;0;0;7200;2400;2000
P178069101;P178069101_7;G;7200;0;0;8400;2400;2460
P178069101;P178069101_8;H;8400;0;0;9600;2400;1900
P178069101;P178069101_9;I;9600;0;0;10800;2400;2460
P178069101;P178069101_10;J;10800;0;0;12000;2400;2460
P178069101;P178069101_11;K;12000;0;0;13200;2400;2460
P178069001;P178069001_1;A;0;0;0;2000;1200;2875
P178069001;P178069001_2;B;0;1240;0;2000;2440;2875
P178069001;P178069001_3;C;2000;1240;0;4000;2440;2875
P178069001;P178069001_4;D;2000;0;0;4000;1200;2875
P178069001;P178069001_5;E;4000;0;0;6000;1200;2875
P178069001;P178069001_6;F;4000;1240;0;6000;2440;2875
P178069001;P178069001_7;G;6000;1240;0;8000;2440;2875
P178069001;P178069001_8;H;6000;0;0;8000;1200;2875
P178069001;P178069001_9;I;8000;0;0;10000;1200;2875
P178069001;P178069001_10;J;8000;1240;0;10000;2440;2875
P178069001;P178069001_11;K;10000;1240;0;12000;2440;2875
P178069001;P178069001_12;L;10000;0;0;12000;1200;2875
P178069001;P178069001_13;M;12000;0;0;13200;2000;2875
P178069025;P178069025_1;A;0;0;0;1200;2400;1620
P178069025;P178069025_2;B;1200;0;0;2400;2400;2460
P178069025;P178069025_3;C;2400;0;0;3600;2400;2460
P178069025;P178069025_4;D;3600;0;0;4800;2400;2460
P178069025;P178069025_5;E;4800;0;0;6000;2400;2460
P178069025;P178069025_6;F;6000;0;0;7200;2400;2460
P178069025;P178069025_7;G;7200;0;0;9200;1200;2250
P178069025;P178069025_8;H;7200;1240;0;9600;2440;2460
P178069025;P178069025_9;I;9200;0;0;11600;1200;2460
P178069025;P178069025_10;J;9600;1240;0;12000;2440;2000
P178069025;P178069025_11;K;12000;0;0;13200;2400;2000
P178069027;P178069027_1;A;0;1240;0;1800;2440;2340
P178069027;P178069027_2;B;0;0;0;1800;1200;2340
P178069027;P178069027_3;C;1800;0;0;3000;2400;2000
P178069027;P178069027_4;D;3000;1240;0;5000;2440;2250
P178069027;P178069027_5;E;3000;0;0;4800;1200;2340
P178069027;P178069027_6;F;4800;0;0;6600;1200;2340
P178069027;P178069027_7;G;5000;1240;0;6800;2440;2340
P178069027;P178069027_8;H;6600;0;0;8400;1200;2340
P178069027;P178069027_9;I;6800;1240;0;8600;2440;2340
P178069027;P178069027_10;J;8400;0;0;10200;1200;2340
P178069027;P178069027_11;K;8600;1240;0;10400;2440;2340
P178069027;P178069027_12;L;10200;0;0;12000;1200;2340
P178069027;P178069027_13;M;10400;1240;0;12200;2440;2340
P178069027;P178069027_14;N;12200;0;0;13400;1800;2340
P177069131;P177069131_1;A;0;0;0;2000;1200;2875
P177069131;P177069131_2;B;0;1240;0;2000;2440;2875
P177069131;P177069131_3;C;2000;1240;0;4000;2440;2875
P177069131;P177069131_4;D;2000;0;0;4000;1200;2875
P177069131;P177069131_5;E;4000;0;0;6000;1200;2875
P177069131;P177069131_6;F;4000;1240;0;6000;2440;2875
P177069131;P177069131_7;G;6000;1240;0;8000;2440;2875
P177069131;P177069131_8;H;6000;0;0;8000;1200;2875
P177069131;P177069131_9;I;8000;0;0;10000;1200;2875
P177069131;P177069131_10;J;8000;1240;0;10000;2440;2875
P177069131;P177069131_11;K;10000;1240;0;12000;2440;2875
P177069131;P177069131_12;L;10000;0;0;12000;1200;2875
P177069131;P177069131_13;M;12000;0;0;13200;2000;2875
P177069127;P177069127_1;A;0;0;0;1200;2400;1620
P177069127;P177069127_2;B;1200;0;0;2400;2400;1620
P177069127;P177069127_3;C;2400;0;0;4200;1200;2340
P177069127;P177069127_4;D;2400;1240;0;4200;2440;2340
P177069127;P177069127_5;E;4200;0;0;5400;2400;1900
P177069127;P177069127_6;F;5400;0;0;6600;2400;1900
P177069127;P177069127_7;G;6600;0;0;7800;2400;1620
P177069127;P177069127_8;H;7800;0;0;9000;2400;1620
P177069127;P177069127_9;I;9000;1240;0;10200;2440;2200
P177069127;P177069127_10;J;9000;0;0;10200;1200;2200
P177069127;P177069127_11;K;10200;0;0;11400;1200;2200
P177069127;P177069127_12;L;10200;1240;0;12000;2440;2340
P177069127;P177069127_13;M;11400;0;0;13200;1200;2340
P177069127;P177069127_14;N;12000;1240;0;13200;2440;2200
P177069031;P177069031_1;A;0;0;0;1200;2400;2460
P177069031;P177069031_2;B;1200;0;0;2400;2400;2460
P177069031;P177069031_3;C;2400;0;0;3600;2400;2000
P177069031;P177069031_4;D;3600;0;0;4800;2400;1620
P177069031;P177069031_5;E;4800;0;0;6000;2400;2500
P177069031;P177069031_6;F;6000;0;0;7200;2400;2000
P177069031;P177069031_7;G;7200;0;0;8400;2400;2000
P177069031;P177069031_8;H;8400;0;0;9600;2400;2460
P177069031;P177069031_9;I;9600;0;0;10800;2400;2460
P177069031;P177069031_10;J;10800;0;0;12000;2400;2460
P177069031;P177069031_11;K;12000;0;0;13200;2400;2000
P177069125;P177069125_1;A;0;0;0;1800;1200;2340
P177069125;P177069125_2;B;0;1240;0;1800;2440;2340
P177069125;P177069125_3;C;1800;1240;0;3600;2440;2340
P177069125;P177069125_4;D;1800;0;0;3600;1200;2340
P177069125;P177069125_5;E;3600;0;0;5400;1200;2340
P177069125;P177069125_6;F;3600;1240;0;5400;2440;2340
P177069125;P177069125_7;G;5400;1240;0;7200;2440;2340
P177069125;P177069125_8;H;5400;0;0;7200;1200;2340
P177069125;P177069125_9;I;7200;0;0;9000;1200;2340
P177069125;P177069125_10;J;7200;1240;0;9000;2440;2340
P177069125;P177069125_11;K;9000;0;0;10200;2400;1900
P177069125;P177069125_12;L;10200;0;0;12000;1200;2340
P177069125;P177069125_13;M;10200;1240;0;12000;2440;2340
P177069125;P177069125_14;N;12000;0;0;13200;2400;1900
P177069011;P177069011_1;A;0;1240;0;2000;2440;2875
P177069011;P177069011_2;B;0;0;0;2000;1200;2875
P177069011;P177069011_3;C;2000;0;0;4000;1200;2875
P177069011;P177069011_4;D;2000;1240;0;4000;2440;2875
P177069011;P177069011_5;E;4000;1240;0;6000;2440;2875
P177069011;P177069011_6;F;4000;0;0;6000;1200;2875
P177069011;P177069011_7;G;6000;0;0;8000;1200;2875
P177069011;P177069011_8;H;6000;1240;0;8000;2440;2875
P177069011;P177069011_9;I;8000;1240;0;10000;2440;2875
P177069011;P177069011_10;J;8000;0;0;10000;1200;2875
P177069011;P177069011_11;K;10000;0;0;12000;1200;2875
P177069011;P177069011_12;L;10000;1240;0;12000;2440;2875
P177069011;P177069011_13;M;12000;0;0;13200;2400;2460
P177069113;P177069113_1;A;0;0;0;1200;2400;1620
P177069113;P177069113_2;B;1200;0;0;2400;2400;1620
P177069113;P177069113_3;C;2400;0;0;3600;2400;1620
P177069113;P177069113_4;D;3600;0;0;4800;2400;1900
P177069113;P177069113_5;E;4800;0;0;6000;2400;2460
P177069113;P177069113_6;F;6000;0;0;7200;2400;2460
P177069113;P177069113_7;G;7200;0;0;8400;2400;2460
P177069113;P177069113_8;H;8400;0;0;9600;2400;2460
P177069113;P177069113_9;I;9600;0;0;10800;2400;2460
P177069113;P177069113_10;J;10800;0;0;12000;2400;2460
P177069113;P177069113_11;K;12000;0;0;13200;2400;2460
P177069123;P177069123_1;A;0;1240;0;1800;2440;2340
P177069123;P177069123_2;B;0;0;0;1800;1200;2340
P177069123;P177069123_3;C;1800;0;0;2400;800;560
P177069123;P177069123_4;D;1800;1240;0;3600;2440;2340
P177069123;P177069123_5;E;2400;0;0;3600;1200;2200
P177069123;P177069123_6;F;3600;1240;0;5400;2440;2340
P177069123;P177069123_7;G;3600;0;0;6000;1200;2460
P177069123;P177069123_8;H;5400;1240;0;7800;2440;1900
P177069123;P177069123_9;I;6000;0;0;7800;1200;2340
P177069123;P177069123_10;J;7800;0;0;9600;1200;2340
P177069123;P177069123_11;K;7800;1240;0;9600;2440;2340
P177069123;P177069123_12;L;9600;1240;0;11400;2440;2340
P177069123;P177069123_13;M;9600;0;0;11400;1200;2340
P177069123;P177069123_14;N;11400;0;0;13200;1200;2340
P177069123;P177069123_15;O;11400;1240;0;13200;2440;2340
P177069119;P177069119_1;A;0;0;0;1800;1200;2340
P177069119;P177069119_2;B;0;1240;0;2000;2440;2250
P177069119;P177069119_3;C;1800;0;0;3800;1200;2875
P177069119;P177069119_4;D;2000;1240;0;4000;2440;2875
P177069119;P177069119_5;E;3800;0;0;5800;1200;2875
P177069119;P177069119_6;F;4000;1240;0;6000;2440;2875
P177069119;P177069119_7;G;5800;0;0;7800;1200;2875
P177069119;P177069119_8;H;6000;1240;0;8400;2440;2460
P177069119;P177069119_9;I;7800;0;0;9800;1200;2250
P177069119;P177069119_10;J;8400;1240;0;10800;2440;2460
P177069119;P177069119_11;K;9800;0;0;12200;1200;2460
P177069119;P177069119_12;L;10800;1240;0;13200;2440;2460
P177069019;P177069019_1;A;0;0;0;1200;2400;2000
P177069019;P177069019_2;B;1200;0;0;2400;2400;2460
P177069019;P177069019_3;C;2400;0;0;3600;2400;2460
P177069019;P177069019_4;D;3600;0;0;4800;2400;2000
P177069019;P177069019_5;E;4800;0;0;6000;2400;2000
P177069019;P177069019_6;F;6000;0;0;7200;2400;1620
P177069019;P177069019_7;G;7200;0;0;8400;2400;1900
P177069019;P177069019_8;H;8400;0;0;9600;2400;2460
P177069019;P177069019_9;I;9600;0;0;10800;2400;2500
P177069019;P177069019_10;J;10800;0;0;12000;2400;2460
P177069019;P177069019_11;K;12000;0;0;13200;2400;2460
P177069115;P177069115_1;A;0;1240;0;1200;2440;2200
P177069115;P177069115_2;B;0;0;0;2400;1200;2460
P177069115;P177069115_3;C;1200;1240;0;3600;2440;2460
P177069115;P177069115_4;D;2400;0;0;4800;1200;1900
P177069115;P177069115_5;E;3600;1240;0;4800;2440;2200
P177069115;P177069115_6;F;4800;0;0;6600;1200;2340
P177069115;P177069115_7;G;4800;1240;0;7200;2440;2460
P177069115;P177069115_8;H;6600;0;0;8400;1200;2340
P177069115;P177069115_9;I;7200;1240;0;9000;2440;2340
P177069115;P177069115_10;J;8400;0;0;10200;1200;2340
P177069115;P177069115_11;K;9000;1240;0;10800;2440;2340
P177069115;P177069115_12;L;10200;0;0;12000;1200;2340
P177069115;P177069115_13;M;10800;1240;0;13200;2440;2460
P177069115;P177069115_14;N;12000;0;0;13200;1200;2200
P177069117;P177069117_1;A;0;0;0;1200;2400;1620
P177069117;P177069117_2;B;1200;0;0;2400;2400;1620
P177069117;P177069117_3;C;2400;0;0;3600;2400;2000
P177069117;P177069117_4;D;3600;0;0;4800;2400;2000
P177069117;P177069117_5;E;4800;0;0;6000;2400;2000
P177069117;P177069117_6;F;6000;0;0;7200;2400;2460
P177069117;P177069117_7;G;7200;0;0;8400;2400;1620
P177069117;P177069117_8;H;8400;0;0;9600;2400;2000
P177069117;P177069117_9;I;9600;0;0;10800;2400;2460
P177069117;P177069117_10;J;10800;0;0;12000;2400;2460
P177069117;P177069117_11;K;12000;0;0;13200;2400;2460
P177069015;P177069015_1;A;0;0;0;2000;1200;2875
P177069015;P177069015_2;B;0;1240;0;2000;2440;2875
P177069015;P177069015_3;C;2000;1240;0;4000;2440;2875
P177069015;P177069015_4;D;2000;0;0;4000;1200;2875
P177069015;P177069015_5;E;4000;0;0;6000;1200;2875
P177069015;P177069015_6;F;4000;1240;0;6000;2440;2875
P177069015;P177069015_7;G;6000;1240;0;8000;2440;2875
P177069015;P177069015_8;H;6000;0;0;8000;1200;2875
P177069015;P177069015_9;I;8000;0;0;10000;1200;2875
P177069015;P177069015_10;J;8000;1240;0;10000;2440;2875
P177069015;P177069015_11;K;10000;1240;0;12000;2440;2875
P177069015;P177069015_12;L;10000;0;0;12000;1200;2875
P177069015;P177069015_13;M;12000;0;0;13200;2000;2875
P177069013;P177069013_1;A;0;0;0;1200;2400;2460
P177069013;P177069013_2;B;1200;0;0;2400;2400;2000
P177069013;P177069013_3;C;2400;0;0;3600;2400;1900
P177069013;P177069013_4;D;3600;0;0;4800;2400;2460
P177069013;P177069013_5;E;4800;0;0;6000;2400;1620
P177069013;P177069013_6;F;6000;0;0;7200;2400;2460
P177069013;P177069013_7;G;7200;0;0;8400;2400;2460
P177069013;P177069013_8;H;8400;0;0;9600;2400;2460
P177069013;P177069013_9;I;9600;0;0;10800;2400;2460
P177069013;P177069013_10;J;10800;0;0;12000;2400;2460
P177069013;P177069013_11;K;12000;0;0;13200;2400;2460
P177069111;P177069111_1;A;0;0;0;2200;1200;1760
P177069111;P177069111_2;B;0;1240;0;2400;2440;1800
P177069111;P177069111_3;C;2200;0;0;4200;1200;2875
P177069111;P177069111_4;D;2400;1240;0;4400;2440;2875
P177069111;P177069111_5;E;4200;0;0;6200;1200;2875
P177069111;P177069111_6;F;4400;1240;0;6400;2440;2875
P177069111;P177069111_7;G;6200;0;0;8200;1200;2875
P177069111;P177069111_8;H;6400;1240;0;8400;2440;2875
P177069111;P177069111_9;I;8200;0;0;10200;1200;2875
P177069111;P177069111_10;J;8400;1240;0;10200;2440;2340
P177069111;P177069111_11;K;10200;1240;0;12000;2440;2340
P177069111;P177069111_12;L;10200;0;0;12000;1200;2340
P177069111;P177069111_13;M;12000;0;0;13200;1800;2340
P177069009;P177069009_1;A;0;0;0;1200;2400;2000
P177069009;P177069009_2;B;1200;0;0;2400;2400;2000
P177069009;P177069009_3;C;2400;0;0;3600;2400;2000
P177069009;P177069009_4;D;3600;0;0;4800;2400;1900
P177069009;P177069009_5;E;4800;1240;0;6800;2440;2250
P177069009;P177069009_6;F;4800;0;0;7200;1200;2460
P177069009;P177069009_7;G;6800;1240;0;9200;2440;1620
P177069009;P177069009_8;H;7200;0;0;9600;1200;1620
P177069009;P177069009_9;I;9200;1240;0;11600;2440;2460
P177069009;P177069009_10;J;9600;0;0;12000;1200;2460
P177069009;P177069009_11;K;12000;40;0;13200;2440;2460
P177069107;P177069107_1;A;0;0;0;2000;1200;2875
P177069107;P177069107_2;B;0;1240;0;2000;2440;2875
P177069107;P177069107_3;C;2000;1240;0;4000;2440;2875
P177069107;P177069107_4;D;2000;0;0;4000;1200;2875
P177069107;P177069107_5;E;4000;0;0;6000;1200;2875
P177069107;P177069107_6;F;4000;1240;0;6000;2440;2875
P177069107;P177069107_7;G;6000;1240;0;8000;2440;2875
P177069107;P177069107_8;H;6000;0;0;8000;1200;2875
P177069107;P177069107_9;I;8000;0;0;10000;1200;2875
P177069107;P177069107_10;J;8000;1240;0;10000;2440;2875
P177069107;P177069107_11;K;10000;1240;0;12000;2440;2875
P177069107;P177069107_12;L;10000;0;0;12000;1200;2875
P177069107;P177069107_13;M;12000;0;0;13200;2000;2875
P177069007;P177069007_1;A;0;0;0;1800;1200;2340
P177069007;P177069007_2;B;0;1240;0;1800;2440;2340
P177069007;P177069007_3;C;1800;1240;0;3600;2440;2340
P177069007;P177069007_4;D;1800;0;0;3600;1200;2340
P177069007;P177069007_5;E;3600;0;0;5400;1200;2340
P177069007;P177069007_6;F;3600;1240;0;5400;2440;2340
P177069007;P177069007_7;G;5400;1240;0;7200;2440;2340
P177069007;P177069007_8;H;5400;0;0;7200;1200;2340
P177069007;P177069007_9;I;7200;0;0;8400;2400;1900
P177069007;P177069007_10;J;8400;1240;0;10200;2440;2340
P177069007;P177069007_11;K;8400;0;0;9600;1200;2200
P177069007;P177069007_12;L;9600;0;0;10800;1200;2200
P177069007;P177069007_13;M;10200;1240;0;12000;2440;2340
P177069007;P177069007_14;N;10800;0;0;13200;1200;2000
P177069007;P177069007_15;O;12000;1240;0;13200;2440;2200
P177069105;P177069105_1;A;0;0;0;1200;2400;1620
P177069105;P177069105_2;B;1200;0;0;2400;2400;1620
P177069105;P177069105_3;C;2400;0;0;3600;2400;2000
P177069105;P177069105_4;D;3600;0;0;4800;2400;2000
P177069105;P177069105_5;E;4800;0;0;6000;2400;1900
P177069105;P177069105_6;F;6000;0;0;7200;2400;2460
P177069105;P177069105_7;G;7200;0;0;8400;2400;2460
P177069105;P177069105_8;H;8400;0;0;9600;2400;2460
P177069105;P177069105_9;I;9600;0;0;10800;2400;2460
P177069105;P177069105_10;J;10800;0;0;12000;2400;2460
P177069105;P177069105_11;K;12000;0;0;13200;2000;2250
P177069005;P177069005_1;A;0;1240;0;1800;2440;2340
P177069005;P177069005_2;B;0;0;0;1800;1200;2340
P177069005;P177069005_3;C;1800;0;0;3600;1200;2340
P177069005;P177069005_4;D;1800;1240;0;3600;2440;2340
P177069005;P177069005_5;E;3600;1240;0;5400;2440;2340
P177069005;P177069005_6;F;3600;0;0;5400;1200;2340
P177069005;P177069005_7;G;5400;0;0;7200;1200;2340
P177069005;P177069005_8;H;5400;1240;0;7200;2440;2340
P177069005;P177069005_9;I;7200;1240;0;8400;2440;2200
P177069005;P177069005_10;J;7200;0;0;9600;1200;1800
P177069005;P177069005_11;K;8400;1240;0;10200;2440;2340
P177069005;P177069005_12;L;9600;0;0;11400;1200;2340
P177069005;P177069005_13;M;10200;1240;0;12000;2440;2340
P177069005;P177069005_14;N;11400;0;0;13200;1200;2340
P177069005;P177069005_15;O;12000;1240;0;13200;2440;2200
Q177069005_1;Q177069005_1_1;A;0;0;0;2200;1200;1760
Q177069005_1;Q177069005_1_2;B;0;1240;0;1800;2440;2340
Q177069005_1;Q177069005_1_3;C;1800;1240;0;3600;2440;2340
Q177069005_1;Q177069005_1_4;D;2200;0;0;4000;1200;2340
Q177069005_1;Q177069005_1_5;E;3600;1240;0;6000;2440;2000
Q177069005_1;Q177069005_1_6;F;4000;0;0;6400;1200;1620
P177069003;P177069003_1;A;0;0;0;2000;1200;2875
P177069003;P177069003_2;B;0;1240;0;2000;2440;2875
P177069003;P177069003_3;C;2000;1240;0;4000;2440;2875
P177069003;P177069003_4;D;2000;0;0;4000;1200;2875
P177069003;P177069003_5;E;4000;0;0;6000;1200;2875
P177069003;P177069003_6;F;4000;1240;0;6000;2440;2875
P177069003;P177069003_7;G;6000;1240;0;8000;2440;2875
P177069003;P177069003_8;H;6000;0;0;8000;1200;2875
P177069003;P177069003_9;I;8000;0;0;10000;1200;2875
P177069003;P177069003_10;J;8000;1240;0;10000;2440;2875
P177069003;P177069003_11;K;10000;1240;0;12000;2440;2875
P177069003;P177069003_12;L;10000;0;0;12000;1200;2875
P177069003;P177069003_13;M;12000;0;0;13200;2000;2875
Q177069003_1;Q177069003_1_1;A;0;0;0;2000;1200;2875
Q177069003_1;Q177069003_1_2;B;0;1240;0;2000;2440;2875
Q177069003_1;Q177069003_1_3;C;2000;1240;0;4000;2440;2875
Q177069003_1;Q177069003_1_4;D;2000;0;0;4000;1200;2875
Q177069003_1;Q177069003_1_5;E;4000;0;0;6000;1200;2875
Q177069003_1;Q177069003_1_6;F;4000;1240;0;6000;2440;2875
Q177069003_1;Q177069003_1_7;G;6000;1240;0;8000;2440;2875
Q177069003_1;Q177069003_1_8;H;6000;0;0;8000;1200;2875
Q177069003_1;Q177069003_1_9;I;8000;0;0;10000;1200;2875
Q177069003_1;Q177069003_1_10;J;8000;1240;0;10000;2440;2875
Q177069003_1;Q177069003_1_11;K;10000;1240;0;12000;2440;2875
Q177069003_1;Q177069003_1_12;L;10000;0;0;12000;1200;2875
Q177069003_1;Q177069003_1_13;M;12000;0;0;13200;2000;2875
Q177069003_2;Q177069003_2_1;A;0;0;0;2000;1200;2875
Q177069003_2;Q177069003_2_2;B;0;1240;0;2000;2440;2875
Q177069003_2;Q177069003_2_3;C;2000;1240;0;4000;2440;2875
Q177069003_2;Q177069003_2_4;D;2000;0;0;4000;1200;2875
Q177069003_2;Q177069003_2_5;E;4000;0;0;6000;1200;2875
Q177069003_2;Q177069003_2_6;F;4000;1240;0;6000;2440;2875
Q177069003_2;Q177069003_2_7;G;6000;1240;0;8000;2440;2875
Q177069003_2;Q177069003_2_8;H;6000;0;0;8000;1200;1460
Q177069003_2;Q177069003_2_9;I;8000;0;0;9200;2400;2460
Q177069003_2;Q177069003_2_10;J;9200;0;0;10400;2400;2460
P177069101;P177069101_1;A;0;0;0;1200;2400;2460
P177069101;P177069101_2;B;1200;0;0;2400;2400;2460
P177069101;P177069101_3;C;2400;0;0;3600;2400;2460
P177069101;P177069101_4;D;3600;0;0;4800;2400;2000
P177069101;P177069101_5;E;4800;0;0;6000;2400;2000
P177069101;P177069101_6;F;6000;0;0;7200;2400;1620
P177069101;P177069101_7;G;7200;0;0;8400;2400;1900
P177069101;P177069101_8;H;8400;0;0;9600;2400;2460
P177069101;P177069101_9;I;9600;0;0;10800;2400;2460
P177069101;P177069101_10;J;10800;0;0;12000;2400;2460
P177069101;P177069101_11;K;12000;0;0;13200;2400;2460
Q177069101_1;Q177069101_1_1;A;0;0;0;1200;2400;2500
Q177069101_1;Q177069101_1_2;B;1200;0;0;2400;2400;1620
Q177069101_1;Q177069101_1_3;C;2400;0;0;3600;2400;2000
Q177069101_1;Q177069101_1_4;D;3600;0;0;4800;2400;2000
Q177069101_1;Q177069101_1_5;E;4800;0;0;6000;2400;1900
Q177069101_1;Q177069101_1_6;F;6000;0;0;7200;2400;2460
Q177069101_1;Q177069101_1_7;G;7200;0;0;8400;2400;2460
Q177069101_1;Q177069101_1_8;H;8400;0;0;9600;2400;2460
Q177069101_1;Q177069101_1_9;I;9600;0;0;10800;2400;2460
P175069253;P175069253_1;A;0;0;0;1200;2400;2000
P175069253;P175069253_2;B;1200;0;0;2400;2400;2500
P175069253;P175069253_3;C;2400;0;0;3600;2400;2500
P175069253;P175069253_4;D;3600;0;0;4800;2400;2500
P175069253;P175069253_5;E;4800;0;0;6000;2400;2500
P175069253;P175069253_6;F;6000;0;0;7200;2400;2500
P175069253;P175069253_7;G;7200;0;0;8400;2400;2500
P175069253;P175069253_8;H;8400;0;0;9600;2400;2500
P175069253;P175069253_9;I;9600;0;0;10800;2400;2500
P175069253;P175069253_10;J;10800;0;0;12000;2400;2500
P175069253;P175069253_11;K;12000;0;0;13200;2400;2500
P175069251;P175069251_1;A;0;0;0;1200;2400;1620
P175069251;P175069251_2;B;1200;40;0;2400;2440;1620
P175069251;P175069251_3;C;2400;0;0;3600;2400;1800
P175069251;P175069251_4;D;3600;0;0;4800;2400;1450
P175069251;P175069251_5;E;4800;0;0;6000;2400;1900
P175069251;P175069251_6;F;6000;0;0;7200;2400;1900
P175069251;P175069251_7;G;7200;0;0;8400;2400;1620
P175069251;P175069251_8;H;8400;0;0;9600;2400;2500
P175069251;P175069251_9;I;9600;0;0;10800;2400;2500
P175069251;P175069251_10;J;10800;0;0;12000;2400;1900
P175069251;P175069251_11;K;12000;0;0;13200;2400;2500
P175069319;P175069319_1;A;0;0;0;1200;2400;2500
P175069319;P175069319_2;B;1200;40;0;2400;2440;2500
P175069319;P175069319_3;C;2400;0;0;3600;2400;2500
P175069319;P175069319_4;D;3600;0;0;4800;2400;2500
P175069319;P175069319_5;E;4800;0;0;6000;2400;2500
P175069319;P175069319_6;F;6000;0;0;7200;2400;2500
P175069319;P175069319_7;G;7200;0;0;8400;2400;2500
P175069319;P175069319_8;H;8400;0;0;9600;2400;2500
P175069319;P175069319_9;I;9600;0;0;10800;2400;2500
P175069319;P175069319_10;J;10800;0;0;12000;2400;2500
P175069319;P175069319_11;K;12000;0;0;13200;2400;2500
P175069219;P175069219_1;A;0;0;0;1200;2400;1620
P175069219;P175069219_2;B;1200;0;0;2400;2400;1620
P175069219;P175069219_3;C;2400;0;0;3600;2400;2500
P175069219;P175069219_4;D;3600;0;0;4800;2400;2500
P175069219;P175069219_5;E;4800;0;0;6000;2400;2500
P175069219;P175069219_6;F;6000;0;0;7200;2400;2500
P175069219;P175069219_7;G;7200;0;0;8400;2400;2500
P175069219;P175069219_8;H;8400;0;0;9600;2400;2500
P175069219;P175069219_9;I;9600;0;0;10800;2400;1900
P175069219;P175069219_10;J;10800;0;0;12000;2400;1900
P175069219;P175069219_11;K;12000;0;0;13200;1800;2400
P174069217;P174069217_1;A;0;0;0;1200;2400;1620
P174069217;P174069217_2;B;1200;0;0;2400;2400;1450
P174069217;P174069217_3;C;2400;0;0;3600;2400;1620
P174069217;P174069217_4;D;3600;0;0;4800;2400;2500
P174069217;P174069217_5;E;4800;0;0;6000;2400;2500
P174069217;P174069217_6;F;6000;0;0;7200;2400;1900
P174069217;P174069217_7;G;7200;0;0;8400;2400;2500
P174069217;P174069217_8;H;8400;0;0;9600;2400;2500
P174069217;P174069217_9;I;9600;0;0;10800;2400;2500
P174069217;P174069217_10;J;10800;0;0;12000;2400;2500
P174069217;P174069217_11;K;12000;0;0;13200;2400;2500
P174069215;P174069215_1;A;0;0;0;1200;2400;1900
P174069215;P174069215_2;B;1200;0;0;2400;2400;1900
P174069215;P174069215_3;C;2400;0;0;3600;2400;2500
P174069215;P174069215_4;D;3600;0;0;4800;2400;2500
P174069215;P174069215_5;E;4800;0;0;6000;2400;2500
P174069215;P174069215_6;F;6000;0;0;7200;2400;2500
P174069215;P174069215_7;G;7200;0;0;8400;2400;1620
P174069215;P174069215_8;H;8400;0;0;9600;2400;1620
P174069215;P174069215_9;I;9600;0;0;10800;2400;2000
P174069215;P174069215_10;J;10800;0;0;12000;2400;2500
P174069215;P174069215_11;K;12000;0;0;13200;2400;2500
P174069211;P174069211_1;A;0;0;0;1200;2400;2855
P174069211;P174069211_2;B;1200;0;0;2400;2400;2500
P174069211;P174069211_3;C;2400;0;0;3600;2400;2500
P174069211;P174069211_4;D;3600;0;0;4800;2400;2500
P174069211;P174069211_5;E;4800;0;0;6000;2400;2500
P174069211;P174069211_6;F;6000;0;0;7200;2400;1900
P174069211;P174069211_7;G;7200;0;0;8400;2400;2500
P174069211;P174069211_8;H;8400;0;0;9600;2400;2500
P174069211;P174069211_9;I;9600;0;0;10800;2400;2500
P174069211;P174069211_10;J;10800;0;0;12000;2400;2500
P174069211;P174069211_11;K;12000;0;0;13200;2400;2500
P174069207;P174069207_1;A;0;0;0;1200;2400;2500
P174069207;P174069207_2;B;1200;0;0;2400;2400;2500
P174069207;P174069207_3;C;2400;0;0;3600;2400;2500
P174069207;P174069207_4;D;3600;0;0;4800;2400;2500
P174069207;P174069207_5;E;4800;0;0;6000;2400;2500
P174069207;P174069207_6;F;6000;0;0;7200;2400;1900
P174069207;P174069207_7;G;7200;0;0;8400;2400;1900
P174069207;P174069207_8;H;8400;0;0;9600;2400;1620
P174069207;P174069207_9;I;9600;0;0;10800;2400;1620
P174069207;P174069207_10;J;10800;1660;0;11370;2440;478
P174069207;P174069207_11;K;10800;0;0;13200;1200;2500
P174069207;P174069207_12;L;11370;1240;0;13170;2440;2400
P174069307;P174069307_1;A;0;0;0;1200;2400;2855
P174069307;P174069307_2;B;1200;40;0;2400;2440;2855
P174069307;P174069307_3;C;2400;0;0;3600;2400;2855
P174069307;P174069307_4;D;3600;0;0;4800;2400;2855
P174069307;P174069307_5;E;4800;0;0;6000;2400;2500
P174069307;P174069307_6;F;6000;0;0;7200;2400;2500
P174069307;P174069307_7;G;7200;0;0;8400;2400;2500
P174069307;P174069307_8;H;8400;0;0;9600;2400;2500
P174069307;P174069307_9;I;9600;0;0;10800;2400;2500
P174069307;P174069307_10;J;10800;0;0;12000;2400;2500
P174069307;P174069307_11;K;12000;0;0;13200;2400;2500
P174069305;P174069305_1;A;0;0;0;1200;2400;2500
P174069305;P174069305_2;B;1200;0;0;2400;2400;2855
P174069305;P174069305_3;C;2400;0;0;3600;2400;2855
P174069305;P174069305_4;D;3600;0;0;4800;2400;2855
P174069305;P174069305_5;E;4800;0;0;6000;2400;2500
P174069305;P174069305_6;F;6000;0;0;7200;2400;2500
P174069305;P174069305_7;G;7200;0;0;8400;2400;2500
P174069305;P174069305_8;H;8400;0;0;9600;2400;2500
P174069305;P174069305_9;I;9600;0;0;10800;2400;2500
P174069305;P174069305_10;J;10800;0;0;12000;2400;2500
P174069305;P174069305_11;K;12000;0;0;13200;2400;1900
P174069203;P174069203_1;A;0;0;0;1200;2400;1620
P174069203;P174069203_2;B;1200;0;0;2400;2400;1620
P174069203;P174069203_3;C;2400;0;0;3600;2400;2500
P174069203;P174069203_4;D;3600;0;0;4800;2400;2500
P174069203;P174069203_5;E;4800;0;0;6000;2400;2500
P174069203;P174069203_6;F;6000;0;0;7200;2400;2500
P174069203;P174069203_7;G;7200;0;0;8400;2400;2500
P174069203;P174069203_8;H;8400;0;0;9600;2400;2500
P174069203;P174069203_9;I;9600;0;0;10800;2400;2500
P174069203;P174069203_10;J;10800;0;0;12000;2400;2500
P174069203;P174069203_11;K;12000;0;0;13200;2400;2500
P174069201;P174069201_1;A;0;0;0;1200;2400;1900
P174069201;P174069201_2;B;1200;40;0;2400;2440;1900
P174069201;P174069201_3;C;2400;0;0;3600;2400;2500
P174069201;P174069201_4;D;3600;0;0;4800;2400;1800
P174069201;P174069201_5;E;4800;0;0;6000;2400;1620
P174069201;P174069201_6;F;6000;0;0;7200;2400;1620
P174069201;P174069201_7;G;7200;0;0;8400;2400;2500
P174069201;P174069201_8;H;8400;0;0;9600;2400;2500
P174069201;P174069201_9;I;9600;0;0;10800;2400;2500
P174069201;P174069201_10;J;10800;0;0;12000;2400;1900
P174069201;P174069201_11;K;12000;0;0;13200;2400;1900
P174069319;P174069319_1;A;0;0;0;1200;2400;2500
P174069319;P174069319_2;B;1200;0;0;2400;2400;2500
P174069319;P174069319_3;C;2400;0;0;3600;2400;2855
P174069319;P174069319_4;D;3600;0;0;4800;2400;2500
P174069319;P174069319_5;E;4800;0;0;6000;2400;2500
P174069319;P174069319_6;F;6000;0;0;7200;2400;2500
P174069319;P174069319_7;G;7200;0;0;8400;2400;2830
P174069319;P174069319_8;H;8400;0;0;9600;2400;1620
P174069319;P174069319_9;I;9600;0;0;10800;2400;2500
P174069319;P174069319_10;J;10800;0;0;12000;2400;2500
P174069319;P174069319_11;K;12000;0;0;13200;2400;2500
P174069219;P174069219_1;A;0;0;0;1200;2400;2500
P174069219;P174069219_2;B;1200;0;0;2400;2400;2500
P174069219;P174069219_3;C;2400;0;0;3600;2400;2500
P174069219;P174069219_4;D;3600;0;0;4800;2400;2500
P174069219;P174069219_5;E;4800;0;0;6000;2400;2500
P174069219;P174069219_6;F;6000;0;0;7200;2400;2500
P174069219;P174069219_7;G;7200;0;0;8400;2400;2500
P174069219;P174069219_8;H;8400;0;0;9600;2400;2000
P174069219;P174069219_9;I;9600;0;0;10800;2400;1900
P174069219;P174069219_10;J;10800;0;0;12000;2400;2500
P174069219;P174069219_11;K;12000;0;0;13200;2400;2500
P173069217;P173069217_1;A;0;0;0;570;780;478
P173069217;P173069217_2;B;0;1240;0;2400;2440;2500
P173069217;P173069217_3;C;570;0;0;2970;1200;2500
P173069217;P173069217_4;D;2400;1240;0;4800;2440;2855
P173069217;P173069217_5;E;2970;0;0;5370;1200;1620
P173069217;P173069217_6;F;4800;1240;0;7200;2440;2500
P173069217;P173069217_7;G;5370;0;0;7770;1200;1900
P173069217;P173069217_8;H;7200;1240;0;9600;2440;1900
P173069217;P173069217_9;I;7770;0;0;10170;1200;1900
P173069217;P173069217_10;J;9600;1240;0;12000;2440;2500
P173069217;P173069217_11;K;10170;0;0;12570;1200;2500
P173069215;P173069215_1;A;0;0;0;1200;2400;1620
P173069215;P173069215_2;B;1200;0;0;2400;2400;2500
P173069215;P173069215_3;C;2400;0;0;3600;2400;2500
P173069215;P173069215_4;D;3600;0;0;4800;2400;2500
P173069215;P173069215_5;E;4800;0;0;6000;2400;2500
P173069215;P173069215_6;F;6000;0;0;7200;2400;2500
P173069215;P173069215_7;G;7200;0;0;8400;2400;2500
P173069215;P173069215_8;H;8400;0;0;9600;2400;2500
P173069215;P173069215_9;I;9600;0;0;10800;2400;2500
P173069215;P173069215_10;J;10800;0;0;12000;2400;2500
P173069215;P173069215_11;K;12000;0;0;13200;2400;1900
P173069211;P173069211_1;A;0;0;0;1200;2400;1900
P173069211;P173069211_2;B;1200;0;0;2400;2400;1900
P173069211;P173069211_3;C;2400;0;0;3600;2400;1620
P173069211;P173069211_4;D;3600;0;0;5400;1200;2400
P173069211;P173069211_5;E;3600;1240;0;6000;2440;1620
P173069211;P173069211_6;F;5400;0;0;5970;780;478
P173069211;P173069211_7;G;5970;0;0;8370;1200;2500
P173069211;P173069211_8;H;6000;1240;0;8400;2440;2500
P173069211;P173069211_9;I;8370;0;0;10770;1200;2500
P173069211;P173069211_10;J;8400;1240;0;10800;2440;1900
P173069211;P173069211_11;K;10770;0;0;13170;1200;2500
P173069211;P173069211_12;L;10800;1240;0;13200;2440;2500
P173069207;P173069207_1;A;0;0;0;1200;2400;2500
P173069207;P173069207_2;B;1200;0;0;2400;2400;2500
P173069207;P173069207_3;C;2400;0;0;3600;2400;1620
P173069207;P173069207_4;D;3600;0;0;4800;2400;2500
P173069207;P173069207_5;E;4800;0;0;6000;2400;2500
P173069207;P173069207_6;F;6000;0;0;7200;2400;2500
P173069207;P173069207_7;G;7200;0;0;8400;2400;2500
P173069207;P173069207_8;H;8400;0;0;9600;2400;2500
P173069207;P173069207_9;I;9600;0;0;10800;2400;1900
P173069207;P173069207_10;J;10800;0;0;12000;2400;1900
P173069207;P173069207_11;K;12000;0;0;13200;2400;1900
P173069203;P173069203_1;A;0;0;0;1200;2400;2500
P173069203;P173069203_2;B;1200;0;0;2400;2400;2500
P173069203;P173069203_3;C;2400;0;0;3600;2400;2500
P173069203;P173069203_4;D;3600;0;0;4800;2400;2500
P173069203;P173069203_5;E;4800;0;0;6000;2400;2500
P173069203;P173069203_6;F;6000;0;0;7200;2400;2500
P173069203;P173069203_7;G;7200;0;0;8400;2400;2500
P173069203;P173069203_8;H;8400;0;0;9600;2400;2500
P173069203;P173069203_9;I;9600;0;0;10800;2400;2500
P173069203;P173069203_10;J;10800;0;0;12000;2400;2500
P173069203;P173069203_11;K;12000;0;0;13200;2400;1900
P173069201;P173069201_1;A;0;0;0;1200;2400;1900
P173069201;P173069201_2;B;1200;0;0;2400;2400;1900
P173069201;P173069201_3;C;2400;0;0;3600;2400;1620
P173069201;P173069201_4;D;3600;0;0;4800;2400;1620
P173069201;P173069201_5;E;4800;0;0;6000;2400;2500
P173069201;P173069201_6;F;6000;0;0;7200;2400;1900
P173069201;P173069201_7;G;7200;0;0;8400;2400;2500
P173069201;P173069201_8;H;8400;0;0;9600;2400;2500
P173069201;P173069201_9;I;9600;0;0;10800;2400;2500
P173069201;P173069201_10;J;10800;0;0;12000;2400;2500
P173069201;P173069201_11;K;12000;0;0;13200;2400;2500
P173069319;P173069319_1;A;0;0;0;1200;2400;2500
P173069319;P173069319_2;B;1200;0;0;2400;2400;2500
P173069319;P173069319_3;C;2400;0;0;3600;2400;2500
P173069319;P173069319_4;D;3600;0;0;4800;2400;2500
P173069319;P173069319_5;E;4800;0;0;6000;2400;2500
P173069319;P173069319_6;F;6000;0;0;7200;2400;1900
P173069319;P173069319_7;G;7200;0;0;8400;2400;1900
P173069319;P173069319_8;H;8400;0;0;9600;2400;1620
P173069319;P173069319_9;I;9600;0;0;10800;2400;2500
P173069319;P173069319_10;J;10800;0;0;12000;2400;2500
P173069319;P173069319_11;K;12000;0;0;13200;2400;2500
P173069219;P173069219_1;A;0;0;0;1200;2400;1900
P173069219;P173069219_2;B;1200;0;0;2400;2400;2500
P173069219;P173069219_3;C;2400;0;0;3600;2400;2500
P173069219;P173069219_4;D;3600;0;0;4800;2400;2500
P173069219;P173069219_5;E;4800;0;0;6000;2400;2500
P173069219;P173069219_6;F;6000;0;0;7200;2400;2500
P173069219;P173069219_7;G;7200;0;0;8400;2400;2500
P173069219;P173069219_8;H;8400;0;0;9600;2400;2500
P173069219;P173069219_9;I;9600;0;0;10800;2400;2500
P173069219;P173069219_10;J;10800;0;0;12000;2400;2500
P173069219;P173069219_11;K;12000;0;0;13200;2400;2500
P172069217;P172069217_1;A;0;0;0;1200;2400;1620
P172069217;P172069217_2;B;1200;0;0;2400;2400;2500
P172069217;P172069217_3;C;2400;0;0;3600;2400;2500
P172069217;P172069217_4;D;3600;0;0;4800;2400;2500
P172069217;P172069217_5;E;4800;0;0;6000;2400;2500
P172069217;P172069217_6;F;6000;0;0;7200;2400;2500
P172069217;P172069217_7;G;7200;0;0;8400;2400;2500
P172069217;P172069217_8;H;8400;0;0;9600;2400;2855
P172069217;P172069217_9;I;9600;0;0;10800;2400;2500
P172069217;P172069217_10;J;10800;0;0;12000;2400;2500
P172069217;P172069217_11;K;12000;0;0;13200;2400;2500
P172069215;P172069215_1;A;0;0;0;1200;2400;2500
P172069215;P172069215_2;B;1200;0;0;2400;2400;2500
P172069215;P172069215_3;C;2400;0;0;3600;2400;2500
P172069215;P172069215_4;D;3600;0;0;5400;1200;2400
P172069215;P172069215_5;E;3600;1240;0;6000;2440;1900
P172069215;P172069215_6;F;5400;0;0;7800;1200;1900
P172069215;P172069215_7;G;6000;1240;0;8400;2440;1900
P172069215;P172069215_8;H;7800;0;0;10200;1200;1620
P172069215;P172069215_9;I;8400;1240;0;10800;2440;1620
P172069215;P172069215_10;J;10200;0;0;12600;1200;1800
P172069215;P172069215_11;K;10800;1240;0;13200;2440;2500
P172069215;P172069215_12;L;12600;0;0;13170;780;478
P172069211;P172069211_1;A;0;0;0;1200;2400;2855
P172069211;P172069211_2;B;1200;0;0;2400;2400;2500
P172069211;P172069211_3;C;2400;0;0;3600;2400;2500
P172069211;P172069211_4;D;3600;0;0;4800;2400;2500
P172069211;P172069211_5;E;4800;0;0;6000;2400;2500
P172069211;P172069211_6;F;6000;0;0;7200;2400;2500
P172069211;P172069211_7;G;7200;0;0;8400;2400;2500
P172069211;P172069211_8;H;8400;0;0;9600;2400;2500
P172069211;P172069211_9;I;9600;0;0;10800;2400;2500
P172069211;P172069211_10;J;10800;0;0;12000;2400;2500
P172069211;P172069211_11;K;12000;0;0;13200;2400;2500
P172069207;P172069207_1;A;0;0;0;1200;2400;2550
P172069207;P172069207_2;B;1200;0;0;2400;2400;1620
P172069207;P172069207_3;C;2400;0;0;3600;2400;2000
P172069207;P172069207_4;D;3600;0;0;4800;2400;1900
P172069207;P172069207_5;E;4800;0;0;6000;2400;1900
P172069207;P172069207_6;F;6000;0;0;7200;2400;1900
P172069207;P172069207_7;G;7200;0;0;8400;2400;2500
P172069207;P172069207_8;H;8400;0;0;9600;2400;2500
P172069207;P172069207_9;I;9600;0;0;10800;2400;2500
P172069207;P172069207_10;J;10800;0;0;12000;2400;2500
P172069207;P172069207_11;K;12000;0;0;13200;2400;2500
P172069307;P172069307_1;A;0;0;0;1200;2400;2855
P172069307;P172069307_2;B;1200;0;0;2400;2400;2855
P172069307;P172069307_3;C;2400;0;0;3600;2400;1900
P172069307;P172069307_4;D;3600;0;0;4800;2400;1900
P172069307;P172069307_5;E;4800;0;0;6000;2400;2500
P172069307;P172069307_6;F;6000;0;0;7200;2400;2500
P172069307;P172069307_7;G;7200;0;0;8400;2400;2500
P172069307;P172069307_8;H;8400;0;0;9600;2400;2500
P172069307;P172069307_9;I;9600;0;0;10800;2400;2500
P172069307;P172069307_10;J;10800;0;0;12000;2400;2500
P172069307;P172069307_11;K;12000;0;0;13200;2400;2500
P172069305;P172069305_1;A;0;0;0;1200;2400;2500
P172069305;P172069305_2;B;1200;0;0;2400;2400;2500
P172069305;P172069305_3;C;2400;0;0;3600;2400;2500
P172069305;P172069305_4;D;3600;0;0;4800;2400;1900
P172069305;P172069305_5;E;4800;0;0;6000;2400;1900
P172069305;P172069305_6;F;6000;0;0;7200;2400;2500
P172069305;P172069305_7;G;7200;0;0;8400;2400;2500
P172069305;P172069305_8;H;8400;0;0;9600;2400;2500
P172069305;P172069305_9;I;9600;0;0;10800;2400;2500
P172069305;P172069305_10;J;10800;0;0;12000;2400;2500
P172069305;P172069305_11;K;12000;0;0;13200;2400;2500
P172069203;P172069203_1;A;0;0;0;1200;2400;1620
P172069203;P172069203_2;B;1200;0;0;2400;2400;1620
P172069203;P172069203_3;C;2400;0;0;3600;2400;1900
P172069203;P172069203_4;D;3600;0;0;4800;2400;1900
P172069203;P172069203_5;E;4800;0;0;6000;2400;1900
P172069203;P172069203_6;F;6000;0;0;7200;2400;2500
P172069203;P172069203_7;G;7200;0;0;8400;2400;2500
P172069203;P172069203_8;H;8400;0;0;9600;2400;2500
P172069203;P172069203_9;I;9600;0;0;10800;2400;2500
P172069203;P172069203_10;J;10800;0;0;12000;2400;2500
P172069203;P172069203_11;K;12000;0;0;13200;1800;2400
P172069201;P172069201_1;A;0;0;0;1200;2400;1620
P172069201;P172069201_2;B;1200;0;0;2400;2400;2500
P172069201;P172069201_3;C;2400;0;0;3600;2400;2500
P172069201;P172069201_4;D;3600;0;0;4800;2400;2500
P172069201;P172069201_5;E;4800;0;0;6000;2400;1900
P172069201;P172069201_6;F;6000;0;0;7200;2400;2500
P172069201;P172069201_7;G;7200;0;0;8400;2400;2500
P172069201;P172069201_8;H;8400;0;0;9600;2400;2500
P172069201;P172069201_9;I;9600;0;0;10800;2400;2500
P172069201;P172069201_10;J;10800;0;0;12000;2400;2500
P172069201;P172069201_11;K;12000;0;0;13200;2400;2500
P172069319;P172069319_1;A;0;0;0;1200;2400;2500
P172069319;P172069319_2;B;1200;0;0;2400;2400;2500
P172069319;P172069319_3;C;2400;0;0;3600;2400;2500
P172069319;P172069319_4;D;3600;0;0;4800;2400;2855
P172069319;P172069319_5;E;4800;0;0;6000;2400;2855
P172069319;P172069319_6;F;6000;0;0;7200;2400;2500
P172069319;P172069319_7;G;7200;0;0;8400;2400;2500
P172069319;P172069319_8;H;8400;0;0;9600;2400;2500
P172069319;P172069319_9;I;9600;0;0;10800;2400;2500
P172069319;P172069319_10;J;10800;0;0;12000;2400;2500
P172069319;P172069319_11;K;12000;0;0;13200;2400;2500
P172069219;P172069219_1;A;0;0;0;1200;2400;2500
P172069219;P172069219_2;B;1200;0;0;2400;2400;2500
P172069219;P172069219_3;C;2400;0;0;3600;2400;2500
P172069219;P172069219_4;D;3600;0;0;4800;2400;2500
P172069219;P172069219_5;E;4800;0;0;6000;2400;1900
P172069219;P172069219_6;F;6000;0;0;7200;2400;1800
P172069219;P172069219_7;G;7200;0;0;8400;2400;1620
P172069219;P172069219_8;H;8400;0;0;9600;2400;2500
P172069219;P172069219_9;I;9600;0;0;10800;2400;2500
P172069219;P172069219_10;J;10800;0;0;12000;2400;2500
P172069219;P172069219_11;K;12000;0;0;13200;2400;2500
P171069217;P171069217_1;A;0;0;0;1200;2400;2855
P171069217;P171069217_2;B;1200;0;0;2400;2400;2930
P171069217;P171069217_3;C;2400;0;0;3600;2400;1620
P171069217;P171069217_4;D;3600;0;0;4800;2400;2500
P171069217;P171069217_5;E;4800;0;0;6000;2400;1900
P171069217;P171069217_6;F;6000;0;0;7200;2400;1900
P171069217;P171069217_7;G;7200;0;0;8400;2400;2500
P171069217;P171069217_8;H;8400;0;0;9600;2400;2500
P171069217;P171069217_9;I;9600;0;0;10800;2400;2500
P171069217;P171069217_10;J;10800;0;0;12000;2400;1900
P171069217;P171069217_11;K;12000;0;0;13200;2400;1450
P171069215;P171069215_1;A;0;0;0;1200;2400;1620
P171069215;P171069215_2;B;1200;0;0;2400;2400;2500
P171069215;P171069215_3;C;2400;0;0;3600;2400;2500
P171069215;P171069215_4;D;3600;0;0;4800;2400;2500
P171069215;P171069215_5;E;4800;0;0;6000;2400;2500
P171069215;P171069215_6;F;6000;0;0;7200;2400;2500
P171069215;P171069215_7;G;7200;0;0;8400;2400;1900
P171069215;P171069215_8;H;8400;0;0;9600;2400;1900
P171069215;P171069215_9;I;9600;0;0;10800;2400;2500
P171069215;P171069215_10;J;10800;0;0;12000;2400;2500
P171069215;P171069215_11;K;12000;0;0;13200;2400;2500
P171069211;P171069211_1;A;0;0;0;1200;2400;2500
P171069211;P171069211_2;B;1200;0;0;2400;2400;1620
P171069211;P171069211_3;C;2400;0;0;3600;2400;2500
P171069211;P171069211_4;D;3600;0;0;4800;2400;1900
P171069211;P171069211_5;E;4800;0;0;6000;2400;1900
P171069211;P171069211_6;F;6000;0;0;7200;2400;2500
P171069211;P171069211_7;G;7200;0;0;8400;2400;2500
P171069211;P171069211_8;H;8400;0;0;9600;2400;2500
P171069211;P171069211_9;I;9600;0;0;10800;2400;2500
P171069211;P171069211_10;J;10800;0;0;12000;2400;2500
P171069211;P171069211_11;K;12000;0;0;13200;2400;2500
P171069207;P171069207_1;A;0;0;0;1200;2400;1900
P171069207;P171069207_2;B;1200;0;0;2400;2400;1620
P171069207;P171069207_3;C;2400;1240;0;4200;2440;2400
P171069207;P171069207_4;D;2400;0;0;4800;1200;1900
P171069207;P171069207_5;E;4200;1660;0;4770;2440;909
P171069207;P171069207_6;F;4770;1240;0;7170;2440;1620
P171069207;P171069207_7;G;4800;0;0;7200;1200;2500
P171069207;P171069207_8;H;7170;1240;0;9570;2440;2500
P171069207;P171069207_9;I;7200;0;0;9600;1200;1900
P171069207;P171069207_10;J;9570;1240;0;11970;2440;2500
P171069207;P171069207_11;K;9600;0;0;12000;1200;2500
P171069207;P171069207_12;L;12000;40;0;13200;2440;2500
P171069307;P171069307_1;A;0;0;0;1200;2400;2855
P171069307;P171069307_2;B;1200;0;0;2400;2400;2855
P171069307;P171069307_3;C;2400;0;0;3600;2400;2855
P171069307;P171069307_4;D;3600;0;0;4800;2400;2855
P171069307;P171069307_5;E;4800;0;0;6000;2400;2855
P171069307;P171069307_6;F;6000;0;0;7200;2400;2500
P171069307;P171069307_7;G;7200;0;0;8400;2400;2500
P171069307;P171069307_8;H;8400;0;0;9600;2400;2500
P171069307;P171069307_9;I;9600;0;0;10800;2400;2500
P171069307;P171069307_10;J;10800;0;0;12000;2400;1900
P171069307;P171069307_11;K;12000;0;0;13200;2400;1900
P171069305;P171069305_1;A;0;0;0;1200;2400;1900
P171069305;P171069305_2;B;1200;0;0;2400;2400;2500
P171069305;P171069305_3;C;2400;0;0;3600;2400;2500
P171069305;P171069305_4;D;3600;0;0;4800;2400;2500
P171069305;P171069305_5;E;4800;0;0;6000;2400;2500
P171069305;P171069305_6;F;6000;0;0;7200;2400;2500
P171069305;P171069305_7;G;7200;0;0;8400;2400;2500
P171069305;P171069305_8;H;8400;0;0;9600;2400;2500
P171069305;P171069305_9;I;9600;0;0;10800;2400;2500
P171069305;P171069305_10;J;10800;0;0;12000;2400;2500
P171069305;P171069305_11;K;12000;0;0;13200;2400;2500
P171069203;P171069203_1;A;0;0;0;1200;2400;1620
P171069203;P171069203_2;B;1200;0;0;2400;2400;1620
P171069203;P171069203_3;C;2400;0;0;3600;2400;1620
P171069203;P171069203_4;D;3600;0;0;4800;2400;2000
P171069203;P171069203_5;E;4800;0;0;6000;2400;2500
P171069203;P171069203_6;F;6000;0;0;7200;2400;2500
P171069203;P171069203_7;G;7200;0;0;8400;2400;2500
P171069203;P171069203_8;H;8400;0;0;9600;2400;2500
P171069203;P171069203_9;I;9600;0;0;10800;2400;1900
P171069203;P171069203_10;J;10800;0;0;12000;2400;1900
P171069203;P171069203_11;K;12000;0;0;13200;2400;1900
P171069201;P171069201_1;A;0;0;0;1200;2400;1620
P171069201;P171069201_2;B;1200;0;0;2400;2400;1620
P171069201;P171069201_3;C;2400;0;0;3600;2400;2500
P171069201;P171069201_4;D;3600;0;0;4800;2400;2500
P171069201;P171069201_5;E;4800;0;0;6000;2400;2500
P171069201;P171069201_6;F;6000;0;0;7200;2400;2500
P171069201;P171069201_7;G;7200;0;0;8400;2400;1900
P171069201;P171069201_8;H;8400;0;0;9600;2400;2500
P171069201;P171069201_9;I;9600;0;0;10800;2400;2500
P171069201;P171069201_10;J;10800;0;0;12000;2400;2500
P171069201;P171069201_11;K;12000;0;0;13200;2400;2500
P171069319;P171069319_1;A;0;0;0;1200;2400;2500
P171069319;P171069319_2;B;1200;0;0;2400;2400;2500
P171069319;P171069319_3;C;2400;0;0;3600;2400;2500
P171069319;P171069319_4;D;3600;0;0;4800;2400;2500
P171069319;P171069319_5;E;4800;0;0;6000;2400;2000
P171069319;P171069319_6;F;6000;0;0;7200;2400;1800
P171069319;P171069319_7;G;7200;0;0;8400;2400;2500
P171069319;P171069319_8;H;8400;0;0;9600;2400;2500
P171069319;P171069319_9;I;9600;0;0;10800;2400;1900
P171069319;P171069319_10;J;10800;0;0;12000;2400;1620
P171069319;P171069319_11;K;12000;0;0;13200;2400;1620
Q171069319_1;Q171069319_1_1;A;0;0;0;1200;2400;2855
Q171069319_1;Q171069319_1_2;B;1200;0;0;2400;2400;2855
Q171069319_1;Q171069319_1_3;C;2400;0;0;3600;2400;2855
Q171069319_1;Q171069319_1_4;D;3600;0;0;4800;2400;2855
Q171069319_1;Q171069319_1_5;E;4800;0;0;6000;2400;2500
Q171069319_1;Q171069319_1_6;F;6000;0;0;7200;2400;2500
Q171069319_1;Q171069319_1_7;G;7200;0;0;8400;2400;2855
Q171069319_1;Q171069319_1_8;H;8400;0;0;9600;2400;2500
Q171069319_1;Q171069319_1_9;I;9600;0;0;10800;2400;2500
Q171069319_1;Q171069319_1_10;J;10800;0;0;12000;2400;2500
Q171069319_1;Q171069319_1_11;K;12000;0;0;13200;2400;2500
Q171069319_2;Q171069319_2_1;A;0;0;0;1200;2400;2500
Q171069319_2;Q171069319_2_2;B;1200;0;0;2400;2400;2500
Q171069319_2;Q171069319_2_3;C;2400;0;0;3600;2400;2500
Q171069319_2;Q171069319_2_4;D;3600;0;0;4800;2400;2500
Q171069319_2;Q171069319_2_5;E;4800;0;0;6600;1200;2400
Q171069319_2;Q171069319_2_6;F;4800;1240;0;7200;2440;2500
Q171069319_2;Q171069319_2_7;G;6600;0;0;9000;1200;2855
Q171069319_2;Q171069319_2_8;H;7200;1240;0;9600;2440;2500
Q171069319_2;Q171069319_2_9;I;9000;0;0;11400;1200;2500
Q171069319_2;Q171069319_2_10;J;9600;1240;0;12000;2440;2500
Q171069319_2;Q171069319_2_11;K;12000;0;0;13200;2400;2500
P171069219;P171069219_1;A;0;0;0;1200;2400;1620
P171069219;P171069219_2;B;1200;0;0;2400;2400;2000
P171069219;P171069219_3;C;2400;0;0;3600;2400;1620
P171069219;P171069219_4;D;3600;1660;0;4170;2440;478
P171069219;P171069219_5;E;3600;0;0;6000;1200;2500
P171069219;P171069219_6;F;4170;1240;0;6570;2440;2500
P171069219;P171069219_7;G;6000;0;0;8400;1200;2500
P171069219;P171069219_8;H;6570;1240;0;8970;2440;1900
P171069219;P171069219_9;I;8400;0;0;10800;1200;1900
P171069219;P171069219_10;J;8970;1240;0;10770;2440;2400
P171069219;P171069219_11;K;10770;1240;0;13170;2440;2500
P171069219;P171069219_12;L;10800;0;0;13200;1200;2500
P170069217;P170069217_1;A;0;0;0;1200;2400;2500
P170069217;P170069217_2;B;1200;0;0;2400;2400;1620
P170069217;P170069217_3;C;2400;0;0;3600;2400;1620
P170069217;P170069217_4;D;3600;0;0;4800;2400;1900
P170069217;P170069217_5;E;4800;0;0;6000;2400;2500
P170069217;P170069217_6;F;6000;0;0;7200;2400;2500
P170069217;P170069217_7;G;7200;0;0;8400;2400;2500
P170069217;P170069217_8;H;8400;0;0;9600;2400;2500
P170069217;P170069217_9;I;9600;0;0;10800;2400;2500
P170069217;P170069217_10;J;10800;0;0;12000;2400;2500
P170069217;P170069217_11;K;12000;0;0;13200;2400;2500
P170069215;P170069215_1;A;0;0;0;1200;2400;2500
P170069215;P170069215_2;B;1200;0;0;2400;2400;2500
P170069215;P170069215_3;C;2400;0;0;3600;2400;2500
P170069215;P170069215_4;D;3600;0;0;4800;2400;2500
P170069215;P170069215_5;E;4800;0;0;6000;2400;2000
P170069215;P170069215_6;F;6000;0;0;7200;2400;1900
P170069215;P170069215_7;G;7200;0;0;8400;2400;2500
P170069215;P170069215_8;H;8400;0;0;9600;2400;2500
P170069215;P170069215_9;I;9600;0;0;10800;2400;2500
P170069215;P170069215_10;J;10800;0;0;12000;2400;2500
P170069215;P170069215_11;K;12000;0;0;13200;2400;2500
P170069211;P170069211_1;A;0;0;0;1200;2400;2500
P170069211;P170069211_2;B;1200;0;0;2400;2400;2500
P170069211;P170069211_3;C;2400;0;0;3600;2400;1800
P170069211;P170069211_4;D;3600;0;0;4800;2400;1620
P170069211;P170069211_5;E;4800;0;0;6000;2400;2500
P170069211;P170069211_6;F;6000;0;0;7200;2400;2500
P170069211;P170069211_7;G;7200;0;0;8400;2400;2500
P170069211;P170069211_8;H;8400;0;0;9600;2400;2500
P170069211;P170069211_9;I;9600;0;0;10800;2400;2500
P170069211;P170069211_10;J;10800;0;0;12000;2400;2500
P170069211;P170069211_11;K;12000;0;0;13200;2400;2500
P170069207;P170069207_1;A;0;0;0;1200;2400;2830
P170069207;P170069207_2;B;1200;0;0;2400;2400;1900
P170069207;P170069207_3;C;2400;1240;0;4200;2440;2400
P170069207;P170069207_4;D;2400;0;0;4800;1200;2500
P170069207;P170069207_5;E;4200;1240;0;6600;2440;2500
P170069207;P170069207_6;F;4800;0;0;7200;1200;2500
P170069207;P170069207_7;G;6600;1240;0;9000;2440;2500
P170069207;P170069207_8;H;7200;0;0;9600;1200;2500
P170069207;P170069207_9;I;9000;1240;0;11400;2440;2500
P170069207;P170069207_10;J;9600;0;0;12000;1200;2000
P170069207;P170069207_11;K;12000;40;0;13200;2440;1620
P170069307;P170069307_1;A;0;0;0;1200;2400;2500
P170069307;P170069307_2;B;1200;40;0;2400;2440;2500
P170069307;P170069307_3;C;2400;0;0;3600;2400;2500
P170069307;P170069307_4;D;3600;0;0;4800;2400;2500
P170069307;P170069307_5;E;4800;0;0;6000;2400;2500
P170069307;P170069307_6;F;6000;0;0;7200;2400;2500
P170069307;P170069307_7;G;7200;0;0;8400;2400;2500
P170069307;P170069307_8;H;8400;0;0;9600;2400;2500
P170069307;P170069307_9;I;9600;0;0;10800;2400;2500
P170069307;P170069307_10;J;10800;0;0;12000;2400;2500
P170069307;P170069307_11;K;12000;0;0;13200;2400;2500
P170069305;P170069305_1;A;0;0;0;1200;2400;1900
P170069305;P170069305_2;B;1200;0;0;2400;2400;1900
P170069305;P170069305_3;C;2400;0;0;3600;2400;1900
P170069305;P170069305_4;D;3600;0;0;4800;2400;2500
P170069305;P170069305_5;E;4800;0;0;6000;2400;2500
P170069305;P170069305_6;F;6000;0;0;7200;2400;2500
P170069305;P170069305_7;G;7200;0;0;8400;2400;2500
P170069305;P170069305_8;H;8400;0;0;9600;2400;2500
P170069305;P170069305_9;I;9600;0;0;10800;2400;2500
P170069305;P170069305_10;J;10800;0;0;12000;2400;2500
P170069305;P170069305_11;K;12000;0;0;13200;2400;2500
P170069203;P170069203_1;A;0;0;0;1200;2400;1620
P170069203;P170069203_2;B;1200;0;0;2400;2400;1620
P170069203;P170069203_3;C;2400;0;0;3600;2400;2000
P170069203;P170069203_4;D;3600;0;0;4800;2400;1620
P170069203;P170069203_5;E;4800;0;0;6000;2400;1620
P170069203;P170069203_6;F;6000;0;0;7200;2400;2500
P170069203;P170069203_7;G;7200;0;0;8400;2400;2500
P170069203;P170069203_8;H;8400;0;0;9600;2400;2500
P170069203;P170069203_9;I;9600;0;0;10800;2400;2500
P170069203;P170069203_10;J;10800;0;0;12000;2400;2500
P170069203;P170069203_11;K;12000;0;0;13200;2400;2500
P170069201;P170069201_1;A;0;0;0;1200;2400;2500
P170069201;P170069201_2;B;1200;0;0;2400;2400;2000
P170069201;P170069201_3;C;2400;0;0;3600;2400;1900
P170069201;P170069201_4;D;3600;0;0;4800;2400;1620
P170069201;P170069201_5;E;4800;0;0;6000;2400;1620
P170069201;P170069201_6;F;6000;0;0;7200;2400;2500
P170069201;P170069201_7;G;7200;0;0;8400;2400;2500
P170069201;P170069201_8;H;8400;0;0;9600;2400;2500
P170069201;P170069201_9;I;9600;0;0;10800;2400;2500
P170069201;P170069201_10;J;10800;0;0;12000;2400;1900
P170069201;P170069201_11;K;12000;0;0;13200;2400;1900
P168069255;P168069255_1;A;0;0;0;1200;2400;2500
P168069255;P168069255_2;B;1200;0;0;2400;2400;1620
P168069255;P168069255_3;C;2400;0;0;3600;2400;1620
P168069255;P168069255_4;D;3600;0;0;4800;2400;2855
P168069255;P168069255_5;E;4800;0;0;6000;2400;1900
P168069255;P168069255_6;F;6000;0;0;7200;2400;2500
P168069255;P168069255_7;G;7200;0;0;8400;2400;2500
P168069255;P168069255_8;H;8400;0;0;9600;2400;2500
P168069255;P168069255_9;I;9600;0;0;10800;2400;2500
P168069255;P168069255_10;J;10800;0;0;12000;2400;2500
P168069255;P168069255_11;K;12000;0;0;13200;2400;2500
P168069253;P168069253_1;A;0;0;0;1200;2400;1800
P168069253;P168069253_2;B;1200;0;0;2400;2400;1620
P168069253;P168069253_3;C;2400;0;0;3600;2400;1620
P168069253;P168069253_4;D;3600;0;0;4800;2400;1620
P168069253;P168069253_5;E;4800;0;0;6600;1200;2400
P168069253;P168069253_6;F;4800;1240;0;7200;2440;2500
P168069253;P168069253_7;G;6600;0;0;9000;1200;2500
P168069253;P168069253_8;H;7200;1240;0;9600;2440;2500
P168069253;P168069253_9;I;9000;0;0;11400;1200;2500
P168069253;P168069253_10;J;9600;1240;0;12000;2440;2500
P168069253;P168069253_11;K;12000;0;0;13200;2400;2500
P168069251;P168069251_1;A;0;0;0;1200;2400;2855
P168069251;P168069251_2;B;1200;0;0;2400;2400;2500
P168069251;P168069251_3;C;2400;0;0;3600;2400;2500
P168069251;P168069251_4;D;3600;0;0;4800;2400;2500
P168069251;P168069251_5;E;4800;0;0;6000;2400;2500
P168069251;P168069251_6;F;6000;0;0;7200;2400;2500
P168069251;P168069251_7;G;7200;0;0;8400;2400;2500
P168069251;P168069251_8;H;8400;0;0;9600;2400;2500
P168069251;P168069251_9;I;9600;0;0;10800;2400;2500
P168069251;P168069251_10;J;10800;0;0;12000;2400;2000
P168069251;P168069251_11;K;12000;0;0;13200;2400;2500
P168069319;P168069319_1;A;0;0;0;1200;2400;2855
P168069319;P168069319_2;B;1200;40;0;2400;2440;2855
P168069319;P168069319_3;C;2400;0;0;3600;2400;2855
P168069319;P168069319_4;D;3600;0;0;4800;2400;2855
P168069319;P168069319_5;E;4800;0;0;6000;2400;2855
P168069319;P168069319_6;F;6000;0;0;7200;2400;2855
P168069319;P168069319_7;G;7200;0;0;8400;2400;2500
P168069319;P168069319_8;H;8400;0;0;9600;2400;1900
P168069319;P168069319_9;I;9600;0;0;10800;2400;1900
P168069319;P168069319_10;J;10800;0;0;12600;1200;2400
P168069319;P168069319_11;K;10800;1240;0;13200;2440;2500
P168069319;P168069319_12;L;12600;0;0;13170;780;478
P168069219;P168069219_1;A;0;0;0;1200;2400;1620
P168069219;P168069219_2;B;1200;0;0;2400;2400;1900
P168069219;P168069219_3;C;2400;0;0;3600;2400;2500
P168069219;P168069219_4;D;3600;0;0;4800;2400;2500
P168069219;P168069219_5;E;4800;0;0;6000;2400;2500
P168069219;P168069219_6;F;6000;0;0;7200;2400;2500
P168069219;P168069219_7;G;7200;0;0;8400;2400;2500
P168069219;P168069219_8;H;8400;0;0;9600;2400;2500
P168069219;P168069219_9;I;9600;0;0;10800;2400;2500
P168069219;P168069219_10;J;10800;0;0;12000;2400;2500
P168069219;P168069219_11;K;12000;0;0;13200;2400;2000
P167069217;P167069217_1;A;0;0;0;1200;2400;1620
P167069217;P167069217_2;B;1200;40;0;2400;2440;1620
P167069217;P167069217_3;C;2400;0;0;3600;2400;2000
P167069217;P167069217_4;D;3600;0;0;4800;2400;1900
P167069217;P167069217_5;E;4800;0;0;6000;2400;1900
P167069217;P167069217_6;F;6000;0;0;7200;2400;2500
P167069217;P167069217_7;G;7200;0;0;8400;2400;2500
P167069217;P167069217_8;H;8400;0;0;9600;2400;2500
P167069217;P167069217_9;I;9600;0;0;10800;2400;2500
P167069217;P167069217_10;J;10800;0;0;12000;2400;2500
P167069217;P167069217_11;K;12000;0;0;13200;2400;2500
P167069215;P167069215_1;A;0;0;0;1200;2400;1620
P167069215;P167069215_2;B;1200;40;0;2400;2440;1620
P167069215;P167069215_3;C;2400;0;0;3600;2400;2500
P167069215;P167069215_4;D;3600;0;0;4800;2400;2500
P167069215;P167069215_5;E;4800;0;0;6000;2400;2500
P167069215;P167069215_6;F;6000;0;0;7200;2400;2500
P167069215;P167069215_7;G;7200;0;0;8400;2400;2500
P167069215;P167069215_8;H;8400;0;0;9600;2400;2500
P167069215;P167069215_9;I;9600;0;0;10800;2400;2500
P167069215;P167069215_10;J;10800;0;0;12000;2400;1450
P167069215;P167069215_11;K;12000;0;0;13200;2400;2500
P167069211;P167069211_1;A;0;0;0;1200;2400;2500
P167069211;P167069211_2;B;1200;0;0;2400;2400;2500
P167069211;P167069211_3;C;2400;0;0;3600;2400;2500
P167069211;P167069211_4;D;3600;0;0;4800;2400;2500
P167069211;P167069211_5;E;4800;0;0;6000;2400;2500
P167069211;P167069211_6;F;6000;0;0;7200;2400;2500
P167069211;P167069211_7;G;7200;0;0;8400;2400;2500
P167069211;P167069211_8;H;8400;0;0;9600;2400;2500
P167069211;P167069211_9;I;9600;0;0;10800;2400;2500
P167069211;P167069211_10;J;10800;0;0;12000;2400;2500
P167069211;P167069211_11;K;12000;0;0;13200;2400;2500
P167069207;P167069207_1;A;0;0;0;1200;2400;1620
P167069207;P167069207_2;B;1200;0;0;2400;2400;1620
P167069207;P167069207_3;C;2400;0;0;3600;2400;1620
P167069207;P167069207_4;D;3600;0;0;4800;2400;2500
P167069207;P167069207_5;E;4800;0;0;6000;2400;2500
P167069207;P167069207_6;F;6000;0;0;7200;2400;1900
P167069207;P167069207_7;G;7200;0;0;8400;2400;1900
P167069207;P167069207_8;H;8400;0;0;9600;2400;1900
P167069207;P167069207_9;I;9600;0;0;10800;2400;2500
P167069207;P167069207_10;J;10800;0;0;12000;2400;2500
P167069207;P167069207_11;K;12000;0;0;13200;2400;1900
P167069307;P167069307_1;A;0;0;0;1200;2400;2855
P167069307;P167069307_2;B;1200;0;0;2400;2400;2855
P167069307;P167069307_3;C;2400;0;0;3600;2400;2855
P167069307;P167069307_4;D;3600;0;0;4800;2400;2855
P167069307;P167069307_5;E;4800;0;0;6000;2400;2855
P167069307;P167069307_6;F;6000;0;0;7200;2400;2855
P167069307;P167069307_7;G;7200;0;0;8400;2400;2855
P167069307;P167069307_8;H;8400;0;0;9600;2400;1450
P167069307;P167069307_9;I;9600;0;0;10800;2400;2500
P167069307;P167069307_10;J;10800;0;0;12000;2400;2500
P167069307;P167069307_11;K;12000;0;0;13200;2400;2500
P167069305;P167069305_1;A;0;0;0;1200;2400;1900
P167069305;P167069305_2;B;1200;1660;0;1770;2440;909
P167069305;P167069305_3;C;1200;0;0;3600;1200;2500
P167069305;P167069305_4;D;1770;1240;0;3570;2440;2400
P167069305;P167069305_5;E;3570;1240;0;5970;2440;2500
P167069305;P167069305_6;F;3600;0;0;6000;1200;2500
P167069305;P167069305_7;G;5970;1240;0;8370;2440;2500
P167069305;P167069305_8;H;6000;0;0;8400;1200;2500
P167069305;P167069305_9;I;8370;1240;0;10770;2440;2500
P167069305;P167069305_10;J;8400;0;0;10800;1200;2500
P167069305;P167069305_11;K;10770;1240;0;13170;2440;1900
P167069305;P167069305_12;L;10800;0;0;13200;1200;1900
P167069203;P167069203_1;A;0;0;0;1200;2400;2000
P167069203;P167069203_2;B;1200;0;0;2400;2400;1620
P167069203;P167069203_3;C;2400;0;0;3600;2400;1620
P167069203;P167069203_4;D;3600;0;0;4800;2400;2500
P167069203;P167069203_5;E;4800;0;0;6000;2400;2500
P167069203;P167069203_6;F;6000;0;0;7200;2400;2500
P167069203;P167069203_7;G;7200;0;0;8400;2400;2500
P167069203;P167069203_8;H;8400;0;0;9600;2400;2500
P167069203;P167069203_9;I;9600;0;0;10800;2400;2500
P167069203;P167069203_10;J;10800;0;0;12000;2400;2500
P167069203;P167069203_11;K;12000;0;0;13200;2400;2500
Q167069203_1;Q167069203_1_1;A;0;0;0;1200;2400;1620
Q167069203_1;Q167069203_1_2;B;1200;0;0;2400;2400;1620
Q167069203_1;Q167069203_1_3;C;2400;0;0;3600;2400;1620
Q167069203_1;Q167069203_1_4;D;3600;0;0;4800;2400;2000
Q167069203_1;Q167069203_1_5;E;4800;0;0;6000;2400;1800
Q167069203_1;Q167069203_1_6;F;6000;0;0;7200;2400;1900
Q167069203_1;Q167069203_1_7;G;7200;0;0;8400;2400;1900
Q167069203_1;Q167069203_1_8;H;8400;0;0;9600;2400;2500
Q167069203_1;Q167069203_1_9;I;9600;0;0;10800;2400;2500
Q167069203_1;Q167069203_1_10;J;10800;0;0;12000;2400;2500
Q167069203_1;Q167069203_1_11;K;12000;0;0;13200;2400;2500
P167069201;P167069201_1;A;0;0;0;1200;2400;2500
P167069201;P167069201_2;B;1200;0;0;2400;2400;2500
P167069201;P167069201_3;C;2400;0;0;3600;2400;2500
P167069201;P167069201_4;D;3600;0;0;4800;2400;2500
P167069201;P167069201_5;E;4800;0;0;6000;2400;2500
P167069201;P167069201_6;F;6000;0;0;7200;2400;2500
P167069201;P167069201_7;G;7200;0;0;8400;2400;2500
P167069201;P167069201_8;H;8400;0;0;9600;2400;2500
P167069201;P167069201_9;I;9600;0;0;10800;2400;2500
P167069201;P167069201_10;J;10800;0;0;12000;2400;2500
P167069201;P167069201_11;K;12000;0;0;13200;2400;2500
P167069319;P167069319_1;A;0;0;0;1200;2400;1620
P167069319;P167069319_2;B;1200;0;0;2400;2400;1620
P167069319;P167069319_3;C;2400;0;0;3600;2400;2000
P167069319;P167069319_4;D;3600;0;0;4800;2400;1900
P167069319;P167069319_5;E;4800;0;0;6000;2400;1900
P167069319;P167069319_6;F;6000;0;0;7200;2400;2500
P167069319;P167069319_7;G;7200;0;0;8400;2400;2500
P167069319;P167069319_8;H;8400;0;0;9600;2400;2500
P167069319;P167069319_9;I;9600;0;0;10800;2400;2500
P167069319;P167069319_10;J;10800;0;0;12000;2400;2500
P167069319;P167069319_11;K;12000;0;0;13200;2400;2500
Q167069319_1;Q167069319_1_1;A;0;0;0;1200;2400;2500
Q167069319_1;Q167069319_1_2;B;1200;0;0;2400;2400;1900
Q167069319_1;Q167069319_1_3;C;2400;0;0;3600;2400;2500
Q167069319_1;Q167069319_1_4;D;3600;0;0;4800;2400;2500
Q167069319_1;Q167069319_1_5;E;4800;0;0;6000;2400;2500
Q167069319_1;Q167069319_1_6;F;6000;0;0;7200;2400;2500
Q167069319_1;Q167069319_1_7;G;7200;0;0;8400;2400;2500
Q167069319_1;Q167069319_1_8;H;8400;0;0;9600;2400;2500
Q167069319_1;Q167069319_1_9;I;9600;0;0;10800;2400;2500
Q167069319_1;Q167069319_1_10;J;10800;0;0;12000;2400;2500
Q167069319_1;Q167069319_1_11;K;12000;0;0;13200;2400;2500
P167069219;P167069219_1;A;0;0;0;1200;2400;1620
P167069219;P167069219_2;B;1200;0;0;2400;2400;1620
P167069219;P167069219_3;C;2400;0;0;3600;2400;2500
P167069219;P167069219_4;D;3600;0;0;4800;2400;2500
P167069219;P167069219_5;E;4800;0;0;6000;2400;1900
P167069219;P167069219_6;F;6000;0;0;7200;2400;1900
P167069219;P167069219_7;G;7200;0;0;8400;2400;1900
P167069219;P167069219_8;H;8400;0;0;10200;1200;2400
P167069219;P167069219_9;I;8400;1240;0;10800;2440;2500
P167069219;P167069219_10;J;10200;0;0;12600;1200;2500
P167069219;P167069219_11;K;10800;1240;0;13200;2440;2500
Q167069219_1;Q167069219_1_1;A;0;0;0;1200;2400;2855
Q167069219_1;Q167069219_1_2;B;1200;0;0;2400;2400;2855
Q167069219_1;Q167069219_1_3;C;2400;0;0;3600;2400;2500
Q167069219_1;Q167069219_1_4;D;3600;0;0;4800;2400;2855
Q167069219_1;Q167069219_1_5;E;4800;0;0;6000;2400;2500
Q167069219_1;Q167069219_1_6;F;6000;0;0;7200;2400;2830
Q167069219_1;Q167069219_1_7;G;7200;0;0;8400;2400;2855
Q167069219_1;Q167069219_1_8;H;8400;0;0;9600;2400;2855
Q167069219_1;Q167069219_1_9;I;9600;0;0;10800;2400;2855
Q167069219_1;Q167069219_1_10;J;10800;0;0;12000;2400;2855
Q167069219_1;Q167069219_1_11;K;12000;0;0;13200;2400;2500
P166069217;P166069217_1;A;0;0;0;1200;2400;2500
P166069217;P166069217_2;B;1200;0;0;2400;2400;2500
P166069217;P166069217_3;C;2400;0;0;3600;2400;2500
P166069217;P166069217_4;D;3600;0;0;4800;2400;2500
P166069217;P166069217_5;E;4800;0;0;6000;2400;1620
P166069217;P166069217_6;F;6000;0;0;7200;2400;1900
P166069217;P166069217_7;G;7200;0;0;8400;2400;2500
P166069217;P166069217_8;H;8400;0;0;9600;2400;2500
P166069217;P166069217_9;I;9600;0;0;10800;2400;2500
P166069217;P166069217_10;J;10800;0;0;12000;2400;2500
P166069217;P166069217_11;K;12000;0;0;13200;2400;2500
P166069215;P166069215_1;A;0;0;0;1200;2400;2500
P166069215;P166069215_2;B;1200;0;0;2400;2400;2500
P166069215;P166069215_3;C;2400;0;0;3600;2400;1620
P166069215;P166069215_4;D;3600;0;0;4800;2400;1900
P166069215;P166069215_5;E;4800;0;0;6000;2400;1900
P166069215;P166069215_6;F;6000;0;0;7200;2400;2500
P166069215;P166069215_7;G;7200;0;0;8400;2400;2500
P166069215;P166069215_8;H;8400;0;0;9600;2400;1900
P166069215;P166069215_9;I;9600;0;0;10800;2400;2500
P166069215;P166069215_10;J;10800;0;0;12000;2400;2500
P166069215;P166069215_11;K;12000;0;0;13200;2400;2500
P166069211;P166069211_1;A;0;0;0;1200;2400;1620
P166069211;P166069211_2;B;1200;0;0;2400;2400;2000
P166069211;P166069211_3;C;2400;0;0;3600;2400;2500
P166069211;P166069211_4;D;3600;0;0;4800;2400;2500
P166069211;P166069211_5;E;4800;0;0;6000;2400;1900
P166069211;P166069211_6;F;6000;0;0;7200;2400;2500
P166069211;P166069211_7;G;7200;0;0;8400;2400;2500
P166069211;P166069211_8;H;8400;0;0;9600;2400;2500
P166069211;P166069211_9;I;9600;0;0;10800;2400;2500
P166069211;P166069211_10;J;10800;0;0;12000;2400;2500
P166069211;P166069211_11;K;12000;0;0;13200;2400;1900
P166069207;P166069207_1;A;0;0;0;1200;2400;1900
P166069207;P166069207_2;B;1200;0;0;2400;2400;2500
P166069207;P166069207_3;C;2400;0;0;3600;2400;2500
P166069207;P166069207_4;D;3600;0;0;4800;2400;2500
P166069207;P166069207_5;E;4800;0;0;6000;2400;2500
P166069207;P166069207_6;F;6000;0;0;7200;2400;2500
P166069207;P166069207_7;G;7200;0;0;8400;2400;2500
P166069207;P166069207_8;H;8400;0;0;9600;2400;2500
P166069207;P166069207_9;I;9600;0;0;10800;2400;2500
P166069207;P166069207_10;J;10800;0;0;12000;2400;2500
P166069207;P166069207_11;K;12000;0;0;13200;2400;2500
P166069307;P166069307_1;A;0;0;0;1200;2400;2855
P166069307;P166069307_2;B;1200;0;0;2400;2400;2500
P166069307;P166069307_3;C;2400;0;0;3600;2400;2855
P166069307;P166069307_4;D;3600;0;0;4800;2400;1900
P166069307;P166069307_5;E;4800;0;0;6000;2400;1900
P166069307;P166069307_6;F;6000;0;0;7200;2400;2500
P166069307;P166069307_7;G;7200;0;0;8400;2400;2500
P166069307;P166069307_8;H;8400;0;0;9600;2400;2500
P166069307;P166069307_9;I;9600;0;0;10800;2400;2500
P166069307;P166069307_10;J;10800;0;0;12000;2400;2500
P166069307;P166069307_11;K;12000;0;0;13200;2400;2500
P166069305;P166069305_1;A;0;0;0;1200;2400;2500
P166069305;P166069305_2;B;1200;0;0;2400;2400;2500
P166069305;P166069305_3;C;2400;0;0;3600;2400;2500
P166069305;P166069305_4;D;3600;0;0;4800;2400;2500
P166069305;P166069305_5;E;4800;0;0;6000;2400;2500
P166069305;P166069305_6;F;6000;0;0;7200;2400;2500
P166069305;P166069305_7;G;7200;0;0;8400;2400;2500
P166069305;P166069305_8;H;8400;0;0;9600;2400;2500
P166069305;P166069305_9;I;9600;0;0;10800;2400;2500
P166069305;P166069305_10;J;10800;0;0;12000;2400;2500
P166069305;P166069305_11;K;12000;0;0;13200;2400;2500
P166069203;P166069203_1;A;0;0;0;1200;2400;1620
P166069203;P166069203_2;B;1200;0;0;2400;2400;1800
P166069203;P166069203_3;C;2400;0;0;3600;2400;1620
P166069203;P166069203_4;D;3600;0;0;4800;2400;1620
P166069203;P166069203_5;E;4800;0;0;6000;2400;1900
P166069203;P166069203_6;F;6000;0;0;7200;2400;1900
P166069203;P166069203_7;G;7200;0;0;8400;2400;1900
P166069203;P166069203_8;H;8400;0;0;9600;2400;1900
P166069203;P166069203_9;I;9600;0;0;10800;2400;1900
P166069203;P166069203_10;J;10800;0;0;11370;780;478
P166069203;P166069203_11;K;10800;1240;0;13200;2440;2500
P166069203;P166069203_12;L;11370;0;0;13170;1200;2400
P166069201;P166069201_1;A;0;0;0;1200;2400;2500
P166069201;P166069201_2;B;1200;0;0;2400;2400;2500
P166069201;P166069201_3;C;2400;0;0;3600;2400;2500
P166069201;P166069201_4;D;3600;0;0;4800;2400;2500
P166069201;P166069201_5;E;4800;0;0;6000;2400;2500
P166069201;P166069201_6;F;6000;0;0;7200;2400;2500
P166069201;P166069201_7;G;7200;0;0;8400;2400;2500
P166069201;P166069201_8;H;8400;0;0;9600;2400;2500
P166069201;P166069201_9;I;9600;0;0;10800;2400;2500
P166069201;P166069201_10;J;10800;0;0;12000;2400;2500
P166069201;P166069201_11;K;12000;0;0;13200;2400;2500
P166069319;P166069319_1;A;0;0;0;1200;2400;2500
P166069319;P166069319_2;B;1200;0;0;2400;2400;2855
P166069319;P166069319_3;C;2400;0;0;3600;2400;2855
P166069319;P166069319_4;D;3600;0;0;4800;2400;2500
P166069319;P166069319_5;E;4800;0;0;6000;2400;2855
P166069319;P166069319_6;F;6000;0;0;7200;2400;2855
P166069319;P166069319_7;G;7200;0;0;8400;2400;2500
P166069319;P166069319_8;H;8400;0;0;9600;2400;2000
P166069319;P166069319_9;I;9600;0;0;10800;2400;1900
P166069319;P166069319_10;J;10800;0;0;12000;2400;1900
P166069319;P166069319_11;K;12000;0;0;13200;2400;1620
P166069219;P166069219_1;A;0;0;0;1200;2400;1620
P166069219;P166069219_2;B;1200;0;0;2400;2400;1620
P166069219;P166069219_3;C;2400;0;0;3600;2400;2500
P166069219;P166069219_4;D;3600;0;0;4800;2400;2500
P166069219;P166069219_5;E;4800;0;0;6000;2400;2500
P166069219;P166069219_6;F;6000;0;0;7200;2400;2500
P166069219;P166069219_7;G;7200;0;0;8400;2400;2500
P166069219;P166069219_8;H;8400;0;0;9600;2400;2500
P166069219;P166069219_9;I;9600;0;0;10800;2400;1900
P166069219;P166069219_10;J;10800;0;0;12000;2400;2500
P166069219;P166069219_11;K;12000;0;0;13200;2400;2500
P165069217;P165069217_1;A;0;0;0;1200;2400;2500
P165069217;P165069217_2;B;1200;0;0;2400;2400;2500
P165069217;P165069217_3;C;2400;0;0;3600;2400;1620
P165069217;P165069217_4;D;3600;0;0;4800;2400;1900
P165069217;P165069217_5;E;4800;0;0;6000;2400;2855
P165069217;P165069217_6;F;6000;0;0;7200;2400;1900
P165069217;P165069217_7;G;7200;0;0;8400;2400;2500
P165069217;P165069217_8;H;8400;0;0;9600;2400;2855
P165069217;P165069217_9;I;9600;0;0;10800;2400;2500
P165069217;P165069217_10;J;10800;0;0;12000;2400;2500
P165069217;P165069217_11;K;12000;0;0;13200;2400;2500
P165069215;P165069215_1;A;0;0;0;1200;2400;1620
P165069215;P165069215_2;B;1200;0;0;2400;2400;2500
P165069215;P165069215_3;C;2400;0;0;3600;2400;2500
P165069215;P165069215_4;D;3600;0;0;4800;2400;2500
P165069215;P165069215_5;E;4800;0;0;6000;2400;1900
P165069215;P165069215_6;F;6000;0;0;7200;2400;2500
P165069215;P165069215_7;G;7200;0;0;8400;2400;2500
P165069215;P165069215_8;H;8400;0;0;9600;2400;1900
P165069215;P165069215_9;I;9600;0;0;10800;2400;1620
P165069215;P165069215_10;J;10800;0;0;12000;2400;2500
P165069215;P165069215_11;K;12000;0;0;13200;2400;2500
P165069211;P165069211_1;A;0;0;0;1200;2400;2500
P165069211;P165069211_2;B;1200;0;0;2400;2400;2500
P165069211;P165069211_3;C;2400;0;0;3600;2400;2500
P165069211;P165069211_4;D;3600;0;0;4800;2400;2500
P165069211;P165069211_5;E;4800;0;0;6000;2400;1620
P165069211;P165069211_6;F;6000;1240;0;7800;2440;2400
P165069211;P165069211_7;G;6000;0;0;8400;1200;1900
P165069211;P165069211_8;H;7800;1240;0;10200;2440;2500
P165069211;P165069211_9;I;8400;0;0;10800;1200;2500
P165069211;P165069211_10;J;10200;1240;0;12600;2440;2500
P165069211;P165069211_11;K;10800;0;0;13200;1200;2500
P165069207;P165069207_1;A;0;0;0;1200;2400;2830
P165069207;P165069207_2;B;1200;0;0;2400;2400;2500
P165069207;P165069207_3;C;2400;0;0;3600;2400;2500
P165069207;P165069207_4;D;3600;0;0;4800;2400;2500
P165069207;P165069207_5;E;4800;0;0;6000;2400;2500
P165069207;P165069207_6;F;6000;0;0;7200;2400;2500
P165069207;P165069207_7;G;7200;0;0;8400;2400;2500
P165069207;P165069207_8;H;8400;0;0;9600;2400;2500
P165069207;P165069207_9;I;9600;0;0;10800;2400;2500
P165069207;P165069207_10;J;10800;0;0;12000;2400;2500
P165069207;P165069207_11;K;12000;0;0;13200;2400;2500
Q165069207_1;Q165069207_1_1;A;0;0;0;1200;2400;2000
Q165069207_1;Q165069207_1_2;B;1200;0;0;2400;2400;1620
Q165069207_1;Q165069207_1_3;C;2400;0;0;3600;2400;1620
Q165069207_1;Q165069207_1_4;D;3600;0;0;4800;2400;1620
Q165069207_1;Q165069207_1_5;E;4800;0;0;6000;2400;2500
Q165069207_1;Q165069207_1_6;F;6000;0;0;7200;2400;2500
Q165069207_1;Q165069207_1_7;G;7200;0;0;8400;2400;2500
Q165069207_1;Q165069207_1_8;H;8400;1240;0;10200;2440;2400
Q165069207_1;Q165069207_1_9;I;8400;0;0;10800;1200;1900
Q165069207_1;Q165069207_1_10;J;10200;1240;0;12600;2440;1900
Q165069207_1;Q165069207_1_11;K;10800;0;0;13200;1200;1900
Q165069207_1;Q165069207_1_12;L;12600;1660;0;13170;2440;478
P165069307;P165069307_1;A;0;0;0;1200;2400;2855
P165069307;P165069307_2;B;1200;0;0;2400;2400;2855
P165069307;P165069307_3;C;2400;0;0;3600;2400;2500
P165069307;P165069307_4;D;3600;0;0;4800;2400;2500
P165069307;P165069307_5;E;4800;0;0;6000;2400;2500
P165069307;P165069307_6;F;6000;0;0;7200;2400;2500
P165069307;P165069307_7;G;7200;0;0;8400;2400;2500
P165069307;P165069307_8;H;8400;0;0;9600;2400;2500
P165069307;P165069307_9;I;9600;0;0;10800;2400;2500
P165069307;P165069307_10;J;10800;0;0;12000;2400;2855
P165069307;P165069307_11;K;12000;0;0;13200;2400;2500
P165069305;P165069305_1;A;0;0;0;1200;2400;2500
P165069305;P165069305_2;B;1200;0;0;2400;2400;2500
P165069305;P165069305_3;C;2400;0;0;3600;2400;2500
P165069305;P165069305_4;D;3600;0;0;4800;2400;2500
P165069305;P165069305_5;E;4800;0;0;6000;2400;2500
P165069305;P165069305_6;F;6000;0;0;7200;2400;1900
P165069305;P165069305_7;G;7200;0;0;8400;2400;1900
P165069305;P165069305_8;H;8400;0;0;9600;2400;1900
P165069305;P165069305_9;I;9600;0;0;10800;2400;1900
P165069305;P165069305_10;J;10800;0;0;12000;2400;2855
P165069305;P165069305_11;K;12000;0;0;13200;2400;2855
P165069203;P165069203_1;A;0;0;0;1200;2400;1620
P165069203;P165069203_2;B;1200;0;0;2400;2400;1620
P165069203;P165069203_3;C;2400;0;0;3600;2400;2500
P165069203;P165069203_4;D;3600;0;0;4800;2400;2500
P165069203;P165069203_5;E;4800;0;0;6000;2400;2500
P165069203;P165069203_6;F;6000;0;0;7200;2400;1900
P165069203;P165069203_7;G;7200;0;0;8400;2400;2500
P165069203;P165069203_8;H;8400;0;0;9600;2400;2500
P165069203;P165069203_9;I;9600;0;0;10800;2400;2500
P165069203;P165069203_10;J;10800;0;0;12000;2400;2500
P165069203;P165069203_11;K;12000;0;0;13200;2400;2500
P165069319;P165069319_1;A;0;0;0;1200;2400;2500
P165069319;P165069319_2;B;1200;0;0;2400;2400;2500
P165069319;P165069319_3;C;2400;0;0;3600;2400;2500
P165069319;P165069319_4;D;3600;0;0;4800;2400;2500
P165069319;P165069319_5;E;4800;0;0;6000;2400;2500
P165069319;P165069319_6;F;6000;0;0;7200;2400;2855
P165069319;P165069319_7;G;7200;0;0;8400;2400;2855
P165069319;P165069319_8;H;8400;0;0;9600;2400;2500
P165069319;P165069319_9;I;9600;0;0;10800;2400;2500
P165069319;P165069319_10;J;10800;0;0;12000;2400;2500
P165069319;P165069319_11;K;12000;0;0;13200;2400;2500
Q165069319_1;Q165069319_1_1;A;0;0;0;1200;2400;1620
Q165069319_1;Q165069319_1_2;B;1200;0;0;2400;2400;1620
Q165069319_1;Q165069319_1_3;C;2400;0;0;3600;2400;2500
Q165069319_1;Q165069319_1_4;D;3600;0;0;4800;2400;1800
Q165069319_1;Q165069319_1_5;E;4800;1240;0;6600;2440;2400
Q165069319_1;Q165069319_1_6;F;4800;0;0;7200;1200;1900
Q165069319_1;Q165069319_1_7;G;6600;1240;0;9000;2440;1900
Q165069319_1;Q165069319_1_8;H;7200;0;0;9600;1200;2855
Q165069319_1;Q165069319_1_9;I;9000;1240;0;11400;2440;2855
Q165069319_1;Q165069319_1_10;J;9600;0;0;12000;1200;2500
Q165069319_1;Q165069319_1_11;K;12000;40;0;13200;2440;2500
Q165069319_2;Q165069319_2_1;A;0;0;0;1200;2400;1620
Q165069319_2;Q165069319_2_2;B;1200;0;0;2400;2400;2500
Q165069319_2;Q165069319_2_3;C;2400;0;0;3600;2400;2500
Q165069319_2;Q165069319_2_4;D;3600;0;0;4800;2400;2500
Q165069319_2;Q165069319_2_5;E;4800;0;0;6000;2400;2500
Q165069319_2;Q165069319_2_6;F;6000;0;0;7200;2400;2500
Q165069319_2;Q165069319_2_7;G;7200;0;0;8400;2400;2500
Q165069319_2;Q165069319_2_8;H;8400;0;0;9600;2400;2000
Q165069319_2;Q165069319_2_9;I;9600;0;0;10800;2400;2500
Q165069319_2;Q165069319_2_10;J;10800;0;0;12000;2400;1900
Q165069319_2;Q165069319_2_11;K;12000;0;0;13200;2400;1900
P207069131;P207069131_1;A;0;0;0;2000;1200;2875
P207069131;P207069131_2;B;0;1240;0;2000;2440;2875
P207069131;P207069131_3;C;2000;1240;0;4000;2440;2875
P207069131;P207069131_4;D;2000;0;0;4000;1200;2875
P207069131;P207069131_5;E;4000;0;0;6000;1200;2875
P207069131;P207069131_6;F;4000;1240;0;6000;2440;2875
P207069131;P207069131_7;G;6000;1240;0;8000;2440;2875
P207069131;P207069131_8;H;6000;0;0;8000;1200;2875
P207069131;P207069131_9;I;8000;0;0;10000;1200;2875
P207069131;P207069131_10;J;8000;1240;0;10000;2440;2875
P207069131;P207069131_11;K;10000;1240;0;12000;2440;2875
P207069131;P207069131_12;L;10000;0;0;12000;1200;2875
P207069131;P207069131_13;M;12000;0;0;13200;2000;2875
P207069127;P207069127_1;A;0;0;0;1200;2400;2460
P207069127;P207069127_2;B;1200;0;0;3000;1200;2340
P207069127;P207069127_3;C;1200;1240;0;3000;2440;2340
P207069127;P207069127_4;D;3000;1240;0;4800;2440;2340
P207069127;P207069127_5;E;3000;0;0;4800;1200;2400
P207069127;P207069127_6;F;4800;0;0;6800;1200;2875
P207069127;P207069127_7;G;4800;1240;0;6800;2440;2875
P207069127;P207069127_8;H;6800;0;0;8000;2400;2460
P207069127;P207069127_9;I;8000;0;0;9200;2400;2460
P207069127;P207069127_10;J;9200;0;0;10400;2400;2460
P207069127;P207069127_11;K;10400;0;0;12200;1200;2340
P207069127;P207069127_12;L;10400;1240;0;12800;2440;1740
P207069127;P207069127_13;M;12200;0;0;13400;1200;2200
P207069031;P207069031_1;A;0;0;0;1200;2400;2000
P207069031;P207069031_2;B;1200;0;0;2400;2400;1620
P207069031;P207069031_3;C;2400;0;0;3600;2400;1900
P207069031;P207069031_4;D;3600;0;0;4800;2400;1900
P207069031;P207069031_5;E;4800;0;0;6000;2400;2000
P207069031;P207069031_6;F;6000;0;0;7200;2400;2000
P207069031;P207069031_7;G;7200;0;0;8400;2400;1900
P207069031;P207069031_8;H;8400;0;0;9600;2400;2460
P207069031;P207069031_9;I;9600;0;0;10800;2400;2460
P207069031;P207069031_10;J;10800;0;0;12000;2400;2460
P207069031;P207069031_11;K;12000;0;0;13200;2400;2460
P207069011;P207069011_1;A;0;1240;0;2000;2440;2875
P207069011;P207069011_2;B;0;0;0;2000;1200;2250
P207069011;P207069011_3;C;2000;0;0;3200;2400;2460
P207069011;P207069011_4;D;3200;0;0;4400;2400;2460
P207069011;P207069011_5;E;4400;0;0;6200;1200;2340
P207069011;P207069011_6;F;4400;1240;0;6200;2440;2340
P207069011;P207069011_7;G;6200;1240;0;8000;2440;2340
P207069011;P207069011_8;H;6200;0;0;8600;1200;2460
P207069011;P207069011_9;I;8000;1240;0;10400;2440;2460
P207069011;P207069011_10;J;8600;0;0;10600;1200;2875
P207069011;P207069011_11;K;10400;1240;0;12400;2440;2875
P207069011;P207069011_12;L;10600;0;0;12600;1200;2875
P207069119;P207069119_1;A;0;0;0;2000;1200;2875
P207069119;P207069119_2;B;0;1240;0;2000;2440;2875
P207069119;P207069119_3;C;2000;1240;0;4000;2440;2875
P207069119;P207069119_4;D;2000;0;0;4000;1200;2875
P207069119;P207069119_5;E;4000;0;0;6000;1200;2875
P207069119;P207069119_6;F;4000;1240;0;6000;2440;2875
P207069119;P207069119_7;G;6000;1240;0;8000;2440;2875
P207069119;P207069119_8;H;6000;0;0;8000;1200;2875
P207069119;P207069119_9;I;8000;0;0;10000;1200;2875
P207069119;P207069119_10;J;8000;1240;0;10000;2440;2875
P207069119;P207069119_11;K;10000;1240;0;12000;2440;2875
P207069119;P207069119_12;L;10000;0;0;12000;1200;2875
P207069119;P207069119_13;M;12000;0;0;13200;2000;2875
P207069019;P207069019_1;A;0;0;0;1200;2400;2000
P207069019;P207069019_2;B;1200;0;0;2400;2400;2000
P207069019;P207069019_3;C;2400;0;0;3600;2400;1620
P207069019;P207069019_4;D;3600;0;0;4800;2400;2460
P207069019;P207069019_5;E;4800;0;0;6000;2400;2460
P207069019;P207069019_6;F;6000;0;0;7200;2400;1900
P207069019;P207069019_7;G;7200;0;0;8400;2400;2460
P207069019;P207069019_8;H;8400;0;0;9600;2400;2460
P207069019;P207069019_9;I;9600;0;0;10800;2400;2000
P207069019;P207069019_10;J;10800;0;0;12000;2400;1900
P207069019;P207069019_11;K;12000;0;0;13200;2400;2460
P207069115;P207069115_1;A;0;0;0;1800;1200;2340
P207069115;P207069115_2;B;0;1240;0;1800;2440;2340
P207069115;P207069115_3;C;1800;1240;0;3600;2440;2340
P207069115;P207069115_4;D;1800;0;0;3600;1200;2340
P207069115;P207069115_5;E;3600;0;0;5400;1200;2340
P207069115;P207069115_6;F;3600;1240;0;5400;2440;2340
P207069115;P207069115_7;G;5400;1240;0;7200;2440;2340
P207069115;P207069115_8;H;5400;0;0;7200;1200;2340
P207069115;P207069115_9;I;7200;0;0;9000;1200;2340
P207069115;P207069115_10;J;7200;1240;0;9000;2440;2340
P207069115;P207069115_11;K;9000;1240;0;10800;2440;2340
P207069115;P207069115_12;L;9000;0;0;11400;1200;2460
P207069115;P207069115_13;M;10800;1240;0;13200;2440;2460
P207069115;P207069115_14;N;11400;0;0;13400;1200;2250
P207069015;P207069015_1;A;0;0;0;1200;2400;2460
P207069015;P207069015_2;B;1200;0;0;2400;2400;2460
P207069015;P207069015_3;C;2400;0;0;3600;2400;2460
P207069015;P207069015_4;D;3600;1240;0;5600;2440;2875
P207069015;P207069015_5;E;3600;0;0;5600;1200;2875
P207069015;P207069015_6;F;5600;0;0;7600;1200;2875
P207069015;P207069015_7;G;5600;1240;0;7600;2440;2875
P207069015;P207069015_8;H;7600;1240;0;9400;2440;2340
P207069015;P207069015_9;I;7600;0;0;10000;1200;2460
P207069015;P207069015_10;J;9400;1240;0;11800;2440;2460
P207069015;P207069015_11;K;10000;0;0;12400;1200;2460
P207069013;P207069013_1;A;0;0;0;1200;2400;2000
P207069013;P207069013_2;B;1200;0;0;2400;2400;2000
P207069013;P207069013_3;C;2400;0;0;3600;2400;2000
P207069013;P207069013_4;D;3600;0;0;4800;2400;1900
P207069013;P207069013_5;E;4800;0;0;6000;2400;2460
P207069013;P207069013_6;F;6000;0;0;7200;2400;1620
P207069013;P207069013_7;G;7200;0;0;8400;2400;2460
P207069013;P207069013_8;H;8400;0;0;9600;2400;2000
P207069013;P207069013_9;I;9600;0;0;10800;2400;1620
P207069013;P207069013_10;J;10800;0;0;12000;2400;2460
P207069013;P207069013_11;K;12000;0;0;13200;2400;2460
P207069111;P207069111_1;A;0;0;0;1800;1200;2340
P207069111;P207069111_2;B;0;1240;0;1800;2440;2340
P207069111;P207069111_3;C;1800;1240;0;3600;2440;2340
P207069111;P207069111_4;D;1800;0;0;3600;1200;2340
P207069111;P207069111_5;E;3600;0;0;4800;1200;2200
P207069111;P207069111_6;F;3600;1240;0;5400;2440;2340
P207069111;P207069111_7;G;4800;0;0;5600;600;560
P207069111;P207069111_8;H;5400;640;0;6600;2440;2340
P207069111;P207069111_9;I;6600;1240;0;8400;2440;2340
P207069111;P207069111_10;J;6600;0;0;8400;1200;2340
P207069111;P207069111_11;K;8400;0;0;9600;2400;1800
P207069111;P207069111_12;L;9600;1240;0;11400;2440;2340
P207069111;P207069111_13;M;9600;0;0;11400;1200;2340
P207069111;P207069111_14;N;11400;0;0;13200;1200;2340
P207069111;P207069111_15;O;11400;1240;0;13400;2440;2875
P207069009;P207069009_1;A;0;0;0;1200;2400;2460
P207069009;P207069009_2;B;1200;1240;0;3200;2440;2250
P207069009;P207069009_3;C;1200;0;0;3600;1200;2460
P207069009;P207069009_4;D;3200;1240;0;5600;2440;2460
P207069009;P207069009_5;E;3600;0;0;6000;1200;2000
P207069009;P207069009_6;F;5600;1240;0;8000;2440;2000
P207069009;P207069009_7;G;6000;0;0;8400;1200;2460
P207069009;P207069009_8;H;8000;1240;0;10400;2440;2460
P207069009;P207069009_9;I;8400;0;0;10800;1200;1900
P207069009;P207069009_10;J;10400;1240;0;12800;2440;1900
P207069009;P207069009_11;K;10800;0;0;13200;1200;2460
P207069107;P207069107_1;A;0;0;0;2000;1200;2875
P207069107;P207069107_2;B;0;1240;0;2000;2440;2875
P207069107;P207069107_3;C;2000;1240;0;4000;2440;2875
P207069107;P207069107_4;D;2000;0;0;4000;1200;2875
P207069107;P207069107_5;E;4000;0;0;6000;1200;2875
P207069107;P207069107_6;F;4000;1240;0;6000;2440;2875
P207069107;P207069107_7;G;6000;1240;0;8000;2440;2875
P207069107;P207069107_8;H;6000;0;0;8000;1200;2875
P207069107;P207069107_9;I;8000;0;0;10000;1200;2875
P207069107;P207069107_10;J;8000;1240;0;10000;2440;2875
P207069107;P207069107_11;K;10000;1240;0;12000;2440;2875
P207069107;P207069107_12;L;10000;0;0;12000;1200;2875
P207069107;P207069107_13;M;12000;0;0;13200;2000;2875
P207069105;P207069105_1;A;0;0;0;1200;2400;2000
P207069105;P207069105_2;B;1200;0;0;2400;2400;1620
P207069105;P207069105_3;C;2400;0;0;3600;2400;2460
P207069105;P207069105_4;D;3600;0;0;4800;2400;2460
P207069105;P207069105_5;E;4800;0;0;6000;2400;2460
P207069105;P207069105_6;F;6000;0;0;7200;2400;2460
P207069105;P207069105_7;G;7200;0;0;8400;2400;2000
P207069105;P207069105_8;H;8400;0;0;9600;2400;2000
P207069105;P207069105_9;I;9600;0;0;10800;2400;1900
P207069105;P207069105_10;J;10800;0;0;12000;2400;2460
P207069105;P207069105_11;K;12000;0;0;13200;2400;2460
P207069005;P207069005_1;A;0;0;0;1800;1200;2340
P207069005;P207069005_2;B;0;1240;0;1800;2440;2340
P207069005;P207069005_3;C;1800;1240;0;4000;2440;1760
P207069005;P207069005_4;D;1800;0;0;3600;1200;2340
P207069005;P207069005_5;E;3600;0;0;5400;1200;2340
P207069005;P207069005_6;F;4000;1240;0;5800;2440;2340
P207069005;P207069005_7;G;5400;0;0;7200;1200;2340
P207069005;P207069005_8;H;5800;1240;0;7600;2440;2340
P207069005;P207069005_9;I;7200;0;0;8400;1200;2200
P207069005;P207069005_10;J;7600;1240;0;9400;2440;2340
P207069005;P207069005_11;K;8400;0;0;10800;1200;1900
P207069005;P207069005_12;L;9400;1240;0;11200;2440;2340
P207069005;P207069005_13;M;10800;0;0;13200;1200;1900
P207069005;P207069005_14;N;11200;1240;0;13000;2440;2340
P207069003;P207069003_1;A;0;0;0;2000;1200;2875
P207069003;P207069003_2;B;0;1240;0;2000;2440;2875
P207069003;P207069003_3;C;2000;1240;0;4000;2440;2875
P207069003;P207069003_4;D;2000;0;0;4000;1200;2875
P207069003;P207069003_5;E;4000;0;0;6000;1200;2875
P207069003;P207069003_6;F;4000;1240;0;6000;2440;2875
P207069003;P207069003_7;G;6000;1240;0;8000;2440;2875
P207069003;P207069003_8;H;6000;0;0;8000;1200;2875
P207069003;P207069003_9;I;8000;0;0;10000;1200;2875
P207069003;P207069003_10;J;8000;1240;0;10000;2440;2875
P207069003;P207069003_11;K;10000;1240;0;12000;2440;2875
P207069003;P207069003_12;L;10000;0;0;12400;1200;2460
P207069101;P207069101_1;A;0;0;0;1200;2400;1620
P207069101;P207069101_2;B;1200;0;0;2400;2400;2460
P207069101;P207069101_3;C;2400;0;0;3600;2400;2000
P207069101;P207069101_4;D;3600;0;0;4800;2400;2460
P207069101;P207069101_5;E;4800;0;0;6000;2400;2460
P207069101;P207069101_6;F;6000;0;0;7200;2400;2460
P207069101;P207069101_7;G;7200;0;0;8400;2400;2460
P207069101;P207069101_8;H;8400;0;0;9600;2400;2460
P207069101;P207069101_9;I;9600;0;0;10800;2400;2460
P207069101;P207069101_10;J;10800;0;0;12000;2400;2460
P207069101;P207069101_11;K;12000;0;0;13200;2400;2000
P207069001;P207069001_1;A;0;1240;0;2000;2440;2875
P207069001;P207069001_2;B;0;0;0;2000;1200;2875
P207069001;P207069001_3;C;2000;0;0;4000;1200;2875
P207069001;P207069001_4;D;2000;1240;0;4000;2440;2875
P207069001;P207069001_5;E;4000;1240;0;6000;2440;2875
P207069001;P207069001_6;F;4000;0;0;6000;1200;2875
P207069001;P207069001_7;G;6000;0;0;8000;1200;2875
P207069001;P207069001_8;H;6000;1240;0;8000;2440;2875
P207069001;P207069001_9;I;8000;1240;0;10000;2440;2875
P207069001;P207069001_10;J;8000;0;0;10000;1200;2875
P207069001;P207069001_11;K;10000;0;0;12000;1200;2875
P207069001;P207069001_12;L;10000;1240;0;12000;2440;2875
P207069001;P207069001_13;M;12000;0;0;13200;2400;2460
P207069025;P207069025_1;A;0;0;0;1200;2400;2000
P207069025;P207069025_2;B;1200;0;0;2400;2400;2000
P207069025;P207069025_3;C;2400;0;0;3600;2400;1620
P207069025;P207069025_4;D;3600;0;0;4800;2400;1900
P207069025;P207069025_5;E;4800;0;0;6000;2400;2460
P207069025;P207069025_6;F;6000;0;0;7200;2400;2460
P207069025;P207069025_7;G;7200;0;0;8400;2400;2460
P207069025;P207069025_8;H;8400;0;0;9600;2400;2460
P207069025;P207069025_9;I;9600;0;0;10800;2400;2460
P207069025;P207069025_10;J;10800;0;0;12000;2400;2460
P207069025;P207069025_11;K;12000;0;0;13200;2400;2460
P207069027;P207069027_1;A;0;1240;0;1800;2440;2340
P207069027;P207069027_2;B;0;0;0;1800;1200;2340
P207069027;P207069027_3;C;1800;0;0;3600;1200;2340
P207069027;P207069027_4;D;1800;1240;0;3600;2440;2340
P207069027;P207069027_5;E;3600;1240;0;5400;2440;2340
P207069027;P207069027_6;F;3600;0;0;5400;1200;2340
P207069027;P207069027_7;G;5400;0;0;7200;1200;2340
P207069027;P207069027_8;H;5400;1240;0;7800;2440;2000
P207069027;P207069027_9;I;7200;0;0;9600;1200;2000
P207069027;P207069027_10;J;7800;1240;0;10200;2440;2000
P207069027;P207069027_11;K;9600;0;0;12000;1200;1620
P207069027;P207069027_12;L;10200;1240;0;12000;2440;2340
P207069027;P207069027_13;M;12000;0;0;13200;2400;2460
P206069131;P206069131_1;A;0;0;0;2000;1200;2875
P206069131;P206069131_2;B;0;1240;0;2000;2440;2875
P206069131;P206069131_3;C;2000;1240;0;4000;2440;2875
P206069131;P206069131_4;D;2000;0;0;4000;1200;2875
P206069131;P206069131_5;E;4000;0;0;6000;1200;2875
P206069131;P206069131_6;F;4000;1240;0;6000;2440;2875
P206069131;P206069131_7;G;6000;1240;0;8000;2440;2875
P206069131;P206069131_8;H;6000;0;0;8000;1200;2875
P206069131;P206069131_9;I;8000;0;0;10000;1200;2875
P206069131;P206069131_10;J;8000;1240;0;10000;2440;2875
P206069131;P206069131_11;K;10000;1240;0;12000;2440;2875
P206069131;P206069131_12;L;10000;0;0;12000;1200;2875
P206069131;P206069131_13;M;12000;0;0;13200;2000;2875
P206069127;P206069127_1;A;0;0;0;1200;2400;2500
P206069127;P206069127_2;B;1200;0;0;2400;2400;1620
P206069127;P206069127_3;C;2400;0;0;3600;2400;1620
P206069127;P206069127_4;D;3600;0;0;4800;2400;2500
P206069127;P206069127_5;E;4800;0;0;6000;2400;1620
P206069127;P206069127_6;F;6000;0;0;7200;2400;1620
P206069127;P206069127_7;G;7200;0;0;8400;2400;2500
P206069127;P206069127_8;H;8400;0;0;9600;2400;1620
P206069127;P206069127_9;I;9600;0;0;10800;2400;1620
P206069127;P206069127_10;J;10800;0;0;12000;2400;1900
P206069127;P206069127_11;K;12000;0;0;13200;2400;1900
P206069031;P206069031_1;A;0;0;0;1200;2400;2460
P206069031;P206069031_2;B;1200;0;0;2400;2400;2460
P206069031;P206069031_3;C;2400;0;0;3600;2400;2000
P206069031;P206069031_4;D;3600;0;0;4800;2400;2000
P206069031;P206069031_5;E;4800;0;0;6000;2400;1900
P206069031;P206069031_6;F;6000;0;0;7200;2400;2460
P206069031;P206069031_7;G;7200;0;0;8400;2400;2460
P206069031;P206069031_8;H;8400;0;0;9600;2400;2460
P206069031;P206069031_9;I;9600;0;0;10800;2400;2460
P206069031;P206069031_10;J;10800;0;0;12000;2400;2000
P206069031;P206069031_11;K;12000;0;0;13200;2400;2000
P206069125;P206069125_1;A;0;0;0;1800;1200;2340
P206069125;P206069125_2;B;0;1240;0;1800;2440;2340
P206069125;P206069125_3;C;1800;1240;0;3600;2440;2340
P206069125;P206069125_4;D;1800;0;0;3600;1200;2340
P206069125;P206069125_5;E;3600;0;0;5400;1200;2340
P206069125;P206069125_6;F;3600;1240;0;5400;2440;2340
P206069125;P206069125_7;G;5400;1240;0;7200;2440;2340
P206069125;P206069125_8;H;5400;0;0;7200;1200;2340
P206069125;P206069125_9;I;7200;0;0;9000;1200;2340
P206069125;P206069125_10;J;7200;1240;0;9000;2440;2340
P206069125;P206069125_11;K;9000;1240;0;10800;2440;2340
P206069125;P206069125_12;L;9000;0;0;10800;1200;2340
P206069125;P206069125_13;M;10800;0;0;12600;1200;2340
P206069125;P206069125_14;N;10800;1240;0;12000;2440;2200
P206069125;P206069125_15;O;12000;1240;0;13200;2440;2200
P206069011;P206069011_1;A;0;0;0;2000;1200;2875
P206069011;P206069011_2;B;0;1240;0;2000;2440;2875
P206069011;P206069011_3;C;2000;1240;0;4000;2440;2875
P206069011;P206069011_4;D;2000;0;0;4000;1200;2875
P206069011;P206069011_5;E;4000;0;0;6000;1200;2875
P206069011;P206069011_6;F;4000;1240;0;6000;2440;2875
P206069011;P206069011_7;G;6000;1240;0;8000;2440;2875
P206069011;P206069011_8;H;6000;0;0;8000;1200;2875
P206069011;P206069011_9;I;8000;0;0;10000;1200;2875
P206069011;P206069011_10;J;8000;1240;0;10000;2440;2875
P206069011;P206069011_11;K;10000;1240;0;12000;2440;2875
P206069011;P206069011_12;L;10000;0;0;12000;1200;2875
P206069011;P206069011_13;M;12000;0;0;13200;2000;2875
P206069113;P206069113_1;A;0;0;0;1200;2400;1740
P206069113;P206069113_2;B;1200;0;0;2400;2400;1900
P206069113;P206069113_3;C;2400;0;0;3600;2400;1900
P206069113;P206069113_4;D;3600;0;0;4800;2400;1900
P206069113;P206069113_5;E;4800;0;0;6000;2400;2460
P206069113;P206069113_6;F;6000;0;0;7200;2400;2460
P206069113;P206069113_7;G;7200;0;0;8400;2400;2460
P206069113;P206069113_8;H;8400;0;0;9600;2400;2460
P206069113;P206069113_9;I;9600;0;0;10800;2400;2460
P206069113;P206069113_10;J;10800;0;0;12000;2400;2460
P206069113;P206069113_11;K;12000;0;0;13200;2400;2460
P206069123;P206069123_1;A;0;0;0;1800;1200;2340
P206069123;P206069123_2;B;0;1240;0;1800;2440;2340
P206069123;P206069123_3;C;1800;1240;0;3600;2440;2340
P206069123;P206069123_4;D;1800;0;0;3600;1200;2340
P206069123;P206069123_5;E;3600;0;0;5400;1200;2340
P206069123;P206069123_6;F;3600;1240;0;5400;2440;2340
P206069123;P206069123_7;G;5400;1240;0;7200;2440;2340
P206069123;P206069123_8;H;5400;0;0;7200;1200;2340
P206069123;P206069123_9;I;7200;0;0;9000;1200;2340
P206069123;P206069123_10;J;7200;1240;0;8400;2440;2200
P206069123;P206069123_11;K;8400;1240;0;10200;2440;2340
P206069123;P206069123_12;L;9000;0;0;10800;1200;2340
P206069123;P206069123_13;M;10200;1240;0;12000;2440;2340
P206069123;P206069123_14;N;10800;0;0;12600;1200;2340
P206069121;P206069121_1;A;0;0;0;1200;2400;2500
P206069121;P206069121_2;B;1200;0;0;2400;2400;1620
P206069121;P206069121_3;C;2400;0;0;3600;2400;1620
P206069121;P206069121_4;D;3600;0;0;4800;2400;2000
P206069121;P206069121_5;E;4800;0;0;6000;2400;2000
P206069121;P206069121_6;F;6000;0;0;7200;2400;1620
P206069121;P206069121_7;G;7200;0;0;8400;2400;2000
P206069121;P206069121_8;H;8400;0;0;9600;2400;1620
P206069121;P206069121_9;I;9600;0;0;10800;2400;2460
P206069121;P206069121_10;J;10800;0;0;12000;2400;1900
P206069121;P206069121_11;K;12000;0;0;13200;2400;2460
P206069119;P206069119_1;A;0;0;0;2000;1200;2875
P206069119;P206069119_2;B;0;1240;0;2000;2440;2875
P206069119;P206069119_3;C;2000;1240;0;4000;2440;2875
P206069119;P206069119_4;D;2000;0;0;4000;1200;2875
P206069119;P206069119_5;E;4000;0;0;6000;1200;2875
P206069119;P206069119_6;F;4000;1240;0;6000;2440;2875
P206069119;P206069119_7;G;6000;1240;0;8000;2440;2875
P206069119;P206069119_8;H;6000;0;0;8000;1200;2875
P206069119;P206069119_9;I;8000;0;0;10000;1200;2875
P206069119;P206069119_10;J;8000;1240;0;10000;2440;2875
P206069119;P206069119_11;K;10000;1240;0;12000;2440;2875
P206069119;P206069119_12;L;10000;0;0;12000;1200;2875
P206069119;P206069119_13;M;12000;0;0;13200;2000;2875
P206069115;P206069115_1;A;0;1240;0;2000;2440;2250
P206069115;P206069115_2;B;0;0;0;2000;1200;2250
P206069115;P206069115_3;C;2000;0;0;3800;1200;2340
P206069115;P206069115_4;D;2000;1240;0;3800;2440;2340
P206069115;P206069115_5;E;3800;1240;0;5600;2440;2340
P206069115;P206069115_6;F;3800;0;0;6200;1200;2460
P206069115;P206069115_7;G;5600;1240;0;8000;2440;2460
P206069115;P206069115_8;H;6200;0;0;8600;1200;2460
P206069115;P206069115_9;I;8000;1240;0;10400;2440;2460
P206069115;P206069115_10;J;8600;0;0;10400;1200;2340
P206069115;P206069115_11;K;10400;0;0;12200;1200;2340
P206069115;P206069115_12;L;10400;1240;0;12200;2440;2400
P206069115;P206069115_13;M;12200;0;0;13400;1800;2340
P206069117;P206069117_1;A;0;0;0;1200;2400;1620
P206069117;P206069117_2;B;1200;0;0;2400;2400;2000
P206069117;P206069117_3;C;2400;0;0;3600;2400;1900
P206069117;P206069117_4;D;3600;0;0;4800;2400;2000
P206069117;P206069117_5;E;4800;0;0;6000;2400;2460
P206069117;P206069117_6;F;6000;0;0;7200;2400;1620
P206069117;P206069117_7;G;7200;0;0;8400;2400;2000
P206069117;P206069117_8;H;8400;0;0;9600;2400;1900
P206069117;P206069117_9;I;9600;0;0;10800;2400;2460
P206069015;P206069015_1;A;0;0;0;1200;2400;2460
P206069015;P206069015_2;B;1200;0;0;2400;2400;2460
P206069015;P206069015_3;C;2400;0;0;3600;2400;2460
P206069015;P206069015_4;D;3600;1240;0;5600;2440;2875
P206069015;P206069015_5;E;3600;0;0;5600;1200;2875
P206069015;P206069015_6;F;5600;0;0;7600;1200;2875
P206069015;P206069015_7;G;5600;1240;0;7600;2440;2875
P206069015;P206069015_8;H;7600;1240;0;9600;2440;2875
P206069015;P206069015_9;I;7600;0;0;9600;1200;2875
P206069015;P206069015_10;J;9600;0;0;11600;1200;2875
P206069015;P206069015_11;K;9600;1240;0;11600;2440;2875
P206069015;P206069015_12;L;11600;0;0;12800;2000;2875
P206069013;P206069013_1;A;0;0;0;1200;2400;2460
P206069013;P206069013_2;B;1200;0;0;2400;2400;2460
P206069013;P206069013_3;C;2400;0;0;3600;2400;2460
P206069013;P206069013_4;D;3600;0;0;4800;2400;2460
P206069013;P206069013_5;E;4800;0;0;6000;2400;1620
P206069013;P206069013_6;F;6000;0;0;7200;2400;2000
P206069013;P206069013_7;G;7200;0;0;8400;2400;2460
P206069013;P206069013_8;H;8400;0;0;9600;2400;2460
P206069013;P206069013_9;I;9600;0;0;10800;2400;2460
P206069013;P206069013_10;J;10800;0;0;12000;2400;2460
P206069013;P206069013_11;K;12000;0;0;13200;2400;2460
P206069111;P206069111_1;A;0;0;0;2200;1200;1760
P206069111;P206069111_2;B;0;1240;0;2400;2440;1800
P206069111;P206069111_3;C;2200;0;0;4000;1200;2340
P206069111;P206069111_4;D;2400;1240;0;4200;2440;2340
P206069111;P206069111_5;E;4000;0;0;5800;1200;2340
P206069111;P206069111_6;F;4200;1240;0;6000;2440;2340
P206069111;P206069111_7;G;5800;0;0;7600;1200;2340
P206069111;P206069111_8;H;6000;1240;0;7800;2440;2340
P206069111;P206069111_9;I;7600;0;0;9400;1200;2340
P206069111;P206069111_10;J;7800;1240;0;9000;2440;2200
P206069111;P206069111_11;K;9000;1240;0;11000;2440;2875
P206069111;P206069111_12;L;9400;0;0;11200;1200;2340
P206069111;P206069111_13;M;11000;1240;0;12800;2440;2340
P206069111;P206069111_14;N;11200;0;0;13000;1200;2340
P206069009;P206069009_1;A;0;0;0;1200;2400;2460
P206069009;P206069009_2;B;1200;1240;0;3000;2440;2340
P206069009;P206069009_3;C;1200;0;0;3600;1200;2460
P206069009;P206069009_4;D;3000;1240;0;5400;2440;2460
P206069009;P206069009_5;E;3600;0;0;6000;1200;2460
P206069009;P206069009_6;F;5400;1240;0;7800;2440;2000
P206069009;P206069009_7;G;6000;0;0;8400;1200;2000
P206069009;P206069009_8;H;7800;1240;0;10200;2440;2000
P206069009;P206069009_9;I;8400;0;0;10800;1200;1900
P206069009;P206069009_10;J;10200;1240;0;12600;2440;1900
P206069009;P206069009_11;K;10800;0;0;13200;1200;2500
P206069107;P206069107_1;A;0;0;0;2000;1200;2875
P206069107;P206069107_2;B;0;1240;0;2000;2440;2875
P206069107;P206069107_3;C;2000;1240;0;4000;2440;2875
P206069107;P206069107_4;D;2000;0;0;4000;1200;2875
P206069107;P206069107_5;E;4000;0;0;6000;1200;2875
P206069107;P206069107_6;F;4000;1240;0;6000;2440;2875
P206069107;P206069107_7;G;6000;1240;0;8000;2440;2875
P206069107;P206069107_8;H;6000;0;0;8000;1200;2875
P206069107;P206069107_9;I;8000;0;0;10000;1200;2875
P206069107;P206069107_10;J;8000;1240;0;10000;2440;2875
P206069107;P206069107_11;K;10000;1240;0;12000;2440;2875
P206069107;P206069107_12;L;10000;0;0;12000;1200;2875
P206069107;P206069107_13;M;12000;0;0;13200;2000;2875
P206069105;P206069105_1;A;0;0;0;1200;2400;1620
P206069105;P206069105_2;B;1200;0;0;2400;2400;1900
P206069105;P206069105_3;C;2400;0;0;3600;2400;2460
P206069105;P206069105_4;D;3600;0;0;4800;2400;2460
P206069105;P206069105_5;E;4800;0;0;6000;2400;2000
P206069105;P206069105_6;F;6000;0;0;7200;2400;2000
P206069105;P206069105_7;G;7200;0;0;8400;2400;2460
P206069105;P206069105_8;H;8400;0;0;9600;2400;2460
P206069105;P206069105_9;I;9600;0;0;10800;2400;2460
P206069105;P206069105_10;J;10800;0;0;12000;2400;2460
P206069105;P206069105_11;K;12000;0;0;13200;2400;2460
P206069003;P206069003_1;A;0;0;0;2000;1200;2875
P206069003;P206069003_2;B;0;1240;0;2000;2440;2875
P206069003;P206069003_3;C;2000;1240;0;4000;2440;2875
P206069003;P206069003_4;D;2000;0;0;4000;1200;2875
P206069003;P206069003_5;E;4000;0;0;6000;1200;2875
P206069003;P206069003_6;F;4000;1240;0;6000;2440;2875
P206069003;P206069003_7;G;6000;1240;0;8000;2440;2875
P206069003;P206069003_8;H;6000;0;0;8000;1200;2875
P206069003;P206069003_9;I;8000;0;0;10000;1200;2875
P206069003;P206069003_10;J;8000;1240;0;10000;2440;2875
P206069003;P206069003_11;K;10000;1240;0;12000;2440;2875
P206069003;P206069003_12;L;10000;0;0;12000;1200;2875
P206069003;P206069003_13;M;12000;0;0;13200;2000;2875
P206069101;P206069101_1;A;0;0;0;1200;2400;2000
P206069101;P206069101_2;B;1200;0;0;2400;2400;1620
P206069101;P206069101_3;C;2400;0;0;3600;2400;2000
P206069101;P206069101_4;D;3600;0;0;4800;2400;1900
P206069101;P206069101_5;E;4800;0;0;6000;2400;2460
P206069101;P206069101_6;F;6000;0;0;7200;2400;2460
P206069101;P206069101_7;G;7200;0;0;8400;2400;2460
P206069101;P206069101_8;H;8400;1240;0;10400;2440;2250
P206069101;P206069101_9;I;8400;0;0;10800;1200;2460
P206069101;P206069101_10;J;10400;1240;0;12800;2440;2460
P206069101;P206069101_11;K;10800;0;0;13200;1200;2460
P206069001;P206069001_1;A;0;0;0;2000;1200;2875
P206069001;P206069001_2;B;0;1240;0;2000;2440;2875
P206069001;P206069001_3;C;2000;1240;0;4000;2440;2875
P206069001;P206069001_4;D;2000;0;0;4000;1200;2875
P206069001;P206069001_5;E;4000;0;0;6000;1200;2875
P206069001;P206069001_6;F;4000;1240;0;6000;2440;2875
P206069001;P206069001_7;G;6000;1240;0;8000;2440;2875
P206069001;P206069001_8;H;6000;0;0;8000;1200;2875
P206069001;P206069001_9;I;8000;0;0;10000;1200;2875
P206069001;P206069001_10;J;8000;1240;0;10000;2440;2875
P206069001;P206069001_11;K;10000;1240;0;12000;2440;2875
P206069001;P206069001_12;L;10000;0;0;12000;1200;2875
P206069001;P206069001_13;M;12000;0;0;13200;2400;2460
Q206069001_1;Q206069001_1_1;A;0;0;0;1200;2400;2460
Q206069001_1;Q206069001_1_2;B;1200;0;0;3200;1200;2875
Q206069001_1;Q206069001_1_3;C;1200;1240;0;3200;2440;2875
Q206069001_1;Q206069001_1_4;D;3200;1240;0;5200;2440;2875
Q206069001_1;Q206069001_1_5;E;3200;0;0;5200;1200;2875
Q206069001_1;Q206069001_1_6;F;5200;0;0;7200;1200;2875
Q206069001_1;Q206069001_1_7;G;5200;1240;0;7200;2440;2875
Q206069001_1;Q206069001_1_8;H;7200;1240;0;9200;2440;2875
Q206069001_1;Q206069001_1_9;I;7200;0;0;9200;1200;2875
Q206069001_1;Q206069001_1_10;J;9200;0;0;11200;1200;2875
Q206069001_1;Q206069001_1_11;K;9200;1240;0;11200;2440;2875
Q206069001_1;Q206069001_1_12;L;11200;1240;0;13200;2440;2875
Q206069001_1;Q206069001_1_13;M;11200;0;0;13200;1200;2875
P206069025;P206069025_1;A;0;0;0;1200;2400;2460
P206069025;P206069025_2;B;1200;0;0;2400;2400;2460
P206069025;P206069025_3;C;2400;0;0;3600;2400;2460
P206069025;P206069025_4;D;3600;0;0;4800;2400;2460
P206069025;P206069025_5;E;4800;0;0;6000;2400;2460
P206069025;P206069025_6;F;6000;0;0;7200;2400;1620
P206069025;P206069025_7;G;7200;0;0;8400;2400;2500
P206069025;P206069025_8;H;8400;0;0;9600;2400;2000
P206069025;P206069025_9;I;9600;0;0;10800;2400;2000
P206069025;P206069025_10;J;10800;0;0;12000;2400;1900
P206069025;P206069025_11;K;12000;0;0;13200;2400;1620
P206069027;P206069027_1;A;0;0;0;1800;1200;2340
P206069027;P206069027_2;B;0;1240;0;2400;2440;1800
P206069027;P206069027_3;C;1800;0;0;4000;1200;1760
P206069027;P206069027_4;D;2400;1240;0;4200;2440;2340
P206069027;P206069027_5;E;4000;0;0;5800;1200;2340
P206069027;P206069027_6;F;4200;1240;0;6000;2440;2340
P206069027;P206069027_7;G;5800;0;0;7600;1200;2340
P206069027;P206069027_8;H;6000;1240;0;7800;2440;2340
P206069027;P206069027_9;I;7600;0;0;9400;1200;2340
P206069027;P206069027_10;J;7800;1240;0;9600;2440;2340
P206069027;P206069027_11;K;9400;0;0;11200;1200;2340
P206069027;P206069027_12;L;9600;1240;0;11400;2440;2340
P206069027;P206069027_13;M;11200;0;0;12400;1200;2200
P206069027;P206069027_14;N;11400;1240;0;13200;2440;2340
P206069027;P206069027_15;O;12400;0;0;13200;600;560
P205069131;P205069131_1;A;0;0;0;2000;1200;2875
P205069131;P205069131_2;B;0;1240;0;2000;2440;2875
P205069131;P205069131_3;C;2000;1240;0;4000;2440;2875
P205069131;P205069131_4;D;2000;0;0;4000;1200;2875
P205069131;P205069131_5;E;4000;0;0;6000;1200;2875
P205069131;P205069131_6;F;4000;1240;0;6000;2440;2875
P205069131;P205069131_7;G;6000;1240;0;8000;2440;2875
P205069131;P205069131_8;H;6000;0;0;8000;1200;2875
P205069131;P205069131_9;I;8000;0;0;10000;1200;2875
P205069131;P205069131_10;J;8000;1240;0;10000;2440;2875
P205069131;P205069131_11;K;10000;1240;0;12000;2440;2875
P205069131;P205069131_12;L;10000;0;0;12000;1200;2875
P205069131;P205069131_13;M;12000;0;0;13200;2000;2875
P205069127;P205069127_1;A;0;0;0;1800;1200;2340
P205069127;P205069127_2;B;0;1200;0;1800;2400;2340
P205069127;P205069127_3;C;1800;1240;0;3600;2440;2340
P205069127;P205069127_4;D;1800;0;0;3600;1200;2340
P205069127;P205069127_5;E;3600;1240;0;5400;2440;2340
P205069127;P205069127_6;F;3600;0;0;5400;1200;2340
P205069127;P205069127_7;G;5400;0;0;6600;2400;1800
P205069127;P205069127_8;H;6600;1240;0;8400;2440;2340
P205069127;P205069127_9;I;6600;0;0;8400;1200;2340
P205069127;P205069127_10;J;8400;0;0;9600;2400;1620
P205069127;P205069127_11;K;9600;0;0;10800;2400;1620
P205069127;P205069127_12;L;10800;0;0;12000;2400;2500
P205069127;P205069127_13;M;12000;0;0;13200;2400;2460
P205069031;P205069031_1;A;0;0;0;2000;1200;2250
P205069031;P205069031_2;B;0;1240;0;1800;2440;2340
P205069031;P205069031_3;C;1800;1240;0;4200;2440;2460
P205069031;P205069031_4;D;2000;0;0;4400;1200;2460
P205069031;P205069031_5;E;4200;1240;0;6600;2440;2460
P205069031;P205069031_6;F;4400;0;0;6800;1200;2460
P205069031;P205069031_7;G;6600;1240;0;9000;2440;2000
P205069031;P205069031_8;H;6800;0;0;9200;1200;2000
P205069031;P205069031_9;I;9000;1240;0;11400;2440;2000
P205069031;P205069031_10;J;9200;0;0;11600;1200;2000
P205069031;P205069031_11;K;11400;1240;0;13400;2440;2250
P205069031;P205069031_12;L;11600;0;0;13400;1200;2340
P205069125;P205069125_1;A;0;0;0;1200;2400;1900
P205069125;P205069125_2;B;1200;0;0;2400;2400;1900
P205069125;P205069125_3;C;2400;1240;0;4200;2440;2340
P205069125;P205069125_4;D;2400;0;0;4200;1200;2340
P205069125;P205069125_5;E;4200;0;0;6000;1200;2340
P205069125;P205069125_6;F;4200;1240;0;6000;2440;2340
P205069125;P205069125_7;G;6000;1240;0;7800;2440;2340
P205069125;P205069125_8;H;6000;0;0;7800;1200;2340
P205069125;P205069125_9;I;7800;0;0;9600;1200;2340
P205069125;P205069125_10;J;7800;1240;0;9600;2440;2340
P205069125;P205069125_11;K;9600;1240;0;11400;2440;2340
P205069125;P205069125_12;L;9600;0;0;11400;1200;2340
P205069125;P205069125_13;M;11400;0;0;13200;1200;2340
P205069125;P205069125_14;N;11400;1240;0;13200;2440;2340
P205069011;P205069011_1;A;0;0;0;1200;2400;2460
P205069011;P205069011_2;B;1200;0;0;3200;1200;2875
P205069011;P205069011_3;C;1200;1240;0;3200;2440;2875
P205069011;P205069011_4;D;3200;1240;0;5200;2440;2875
P205069011;P205069011_5;E;3200;0;0;5200;1200;2875
P205069011;P205069011_6;F;5200;0;0;7200;1200;2875
P205069011;P205069011_7;G;5200;1240;0;7200;2440;2875
P205069011;P205069011_8;H;7200;0;0;8400;2400;2460
P205069011;P205069011_9;I;8400;0;0;9600;2400;2460
P205069011;P205069011_10;J;9600;0;0;10800;2400;2460
P205069011;P205069011_11;K;10800;0;0;12000;2400;2460
P205069011;P205069011_12;L;12000;0;0;13200;2400;2460
P205069123;P205069123_1;A;0;0;0;1200;2400;1900
P205069123;P205069123_2;B;1200;1240;0;3000;2440;2340
P205069123;P205069123_3;C;1200;0;0;3000;1200;2340
P205069123;P205069123_4;D;3000;0;0;4800;1200;2340
P205069123;P205069123_5;E;3000;1240;0;4800;2440;2340
P205069123;P205069123_6;F;4800;1240;0;6600;2440;2340
P205069123;P205069123_7;G;4800;0;0;6600;1200;2340
P205069123;P205069123_8;H;6600;0;0;8400;1200;2340
P205069123;P205069123_9;I;6600;1240;0;7800;2440;2200
P205069123;P205069123_10;J;7800;1240;0;9000;2440;2200
P205069123;P205069123_11;K;8400;0;0;10800;1200;2500
P205069123;P205069123_12;L;9000;1240;0;11400;2440;2460
P205069123;P205069123_13;M;10800;0;0;13200;1200;2460
P205069123;P205069123_14;N;11400;1240;0;13200;2440;2400
P205069021;P205069021_1;A;0;0;0;1200;2400;1620
P205069021;P205069021_2;B;1200;0;0;3400;1200;1760
P205069021;P205069021_3;C;1200;1240;0;3600;2440;1620
P205069021;P205069021_4;D;3400;0;0;5800;1200;2000
P205069021;P205069021_5;E;3600;1240;0;5800;2440;1760
P205069021;P205069021_6;F;5800;1240;0;7600;2440;2340
P205069021;P205069021_7;G;5800;0;0;7600;1200;2340
P205069021;P205069021_8;H;7600;0;0;9400;1200;2340
P205069021;P205069021_9;I;7600;1240;0;9400;2440;2340
P205069021;P205069021_10;J;9400;1240;0;11200;2440;2340
P205069021;P205069021_11;K;9400;0;0;11200;1200;2340
P205069021;P205069021_12;L;11200;0;0;13400;1200;1760
P205069021;P205069021_13;M;11200;1240;0;13000;2440;2340
P205069119;P205069119_1;A;0;0;0;1800;1200;2340
P205069119;P205069119_2;B;0;1240;0;2400;2440;2460
P205069119;P205069119_3;C;1800;0;0;4200;1200;2460
P205069119;P205069119_4;D;2400;1240;0;4800;2440;2460
P205069119;P205069119_5;E;4200;0;0;6600;1200;2460
P205069119;P205069119_6;F;4800;1240;0;6800;2440;2250
P205069119;P205069119_7;G;6600;0;0;8600;1200;2875
P205069119;P205069119_8;H;6800;1240;0;8800;2440;2875
P205069119;P205069119_9;I;8600;0;0;10600;1200;2875
P205069119;P205069119_10;J;8800;1240;0;11200;2440;2460
P205069119;P205069119_11;K;10600;0;0;13000;1200;2460
P205069119;P205069119_12;L;11200;1240;0;13200;2440;2875
P205069019;P205069019_1;A;0;0;0;1200;2400;1620
P205069019;P205069019_2;B;1200;0;0;2400;2400;1900
P205069019;P205069019_3;C;2400;0;0;3600;2400;1900
P205069019;P205069019_4;D;3600;0;0;4800;2400;2460
P205069019;P205069019_5;E;4800;0;0;6000;2400;2000
P205069019;P205069019_6;F;6000;0;0;7200;2400;2000
P205069019;P205069019_7;G;7200;0;0;8400;2400;2000
P205069019;P205069019_8;H;8400;0;0;9600;2400;2000
P205069019;P205069019_9;I;9600;0;0;10800;2400;1900
P205069019;P205069019_10;J;10800;0;0;12000;2400;2460
P205069019;P205069019_11;K;12000;0;0;13200;2400;1620
P205069115;P205069115_1;A;0;1240;0;1800;2440;2340
P205069115;P205069115_2;B;0;0;0;1800;1200;2340
P205069115;P205069115_3;C;1800;0;0;3600;1200;2340
P205069115;P205069115_4;D;1800;1240;0;3000;2440;2200
P205069115;P205069115_5;E;3000;1240;0;5400;2440;2460
P205069115;P205069115_6;F;3600;0;0;5400;1200;2340
P205069115;P205069115_7;G;5400;0;0;6600;2400;1900
P205069115;P205069115_8;H;6600;0;0;7800;2400;2460
P205069115;P205069115_9;I;7800;0;0;9000;2400;2460
P205069115;P205069115_10;J;9000;0;0;10200;2400;2460
P205069115;P205069115_11;K;10200;0;0;11400;2400;2460
P205069115;P205069115_12;L;11400;0;0;13200;1200;2340
P205069115;P205069115_13;M;11400;1240;0;13200;2440;2340
P205069117;P205069117_1;A;0;0;0;1200;2400;1620
P205069117;P205069117_2;B;1200;0;0;2400;2400;1620
P205069117;P205069117_3;C;2400;0;0;3600;2400;2000
P205069117;P205069117_4;D;3600;0;0;4800;2400;2000
P205069117;P205069117_5;E;4800;0;0;6000;2400;2460
P205069117;P205069117_6;F;6000;0;0;7200;2400;2460
P205069117;P205069117_7;G;7200;0;0;8400;2400;2500
P205069117;P205069117_8;H;8400;0;0;9600;2400;2460
P205069117;P205069117_9;I;9600;0;0;10800;2400;2460
P205069117;P205069117_10;J;10800;0;0;12000;2400;2460
P205069117;P205069117_11;K;12000;0;0;13200;2400;2460
P205069015;P205069015_1;A;0;0;0;2000;1200;2875
P205069015;P205069015_2;B;0;1240;0;2400;2440;2460
P205069015;P205069015_3;C;2000;0;0;4400;1200;2460
P205069015;P205069015_4;D;2400;1240;0;4800;2440;2460
P205069015;P205069015_5;E;4400;0;0;6400;1200;2875
P205069015;P205069015_6;F;4800;1240;0;6800;2440;2875
P205069015;P205069015_7;G;6400;0;0;8400;1200;2875
P205069015;P205069015_8;H;6800;1240;0;8800;2440;2875
P205069015;P205069015_9;I;8400;0;0;10400;1200;2875
P205069015;P205069015_10;J;8800;1240;0;10800;2440;2875
P205069015;P205069015_11;K;10400;0;0;12400;1200;2875
P205069015;P205069015_12;L;10800;1240;0;12800;2440;2875
Q205069015_1;Q205069015_1_1;A;0;0;0;2000;1200;2875
Q205069015_1;Q205069015_1_2;B;0;1240;0;2000;2440;2875
Q205069015_1;Q205069015_1_3;C;2000;1240;0;4000;2440;2875
Q205069015_1;Q205069015_1_4;D;2000;0;0;4000;1200;2875
Q205069015_1;Q205069015_1_5;E;4000;0;0;6000;1200;2875
Q205069015_1;Q205069015_1_6;F;4000;1240;0;6000;2440;2875
Q205069015_1;Q205069015_1_7;G;6000;1240;0;8000;2440;2875
Q205069015_1;Q205069015_1_8;H;6000;0;0;8000;1200;2875
Q205069015_1;Q205069015_1_9;I;8000;0;0;10000;1200;2875
Q205069015_1;Q205069015_1_10;J;8000;1240;0;10000;2440;2875
Q205069015_1;Q205069015_1_11;K;10000;1240;0;12000;2440;2875
Q205069015_1;Q205069015_1_12;L;10000;0;0;12400;1200;2460
Q205069015_2;Q205069015_2_1;A;0;0;0;1200;2400;2460
Q205069015_2;Q205069015_2_2;B;1200;0;0;2400;2400;2460
Q205069015_2;Q205069015_2_3;C;2400;0;0;3600;2400;2460
Q205069015_2;Q205069015_2_4;D;3600;1240;0;5600;2440;2875
Q205069015_2;Q205069015_2_5;E;3600;0;0;5600;1200;2875
Q205069015_2;Q205069015_2_6;F;5600;0;0;7600;1200;2875
Q205069015_2;Q205069015_2_7;G;5600;1240;0;7600;2440;2875
Q205069015_2;Q205069015_2_8;H;7600;1240;0;9600;2440;2875
Q205069015_2;Q205069015_2_9;I;7600;0;0;9600;1200;2875
Q205069015_2;Q205069015_2_10;J;9600;0;0;11600;1200;2875
Q205069015_2;Q205069015_2_11;K;9600;1240;0;11600;2440;2875
Q205069015_2;Q205069015_2_12;L;11600;0;0;12800;2400;2460
P205069013;P205069013_1;A;0;0;0;1200;2400;2000
P205069013;P205069013_2;B;1200;0;0;2400;2400;2000
P205069013;P205069013_3;C;2400;0;0;3600;2400;1620
P205069013;P205069013_4;D;3600;0;0;4800;2400;1620
P205069013;P205069013_5;E;4800;0;0;6000;2400;1900
P205069013;P205069013_6;F;6000;0;0;7200;2400;1620
P205069013;P205069013_7;G;7200;0;0;8400;2400;2000
P205069013;P205069013_8;H;8400;0;0;9600;2400;2000
P205069013;P205069013_9;I;9600;0;0;10800;2400;1900
P205069013;P205069013_10;J;10800;0;0;12000;2400;2460
P205069013;P205069013_11;K;12000;0;0;13200;2400;2000
P205069111;P205069111_1;A;0;0;0;1200;2400;1800
P205069111;P205069111_2;B;1200;1240;0;3000;2440;2340
P205069111;P205069111_3;C;1200;0;0;2400;1200;2200
P205069111;P205069111_4;D;2400;0;0;4200;1200;2340
P205069111;P205069111_5;E;3000;1240;0;4800;2440;2340
P205069111;P205069111_6;F;4200;0;0;6000;1200;2340
P205069111;P205069111_7;G;4800;1240;0;6600;2440;2340
P205069111;P205069111_8;H;6000;0;0;7800;1200;2340
P205069111;P205069111_9;I;6600;1240;0;8400;2440;2340
P205069111;P205069111_10;J;7800;0;0;9600;1200;2340
P205069111;P205069111_11;K;8400;1240;0;10200;2440;2340
P205069111;P205069111_12;L;9600;0;0;11400;1200;2340
P205069111;P205069111_13;M;10200;1240;0;12000;2440;2340
P205069111;P205069111_14;N;11400;0;0;13200;1200;2340
P205069111;P205069111_15;O;12000;1240;0;13200;2440;2200
P205069107;P205069107_1;A;0;0;0;2000;1200;2875
P205069107;P205069107_2;B;0;1240;0;2000;2440;2875
P205069107;P205069107_3;C;2000;1240;0;4000;2440;2875
P205069107;P205069107_4;D;2000;0;0;4000;1200;2875
P205069107;P205069107_5;E;4000;0;0;6000;1200;2875
P205069107;P205069107_6;F;4000;1240;0;6000;2440;2875
P205069107;P205069107_7;G;6000;1240;0;8000;2440;2875
P205069107;P205069107_8;H;6000;0;0;8000;1200;2875
P205069107;P205069107_9;I;8000;0;0;9800;1200;2340
P205069107;P205069107_10;J;8000;1240;0;10400;2440;2460
P205069107;P205069107_11;K;9800;0;0;12200;1200;2460
P205069107;P205069107_12;L;10400;1240;0;12800;2440;2460
Q205069107_1;Q205069107_1_1;A;0;0;0;1200;2400;2460
Q205069107_1;Q205069107_1_2;B;1200;0;0;2400;2400;2460
Q205069107_1;Q205069107_1_3;C;2400;0;0;4400;1200;2875
Q205069107_1;Q205069107_1_4;D;2400;1240;0;4400;2440;2875
Q205069107_1;Q205069107_1_5;E;4400;1240;0;6400;2440;2875
Q205069107_1;Q205069107_1_6;F;4400;0;0;6400;1200;2875
Q205069107_1;Q205069107_1_7;G;6400;0;0;8400;1200;2875
Q205069107_1;Q205069107_1_8;H;6400;1240;0;8400;2440;2875
Q205069107_1;Q205069107_1_9;I;8400;1240;0;10400;2440;2875
Q205069107_1;Q205069107_1_10;J;8400;0;0;10800;1200;2460
Q205069107_1;Q205069107_1_11;K;10400;1240;0;12800;2440;2460
Q205069107_1;Q205069107_1_12;L;10800;0;0;13200;1200;2460
P205069007;P205069007_1;A;0;1240;0;1800;2440;2340
P205069007;P205069007_2;B;0;0;0;1800;1200;2340
P205069007;P205069007_3;C;1800;0;0;3600;1200;2340
P205069007;P205069007_4;D;1800;1240;0;3600;2440;2340
P205069007;P205069007_5;E;3600;0;0;4800;2400;1900
P205069007;P205069007_6;F;4800;0;0;6000;2400;2460
P205069007;P205069007_7;G;6000;0;0;7200;2400;1800
P205069007;P205069007_8;H;7200;0;0;9000;1200;2340
P205069007;P205069007_9;I;7200;1240;0;9000;2440;2340
P205069007;P205069007_10;J;9000;1240;0;10800;2440;2340
P205069007;P205069007_11;K;9000;0;0;11400;1200;1620
P205069007;P205069007_12;L;10800;1240;0;13200;2440;2460
P205069007;P205069007_13;M;11400;0;0;13200;1200;2340
P205069105;P205069105_1;A;0;0;0;1200;2400;2460
P205069105;P205069105_2;B;1200;0;0;2400;2400;1620
P205069105;P205069105_3;C;2400;0;0;3600;2400;1900
P205069105;P205069105_4;D;3600;0;0;4800;2400;2000
P205069105;P205069105_5;E;4800;0;0;6000;2400;2000
P205069105;P205069105_6;F;6000;0;0;7200;2400;2000
P205069105;P205069105_7;G;7200;0;0;8400;2400;1900
P205069105;P205069105_8;H;8400;0;0;9600;2400;1620
P205069105;P205069105_9;I;9600;0;0;10800;2400;2460
P205069105;P205069105_10;J;10800;0;0;12000;2400;2460
P205069105;P205069105_11;K;12000;0;0;13200;2400;2500
P205069005;P205069005_1;A;0;0;0;2200;1200;1760
P205069005;P205069005_2;B;0;1240;0;1800;2440;2340
P205069005;P205069005_3;C;1800;1240;0;3600;2440;2340
P205069005;P205069005_4;D;2200;0;0;4000;1200;2340
P205069005;P205069005_5;E;3600;1240;0;5400;2440;2340
P205069005;P205069005_6;F;4000;0;0;5800;1200;2340
P205069005;P205069005_7;G;5400;1240;0;7200;2440;2340
P205069005;P205069005_8;H;5800;0;0;7600;1200;2340
P205069005;P205069005_9;I;7200;1240;0;9000;2440;2340
P205069005;P205069005_10;J;7600;0;0;9400;1200;2340
P205069005;P205069005_11;K;9000;1240;0;10800;2440;2340
P205069005;P205069005_12;L;9400;0;0;11200;1200;2340
P205069005;P205069005_13;M;10800;1200;0;11600;1800;560
P205069005;P205069005_14;N;11200;0;0;13000;1200;2340
P205069005;P205069005_15;O;11600;1240;0;13400;2440;2340
Q205069005_1;Q205069005_1_1;A;0;0;0;1200;1200;2200
Q205069005_1;Q205069005_1_2;B;0;1240;0;1800;2440;2340
Q205069005_1;Q205069005_1_3;C;1200;0;0;3000;1200;2340
Q205069005_1;Q205069005_1_4;D;1800;1240;0;3600;2440;2340
Q205069005_1;Q205069005_1_5;E;3000;0;0;4800;1200;2340
Q205069005_1;Q205069005_1_6;F;3600;1240;0;5400;2440;2340
Q205069005_1;Q205069005_1_7;G;4800;0;0;6000;1200;2200
Q205069005_1;Q205069005_1_8;H;5400;1240;0;7200;2440;2340
Q205069005_1;Q205069005_1_9;I;6000;0;0;7800;1200;2340
Q205069005_1;Q205069005_1_10;J;7200;1240;0;9600;2440;1900
Q205069005_1;Q205069005_1_11;K;7800;0;0;10200;1200;2000
Q205069005_1;Q205069005_1_12;L;9600;1240;0;12000;2440;1620
Q205069005_1;Q205069005_1_13;M;10200;0;0;12000;1200;2340
Q205069005_1;Q205069005_1_14;N;12000;0;0;13200;2400;2460
P205069003;P205069003_1;A;0;0;0;2000;1200;2875
P205069003;P205069003_2;B;0;1240;0;2000;2440;2875
P205069003;P205069003_3;C;2000;1240;0;4000;2440;2875
P205069003;P205069003_4;D;2000;0;0;4000;1200;2875
P205069003;P205069003_5;E;4000;0;0;6000;1200;2875
P205069003;P205069003_6;F;4000;1240;0;6000;2440;2875
P205069003;P205069003_7;G;6000;1240;0;8000;2440;2875
P205069003;P205069003_8;H;6000;0;0;8000;1200;2875
P205069003;P205069003_9;I;8000;0;0;10000;1200;2875
P205069003;P205069003_10;J;8000;1240;0;10000;2440;2875
P205069003;P205069003_11;K;10000;1240;0;12000;2440;2875
P205069003;P205069003_12;L;10000;0;0;12000;1200;2875
P205069003;P205069003_13;M;12000;0;0;13200;2000;2875
Q205069003_1;Q205069003_1_1;A;0;0;0;2000;1200;2875
Q205069003_1;Q205069003_1_2;B;0;1240;0;2000;2440;2875
Q205069003_1;Q205069003_1_3;C;2000;1240;0;4000;2440;2875
Q205069003_1;Q205069003_1_4;D;2000;0;0;4000;1200;2875
Q205069003_1;Q205069003_1_5;E;4000;0;0;6000;1200;2875
Q205069003_1;Q205069003_1_6;F;4000;1240;0;6000;2440;2875
Q205069003_1;Q205069003_1_7;G;6000;1240;0;8000;2440;2875
Q205069003_1;Q205069003_1_8;H;6000;0;0;8000;1200;2875
Q205069003_1;Q205069003_1_9;I;8000;0;0;10000;1200;2875
Q205069003_1;Q205069003_1_10;J;8000;1240;0;10000;2440;2875
Q205069003_1;Q205069003_1_11;K;10000;1240;0;12000;2440;2875
Q205069003_1;Q205069003_1_12;L;10000;0;0;12400;1200;2460
P205069101;P205069101_1;A;0;0;0;1200;2400;2000
P205069101;P205069101_2;B;1200;0;0;2400;2400;2000
P205069101;P205069101_3;C;2400;0;0;3600;2400;2000
P205069101;P205069101_4;D;3600;0;0;4800;2400;2460
P205069101;P205069101_5;E;4800;0;0;6000;2400;2460
P205069101;P205069101_6;F;6000;0;0;7200;2400;1620
P205069101;P205069101_7;G;7200;0;0;8400;2400;1900
P205069101;P205069101_8;H;8400;0;0;9600;2400;2460
P205069101;P205069101_9;I;9600;0;0;10800;2400;2460
P205069101;P205069101_10;J;10800;0;0;12000;2400;2460
P205069101;P205069101_11;K;12000;0;0;13200;2400;2460
Q205069101_1;Q205069101_1_1;A;0;0;0;1200;2400;1620
Q205069101_1;Q205069101_1_2;B;1200;0;0;2400;2400;2000
Q205069101_1;Q205069101_1_3;C;2400;0;0;3600;2400;2460
Q205069101_1;Q205069101_1_4;D;3600;0;0;4800;2400;2460
Q205069101_1;Q205069101_1_5;E;4800;0;0;6000;2400;1900
Q205069101_1;Q205069101_1_6;F;6000;0;0;7200;2400;2460
Q205069101_1;Q205069101_1_7;G;7200;0;0;8400;2400;2460
Q205069101_1;Q205069101_1_8;H;8400;0;0;9600;2400;2460
Q205069101_1;Q205069101_1_9;I;9600;0;0;10800;2400;2460
Q205069101_1;Q205069101_1_10;J;10800;0;0;12000;2400;2460
Q205069101_1;Q205069101_1_11;K;12000;0;0;13200;2400;2460
Q205069101_2;Q205069101_2_1;A;0;0;0;1200;2400;1620
Q205069101_2;Q205069101_2_2;B;1200;0;0;2400;2400;1620
Q205069101_2;Q205069101_2_3;C;2400;0;0;3600;2400;2000
Q205069101_2;Q205069101_2_4;D;3600;0;0;4800;2400;2000
Q205069101_2;Q205069101_2_5;E;4800;0;0;6000;2400;2000
Q205069101_2;Q205069101_2_6;F;6000;0;0;7200;2400;2000
Q205069101_2;Q205069101_2_7;G;7200;0;0;8400;2400;1900
Q205069101_2;Q205069101_2_8;H;8400;0;0;9600;2400;2460
Q205069101_2;Q205069101_2_9;I;9600;0;0;10800;2400;2460
P172069131;P172069131_1;A;0;1240;0;2000;2440;2875
P172069131;P172069131_2;B;0;0;0;2000;1200;2875
P172069131;P172069131_3;C;2000;0;0;4000;1200;2875
P172069131;P172069131_4;D;2000;1240;0;4000;2440;2875
P172069131;P172069131_5;E;4000;1240;0;6000;2440;2875
P172069131;P172069131_6;F;4000;0;0;6000;1200;2875
P172069131;P172069131_7;G;6000;0;0;8000;1200;2875
P172069131;P172069131_8;H;6000;1240;0;8000;2440;2875
P172069131;P172069131_9;I;8000;1240;0;10000;2440;2875
P172069131;P172069131_10;J;8000;0;0;10000;1200;2875
P172069131;P172069131_11;K;10000;0;0;12000;1200;2875
P172069131;P172069131_12;L;10000;1240;0;12000;2440;2875
P172069131;P172069131_13;M;12000;0;0;13200;2000;1460
P172069127;P172069127_1;A;0;0;0;1800;1200;2340
P172069127;P172069127_2;B;0;1240;0;1800;2440;2340
P172069127;P172069127_3;C;1800;1240;0;3600;2440;2340
P172069127;P172069127_4;D;1800;0;0;3600;1200;2340
P172069127;P172069127_5;E;3600;0;0;5400;1200;2340
P172069127;P172069127_6;F;3600;1240;0;6000;2440;2500
P172069127;P172069127_7;G;5400;0;0;7200;1200;2340
P172069127;P172069127_8;H;6000;1240;0;7800;2440;2340
P172069127;P172069127_9;I;7200;0;0;9000;1200;2340
P172069127;P172069127_10;J;7800;1240;0;9800;2440;2875
P172069127;P172069127_11;K;9000;0;0;11400;1200;2460
P172069127;P172069127_12;L;9800;1240;0;12200;2440;2460
P172069127;P172069127_13;M;11400;0;0;13400;1200;2875
P172069127;P172069127_14;N;12200;1240;0;13400;2440;2200
P172069011;P172069011_1;A;0;0;0;1200;2400;2460
P172069011;P172069011_2;B;1200;1240;0;3000;2440;2340
P172069011;P172069011_3;C;1200;0;0;3000;1200;2340
P172069011;P172069011_4;D;3000;0;0;5000;1200;2250
P172069011;P172069011_5;E;3000;1240;0;5400;2440;2460
P172069011;P172069011_6;F;5000;0;0;7400;1200;2460
P172069011;P172069011_7;G;5400;1240;0;7800;2440;2460
P172069011;P172069011_8;H;7400;0;0;9800;1200;2460
P172069011;P172069011_9;I;7800;1240;0;10200;2440;2460
P172069011;P172069011_10;J;9800;0;0;12200;1200;2460
P172069011;P172069011_11;K;10200;1240;0;12200;2440;2875
P172069011;P172069011_12;L;12200;0;0;13400;2000;2875
P172069119;P172069119_1;A;0;0;0;2000;1200;2875
P172069119;P172069119_2;B;0;1240;0;2000;2440;2875
P172069119;P172069119_3;C;2000;1240;0;4000;2440;2875
P172069119;P172069119_4;D;2000;0;0;4000;1200;2875
P172069119;P172069119_5;E;4000;0;0;6000;1200;2875
P172069119;P172069119_6;F;4000;1240;0;6000;2440;2875
P172069119;P172069119_7;G;6000;1240;0;8000;2440;2875
P172069119;P172069119_8;H;6000;0;0;8000;1200;2875
P172069119;P172069119_9;I;8000;0;0;10000;1200;2875
P172069119;P172069119_10;J;8000;1240;0;10000;2440;2875
P172069119;P172069119_11;K;10000;1240;0;12000;2440;2875
P172069119;P172069119_12;L;10000;0;0;12000;1200;2875
P172069119;P172069119_13;M;12000;0;0;13200;2000;2875
P172069019;P172069019_1;A;0;0;0;1200;2400;1740
P172069019;P172069019_2;B;1200;0;0;2400;2400;1900
P172069019;P172069019_3;C;2400;0;0;3600;2400;1900
P172069019;P172069019_4;D;3600;0;0;4800;2400;1900
P172069019;P172069019_5;E;4800;0;0;6000;2400;1620
P172069019;P172069019_6;F;6000;0;0;7200;2400;2460
P172069019;P172069019_7;G;7200;0;0;8400;2400;2460
P172069019;P172069019_8;H;8400;0;0;9600;2400;2460
P172069019;P172069019_9;I;9600;0;0;10800;2400;2460
P172069019;P172069019_10;J;10800;0;0;12000;2400;2460
P172069019;P172069019_11;K;12000;0;0;13200;2400;2460
P172069115;P172069115_1;A;0;1240;0;1800;2440;2340
P172069115;P172069115_2;B;0;0;0;1800;1200;2340
P172069115;P172069115_3;C;1800;0;0;3600;1200;2340
P172069115;P172069115_4;D;1800;1240;0;3000;2440;2200
P172069115;P172069115_5;E;3000;1240;0;5400;2440;1900
P172069115;P172069115_6;F;3600;0;0;6000;1200;1900
P172069115;P172069115_7;G;5400;1240;0;7400;2440;2250
P172069115;P172069115_8;H;6000;0;0;7800;1200;2340
P172069115;P172069115_9;I;7400;1240;0;9200;2440;2340
P172069115;P172069115_10;J;7800;0;0;9600;1200;2340
P172069115;P172069115_11;K;9200;1240;0;11000;2440;2340
P172069115;P172069115_12;L;9600;0;0;10800;1200;2200
P172069115;P172069115_13;M;10800;0;0;13200;1200;1900
P172069115;P172069115_14;N;11000;1240;0;13400;2440;2460
P172069015;P172069015_1;A;0;0;0;1200;2400;2460
P172069015;P172069015_2;B;1200;0;0;2400;2400;2460
P172069015;P172069015_3;C;2400;0;0;3600;2400;2460
P172069015;P172069015_4;D;3600;0;0;4800;2400;2460
P172069015;P172069015_5;E;4800;0;0;6800;1200;2875
P172069015;P172069015_6;F;4800;1240;0;6800;2440;2875
P172069015;P172069015_7;G;6800;1240;0;8800;2440;2875
P172069015;P172069015_8;H;6800;0;0;8800;1200;2875
P172069015;P172069015_9;I;8800;0;0;10000;2400;2460
P172069015;P172069015_10;J;10000;0;0;11200;2400;2460
P172069015;P172069015_11;K;11200;0;0;12400;2400;2460
P172069013;P172069013_1;A;0;0;0;1200;2400;2460
P172069013;P172069013_2;B;1200;40;0;2400;2440;2460
P172069013;P172069013_3;C;2400;0;0;3600;2400;2460
P172069013;P172069013_4;D;3600;0;0;4800;2400;2000
P172069013;P172069013_5;E;4800;0;0;6000;2400;2000
P172069013;P172069013_6;F;6000;0;0;7200;2400;2000
P172069013;P172069013_7;G;7200;0;0;8400;2400;1620
P172069013;P172069013_8;H;8400;0;0;9600;2400;2000
P172069013;P172069013_9;I;9600;0;0;10800;2400;2000
P172069013;P172069013_10;J;10800;0;0;12000;2400;1620
P172069013;P172069013_11;K;12000;0;0;13200;2400;2000
P172069111;P172069111_1;A;0;0;0;1200;2400;1800
P172069111;P172069111_2;B;1200;1240;0;3400;2440;1760
P172069111;P172069111_3;C;1200;0;0;3000;1200;2340
P172069111;P172069111_4;D;3000;0;0;4800;1200;2340
P172069111;P172069111_5;E;3400;1240;0;5200;2440;2340
P172069111;P172069111_6;F;4800;0;0;6000;1200;2200
P172069111;P172069111_7;G;5200;1240;0;7000;2440;2340
P172069111;P172069111_8;H;6000;0;0;7800;1200;2340
P172069111;P172069111_9;I;7000;1240;0;8800;2440;2340
P172069111;P172069111_10;J;7800;0;0;9600;1200;2340
P172069111;P172069111_11;K;8800;1240;0;10000;2440;2200
P172069111;P172069111_12;L;9600;0;0;11400;1200;2340
P172069111;P172069111_13;M;10000;1240;0;12000;2440;2875
P172069111;P172069111_14;N;11400;0;0;13400;1200;2875
P172069111;P172069111_15;O;12000;1240;0;13200;2440;2200
P172069009;P172069009_1;A;0;0;0;1200;2400;2460
P172069009;P172069009_2;B;1200;0;0;2400;2400;2460
P172069009;P172069009_3;C;2400;0;0;3600;2400;2460
P172069009;P172069009_4;D;3600;0;0;4800;2400;2460
P172069009;P172069009_5;E;4800;0;0;6000;2400;2000
P172069009;P172069009_6;F;6000;0;0;7200;2400;2000
P172069009;P172069009_7;G;7200;0;0;8400;2400;2000
P172069009;P172069009_8;H;8400;0;0;9600;2400;1900
P172069009;P172069009_9;I;9600;0;0;10800;2400;1620
P172069009;P172069009_10;J;10800;0;0;12000;2400;2460
P172069009;P172069009_11;K;12000;0;0;13200;2400;2460
P172069107;P172069107_1;A;0;0;0;2000;1200;2875
P172069107;P172069107_2;B;0;1240;0;2000;2440;2875
P172069107;P172069107_3;C;2000;1240;0;4000;2440;2875
P172069107;P172069107_4;D;2000;0;0;4000;1200;2875
P172069107;P172069107_5;E;4000;0;0;6000;1200;2875
P172069107;P172069107_6;F;4000;1240;0;6000;2440;2875
P172069107;P172069107_7;G;6000;1240;0;8000;2440;2875
P172069107;P172069107_8;H;6000;0;0;8000;1200;2875
P172069107;P172069107_9;I;8000;0;0;10000;1200;2875
P172069107;P172069107_10;J;8000;1240;0;10000;2440;2875
P172069107;P172069107_11;K;10000;1240;0;12000;2440;2875
P172069107;P172069107_12;L;10000;0;0;12000;1200;2875
P172069107;P172069107_13;M;12000;0;0;13200;2000;2875
P172069105;P172069105_1;A;0;0;0;1200;2400;1900
P172069105;P172069105_2;B;1200;0;0;2400;2400;1900
P172069105;P172069105_3;C;2400;0;0;3600;2400;2460
P172069105;P172069105_4;D;3600;0;0;4800;2400;2460
P172069105;P172069105_5;E;4800;0;0;6000;2400;2460
P172069105;P172069105_6;F;6000;0;0;7200;2400;2000
P172069105;P172069105_7;G;7200;0;0;8400;2400;2000
P172069105;P172069105_8;H;8400;0;0;9600;2400;2460
P172069105;P172069105_9;I;9600;0;0;10800;2400;2460
P172069105;P172069105_10;J;10800;0;0;12000;2400;2460
P172069105;P172069105_11;K;12000;0;0;13200;2400;2000
P172069005;P172069005_1;A;0;0;0;1200;1200;2200
P172069005;P172069005_2;B;0;1240;0;1800;2440;2340
P172069005;P172069005_3;C;1200;0;0;3000;1200;2340
P172069005;P172069005_4;D;1800;1240;0;3600;2440;2340
P172069005;P172069005_5;E;3000;0;0;4800;1200;2340
P172069005;P172069005_6;F;3600;1240;0;5400;2440;2340
P172069005;P172069005_7;G;4800;0;0;6600;1200;2340
P172069005;P172069005_8;H;5400;1240;0;7200;2440;2340
P172069005;P172069005_9;I;6600;0;0;8400;1200;2340
P172069005;P172069005_10;J;7200;1240;0;9000;2440;2340
P172069005;P172069005_11;K;8400;0;0;10200;1200;2340
P172069005;P172069005_12;L;9000;1240;0;10800;2440;2340
P172069005;P172069005_13;M;10200;0;0;11400;1200;2200
P172069005;P172069005_14;N;10800;1240;0;13200;2440;2000
P172069005;P172069005_15;O;11400;0;0;13400;1200;2250
P172069003;P172069003_1;A;0;0;0;2000;1200;2875
P172069003;P172069003_2;B;0;1240;0;2000;2440;2875
P172069003;P172069003_3;C;2000;1240;0;4000;2440;2875
P172069003;P172069003_4;D;2000;0;0;4000;1200;2875
P172069003;P172069003_5;E;4000;0;0;6000;1200;2875
P172069003;P172069003_6;F;4000;1240;0;6000;2440;2875
P172069003;P172069003_7;G;6000;1240;0;8000;2440;2875
P172069003;P172069003_8;H;6000;0;0;8000;1200;2875
P172069003;P172069003_9;I;8000;0;0;10000;1200;2875
P172069003;P172069003_10;J;8000;1240;0;10400;2440;2460
P172069003;P172069003_11;K;10000;0;0;12400;1200;2460
P172069003;P172069003_12;L;10400;1240;0;12800;2440;2460
P172069101;P172069101_1;A;0;0;0;1200;2400;2000
P172069101;P172069101_2;B;1200;0;0;2400;2400;1900
P172069101;P172069101_3;C;2400;0;0;3600;2400;2460
P172069101;P172069101_4;D;3600;0;0;4800;2400;2460
P172069101;P172069101_5;E;4800;1240;0;6800;2440;2250
P172069101;P172069101_6;F;4800;0;0;7200;1200;2460
P172069101;P172069101_7;G;6800;1240;0;9200;2440;2460
P172069101;P172069101_8;H;7200;0;0;9600;1200;2460
P172069101;P172069101_9;I;9200;1240;0;11600;2440;1900
P172069101;P172069101_10;J;9600;0;0;12000;1200;2000
P172069101;P172069101_11;K;12000;40;0;13200;2440;2000
P172069001;P172069001_1;A;0;0;0;2000;1200;2875
P172069001;P172069001_2;B;0;1240;0;2000;2440;2875
P172069001;P172069001_3;C;2000;1240;0;4000;2440;2875
P172069001;P172069001_4;D;2000;0;0;4000;1200;2875
P172069001;P172069001_5;E;4000;0;0;6000;1200;2875
P172069001;P172069001_6;F;4000;1240;0;6000;2440;2875
P172069001;P172069001_7;G;6000;1240;0;8000;2440;2875
P172069001;P172069001_8;H;6000;0;0;8000;1200;2875
P172069001;P172069001_9;I;8000;0;0;10000;1200;2875
P172069001;P172069001_10;J;8000;1240;0;10000;2440;2875
P172069001;P172069001_11;K;10000;1240;0;12000;2440;2875
P172069001;P172069001_12;L;10000;0;0;12000;1200;2875
P172069001;P172069001_13;M;12000;0;0;13200;2000;2875
P172069025;P172069025_1;A;0;0;0;1200;2400;1620
P172069025;P172069025_2;B;1200;0;0;2400;2400;2460
P172069025;P172069025_3;C;2400;0;0;3600;2400;2460
P172069025;P172069025_4;D;3600;0;0;4800;2400;2460
P172069025;P172069025_5;E;4800;0;0;6000;2400;2460
P172069025;P172069025_6;F;6000;0;0;7200;2400;2460
P172069025;P172069025_7;G;7200;0;0;8400;2400;2460
P172069025;P172069025_8;H;8400;0;0;9600;2400;2460
P172069025;P172069025_9;I;9600;0;0;10800;2400;2000
P172069025;P172069025_10;J;10800;0;0;12000;2400;2000
P172069025;P172069025_11;K;12000;0;0;13200;2400;2000
P172069027;P172069027_1;A;0;0;0;1800;1200;2340
P172069027;P172069027_2;B;0;1240;0;1800;2440;2340
P172069027;P172069027_3;C;1800;1240;0;3600;2440;2340
P172069027;P172069027_4;D;1800;0;0;3600;1200;2340
P172069027;P172069027_5;E;3600;0;0;5400;1200;2340
P172069027;P172069027_6;F;3600;1240;0;5400;2440;2340
P172069027;P172069027_7;G;5400;1240;0;7200;2440;2340
P172069027;P172069027_8;H;5400;0;0;6600;1200;2200
P172069027;P172069027_9;I;6600;0;0;9000;1200;1900
P172069027;P172069027_10;J;7200;1240;0;9600;2440;1620
P172069027;P172069027_11;K;9000;0;0;11400;1200;2460
P172069027;P172069027_12;L;9600;1240;0;11400;2440;2340
P172069027;P172069027_13;M;11400;0;0;13200;1200;2340
P172069027;P172069027_14;N;11400;1240;0;13200;2440;2340
P171069131;P171069131_1;A;0;0;0;2000;1200;2875
P171069131;P171069131_2;B;0;1240;0;2000;2440;2875
P171069131;P171069131_3;C;2000;1240;0;4000;2440;2875
P171069131;P171069131_4;D;2000;0;0;4000;1200;2875
P171069131;P171069131_5;E;4000;0;0;6000;1200;2875
P171069131;P171069131_6;F;4000;1240;0;6000;2440;2875
P171069131;P171069131_7;G;6000;1240;0;8000;2440;2875
P171069131;P171069131_8;H;6000;0;0;8000;1200;2875
P171069131;P171069131_9;I;8000;0;0;10000;1200;2875
P171069131;P171069131_10;J;8000;1240;0;10000;2440;2875
P171069131;P171069131_11;K;10000;1240;0;12000;2440;2875
P171069131;P171069131_12;L;10000;0;0;12000;1200;2875
P171069131;P171069131_13;M;12000;0;0;13200;2000;2875
P171069127;P171069127_1;A;0;0;0;1200;1200;2200
P171069127;P171069127_2;B;0;1240;0;2400;2440;1900
P171069127;P171069127_3;C;1200;0;0;3600;1200;1620
P171069127;P171069127_4;D;2400;1240;0;4800;2440;2000
P171069127;P171069127_5;E;3600;0;0;6000;1200;1900
P171069127;P171069127_6;F;4800;1240;0;7200;2440;1620
P171069127;P171069127_7;G;6000;0;0;8400;1200;1900
P171069127;P171069127_8;H;7200;1240;0;9600;2440;1900
P171069127;P171069127_9;I;8400;0;0;10800;1200;1900
P171069127;P171069127_10;J;9600;1240;0;11400;2440;2340
P171069127;P171069127_11;K;10800;0;0;12600;1200;2340
P171069127;P171069127_12;L;11400;1240;0;13200;2440;2340
P171069127;P171069127_13;M;12600;0;0;13400;600;560
P171069031;P171069031_1;A;0;0;0;1200;2400;2000
P171069031;P171069031_2;B;1200;40;0;2400;2440;2000
P171069031;P171069031_3;C;2400;0;0;3600;2400;1900
P171069031;P171069031_4;D;3600;0;0;5400;1200;2340
P171069031;P171069031_5;E;3600;1240;0;6000;2440;2000
P171069031;P171069031_6;F;5400;0;0;7800;1200;1620
P171069031;P171069031_7;G;6000;1240;0;8400;2440;2460
P171069031;P171069031_8;H;7800;0;0;10200;1200;2000
P171069031;P171069031_9;I;8400;1240;0;10800;2440;2000
P171069031;P171069031_10;J;10200;0;0;12600;1200;2460
P171069031;P171069031_11;K;10800;1240;0;13200;2440;2460
P171069011;P171069011_1;A;0;0;0;2000;1200;2875
P171069011;P171069011_2;B;0;1240;0;2000;2440;2875
P171069011;P171069011_3;C;2000;1240;0;4000;2440;2875
P171069011;P171069011_4;D;2000;0;0;4000;1200;2875
P171069011;P171069011_5;E;4000;0;0;6000;1200;2875
P171069011;P171069011_6;F;4000;1240;0;6000;2440;2875
P171069011;P171069011_7;G;6000;1240;0;8000;2440;2875
P171069011;P171069011_8;H;6000;0;0;8000;1200;2875
P171069011;P171069011_9;I;8000;0;0;10000;1200;2875
P171069011;P171069011_10;J;8000;1240;0;10000;2440;2875
P171069011;P171069011_11;K;10000;1240;0;12000;2440;2875
P171069011;P171069011_12;L;10000;0;0;12000;1200;2875
P171069011;P171069011_13;M;12000;0;0;13200;2400;2460
P171069113;P171069113_1;A;0;0;0;1200;2400;2000
P171069113;P171069113_2;B;1200;0;0;2400;2400;1900
P171069113;P171069113_3;C;2400;0;0;3600;2400;1900
P171069113;P171069113_4;D;3600;0;0;4800;2400;1620
P171069113;P171069113_5;E;4800;0;0;6000;2400;1620
P171069113;P171069113_6;F;6000;0;0;7200;2400;2460
P171069113;P171069113_7;G;7200;0;0;8400;2400;2460
P171069113;P171069113_8;H;8400;0;0;9600;2400;2460
P171069113;P171069113_9;I;9600;0;0;10800;2400;2460
P171069113;P171069113_10;J;10800;0;0;12000;2400;2460
P171069113;P171069113_11;K;12000;0;0;13200;2400;2000
P171069021;P171069021_1;A;0;1240;0;1200;2440;2200
P171069021;P171069021_2;B;0;0;0;1200;1200;2200
P171069021;P171069021_3;C;1200;0;0;2400;1200;2200
P171069021;P171069021_4;D;1200;1240;0;2400;2440;2200
P171069021;P171069021_5;E;2400;1240;0;4200;2440;2340
P171069021;P171069021_6;F;2400;0;0;4200;1200;2340
P171069021;P171069021_7;G;4200;0;0;6000;1200;2340
P171069021;P171069021_8;H;4200;1240;0;6000;2440;2340
P171069021;P171069021_9;I;6000;1240;0;7800;2440;2340
P171069021;P171069021_10;J;6000;0;0;7800;1200;2340
P171069021;P171069021_11;K;7800;0;0;9600;1200;2340
P171069021;P171069021_12;L;7800;1240;0;9600;2440;2340
P171069021;P171069021_13;M;9600;1240;0;11400;2440;2340
P171069021;P171069021_14;N;9600;0;0;11400;1200;2340
P171069021;P171069021_15;O;11400;0;0;13200;1200;2340
P171069021;P171069021_16;P;11400;1240;0;13200;2440;2340
P171069119;P171069119_1;A;0;0;0;2000;1200;2875
P171069119;P171069119_2;B;0;1240;0;2000;2440;2875
P171069119;P171069119_3;C;2000;1240;0;4000;2440;2875
P171069119;P171069119_4;D;2000;0;0;4000;1200;2875
P171069119;P171069119_5;E;4000;0;0;6000;1200;2875
P171069119;P171069119_6;F;4000;1240;0;6000;2440;2875
P171069119;P171069119_7;G;6000;1240;0;8000;2440;2875
P171069119;P171069119_8;H;6000;0;0;8000;1200;2875
P171069119;P171069119_9;I;8000;0;0;10000;1200;2875
P171069119;P171069119_10;J;8000;1240;0;10000;2440;2875
P171069119;P171069119_11;K;10000;1240;0;12000;2440;2875
P171069119;P171069119_12;L;10000;0;0;12000;1200;2875
P171069119;P171069119_13;M;12000;0;0;13200;2000;2875
P171069019;P171069019_1;A;0;1240;0;2000;2440;2250
P171069019;P171069019_2;B;0;0;0;2000;1200;2250
P171069019;P171069019_3;C;2000;0;0;3800;1200;2340
P171069019;P171069019_4;D;2000;1240;0;4400;2440;1900
P171069019;P171069019_5;E;3800;0;0;6200;1200;2460
P171069019;P171069019_6;F;4400;1240;0;6800;2440;2000
P171069019;P171069019_7;G;6200;0;0;8600;1200;2460
P171069019;P171069019_8;H;6800;1240;0;9200;2440;2460
P171069019;P171069019_9;I;8600;0;0;11000;1200;1620
P171069019;P171069019_10;J;9200;1240;0;11600;2440;1900
P171069019;P171069019_11;K;11000;0;0;13400;1200;2460
P171069019;P171069019_12;L;11600;1240;0;13400;2440;2340
P171069115;P171069115_1;A;0;0;0;1200;1200;2200
P171069115;P171069115_2;B;0;1240;0;1800;2440;2340
P171069115;P171069115_3;C;1200;0;0;3000;1200;2340
P171069115;P171069115_4;D;1800;1240;0;3600;2440;2340
P171069115;P171069115_5;E;3000;0;0;4800;1200;2340
P171069115;P171069115_6;F;3600;1240;0;4800;2440;2200
P171069115;P171069115_7;G;4800;1240;0;6600;2440;2340
P171069115;P171069115_8;H;4800;0;0;6600;1200;2340
P171069115;P171069115_9;I;6600;0;0;8400;1200;2340
P171069115;P171069115_10;J;6600;1240;0;8400;2440;2340
P171069115;P171069115_11;K;8400;1240;0;10200;2440;2340
P171069115;P171069115_12;L;8400;0;0;10800;1200;1900
P171069115;P171069115_13;M;10200;1240;0;12000;2440;2340
P171069115;P171069115_14;N;10800;0;0;13200;1200;2460
P171069115;P171069115_15;O;12000;1240;0;13200;2440;2200
P171069017;P171069017_1;A;0;0;0;1200;2400;2460
P171069017;P171069017_2;B;1200;0;0;2400;2400;2000
P171069017;P171069017_3;C;2400;0;0;3600;2400;2000
P171069017;P171069017_4;D;3600;1240;0;4800;2440;2200
P171069017;P171069017_5;E;3600;0;0;6000;1200;2000
P171069017;P171069017_6;F;4800;1240;0;6600;2440;2340
P171069017;P171069017_7;G;6000;0;0;7800;1200;2340
P171069017;P171069017_8;H;6600;1240;0;8400;2440;2340
P171069017;P171069017_9;I;7800;0;0;9000;1200;2200
P171069017;P171069017_10;J;8400;1240;0;10800;2440;2000
P171069017;P171069017_11;K;9000;0;0;11400;1200;2460
P171069017;P171069017_12;L;10800;1240;0;13200;2440;2460
P171069017;P171069017_13;M;11400;0;0;13400;1200;2250
P171069015;P171069015_1;A;0;0;0;1200;2400;2460
P171069015;P171069015_2;B;1200;0;0;2400;2400;2460
P171069015;P171069015_3;C;2400;0;0;3600;2400;2460
P171069015;P171069015_4;D;3600;0;0;4800;2400;2460
P171069015;P171069015_5;E;4800;0;0;6000;2400;2460
P171069015;P171069015_6;F;6000;1240;0;8000;2440;2875
P171069015;P171069015_7;G;6000;0;0;8000;1200;2875
P171069015;P171069015_8;H;8000;0;0;10000;1200;2875
P171069015;P171069015_9;I;8000;1240;0;10000;2440;2875
P171069015;P171069015_10;J;10000;0;0;11200;2400;2460
P171069015;P171069015_11;K;11200;0;0;12400;2400;2460
P171069013;P171069013_1;A;0;0;0;1200;2400;1620
P171069013;P171069013_2;B;1200;0;0;2400;2400;1620
P171069013;P171069013_3;C;2400;0;0;3600;2400;2000
P171069013;P171069013_4;D;3600;0;0;4800;2400;1900
P171069013;P171069013_5;E;4800;0;0;6000;2400;2460
P171069013;P171069013_6;F;6000;0;0;7200;2400;2460
P171069013;P171069013_7;G;7200;0;0;8400;2400;1900
P171069013;P171069013_8;H;8400;0;0;9600;2400;2460
P171069013;P171069013_9;I;9600;0;0;10800;2400;2460
P171069013;P171069013_10;J;10800;0;0;12000;2400;2460
P171069013;P171069013_11;K;12000;0;0;13200;2400;2460
P171069111;P171069111_1;A;0;1240;0;2200;2440;1760
P171069111;P171069111_2;B;0;0;0;2400;1200;1800
P171069111;P171069111_3;C;2200;1240;0;4000;2440;2340
P171069111;P171069111_4;D;2400;0;0;4200;1200;2340
P171069111;P171069111_5;E;4000;1240;0;5800;2440;2340
P171069111;P171069111_6;F;4200;0;0;6000;1200;2340
P171069111;P171069111_7;G;5800;1240;0;7600;2440;2340
P171069111;P171069111_8;H;6000;0;0;7800;1200;2340
P171069111;P171069111_9;I;7600;1240;0;9400;2440;2340
P171069111;P171069111_10;J;7800;0;0;10200;1200;2460
P171069111;P171069111_11;K;9400;1240;0;11400;2440;2875
P171069111;P171069111_12;L;10200;0;0;12200;1200;2875
P171069111;P171069111_13;M;11400;1240;0;13400;2440;2875
P171069111;P171069111_14;N;12200;0;0;13400;1200;2200
P171069009;P171069009_1;A;0;0;0;2000;1200;2250
P171069009;P171069009_2;B;0;1240;0;2400;2440;2460
P171069009;P171069009_3;C;2000;0;0;4400;1200;2460
P171069009;P171069009_4;D;2400;1240;0;4800;2440;2000
P171069009;P171069009_5;E;4400;0;0;6800;1200;2000
P171069009;P171069009_6;F;4800;1240;0;7200;2440;1620
P171069009;P171069009_7;G;6800;0;0;9200;1200;1620
P171069009;P171069009_8;H;7200;1240;0;9600;2440;1900
P171069009;P171069009_9;I;9200;0;0;11600;1200;1900
P171069009;P171069009_10;J;9600;1240;0;12000;2440;2460
P171069009;P171069009_11;K;12000;0;0;13200;2400;2460
P171069107;P171069107_1;A;0;0;0;2000;1200;2875
P171069107;P171069107_2;B;0;1240;0;2000;2440;2875
P171069107;P171069107_3;C;2000;1240;0;4000;2440;2875
P171069107;P171069107_4;D;2000;0;0;4000;1200;2875
P171069107;P171069107_5;E;4000;0;0;6000;1200;2875
P171069107;P171069107_6;F;4000;1240;0;6000;2440;2875
P171069107;P171069107_7;G;6000;1240;0;8000;2440;2875
P171069107;P171069107_8;H;6000;0;0;8000;1200;2875
P171069107;P171069107_9;I;8000;0;0;10000;1200;2875
P171069107;P171069107_10;J;8000;1240;0;10000;2440;2875
P171069107;P171069107_11;K;10000;1240;0;12000;2440;2875
P171069107;P171069107_12;L;10000;0;0;12000;1200;2875
P171069107;P171069107_13;M;12000;0;0;13200;2000;2875
P171069007;P171069007_1;A;0;1240;0;1800;2440;2340
P171069007;P171069007_2;B;0;0;0;2400;1200;2000
P171069007;P171069007_3;C;1800;1240;0;3600;2440;2340
P171069007;P171069007_4;D;2400;0;0;4200;1200;2340
P171069007;P171069007_5;E;3600;1240;0;5400;2440;2340
P171069007;P171069007_6;F;4200;0;0;6000;1200;2340
P171069007;P171069007_7;G;5400;1240;0;7200;2440;2340
P171069007;P171069007_8;H;6000;0;0;7800;1200;2340
P171069007;P171069007_9;I;7200;1240;0;9000;2440;2340
P171069007;P171069007_10;J;7800;0;0;9600;1200;2340
P171069007;P171069007_11;K;9000;1240;0;10800;2440;2340
P171069007;P171069007_12;L;9600;0;0;11400;1200;2340
P171069007;P171069007_13;M;10800;1240;0;13200;2440;2460
P171069007;P171069007_14;N;11400;0;0;13200;1200;2340
P171069105;P171069105_1;A;0;0;0;1200;2400;2000
P171069105;P171069105_2;B;1200;0;0;2400;2400;2000
P171069105;P171069105_3;C;2400;0;0;3600;2400;2460
P171069105;P171069105_4;D;3600;0;0;4800;2400;2460
P171069105;P171069105_5;E;4800;0;0;6000;2400;2000
P171069105;P171069105_6;F;6000;0;0;7200;2400;2460
P171069105;P171069105_7;G;7200;0;0;8400;2400;1900
P171069105;P171069105_8;H;8400;0;0;9600;2400;2000
P171069105;P171069105_9;I;9600;0;0;10800;2400;2460
P171069105;P171069105_10;J;10800;0;0;12000;2400;2460
P171069105;P171069105_11;K;12000;0;0;13200;2400;2460
P171069005;P171069005_1;A;0;1240;0;1200;2440;2200
P171069005;P171069005_2;B;0;0;0;1200;1200;2200
P171069005;P171069005_3;C;1200;0;0;3000;1200;2340
P171069005;P171069005_4;D;1200;1240;0;3000;2440;2340
P171069005;P171069005_5;E;3000;1240;0;4800;2440;2340
P171069005;P171069005_6;F;3000;0;0;4800;1200;2340
P171069005;P171069005_7;G;4800;0;0;6600;1200;2340
P171069005;P171069005_8;H;4800;1240;0;6600;2440;2340
P171069005;P171069005_9;I;6600;0;0;7800;2400;1900
P171069005;P171069005_10;J;7800;0;0;9000;2400;1620
P171069005;P171069005_11;K;9000;1240;0;10800;2440;2340
P171069005;P171069005_12;L;9000;0;0;11400;1200;2460
P171069005;P171069005_13;M;10800;1240;0;13200;2440;2460
P171069005;P171069005_14;N;11400;0;0;13200;1200;2340
P171069003;P171069003_1;A;0;0;0;2000;1200;2875
P171069003;P171069003_2;B;0;1240;0;2000;2440;2875
P171069003;P171069003_3;C;2000;1240;0;4000;2440;2875
P171069003;P171069003_4;D;2000;0;0;4000;1200;2875
P171069003;P171069003_5;E;4000;0;0;6000;1200;2875
P171069003;P171069003_6;F;4000;1240;0;6000;2440;2875
P171069003;P171069003_7;G;6000;1240;0;8000;2440;2875
P171069003;P171069003_8;H;6000;0;0;8000;1200;2875
P171069003;P171069003_9;I;8000;0;0;10000;1200;2875
P171069003;P171069003_10;J;8000;1240;0;10000;2440;2875
P171069003;P171069003_11;K;10000;1240;0;12000;2440;2875
P171069003;P171069003_12;L;10000;0;0;12000;1200;2875
P171069003;P171069003_13;M;12000;0;0;13200;2000;2875
P171069101;P171069101_1;A;0;0;0;1200;2400;1900
P171069101;P171069101_2;B;1200;0;0;2400;2400;2000
P171069101;P171069101_3;C;2400;0;0;3600;2400;1620
P171069101;P171069101_4;D;3600;0;0;4800;2400;2460
P171069101;P171069101_5;E;4800;0;0;6000;2400;1900
P171069101;P171069101_6;F;6000;0;0;7200;2400;2460
P171069101;P171069101_7;G;7200;1240;0;9200;2440;2250
P171069101;P171069101_8;H;7200;0;0;9600;1200;2460
P171069101;P171069101_9;I;9200;1240;0;11600;2440;2460
P171069101;P171069101_10;J;9600;0;0;12000;1200;2460
P171069101;P171069101_11;K;12000;40;0;13200;2440;2460
P171069001;P171069001_1;A;0;0;0;2000;1200;2875
P171069001;P171069001_2;B;0;1240;0;2000;2440;2875
P171069001;P171069001_3;C;2000;1240;0;4000;2440;2875
P171069001;P171069001_4;D;2000;0;0;4000;1200;2875
P171069001;P171069001_5;E;4000;0;0;6000;1200;2875
P171069001;P171069001_6;F;4000;1240;0;6000;2440;2875
P171069001;P171069001_7;G;6000;1240;0;8000;2440;2875
P171069001;P171069001_8;H;6000;0;0;8000;1200;2875
P171069001;P171069001_9;I;8000;0;0;10000;1200;2875
P171069001;P171069001_10;J;8000;1240;0;10000;2440;2875
P171069001;P171069001_11;K;10000;0;0;11200;2400;2460
P171069001;P171069001_12;L;11200;0;0;12400;2400;2460
P171069025;P171069025_1;A;0;0;0;1200;2400;1620
P171069025;P171069025_2;B;1200;0;0;2400;2400;1620
P171069025;P171069025_3;C;2400;0;0;3600;2400;2000
P171069025;P171069025_4;D;3600;0;0;4800;2400;2000
P171069025;P171069025_5;E;4800;0;0;6000;2400;1900
P171069025;P171069025_6;F;6000;1240;0;8000;2440;2250
P171069025;P171069025_7;G;6000;0;0;8400;1200;2460
P171069025;P171069025_8;H;8000;1240;0;10400;2440;2460
P171069025;P171069025_9;I;8400;0;0;10800;1200;2460
P171069025;P171069025_10;J;10400;1240;0;12800;2440;2460
P171069025;P171069025_11;K;10800;0;0;13200;1200;2460
P171069027;P171069027_1;A;0;0;0;1200;1200;2200
P171069027;P171069027_2;B;0;1240;0;1800;2440;2340
P171069027;P171069027_3;C;1200;0;0;3000;1200;2340
P171069027;P171069027_4;D;1800;1240;0;3600;2440;2340
P171069027;P171069027_5;E;3000;0;0;4200;1200;2200
P171069027;P171069027_6;F;3600;1240;0;5400;2440;2340
P171069027;P171069027_7;G;4200;0;0;6600;1200;2460
P171069027;P171069027_8;H;5400;1240;0;7800;2440;1620
P171069027;P171069027_9;I;6600;0;0;9000;1200;2460
P171069027;P171069027_10;J;7800;1240;0;10200;2440;2460
P171069027;P171069027_11;K;9000;0;0;11400;1200;2460
P171069027;P171069027_12;L;10200;1240;0;12600;2440;2000
P171069027;P171069027_13;M;11400;0;0;13200;1200;2340
P170069131;P170069131_1;A;0;0;0;2000;1200;2875
P170069131;P170069131_2;B;0;1240;0;2000;2440;2875
P170069131;P170069131_3;C;2000;1240;0;4000;2440;2875
P170069131;P170069131_4;D;2000;0;0;4000;1200;2875
P170069131;P170069131_5;E;4000;0;0;6000;1200;2875
P170069131;P170069131_6;F;4000;1240;0;6000;2440;2875
P170069131;P170069131_7;G;6000;1240;0;8000;2440;2875
P170069131;P170069131_8;H;6000;0;0;8000;1200;2875
P170069131;P170069131_9;I;8000;0;0;10000;1200;2875
P170069131;P170069131_10;J;8000;1240;0;10000;2440;2875
P170069131;P170069131_11;K;10000;1240;0;12000;2440;2875
P170069131;P170069131_12;L;10000;0;0;12000;1200;2875
P170069131;P170069131_13;M;12000;0;0;13200;2000;2875
P170069031;P170069031_1;A;0;0;0;1200;2400;2500
P170069031;P170069031_2;B;1200;0;0;2400;2400;2500
P170069031;P170069031_3;C;2400;0;0;3600;2400;2000
P170069031;P170069031_4;D;3600;0;0;4800;2400;1620
P170069031;P170069031_5;E;4800;0;0;6000;2400;1900
P170069031;P170069031_6;F;6000;0;0;7200;2400;2000
P170069031;P170069031_7;G;7200;0;0;8400;2400;2460
P170069031;P170069031_8;H;8400;0;0;9600;2400;2500
P170069031;P170069031_9;I;9600;0;0;10800;2400;2000
P170069031;P170069031_10;J;10800;0;0;12000;2400;1620
P170069031;P170069031_11;K;12000;0;0;13200;2400;1900
P170069125;P170069125_1;A;0;0;0;1800;1200;2340
P170069125;P170069125_2;B;0;1240;0;1200;2440;2200
P170069125;P170069125_3;C;1200;1240;0;2400;2440;2200
P170069125;P170069125_4;D;1800;0;0;3000;1200;2200
P170069125;P170069125_5;E;2400;1240;0;4200;2440;2340
P170069125;P170069125_6;F;3000;0;0;4800;1200;2340
P170069125;P170069125_7;G;4200;1240;0;6000;2440;2340
P170069125;P170069125_8;H;4800;0;0;6600;1200;2340
P170069125;P170069125_9;I;6000;1240;0;7800;2440;2340
P170069125;P170069125_10;J;6600;0;0;8400;1200;2340
P170069125;P170069125_11;K;7800;1240;0;9600;2440;2340
P170069125;P170069125_12;L;8400;0;0;10200;1200;2340
P170069125;P170069125_13;M;9600;1240;0;11400;2440;2340
P170069125;P170069125_14;N;10200;0;0;12000;1200;2340
P170069125;P170069125_15;O;11400;1240;0;13200;2440;2340
P170069125;P170069125_16;P;12000;0;0;13200;1200;2200
P170069011;P170069011_1;A;0;0;0;2000;1200;2875
P170069011;P170069011_2;B;0;1240;0;2000;2440;2875
P170069011;P170069011_3;C;2000;1240;0;4000;2440;2875
P170069011;P170069011_4;D;2000;0;0;4000;1200;2875
P170069011;P170069011_5;E;4000;0;0;6000;1200;2875
P170069011;P170069011_6;F;4000;1240;0;6000;2440;2875
P170069011;P170069011_7;G;6000;1240;0;8000;2440;2875
P170069011;P170069011_8;H;6000;0;0;8000;1200;2875
P170069011;P170069011_9;I;8000;0;0;10000;1200;2875
P170069011;P170069011_10;J;8000;1240;0;10000;2440;2875
P170069011;P170069011_11;K;10000;1240;0;12000;2440;2875
P170069011;P170069011_12;L;10000;0;0;12000;1200;2875
P170069011;P170069011_13;M;12000;0;0;13200;2000;2875
P170069113;P170069113_1;A;0;0;0;1200;2400;2460
P170069113;P170069113_2;B;1200;0;0;2400;2400;2460
P170069113;P170069113_3;C;2400;0;0;3600;2400;2460
P170069113;P170069113_4;D;3600;0;0;4800;2400;2460
P170069113;P170069113_5;E;4800;0;0;6000;2400;1620
P170069113;P170069113_6;F;6000;0;0;7200;2400;2460
P170069113;P170069113_7;G;7200;0;0;8400;2400;2460
P170069113;P170069113_8;H;8400;0;0;9600;2400;2460
P170069113;P170069113_9;I;9600;0;0;10800;2400;2460
P170069113;P170069113_10;J;10800;0;0;12000;2400;2460
P170069113;P170069113_11;K;12000;0;0;13200;2400;2000
P170069123;P170069123_1;A;0;0;0;1800;1200;2340
P170069123;P170069123_2;B;0;1240;0;1800;2440;2340
P170069123;P170069123_3;C;1800;1240;0;3600;2440;2340
P170069123;P170069123_4;D;1800;0;0;3600;1200;2340
P170069123;P170069123_5;E;3600;0;0;5400;1200;2340
P170069123;P170069123_6;F;3600;1240;0;4800;2440;2200
P170069123;P170069123_7;G;4800;1240;0;6600;2440;2340
P170069123;P170069123_8;H;5400;0;0;7200;1200;2340
P170069123;P170069123_9;I;6600;1240;0;9000;2440;1900
P170069123;P170069123_10;J;7200;0;0;9000;1200;2340
P170069123;P170069123_11;K;9000;1240;0;10800;2440;2340
P170069123;P170069123_12;L;9000;0;0;10800;1200;2340
P170069123;P170069123_13;M;10800;0;0;12600;1200;2340
P170069123;P170069123_14;N;10800;1240;0;12600;2440;2340
P170069119;P170069119_1;A;0;0;0;2000;1200;2875
P170069119;P170069119_2;B;0;1240;0;2000;2440;2875
P170069119;P170069119_3;C;2000;1240;0;4000;2440;2875
P170069119;P170069119_4;D;2000;0;0;4000;1200;2875
P170069119;P170069119_5;E;4000;0;0;5200;2400;2460
P170069119;P170069119_6;F;5200;0;0;6400;2400;2460
P170069119;P170069119_7;G;6400;0;0;7600;2400;2460
P170069119;P170069119_8;H;7600;0;0;8800;2400;2460
P170069119;P170069119_9;I;8800;0;0;10800;1200;2250
P170069119;P170069119_10;J;8800;1240;0;11200;2440;2460
P170069119;P170069119_11;K;10800;0;0;13200;1200;2460
P170069119;P170069119_12;L;11200;1240;0;13200;2440;2250
P170069019;P170069019_1;A;0;0;0;1200;2400;1620
P170069019;P170069019_2;B;1200;0;0;2400;2400;1620
P170069019;P170069019_3;C;2400;0;0;3600;2400;2000
P170069019;P170069019_4;D;3600;0;0;4800;2400;2000
P170069019;P170069019_5;E;4800;0;0;6000;2400;2000
P170069019;P170069019_6;F;6000;0;0;7200;2400;1900
P170069019;P170069019_7;G;7200;0;0;8400;2400;2460
P170069019;P170069019_8;H;8400;0;0;9600;2400;1620
P170069019;P170069019_9;I;9600;0;0;10800;2400;2460
P170069019;P170069019_10;J;10800;1240;0;12600;2440;2340
P170069019;P170069019_11;K;10800;0;0;13200;1200;2460
P170069115;P170069115_1;A;0;0;0;1200;1200;2200
P170069115;P170069115_2;B;0;1240;0;1200;2440;2200
P170069115;P170069115_3;C;1200;1240;0;2400;2440;2200
P170069115;P170069115_4;D;1200;0;0;3000;1200;2340
P170069115;P170069115_5;E;2400;1240;0;4200;2440;2340
P170069115;P170069115_6;F;3000;0;0;4800;1200;2340
P170069115;P170069115_7;G;4200;1240;0;6000;2440;2340
P170069115;P170069115_8;H;4800;0;0;6600;1200;2340
P170069115;P170069115_9;I;6000;1200;0;6800;1800;560
P170069115;P170069115_10;J;6600;0;0;9000;1200;2460
P170069115;P170069115_11;K;6800;1240;0;9200;2440;2460
P170069115;P170069115_12;L;9000;0;0;11400;1200;1900
P170069115;P170069115_13;M;9200;1240;0;11600;2440;2500
P170069115;P170069115_14;N;11400;0;0;13200;1200;2340
P170069115;P170069115_15;O;11600;1240;0;13400;2440;2340
P170069117;P170069117_1;A;0;0;0;1200;2400;2000
P170069117;P170069117_2;B;1200;0;0;2400;2400;2000
P170069117;P170069117_3;C;2400;0;0;3600;2400;1620
P170069117;P170069117_4;D;3600;0;0;4800;2400;2460
P170069117;P170069117_5;E;4800;0;0;6000;2400;2000
P170069117;P170069117_6;F;6000;0;0;7200;2400;1900
P170069117;P170069117_7;G;7200;0;0;8400;2400;2460
P170069117;P170069117_8;H;8400;0;0;9600;2400;2460
P170069017;P170069017_1;A;0;0;0;1200;2400;1800
P170069017;P170069017_2;B;1200;1240;0;3400;2440;1760
P170069017;P170069017_3;C;1200;0;0;3000;1200;2340
P170069017;P170069017_4;D;3000;0;0;4200;1200;2200
P170069017;P170069017_5;E;3400;1240;0;5200;2440;2340
P170069017;P170069017_6;F;4200;0;0;6000;1200;2340
P170069017;P170069017_7;G;5200;1240;0;7000;2440;2340
P170069017;P170069017_8;H;6000;0;0;8400;1200;2460
P170069017;P170069017_9;I;7000;1240;0;9400;2440;2460
P170069017;P170069017_10;J;8400;0;0;10200;1200;2340
P170069017;P170069017_11;K;9400;1240;0;11600;2440;1760
P170069017;P170069017_12;L;10200;0;0;12000;1200;2340
P170069017;P170069017_13;M;11600;1240;0;13400;2440;2340
P170069017;P170069017_14;N;12000;0;0;13200;1200;2200
P170069015;P170069015_1;A;0;0;0;2000;1200;2875
P170069015;P170069015_2;B;0;1240;0;2000;2440;2875
P170069015;P170069015_3;C;2000;1240;0;4000;2440;2875
P170069015;P170069015_4;D;2000;0;0;4000;1200;2875
P170069015;P170069015_5;E;4000;0;0;6000;1200;2875
P170069015;P170069015_6;F;4000;1240;0;6000;2440;2875
P170069015;P170069015_7;G;6000;1240;0;8000;2440;2875
P170069015;P170069015_8;H;6000;0;0;8000;1200;2875
P170069015;P170069015_9;I;8000;0;0;10000;1200;2875
P170069015;P170069015_10;J;8000;1240;0;10000;2440;2875
P170069015;P170069015_11;K;10000;1240;0;12000;2440;2875
P170069015;P170069015_12;L;10000;0;0;12000;1200;2875
P170069015;P170069015_13;M;12000;0;0;13200;2000;2875
P170069013;P170069013_1;A;0;0;0;1200;2400;1620
P170069013;P170069013_2;B;1200;0;0;2400;2400;2460
P170069013;P170069013_3;C;2400;0;0;3600;2400;2460
P170069013;P170069013_4;D;3600;0;0;4800;2400;2460
P170069013;P170069013_5;E;4800;0;0;6000;2400;2460
P170069013;P170069013_6;F;6000;0;0;7200;2400;2460
P170069013;P170069013_7;G;7200;0;0;8400;2400;2460
P170069013;P170069013_8;H;8400;0;0;9600;2400;2460
P170069013;P170069013_9;I;9600;0;0;10800;2400;2460
P170069013;P170069013_10;J;10800;0;0;12000;2400;2460
P170069013;P170069013_11;K;12000;0;0;13200;2400;2000
P170069111;P170069111_1;A;0;0;0;2000;1200;2875
P170069111;P170069111_2;B;0;1240;0;2000;2440;2875
P170069111;P170069111_3;C;2000;1240;0;4000;2440;2875
P170069111;P170069111_4;D;2000;0;0;4000;1200;2875
P170069111;P170069111_5;E;4000;0;0;6000;1200;2875
P170069111;P170069111_6;F;4000;1240;0;6400;2440;1800
P170069111;P170069111_7;G;6000;0;0;8000;1200;2875
P170069111;P170069111_8;H;6400;1240;0;8400;2440;2875
P170069111;P170069111_9;I;8000;0;0;10000;1200;2875
P170069111;P170069111_10;J;8400;1240;0;10400;2440;2875
P170069111;P170069111_11;K;10000;0;0;12000;1200;2875
P170069111;P170069111_12;L;10400;1240;0;12400;2440;2875
P170069111;P170069111_13;M;12000;0;0;13200;1200;2200
Q170069111_1;Q170069111_1_1;A;0;0;0;2000;1200;2875
Q170069111_1;Q170069111_1_2;B;0;1240;0;2000;2440;2875
Q170069111_1;Q170069111_1_3;C;2000;1240;0;4000;2440;2875
Q170069111_1;Q170069111_1_4;D;2000;0;0;4000;1200;2875
Q170069111_1;Q170069111_1_5;E;4000;0;0;6000;1200;2875
Q170069111_1;Q170069111_1_6;F;4000;1240;0;6000;2440;2875
Q170069111_1;Q170069111_1_7;G;6000;1240;0;8000;2440;2875
Q170069111_1;Q170069111_1_8;H;6000;0;0;8000;1200;2875
Q170069111_1;Q170069111_1_9;I;8000;0;0;10000;1200;2875
Q170069111_1;Q170069111_1_10;J;8000;1240;0;10000;2440;2875
Q170069111_1;Q170069111_1_11;K;10000;1240;0;12000;2440;2875
Q170069111_1;Q170069111_1_12;L;10000;0;0;12000;1200;2875
Q170069111_1;Q170069111_1_13;M;12000;0;0;13200;2400;2000
P170069009;P170069009_1;A;0;0;0;1200;2400;1620
P170069009;P170069009_2;B;1200;0;0;2400;2400;1620
P170069009;P170069009_3;C;2400;0;0;3600;2400;1900
P170069009;P170069009_4;D;3600;0;0;4800;2400;1900
P170069009;P170069009_5;E;4800;1240;0;6600;2440;2340
P170069009;P170069009_6;F;4800;0;0;7200;1200;2000
P170069009;P170069009_7;G;6600;1240;0;9000;2440;2460
P170069009;P170069009_8;H;7200;0;0;9600;1200;2460
P170069009;P170069009_9;I;9000;1240;0;11400;2440;2460
P170069009;P170069009_10;J;9600;0;0;12000;1200;2000
P170069009;P170069009_11;K;11400;1240;0;13400;2440;2250
P170069107;P170069107_1;A;0;0;0;2000;1200;2875
P170069107;P170069107_2;B;0;1240;0;2000;2440;2875
P170069107;P170069107_3;C;2000;1240;0;4000;2440;2875
P170069107;P170069107_4;D;2000;0;0;4000;1200;2875
P170069107;P170069107_5;E;4000;0;0;6000;1200;2875
P170069107;P170069107_6;F;4000;1240;0;6000;2440;2875
P170069107;P170069107_7;G;6000;1240;0;8000;2440;2875
P170069107;P170069107_8;H;6000;0;0;8000;1200;2875
P170069107;P170069107_9;I;8000;0;0;9200;2400;2460
P170069107;P170069107_10;J;9200;0;0;10400;2400;2460
P170069107;P170069107_11;K;10400;0;0;11600;2400;2460
P170069107;P170069107_12;L;11600;0;0;12800;2400;2460
P170069007;P170069007_1;A;0;1240;0;1800;2440;2340
P170069007;P170069007_2;B;0;0;0;1800;1200;2340
P170069007;P170069007_3;C;1800;0;0;3600;1200;2340
P170069007;P170069007_4;D;1800;1240;0;3600;2440;2340
P170069007;P170069007_5;E;3600;1240;0;5400;2440;2340
P170069007;P170069007_6;F;3600;0;0;5400;1200;2340
P170069007;P170069007_7;G;5400;0;0;7200;1200;2340
P170069007;P170069007_8;H;5400;1240;0;7200;2440;2340
P170069007;P170069007_9;I;7200;1240;0;8400;2440;2200
P170069007;P170069007_10;J;7200;0;0;9000;1200;2340
P170069007;P170069007_11;K;8400;1240;0;10200;2440;2340
P170069007;P170069007_12;L;9000;0;0;10800;1200;2340
P170069007;P170069007_13;M;10200;1240;0;12000;2440;2340
P170069007;P170069007_14;N;10800;0;0;12600;1200;2340
P170069007;P170069007_15;O;12000;1240;0;13200;2440;2200
P170069105;P170069105_1;A;0;0;0;1200;2400;1620
P170069105;P170069105_2;B;1200;0;0;2400;2400;2000
P170069105;P170069105_3;C;2400;0;0;3600;2400;1900
P170069105;P170069105_4;D;3600;0;0;4800;2400;2460
P170069105;P170069105_5;E;4800;0;0;6800;1200;2250
P170069105;P170069105_6;F;4800;1240;0;7200;2440;1620
P170069105;P170069105_7;G;6800;0;0;9200;1200;2460
P170069105;P170069105_8;H;7200;1240;0;9600;2440;2460
P170069105;P170069105_9;I;9200;0;0;11600;1200;2460
P170069105;P170069105_10;J;9600;1240;0;12000;2440;2460
P170069105;P170069105_11;K;12000;0;0;13200;2400;2000
P170069005;P170069005_1;A;0;0;0;1800;1200;2340
P170069005;P170069005_2;B;0;1240;0;1800;2440;2340
P170069005;P170069005_3;C;1800;1240;0;3600;2440;2340
P170069005;P170069005_4;D;1800;0;0;3600;1200;2340
P170069005;P170069005_5;E;3600;0;0;5400;1200;2340
P170069005;P170069005_6;F;3600;1240;0;5400;2440;2340
P170069005;P170069005_7;G;5400;1240;0;7200;2440;2340
P170069005;P170069005_8;H;5400;0;0;7200;1200;2340
P170069005;P170069005_9;I;7200;0;0;8400;1200;2200
P170069005;P170069005_10;J;7200;1240;0;8400;2440;2200
P170069005;P170069005_11;K;8400;1240;0;10200;2440;2340
P170069005;P170069005_12;L;8400;0;0;10200;1200;2340
P170069005;P170069005_13;M;10200;0;0;12000;1200;2340
P170069005;P170069005_14;N;10200;1240;0;12000;2440;2340
P170069005;P170069005_15;O;12000;0;0;13200;1800;2340
Q170069005_1;Q170069005_1_1;A;0;0;0;1800;1200;2340
Q170069005_1;Q170069005_1_2;B;0;1240;0;2400;2440;2000
Q170069005_1;Q170069005_1_3;C;1800;0;0;4200;1200;2460
P170069003;P170069003_1;A;0;0;0;2000;1200;2875
P170069003;P170069003_2;B;0;1240;0;2000;2440;2875
P170069003;P170069003_3;C;2000;1240;0;4000;2440;2875
P170069003;P170069003_4;D;2000;0;0;4000;1200;2875
P170069003;P170069003_5;E;4000;0;0;6000;1200;2875
P170069003;P170069003_6;F;4000;1240;0;6000;2440;2875
P170069003;P170069003_7;G;6000;1240;0;8000;2440;2875
P170069003;P170069003_8;H;6000;0;0;8000;1200;2875
P170069003;P170069003_9;I;8000;0;0;10000;1200;2875
P170069003;P170069003_10;J;8000;1240;0;10000;2440;2875
P170069003;P170069003_11;K;10000;1240;0;12000;2440;2875
P170069003;P170069003_12;L;10000;0;0;12000;1200;2875
P170069003;P170069003_13;M;12000;0;0;13200;2000;2875
Q170069003_1;Q170069003_1_1;A;0;0;0;2000;1200;2875
Q170069003_1;Q170069003_1_2;B;0;1240;0;2000;2440;2875
Q170069003_1;Q170069003_1_3;C;2000;1240;0;4000;2440;2875
Q170069003_1;Q170069003_1_4;D;2000;0;0;4000;1200;2875
Q170069003_1;Q170069003_1_5;E;4000;0;0;6000;1200;2875
Q170069003_1;Q170069003_1_6;F;4000;1240;0;6000;2440;2875
Q170069003_1;Q170069003_1_7;G;6000;1240;0;8000;2440;2875
Q170069003_1;Q170069003_1_8;H;6000;0;0;8000;1200;2875
Q170069003_1;Q170069003_1_9;I;8000;0;0;10000;1200;2875
Q170069003_1;Q170069003_1_10;J;8000;1240;0;10000;2440;2875
Q170069003_1;Q170069003_1_11;K;10000;1240;0;12000;2440;2875
Q170069003_1;Q170069003_1_12;L;10000;0;0;12000;1200;2875
Q170069003_1;Q170069003_1_13;M;12000;0;0;13200;2000;2875
Q170069003_2;Q170069003_2_1;A;0;0;0;2000;1200;1460
Q170069003_2;Q170069003_2_2;B;0;1240;0;1800;2440;2340
Q170069003_2;Q170069003_2_3;C;1800;1240;0;4200;2440;2460
Q170069003_2;Q170069003_2_4;D;2000;0;0;4400;1200;2460
Q170069003_2;Q170069003_2_5;E;4200;1240;0;6600;2440;2460
Q170069003_2;Q170069003_2_6;F;4400;0;0;6800;1200;2460
P170069101;P170069101_1;A;0;0;0;1200;2400;1620
P170069101;P170069101_2;B;1200;0;0;2400;2400;1900
P170069101;P170069101_3;C;2400;0;0;3600;2400;2000
P170069101;P170069101_4;D;3600;0;0;4800;2400;2000
P170069101;P170069101_5;E;4800;0;0;6000;2400;2460
P170069101;P170069101_6;F;6000;0;0;7200;2400;2460
P170069101;P170069101_7;G;7200;0;0;8400;2400;2460
P170069101;P170069101_8;H;8400;0;0;9600;2400;2500
P170069101;P170069101_9;I;9600;0;0;10800;2400;1620
P170069101;P170069101_10;J;10800;0;0;12000;2400;1900
P170069101;P170069101_11;K;12000;0;0;13200;2400;2460
Q170069101_1;Q170069101_1_1;A;0;0;0;1200;2400;1620
Q170069101_1;Q170069101_1_2;B;1200;0;0;2400;2400;1620
Q170069101_1;Q170069101_1_3;C;2400;0;0;3600;2400;2000
Q170069101_1;Q170069101_1_4;D;3600;0;0;4800;2400;2000
Q170069101_1;Q170069101_1_5;E;4800;0;0;6000;2400;2000
Q170069101_1;Q170069101_1_6;F;6000;0;0;7200;2400;1900
Q170069101_1;Q170069101_1_7;G;7200;0;0;8400;2400;1900
Q170069101_1;Q170069101_1_8;H;8400;0;0;9600;2400;2460
Q170069101_1;Q170069101_1_9;I;9600;0;0;10800;2400;2460
Q170069101_1;Q170069101_1_10;J;10800;0;0;12000;2400;2460
Q170069101_1;Q170069101_1_11;K;12000;0;0;13200;2400;2460
P203065811;P203065811_1;A;0;0;0;2100;2400;2935
P203065811;P203065811_2;B;2100;40;0;4200;2440;2935
P203065811;P203065811_3;C;4200;1240;0;5200;2440;2835
P203065811;P203065811_4;D;4200;0;0;5200;1200;2835
P203065811;P203065811_5;E;5200;0;0;7300;2400;2935
P203065811;P203065811_6;F;7300;0;0;9400;2400;2935
P203065811;P203065811_7;G;9400;0;0;11500;2400;2935
P203065811;P203065811_8;H;11500;1240;0;13100;2440;2865
P203065811;P203065811_9;I;11500;0;0;13100;1200;2865
P202065825;P202065825_1;A;0;0;0;1600;1200;2865
P202065825;P202065825_2;B;0;1200;0;1600;2400;2865
P202065825;P202065825_3;C;1600;1240;0;3200;2440;2865
P202065825;P202065825_4;D;1600;0;0;2607;1209;2925
P202065825;P202065825_5;E;2607;0;0;4207;1200;2865
P202065825;P202065825_6;F;3200;1240;0;4800;2440;2865
P202065825;P202065825_7;G;4207;0;0;5807;1200;2865
P202065825;P202065825_8;H;4800;1231;0;5807;2440;2925
P202065825;P202065825_9;I;5807;0;0;7907;2400;2935
P202065825;P202065825_10;J;7907;0;0;10007;2400;2935
P202065825;P202065825_11;K;10007;0;0;12107;2400;2935
P202065825;P202065825_12;L;12107;0;0;13307;1000;2865
P202065825;P202065825_13;M;12107;1440;0;13307;2440;2835
P202065823;P202065823_1;A;0;40;0;2100;2440;2935
P202065823;P202065823_2;B;2100;0;0;4200;2400;2935
P202065823;P202065823_3;C;4200;40;0;6300;2440;2935
P202065823;P202065823_4;D;6300;0;0;8400;2400;2935
P202065823;P202065823_5;E;8400;40;0;10500;2440;2935
P202065823;P202065823_6;F;10500;0;0;12600;2400;2935
P202065817;P202065817_1;A;0;1231;0;1007;2440;2925
P202065817;P202065817_2;B;0;0;0;1000;1200;2610
P202065817;P202065817_3;C;1000;0;0;2007;1209;2925
P202065817;P202065817_4;D;1007;1240;0;2007;2440;2610
P202065817;P202065817_5;E;2007;0;0;4107;2400;2935
P202065817;P202065817_6;F;4107;0;0;6207;2400;2935
P202065817;P202065817_7;G;6207;0;0;8307;2400;2935
P202065817;P202065817_8;H;8307;0;0;10407;2400;2935
P202065817;P202065817_9;I;10407;0;0;12007;1200;2865
P202065817;P202065817_10;J;10407;1231;0;11414;2440;2925
P202065817;P202065817_11;K;11414;1240;0;12414;2440;2610
P202065817;P202065817_12;L;12007;0;0;13014;1209;2925
P202065817;P202065817_13;M;12414;1240;0;13414;2440;2835
P202065815;P202065815_1;A;0;0;0;2100;2400;2935
P202065815;P202065815_2;B;2100;1240;0;3700;2440;2865
P202065815;P202065815_3;C;2100;0;0;3700;1200;2865
P202065815;P202065815_4;D;3700;0;0;5800;2400;2935
P202065815;P202065815_5;E;5800;0;0;7900;2400;2935
P202065815;P202065815_6;F;7900;0;0;10000;2400;2935
P202065815;P202065815_7;G;10000;0;0;12100;2400;2935
P202065815;P202065815_8;H;12100;0;0;13300;1600;2865
Q202065815_1;Q202065815_1_1;A;0;0;0;2100;2400;2935
Q202065815_1;Q202065815_1_2;B;2100;40;0;4200;2440;2935
Q202065815_1;Q202065815_1_3;C;4200;1240;0;5200;2440;2610
Q202065815_1;Q202065815_1_4;D;4200;0;0;5200;1200;2610
Q202065815_1;Q202065815_1_5;E;5200;0;0;7300;2400;2935
Q202065815_1;Q202065815_1_6;F;7300;0;0;9400;2400;2935
Q202065815_1;Q202065815_1_7;G;9400;0;0;11000;1200;2865
Q202065815_1;Q202065815_1_8;H;9400;1240;0;11000;2440;2865
Q202065815_1;Q202065815_1_9;I;11000;0;0;13100;2400;2935
P202065821;P202065821_1;A;0;1240;0;1000;2440;2865
P202065821;P202065821_2;B;0;0;0;1000;1200;2865
P202065821;P202065821_3;C;1000;0;0;2600;1200;2865
P202065821;P202065821_4;D;1000;1240;0;2600;2440;2865
P202065821;P202065821_5;E;2600;1240;0;3600;2440;2865
P202065821;P202065821_6;F;2600;0;0;4200;1200;2865
P202065821;P202065821_7;G;3600;1240;0;5200;2440;2865
P202065821;P202065821_8;H;4200;0;0;5800;1200;2865
P202065821;P202065821_9;I;5200;1240;0;6800;2440;2865
P202065821;P202065821_10;J;5800;0;0;7400;1200;2865
P202065821;P202065821_11;K;6800;1240;0;8400;2440;2865
P202065821;P202065821_12;L;7400;0;0;9000;1200;2865
P202065821;P202065821_13;M;8400;1240;0;10000;2440;2865
P202065821;P202065821_14;N;9000;0;0;10600;1200;2865
P202065821;P202065821_15;O;10000;1240;0;11600;2440;2865
P202065821;P202065821_16;P;10600;0;0;12200;1200;2865
P202065821;P202065821_17;Q;11600;1240;0;13200;2440;2865
P202065821;P202065821_18;R;12200;0;0;13200;1200;2865
P202065813;P202065813_1;A;0;0;0;2100;2400;2935
P202065813;P202065813_2;B;2100;1240;0;3100;2440;2835
P202065813;P202065813_3;C;2100;0;0;3107;1209;2925
P202065813;P202065813_4;D;3100;1231;0;4107;2440;2925
P202065813;P202065813_5;E;3107;0;0;4107;1200;2835
P202065813;P202065813_6;F;4107;0;0;6207;2400;2935
P202065813;P202065813_7;G;6207;0;0;8307;2400;2935
P202065813;P202065813_8;H;8307;0;0;10407;2400;2935
P202065813;P202065813_9;I;10407;0;0;12507;2400;2935
P202065807;P202065807_1;A;0;0;0;1600;1200;2865
P202065807;P202065807_2;B;0;1240;0;1000;2440;2385
P202065807;P202065807_3;C;1000;1240;0;2600;2440;2865
P202065807;P202065807_4;D;1600;0;0;2600;1200;2835
P202065807;P202065807_5;E;2600;0;0;4700;2400;2935
P202065807;P202065807_6;F;4700;0;0;6800;2400;2935
P202065807;P202065807_7;G;6800;0;0;8900;2400;2935
P202065807;P202065807_8;H;8900;0;0;11000;2400;2935
P202065807;P202065807_9;I;11000;0;0;13100;2400;2935
P202065801;P202065801_1;A;0;0;0;1007;1209;2925
P202065801;P202065801_2;B;0;1240;0;1000;2440;2610
P202065801;P202065801_3;C;1000;1240;0;2600;2440;2865
P202065801;P202065801_4;D;1007;0;0;2607;1200;2865
P202065801;P202065801_5;E;2600;1231;0;3607;2440;2925
P202065801;P202065801_6;F;2607;0;0;3607;1200;2610
P202065801;P202065801_7;G;3607;0;0;5707;2400;2935
P202065801;P202065801_8;H;5707;0;0;7807;2400;2935
P202065801;P202065801_9;I;7807;0;0;9907;2400;2935
P202065801;P202065801_10;J;9907;0;0;11507;1200;2865
P202065801;P202065801_11;K;9907;1240;0;11507;2440;2865
P202065801;P202065801_12;L;11507;1240;0;13107;2440;2865
P202065801;P202065801_13;M;11507;0;0;13107;1200;2865
P202065811;P202065811_1;A;0;0;0;2100;2400;2935
P202065811;P202065811_2;B;2100;0;0;4200;2400;2935
P202065811;P202065811_3;C;4200;0;0;6300;2400;2935
P202065811;P202065811_4;D;6300;1231;0;7307;2440;2925
P202065811;P202065811_5;E;6300;0;0;7307;1209;2925
P202065811;P202065811_6;F;7307;0;0;9407;2400;2935
P202065811;P202065811_7;G;9407;0;0;11507;2400;2935
P202065811;P202065811_8;H;11507;0;0;13107;1200;2865
P202065811;P202065811_9;I;11507;1240;0;13107;2440;2865
P201065825;P201065825_1;A;0;40;0;2100;2440;2935
P201065825;P201065825_2;B;2100;0;0;4200;2400;2935
P201065825;P201065825_3;C;4200;40;0;6300;2440;2935
P201065825;P201065825_4;D;6300;0;0;8400;2400;2935
P201065825;P201065825_5;E;8400;0;0;10500;2400;2935
P201065825;P201065825_6;F;10500;1240;0;12100;2440;2865
P201065825;P201065825_7;G;10500;0;0;11500;1200;2835
P201065825;P201065825_8;H;11500;0;0;12500;1200;2610
P201065825;P201065825_9;I;12100;1231;0;13107;2440;2925
P201065825;P201065825_10;J;12500;0;0;13500;1200;2835
P201065823;P201065823_1;A;0;1240;0;1000;2440;2610
P201065823;P201065823_2;B;0;0;0;1600;1200;2865
P201065823;P201065823_3;C;1000;1240;0;2600;2440;2865
P201065823;P201065823_4;D;1600;0;0;2600;1200;2610
P201065823;P201065823_5;E;2600;0;0;4700;2400;2935
P201065823;P201065823_6;F;4700;0;0;6800;2400;2935
P201065823;P201065823_7;G;6800;0;0;8900;2400;2935
P201065823;P201065823_8;H;8900;0;0;11000;2400;2935
P201065823;P201065823_9;I;11000;0;0;13100;2400;2935
P201065817;P201065817_1;A;0;0;0;1007;1209;2925
P201065817;P201065817_2;B;0;1240;0;1000;2440;2610
P201065817;P201065817_3;C;1000;1231;0;2007;2440;2925
P201065817;P201065817_4;D;1007;0;0;2007;1200;2610
P201065817;P201065817_5;E;2007;0;0;4107;2400;2935
P201065817;P201065817_6;F;4107;0;0;6207;2400;2935
P201065817;P201065817_7;G;6207;0;0;8307;2400;2935
P201065817;P201065817_8;H;8307;0;0;10407;2400;2935
P201065817;P201065817_9;I;10407;0;0;12507;2400;2935
P201065815;P201065815_1;A;0;40;0;2100;2440;2935
P201065815;P201065815_2;B;2100;0;0;3700;1200;2865
P201065815;P201065815_3;C;2100;1240;0;3700;2440;2865
P201065815;P201065815_4;D;3700;1240;0;5300;2440;2865
P201065815;P201065815_5;E;3700;0;0;5300;1200;2865
P201065815;P201065815_6;F;5300;0;0;7400;2400;2935
P201065815;P201065815_7;G;7400;0;0;9500;2400;2935
P201065815;P201065815_8;H;9500;0;0;11600;2400;2935
P201065815;P201065815_9;I;11600;1440;0;12800;2440;2835
P201065815;P201065815_10;J;11600;0;0;13200;1200;2865
P201065821;P201065821_1;A;0;0;0;1600;1200;2865
P201065821;P201065821_2;B;0;1200;0;1600;2400;2865
P201065821;P201065821_3;C;1600;1240;0;3200;2440;2865
P201065821;P201065821_4;D;1600;0;0;2600;1200;2835
P201065821;P201065821_5;E;2600;0;0;3600;1200;2865
P201065821;P201065821_6;F;3200;1240;0;4200;2440;2865
P201065821;P201065821_7;G;3600;0;0;5200;1200;2865
P201065821;P201065821_8;H;4200;1240;0;5800;2440;2865
P201065821;P201065821_9;I;5200;0;0;6800;1200;2865
P201065821;P201065821_10;J;5800;1240;0;7400;2440;2865
P201065821;P201065821_11;K;6800;0;0;8400;1200;2865
P201065821;P201065821_12;L;7400;1240;0;9000;2440;2865
P201065821;P201065821_13;M;8400;0;0;10000;1200;2865
P201065821;P201065821_14;N;9000;1240;0;10600;2440;2865
P201065821;P201065821_15;O;10000;0;0;11600;1200;2865
P201065821;P201065821_16;P;10600;1240;0;12200;2440;2865
P201065821;P201065821_17;Q;11600;0;0;13200;1200;2865
P201065821;P201065821_18;R;12200;1240;0;13200;2440;2865
P201065813;P201065813_1;A;0;40;0;2100;2440;2935
P201065813;P201065813_2;B;2100;0;0;4200;2400;2935
P201065813;P201065813_3;C;4200;0;0;5200;1200;2385
P201065813;P201065813_4;D;4200;1231;0;5207;2440;2925
P201065813;P201065813_5;E;5200;0;0;6200;1200;2835
P201065813;P201065813_6;F;5207;1240;0;6807;2440;2865
P201065813;P201065813_7;G;6200;0;0;7200;1200;1905
P201065813;P201065813_8;H;6807;1240;0;8407;2440;2865
P201065813;P201065813_9;I;7200;0;0;8800;1200;2865
P201065813;P201065813_10;J;8407;1231;0;9414;2440;2925
P201065813;P201065813_11;K;8800;0;0;9807;1209;750
P201065813;P201065813_12;L;9807;0;0;11907;2400;2935
P201065807;P201065807_1;A;0;0;0;2100;2400;2935
P201065807;P201065807_2;B;2100;40;0;4200;2440;2935
P201065807;P201065807_3;C;4200;0;0;6300;2400;2935
P201065807;P201065807_4;D;6300;40;0;8400;2440;2935
P201065807;P201065807_5;E;8400;1240;0;10000;2440;2865
P201065807;P201065807_6;F;8400;0;0;10000;1200;2865
P201065807;P201065807_7;G;10000;0;0;12100;2400;2935
P201065807;P201065807_8;H;12100;1433;0;13309;2440;2925
P201065807;P201065807_9;I;12100;0;0;13300;1000;2835
P201065801;P201065801_1;A;0;0;0;2100;2400;2935
P201065801;P201065801_2;B;2100;0;0;4200;2400;2935
P201065801;P201065801_3;C;4200;0;0;6300;2400;2935
P201065801;P201065801_4;D;6300;0;0;8400;2400;2935
P201065801;P201065801_5;E;8400;0;0;10500;2400;2935
P201065801;P201065801_6;F;10500;1240;0;11500;2440;2835
P201065801;P201065801_7;G;10500;0;0;12100;1200;2865
P201065801;P201065801_8;H;11500;1240;0;13100;2440;2865
P201065801;P201065801_9;I;12100;0;0;13107;1209;2925
P201065811;P201065811_1;A;0;0;0;1000;1200;2385
P201065811;P201065811_2;B;0;1240;0;1600;2440;2865
P201065811;P201065811_3;C;1000;0;0;2000;1200;2610
P201065811;P201065811_4;D;1600;1231;0;2607;2440;2925
P201065811;P201065811_5;E;2000;0;0;3000;1200;2610
P201065811;P201065811_6;F;2607;1240;0;4207;2440;2865
P201065811;P201065811_7;G;3000;0;0;4600;1200;2865
P201065811;P201065811_8;H;4207;1240;0;5807;2440;2865
P201065811;P201065811_9;I;4600;0;0;5600;1200;2610
P201065811;P201065811_10;J;5600;0;0;6607;1209;750
P201065811;P201065811_11;K;5807;1240;0;6807;2440;975
P201065811;P201065811_12;L;6807;0;0;8907;2400;2935
P201065811;P201065811_13;M;8907;0;0;11007;2400;2935
P201065811;P201065811_14;N;11007;0;0;13107;2400;2935
P201065831;P201065831_1;A;0;1234;0;1010;2440;2995
P201065831;P201065831_2;B;0;0;0;1010;1206;2995
P201065831;P201065831_3;C;1010;0;0;2020;1206;2932
P201065831;P201065831_4;D;1010;1234;0;2020;2440;2940
P201065831;P201065831_5;E;2020;1234;0;3030;2440;2822
P201065831;P201065831_6;F;2020;0;0;3030;1206;2821
P201065831;P201065831_7;G;3030;0;0;4040;1206;2921
P201065831;P201065831_8;H;3030;1234;0;4040;2440;2946
P201065831;P201065831_9;I;4040;1234;0;5050;2440;2751
P201065831;P201065831_10;J;4040;0;0;5050;1206;2953
P201065831;P201065831_11;K;5050;0;0;6060;1206;2953
P201065831;P201065831_12;L;5050;1240;0;6050;2440;975
P201065831;P201065831_13;M;6050;1234;0;7060;2440;2840
P201065831;P201065831_14;N;6060;0;0;7070;1206;2040
P201065831;P201065831_15;O;7060;1234;0;8070;2440;1185
P201065831;P201065831_16;P;7070;0;0;8070;1200;2865
P201065831;P201065831_17;Q;8070;1240;0;9070;2440;2865
P201065831;P201065831_18;R;8070;0;0;9070;1200;2385
P201065831;P201065831_19;S;9070;0;0;10070;1200;2865
P201065831;P201065831_20;T;9070;1240;0;10670;2440;2865
P201065831;P201065831_21;U;10070;0;0;11670;1200;2865
P201065831;P201065831_22;V;10670;1240;0;12270;2440;2865
P201065831;P201065831_23;W;11670;0;0;13270;1200;2865
P201065831;P201065831_24;X;12270;1440;0;13470;2440;2865
P200065825;P200065825_1;A;0;0;0;2100;2400;2935
P200065825;P200065825_2;B;2100;40;0;4200;2440;2935
P200065825;P200065825_3;C;4200;0;0;6300;2400;2935
P200065825;P200065825_4;D;6300;40;0;8400;2440;2935
P200065825;P200065825_5;E;8400;0;0;10500;2400;2935
P200065825;P200065825_6;F;10500;40;0;12600;2440;2935
P200065823;P200065823_1;A;0;40;0;2100;2440;2935
P200065823;P200065823_2;B;2100;0;0;4200;2400;2935
P200065823;P200065823_3;C;4200;40;0;6300;2440;2935
P200065823;P200065823_4;D;6300;0;0;8400;2400;2935
P200065823;P200065823_5;E;8400;0;0;10500;2400;2935
P200065823;P200065823_6;F;10500;0;0;11500;1200;2835
P200065823;P200065823_7;G;10500;1231;0;11507;2440;2925
P200065823;P200065823_8;H;11500;0;0;12500;1200;2385
P200065823;P200065823_9;I;11507;1240;0;13107;2440;2865
P200065823;P200065823_10;J;12500;0;0;13500;1200;2835
P200065817;P200065817_1;A;0;0;0;1007;1209;2925
P200065817;P200065817_2;B;0;1240;0;1600;2440;2865
P200065817;P200065817_3;C;1007;0;0;2607;1200;2865
P200065817;P200065817_4;D;1600;1240;0;3200;2440;2865
P200065817;P200065817_5;E;2607;0;0;3614;1209;2925
P200065817;P200065817_6;F;3200;1240;0;4200;2440;2835
P200065817;P200065817_7;G;3614;0;0;5214;1200;2865
P200065817;P200065817_8;H;4200;1240;0;5800;2440;2865
P200065817;P200065817_9;I;5214;0;0;6214;1200;1455
P200065817;P200065817_10;J;5800;1231;0;6807;2440;750
P200065817;P200065817_11;K;6807;0;0;8907;2400;2935
P200065817;P200065817_12;L;8907;0;0;11007;2400;2935
P200065817;P200065817_13;M;11007;0;0;13107;2400;2935
P200065815;P200065815_1;A;0;0;0;2100;2400;2935
P200065815;P200065815_2;B;2100;40;0;4200;2440;2935
P200065815;P200065815_3;C;4200;0;0;6300;2400;2935
P200065815;P200065815_4;D;6300;0;0;8400;2400;2935
P200065815;P200065815_5;E;8400;0;0;10500;2400;2935
P200065815;P200065815_6;F;10500;1231;0;11507;2440;2925
P200065815;P200065815_7;G;10500;0;0;12100;1200;2865
P200065815;P200065815_8;H;11507;1240;0;13107;2440;2865
P200065815;P200065815_9;I;12100;0;0;13100;1200;2835
P200065821;P200065821_1;A;0;0;0;1600;1200;2865
P200065821;P200065821_2;B;0;1200;0;1600;2400;2865
P200065821;P200065821_3;C;1600;1240;0;2600;2440;2610
P200065821;P200065821_4;D;1600;0;0;2600;1200;2865
P200065821;P200065821_5;E;2600;0;0;4200;1200;2865
P200065821;P200065821_6;F;2600;1240;0;3600;2440;2865
P200065821;P200065821_7;G;3600;1240;0;5200;2440;2865
P200065821;P200065821_8;H;4200;0;0;5800;1200;2865
P200065821;P200065821_9;I;5200;1240;0;6800;2440;2865
P200065821;P200065821_10;J;5800;0;0;7400;1200;2865
P200065821;P200065821_11;K;6800;1240;0;8400;2440;2865
P200065821;P200065821_12;L;7400;0;0;9000;1200;2865
P200065821;P200065821_13;M;8400;1240;0;10000;2440;2865
P200065821;P200065821_14;N;9000;0;0;10000;1200;2865
P200065821;P200065821_15;O;10000;1240;0;11600;2440;2865
P200065821;P200065821_16;P;10000;0;0;11600;1200;2865
P200065821;P200065821_17;Q;11600;0;0;13200;1200;2865
P200065821;P200065821_18;R;11600;1240;0;13200;2440;2865
P200065813;P200065813_1;A;0;0;0;2100;2400;2935
P200065813;P200065813_2;B;2100;40;0;4200;2440;2935
P200065813;P200065813_3;C;4200;0;0;6300;2400;2935
P200065813;P200065813_4;D;6300;1231;0;7307;2440;2925
P200065813;P200065813_5;E;6300;0;0;7900;1200;2865
P200065813;P200065813_6;F;7307;1240;0;8307;2440;2835
P200065813;P200065813_7;G;7900;0;0;8900;1200;2385
P200065813;P200065813_8;H;8307;1240;0;9907;2440;2865
P200065813;P200065813_9;I;8900;0;0;9900;1200;975
P200065813;P200065813_10;J;9900;0;0;10907;1209;750
P200065813;P200065813_11;K;10907;0;0;13007;2400;2935
P200065807;P200065807_1;A;0;40;0;2100;2440;2935
P200065807;P200065807_2;B;2100;0;0;4200;2400;2935
P200065807;P200065807_3;C;4200;0;0;6300;2400;2935
P200065807;P200065807_4;D;6300;0;0;8400;2400;2935
P200065807;P200065807_5;E;8400;0;0;10500;2400;2935
P200065807;P200065807_6;F;10500;0;0;12600;2400;2935
P200065801;P200065801_1;A;0;1231;0;1007;2440;2925
P200065801;P200065801_2;B;0;0;0;1600;1200;2865
P200065801;P200065801_3;C;1007;1240;0;2607;2440;2865
P200065801;P200065801_4;D;1600;0;0;2600;1200;2835
P200065801;P200065801_5;E;2600;0;0;3607;1209;2925
P200065801;P200065801_6;F;2607;1240;0;3607;2440;2835
P200065801;P200065801_7;G;3607;0;0;5707;2400;2935
P200065801;P200065801_8;H;5707;0;0;7807;2400;2935
P200065801;P200065801_9;I;7807;0;0;9907;2400;2935
P200065801;P200065801_10;J;9907;0;0;12007;2400;2935
P200065801;P200065801_11;K;12007;0;0;13207;1600;2865
P200065811;P200065811_1;A;0;0;0;1600;1200;2865
P200065811;P200065811_2;B;0;1240;0;1000;2440;2610
P200065811;P200065811_3;C;1000;1240;0;2000;2440;2610
P200065811;P200065811_4;D;1600;0;0;2607;1209;2925
P200065811;P200065811_5;E;2000;1240;0;3600;2440;2865
P200065811;P200065811_6;F;2607;0;0;4207;1200;2865
P200065811;P200065811_7;G;3600;1240;0;4600;2440;2610
P200065811;P200065811_8;H;4207;0;0;5207;1200;2835
P200065811;P200065811_9;I;4600;1240;0;6200;2440;2865
P200065811;P200065811_10;J;5207;0;0;6807;1200;2865
P200065811;P200065811_11;K;6200;1240;0;7200;2440;1455
P200065811;P200065811_12;L;6807;0;0;7814;1209;2925
P200065811;P200065811_13;M;7200;1231;0;8207;2440;750
P200065811;P200065811_14;N;8207;0;0;10307;2400;2935
P200065811;P200065811_15;O;10307;0;0;12407;2400;2935
P199065825;P199065825_1;A;0;0;0;2100;2400;2935
P199065825;P199065825_2;B;2100;0;0;4200;2400;2935
P199065825;P199065825_3;C;4200;0;0;6300;2400;2935
P199065825;P199065825_4;D;6300;0;0;8400;2400;2935
P199065825;P199065825_5;E;8400;0;0;10500;2400;2935
P199065825;P199065825_6;F;10500;0;0;12600;2400;2935
P199065823;P199065823_1;A;0;40;0;2100;2440;2935
P199065823;P199065823_2;B;2100;0;0;4200;2400;2935
P199065823;P199065823_3;C;4200;40;0;6300;2440;2935
P199065823;P199065823_4;D;6300;0;0;8400;2400;2935
P199065823;P199065823_5;E;8400;0;0;10500;2400;2935
P199065823;P199065823_6;F;10500;1240;0;11500;2440;2835
P199065823;P199065823_7;G;10500;0;0;11507;1209;2925
P199065823;P199065823_8;H;11500;1240;0;13100;2440;2865
P199065823;P199065823_9;I;11507;0;0;13107;1200;2865
P199065817;P199065817_1;A;0;0;0;2100;2400;2935
P199065817;P199065817_2;B;2100;1240;0;3700;2440;2865
P199065817;P199065817_3;C;2100;0;0;3700;1200;2865
P199065817;P199065817_4;D;3700;0;0;5800;2400;2935
P199065817;P199065817_5;E;5800;0;0;7900;2400;2935
P199065817;P199065817_6;F;7900;0;0;10000;2400;2935
P199065817;P199065817_7;G;10000;0;0;12100;2400;2935
P199065817;P199065817_8;H;12100;0;0;13300;1000;2835
P199065817;P199065817_9;I;12100;1433;0;13309;2440;2925
P199065815;P199065815_1;A;0;40;0;2100;2440;2935
P199065815;P199065815_2;B;2100;0;0;3100;1200;2835
P199065815;P199065815_3;C;2100;1240;0;3100;2440;2160
P199065815;P199065815_4;D;3100;0;0;5200;2400;2935
P199065815;P199065815_5;E;5200;0;0;6800;1200;2865
P199065815;P199065815_6;F;5200;1240;0;6800;2440;2865
P199065815;P199065815_7;G;6800;0;0;8900;2400;2935
P199065815;P199065815_8;H;8900;0;0;9900;1200;2835
P199065815;P199065815_9;I;8900;1231;0;9907;2440;2925
P199065815;P199065815_10;J;9900;0;0;11500;1200;2865
P199065815;P199065815_11;K;9907;1240;0;11507;2440;2865
P199065815;P199065815_12;L;11500;0;0;12500;1200;975
P199065821;P199065821_1;A;0;0;0;1600;1200;2865
P199065821;P199065821_2;B;0;1200;0;1600;2400;2865
P199065821;P199065821_3;C;1600;1240;0;2600;2440;2865
P199065821;P199065821_4;D;1600;0;0;3200;1200;2865
P199065821;P199065821_5;E;2600;1240;0;3600;2440;2385
P199065821;P199065821_6;F;3200;0;0;4200;1200;2865
P199065821;P199065821_7;G;3600;1240;0;5200;2440;2865
P199065821;P199065821_8;H;4200;0;0;5800;1200;2865
P199065821;P199065821_9;I;5200;1240;0;6800;2440;2865
P199065821;P199065821_10;J;5800;0;0;7400;1200;2865
P199065821;P199065821_11;K;6800;1240;0;8400;2440;2865
P199065821;P199065821_12;L;7400;0;0;9000;1200;2865
P199065821;P199065821_13;M;8400;1240;0;10000;2440;2865
P199065821;P199065821_14;N;9000;0;0;10600;1200;2865
P199065821;P199065821_15;O;10000;1240;0;11600;2440;2865
P199065821;P199065821_16;P;10600;0;0;12200;1200;2865
P199065821;P199065821_17;Q;11600;1240;0;13200;2440;2865
P199065821;P199065821_18;R;12200;0;0;13200;1200;2865
P199065813;P199065813_1;A;0;40;0;2100;2440;2935
P199065813;P199065813_2;B;2100;0;0;4200;2400;2935
P199065813;P199065813_3;C;4200;0;0;6300;2400;2935
P199065813;P199065813_4;D;6300;0;0;8400;2400;2935
P199065813;P199065813_5;E;8400;0;0;10500;2400;2935
P199065813;P199065813_6;F;10500;0;0;11500;1200;2835
P199065813;P199065813_7;G;10500;1240;0;12100;2440;2865
P199065813;P199065813_8;H;11500;0;0;13100;1200;2865
P199065813;P199065813_9;I;12100;1240;0;13100;2440;1455
P199065807;P199065807_1;A;0;0;0;2100;2400;2935
P199065807;P199065807_2;B;2100;40;0;4200;2440;2935
P199065807;P199065807_3;C;4200;0;0;6300;2400;2935
P199065807;P199065807_4;D;6300;1231;0;7307;2440;2925
P199065807;P199065807_5;E;6300;0;0;7307;1209;2925
P199065807;P199065807_6;F;7307;0;0;9407;2400;2935
P199065807;P199065807_7;G;9407;0;0;11507;2400;2935
P199065807;P199065807_8;H;11507;0;0;13107;1200;2865
P199065807;P199065807_9;I;11507;1240;0;13107;2440;2865
P199065801;P199065801_1;A;0;0;0;2100;2400;2935
P199065801;P199065801_2;B;2100;0;0;4200;2400;2935
P199065801;P199065801_3;C;4200;0;0;6300;2400;2935
P199065801;P199065801_4;D;6300;0;0;8400;2400;2935
P199065801;P199065801_5;E;8400;0;0;9400;1200;2835
P199065801;P199065801_6;F;8400;1240;0;10000;2440;2865
P199065801;P199065801_7;G;9400;0;0;10400;1200;2835
P199065801;P199065801_8;H;10000;1231;0;11007;2440;2925
P199065801;P199065801_9;I;10400;0;0;11400;1200;2385
P199065801;P199065801_10;J;11007;1240;0;12607;2440;2865
P199065801;P199065801_11;K;11400;0;0;12400;1200;1905
P199065801;P199065801_12;L;12400;0;0;13407;1209;750
P199065811;P199065811_1;A;0;0;0;2100;2400;2935
P199065811;P199065811_2;B;2100;0;0;4200;2400;2935
P199065811;P199065811_3;C;4200;0;0;6300;2400;2935
P199065811;P199065811_4;D;6300;1240;0;7900;2440;2865
P199065811;P199065811_5;E;6300;0;0;7900;1200;2865
P199065811;P199065811_6;F;7900;0;0;10000;2400;2935
P199065811;P199065811_7;G;10000;0;0;12100;2400;2935
P199065811;P199065811_8;H;12100;0;0;13300;1000;2835
P199065811;P199065811_9;I;12100;1433;0;13309;2440;2925
P199065831;P199065831_1;A;0;0;0;1010;1206;2552
P199065831;P199065831_2;B;0;1234;0;1010;2440;2655
P199065831;P199065831_3;C;1010;1234;0;2020;2440;2651
P199065831;P199065831_4;D;1010;0;0;2010;1200;975
P199065831;P199065831_5;E;2010;0;0;3020;1206;2651
P199065831;P199065831_6;F;2020;1234;0;3030;2440;2934
P199065831;P199065831_7;G;3020;0;0;4030;1206;2995
P199065831;P199065831_8;H;3030;1234;0;4040;2440;2840
P199065831;P199065831_9;I;4030;0;0;5630;1200;2865
P199065831;P199065831_10;J;4040;1240;0;5640;2440;2865
P199065831;P199065831_11;K;5630;0;0;7230;1200;2865
P199065831;P199065831_12;L;5640;1240;0;7240;2440;2865
P199065831;P199065831_13;M;7230;0;0;8230;1200;2865
P199065831;P199065831_14;N;7240;1240;0;8240;2440;2865
P199065831;P199065831_15;O;8230;0;0;9230;1200;2385
P199065831;P199065831_16;P;8240;1240;0;9840;2440;2865
P199065831;P199065831_17;Q;9230;0;0;10830;1200;2865
P199065831;P199065831_18;R;9840;1240;0;11440;2440;2865
P199065831;P199065831_19;S;10830;0;0;12430;1200;2865
P199065831;P199065831_20;T;11440;1240;0;13040;2440;2865
P199065831;P199065831_21;U;12430;0;0;13430;1200;2865
P198065825;P198065825_1;A;0;0;0;2100;2400;2935
P198065825;P198065825_2;B;2100;40;0;4200;2440;2935
P198065825;P198065825_3;C;4200;0;0;6300;2400;2935
P198065825;P198065825_4;D;6300;40;0;8400;2440;2935
P198065825;P198065825_5;E;8400;0;0;10500;2400;2935
P198065825;P198065825_6;F;10500;0;0;12100;1200;2865
P198065825;P198065825_7;G;10500;1240;0;11500;2440;2835
P198065825;P198065825_8;H;11500;1240;0;12500;2440;2610
P198065825;P198065825_9;I;12100;0;0;13107;1209;2925
P198065825;P198065825_10;J;12500;1240;0;13500;2440;2610
P198065823;P198065823_1;A;0;0;0;1600;1200;2865
P198065823;P198065823_2;B;0;1240;0;1600;2440;2865
P198065823;P198065823_3;C;1600;0;0;3700;2400;2935
P198065823;P198065823_4;D;3700;0;0;5800;2400;2935
P198065823;P198065823_5;E;5800;0;0;7900;2400;2935
P198065823;P198065823_6;F;7900;0;0;10000;2400;2935
P198065823;P198065823_7;G;10000;0;0;12100;2400;2935
P198065823;P198065823_8;H;12100;0;0;13309;1007;2925
P198065823;P198065823_9;I;12100;1440;0;13300;2440;2835
P198065817;P198065817_1;A;0;1240;0;1600;2440;2865
P198065817;P198065817_2;B;0;0;0;1600;1200;2865
P198065817;P198065817_3;C;1600;0;0;3700;2400;2935
P198065817;P198065817_4;D;3700;0;0;5800;2400;2935
P198065817;P198065817_5;E;5800;0;0;7900;2400;2935
P198065817;P198065817_6;F;7900;0;0;10000;2400;2935
P198065817;P198065817_7;G;10000;0;0;12100;2400;2935
P198065817;P198065817_8;H;12100;1440;0;13300;2440;2610
P198065817;P198065817_9;I;12100;0;0;13309;1007;2925
P198065815;P198065815_1;A;0;0;0;1007;1209;2925
P198065815;P198065815_2;B;0;1240;0;1000;2440;2160
P198065815;P198065815_3;C;1000;1240;0;2600;2440;2865
P198065815;P198065815_4;D;1007;0;0;2607;1200;2865
P198065815;P198065815_5;E;2600;1240;0;4200;2440;2865
P198065815;P198065815_6;F;2607;0;0;4207;1200;2865
P198065815;P198065815_7;G;4200;1240;0;5200;2440;2835
P198065815;P198065815_8;H;4207;0;0;5807;1200;2865
P198065815;P198065815_9;I;5200;1240;0;6800;2440;2865
P198065815;P198065815_10;J;5807;0;0;6807;1200;975
P198065815;P198065815_11;K;6807;0;0;8907;2400;2935
P198065815;P198065815_12;L;8907;0;0;11007;2400;2935
P198065815;P198065815_13;M;11007;0;0;13107;2400;2935
P198065821;P198065821_1;A;0;0;0;1000;1200;2160
P198065821;P198065821_2;B;0;1240;0;1600;2440;2865
P198065821;P198065821_3;C;1000;0;0;2600;1200;2865
P198065821;P198065821_4;D;1600;1240;0;3200;2440;2160
P198065821;P198065821_5;E;2600;0;0;3600;1200;2865
P198065821;P198065821_6;F;3200;1240;0;4200;2440;2865
P198065821;P198065821_7;G;3600;0;0;5200;1200;2865
P198065821;P198065821_8;H;4200;1240;0;5800;2440;2865
P198065821;P198065821_9;I;5200;0;0;6800;1200;2865
P198065821;P198065821_10;J;5800;1240;0;6800;2440;1680
P198065821;P198065821_11;K;6800;1240;0;8400;2440;2865
P198065821;P198065821_12;L;6800;0;0;8400;1200;2865
P198065821;P198065821_13;M;8400;0;0;10000;1200;2865
P198065821;P198065821_14;N;8400;1240;0;10000;2440;2865
P198065821;P198065821_15;O;10000;1240;0;11600;2440;2160
P198065813;P198065813_1;A;0;0;0;2100;2400;2935
P198065813;P198065813_2;B;2100;0;0;4200;2400;2935
P198065813;P198065813_3;C;4200;0;0;6300;2400;2935
P198065813;P198065813_4;D;6300;0;0;8400;2400;2935
P198065813;P198065813_5;E;8400;0;0;10500;2400;2935
P198065813;P198065813_6;F;10500;0;0;12600;2400;2935
P198065807;P198065807_1;A;0;0;0;2100;2400;2935
P198065807;P198065807_2;B;2100;1240;0;3100;2440;2835
P198065807;P198065807_3;C;2100;0;0;3107;1209;2925
P198065807;P198065807_4;D;3100;1240;0;4100;2440;2385
P198065807;P198065807_5;E;3107;0;0;4707;1200;2865
P198065807;P198065807_6;F;4100;1231;0;5107;2440;2925
P198065807;P198065807_7;G;4707;0;0;5707;1200;2835
P198065807;P198065807_8;H;5107;1240;0;6707;2440;2865
P198065807;P198065807_9;I;5707;0;0;6707;1200;2610
P198065807;P198065807_10;J;6707;0;0;8807;2400;2935
P198065807;P198065807_11;K;8807;0;0;10907;2400;2935
P198065807;P198065807_12;L;10907;0;0;13007;2400;2935
P198065803;P198065803_1;A;0;40;0;2100;2440;2935
P198065803;P198065803_2;B;2100;0;0;4200;2400;2935
P198065803;P198065803_3;C;4200;40;0;6300;2440;2935
P198065803;P198065803_4;D;6300;0;0;8400;2400;2935
P198065803;P198065803_5;E;8400;0;0;10500;2400;2935
P198065803;P198065803_6;F;10500;1240;0;12100;2440;2865
P198065803;P198065803_7;G;10500;0;0;12100;1200;2865
P198065803;P198065803_8;H;12100;0;0;13300;1600;2865
Q198065803_1;Q198065803_1_1;A;0;0;0;1007;1209;2200
Q198065803_1;Q198065803_1_2;B;0;1240;0;1000;2440;1680
Q198065803_1;Q198065803_1_3;C;1000;1240;0;2600;2440;2865
Q198065803_1;Q198065803_1_4;D;1007;0;0;2014;1209;750
Q198065803_1;Q198065803_1_5;E;2014;0;0;3014;1200;1905
Q198065803_1;Q198065803_1_6;F;2600;1240;0;4200;2440;2865
Q198065803_1;Q198065803_1_7;G;4200;0;0;6300;2400;2935
Q198065803_1;Q198065803_1_8;H;6300;0;0;8400;2400;2935
P203060603;P203060603_1;A;0;0;0;3200;1200;2935
P203060603;P203060603_2;B;0;1240;0;3200;2440;2935
P203060603;P203060603_3;C;3200;1240;0;6400;2440;2935
P203060603;P203060603_4;D;3200;0;0;6400;1200;2935
P203060603;P203060603_5;E;6400;0;0;9600;1200;2935
P203060603;P203060603_6;F;6400;1240;0;9600;2440;2935
P203060603;P203060603_7;G;9600;1240;0;12200;2440;2935
P203060603;P203060603_8;H;9600;0;0;12200;1200;2935
P203060603;P203060603_9;I;12200;0;0;13400;2400;2835
Q203060603_1;Q203060603_1_1;A;0;0;0;2600;1200;2935
Q203060603_1;Q203060603_1_2;B;0;1240;0;2600;2440;2935
Q203060603_1;Q203060603_1_3;C;2600;1240;0;5200;2440;2935
Q203060603_1;Q203060603_1_4;D;2600;0;0;5800;1200;2320
Q203060603_1;Q203060603_1_5;E;5200;1240;0;6800;2440;2700
Q203060603_1;Q203060603_1_6;F;5800;0;0;7400;1200;2700
Q203060603_1;Q203060603_1_7;G;6800;1240;0;8400;2440;2700
Q203060603_1;Q203060603_1_8;H;7400;0;0;9000;1200;2700
Q203060603_1;Q203060603_1_9;I;8400;1240;0;10000;2440;2700
Q203060603_1;Q203060603_1_10;J;9000;0;0;10600;1200;2700
Q203060603_1;Q203060603_1_11;K;10000;1240;0;13200;2440;2320
Q203060603_1;Q203060603_1_12;L;10600;0;0;12200;1200;2700
Q203060603_1;Q203060603_1_13;M;12200;0;0;13200;1200;2700
P203060601;P203060601_1;A;0;1240;0;3200;2440;2320
P203060601;P203060601_2;B;0;0;0;3200;1200;2320
P203060601;P203060601_3;C;3200;0;0;6400;1200;2320
P203060601;P203060601_4;D;3200;1240;0;4200;2440;2700
P203060601;P203060601_5;E;4200;1240;0;5200;2440;2700
P203060601;P203060601_6;F;5200;1240;0;6200;2440;2700
P203060601;P203060601_7;G;6200;1660;0;6770;2440;1771
P203060601;P203060601_8;H;6400;0;0;7600;1600;2700
P203060601;P203060601_9;I;6770;1660;0;7340;2440;1340
P203060601;P203060601_10;J;7600;1240;0;8600;2440;2700
P203060601;P203060601_11;K;7600;0;0;8600;1200;2700
P203060601;P203060601_12;L;8600;0;0;11800;1200;2320
P203060601;P203060601_13;M;8600;1240;0;10200;2440;2700
P203060601;P203060601_14;N;10200;1240;0;11200;2440;2700
P203060601;P203060601_15;O;11200;1240;0;12200;2440;2700
P203060601;P203060601_16;P;11800;0;0;13400;1200;1815
P203060601;P203060601_17;Q;12200;1234;0;13210;2440;1185
P202060621;P202060621_1;A;0;1240;0;2600;2440;2935
P202060621;P202060621_2;B;0;0;0;2600;1200;2935
P202060621;P202060621_3;C;2600;0;0;5200;1200;2935
P202060621;P202060621_4;D;2600;1240;0;5200;2440;2935
P202060621;P202060621_5;E;5200;1240;0;8400;2440;2935
P202060621;P202060621_6;F;5200;0;0;8400;1200;2855
P202060621;P202060621_7;G;8400;0;0;9600;2400;500
P202060621;P202060621_8;H;9600;1240;0;12200;2440;2935
P202060621;P202060621_9;I;9600;0;0;12200;1200;2935
P202060621;P202060621_10;J;12200;0;0;13400;1000;2700
P202060621;P202060621_11;K;12200;1440;0;13400;2440;2700
P202060617;P202060617_1;A;0;0;0;3200;1200;2855
P202060617;P202060617_2;B;0;1240;0;1600;2440;2700
P202060617;P202060617_3;C;1600;1240;0;4800;2440;2855
P202060617;P202060617_4;D;3200;0;0;5800;1200;2935
P202060617;P202060617_5;E;4800;1240;0;7400;2440;2935
P202060617;P202060617_6;F;5800;0;0;6800;1200;2700
P202060617;P202060617_7;G;6800;0;0;10000;1200;2855
P202060617;P202060617_8;H;7400;1240;0;10600;2440;2935
P202060617;P202060617_9;I;10000;0;0;10570;780;909
P202060617;P202060617_10;J;10570;0;0;12170;1200;2700
P202060617;P202060617_11;K;10600;1240;0;11600;2440;2700
P202060617;P202060617_12;L;11600;1240;0;13200;2440;2700
P202060617;P202060617_13;M;12170;0;0;13170;1200;2700
P202060613;P202060613_1;A;0;1240;0;1600;2440;2700
P202060613;P202060613_2;B;0;0;0;3200;1200;2935
P202060613;P202060613_3;C;1600;1240;0;4200;2440;2935
P202060613;P202060613_4;D;3200;0;0;5800;1200;2935
P202060613;P202060613_5;E;4200;1240;0;7400;2440;2855
P202060613;P202060613_6;F;5800;0;0;8400;1200;2935
P202060613;P202060613_7;G;7400;1240;0;8400;2440;2700
P202060613;P202060613_8;H;8400;0;0;10000;1200;2700
P202060613;P202060613_9;I;8400;1240;0;10000;2440;2700
P202060613;P202060613_10;J;10000;1240;0;13200;2440;2855
P202060613;P202060613_11;K;10000;0;0;10570;780;478
P202060613;P202060613_12;L;10570;0;0;13170;1200;2935
P202060611;P202060611_1;A;0;0;0;3200;1200;2320
P202060611;P202060611_2;B;0;1240;0;3200;2440;2935
P202060611;P202060611_3;C;3200;1240;0;6400;2440;2935
P202060611;P202060611_4;D;3200;0;0;5800;1200;2935
P202060611;P202060611_5;E;5800;0;0;8400;1200;2935
P202060611;P202060611_6;F;6400;1240;0;7400;2440;2700
P202060611;P202060611_7;G;7400;1240;0;10600;2440;2855
P202060611;P202060611_8;H;8400;0;0;11000;1200;2935
P202060611;P202060611_9;I;10600;1240;0;12200;2440;2700
P202060611;P202060611_10;J;11000;0;0;13400;1200;2835
P202060611;P202060611_11;K;12200;1240;0;13200;2440;2700
P202060603;P202060603_1;A;0;0;0;3200;1200;2855
P202060603;P202060603_2;B;0;1240;0;1600;2440;2700
P202060603;P202060603_3;C;1600;1240;0;3200;2440;2700
P202060603;P202060603_4;D;3200;1240;0;4800;2440;2700
P202060603;P202060603_5;E;3200;0;0;4200;1200;2700
P202060603;P202060603_6;F;4200;0;0;4770;780;1771
P202060603;P202060603_7;G;4770;0;0;7970;1200;2935
P202060603;P202060603_8;H;4800;1240;0;7400;2440;2935
P202060603;P202060603_9;I;7400;1240;0;10000;2440;2935
P202060603;P202060603_10;J;7970;0;0;10570;1200;2935
P202060603;P202060603_11;K;10000;1240;0;12600;2440;2935
P202060603;P202060603_12;L;10570;0;0;13170;1200;2935
P202060603;P202060603_13;M;12600;1660;0;13170;2440;909
P202060601;P202060601_1;A;0;1240;0;1000;2440;2700
P202060601;P202060601_2;B;0;0;0;1600;1200;2700
P202060601;P202060601_3;C;1000;1240;0;3400;2440;955
P202060601;P202060601_4;D;1600;0;0;3200;1200;2700
P202060601;P202060601_5;E;3200;0;0;4800;1200;2700
P202060601;P202060601_6;F;3400;1240;0;5000;2440;1815
P202060601;P202060601_7;G;4800;0;0;6400;1200;2700
P202060601;P202060601_8;H;5000;1240;0;8200;2440;2935
P202060601;P202060601_9;I;6400;0;0;7400;1200;2700
P202060601;P202060601_10;J;7400;0;0;10600;1200;2855
P202060601;P202060601_11;K;8200;1240;0;10800;2440;2935
P202060601;P202060601_12;L;10600;0;0;11600;1200;2700
P202060601;P202060601_13;M;10800;1234;0;11810;2440;1185
P202060601;P202060601_14;N;11600;0;0;13200;1200;2700
P202060601;P202060601_15;O;11810;1240;0;13410;2440;2700
Q202060601_1;Q202060601_1_1;A;0;1240;0;3200;2440;2935
Q202060601_1;Q202060601_1_2;B;0;0;0;3200;1200;2935
Q202060601_1;Q202060601_1_3;C;3200;0;0;6400;1200;2935
Q202060601_1;Q202060601_1_4;D;3200;1240;0;6400;2440;2935
Q202060601_1;Q202060601_1_5;E;6400;1240;0;9600;2440;2935
Q202060601_1;Q202060601_1_6;F;6400;0;0;9000;1200;2935
Q202060601_1;Q202060601_1_7;G;9000;0;0;12200;1200;2935
Q202060601_1;Q202060601_1_8;H;9600;1240;0;12000;2440;975
Q202060601_1;Q202060601_1_9;I;12000;1240;0;13000;2440;2700
Q202060601_1;Q202060601_1_10;J;12200;0;0;13200;1200;1815
P201060621;P201060621_1;A;0;0;0;3200;1200;2320
P201060621;P201060621_2;B;0;1200;0;3200;2400;2320
P201060621;P201060621_3;C;3200;1240;0;4800;2440;2700
P201060621;P201060621_4;D;3200;0;0;3770;780;909
P201060621;P201060621_5;E;3770;0;0;6370;1200;2935
P201060621;P201060621_6;F;4800;1240;0;8000;2440;2935
P201060621;P201060621_7;G;6370;0;0;7370;1200;2700
P201060621;P201060621_8;H;7370;0;0;10570;1200;2935
P201060621;P201060621_9;I;8000;1240;0;10600;2440;2935
P201060621;P201060621_10;J;10570;0;0;13170;1200;2935
P201060621;P201060621_11;K;10600;1240;0;13200;2440;2935
P201060617;P201060617_1;A;0;1240;0;3200;2440;2935
P201060617;P201060617_2;B;0;0;0;2600;1200;2935
P201060617;P201060617_3;C;2600;0;0;4200;1200;2700
P201060617;P201060617_4;D;3200;1240;0;5600;2440;1430
P201060617;P201060617_5;E;4200;0;0;5200;1200;2700
P201060617;P201060617_6;F;5200;0;0;7800;1200;2935
P201060617;P201060617_7;G;5600;1240;0;6600;2440;2520
P201060617;P201060617_8;H;6600;1240;0;9800;2440;2320
P201060617;P201060617_9;I;7800;0;0;9400;1200;2700
P201060617;P201060617_10;J;9400;0;0;12600;1200;2855
P201060617;P201060617_11;K;9800;1240;0;10800;2440;2700
P201060617;P201060617_12;L;10800;1240;0;13400;2440;2935
P201060617;P201060617_13;M;12600;0;0;13170;780;909
P201060613;P201060613_1;A;0;1240;0;2600;2440;2935
P201060613;P201060613_2;B;0;0;0;1600;1200;2700
P201060613;P201060613_3;C;1600;0;0;4800;1200;2855
P201060613;P201060613_4;D;2600;1240;0;5800;2440;2935
P201060613;P201060613_5;E;4800;0;0;5800;1200;2700
P201060613;P201060613_6;F;5800;0;0;7400;1200;2700
P201060613;P201060613_7;G;5800;1240;0;6800;2440;2700
P201060613;P201060613_8;H;6800;1240;0;10000;2440;2935
P201060613;P201060613_9;I;7400;0;0;10600;1200;2855
P201060613;P201060613_10;J;10000;1240;0;11600;2440;2700
P201060613;P201060613_11;K;10600;0;0;13200;1200;2935
P201060613;P201060613_12;L;11600;1240;0;13200;2440;2700
P201060611;P201060611_1;A;0;1240;0;2600;2440;2935
P201060611;P201060611_2;B;0;0;0;2600;1200;2935
P201060611;P201060611_3;C;2600;0;0;3600;1200;2700
P201060611;P201060611_4;D;2600;1240;0;5800;2440;2935
P201060611;P201060611_5;E;3600;0;0;6800;1200;2855
P201060611;P201060611_6;F;5800;1240;0;8200;2440;1905
P201060611;P201060611_7;G;6800;0;0;8400;1200;2700
P201060611;P201060611_8;H;8200;1240;0;9200;2440;2700
P201060611;P201060611_9;I;8400;0;0;8970;780;1340
P201060611;P201060611_10;J;8970;0;0;11570;1200;2935
P201060611;P201060611_11;K;9200;1240;0;11800;2440;2935
P201060611;P201060611_12;L;11570;0;0;12570;1200;2700
P201060611;P201060611_13;M;11800;1240;0;13400;2440;2700
P201060603;P201060603_1;A;0;0;0;3200;1200;2935
P201060603;P201060603_2;B;0;1240;0;1600;2440;2700
P201060603;P201060603_3;C;1600;1234;0;2610;2440;2370
P201060603;P201060603_4;D;2610;1240;0;4210;2440;2700
P201060603;P201060603_5;E;3200;0;0;6400;1200;2320
P201060603;P201060603_6;F;4210;1240;0;7410;2440;2855
P201060603;P201060603_7;G;6400;0;0;9000;1200;2935
P201060603;P201060603_8;H;7410;1240;0;10010;2440;2935
P201060603;P201060603_9;I;9000;0;0;11600;1200;2935
P201060603;P201060603_10;J;10010;1240;0;13210;2440;2935
P201060603;P201060603_11;K;11600;0;0;13200;1200;2700
P201060601;P201060601_1;A;0;1240;0;2600;2440;2935
P201060601;P201060601_2;B;0;0;0;2600;1200;2935
P201060601;P201060601_3;C;2600;0;0;5200;1200;2935
P201060601;P201060601_4;D;2600;1240;0;5000;2440;1905
P201060601;P201060601_5;E;5000;1240;0;6600;2440;2700
P201060601;P201060601_6;F;5200;0;0;8400;1200;2320
P201060601;P201060601_7;G;6600;1240;0;8200;2440;2700
P201060601;P201060601_8;H;8200;1240;0;11400;2440;2320
P201060601;P201060601_9;I;8400;0;0;11600;1200;2855
P201060601;P201060601_10;J;11400;1240;0;12400;2440;2700
P201060601;P201060601_11;K;11600;0;0;13200;1200;2700
P201060601;P201060601_12;L;12400;1240;0;13400;2440;2700
Q201060601_1;Q201060601_1_1;A;0;0;0;3200;1200;2935
Q201060601_1;Q201060601_1_2;B;0;1240;0;2600;2440;2935
Q201060601_1;Q201060601_1_3;C;2600;1240;0;5800;2440;2855
Q201060601_1;Q201060601_1_4;D;3200;0;0;6400;1200;2320
Q201060601_1;Q201060601_1_5;E;5800;1240;0;8400;2440;2935
Q201060601_1;Q201060601_1_6;F;6400;0;0;9000;1200;2935
Q201060601_1;Q201060601_1_7;G;8400;1240;0;11600;2440;2935
Q201060601_1;Q201060601_1_8;H;9000;0;0;12200;1200;2935
Q201060601_1;Q201060601_1_9;I;11600;1240;0;13200;2440;2700
Q201060601_1;Q201060601_1_10;J;12200;0;0;13200;1200;2700
P200060621;P200060621_1;A;0;1240;0;1000;2440;2700
P200060621;P200060621_2;B;0;0;0;1000;1200;2700
P200060621;P200060621_3;C;1000;0;0;1570;780;1771
P200060621;P200060621_4;D;1000;1240;0;2000;2440;2700
P200060621;P200060621_5;E;1570;0;0;4170;1200;2935
P200060621;P200060621_6;F;2000;1240;0;4600;2440;2935
P200060621;P200060621_7;G;4170;0;0;6770;1200;2935
P200060621;P200060621_8;H;4600;1240;0;6200;2440;2700
P200060621;P200060621_9;I;6200;1240;0;7200;2440;2700
P200060621;P200060621_10;J;6770;0;0;9970;1200;2855
P200060621;P200060621_11;K;7200;1240;0;10400;2440;2935
P200060621;P200060621_12;L;9970;0;0;13170;1200;2935
P200060621;P200060621_13;M;10400;1240;0;13000;2440;2935
P200060617;P200060617_1;A;0;0;0;3200;1200;2935
P200060617;P200060617_2;B;0;1240;0;3200;2440;2935
P200060617;P200060617_3;C;3200;1240;0;5800;2440;2935
P200060617;P200060617_4;D;3200;0;0;4800;1200;2700
P200060617;P200060617_5;E;4800;0;0;5800;1200;2700
P200060617;P200060617_6;F;5800;0;0;7400;1200;2700
P200060617;P200060617_7;G;5800;1240;0;9000;2440;2320
P200060617;P200060617_8;H;7400;0;0;9000;1200;2700
P200060617;P200060617_9;I;9000;1240;0;12200;2440;2855
P200060617;P200060617_10;J;9000;0;0;10000;1200;2700
P200060617;P200060617_11;K;10000;0;0;10570;780;1340
P200060617;P200060617_12;L;10570;0;0;13170;1200;2935
P200060617;P200060617_13;M;12200;1240;0;13200;2440;2700
P200060613;P200060613_1;A;0;1240;0;3200;2440;2935
P200060613;P200060613_2;B;0;0;0;2600;1200;2935
P200060613;P200060613_3;C;2600;0;0;5200;1200;2935
P200060613;P200060613_4;D;3200;1240;0;5800;2440;2935
P200060613;P200060613_5;E;5200;0;0;8400;1200;2320
P200060613;P200060613_6;F;5800;1240;0;9000;2440;2855
P200060613;P200060613_7;G;8400;0;0;10000;1200;2700
P200060613;P200060613_8;H;9000;1240;0;11600;2440;2935
P200060613;P200060613_9;I;10000;0;0;13200;1200;2935
P200060613;P200060613_10;J;11600;1240;0;13200;2440;2700
P200060611;P200060611_1;A;0;0;0;2600;1200;2935
P200060611;P200060611_2;B;0;1240;0;2600;2440;2935
P200060611;P200060611_3;C;2600;0;0;3800;2400;2835
P200060611;P200060611_4;D;3800;0;0;5400;1200;2700
P200060611;P200060611_5;E;3800;1240;0;7000;2440;2855
P200060611;P200060611_6;F;5400;0;0;7000;1200;2700
P200060611;P200060611_7;G;7000;1240;0;8000;2440;2700
P200060611;P200060611_8;H;7000;0;0;8000;1200;2700
P200060611;P200060611_9;I;8000;0;0;8570;780;1771
P200060611;P200060611_10;J;8000;1240;0;10600;2440;2935
P200060611;P200060611_11;K;8570;0;0;11770;1200;2935
P200060611;P200060611_12;L;10600;1240;0;13200;2440;2935
P200060611;P200060611_13;M;11770;0;0;13370;1200;2700
P200060603;P200060603_1;A;0;1240;0;3200;2440;2320
P200060603;P200060603_2;B;0;0;0;1600;1200;2700
P200060603;P200060603_3;C;1600;0;0;2600;1200;2700
P200060603;P200060603_4;D;2600;0;0;3600;1200;2700
P200060603;P200060603_5;E;3200;1240;0;6400;2440;2855
P200060603;P200060603_6;F;3600;0;0;6200;1200;2935
P200060603;P200060603_7;G;6200;0;0;8800;1200;2935
P200060603;P200060603_8;H;6400;1240;0;9000;2440;2935
P200060603;P200060603_9;I;8800;0;0;11400;1200;2935
P200060603;P200060603_10;J;9000;1240;0;11600;2440;2935
P200060603;P200060603_11;K;11400;0;0;12400;1200;2700
P200060603;P200060603_12;L;11600;1240;0;13200;2440;2700
P200060603;P200060603_13;M;12400;0;0;13400;1200;2700
P200060601;P200060601_1;A;0;0;0;570;780;478
P200060601;P200060601_2;B;0;1240;0;3200;2440;2935
P200060601;P200060601_3;C;570;0;0;3770;1200;2935
P200060601;P200060601_4;D;3200;1240;0;6400;2440;2320
P200060601;P200060601_5;E;3770;0;0;5370;1200;2700
P200060601;P200060601_6;F;5370;0;0;6370;1200;2700
P200060601;P200060601_7;G;6370;0;0;7970;1200;2700
P200060601;P200060601_8;H;6400;1240;0;8000;2440;2700
P200060601;P200060601_9;I;7970;0;0;8970;1200;2700
P200060601;P200060601_10;J;8000;1240;0;11200;2440;2320
P200060601;P200060601_11;K;8970;0;0;12170;1200;2855
P200060601;P200060601_12;L;11200;1660;0;11770;2440;1771
P200060601;P200060601_13;M;11770;1234;0;12780;2440;1185
P200060601;P200060601_14;N;12170;0;0;13170;1200;2700
P199060621;P199060621_1;A;0;0;0;570;780;1771
P199060621;P199060621_2;B;0;1240;0;2600;2440;2935
P199060621;P199060621_3;C;570;0;0;3770;1200;2935
P199060621;P199060621_4;D;2600;1240;0;5800;2440;2935
P199060621;P199060621_5;E;3770;0;0;6970;1200;2935
P199060621;P199060621_6;F;5800;1240;0;8200;2440;2360
P199060621;P199060621_7;G;6970;0;0;10170;1200;2935
P199060621;P199060621_8;H;8200;1240;0;9200;2440;2700
P199060621;P199060621_9;I;9200;1240;0;10800;2440;2700
P199060621;P199060621_10;J;10170;0;0;13370;1200;2855
P199060621;P199060621_11;K;10800;1240;0;13400;2440;2935
P199060617;P199060617_1;A;0;1240;0;2600;2440;2935
P199060617;P199060617_2;B;0;0;0;1600;1200;2700
P199060617;P199060617_3;C;1600;0;0;4200;1200;2935
P199060617;P199060617_4;D;2600;1240;0;5200;2440;2935
P199060617;P199060617_5;E;4200;0;0;5800;1200;2700
P199060617;P199060617_6;F;5200;1240;0;7800;2440;2935
P199060617;P199060617_7;G;5800;0;0;9000;1200;2935
P199060617;P199060617_8;H;7800;1240;0;8800;2440;2700
P199060617;P199060617_9;I;8800;1240;0;12000;2440;2320
P199060617;P199060617_10;J;9000;0;0;12200;1200;2935
P199060617;P199060617_11;K;12000;1240;0;13000;2440;2700
P199060617;P199060617_12;L;12200;0;0;13200;1200;2700
P199060613;P199060613_1;A;0;0;0;1200;2400;975
P199060613;P199060613_2;B;1200;0;0;4400;1200;2855
P199060613;P199060613_3;C;1200;1240;0;4400;2440;2935
P199060613;P199060613_4;D;4400;1240;0;6000;2440;2700
P199060613;P199060613_5;E;4400;0;0;7600;1200;2935
P199060613;P199060613_6;F;6000;1240;0;8600;2440;2935
P199060613;P199060613_7;G;7600;0;0;10200;1200;2935
P199060613;P199060613_8;H;8600;1240;0;11800;2440;2320
P199060613;P199060613_9;I;10200;0;0;13400;1200;2320
P199060613;P199060613_10;J;11800;1240;0;13400;2440;2700
P199060611;P199060611_1;A;0;0;0;1000;1200;2700
P199060611;P199060611_2;B;0;1660;0;570;2440;1771
P199060611;P199060611_3;C;570;1240;0;3770;2440;2935
P199060611;P199060611_4;D;1000;0;0;3600;1200;2935
P199060611;P199060611_5;E;3600;0;0;6800;1200;2935
P199060611;P199060611_6;F;3770;1240;0;6970;2440;2935
P199060611;P199060611_7;G;6800;0;0;9400;1200;2935
P199060611;P199060611_8;H;6970;1240;0;10170;2440;2320
P199060611;P199060611_9;I;9400;0;0;11000;1200;2700
P199060611;P199060611_10;J;10170;1240;0;13370;2440;2855
P199060611;P199060611_11;K;11000;0;0;12010;1206;1185
P199060611;P199060611_12;L;12010;0;0;13010;1200;2700
P199060603;P199060603_1;A;0;1240;0;3200;2440;2935
P199060603;P199060603_2;B;0;0;0;1600;1200;2700
P199060603;P199060603_3;C;1600;0;0;4200;1200;2935
P199060603;P199060603_4;D;3200;1240;0;5800;2440;2935
P199060603;P199060603_5;E;4200;0;0;6800;1200;2935
P199060603;P199060603_6;F;5800;1240;0;6800;2440;2700
P199060603;P199060603_7;G;6800;0;0;10000;1200;2855
P199060603;P199060603_8;H;6800;1240;0;8400;2440;2700
P199060603;P199060603_9;I;8400;1240;0;10800;2440;2835
P199060603;P199060603_10;J;10000;0;0;11000;1200;2700
P199060603;P199060603_11;K;10800;1240;0;12400;2440;2700
P199060603;P199060603_12;L;11000;0;0;11570;780;478
P199060603;P199060603_13;M;11570;0;0;13170;1200;2700
P199060603;P199060603_14;N;12400;1240;0;13400;2440;2700
P199060601;P199060601_1;A;0;1240;0;3200;2440;500
P199060601;P199060601_2;B;0;0;0;1600;1200;2700
P199060601;P199060601_3;C;1600;0;0;3200;1200;2700
P199060601;P199060601_4;D;3200;0;0;4800;1200;2700
P199060601;P199060601_5;E;3200;1240;0;4800;2440;1815
P199060601;P199060601_6;F;4800;0;0;6000;2400;955
P199060601;P199060601_7;G;6000;0;0;7600;1200;2700
P199060601;P199060601_8;H;6000;1240;0;7600;2440;1815
P199060601;P199060601_9;I;7600;1240;0;8600;2440;2700
P199060601;P199060601_10;J;7600;0;0;8600;1200;1815
P199060601;P199060601_11;K;8600;0;0;11800;1200;2935
P199060601;P199060601_12;L;8600;1240;0;11800;2440;2935
P199060601;P199060601_13;M;11800;1240;0;13400;2440;2700
P199060601;P199060601_14;N;11800;0;0;13400;1200;2700
Q199060601_1;Q199060601_1_1;A;0;0;0;2600;1200;2935
Q199060601_1;Q199060601_1_2;B;0;1240;0;2600;2440;2935
Q199060601_1;Q199060601_1_3;C;2600;1240;0;5200;2440;2935
Q199060601_1;Q199060601_1_4;D;2600;0;0;4200;1200;2700
Q199060601_1;Q199060601_1_5;E;4200;0;0;5200;1200;2700
Q199060601_1;Q199060601_1_6;F;5200;0;0;8400;1200;2935
Q199060601_1;Q199060601_1_7;G;5200;1240;0;7800;2440;2935
Q199060601_1;Q199060601_1_8;H;7800;1240;0;10400;2440;2935
Q199060601_1;Q199060601_1_9;I;8400;0;0;11600;1200;2320
Q199060601_1;Q199060601_1_10;J;10400;1240;0;11400;2440;2700
Q199060601_1;Q199060601_1_11;K;11400;1240;0;13000;2440;2700
Q199060601_1;Q199060601_1_12;L;11600;0;0;13200;1200;2700
Q199060601_2;Q199060601_2_1;A;0;0;0;2600;1200;2935
Q199060601_2;Q199060601_2_2;B;0;1240;0;2600;2440;2935
Q199060601_2;Q199060601_2_3;C;2600;1240;0;4200;2440;930
Q199060601_2;Q199060601_2_4;D;2600;0;0;5200;1200;2935
Q199060601_2;Q199060601_2_5;E;4200;1240;0;7400;2440;2935
Q199060601_2;Q199060601_2_6;F;5200;0;0;8400;1200;2935
Q199060601_2;Q199060601_2_7;G;7400;1240;0;10600;2440;2935
Q199060601_2;Q199060601_2_8;H;8400;0;0;11600;1200;2320
Q199060601_2;Q199060601_2_9;I;10600;1240;0;13200;2440;2935
Q199060601_2;Q199060601_2_10;J;11600;0;0;12600;1200;2700
Q199060601_2;Q199060601_2_11;K;12600;0;0;13170;780;1771
P198060621;P198060621_1;A;0;0;0;3200;1200;2320
P198060621;P198060621_2;B;0;1240;0;3200;2440;2855
P198060621;P198060621_3;C;3200;1660;0;3770;2440;478
P198060621;P198060621_4;D;3200;0;0;5800;1200;2935
P198060621;P198060621_5;E;3770;1240;0;4770;2440;2700
P198060621;P198060621_6;F;4770;1240;0;7970;2440;2855
P198060621;P198060621_7;G;5800;0;0;8400;1200;2935
P198060621;P198060621_8;H;7970;1240;0;11170;2440;2935
P198060621;P198060621_9;I;8400;0;0;10000;1200;2700
P198060621;P198060621_10;J;10000;0;0;13200;1200;2935
P198060621;P198060621_11;K;11170;1240;0;12170;2440;2700
P198060621;P198060621_12;L;12170;1240;0;13170;2440;2700
P198060617;P198060617_1;A;0;0;0;2600;1200;2935
P198060617;P198060617_2;B;0;1240;0;2600;2440;2935
P198060617;P198060617_3;C;2600;1240;0;5200;2440;2935
P198060617;P198060617_4;D;2600;0;0;5800;1200;2935
P198060617;P198060617_5;E;5200;1240;0;8400;2440;2935
P198060617;P198060617_6;F;5800;0;0;8200;1200;2835
P198060617;P198060617_7;G;8200;0;0;11400;1200;2320
P198060617;P198060617_8;H;8400;1240;0;10000;2440;2700
P198060617;P198060617_9;I;10000;1240;0;11600;2440;2700
P198060617;P198060617_10;J;11400;0;0;12400;1200;2700
P198060617;P198060617_11;K;11600;1240;0;13200;2440;2700
P198060617;P198060617_12;L;12400;0;0;13400;1200;2700
P198060613;P198060613_1;A;0;0;0;3200;1200;2935
P198060613;P198060613_2;B;0;1240;0;3200;2440;2855
P198060613;P198060613_3;C;3200;0;0;4400;2400;1430
P198060613;P198060613_4;D;4400;0;0;7600;1200;2935
P198060613;P198060613_5;E;4400;1240;0;7600;2440;2935
P198060613;P198060613_6;F;7600;1240;0;10200;2440;2935
P198060613;P198060613_7;G;7600;0;0;10200;1200;2935
P198060613;P198060613_8;H;10200;0;0;12800;1200;2935
P198060613;P198060613_9;I;10200;1240;0;13400;2440;2320
P198060613;P198060613_10;J;12800;0;0;13370;780;1340
P198060611;P198060611_1;A;0;1240;0;1600;2440;1815
P198060611;P198060611_2;B;0;0;0;3200;1200;2320
P198060611;P198060611_3;C;1600;1240;0;2600;2440;2520
P198060611;P198060611_4;D;2600;1240;0;4200;2440;2700
P198060611;P198060611_5;E;3200;0;0;5800;1200;2935
P198060611;P198060611_6;F;4200;1240;0;6800;2440;2935
P198060611;P198060611_7;G;5800;0;0;9000;1200;2935
P198060611;P198060611_8;H;6800;1240;0;10000;2440;2935
P198060611;P198060611_9;I;9000;0;0;11600;1200;2935
P198060611;P198060611_10;J;10000;1240;0;13200;2440;2935
P198060611;P198060611_11;K;11600;0;0;13200;1200;1815
Q198060611_1;Q198060611_1_1;A;0;0;0;3200;1200;2320
Q198060611_1;Q198060611_1_2;B;0;1240;0;1000;2440;1815
Q198060611_1;Q198060611_1_3;C;1000;1240;0;2000;2440;1815
Q198060611_1;Q198060611_1_4;D;2000;1240;0;3000;2440;1815
Q198060611_1;Q198060611_1_5;E;3000;1240;0;4600;2440;1815
Q198060611_1;Q198060611_1_6;F;3200;0;0;6400;1200;2320
Q198060611_1;Q198060611_1_7;G;4600;1240;0;7800;2440;2935
Q198060611_1;Q198060611_1_8;H;6400;0;0;9600;1200;2935
Q198060611_1;Q198060611_1_9;I;7800;1240;0;11000;2440;2855
Q198060611_1;Q198060611_1_10;J;9600;0;0;12200;1200;2935
Q198060611_1;Q198060611_1_11;K;11000;1240;0;12000;2440;1815
Q198060611_1;Q198060611_1_12;L;12000;1240;0;13000;2440;1815
Q198060611_1;Q198060611_1_13;M;12200;0;0;13210;1206;1185
Q198060611_2;Q198060611_2_1;A;0;0;0;1000;1200;1815
Q198060611_2;Q198060611_2_2;B;0;1240;0;1600;2440;1815
Q198060611_2;Q198060611_2_3;C;1000;0;0;3600;1200;1490
Q198060611_2;Q198060611_2_4;D;1600;1660;0;2170;2440;478
Q198060611_2;Q198060611_2_5;E;2170;1240;0;3770;2440;1815
Q198060611_2;Q198060611_2_6;F;3600;0;0;5200;1200;930
P180065913;P180065913_1;A;0;0;0;1010;1206;2362
P180065913;P180065913_2;B;0;1240;0;1600;2440;2865
P180065913;P180065913_3;C;1010;0;0;2610;1200;2700
P180065913;P180065913_4;D;1600;1240;0;3200;2440;2700
P180065913;P180065913_5;E;2610;0;0;3610;1200;2790
P180065913;P180065913_6;F;3200;1258;0;5020;2440;1160
P180065913;P180065913_7;G;3610;0;0;5210;1200;2700
P180065913;P180065913_8;H;5020;1240;0;6620;2440;2865
P180065913;P180065913_9;I;5210;0;0;6810;1200;2865
P180065913;P180065913_10;J;6620;1240;0;7620;2440;2745
P180065913;P180065913_11;K;6810;0;0;8410;1200;2700
P180065913;P180065913_12;L;7620;1240;0;9220;2440;2700
P180065913;P180065913_13;M;8410;0;0;10010;1200;2340
P180065913;P180065913_14;N;9220;1240;0;10820;2440;2865
P180065913;P180065913_15;O;10010;0;0;11610;1200;2865
P180065913;P180065913_16;P;10820;1240;0;12420;2440;2865
P180065913;P180065913_17;Q;11610;0;0;13210;1200;2865
P180065913;P180065913_18;R;12420;1240;0;13420;2440;2700
P180065911;P180065911_1;A;0;0;0;1900;1200;2955
P180065911;P180065911_2;B;0;1240;0;1600;2440;2340
P180065911;P180065911_3;C;1600;1240;0;3200;2440;2700
P180065911;P180065911_4;D;1900;0;0;3500;1200;2700
P180065911;P180065911_5;E;3200;1240;0;4800;2440;2700
P180065911;P180065911_6;F;3500;0;0;5100;1200;2700
P180065911;P180065911_7;G;4800;1240;0;6400;2440;2700
P180065911;P180065911_8;H;5100;0;0;6100;1200;2700
P180065911;P180065911_9;I;6100;0;0;7700;1200;2700
P180065911;P180065911_10;J;6400;1240;0;8000;2440;2700
P180065911;P180065911_11;K;7700;0;0;9300;1200;2700
P180065911;P180065911_12;L;8000;1240;0;9600;2440;2700
P180065911;P180065911_13;M;9300;0;0;10300;1200;2700
P180065911;P180065911_14;N;9600;1240;0;10600;2440;2700
P180065911;P180065911_15;O;10300;0;0;11900;1200;2865
P180065911;P180065911_16;P;10600;1240;0;12200;2440;2865
P180065911;P180065911_17;Q;11900;0;0;13500;1200;2865
P180065911;P180065911_18;R;12200;1240;0;13200;2440;975
P180065905;P180065905_1;A;0;1240;0;1600;2440;2340
P180065905;P180065905_2;B;0;0;0;1600;1200;2865
P180065905;P180065905_3;C;1600;0;0;3200;1200;2865
P180065905;P180065905_4;D;1600;1240;0;3200;2440;2340
P180065905;P180065905_5;E;3200;1258;0;5020;2440;1160
P180065905;P180065905_6;F;3200;0;0;4200;1200;2700
P180065905;P180065905_7;G;4200;0;0;5200;1200;2700
P180065905;P180065905_8;H;5020;1234;0;6030;2440;1181
P180065905;P180065905_9;I;5200;0;0;7100;1200;1500
P180065905;P180065905_10;J;6030;1240;0;7630;2440;2700
P180065905;P180065905_11;K;7100;0;0;8700;1200;2865
P180065905;P180065905_12;L;7630;1240;0;8630;2440;975
P180065905;P180065905_13;M;8630;1240;0;10230;2440;2700
P180065905;P180065905_14;N;8700;0;0;10300;1200;2700
P180065905;P180065905_15;O;10230;1240;0;11830;2440;2700
P180065905;P180065905_16;P;10300;0;0;11900;1200;2700
P180065905;P180065905_17;Q;11830;1240;0;13430;2440;2700
P180065905;P180065905_18;R;11900;0;0;13500;1200;2700
P180065901;P180065901_1;A;0;0;0;1600;1200;2700
P180065901;P180065901_2;B;0;1240;0;1600;2440;2700
P180065901;P180065901_3;C;1600;1240;0;2600;2440;2745
P180065901;P180065901_4;D;1600;0;0;3200;1200;2700
P180065901;P180065901_5;E;2600;1240;0;4200;2440;2700
P180065901;P180065901_6;F;3200;0;0;4800;1200;2700
P180065901;P180065901_7;G;4200;1240;0;5200;2440;2745
P180065901;P180065901_8;H;4800;0;0;6400;1200;2700
P180065901;P180065901_9;I;5200;1240;0;6800;2440;2700
P180065901;P180065901_10;J;6400;0;0;8000;1200;2700
P180065901;P180065901_11;K;6800;1240;0;8400;2440;2700
P180065901;P180065901_12;L;8000;0;0;9600;1200;2700
P180065901;P180065901_13;M;8400;1240;0;10000;2440;2700
P180065901;P180065901_14;N;9600;0;0;11200;1200;2700
P180065901;P180065901_15;O;10000;1240;0;11600;2440;2700
P180065901;P180065901_16;P;11200;0;0;12800;1200;2700
P180065901;P180065901_17;Q;11600;1240;0;13200;2440;2700
P179065917;P179065917_1;A;0;0;0;1600;1200;2700
P179065917;P179065917_2;B;0;1240;0;1600;2440;2700
P179065917;P179065917_3;C;1600;1240;0;3200;2440;2700
P179065917;P179065917_4;D;1600;0;0;3200;1200;2700
P179065917;P179065917_5;E;3200;0;0;4800;1200;2700
P179065917;P179065917_6;F;3200;1240;0;4800;2440;2700
P179065917;P179065917_7;G;4800;1240;0;6400;2440;2700
P179065917;P179065917_8;H;4800;0;0;6400;1200;2700
P179065917;P179065917_9;I;6400;0;0;8000;1200;2865
P179065917;P179065917_10;J;6400;1240;0;8000;2440;2865
P179065917;P179065917_11;K;8000;1240;0;9600;2440;2865
P179065917;P179065917_12;L;8000;0;0;9600;1200;2865
P179065917;P179065917_13;M;9600;0;0;10610;1206;1181
P179065917;P179065917_14;N;9600;1240;0;11200;2440;2865
P179065917;P179065917_15;O;10610;0;0;12210;1200;2700
P179065917;P179065917_16;P;11200;1240;0;12200;2440;2700
P179065917;P179065917_17;Q;12200;1240;0;13200;2440;2745
P179065917;P179065917_18;R;12210;0;0;13210;1200;2700
P179065913;P179065913_1;A;0;0;0;1600;1200;2700
P179065913;P179065913_2;B;0;1240;0;1600;2440;2700
P179065913;P179065913_3;C;1600;1240;0;3200;2440;2700
P179065913;P179065913_4;D;1600;0;0;3200;1200;2700
P179065913;P179065913_5;E;3200;0;0;5100;1200;2955
P179065913;P179065913_6;F;3200;1240;0;4800;2440;2700
P179065913;P179065913_7;G;4800;1240;0;6400;2440;2700
P179065913;P179065913_8;H;5100;0;0;6700;1200;2700
P179065913;P179065913_9;I;6400;1240;0;8000;2440;2865
P179065913;P179065913_10;J;6700;0;0;8300;1200;2865
P179065913;P179065913_11;K;8000;1240;0;9600;2440;2700
P179065913;P179065913_12;L;8300;0;0;9900;1200;2700
P179065913;P179065913_13;M;9600;1240;0;11200;2440;2700
P179065913;P179065913_14;N;9900;0;0;11500;1200;2700
P179065913;P179065913_15;O;11200;1240;0;12800;2440;2700
P179065913;P179065913_16;P;11500;0;0;12500;1200;2700
P179065913;P179065913_17;Q;12500;0;0;13500;1200;1815
P179065911;P179065911_1;A;0;1240;0;1600;2440;2700
P179065911;P179065911_2;B;0;0;0;1820;1182;1160
P179065911;P179065911_3;C;1600;1240;0;3500;2440;1500
P179065911;P179065911_4;D;1820;0;0;3420;1200;2700
P179065911;P179065911_5;E;3420;0;0;5020;1200;2700
P179065911;P179065911_6;F;3500;1240;0;5100;2440;2700
P179065911;P179065911_7;G;5020;0;0;6030;1206;1181
P179065911;P179065911_8;H;5100;1240;0;6700;2440;2700
P179065911;P179065911_9;I;6030;0;0;7630;1200;2865
P179065911;P179065911_10;J;6700;1240;0;8300;2440;2700
P179065911;P179065911_11;K;7630;0;0;8630;1200;930
P179065911;P179065911_12;L;8300;1240;0;9900;2440;2865
P179065911;P179065911_13;M;8630;0;0;10230;1200;2865
P179065911;P179065911_14;N;9900;1240;0;11500;2440;2865
P179065911;P179065911_15;O;10230;0;0;11830;1200;2700
P179065911;P179065911_16;P;11500;1240;0;13100;2440;2700
P179065911;P179065911_17;Q;11830;0;0;13430;1200;2700
P179065909;P179065909_1;A;0;0;0;1600;1200;2700
P179065909;P179065909_2;B;0;1240;0;1600;2440;2700
P179065909;P179065909_3;C;1600;1240;0;3200;2440;2700
P179065909;P179065909_4;D;1600;0;0;3200;1200;2700
P179065909;P179065909_5;E;3200;0;0;4800;1200;2700
P179065909;P179065909_6;F;3200;1240;0;4200;2440;2745
P179065909;P179065909_7;G;4200;1240;0;5800;2440;2700
P179065909;P179065909_8;H;4800;0;0;5800;1200;2790
P179065909;P179065909_9;I;5800;1240;0;7400;2440;2700
P179065909;P179065909_10;J;5800;0;0;7400;1200;2700
P179065909;P179065909_11;K;7400;0;0;9000;1200;2700
P179065909;P179065909_12;L;7400;1240;0;9000;2440;2700
P179065909;P179065909_13;M;9000;1240;0;10600;2440;2700
P179065909;P179065909_14;N;9000;0;0;10000;1200;2700
P179065909;P179065909_15;O;10000;0;0;11600;1200;2865
P179065909;P179065909_16;P;10600;1240;0;12200;2440;2865
P179065909;P179065909_17;Q;11600;0;0;13200;1200;2865
P179065909;P179065909_18;R;12200;1240;0;13200;2440;2700
P179065905;P179065905_1;A;0;1240;0;1600;2440;2700
P179065905;P179065905_2;B;0;0;0;1600;1200;2700
P179065905;P179065905_3;C;1600;0;0;3200;1200;2700
P179065905;P179065905_4;D;1600;1240;0;3200;2440;2700
P179065905;P179065905_5;E;3200;1234;0;4210;2440;1181
P179065905;P179065905_6;F;3200;0;0;4200;1200;2745
P179065905;P179065905_7;G;4200;0;0;5800;1200;2340
P179065905;P179065905_8;H;4210;1240;0;5810;2440;2865
P179065905;P179065905_9;I;5800;0;0;7400;1200;2865
P179065905;P179065905_10;J;5810;1240;0;7410;2440;2340
P179065905;P179065905_11;K;7400;0;0;9000;1200;2700
P179065905;P179065905_12;L;7410;1240;0;9010;2440;2700
P179065905;P179065905_13;M;9000;0;0;10000;1200;930
P179065905;P179065905_14;N;9010;1240;0;10610;2440;2700
P179065905;P179065905_15;O;10000;0;0;11600;1200;2700
P179065905;P179065905_16;P;10610;1240;0;12210;2440;2700
P179065905;P179065905_17;Q;11600;0;0;13200;1200;2700
P179065905;P179065905_18;R;12210;1234;0;13220;2440;2847
Q179065905_1;Q179065905_1_1;A;0;0;0;1600;1200;2700
Q179065905_1;Q179065905_1_2;B;0;1240;0;1600;2440;2340
Q179065905_1;Q179065905_1_3;C;1600;1240;0;3200;2440;2340
Q179065905_1;Q179065905_1_4;D;1600;0;0;3200;1200;2700
Q179065905_1;Q179065905_1_5;E;3200;0;0;4800;1200;2700
Q179065905_1;Q179065905_1_6;F;3200;1240;0;5100;2440;2955
Q179065905_1;Q179065905_1_7;G;4800;0;0;5800;1200;2700
Q179065905_1;Q179065905_1_8;H;5100;1240;0;6700;2440;2865
Q179065905_1;Q179065905_1_9;I;5800;0;0;6800;1200;975
Q179065905_1;Q179065905_1_10;J;6700;1240;0;8300;2440;2700
Q179065905_1;Q179065905_1_11;K;6800;0;0;8400;1200;2700
Q179065905_1;Q179065905_1_12;L;8300;1240;0;9900;2440;2700
Q179065905_1;Q179065905_1_13;M;8400;0;0;10000;1200;2700
Q179065905_1;Q179065905_1_14;N;9900;1240;0;11500;2440;2700
Q179065905_1;Q179065905_1_15;O;10000;0;0;11600;1200;2700
Q179065905_1;Q179065905_1_16;P;11500;1240;0;13100;2440;930
Q179065905_1;Q179065905_1_17;Q;11600;0;0;13200;1200;2700
P179065901;P179065901_1;A;0;1240;0;1600;2440;2700
P179065901;P179065901_2;B;0;0;0;1600;1200;2700
P179065901;P179065901_3;C;1600;0;0;3200;1200;2700
P179065901;P179065901_4;D;1600;1240;0;3200;2440;2700
P179065901;P179065901_5;E;3200;0;0;4800;1200;2700
P179065901;P179065901_6;F;3200;1240;0;4800;2440;2700
P179065901;P179065901_7;G;4800;1258;0;6620;2440;1160
P179065901;P179065901_8;H;4800;0;0;6400;1200;2700
P179065901;P179065901_9;I;6400;0;0;8000;1200;2700
P179065901;P179065901_10;J;6620;1240;0;8220;2440;2700
P179065901;P179065901_11;K;8000;0;0;9900;1200;1500
P179065901;P179065901_12;L;8220;1240;0;9220;2440;2790
P179065901;P179065901_13;M;9220;1240;0;10820;2440;2520
P179065901;P179065901_14;N;9900;0;0;11500;1200;2865
P179065901;P179065901_15;O;10820;1240;0;12420;2440;2865
P179065901;P179065901_16;P;11500;0;0;13100;1200;2160
P179065901;P179065901_17;Q;12420;1240;0;13420;2440;2700
P178065917;P178065917_1;A;0;1240;0;1000;2440;2745
P178065917;P178065917_2;B;0;0;0;1900;1200;1500
P178065917;P178065917_3;C;1000;1240;0;2600;2440;2700
P178065917;P178065917_4;D;1900;0;0;3500;1200;2700
P178065917;P178065917_5;E;2600;1240;0;4200;2440;2700
P178065917;P178065917_6;F;3500;0;0;4500;1200;2700
P178065917;P178065917_7;G;4200;1240;0;5200;2440;2700
P178065917;P178065917_8;H;4500;0;0;6100;1200;2700
P178065917;P178065917_9;I;5200;1240;0;6800;2440;2700
P178065917;P178065917_10;J;6100;0;0;7700;1200;2700
P178065917;P178065917_11;K;6800;1240;0;8400;2440;2700
P178065917;P178065917_12;L;7700;0;0;9300;1200;2865
P178065917;P178065917_13;M;8400;1240;0;10000;2440;2865
P178065917;P178065917_14;N;9300;0;0;10900;1200;2865
P178065917;P178065917_15;O;10000;1240;0;11600;2440;2865
P178065917;P178065917_16;P;10900;0;0;12500;1200;2700
P178065917;P178065917_17;Q;11600;1240;0;13200;2440;930
P178065913;P178065913_1;A;0;1234;0;1010;2440;2362
P178065913;P178065913_2;B;0;0;0;1600;1200;2865
P178065913;P178065913_3;C;1010;1240;0;2610;2440;2865
P178065913;P178065913_4;D;1600;0;0;3200;1200;2865
P178065913;P178065913_5;E;2610;1240;0;3610;2440;2700
P178065913;P178065913_6;F;3200;0;0;4200;1200;2700
P178065913;P178065913_7;G;3610;1240;0;5210;2440;2700
P178065913;P178065913_8;H;4200;0;0;5800;1200;2700
P178065913;P178065913_9;I;5210;1240;0;6810;2440;2700
P178065913;P178065913_10;J;5800;0;0;7400;1200;2700
P178065913;P178065913_11;K;6810;1240;0;8410;2440;2865
P178065913;P178065913_12;L;7400;0;0;9000;1200;2700
P178065913;P178065913_13;M;8410;1240;0;10010;2440;2700
P178065913;P178065913_14;N;9000;0;0;10600;1200;2700
P178065913;P178065913_15;O;10010;1240;0;11610;2440;2700
P178065913;P178065913_16;P;10600;0;0;12200;1200;2700
P178065913;P178065913_17;Q;11610;1240;0;13210;2440;2700
P178065913;P178065913_18;R;12200;0;0;13200;1200;975
P178065911;P178065911_1;A;0;0;0;1900;1200;2955
P178065911;P178065911_2;B;0;1240;0;1600;2440;2700
P178065911;P178065911_3;C;1600;1240;0;3200;2440;2700
P178065911;P178065911_4;D;1900;0;0;3500;1200;2700
P178065911;P178065911_5;E;3200;1240;0;4200;2440;2745
P178065911;P178065911_6;F;3500;0;0;4500;1200;930
P178065911;P178065911_7;G;4200;1240;0;5800;2440;2865
P178065911;P178065911_8;H;4500;0;0;6100;1200;2865
P178065911;P178065911_9;I;5800;1240;0;7400;2440;2700
P178065911;P178065911_10;J;6100;0;0;7700;1200;2700
P178065911;P178065911_11;K;7400;1240;0;9000;2440;2700
P178065911;P178065911_12;L;7700;0;0;9300;1200;2700
P178065911;P178065911_13;M;9000;1258;0;10820;2440;1160
P178065911;P178065911_14;N;9300;0;0;10900;1200;2700
P178065911;P178065911_15;O;10820;1240;0;12420;2440;1815
P178065905;P178065905_1;A;0;0;0;1010;1206;2747
P178065905;P178065905_2;B;0;1234;0;1010;2440;2947
P178065905;P178065905_3;C;1010;1234;0;2020;2440;2555
P178065905;P178065905_4;D;1010;0;0;2020;1206;2751
P178065905;P178065905_5;E;2020;0;0;3030;1206;2847
P178065905;P178065905_6;F;2020;1234;0;3030;2440;2266
P178065905;P178065905_7;G;3030;1234;0;4040;2440;2362
P178065905;P178065905_8;H;3030;0;0;4040;1206;2347
P178065905;P178065905_9;I;4040;0;0;5640;1200;2700
P178065905;P178065905_10;J;4040;1240;0;5640;2440;2700
P178065905;P178065905_11;K;5640;1240;0;7240;2440;2700
P178065905;P178065905_12;L;5640;0;0;7240;1200;2700
P178065905;P178065905_13;M;7240;0;0;8840;1200;2700
P178065905;P178065905_14;N;7240;1240;0;8840;2440;2700
P178065905;P178065905_15;O;8840;1240;0;10440;2440;2700
P178065905;P178065905_16;P;8840;0;0;10440;1200;2700
P178065905;P178065905_17;Q;10440;0;0;11450;1206;2362
P178065905;P178065905_18;R;10440;1234;0;11450;2440;2362
P178065905;P178065905_19;S;11450;1234;0;12460;2440;2362
P178065905;P178065905_20;T;11450;0;0;12460;1206;2555
P178065905;P178065905_21;U;12460;0;0;13470;1206;2366
P178065905;P178065905_22;V;12460;1234;0;13470;2440;2747
Q178065905_1;Q178065905_1_1;A;0;1240;0;1600;2440;2700
Q178065905_1;Q178065905_1_2;B;0;0;0;1600;1200;2700
Q178065905_1;Q178065905_1_3;C;1600;0;0;3200;1200;2700
Q178065905_1;Q178065905_1_4;D;1600;1234;0;2610;2440;2170
Q178065905_1;Q178065905_1_5;E;2610;1240;0;4210;2440;2700
Q178065905_1;Q178065905_1_6;F;3200;0;0;4800;1200;2700
Q178065905_1;Q178065905_1_7;G;4210;1240;0;5810;2440;2700
Q178065905_1;Q178065905_1_8;H;4800;0;0;6400;1200;2700
Q178065905_1;Q178065905_1_9;I;5810;1240;0;7410;2440;2700
Q178065905_1;Q178065905_1_10;J;6400;0;0;8000;1200;2700
Q178065905_1;Q178065905_1_11;K;7410;1240;0;9010;2440;2700
Q178065905_1;Q178065905_1_12;L;8000;0;0;9600;1200;2700
Q178065905_1;Q178065905_1_13;M;9010;1240;0;10610;2440;2700
Q178065905_1;Q178065905_1_14;N;9600;0;0;10610;1206;2266
Q178065905_1;Q178065905_1_15;O;10610;1234;0;11620;2440;2362
Q178065905_1;Q178065905_1_16;P;10610;0;0;12210;1200;2700
Q178065905_1;Q178065905_1_17;Q;11620;1240;0;13220;2440;2700
Q178065905_1;Q178065905_1_18;R;12210;0;0;13220;1206;2362
P178065901;P178065901_1;A;0;1240;0;1600;2440;2865
P178065901;P178065901_2;B;0;0;0;1600;1200;2865
P178065901;P178065901_3;C;1600;0;0;3200;1200;2865
P178065901;P178065901_4;D;1600;1240;0;3200;2440;2865
P178065901;P178065901_5;E;3200;1240;0;4800;2440;2700
P178065901;P178065901_6;F;3200;0;0;4200;1200;2700
P178065901;P178065901_7;G;4200;0;0;5200;1200;2700
P178065901;P178065901_8;H;4800;1240;0;5800;2440;2700
P178065901;P178065901_9;I;5200;0;0;7100;1200;1500
P178065901;P178065901_10;J;5800;1234;0;6810;2440;1181
P178065901;P178065901_11;K;6810;1240;0;8410;2440;2865
P178065901;P178065901_12;L;7100;0;0;8700;1200;2700
P178065901;P178065901_13;M;8410;1240;0;9410;2440;2835
P178065901;P178065901_14;N;8700;0;0;10300;1200;2700
P178065901;P178065901_15;O;9410;1240;0;11010;2440;2865
P178065901;P178065901_16;P;10300;0;0;11900;1200;2865
P178065901;P178065901_17;Q;11010;1240;0;12610;2440;2865
P178065901;P178065901_18;R;11900;0;0;13500;1200;2865
P177065917;P177065917_1;A;0;1240;0;1600;2440;2700
P177065917;P177065917_2;B;0;0;0;1600;1200;2700
P177065917;P177065917_3;C;1600;0;0;3200;1200;2700
P177065917;P177065917_4;D;1600;1240;0;3200;2440;2700
P177065917;P177065917_5;E;3200;1240;0;4800;2440;2700
P177065917;P177065917_6;F;3200;0;0;4800;1200;2700
P177065917;P177065917_7;G;4800;0;0;6400;1200;2700
P177065917;P177065917_8;H;4800;1240;0;6700;2440;2955
P177065917;P177065917_9;I;6400;0;0;8000;1200;2700
P177065917;P177065917_10;J;6700;1240;0;8300;2440;2700
P177065917;P177065917_11;K;8000;0;0;9600;1200;2700
P177065917;P177065917_12;L;8300;1240;0;9300;2440;2745
P177065917;P177065917_13;M;9300;1240;0;10900;2440;2700
P177065917;P177065917_14;N;9600;0;0;11200;1200;2700
P177065917;P177065917_15;O;10900;1240;0;12500;2440;2700
P177065917;P177065917_16;P;11200;0;0;12800;1200;2700
P177065917;P177065917_17;Q;12500;1240;0;13500;2440;2745
P177065913;P177065913_1;A;0;0;0;1600;1200;2700
P177065913;P177065913_2;B;0;1234;0;1010;2440;2362
P177065913;P177065913_3;C;1010;1240;0;2610;2440;2865
P177065913;P177065913_4;D;1600;0;0;3200;1200;2865
P177065913;P177065913_5;E;2610;1240;0;4210;2440;2865
P177065913;P177065913_6;F;3200;0;0;4800;1200;2700
P177065913;P177065913_7;G;4210;1240;0;5810;2440;2700
P177065913;P177065913_8;H;4800;0;0;5800;1200;2700
P177065913;P177065913_9;I;5800;0;0;6800;1200;2700
P177065913;P177065913_10;J;5810;1240;0;6810;2440;2700
P177065913;P177065913_11;K;6800;0;0;8400;1200;2700
P177065913;P177065913_12;L;6810;1240;0;8410;2440;2340
P177065913;P177065913_13;M;8400;0;0;10220;1182;1160
P177065913;P177065913_14;N;8410;1240;0;10010;2440;2865
P177065913;P177065913_15;O;10010;1240;0;11610;2440;2865
P177065913;P177065913_16;P;10220;0;0;11820;1200;2865
P177065913;P177065913_17;Q;11610;1240;0;13210;2440;2865
P177065913;P177065913_18;R;11820;0;0;13420;1200;2340
P177065911;P177065911_1;A;0;1240;0;1000;2440;2790
P177065911;P177065911_2;B;0;0;0;1600;1200;2700
P177065911;P177065911_3;C;1000;1240;0;2600;2440;2700
P177065911;P177065911_4;D;1600;0;0;3500;1200;1500
P177065911;P177065911_5;E;2600;1240;0;4200;2440;2700
P177065911;P177065911_6;F;3500;0;0;5100;1200;2700
P177065911;P177065911_7;G;4200;1240;0;5800;2440;2700
P177065911;P177065911_8;H;5100;0;0;6100;1200;2700
P177065911;P177065911_9;I;5800;1240;0;6800;2440;2745
P177065911;P177065911_10;J;6100;0;0;7700;1200;2865
P177065911;P177065911_11;K;6800;1240;0;8400;2440;2865
P177065911;P177065911_12;L;7700;0;0;9300;1200;2700
P177065911;P177065911_13;M;8400;1240;0;10000;2440;2700
P177065911;P177065911_14;N;9300;0;0;10900;1200;2700
P177065911;P177065911_15;O;10000;1240;0;11600;2440;2700
P177065911;P177065911_16;P;10900;0;0;12500;1200;2700
P177065911;P177065911_17;Q;11600;1240;0;13200;2440;2700
P177065911;P177065911_18;R;12500;0;0;13500;1200;2700
P175065901;P175065901_1;A;0;1240;0;1600;2440;2700
P175065901;P175065901_2;B;0;0;0;1000;1200;2745
P175065901;P175065901_3;C;1000;0;0;2010;1206;1181
P175065901;P175065901_4;D;1600;1240;0;3200;2440;2865
P175065901;P175065901_5;E;2010;0;0;3610;1200;2865
P175065901;P175065901_6;F;3200;1240;0;4800;2440;2865
P175065901;P175065901_7;G;3610;0;0;5210;1200;2865
P175065901;P175065901_8;H;4800;1240;0;6400;2440;2865
P175065901;P175065901_9;I;5210;0;0;6810;1200;2865
P175065901;P175065901_10;J;6400;1240;0;8000;2440;2865
P175065901;P175065901_11;K;6810;0;0;7810;1200;2790
P175065901;P175065901_12;L;7810;0;0;8810;1200;2700
P175065901;P175065901_13;M;8000;1240;0;9000;2440;2700
P175065901;P175065901_14;N;8810;0;0;9810;1200;2700
P175065901;P175065901_15;O;9000;1240;0;10000;2440;1815
P175065901;P175065901_16;P;9810;0;0;11410;1200;2700
P175065901;P175065901_17;Q;10000;1240;0;11600;2440;2700
P175065901;P175065901_18;R;11410;0;0;13010;1200;2865
P175065901;P175065901_19;S;11600;1240;0;13200;2440;2865
P174065917;P174065917_1;A;0;0;0;1600;1200;2700
P174065917;P174065917_2;B;0;1240;0;1600;2440;2700
P174065917;P174065917_3;C;1600;1240;0;3200;2440;2700
P174065917;P174065917_4;D;1600;0;0;3200;1200;2700
P174065917;P174065917_5;E;3200;0;0;4800;1200;2700
P174065917;P174065917_6;F;3200;1240;0;4800;2440;2700
P174065917;P174065917_7;G;4800;1240;0;6400;2440;2700
P174065917;P174065917_8;H;4800;0;0;6400;1200;2700
P174065917;P174065917_9;I;6400;0;0;8000;1200;2700
P174065917;P174065917_10;J;6400;1240;0;8000;2440;2700
P174065917;P174065917_11;K;8000;1240;0;9600;2440;2700
P174065917;P174065917_12;L;8000;0;0;9600;1200;2700
P174065917;P174065917_13;M;9600;0;0;11200;1200;2700
P174065917;P174065917_14;N;9600;1240;0;11200;2440;2700
P174065917;P174065917_15;O;11200;1240;0;13100;2440;2955
P174065917;P174065917_16;P;11200;0;0;12800;1200;2700
P174065915;P174065915_1;A;0;0;0;1600;1200;2700
P174065915;P174065915_2;B;0;1240;0;1600;2440;2700
P174065915;P174065915_3;C;1600;1240;0;3200;2440;2700
P174065915;P174065915_4;D;1600;0;0;3200;1200;2700
P174065915;P174065915_5;E;3200;0;0;4800;1200;2700
P174065915;P174065915_6;F;3200;1258;0;5020;2440;1160
P174065915;P174065915_7;G;4800;0;0;6400;1200;2700
P174065915;P174065915_8;H;5020;1240;0;6620;2440;2700
P174065915;P174065915_9;I;6400;0;0;8000;1200;2700
P174065915;P174065915_10;J;6620;1240;0;8220;2440;2700
P174065915;P174065915_11;K;8000;0;0;9600;1200;2700
P174065915;P174065915_12;L;8220;1240;0;9820;2440;2700
P174065915;P174065915_13;M;9600;0;0;11200;1200;2700
P174065915;P174065915_14;N;9820;1240;0;11420;2440;2700
P174065915;P174065915_15;O;11200;0;0;12800;1200;2700
P174065915;P174065915_16;P;11420;1240;0;13020;2440;2865
P174065913;P174065913_1;A;0;1234;0;1010;2440;1181
P174065913;P174065913_2;B;0;0;0;1600;1200;2700
P174065913;P174065913_3;C;1010;1240;0;2610;2440;2700
P174065913;P174065913_4;D;1600;0;0;2600;1200;2745
P174065913;P174065913_5;E;2600;0;0;4200;1200;2700
P174065913;P174065913_6;F;2610;1240;0;4210;2440;2700
P174065913;P174065913_7;G;4200;0;0;5800;1200;2700
P174065913;P174065913_8;H;4210;1240;0;5810;2440;2700
P174065913;P174065913_9;I;5800;0;0;7400;1200;2700
P174065913;P174065913_10;J;5810;1240;0;6810;2440;2745
P174065913;P174065913_11;K;6810;1240;0;8410;2440;2700
P174065913;P174065913_12;L;7400;0;0;8400;1200;2700
P174065913;P174065913_13;M;8400;0;0;10000;1200;2865
P174065913;P174065913_14;N;8410;1240;0;10010;2440;2865
P174065913;P174065913_15;O;10000;0;0;11600;1200;2865
P174065913;P174065913_16;P;10010;1240;0;11610;2440;2700
P174065913;P174065913_17;Q;11600;0;0;13200;1200;2700
P174065913;P174065913_18;R;11610;1240;0;13210;2440;2700
P174065911;P174065911_1;A;0;1240;0;1600;2440;2700
P174065911;P174065911_2;B;0;0;0;1600;1200;2700
P174065911;P174065911_3;C;1600;0;0;3200;1200;2865
P174065911;P174065911_4;D;1600;1240;0;3200;2440;2700
P174065911;P174065911_5;E;3200;1240;0;5100;2440;1500
P174065911;P174065911_6;F;3200;0;0;4800;1200;2700
P174065911;P174065911_7;G;4800;0;0;6400;1200;2700
P174065911;P174065911_8;H;5100;1240;0;6700;2440;2865
P174065911;P174065911_9;I;6400;0;0;8000;1200;2700
P174065911;P174065911_10;J;6700;1240;0;8300;2440;2865
P174065911;P174065911_11;K;8000;0;0;9600;1200;2865
P174065911;P174065911_12;L;8300;1240;0;9300;2440;2700
P174065911;P174065911_13;M;9300;1240;0;10300;2440;2700
P174065911;P174065911_14;N;9600;0;0;11200;1200;2700
P174065911;P174065911_15;O;10300;1240;0;11900;2440;2865
P174065911;P174065911_16;P;11200;0;0;12210;1206;1181
P174065911;P174065911_17;Q;11900;1240;0;13500;2440;2700
P174065911;P174065911_18;R;12210;0;0;13210;1200;1905
P174065907;P174065907_1;A;0;1258;0;1820;2440;1160
P174065907;P174065907_2;B;0;0;0;1600;1200;2700
P174065907;P174065907_3;C;1600;0;0;3200;1200;2700
P174065907;P174065907_4;D;1820;1240;0;3420;2440;2700
P174065907;P174065907_5;E;3200;0;0;4800;1200;2700
P174065907;P174065907_6;F;3420;1240;0;5020;2440;2700
P174065907;P174065907_7;G;4800;0;0;6700;1200;2955
P174065907;P174065907_8;H;5020;1240;0;6620;2440;2700
P174065907;P174065907_9;I;6620;1240;0;8220;2440;2700
P174065907;P174065907_10;J;6700;0;0;8300;1200;2700
P174065907;P174065907_11;K;8220;1240;0;9820;2440;2865
P174065907;P174065907_12;L;8300;0;0;9900;1200;2865
P174065907;P174065907_13;M;9820;1240;0;11420;2440;2865
P174065907;P174065907_14;N;9900;0;0;11500;1200;2865
P174065907;P174065907_15;O;11420;1240;0;12420;2440;2790
P174065907;P174065907_16;P;11500;0;0;13100;1200;2700
P174065907;P174065907_17;Q;12420;1240;0;13420;2440;2700
P174065901;P174065901_1;A;0;0;0;1600;1200;2700
P174065901;P174065901_2;B;0;1234;0;1010;2440;1181
P174065901;P174065901_3;C;1010;1240;0;2610;2440;2700
P174065901;P174065901_4;D;1600;0;0;3200;1200;2700
P174065901;P174065901_5;E;2610;1240;0;4210;2440;2865
P174065901;P174065901_6;F;3200;0;0;4200;1200;2745
P174065901;P174065901_7;G;4200;0;0;5800;1200;2700
P174065901;P174065901_8;H;4210;1240;0;5810;2440;2700
P174065901;P174065901_9;I;5800;0;0;7400;1200;2700
P174065901;P174065901_10;J;5810;1240;0;7410;2440;2700
P174065901;P174065901_11;K;7400;0;0;8400;1200;2700
P174065901;P174065901_12;L;7410;1240;0;8410;2440;2700
P174065901;P174065901_13;M;8400;0;0;10000;1200;2700
P174065901;P174065901_14;N;8410;1240;0;10010;2440;2700
P174065901;P174065901_15;O;10000;0;0;11600;1200;2700
P174065901;P174065901_16;P;10010;1240;0;11610;2440;2700
P174065901;P174065901_17;Q;11600;0;0;13200;1200;2700
P174065901;P174065901_18;R;11610;1240;0;13210;2440;2700
P173065917;P173065917_1;A;0;1240;0;1600;2440;2700
P173065917;P173065917_2;B;0;0;0;1000;1200;2745
P173065917;P173065917_3;C;1000;0;0;2600;1200;2700
P173065917;P173065917_4;D;1600;1240;0;3200;2440;2700
P173065917;P173065917_5;E;2600;0;0;4200;1200;2700
P173065917;P173065917_6;F;3200;1240;0;5100;2440;1500
P173065917;P173065917_7;G;4200;0;0;5800;1200;2865
P173065917;P173065917_8;H;5100;1240;0;6700;2440;2865
P173065917;P173065917_9;I;5800;0;0;7400;1200;2865
P173065917;P173065917_10;J;6700;1240;0;8300;2440;2700
P173065917;P173065917_11;K;7400;0;0;9000;1200;2700
P173065917;P173065917_12;L;8300;1240;0;9900;2440;2700
P173065917;P173065917_13;M;9000;0;0;10600;1200;2700
P173065917;P173065917_14;N;9900;1258;0;11720;2440;1160
P173065917;P173065917_15;O;10600;0;0;12200;1200;2700
P173065917;P173065917_16;P;11720;1240;0;13320;2440;2865
P173065917;P173065917_17;Q;12200;0;0;13200;1200;2700
P173065913;P173065913_1;A;0;0;0;1600;1200;2865
P173065913;P173065913_2;B;0;1240;0;1600;2440;2865
P173065913;P173065913_3;C;1600;1234;0;2610;2440;1181
P173065913;P173065913_4;D;1600;0;0;3200;1200;2700
P173065913;P173065913_5;E;2610;1240;0;4210;2440;2700
P173065913;P173065913_6;F;3200;0;0;4800;1200;2700
P173065913;P173065913_7;G;4210;1240;0;5810;2440;2700
P173065913;P173065913_8;H;4800;0;0;6400;1200;2700
P173065913;P173065913_9;I;5810;1240;0;6810;2440;2745
P173065913;P173065913_10;J;6400;0;0;8000;1200;2700
P173065913;P173065913_11;K;6810;1240;0;8410;2440;2700
P173065913;P173065913_12;L;8000;0;0;9600;1200;2700
P173065913;P173065913_13;M;8410;1240;0;10010;2440;2700
P173065913;P173065913_14;N;9600;0;0;10600;1200;2700
P173065913;P173065913_15;O;10010;1240;0;11610;2440;2865
P173065913;P173065913_16;P;10600;0;0;12200;1200;2700
P173065913;P173065913_17;Q;11610;1240;0;13210;2440;2700
P173065913;P173065913_18;R;12200;0;0;13200;1200;2745
P173065911;P173065911_1;A;0;0;0;1900;1200;2955
P173065911;P173065911_2;B;0;1240;0;1600;2440;2700
P173065911;P173065911_3;C;1600;1240;0;3200;2440;2865
P173065911;P173065911_4;D;1900;0;0;3500;1200;2865
P173065911;P173065911_5;E;3200;1240;0;4800;2440;2865
P173065911;P173065911_6;F;3500;0;0;5100;1200;2865
P173065911;P173065911_7;G;4800;1240;0;5800;2440;2700
P173065911;P173065911_8;H;5100;0;0;6100;1200;2790
P173065911;P173065911_9;I;5800;1240;0;7400;2440;2700
P173065911;P173065911_10;J;6100;0;0;7700;1200;2700
P173065911;P173065911_11;K;7400;1240;0;9000;2440;2700
P173065911;P173065911_12;L;7700;0;0;8700;1200;2700
P173065911;P173065911_13;M;8700;0;0;10300;1200;2865
P173065911;P173065911_14;N;9000;1240;0;10600;2440;2865
P173065911;P173065911_15;O;10300;0;0;11900;1200;2700
P173065911;P173065911_16;P;10600;1240;0;12200;2440;2700
P173065911;P173065911_17;Q;11900;0;0;13500;1200;2700
P173065911;P173065911_18;R;12200;1234;0;13210;2440;1181
P173065905;P173065905_1;A;0;0;0;1600;1200;2865
P173065905;P173065905_2;B;0;1200;0;1600;2400;2865
P173065905;P173065905_3;C;1600;1234;0;2610;2440;2847
P173065905;P173065905_4;D;1600;0;0;2610;1206;2847
P173065905;P173065905_5;E;2610;0;0;4210;1200;2700
P173065905;P173065905_6;F;2610;1240;0;4210;2440;2700
P173065905;P173065905_7;G;4210;1240;0;5810;2440;2700
P173065905;P173065905_8;H;4210;0;0;5810;1200;2700
P173065905;P173065905_9;I;5810;0;0;7410;1200;2700
P173065905;P173065905_10;J;5810;1240;0;7410;2440;2700
P173065905;P173065905_11;K;7410;1240;0;9010;2440;2700
P173065905;P173065905_12;L;7410;0;0;9010;1200;2700
P173065905;P173065905_13;M;9010;0;0;10610;1200;2700
P173065905;P173065905_14;N;9010;1240;0;10610;2440;2700
P173065905;P173065905_15;O;10610;1234;0;11620;2440;2851
P173065905;P173065905_16;P;10610;0;0;11620;1206;2940
P173065905;P173065905_17;Q;11620;0;0;12826;1010;2651
P173065905;P173065905_18;R;11620;1240;0;13220;2440;2700
Q173065905_1;Q173065905_1_1;A;0;0;0;1600;1200;2700
Q173065905_1;Q173065905_1_2;B;0;1240;0;1600;2440;2700
Q173065905_1;Q173065905_1_3;C;1600;1258;0;3420;2440;1160
Q173065905_1;Q173065905_1_4;D;1600;0;0;3200;1200;2700
Q173065905_1;Q173065905_1_5;E;3200;0;0;4800;1200;2700
Q173065905_1;Q173065905_1_6;F;3420;1240;0;4420;2440;2745
Q173065905_1;Q173065905_1_7;G;4420;1240;0;6020;2440;2865
Q173065905_1;Q173065905_1_8;H;4800;0;0;5810;1206;1181
Q173065905_1;Q173065905_1_9;I;5810;0;0;6810;1200;2700
Q173065905_1;Q173065905_1_10;J;6020;1240;0;7020;2440;930
Q173065905_1;Q173065905_1_11;K;6810;0;0;8410;1200;2865
Q173065905_1;Q173065905_1_12;L;7020;1240;0;8620;2440;2700
Q173065905_1;Q173065905_1_13;M;8410;0;0;10010;1200;2700
Q173065905_1;Q173065905_1_14;N;8620;1240;0;10220;2440;2700
Q173065905_1;Q173065905_1_15;O;10010;0;0;11610;1200;2700
Q173065905_1;Q173065905_1_16;P;10220;1240;0;11820;2440;2700
Q173065905_1;Q173065905_1_17;Q;11610;0;0;13210;1200;2700
Q173065905_1;Q173065905_1_18;R;11820;1240;0;13420;2440;2700
Q173065905_2;Q173065905_2_1;A;0;0;0;1010;1206;2747
Q173065905_2;Q173065905_2_2;B;0;1240;0;1600;2440;2700
Q173065905_2;Q173065905_2_3;C;1010;0;0;2610;1200;2700
Q173065905_2;Q173065905_2_4;D;1600;1240;0;3200;2440;2700
Q173065905_2;Q173065905_2_5;E;2610;0;0;4210;1200;2700
Q173065905_2;Q173065905_2_6;F;3200;1240;0;4800;2440;2700
Q173065905_2;Q173065905_2_7;G;4210;0;0;5810;1200;2700
Q173065905_2;Q173065905_2_8;H;4800;1240;0;6400;2440;2700
Q173065905_2;Q173065905_2_9;I;5810;0;0;7410;1200;2700
Q173065905_2;Q173065905_2_10;J;6400;1240;0;8000;2440;2700
Q173065905_2;Q173065905_2_11;K;7410;0;0;9010;1200;2700
Q173065905_2;Q173065905_2_12;L;8000;1240;0;9600;2440;2700
Q173065905_2;Q173065905_2_13;M;9010;0;0;10610;1200;2700
Q173065905_2;Q173065905_2_14;N;9600;1240;0;11200;2440;2700
Q173065905_2;Q173065905_2_15;O;10610;0;0;12210;1200;2700
Q173065905_2;Q173065905_2_16;P;11200;1240;0;12800;2440;2700
Q173065905_2;Q173065905_2_17;Q;12210;0;0;13220;1206;2362
Q173065905_3;Q173065905_3_1;A;0;1234;0;1010;2440;2170
Q173065905_3;Q173065905_3_2;B;0;0;0;1010;1206;2170
Q173065905_3;Q173065905_3_3;C;1010;0;0;2020;1206;2266
Q173065905_3;Q173065905_3_4;D;1010;1240;0;2610;2440;2700
Q173065905_3;Q173065905_3_5;E;2020;0;0;3620;1200;2700
Q173065905_3;Q173065905_3_6;F;2610;1240;0;4210;2440;2700
Q173065905_3;Q173065905_3_7;G;3620;0;0;5220;1200;2700
Q173065905_3;Q173065905_3_8;H;4210;1240;0;5810;2440;2700
Q173065905_3;Q173065905_3_9;I;5220;0;0;6820;1200;2700
Q173065905_3;Q173065905_3_10;J;5810;1240;0;7410;2440;2700
Q173065905_3;Q173065905_3_11;K;6820;0;0;8420;1200;2700
Q173065905_3;Q173065905_3_12;L;7410;1240;0;9010;2440;2700
Q173065905_3;Q173065905_3_13;M;8420;0;0;10020;1200;2700
Q173065905_3;Q173065905_3_14;N;9010;1240;0;10610;2440;2700
Q173065905_3;Q173065905_3_15;O;10020;0;0;11620;1200;2700
Q173065905_3;Q173065905_3_16;P;10610;1240;0;12210;2440;2700
Q173065905_3;Q173065905_3_17;Q;11620;0;0;13220;1200;2700
Q173065905_3;Q173065905_3_18;R;12210;1234;0;13220;2440;2362
P173065901;P173065901_1;A;0;0;0;1000;1200;2745
P173065901;P173065901_2;B;0;1240;0;1600;2440;2700
P173065901;P173065901_3;C;1000;0;0;2600;1200;2700
P173065901;P173065901_4;D;1600;1240;0;3200;2440;2700
P173065901;P173065901_5;E;2600;0;0;4200;1200;2700
P173065901;P173065901_6;F;3200;1240;0;4800;2440;2700
P173065901;P173065901_7;G;4200;0;0;5800;1200;2700
P173065901;P173065901_8;H;4800;1240;0;6400;2440;2700
P173065901;P173065901_9;I;5800;0;0;7400;1200;2700
P173065901;P173065901_10;J;6400;1240;0;8000;2440;2700
P173065901;P173065901_11;K;7400;0;0;9000;1200;2700
P173065901;P173065901_12;L;8000;1240;0;9900;2440;2955
P173065901;P173065901_13;M;9000;0;0;10600;1200;2700
P173065901;P173065901_14;N;9900;1240;0;11500;2440;2700
P173065901;P173065901_15;O;10600;0;0;12200;1200;2700
P173065901;P173065901_16;P;11500;1240;0;13100;2440;2865
P173065901;P173065901_17;Q;12200;0;0;13200;1200;2700
P172065915;P172065915_1;A;0;1240;0;1600;2440;2700
P172065915;P172065915_2;B;0;0;0;1600;1200;2700
P172065915;P172065915_3;C;1600;0;0;3200;1200;2865
P172065915;P172065915_4;D;1600;1240;0;3200;2440;2700
P172065915;P172065915_5;E;3200;1240;0;4800;2440;2700
P172065915;P172065915_6;F;3200;0;0;4800;1200;2700
P172065915;P172065915_7;G;4800;0;0;6400;1200;2700
P172065915;P172065915_8;H;4800;1240;0;6400;2440;2865
P172065915;P172065915_9;I;6400;1240;0;8000;2440;2865
P172065915;P172065915_10;J;6400;0;0;7400;1200;2745
P172065915;P172065915_11;K;7400;0;0;9000;1200;2700
P172065915;P172065915_12;L;8000;1240;0;9600;2440;2700
P172065915;P172065915_13;M;9000;0;0;10600;1200;2700
P172065915;P172065915_14;N;9600;1240;0;11200;2440;2700
P172065915;P172065915_15;O;10600;0;0;12500;1200;2955
P172065915;P172065915_16;P;11200;1240;0;12800;2440;2700
P172065915;P172065915_17;Q;12500;0;0;13500;1200;2700
P172065913;P172065913_1;A;0;0;0;1010;1206;1181
P172065913;P172065913_2;B;0;1240;0;1600;2440;2700
P172065913;P172065913_3;C;1010;0;0;2610;1200;2700
P172065913;P172065913_4;D;1600;1240;0;3200;2440;2700
P172065913;P172065913_5;E;2610;0;0;4210;1200;2865
P172065913;P172065913_6;F;3200;1240;0;4800;2440;2700
P172065913;P172065913_7;G;4210;0;0;5810;1200;2700
P172065913;P172065913_8;H;4800;1240;0;6400;2440;2700
P172065913;P172065913_9;I;5810;0;0;7410;1200;2700
P172065913;P172065913_10;J;6400;1240;0;8000;2440;2865
P172065913;P172065913_11;K;7410;0;0;9010;1200;2865
P172065913;P172065913_12;L;8000;1240;0;9600;2440;2865
P172065913;P172065913_13;M;9010;0;0;10610;1200;2700
P172065913;P172065913_14;N;9600;1240;0;10600;2440;2700
P172065913;P172065913_15;O;10600;1240;0;12200;2440;2700
P172065913;P172065913_16;P;10610;0;0;12210;1200;2700
P172065913;P172065913_17;Q;12200;1240;0;13200;2440;2700
P172065913;P172065913_18;R;12210;0;0;13210;1200;2790
P172065911;P172065911_1;A;0;0;0;1900;1200;1500
P172065911;P172065911_2;B;0;1258;0;1820;2440;1160
P172065911;P172065911_3;C;1820;1240;0;3420;2440;2865
P172065911;P172065911_4;D;1900;0;0;3500;1200;2865
P172065911;P172065911_5;E;3420;1240;0;5020;2440;2700
P172065911;P172065911_6;F;3500;0;0;5100;1200;2700
P172065911;P172065911_7;G;5020;1240;0;6620;2440;2700
P172065911;P172065911_8;H;5100;0;0;6700;1200;2700
P172065911;P172065911_9;I;6620;1240;0;8220;2440;2700
P172065911;P172065911_10;J;6700;0;0;8300;1200;2700
P172065911;P172065911_11;K;8220;1240;0;9820;2440;2700
P172065911;P172065911_12;L;8300;0;0;9300;1200;2745
P172065911;P172065911_13;M;9300;0;0;10900;1200;2865
P172065911;P172065911_14;N;9820;1240;0;11420;2440;2700
P172065911;P172065911_15;O;10900;0;0;12500;1200;2700
P172065911;P172065911_16;P;11420;1240;0;13020;2440;2865
P172065911;P172065911_17;Q;12500;0;0;13500;1200;2700
P172065909;P172065909_1;A;0;1240;0;1600;2440;2700
P172065909;P172065909_2;B;0;0;0;1600;1200;2700
P172065909;P172065909_3;C;1600;0;0;3200;1200;2700
P172065909;P172065909_4;D;1600;1240;0;3200;2440;2700
P172065909;P172065909_5;E;3200;1234;0;4210;2440;1181
P172065909;P172065909_6;F;3200;0;0;4800;1200;2865
P172065909;P172065909_7;G;4210;1240;0;5810;2440;2865
P172065909;P172065909_8;H;4800;0;0;6400;1200;2865
P172065909;P172065909_9;I;5810;1240;0;7410;2440;2700
P172065909;P172065909_10;J;6400;0;0;8000;1200;2700
P172065909;P172065909_11;K;7410;1240;0;8410;2440;2790
P172065909;P172065909_12;L;8000;0;0;9900;1200;2955
P172065909;P172065909_13;M;8410;1240;0;10010;2440;2700
P172065909;P172065909_14;N;9900;0;0;11500;1200;2865
P172065909;P172065909_15;O;10010;1240;0;11610;2440;2700
P172065909;P172065909_16;P;11500;0;0;13100;1200;2700
P172065909;P172065909_17;Q;11610;1240;0;13210;2440;2700
P172065905;P172065905_1;A;0;0;0;1600;1200;2520
P172065905;P172065905_2;B;0;1240;0;1000;2440;2700
P172065905;P172065905_3;C;1000;1240;0;2600;2440;2865
P172065905;P172065905_4;D;1600;0;0;3200;1200;2700
P172065905;P172065905_5;E;2600;1240;0;4200;2440;1815
P172065905;P172065905_6;F;3200;0;0;4200;1200;2700
P172065905;P172065905_7;G;4200;1234;0;5210;2440;2847
P172065905;P172065905_8;H;4200;0;0;5210;1206;2847
P172065905;P172065905_9;I;5210;0;0;6220;1206;2747
P172065905;P172065905_10;J;5210;1234;0;6220;2440;2362
P172065905;P172065905_11;K;6220;1234;0;7230;2440;2362
P172065905;P172065905_12;L;6220;0;0;7230;1206;2362
P172065905;P172065905_13;M;7230;0;0;8240;1206;2851
P172065905;P172065905_14;N;7230;1234;0;8240;2440;2170
P172065905;P172065905_15;O;8240;1234;0;9250;2440;2170
P172065905;P172065905_16;P;8240;0;0;9250;1206;2266
P172065905;P172065905_17;Q;9250;0;0;10260;1206;2362
P172065905;P172065905_18;R;9250;1234;0;10260;2440;2362
P172065905;P172065905_19;S;10260;1234;0;11270;2440;2362
P172065905;P172065905_20;T;10260;0;0;11270;1206;2362
P172065905;P172065905_21;U;11270;0;0;12280;1206;2366
P172065905;P172065905_22;V;11270;1234;0;12280;2440;2266
P172065905;P172065905_23;W;12280;1430;0;13486;2440;2266
P172065905;P172065905_24;X;12280;0;0;13486;1010;2362
Q172065905_1;Q172065905_1_1;A;0;0;0;1600;1200;2700
Q172065905_1;Q172065905_1_2;B;0;1240;0;1600;2440;2700
Q172065905_1;Q172065905_1_3;C;1600;1240;0;3200;2440;2700
Q172065905_1;Q172065905_1_4;D;1600;0;0;3200;1200;2700
Q172065905_1;Q172065905_1_5;E;3200;0;0;4800;1200;2700
Q172065905_1;Q172065905_1_6;F;3200;1240;0;4800;2440;1635
Q172065905_1;Q172065905_1_7;G;4800;1240;0;6400;2440;2700
Q172065905_1;Q172065905_1_8;H;4800;0;0;6400;1200;2700
Q172065905_1;Q172065905_1_9;I;6400;0;0;7410;1206;2170
Q172065905_1;Q172065905_1_10;J;6400;1234;0;7410;2440;2170
Q172065905_1;Q172065905_1_11;K;7410;1234;0;8420;2440;2170
Q172065905_1;Q172065905_1_12;L;7410;0;0;8420;1206;2266
Q172065905_1;Q172065905_1_13;M;8420;0;0;10020;1200;2700
Q172065905_1;Q172065905_1_14;N;8420;1240;0;10020;2440;2700
Q172065905_1;Q172065905_1_15;O;10020;1240;0;11620;2440;2700
Q172065905_1;Q172065905_1_16;P;10020;0;0;11620;1200;2700
Q172065905_1;Q172065905_1_17;Q;11620;0;0;13220;1200;2700
Q172065905_1;Q172065905_1_18;R;11620;1240;0;13220;2440;2700
P172065901;P172065901_1;A;0;0;0;1600;1200;2865
P172065901;P172065901_2;B;0;1200;0;1600;2400;2340
P172065901;P172065901_3;C;1600;1240;0;2600;2440;2745
P172065901;P172065901_4;D;1600;0;0;3200;1200;2700
P172065901;P172065901_5;E;2600;1240;0;4200;2440;2700
P172065901;P172065901_6;F;3200;0;0;4800;1200;2700
P172065901;P172065901_7;G;4200;1240;0;5800;2440;2700
P172065901;P172065901_8;H;4800;0;0;5800;1200;2700
P172065901;P172065901_9;I;5800;0;0;6800;1200;2700
P172065901;P172065901_10;J;5800;1240;0;7400;2440;2700
P172065901;P172065901_11;K;6800;0;0;8400;1200;2700
P172065901;P172065901_12;L;7400;1258;0;9220;2440;1160
P172065901;P172065901_13;M;8400;0;0;10000;1200;2865
P172065901;P172065901_14;N;9220;1240;0;10820;2440;2865
P172065901;P172065901_15;O;10000;0;0;11600;1200;2865
P172065901;P172065901_16;P;10820;1240;0;12420;2440;2520
P172065901;P172065901_17;Q;11600;0;0;13200;1200;2160
P172065901;P172065901_18;R;12420;1234;0;13430;2440;1181
P171065917;P171065917_1;A;0;0;0;1600;1200;2700
P171065917;P171065917_2;B;0;1200;0;1600;2400;2700
P171065917;P171065917_3;C;1600;1240;0;3200;2440;2700
P171065917;P171065917_4;D;1600;0;0;3500;1200;2955
P171065917;P171065917_5;E;3200;1240;0;4200;2440;2745
P171065917;P171065917_6;F;3500;0;0;4500;1200;930
P171065917;P171065917_7;G;4200;1240;0;5800;2440;2865
P171065917;P171065917_8;H;4500;0;0;6100;1200;2865
P171065917;P171065917_9;I;5800;1240;0;7400;2440;2700
P171065917;P171065917_10;J;6100;0;0;7700;1200;2700
P171065917;P171065917_11;K;7400;1240;0;9000;2440;2700
P171065917;P171065917_12;L;7700;0;0;9300;1200;2700
P171065917;P171065917_13;M;9000;1240;0;10600;2440;2700
P171065917;P171065917_14;N;9300;0;0;10900;1200;2700
P171065917;P171065917_15;O;10600;1240;0;12200;2440;2700
P171065913;P171065913_1;A;0;1240;0;1900;2440;2955
P171065913;P171065913_2;B;0;0;0;1600;1200;2700
P171065913;P171065913_3;C;1600;0;0;3200;1200;2700
P171065913;P171065913_4;D;1900;1240;0;3500;2440;2700
P171065913;P171065913_5;E;3200;0;0;4800;1200;2700
P171065913;P171065913_6;F;3500;1240;0;5100;2440;2700
P171065913;P171065913_7;G;4800;0;0;5800;1200;2745
P171065913;P171065913_8;H;5100;1240;0;6700;2440;2700
P171065913;P171065913_9;I;5800;0;0;6800;1200;2700
P171065913;P171065913_10;J;6700;1240;0;8300;2440;2700
P171065913;P171065913_11;K;6800;0;0;8400;1200;2700
P171065913;P171065913_12;L;8300;1240;0;9900;2440;2700
P171065913;P171065913_13;M;8400;0;0;10000;1200;2865
P171065913;P171065913_14;N;9900;1240;0;11500;2440;2865
P171065913;P171065913_15;O;10000;0;0;11600;1200;2865
P171065913;P171065913_16;P;11500;1240;0;13100;2440;2700
P171065913;P171065913_17;Q;11600;0;0;13200;1200;2700
P171065911;P171065911_1;A;0;0;0;1010;1206;2362
P171065911;P171065911_2;B;0;1240;0;1000;2440;2745
P171065911;P171065911_3;C;1000;1240;0;2600;2440;2865
P171065911;P171065911_4;D;1010;0;0;2610;1200;2700
P171065911;P171065911_5;E;2600;1240;0;3600;2440;2700
P171065911;P171065911_6;F;2610;0;0;3610;1200;2790
P171065911;P171065911_7;G;3600;1240;0;5200;2440;2700
P171065911;P171065911_8;H;3610;0;0;5210;1200;2700
P171065911;P171065911_9;I;5200;1240;0;6800;2440;2700
P171065911;P171065911_10;J;5210;0;0;6810;1200;2340
P171065911;P171065911_11;K;6800;1240;0;8400;2440;2865
P171065911;P171065911_12;L;6810;0;0;8410;1200;2865
P171065911;P171065911_13;M;8400;1240;0;10000;2440;2340
P171065911;P171065911_14;N;8410;0;0;10010;1200;2700
P171065911;P171065911_15;O;10000;1240;0;11600;2440;2700
P171065911;P171065911_16;P;10010;0;0;11610;1200;2700
P171065911;P171065911_17;Q;11600;1240;0;13200;2440;2865
P171065911;P171065911_18;R;11610;0;0;13210;1200;2700
P171065905;P171065905_1;A;0;0;0;1900;1200;1500
P171065905;P171065905_2;B;0;1240;0;1600;2440;2865
P171065905;P171065905_3;C;1600;1240;0;3200;2440;2700
P171065905;P171065905_4;D;1900;0;0;2900;1200;2700
P171065905;P171065905_5;E;2900;0;0;3900;1200;1905
P171065905;P171065905_6;F;3200;1234;0;4210;2440;2751
P171065905;P171065905_7;G;3900;0;0;4910;1206;2751
P171065905;P171065905_8;H;4210;1234;0;5220;2440;2747
P171065905;P171065905_9;I;4910;0;0;6510;1200;2700
P171065905;P171065905_10;J;5220;1240;0;6820;2440;2700
P171065905;P171065905_11;K;6510;0;0;8110;1200;2700
P171065905;P171065905_12;L;6820;1240;0;8420;2440;2700
P171065905;P171065905_13;M;8110;0;0;9710;1200;2700
P171065905;P171065905_14;N;8420;1240;0;10020;2440;2700
P171065905;P171065905_15;O;9710;0;0;11310;1200;2700
P171065905;P171065905_16;P;10020;1234;0;11030;2440;2266
P171065905;P171065905_17;Q;11030;1234;0;12040;2440;2170
P171065905;P171065905_18;R;11310;0;0;12320;1206;2170
P171065905;P171065905_19;S;12040;1234;0;13050;2440;2266
P171065905;P171065905_20;T;12320;0;0;13330;1206;2362
Q171065905_1;Q171065905_1_1;A;0;0;0;1000;1200;930
Q171065905_1;Q171065905_1_2;B;0;1240;0;1600;2440;2700
Q171065905_1;Q171065905_1_3;C;1000;0;0;2600;1200;2700
Q171065905_1;Q171065905_1_4;D;1600;1240;0;3500;2440;2955
Q171065905_1;Q171065905_1_5;E;2600;0;0;4200;1200;2700
Q171065905_1;Q171065905_1_6;F;3500;1240;0;5100;2440;2700
Q171065905_1;Q171065905_1_7;G;4200;0;0;5800;1200;2700
Q171065905_1;Q171065905_1_8;H;5100;1240;0;6700;2440;2700
Q171065905_1;Q171065905_1_9;I;5800;0;0;7400;1200;2700
Q171065905_1;Q171065905_1_10;J;6700;1240;0;8300;2440;2700
Q171065905_1;Q171065905_1_11;K;7400;0;0;9000;1200;2700
Q171065905_1;Q171065905_1_12;L;8300;1240;0;9900;2440;2700
Q171065905_1;Q171065905_1_13;M;9000;0;0;10600;1200;2700
Q171065905_1;Q171065905_1_14;N;9900;1240;0;11500;2440;1815
Q171065905_1;Q171065905_1_15;O;10600;0;0;12200;1200;2700
Q171065905_1;Q171065905_1_16;P;11500;1240;0;13100;2440;2700
Q171065905_1;Q171065905_1_17;Q;12200;0;0;13210;1206;2362
P171065901;P171065901_1;A;0;0;0;1820;1182;1160
P171065901;P171065901_2;B;0;1240;0;1900;2440;1500
P171065901;P171065901_3;C;1820;0;0;2830;1206;1181
P171065901;P171065901_4;D;1900;1240;0;3500;2440;2865
P171065901;P171065901_5;E;2830;0;0;3830;1200;2700
P171065901;P171065901_6;F;3500;1240;0;4500;2440;2700
P171065901;P171065901_7;G;3830;0;0;5430;1200;2865
P171065901;P171065901_8;H;4500;1240;0;6100;2440;2865
P171065901;P171065901_9;I;5430;0;0;7030;1200;2865
P171065901;P171065901_10;J;6100;1240;0;7700;2440;2700
P171065901;P171065901_11;K;7030;0;0;8030;1200;2700
P171065901;P171065901_12;L;7700;1240;0;8700;2440;2700
P171065901;P171065901_13;M;8030;0;0;9630;1200;2700
P171065901;P171065901_14;N;8700;1240;0;10300;2440;2700
P171065901;P171065901_15;O;9630;0;0;11230;1200;2865
P171065901;P171065901_16;P;10300;1240;0;11900;2440;2865
P171065901;P171065901_17;Q;11230;0;0;12830;1200;2865
P171065901;P171065901_18;R;11900;1240;0;13500;2440;2700
P170065917;P170065917_1;A;0;0;0;1600;1200;2700
P170065917;P170065917_2;B;0;1240;0;1600;2440;2700
P170065917;P170065917_3;C;1600;1240;0;3200;2440;2700
P170065917;P170065917_4;D;1600;0;0;3200;1200;2700
P170065917;P170065917_5;E;3200;0;0;4800;1200;2700
P170065917;P170065917_6;F;3200;1240;0;4200;2440;2700
P170065917;P170065917_7;G;4200;1240;0;5800;2440;2865
P170065917;P170065917_8;H;4800;0;0;6400;1200;2865
P170065917;P170065917_9;I;5800;1240;0;7400;2440;2865
P170065917;P170065917_10;J;6400;0;0;8000;1200;2700
P170065917;P170065917_11;K;7400;1240;0;8400;2440;1905
P170065917;P170065917_12;L;8000;0;0;9600;1200;2700
P170065917;P170065917_13;M;8400;1240;0;10000;2440;2700
P170065917;P170065917_14;N;9600;0;0;11200;1200;2700
P170065917;P170065917_15;O;10000;1258;0;11820;2440;1160
P170065917;P170065917_16;P;11200;0;0;13100;1200;1500
P170065913;P170065913_1;A;0;1240;0;1600;2440;2865
P170065913;P170065913_2;B;0;0;0;1600;1200;2865
P170065913;P170065913_3;C;1600;0;0;3200;1200;2865
P170065913;P170065913_4;D;1600;1240;0;3200;2440;2865
P170065913;P170065913_5;E;3200;1240;0;4800;2440;2700
P170065913;P170065913_6;F;3200;0;0;4200;1200;2745
P170065913;P170065913_7;G;4200;0;0;6100;1200;1500
P170065913;P170065913_8;H;4800;1234;0;5810;2440;1181
P170065913;P170065913_9;I;5810;1240;0;7410;2440;2700
P170065913;P170065913_10;J;6100;0;0;7700;1200;2700
P170065913;P170065913_11;K;7410;1240;0;8410;2440;2700
P170065913;P170065913_12;L;7700;0;0;8700;1200;1860
P170065913;P170065913_13;M;8410;1240;0;10010;2440;2700
P170065913;P170065913_14;N;8700;0;0;10300;1200;2700
P170065913;P170065913_15;O;10010;1240;0;11610;2440;2700
P170065913;P170065913_16;P;10300;0;0;11900;1200;2700
P170065913;P170065913_17;Q;11610;1240;0;13210;2440;2700
P170065913;P170065913_18;R;11900;0;0;13500;1200;2700
P170065911;P170065911_1;A;0;0;0;1600;1200;2700
P170065911;P170065911_2;B;0;1240;0;1600;2440;2700
P170065911;P170065911_3;C;1600;1240;0;3200;2440;2700
P170065911;P170065911_4;D;1600;0;0;3500;1200;1500
P170065911;P170065911_5;E;3200;1240;0;4800;2440;2700
P170065911;P170065911_6;F;3500;0;0;4500;1200;2745
P170065911;P170065911_7;G;4500;0;0;6100;1200;2700
P170065911;P170065911_8;H;4800;1240;0;6400;2440;2700
P170065911;P170065911_9;I;6100;0;0;7700;1200;2700
P170065911;P170065911_10;J;6400;1240;0;8000;2440;2700
P170065911;P170065911_11;K;7700;0;0;8700;1200;2700
P170065911;P170065911_12;L;8000;1240;0;9000;2440;930
P170065911;P170065911_13;M;8700;0;0;10300;1200;2865
P170065911;P170065911_14;N;9000;1240;0;10600;2440;2865
P170065911;P170065911_15;O;10300;0;0;11900;1200;2865
P170065911;P170065911_16;P;10600;1240;0;12200;2440;2700
P170065911;P170065911_17;Q;11900;0;0;13500;1200;2700
P170065911;P170065911_18;R;12200;1234;0;13210;2440;1181
P168065901;P168065901_1;A;0;0;0;1600;1200;2700
P168065901;P168065901_2;B;0;1200;0;1600;2400;2700
P168065901;P168065901_3;C;1600;1258;0;3420;2440;1160
P168065901;P168065901_4;D;1600;0;0;3200;1200;2700
P168065901;P168065901_5;E;3200;0;0;4800;1200;2700
P168065901;P168065901_6;F;3420;1240;0;5020;2440;2700
P168065901;P168065901_7;G;4800;0;0;5800;1200;2790
P168065901;P168065901_8;H;5020;1240;0;6620;2440;2865
P168065901;P168065901_9;I;5800;0;0;7400;1200;2865
P168065901;P168065901_10;J;6620;1240;0;8220;2440;2865
P168065901;P168065901_11;K;7400;0;0;9000;1200;2865
P168065901;P168065901_12;L;8220;1240;0;9820;2440;2865
P168065901;P168065901_13;M;9000;0;0;10600;1200;2865
P168065901;P168065901_14;N;9820;1240;0;11420;2440;2865
P168065901;P168065901_15;O;10600;0;0;11600;1200;2700
P168065901;P168065901_16;P;11420;1240;0;12420;2440;2700
P168065901;P168065901_17;Q;11600;0;0;12600;1200;2700
P168065901;P168065901_18;R;12420;1240;0;13420;2440;2700
P167065917;P167065917_1;A;0;0;0;1600;1200;2700
P167065917;P167065917_2;B;0;1200;0;1600;2400;2700
P167065917;P167065917_3;C;1600;1240;0;3200;2440;2700
P167065917;P167065917_4;D;1600;0;0;3500;1200;2955
P167065917;P167065917_5;E;3200;1240;0;4800;2440;2700
P167065917;P167065917_6;F;3500;0;0;5100;1200;2700
P167065917;P167065917_7;G;4800;1240;0;6400;2440;2700
P167065917;P167065917_8;H;5100;0;0;6700;1200;2700
P167065917;P167065917_9;I;6400;1240;0;8000;2440;2700
P167065917;P167065917_10;J;6700;0;0;8300;1200;2700
P167065917;P167065917_11;K;8000;1240;0;9000;2440;2745
P167065917;P167065917_12;L;8300;0;0;9900;1200;2700
P167065917;P167065917_13;M;9000;1240;0;10600;2440;2700
P167065917;P167065917_14;N;9900;0;0;11500;1200;2700
P167065917;P167065917_15;O;10600;1240;0;12200;2440;2865
P167065917;P167065917_16;P;11500;0;0;13100;1200;2700
P167065917;P167065917_17;Q;12200;1240;0;13200;2440;2700
P167065915;P167065915_1;A;0;1240;0;1600;2440;2700
P167065915;P167065915_2;B;0;0;0;1600;1200;2700
P167065915;P167065915_3;C;1600;0;0;3200;1200;2700
P167065915;P167065915_4;D;1600;1240;0;3200;2440;2700
P167065915;P167065915_5;E;3200;1240;0;4800;2440;2700
P167065915;P167065915_6;F;3200;0;0;4210;1206;2362
P167065915;P167065915_7;G;4210;0;0;5810;1200;2700
P167065915;P167065915_8;H;4800;1240;0;6400;2440;2865
P167065915;P167065915_9;I;5810;0;0;7410;1200;2865
P167065915;P167065915_10;J;6400;1240;0;8000;2440;2865
P167065915;P167065915_11;K;7410;0;0;9010;1200;2700
P167065915;P167065915_12;L;8000;1240;0;9600;2440;2700
P167065915;P167065915_13;M;9010;0;0;10610;1200;2700
P167065915;P167065915_14;N;9600;1240;0;11200;2440;2700
P167065915;P167065915_15;O;10610;0;0;12210;1200;2700
P167065915;P167065915_16;P;11200;1240;0;12200;2440;2790
P167065915;P167065915_17;Q;12200;1240;0;13200;2440;2700
P167065915;P167065915_18;R;12210;0;0;13210;1200;1815
P167065913;P167065913_1;A;0;1240;0;1600;2440;2700
P167065913;P167065913_2;B;0;0;0;1600;1200;2700
P167065913;P167065913_3;C;1600;0;0;3200;1200;2700
P167065913;P167065913_4;D;1600;1240;0;3200;2440;2700
P167065913;P167065913_5;E;3200;1240;0;4800;2440;2700
P167065913;P167065913_6;F;3200;0;0;4800;1200;2700
P167065913;P167065913_7;G;4800;0;0;6400;1200;2700
P167065913;P167065913_8;H;4800;1240;0;6400;2440;2700
P167065913;P167065913_9;I;6400;1240;0;8300;2440;2955
P167065913;P167065913_10;J;6400;0;0;8220;1182;1160
P167065913;P167065913_11;K;8220;0;0;9820;1200;2700
P167065913;P167065913_12;L;8300;1240;0;9900;2440;2700
P167065913;P167065913_13;M;9820;0;0;11420;1200;2865
P167065913;P167065913_14;N;9900;1240;0;11500;2440;2865
P167065913;P167065913_15;O;11420;0;0;13020;1200;2865
P167065913;P167065913_16;P;11500;1240;0;13100;2440;2700
P167065911;P167065911_1;A;0;1240;0;1600;2440;2700
P167065911;P167065911_2;B;0;0;0;1600;1200;2700
P167065911;P167065911_3;C;1600;0;0;3200;1200;2700
P167065911;P167065911_4;D;1600;1240;0;3200;2440;2700
P167065911;P167065911_5;E;3200;1240;0;4800;2440;2865
P167065911;P167065911_6;F;3200;0;0;4800;1200;2700
P167065911;P167065911_7;G;4800;0;0;5800;1200;2700
P167065911;P167065911_8;H;4800;1240;0;5800;2440;2745
P167065911;P167065911_9;I;5800;1240;0;7400;2440;2700
P167065911;P167065911_10;J;5800;0;0;7400;1200;2700
P167065911;P167065911_11;K;7400;0;0;9000;1200;2700
P167065911;P167065911_12;L;7400;1240;0;9000;2440;2865
P167065911;P167065911_13;M;9000;1240;0;10600;2440;2700
P167065911;P167065911_14;N;9000;0;0;10600;1200;2865
P167065911;P167065911_15;O;10600;0;0;12200;1200;2865
P167065911;P167065911_16;P;10600;1240;0;12200;2440;2865
P167065911;P167065911_17;Q;12200;0;0;13400;1600;2865
P167065907;P167065907_1;A;0;1234;0;1010;2440;2362
P167065907;P167065907_2;B;0;0;0;1000;1200;2790
P167065907;P167065907_3;C;1000;0;0;2600;1200;2700
P167065907;P167065907_4;D;1010;1240;0;2610;2440;2700
P167065907;P167065907_5;E;2600;0;0;4200;1200;2700
P167065907;P167065907_6;F;2610;1240;0;4210;2440;2700
P167065907;P167065907_7;G;4200;0;0;5800;1200;2700
P167065907;P167065907_8;H;4210;1240;0;5810;2440;2700
P167065907;P167065907_9;I;5800;0;0;7400;1200;2700
P167065907;P167065907_10;J;5810;1240;0;7410;2440;2865
P167065907;P167065907_11;K;7400;0;0;9000;1200;2865
P167065907;P167065907_12;L;7410;1240;0;9010;2440;2865
P167065907;P167065907_13;M;9000;0;0;10600;1200;2865
P167065907;P167065907_14;N;9010;1240;0;10010;2440;2745
P167065907;P167065907_15;O;10010;1240;0;11910;2440;2955
P167065907;P167065907_16;P;10600;0;0;12200;1200;2700
P167065907;P167065907_17;Q;11910;1240;0;12910;2440;2700
P167065907;P167065907_18;R;12200;0;0;13200;1200;2700
P167065901;P167065901_1;A;0;0;0;1600;1200;2700
P167065901;P167065901_2;B;0;1240;0;1600;2440;2700
P167065901;P167065901_3;C;1600;1240;0;3200;2440;2865
P167065901;P167065901_4;D;1600;0;0;2600;1200;2790
P167065901;P167065901_5;E;2600;0;0;4200;1200;2700
P167065901;P167065901_6;F;3200;1240;0;4800;2440;2700
P167065901;P167065901_7;G;4200;0;0;5800;1200;2700
P167065901;P167065901_8;H;4800;1258;0;6620;2440;1160
P167065901;P167065901_9;I;5800;0;0;6800;1200;2700
P167065901;P167065901_10;J;6620;1240;0;7620;2440;2700
P167065901;P167065901_11;K;6800;0;0;8400;1200;2700
P167065901;P167065901_12;L;7620;1240;0;9220;2440;2865
P167065901;P167065901_13;M;8400;0;0;10000;1200;2700
P167065901;P167065901_14;N;9220;1240;0;10820;2440;2865
P167065901;P167065901_15;O;10000;0;0;11600;1200;2865
P167065901;P167065901_16;P;10820;1240;0;12420;2440;2700
P167065901;P167065901_17;Q;11600;0;0;13200;1200;2700
P166065917;P166065917_1;A;0;0;0;1600;1200;2700
P166065917;P166065917_2;B;0;1200;0;1600;2400;2700
P166065917;P166065917_3;C;1600;1240;0;3200;2440;2700
P166065917;P166065917_4;D;1600;0;0;3200;1200;2700
P166065917;P166065917_5;E;3200;1240;0;4800;2440;2700
P166065917;P166065917_6;F;3200;0;0;4800;1200;2700
P166065917;P166065917_7;G;4800;0;0;6400;1200;2700
P166065917;P166065917_8;H;4800;1240;0;6400;2440;2700
P166065917;P166065917_9;I;6400;1240;0;8000;2440;2700
P166065917;P166065917_10;J;6400;0;0;8000;1200;2700
P166065917;P166065917_11;K;8000;0;0;9600;1200;2865
P166065917;P166065917_12;L;8000;1240;0;9600;2440;2865
P166065917;P166065917_13;M;9600;1240;0;11200;2440;2700
P166065917;P166065917_14;N;9600;0;0;11200;1200;2700
P166065917;P166065917_15;O;11200;0;0;12800;1200;2700
P166065913;P166065913_1;A;0;0;0;1600;1200;2700
P166065913;P166065913_2;B;0;1240;0;1000;2440;2700
P166065913;P166065913_3;C;1000;1240;0;2600;2440;2865
P166065913;P166065913_4;D;1600;0;0;3200;1200;2700
P166065913;P166065913_5;E;2600;1240;0;4200;2440;2700
P166065913;P166065913_6;F;3200;0;0;4800;1200;2700
P166065913;P166065913_7;G;4200;1240;0;5800;2440;2865
P166065913;P166065913_8;H;4800;0;0;6400;1200;2865
P166065913;P166065913_9;I;5800;1240;0;7400;2440;2865
P166065913;P166065913_10;J;6400;0;0;8000;1200;2865
P166065913;P166065913_11;K;7400;1240;0;9300;2440;1500
P166065913;P166065913_12;L;8000;0;0;9600;1200;2700
P166065913;P166065913_13;M;9300;1240;0;10900;2440;2700
P166065913;P166065913_14;N;9600;0;0;11200;1200;2700
P166065913;P166065913_15;O;10900;1240;0;12500;2440;2700
P166065913;P166065913_16;P;11200;0;0;12200;1200;2700
P166065913;P166065913_17;Q;12200;0;0;13200;1200;2700
P166065913;P166065913_18;R;12500;1240;0;13500;2440;2835
P166065911;P166065911_1;A;0;1240;0;1600;2440;2700
P166065911;P166065911_2;B;0;0;0;1010;1206;2362
P166065911;P166065911_3;C;1010;0;0;2610;1200;2700
P166065911;P166065911_4;D;1600;1240;0;3200;2440;2700
P166065911;P166065911_5;E;2610;0;0;4210;1200;2700
P166065911;P166065911_6;F;3200;1240;0;4800;2440;2700
P166065911;P166065911_7;G;4210;0;0;5810;1200;2700
P166065911;P166065911_8;H;4800;1240;0;6400;2440;2700
P166065911;P166065911_9;I;5810;0;0;7410;1200;2700
P166065911;P166065911_10;J;6400;1240;0;8300;2440;1500
P166065911;P166065911_11;K;7410;0;0;9010;1200;2700
P166065911;P166065911_12;L;8300;1240;0;9900;2440;2700
P166065911;P166065911_13;M;9010;0;0;10610;1200;2865
P166065911;P166065911_14;N;9900;1240;0;11500;2440;2865
P166065911;P166065911_15;O;10610;0;0;12210;1200;2865
P166065911;P166065911_16;P;11500;1240;0;12500;2440;2745
P166065911;P166065911_17;Q;12210;0;0;13210;1200;2700
P166065911;P166065911_18;R;12500;1240;0;13500;2440;2700
P166065905;P166065905_1;A;0;0;0;1600;1200;2700
P166065905;P166065905_2;B;0;1240;0;1000;2440;2700
P166065905;P166065905_3;C;1000;1240;0;2600;2440;2865
P166065905;P166065905_4;D;1600;0;0;3200;1200;2700
P166065905;P166065905_5;E;2600;1240;0;4200;2440;2700
P166065905;P166065905_6;F;3200;0;0;4800;1200;2700
P166065905;P166065905_7;G;4200;1240;0;5800;2440;2700
P166065905;P166065905_8;H;4800;0;0;6400;1200;2700
P166065905;P166065905_9;I;5800;1240;0;7400;2440;2700
P166065905;P166065905_10;J;6400;0;0;8000;1200;2700
P166065905;P166065905_11;K;7400;1240;0;9000;2440;2700
P166065905;P166065905_12;L;8000;0;0;9600;1200;2700
P166065905;P166065905_13;M;9000;1240;0;10600;2440;2700
P166065905;P166065905_14;N;9600;0;0;11200;1200;2700
P166065905;P166065905_15;O;10600;1240;0;12200;2440;2700
P166065905;P166065905_16;P;11200;0;0;12210;1206;2747
P166065905;P166065905_17;Q;12200;1234;0;13210;2440;2747
P166065905;P166065905_18;R;12210;0;0;13220;1206;385
Q166065905_1;Q166065905_1_1;A;0;0;0;1600;1200;2700
Q166065905_1;Q166065905_1_2;B;0;1234;0;1010;2440;2555
Q166065905_1;Q166065905_1_3;C;1010;1234;0;2020;2440;2170
Q166065905_1;Q166065905_1_4;D;1600;0;0;2610;1206;2170
Q166065905_1;Q166065905_1_5;E;2020;1234;0;3030;2440;2266
Q166065905_1;Q166065905_1_6;F;2610;0;0;4210;1200;2700
Q166065905_1;Q166065905_1_7;G;3030;1240;0;4630;2440;2700
Q166065905_1;Q166065905_1_8;H;4210;0;0;5810;1200;2700
Q166065905_1;Q166065905_1_9;I;4630;1240;0;6230;2440;2700
Q166065905_1;Q166065905_1_10;J;5810;0;0;7410;1200;2700
Q166065905_1;Q166065905_1_11;K;6230;1240;0;7830;2440;2700
Q166065905_1;Q166065905_1_12;L;7410;0;0;9010;1200;2700
Q166065905_1;Q166065905_1_13;M;7830;1240;0;9430;2440;2700
Q166065905_1;Q166065905_1_14;N;9010;0;0;10610;1200;2700
Q166065905_1;Q166065905_1_15;O;9430;1240;0;11030;2440;2700
Q166065905_1;Q166065905_1_16;P;10610;0;0;12210;1200;2700
Q166065905_1;Q166065905_1_17;Q;11030;1240;0;12630;2440;2700
Q166065905_2;Q166065905_2_1;A;0;0;0;1600;1200;2700
Q166065905_2;Q166065905_2_2;B;0;1240;0;1600;2440;2700
Q166065905_2;Q166065905_2_3;C;1600;1240;0;3200;2440;2700
Q166065905_2;Q166065905_2_4;D;1600;0;0;3200;1200;2700
Q166065905_2;Q166065905_2_5;E;3200;0;0;4800;1200;2700
Q166065905_2;Q166065905_2_6;F;3200;1240;0;4800;2440;2700
Q166065905_2;Q166065905_2_7;G;4800;1240;0;6400;2440;2700
Q166065905_2;Q166065905_2_8;H;4800;0;0;6400;1200;2700
Q166065905_2;Q166065905_2_9;I;6400;0;0;8000;1200;2700
Q166065905_2;Q166065905_2_10;J;6400;1240;0;8000;2440;2700
Q166065905_2;Q166065905_2_11;K;8000;1240;0;9600;2440;2700
Q166065905_2;Q166065905_2_12;L;8000;0;0;9600;1200;2700
Q166065905_2;Q166065905_2_13;M;9600;0;0;11200;1200;2700
Q166065905_2;Q166065905_2_14;N;9600;1240;0;11200;2440;2700
Q166065905_2;Q166065905_2_15;O;11200;1240;0;12800;2440;2700
Q166065905_2;Q166065905_2_16;P;11200;0;0;12800;1200;2700
Q166065905_3;Q166065905_3_1;A;0;0;0;1010;1206;2362
Q166065905_3;Q166065905_3_2;B;0;1234;0;1010;2440;2362
Q166065905_3;Q166065905_3_3;C;1010;1234;0;2020;2440;2362
Q166065905_3;Q166065905_3_4;D;1010;0;0;2020;1206;2362
Q166065905_3;Q166065905_3_5;E;2020;0;0;3030;1206;2362
Q166065905_3;Q166065905_3_6;F;2020;1234;0;3030;2440;2362
Q166065905_3;Q166065905_3_7;G;3030;1234;0;4040;2440;2362
Q166065905_3;Q166065905_3_8;H;3030;0;0;4040;1206;2362
Q166065905_3;Q166065905_3_9;I;4040;0;0;5050;1206;2447
Q166065905_3;Q166065905_3_10;J;4040;1234;0;5050;2440;2170
Q166065905_3;Q166065905_3_11;K;5050;1234;0;6060;2440;2170
Q166065905_3;Q166065905_3_12;L;5050;0;0;6060;1206;2170
Q166065905_3;Q166065905_3_13;M;6060;0;0;7660;1200;2700
Q166065905_3;Q166065905_3_14;N;6060;1240;0;7660;2440;2700
Q166065905_3;Q166065905_3_15;O;7660;1240;0;9260;2440;2700
Q166065905_3;Q166065905_3_16;P;7660;0;0;9260;1200;2700
Q166065905_3;Q166065905_3_17;Q;9260;0;0;10860;1200;2700
Q166065905_3;Q166065905_3_18;R;9260;1240;0;10860;2440;2700
Q166065905_3;Q166065905_3_19;S;10860;1240;0;12460;2440;2700
Q166065905_3;Q166065905_3_20;T;10860;0;0;12460;1200;2700
Q166065905_3;Q166065905_3_21;U;12460;0;0;13470;1206;2170
Q166065905_3;Q166065905_3_22;V;12460;1234;0;13470;2440;2266
Q166065905_4;Q166065905_4_1;A;0;0;0;1600;1200;2700
Q166065905_4;Q166065905_4_2;B;0;1200;0;1600;2400;2700
Q166065905_4;Q166065905_4_3;C;1600;1240;0;3200;2440;2700
Q166065905_4;Q166065905_4_4;D;1600;0;0;3200;1200;2700
Q166065905_4;Q166065905_4_5;E;3200;0;0;4800;1200;2700
Q166065905_4;Q166065905_4_6;F;3200;1240;0;4800;2440;2700
Q166065905_4;Q166065905_4_7;G;4800;1240;0;6400;2440;2700
Q166065905_4;Q166065905_4_8;H;4800;0;0;6400;1200;2700
Q166065905_4;Q166065905_4_9;I;6400;0;0;8000;1200;2700
Q166065905_4;Q166065905_4_10;J;6400;1240;0;8000;2440;2700
Q166065905_4;Q166065905_4_11;K;8000;1240;0;9600;2440;2700
Q166065905_4;Q166065905_4_12;L;8000;0;0;9600;1200;930
Q166065905_4;Q166065905_4_13;M;9600;0;0;10610;1206;2847
Q166065905_4;Q166065905_4_14;N;9600;1234;0;10610;2440;2847
Q166065905_4;Q166065905_4_15;O;10610;1234;0;11620;2440;2362
Q166065905_4;Q166065905_4_16;P;10610;0;0;11620;1206;2362
Q166065905_4;Q166065905_4_17;Q;11620;0;0;12826;1010;2366
Q166065905_4;Q166065905_4_18;R;11620;1234;0;12630;2440;2362
P166065901;P166065901_1;A;0;1240;0;1600;2440;2700
P166065901;P166065901_2;B;0;0;0;1820;1182;2290
P166065901;P166065901_3;C;1600;1240;0;3200;2440;2865
P166065901;P166065901_4;D;1820;0;0;3420;1200;2865
P166065901;P166065901_5;E;3200;1240;0;4800;2440;2865
P166065901;P166065901_6;F;3420;0;0;5020;1200;2865
P166065901;P166065901_7;G;4800;1240;0;5800;2440;2700
P166065901;P166065901_8;H;5020;0;0;6020;1200;2700
P166065901;P166065901_9;I;5800;1240;0;6800;2440;2790
P166065901;P166065901_10;J;6020;0;0;7620;1200;2700
P166065901;P166065901_11;K;6800;1240;0;8400;2440;2700
P166065901;P166065901_12;L;7620;0;0;8630;1206;1181
P166065901;P166065901_13;M;8400;1240;0;10000;2440;2865
P166065901;P166065901_14;N;8630;0;0;10230;1200;2865
P166065901;P166065901_15;O;10000;1240;0;11600;2440;2865
P166065901;P166065901_16;P;10230;0;0;11830;1200;2865
P166065901;P166065901_17;Q;11600;1240;0;13200;2440;2865
P166065901;P166065901_18;R;11830;0;0;13430;1200;2700
P165065917;P165065917_1;A;0;0;0;1600;1200;2700
P165065917;P165065917_2;B;0;1240;0;1600;2440;2700
P165065917;P165065917_3;C;1600;1240;0;3200;2440;2700
P165065917;P165065917_4;D;1600;0;0;3200;1200;2700
P165065917;P165065917_5;E;3200;0;0;4800;1200;2700
P165065917;P165065917_6;F;3200;1240;0;4800;2440;2700
P165065917;P165065917_7;G;4800;1240;0;6400;2440;2700
P165065917;P165065917_8;H;4800;0;0;6700;1200;2955
P165065917;P165065917_9;I;6400;1240;0;8000;2440;2700
P165065917;P165065917_10;J;6700;0;0;8300;1200;2700
P165065917;P165065917_11;K;8000;1240;0;9000;2440;2700
P165065917;P165065917_12;L;8300;0;0;9900;1200;2700
P165065917;P165065917_13;M;9000;1240;0;10600;2440;2700
P165065917;P165065917_14;N;9900;0;0;11500;1200;2700
P165065917;P165065917_15;O;10600;1240;0;12200;2440;2700
P165065917;P165065917_16;P;11500;0;0;13100;1200;2700
P165065917;P165065917_17;Q;12200;1240;0;13200;2440;2835
P165065915;P165065915_1;A;0;1240;0;1600;2440;2700
P165065915;P165065915_2;B;0;0;0;1600;1200;2700
P165065915;P165065915_3;C;1600;0;0;3200;1200;2700
P165065915;P165065915_4;D;1600;1240;0;3200;2440;2700
P165065915;P165065915_5;E;3200;1240;0;4800;2440;2700
P165065915;P165065915_6;F;3200;0;0;4800;1200;2700
P165065915;P165065915_7;G;4800;0;0;6400;1200;2865
P165065915;P165065915_8;H;4800;1240;0;6400;2440;2700
P165065915;P165065915_9;I;6400;1240;0;7400;2440;2700
P165065915;P165065915_10;J;6400;0;0;8300;1200;2955
P165065915;P165065915_11;K;7400;1240;0;9000;2440;2700
P165065915;P165065915_12;L;8300;0;0;9900;1200;2700
P165065915;P165065915_13;M;9000;1240;0;10600;2440;2700
P165065915;P165065915_14;N;9900;0;0;11500;1200;2865
P165065915;P165065915_15;O;10600;1240;0;12200;2440;2865
P165065915;P165065915_16;P;11500;0;0;13100;1200;2865
P165065915;P165065915_17;Q;12200;1240;0;13200;2440;2700
P165065911;P165065911_1;A;0;0;0;1600;1200;2700
P165065911;P165065911_2;B;0;1240;0;1600;2440;2700
P165065911;P165065911_3;C;1600;1240;0;3200;2440;2865
P165065911;P165065911_4;D;1600;0;0;2610;1206;2362
P165065911;P165065911_5;E;2610;0;0;4210;1200;2700
P165065911;P165065911_6;F;3200;1240;0;4800;2440;2700
P165065911;P165065911_7;G;4210;0;0;5810;1200;2700
P165065911;P165065911_8;H;4800;1240;0;5800;2440;2700
P165065911;P165065911_9;I;5800;1240;0;7400;2440;2700
P165065911;P165065911_10;J;5810;0;0;7410;1200;2700
P165065911;P165065911_11;K;7400;1240;0;9000;2440;2700
P165065911;P165065911_12;L;7410;0;0;8410;1200;2745
P165065911;P165065911_13;M;8410;0;0;10010;1200;2700
P165065911;P165065911_14;N;9000;1240;0;10000;2440;2700
P165065911;P165065911_15;O;10000;1240;0;11600;2440;2865
P165065911;P165065911_16;P;10010;0;0;11610;1200;2700
P165065911;P165065911_17;Q;11600;1240;0;13200;2440;2700
P165065911;P165065911_18;R;11610;0;0;13210;1200;2700
P165065909;P165065909_1;A;0;0;0;1600;1200;2700
P165065909;P165065909_2;B;0;1240;0;1600;2440;2700
P165065909;P165065909_3;C;1600;1240;0;3200;2440;2865
P165065909;P165065909_4;D;1600;0;0;3200;1200;2865
P165065909;P165065909_5;E;3200;0;0;4800;1200;2865
P165065909;P165065909_6;F;3200;1240;0;4800;2440;2865
P165065909;P165065909_7;G;4800;1240;0;6400;2440;2700
P165065909;P165065909_8;H;4800;0;0;6400;1200;2700
P165065909;P165065909_9;I;6400;0;0;7400;1200;2700
P165065909;P165065909_10;J;6400;1240;0;7400;2440;1860
P165065909;P165065909_11;K;7400;1240;0;9000;2440;2700
P165065909;P165065909_12;L;7400;0;0;9000;1200;2700
P165065909;P165065909_13;M;9000;0;0;10600;1200;1815
P165065909;P165065909_14;N;9000;1240;0;10600;2440;2700
P165065909;P165065909_15;O;10600;1240;0;12200;2440;2865
P165065909;P165065909_16;P;10600;0;0;12200;1200;2700
P165065909;P165065909_17;Q;12200;0;0;13400;1600;1815
Q165065909_1;Q165065909_1_1;A;0;0;0;1600;1200;2700
Q165065909_1;Q165065909_1_2;B;0;1240;0;1600;2440;1815
Q165065909_1;Q165065909_1_3;C;1600;1258;0;3420;2440;1160
Q165065909_1;Q165065909_1_4;D;1600;0;0;3200;1200;930
P189065853;P189065853_1;A;0;0;0;2100;2400;2935
P189065853;P189065853_2;B;2100;0;0;4200;2400;2935
P189065853;P189065853_3;C;4200;1240;0;5200;2440;1905
P189065853;P189065853_4;D;4200;0;0;5207;1209;1475
P189065853;P189065853_5;E;5200;1240;0;6800;2440;2865
P189065853;P189065853_6;F;5207;0;0;6807;1200;2865
P189065853;P189065853_7;G;6807;40;0;8907;2440;1490
P189065853;P189065853_8;H;8907;0;0;9907;1200;2865
P189065853;P189065853_9;I;8907;1240;0;9907;2440;2865
P189065853;P189065853_10;J;9907;1240;0;11507;2440;2865
P189065853;P189065853_11;K;9907;0;0;11507;1200;2865
P189065853;P189065853_12;L;11507;0;0;13107;1200;2865
P189065853;P189065853_13;M;11507;1240;0;13107;2440;2865
P189065811;P189065811_1;A;0;40;0;2100;2440;2935
P189065811;P189065811_2;B;2100;0;0;4200;2400;2935
P189065811;P189065811_3;C;4200;1231;0;5207;2440;2925
P189065811;P189065811_4;D;4200;0;0;5200;1200;2835
P189065811;P189065811_5;E;5200;0;0;6200;1200;2610
P189065811;P189065811_6;F;5207;1231;0;6214;2440;2925
P189065811;P189065811_7;G;6200;0;0;7800;1200;2865
P189065811;P189065811_8;H;6214;1240;0;7814;2440;2865
P189065811;P189065811_9;I;7800;0;0;9400;1200;2865
P189065811;P189065811_10;J;7814;1240;0;9414;2440;2865
P189065811;P189065811_11;K;9400;0;0;11000;1200;2865
P189065811;P189065811_12;L;9414;1240;0;11014;2440;2865
P189065811;P189065811_13;M;11014;0;0;13114;2400;2935
P188065825;P188065825_1;A;0;1240;0;1000;2440;2835
P188065825;P188065825_2;B;0;0;0;1000;1200;2385
P188065825;P188065825_3;C;1000;0;0;3100;2400;2935
P188065825;P188065825_4;D;3100;0;0;5200;2400;2935
P188065825;P188065825_5;E;5200;0;0;7300;2400;2935
P188065825;P188065825_6;F;7300;0;0;9400;2400;2935
P188065825;P188065825_7;G;9400;0;0;11500;2400;2935
P188065825;P188065825_8;H;11500;1433;0;12709;2440;2925
P188065825;P188065825_9;I;11500;0;0;12500;1200;2610
P188065825;P188065825_10;J;12500;0;0;13500;1200;2610
P188065823;P188065823_1;A;0;0;0;2100;2400;2935
P188065823;P188065823_2;B;2100;40;0;4200;2440;2935
P188065823;P188065823_3;C;4200;0;0;6300;2400;2935
P188065823;P188065823_4;D;6300;0;0;8400;2400;2935
P188065823;P188065823_5;E;8400;0;0;10500;2400;2935
P188065823;P188065823_6;F;10500;1231;0;11507;2440;2925
P188065823;P188065823_7;G;10500;0;0;12100;1200;2865
P188065823;P188065823_8;H;11507;1240;0;13107;2440;2865
P188065823;P188065823_9;I;12100;0;0;13107;1209;2925
P188065817;P188065817_1;A;0;0;0;2100;2400;2935
P188065817;P188065817_2;B;2100;0;0;4200;2400;2935
P188065817;P188065817_3;C;4200;0;0;6300;2400;2935
P188065817;P188065817_4;D;6300;1240;0;7300;2440;2835
P188065817;P188065817_5;E;6300;0;0;7300;1200;2610
P188065817;P188065817_6;F;7300;0;0;9400;2400;2935
P188065817;P188065817_7;G;9400;1240;0;11000;2440;2865
P188065817;P188065817_8;H;9400;0;0;11000;1200;2865
P188065817;P188065817_9;I;11000;0;0;13100;2400;2935
P188065815;P188065815_1;A;0;0;0;2100;2400;2935
P188065815;P188065815_2;B;2100;0;0;4200;2400;2935
P188065815;P188065815_3;C;4200;0;0;6300;2400;2935
P188065815;P188065815_4;D;6300;0;0;8400;2400;2935
P188065815;P188065815_5;E;8400;0;0;10000;1200;2865
P188065815;P188065815_6;F;8400;1240;0;9400;2440;2610
P188065815;P188065815_7;G;9400;1240;0;11000;2440;2865
P188065815;P188065815_8;H;10000;0;0;11600;1200;2865
P188065815;P188065815_9;I;11000;1231;0;12007;2440;2925
P188065815;P188065815_10;J;11600;0;0;13200;1200;2865
P188065815;P188065815_11;K;12007;1240;0;13007;2440;2610
P188065821;P188065821_1;A;0;0;0;1600;1200;2865
P188065821;P188065821_2;B;0;1240;0;1000;2440;2610
P188065821;P188065821_3;C;1000;1240;0;2600;2440;2865
P188065821;P188065821_4;D;1600;0;0;3200;1200;2865
P188065821;P188065821_5;E;2600;1240;0;4200;2440;2865
P188065821;P188065821_6;F;3200;0;0;4800;1200;2865
P188065821;P188065821_7;G;4200;1240;0;5200;2440;2865
P188065821;P188065821_8;H;4800;0;0;6400;1200;2865
P188065821;P188065821_9;I;5200;1240;0;6800;2440;2865
P188065821;P188065821_10;J;6400;0;0;8000;1200;2865
P188065821;P188065821_11;K;6800;1240;0;8400;2440;2865
P188065821;P188065821_12;L;8000;0;0;9600;1200;2865
P188065821;P188065821_13;M;8400;1240;0;10000;2440;2865
P188065821;P188065821_14;N;9600;0;0;11200;1200;2865
P188065821;P188065821_15;O;10000;1240;0;11600;2440;2865
P188065821;P188065821_16;P;11200;0;0;12200;1200;2865
P188065821;P188065821_17;Q;11600;1240;0;13200;2440;2865
P188065821;P188065821_18;R;12200;0;0;13200;1200;2865
P188065813;P188065813_1;A;0;0;0;2100;2400;2935
P188065813;P188065813_2;B;2100;0;0;4200;2400;2935
P188065813;P188065813_3;C;4200;0;0;6300;2400;2935
P188065813;P188065813_4;D;6300;0;0;8400;2400;2935
P188065813;P188065813_5;E;8400;0;0;10500;2400;2935
P188065813;P188065813_6;F;10500;0;0;11507;1209;2925
P188065813;P188065813_7;G;10500;1240;0;11500;2440;2835
P188065813;P188065813_8;H;11500;1240;0;13100;2440;2865
P188065813;P188065813_9;I;11507;0;0;13107;1200;2865
P188065807;P188065807_1;A;0;0;0;2100;2400;2935
P188065807;P188065807_2;B;2100;0;0;4200;2400;2935
P188065807;P188065807_3;C;4200;0;0;6300;2400;2935
P188065807;P188065807_4;D;6300;0;0;8400;2400;2935
P188065807;P188065807_5;E;8400;0;0;10500;2400;2935
P188065807;P188065807_6;F;10500;1240;0;11500;2440;2835
P188065807;P188065807_7;G;10500;0;0;11507;1209;2925
P188065807;P188065807_8;H;11500;1240;0;13100;2440;2865
P188065807;P188065807_9;I;11507;0;0;13107;1200;2865
P188065801;P188065801_1;A;0;0;0;2100;2400;2935
P188065801;P188065801_2;B;2100;0;0;4200;2400;2935
P188065801;P188065801_3;C;4200;0;0;6300;2400;2935
P188065801;P188065801_4;D;6300;0;0;8400;2400;2935
P188065801;P188065801_5;E;8400;0;0;10500;2400;2935
P188065801;P188065801_6;F;10500;0;0;12600;2400;2935
P188065811;P188065811_1;A;0;0;0;2100;2400;2935
P188065811;P188065811_2;B;2100;1240;0;3700;2440;2865
P188065811;P188065811_3;C;2100;0;0;3700;1200;2865
P188065811;P188065811_4;D;3700;0;0;4700;1200;2835
P188065811;P188065811_5;E;3700;1240;0;4700;2440;2865
P188065811;P188065811_6;F;4700;1231;0;5707;2440;2925
P188065811;P188065811_7;G;4700;0;0;5700;1200;2835
P188065811;P188065811_8;H;5700;0;0;6700;1200;2610
P188065811;P188065811_9;I;5707;1231;0;6714;2440;2925
P188065811;P188065811_10;J;6714;0;0;8814;2400;2935
P188065811;P188065811_11;K;8814;0;0;10914;2400;2935
P188065811;P188065811_12;L;10914;0;0;13014;2400;2935
P187065825;P187065825_1;A;0;0;0;2100;2400;2935
P187065825;P187065825_2;B;2100;0;0;4200;2400;2935
P187065825;P187065825_3;C;4200;0;0;6300;2400;2935
P187065825;P187065825_4;D;6300;0;0;8400;2400;2935
P187065825;P187065825_5;E;8400;0;0;10500;2400;2935
P187065825;P187065825_6;F;10500;0;0;12600;2400;2935
P187065823;P187065823_1;A;0;0;0;2100;2400;2935
P187065823;P187065823_2;B;2100;1240;0;3100;2440;2835
P187065823;P187065823_3;C;2100;0;0;3700;1200;2865
P187065823;P187065823_4;D;3100;1240;0;4100;2440;2835
P187065823;P187065823_5;E;3700;0;0;4707;1209;2925
P187065823;P187065823_6;F;4100;1240;0;5100;2440;2610
P187065823;P187065823_7;G;4707;0;0;6307;1200;2865
P187065823;P187065823_8;H;5100;1240;0;6700;2440;2865
P187065823;P187065823_9;I;6307;0;0;7907;1200;2865
P187065823;P187065823_10;J;6700;1240;0;8300;2440;2865
P187065823;P187065823_11;K;7907;0;0;8914;1209;2925
P187065823;P187065823_12;L;8300;1240;0;9300;2440;2610
P187065823;P187065823_13;M;8914;0;0;10514;1200;2865
P187065823;P187065823_14;N;9300;1240;0;10300;2440;2610
P187065823;P187065823_15;O;10300;1240;0;11900;2440;2865
P187065823;P187065823_16;P;10514;0;0;12114;1200;2865
P187065823;P187065823_17;Q;11900;1240;0;13500;2440;2865
P187065823;P187065823_18;R;12114;0;0;13121;1209;2925
P187065817;P187065817_1;A;0;0;0;2100;2400;2935
P187065817;P187065817_2;B;2100;0;0;4200;2400;2935
P187065817;P187065817_3;C;4200;0;0;6300;2400;2935
P187065817;P187065817_4;D;6300;0;0;8400;2400;2935
P187065817;P187065817_5;E;8400;0;0;10500;2400;2935
P187065817;P187065817_6;F;10500;0;0;11500;1200;2835
P187065817;P187065817_7;G;10500;1231;0;11507;2440;2925
P187065817;P187065817_8;H;11500;0;0;13100;1200;2865
P187065817;P187065817_9;I;11507;1240;0;13107;2440;2865
P187065815;P187065815_1;A;0;0;0;2100;2400;2935
P187065815;P187065815_2;B;2100;0;0;4200;2400;2935
P187065815;P187065815_3;C;4200;0;0;6300;2400;2935
P187065815;P187065815_4;D;6300;0;0;8400;2400;2935
P187065815;P187065815_5;E;8400;0;0;10500;2400;2935
P187065815;P187065815_6;F;10500;0;0;12600;2400;2935
P187065821;P187065821_1;A;0;1240;0;1000;2440;2865
P187065821;P187065821_2;B;0;0;0;1600;1200;2865
P187065821;P187065821_3;C;1000;1240;0;2000;2440;2865
P187065821;P187065821_4;D;1600;0;0;2600;1200;2865
P187065821;P187065821_5;E;2000;1240;0;3600;2440;2865
P187065821;P187065821_6;F;2600;0;0;4200;1200;2865
P187065821;P187065821_7;G;3600;1240;0;5200;2440;2865
P187065821;P187065821_8;H;4200;0;0;5800;1200;2865
P187065821;P187065821_9;I;5200;1240;0;6800;2440;2865
P187065821;P187065821_10;J;5800;0;0;7400;1200;2865
P187065821;P187065821_11;K;6800;1240;0;8400;2440;2865
P187065821;P187065821_12;L;7400;0;0;9000;1200;2865
P187065821;P187065821_13;M;8400;1240;0;10000;2440;2865
P187065821;P187065821_14;N;9000;0;0;10600;1200;2865
P187065821;P187065821_15;O;10000;1240;0;11600;2440;2865
P187065821;P187065821_16;P;10600;0;0;12200;1200;2865
P187065821;P187065821_17;Q;11600;1240;0;13200;2440;2865
P187065821;P187065821_18;R;12200;0;0;13200;1200;2865
P187065813;P187065813_1;A;0;0;0;2100;2400;2935
P187065813;P187065813_2;B;2100;1240;0;3100;2440;2610
P187065813;P187065813_3;C;2100;0;0;3100;1200;2610
P187065813;P187065813_4;D;3100;0;0;5200;2400;2935
P187065813;P187065813_5;E;5200;0;0;7300;2400;2935
P187065813;P187065813_6;F;7300;0;0;9400;2400;2935
P187065813;P187065813_7;G;9400;1240;0;11000;2440;2865
P187065813;P187065813_8;H;9400;0;0;10407;1209;2925
P187065813;P187065813_9;I;10407;0;0;12007;1200;2865
P187065813;P187065813_10;J;11000;1240;0;12600;2440;2865
P187065813;P187065813_11;K;12007;0;0;13007;1200;2835
P187065807;P187065807_1;A;0;0;0;2100;2400;2935
P187065807;P187065807_2;B;2100;0;0;4200;2400;2935
P187065807;P187065807_3;C;4200;0;0;6300;2400;2935
P187065807;P187065807_4;D;6300;0;0;8400;2400;2935
P187065807;P187065807_5;E;8400;0;0;10500;2400;2935
P187065807;P187065807_6;F;10500;1240;0;11500;2440;2610
P187065807;P187065807_7;G;10500;0;0;12100;1200;2865
P187065807;P187065807_8;H;11500;1240;0;12500;2440;2610
P187065807;P187065807_9;I;12100;0;0;13107;1209;2925
P187065807;P187065807_10;J;12500;1240;0;13500;2440;2835
P187065801;P187065801_1;A;0;1231;0;1007;2440;2925
P187065801;P187065801_2;B;0;0;0;1600;1200;2865
P187065801;P187065801_3;C;1007;1240;0;2607;2440;2865
P187065801;P187065801_4;D;1600;0;0;2607;1209;2925
P187065801;P187065801_5;E;2607;0;0;4707;2400;2935
P187065801;P187065801_6;F;4707;0;0;6807;2400;2935
P187065801;P187065801_7;G;6807;0;0;8907;2400;2935
P187065801;P187065801_8;H;8907;0;0;11007;2400;2935
P187065801;P187065801_9;I;11007;0;0;13107;2400;2935
P187065811;P187065811_1;A;0;0;0;2100;2400;2935
P187065811;P187065811_2;B;2100;1240;0;3100;2440;2385
P187065811;P187065811_3;C;2100;0;0;3700;1200;2865
P187065811;P187065811_4;D;3100;1240;0;4700;2440;2865
P187065811;P187065811_5;E;3700;0;0;4700;1200;2835
P187065811;P187065811_6;F;4700;0;0;6800;2400;2935
P187065811;P187065811_7;G;6800;0;0;8900;2400;2935
P187065811;P187065811_8;H;8900;0;0;11000;2400;2935
P187065811;P187065811_9;I;11000;0;0;13100;2400;2935
P187065831;P187065831_1;A;0;1234;0;1010;2440;2947
P187065831;P187065831_2;B;0;0;0;1010;1206;2751
P187065831;P187065831_3;C;1010;0;0;2020;1206;2953
P187065831;P187065831_4;D;1010;1234;0;2020;2440;2908
P187065831;P187065831_5;E;2020;1234;0;3030;2440;2721
P187065831;P187065831_6;F;2020;0;0;3030;1206;2751
P187065831;P187065831_7;G;3030;0;0;4030;1200;975
P187065831;P187065831_8;H;3030;1234;0;4040;2440;2953
P187065831;P187065831_9;I;4030;0;0;5040;1206;2933
P187065831;P187065831_10;J;4040;1234;0;5050;2440;2751
P187065831;P187065831_11;K;5040;0;0;6050;1206;2937
P187065831;P187065831_12;L;5050;1234;0;6060;2440;2993
P187065831;P187065831_13;M;6050;0;0;7060;1206;2940
P187065831;P187065831_14;N;6060;1234;0;7070;2440;2840
P187065831;P187065831_15;O;7060;0;0;8660;1200;2865
P187065831;P187065831_16;P;7070;1240;0;8670;2440;2865
P187065831;P187065831_17;Q;8660;0;0;9660;1200;2865
P187065831;P187065831_18;R;8670;1240;0;9670;2440;2610
P187065831;P187065831_19;S;9660;0;0;11260;1200;2865
P187065831;P187065831_20;T;9670;1240;0;10670;2440;2865
P187065831;P187065831_21;U;10670;1240;0;12270;2440;2865
P187065831;P187065831_22;V;11260;0;0;12860;1200;2865
P187065831;P187065831_23;W;12270;1440;0;13470;2440;2865
P186065825;P186065825_1;A;0;0;0;2100;2400;2935
P186065825;P186065825_2;B;2100;0;0;4200;2400;2935
P186065825;P186065825_3;C;4200;0;0;6300;2400;2935
P186065825;P186065825_4;D;6300;0;0;8400;2400;2935
P186065825;P186065825_5;E;8400;0;0;10500;2400;2935
P186065825;P186065825_6;F;10500;0;0;12100;1200;2865
P186065825;P186065825_7;G;10500;1240;0;12100;2440;2865
P186065825;P186065825_8;H;12100;1440;0;13300;2440;2835
P186065825;P186065825_9;I;12100;0;0;13309;1007;2925
P186065823;P186065823_1;A;0;1240;0;1000;2440;2835
P186065823;P186065823_2;B;0;0;0;1000;1200;2385
P186065823;P186065823_3;C;1000;0;0;3100;2400;2935
P186065823;P186065823_4;D;3100;1240;0;4700;2440;2865
P186065823;P186065823_5;E;3100;0;0;4700;1200;2865
P186065823;P186065823_6;F;4700;0;0;6800;2400;2935
P186065823;P186065823_7;G;6800;0;0;8900;2400;2935
P186065823;P186065823_8;H;8900;0;0;11000;2400;2935
P186065823;P186065823_9;I;11000;0;0;13100;2400;2935
P186065817;P186065817_1;A;0;1231;0;1007;2440;2925
P186065817;P186065817_2;B;0;0;0;1000;1200;2835
P186065817;P186065817_3;C;1000;0;0;2007;1209;2925
P186065817;P186065817_4;D;1007;1240;0;2607;2440;2865
P186065817;P186065817_5;E;2007;0;0;3607;1200;2865
P186065817;P186065817_6;F;2607;1240;0;3607;2440;2835
P186065817;P186065817_7;G;3607;0;0;5707;2400;2935
P186065817;P186065817_8;H;5707;0;0;7807;2400;2935
P186065817;P186065817_9;I;7807;0;0;9907;2400;2935
P186065817;P186065817_10;J;9907;0;0;12007;2400;2935
P186065817;P186065817_11;K;12007;0;0;13207;1600;2865
P186065815;P186065815_1;A;0;1240;0;1000;2440;2385
P186065815;P186065815_2;B;0;0;0;1600;1200;2865
P186065815;P186065815_3;C;1000;1231;0;2007;2440;2925
P186065815;P186065815_4;D;1600;0;0;3200;1200;2865
P186065815;P186065815_5;E;2007;1231;0;3014;2440;2925
P186065815;P186065815_6;F;3014;1240;0;4014;2440;2835
P186065815;P186065815_7;G;3200;0;0;4800;1200;2865
P186065815;P186065815_8;H;4014;1240;0;5614;2440;2865
P186065815;P186065815_9;I;4800;0;0;5800;1200;2160
P186065815;P186065815_10;J;5614;1240;0;6614;2440;975
P186065815;P186065815_11;K;6614;0;0;8714;2400;2935
P186065815;P186065815_12;L;8714;0;0;10814;2400;2935
P186065815;P186065815_13;M;10814;0;0;12914;2400;2935
P186065821;P186065821_1;A;0;0;0;1000;1200;2385
P186065821;P186065821_2;B;0;1240;0;1000;2440;2865
P186065821;P186065821_3;C;1000;1240;0;2600;2440;2865
P186065821;P186065821_4;D;1000;0;0;2600;1200;2865
P186065821;P186065821_5;E;2600;0;0;4200;1200;2865
P186065821;P186065821_6;F;2600;1240;0;4200;2440;2865
P186065821;P186065821_7;G;4200;1240;0;5800;2440;2865
P186065821;P186065821_8;H;4200;0;0;5800;1200;2865
P186065821;P186065821_9;I;5800;0;0;6800;1200;2865
P186065821;P186065821_10;J;5800;1240;0;7400;2440;2865
P186065821;P186065821_11;K;6800;0;0;7800;1200;2385
P186065821;P186065821_12;L;7400;1240;0;9000;2440;2865
P186065821;P186065821_13;M;7800;0;0;9400;1200;2865
P186065821;P186065821_14;N;9000;1240;0;10600;2440;2865
P186065821;P186065821_15;O;9400;0;0;11000;1200;2865
P186065821;P186065821_16;P;10600;1240;0;12200;2440;2865
P186065821;P186065821_17;Q;11000;0;0;12600;1200;1455
P186065813;P186065813_1;A;0;0;0;2100;2400;2935
P186065813;P186065813_2;B;2100;0;0;4200;2400;2935
P186065813;P186065813_3;C;4200;0;0;6300;2400;2935
P186065813;P186065813_4;D;6300;0;0;8400;2400;2935
P186065813;P186065813_5;E;8400;0;0;10500;2400;2935
P186065813;P186065813_6;F;10500;1240;0;11500;2440;2835
P186065813;P186065813_7;G;10500;0;0;12100;1200;2865
P186065813;P186065813_8;H;11500;1240;0;13100;2440;2865
P186065813;P186065813_9;I;12100;0;0;13107;1209;2200
P186065807;P186065807_1;A;0;0;0;2100;2400;2935
P186065807;P186065807_2;B;2100;0;0;4200;2400;2935
P186065807;P186065807_3;C;4200;0;0;6300;2400;2935
P186065807;P186065807_4;D;6300;0;0;8400;2400;2935
P186065807;P186065807_5;E;8400;0;0;10500;2400;2935
P186065807;P186065807_6;F;10500;1240;0;11500;2440;2835
P186065807;P186065807_7;G;10500;0;0;12100;1200;2865
P186065807;P186065807_8;H;11500;1240;0;12500;2440;2610
P186065807;P186065807_9;I;12100;0;0;13107;1209;2925
P186065807;P186065807_10;J;12500;1240;0;13500;2440;2610
P186065801;P186065801_1;A;0;1240;0;1600;2440;2865
P186065801;P186065801_2;B;0;0;0;1600;1200;2865
P186065801;P186065801_3;C;1600;0;0;3700;2400;2935
P186065801;P186065801_4;D;3700;0;0;5800;2400;2935
P186065801;P186065801_5;E;5800;0;0;7900;2400;2935
P186065801;P186065801_6;F;7900;0;0;10000;2400;2935
P186065801;P186065801_7;G;10000;0;0;12100;2400;2935
P186065801;P186065801_8;H;12100;1433;0;13309;2440;2925
P186065801;P186065801_9;I;12100;0;0;13300;1000;2835
P186065811;P186065811_1;A;0;0;0;2100;2400;2935
P186065811;P186065811_2;B;2100;0;0;4200;2400;2935
P186065811;P186065811_3;C;4200;1240;0;5800;2440;2865
P186065811;P186065811_4;D;4200;0;0;5800;1200;2865
P186065811;P186065811_5;E;5800;0;0;7900;2400;2935
P186065811;P186065811_6;F;7900;0;0;10000;2400;2935
P186065811;P186065811_7;G;10000;0;0;11007;1209;2925
P186065811;P186065811_8;H;10000;1240;0;11000;2440;2610
P186065811;P186065811_9;I;11000;1231;0;12007;2440;2200
P186065811;P186065811_10;J;11007;0;0;12607;1200;2865
P186065811;P186065811_11;K;12007;1240;0;13007;2440;2835
P185065825;P185065825_1;A;0;0;0;2100;2400;2935
P185065825;P185065825_2;B;2100;0;0;3700;1200;2865
P185065825;P185065825_3;C;2100;1240;0;3700;2440;2865
P185065825;P185065825_4;D;3700;0;0;5800;2400;2935
P185065825;P185065825_5;E;5800;0;0;7900;2400;2935
P185065825;P185065825_6;F;7900;0;0;10000;2400;2935
P185065825;P185065825_7;G;10000;0;0;12100;2400;2935
P185065825;P185065825_8;H;12100;1440;0;13300;2440;2610
P185065825;P185065825_9;I;12100;0;0;13309;1007;2925
P185065823;P185065823_1;A;0;0;0;2100;2400;2935
P185065823;P185065823_2;B;2100;0;0;4200;2400;2935
P185065823;P185065823_3;C;4200;0;0;5800;1200;2865
P185065823;P185065823_4;D;4200;1240;0;5200;2440;2835
P185065823;P185065823_5;E;5200;1240;0;6800;2440;2865
P185065823;P185065823_6;F;5800;0;0;6800;1200;2385
P185065823;P185065823_7;G;6800;0;0;8900;2400;2935
P185065823;P185065823_8;H;8900;0;0;11000;2400;2935
P185065823;P185065823_9;I;11000;0;0;13100;2400;2935
P185065817;P185065817_1;A;0;0;0;2100;2400;2935
P185065817;P185065817_2;B;2100;0;0;3700;1200;2865
P185065817;P185065817_3;C;2100;1240;0;3700;2440;2865
P185065817;P185065817_4;D;3700;1231;0;4707;2440;2925
P185065817;P185065817_5;E;3700;0;0;4707;1209;1475
P185065817;P185065817_6;F;4707;0;0;6807;2400;2935
P185065817;P185065817_7;G;6807;0;0;8907;2400;2935
P185065817;P185065817_8;H;8907;0;0;11007;2400;2935
P185065817;P185065817_9;I;11007;0;0;13107;2400;2935
P185065815;P185065815_1;A;0;0;0;2100;2400;2935
P185065815;P185065815_2;B;2100;0;0;3700;1200;2865
P185065815;P185065815_3;C;2100;1240;0;3100;2440;2835
P185065815;P185065815_4;D;3100;1240;0;4700;2440;2865
P185065815;P185065815_5;E;3700;0;0;4700;1200;2610
P185065815;P185065815_6;F;4700;0;0;6800;2400;2935
P185065815;P185065815_7;G;6800;0;0;8900;2400;2935
P185065815;P185065815_8;H;8900;1240;0;10500;2440;2865
P185065815;P185065815_9;I;8900;0;0;10500;1200;2865
P185065815;P185065815_10;J;10500;0;0;12600;2400;2935
P185065807;P185065807_1;A;0;1231;0;1007;2440;2925
P185065807;P185065807_2;B;0;0;0;1000;1200;2610
P185065807;P185065807_3;C;1000;0;0;2007;1209;2925
P185065807;P185065807_4;D;1007;1240;0;2607;2440;2865
P185065807;P185065807_5;E;2007;0;0;3607;1200;2865
P185065807;P185065807_6;F;2607;1240;0;3607;2440;2835
P185065807;P185065807_7;G;3607;0;0;5707;2400;2935
P185065807;P185065807_8;H;5707;0;0;7807;2400;2935
P185065807;P185065807_9;I;7807;0;0;9907;2400;2935
P185065807;P185065807_10;J;9907;0;0;12007;2400;2935
P185065807;P185065807_11;K;12007;0;0;13207;1000;2610
P185065807;P185065807_12;L;12007;1231;0;13014;2440;2925
P185065811;P185065811_1;A;0;0;0;2100;2400;2935
P185065811;P185065811_2;B;2100;0;0;3100;1200;2385
P185065811;P185065811_3;C;2100;1240;0;3100;2440;2835
P185065811;P185065811_4;D;3100;0;0;5200;2400;2935
P185065811;P185065811_5;E;5200;0;0;7300;2400;2935
P185065811;P185065811_6;F;7300;0;0;9400;2400;2935
P185065811;P185065811_7;G;9400;0;0;11500;2400;2935
P185065811;P185065811_8;H;11500;1240;0;13100;2440;2865
P185065811;P185065811_9;I;11500;0;0;13100;1200;2865
P185065831;P185065831_1;A;0;1234;0;1010;2440;2621
P185065831;P185065831_2;B;0;0;0;1010;1206;2636
P185065831;P185065831_3;C;1010;0;0;2020;1206;2455
P185065831;P185065831_4;D;1010;1234;0;2020;2440;2651
P185065831;P185065831_5;E;2020;1234;0;3030;2440;2540
P185065831;P185065831_6;F;2020;0;0;3030;1206;1666
P185065831;P185065831_7;G;3030;0;0;4040;1206;2325
P185065831;P185065831_8;H;3030;1234;0;4040;2440;1185
P185065831;P185065831_9;I;4040;1240;0;5640;2440;2865
P185065831;P185065831_10;J;4040;0;0;5640;1200;2865
P185065831;P185065831_11;K;5640;0;0;6640;1200;2610
P185065831;P185065831_12;L;5640;1240;0;6640;2440;2865
P185065831;P185065831_13;M;6640;1240;0;8240;2440;2865
P185065831;P185065831_14;N;6640;0;0;7640;1200;2865
P185065831;P185065831_15;O;7640;0;0;8640;1200;2865
P185065831;P185065831_16;P;8240;1240;0;9240;2440;2865
P185065831;P185065831_17;Q;8640;0;0;9640;1200;2865
P185065831;P185065831_18;R;9240;1240;0;10840;2440;2865
P185065831;P185065831_19;S;9640;0;0;11240;1200;2865
P185065831;P185065831_20;T;10840;1240;0;12440;2440;2865
P185065831;P185065831_21;U;11240;0;0;12840;1200;2865
P185065831;P185065831_22;V;12440;1240;0;13440;2440;2865
P184065825;P184065825_1;A;0;0;0;2100;2400;2935
P184065825;P184065825_2;B;2100;0;0;4200;2400;2935
P184065825;P184065825_3;C;4200;0;0;5207;1209;2925
P184065825;P184065825_4;D;4200;1240;0;5800;2440;2865
P184065825;P184065825_5;E;5207;0;0;6807;1200;2865
P184065825;P184065825_6;F;5800;1231;0;6807;2440;2925
P184065825;P184065825_7;G;6807;0;0;8907;2400;2935
P184065825;P184065825_8;H;8907;0;0;11007;2400;2935
P184065825;P184065825_9;I;11007;0;0;13107;2400;2935
P184065823;P184065823_1;A;0;0;0;2100;2400;2935
P184065823;P184065823_2;B;2100;0;0;4200;2400;2935
P184065823;P184065823_3;C;4200;0;0;6300;2400;2935
P184065823;P184065823_4;D;6300;0;0;8400;2400;2935
P184065823;P184065823_5;E;8400;0;0;10500;2400;2935
P184065823;P184065823_6;F;10500;1240;0;11500;2440;2835
P184065823;P184065823_7;G;10500;0;0;11500;1200;2835
P184065823;P184065823_8;H;11500;0;0;13100;1200;2865
P184065823;P184065823_9;I;11500;1240;0;13100;2440;2865
P184065815;P184065815_1;A;0;0;0;1000;1200;1455
P184065815;P184065815_2;B;0;1240;0;1600;2440;2865
P184065815;P184065815_3;C;1000;0;0;2000;1200;1905
P184065815;P184065815_4;D;2000;0;0;4100;2400;2935
P184065821;P184065821_1;A;0;0;0;1600;1200;2865
P184065821;P184065821_2;B;0;1200;0;1600;2400;2865
P184065821;P184065821_3;C;1600;1240;0;3200;2440;2865
P184065821;P184065821_4;D;1600;0;0;3200;1200;2865
P184065821;P184065821_5;E;3200;0;0;4800;1200;2865
P184065821;P184065821_6;F;3200;1200;0;4800;2400;2865
P184065821;P184065821_7;G;4800;1240;0;6400;2440;2865
P184065821;P184065821_8;H;4800;0;0;6400;1200;2865
P184065821;P184065821_9;I;6400;1240;0;8000;2440;2865
P184065821;P184065821_10;J;6400;0;0;8000;1200;2865
P184065821;P184065821_11;K;8000;0;0;9600;1200;2865
P184065821;P184065821_12;L;8000;1240;0;9600;2440;2865
P184065821;P184065821_13;M;9600;1240;0;11200;2440;2865
P184065821;P184065821_14;N;9600;0;0;11200;1200;2865
P184065821;P184065821_15;O;11200;0;0;12200;1200;1455
P184065821;P184065821_16;P;11200;1240;0;12800;2440;750
P240065821;P240065821_1;A;0;0;0;1600;1200;2865
P240065821;P240065821_2;B;0;1200;0;1600;2400;2865
P240065821;P240065821_3;C;1600;1240;0;2600;2440;2385
P240065821;P240065821_4;D;1600;0;0;3200;1200;2865
P240065821;P240065821_5;E;2600;1240;0;4200;2440;2865
P240065821;P240065821_6;F;3200;0;0;4800;1200;2865
P240065821;P240065821_7;G;4200;1240;0;5800;2440;2865
P240065821;P240065821_8;H;4800;0;0;6400;1200;2865
P240065821;P240065821_9;I;5800;1240;0;7400;2440;2865
P240065821;P240065821_10;J;6400;0;0;8000;1200;2865
P240065821;P240065821_11;K;7400;1240;0;9000;2440;2865
P240065821;P240065821_12;L;8000;0;0;9600;1200;2865
P240065821;P240065821_13;M;9000;1240;0;10600;2440;2865
P240065821;P240065821_14;N;9600;0;0;11200;1200;2865
P240065821;P240065821_15;O;10600;1240;0;12200;2440;2865
P240065821;P240065821_16;P;11200;0;0;12200;1200;2865
P240065821;P240065821_17;Q;12200;0;0;13400;1000;2865
P240065821;P240065821_18;R;12200;1440;0;13400;2440;2865
P240065803;P240065803_1;A;0;1231;0;1007;2440;2925
P240065803;P240065803_2;B;0;0;0;1007;1209;2925
P240065803;P240065803_3;C;1007;0;0;2007;1200;2835
P240065803;P240065803_4;D;1007;1240;0;2007;2440;2835
P240065803;P240065803_5;E;2007;1240;0;3007;2440;2835
P240065803;P240065803_6;F;2007;0;0;3007;1200;2385
P240065803;P240065803_7;G;3007;0;0;4007;1200;2865
P240065803;P240065803_8;H;3007;1231;0;4014;2440;2925
P240065803;P240065803_9;I;4007;0;0;5007;1200;2835
P240065803;P240065803_10;J;4014;1240;0;5014;2440;2835
P240065803;P240065803_11;K;5007;0;0;6007;1200;2835
P240065803;P240065803_12;L;5014;1231;0;6021;2440;2925
P240065803;P240065803_13;M;6007;0;0;7014;1209;2925
P240065803;P240065803_14;N;6021;1240;0;7021;2440;2865
P240065803;P240065803_15;O;7021;0;0;9121;2400;2935
P240065803;P240065803_16;P;9121;0;0;11221;2400;2935
P240065803;P240065803_17;Q;11221;0;0;13321;2400;2935
Q240065803_1;Q240065803_1_1;A;0;0;0;1600;1200;2865
Q240065803_1;Q240065803_1_2;B;0;1240;0;1600;2440;2865
Q240065803_1;Q240065803_1_3;C;1600;1240;0;3200;2440;2865
Q240065803_1;Q240065803_1_4;D;1600;0;0;3200;1200;2865
Q240065803_1;Q240065803_1_5;E;3200;0;0;4800;1200;2865
Q240065803_1;Q240065803_1_6;F;3200;1231;0;4207;2440;2925
Q240065803_1;Q240065803_1_7;G;4207;1231;0;5214;2440;2925
Q240065803_1;Q240065803_1_8;H;4800;0;0;5807;1209;2925
Q240065803_1;Q240065803_1_9;I;5214;1240;0;6814;2440;2865
Q240065803_1;Q240065803_1_10;J;5807;0;0;7407;1200;2865
Q240065803_1;Q240065803_1_11;K;6814;1240;0;8414;2440;2865
Q240065803_1;Q240065803_1_12;L;7407;0;0;9007;1200;2865
Q240065803_1;Q240065803_1_13;M;8414;1240;0;10014;2440;2865
Q240065803_1;Q240065803_1_14;N;9007;0;0;10607;1200;2865
Q240065803_1;Q240065803_1_15;O;10014;1240;0;11614;2440;2865
Q240065803_1;Q240065803_1_16;P;10607;0;0;12207;1200;2865
Q240065803_1;Q240065803_1_17;Q;11614;1240;0;13214;2440;2865
Q240065803_1;Q240065803_1_18;R;12207;0;0;13207;1200;2835
Q240065803_2;Q240065803_2_1;A;0;0;0;2100;2400;2935
Q240065803_2;Q240065803_2_2;B;2100;0;0;4200;2400;2935
Q240065803_2;Q240065803_2_3;C;4200;1240;0;5800;2440;2865
Q240065803_2;Q240065803_2_4;D;4200;0;0;5800;1200;2865
Q240065803_2;Q240065803_2_5;E;5800;0;0;7900;2400;2935
Q240065803_2;Q240065803_2_6;F;7900;0;0;10000;2400;2935
Q240065803_2;Q240065803_2_7;G;10000;0;0;12100;2400;2935
Q240065803_2;Q240065803_2_8;H;12100;0;0;13300;1600;2865
Q240065803_3;Q240065803_3_1;A;0;0;0;2100;2400;2935
Q240065803_3;Q240065803_3_2;B;2100;0;0;4200;2400;2935
Q240065803_3;Q240065803_3_3;C;4200;0;0;6300;2400;2935
Q240065803_3;Q240065803_3_4;D;6300;0;0;8400;2400;2935
Q240065803_3;Q240065803_3_5;E;8400;0;0;10500;2400;2935
Q240065803_3;Q240065803_3_6;F;10500;0;0;12600;2400;2935
Q240065803_4;Q240065803_4_1;A;0;0;0;2100;2400;2935
Q240065803_4;Q240065803_4_2;B;2100;0;0;4200;2400;2935
Q240065803_4;Q240065803_4_3;C;4200;0;0;6300;2400;2935
Q240065803_4;Q240065803_4_4;D;6300;0;0;8400;2400;2935
Q240065803_4;Q240065803_4_5;E;8400;0;0;10500;2400;2935
Q240065803_4;Q240065803_4_6;F;10500;0;0;12600;2400;2935
Q240065803_5;Q240065803_5_1;A;0;0;0;2100;2400;2935
Q240065803_5;Q240065803_5_2;B;2100;0;0;4200;2400;2935
Q240065803_5;Q240065803_5_3;C;4200;0;0;6300;2400;2935
Q240065803_5;Q240065803_5_4;D;6300;0;0;8400;2400;2935
Q240065803_5;Q240065803_5_5;E;8400;0;0;10500;2400;2935
Q240065803_5;Q240065803_5_6;F;10500;0;0;12600;2400;2935
Q240065803_6;Q240065803_6_1;A;0;1240;0;1600;2440;2865
Q240065803_6;Q240065803_6_2;B;0;0;0;1000;1200;2835
Q240065803_6;Q240065803_6_3;C;1000;0;0;2000;1200;2835
Q240065803_6;Q240065803_6_4;D;1600;1240;0;2600;2440;1905
Q240065803_6;Q240065803_6_5;E;2600;0;0;4700;2400;2935
Q240065803_6;Q240065803_6_6;F;4700;0;0;6800;2400;2935
Q240065803_6;Q240065803_6_7;G;6800;0;0;8900;2400;2935
Q240065803_6;Q240065803_6_8;H;8900;0;0;11000;2400;2935
Q240065803_6;Q240065803_6_9;I;11000;0;0;13100;2400;2935
P210065811;P210065811_1;A;0;0;0;2100;2400;2935
P210065811;P210065811_2;B;2100;40;0;4200;2440;2935
P210065811;P210065811_3;C;4200;0;0;6300;2400;2935
P210065811;P210065811_4;D;6300;0;0;8400;2400;2935
P210065811;P210065811_5;E;8400;0;0;10500;2400;2935
P210065811;P210065811_6;F;10500;0;0;11507;1209;2200
P210065811;P210065811_7;G;10500;1240;0;11500;2440;2835
P210065811;P210065811_8;H;11500;1240;0;12500;2440;1680
P210065811;P210065811_9;I;11507;0;0;13107;1200;2865
P209065825;P209065825_1;A;0;0;0;2100;2400;2935
P209065825;P209065825_2;B;2100;40;0;4200;2440;2935
P209065825;P209065825_3;C;4200;0;0;6300;2400;2935
P209065825;P209065825_4;D;6300;0;0;8400;2400;2935
P209065825;P209065825_5;E;8400;0;0;10500;2400;2935
P209065825;P209065825_6;F;10500;0;0;12600;2400;2935
P209065823;P209065823_1;A;0;0;0;1600;1200;2865
P209065823;P209065823_2;B;0;1240;0;1600;2440;2865
P209065823;P209065823_3;C;1600;1240;0;2600;2440;2835
P209065823;P209065823_4;D;1600;0;0;3200;1200;2865
P209065823;P209065823_5;E;2600;1240;0;3600;2440;2610
P209065823;P209065823_6;F;3200;0;0;4207;1209;2925
P209065823;P209065823_7;G;3600;1240;0;4600;2440;2835
P209065823;P209065823_8;H;4207;0;0;5807;1200;2865
P209065823;P209065823_9;I;4600;1240;0;6200;2440;2865
P209065823;P209065823_10;J;5807;0;0;6814;1209;2925
P209065823;P209065823_11;K;6200;1240;0;7200;2440;1455
P209065823;P209065823_12;L;7200;0;0;9300;2400;2935
P209065823;P209065823_13;M;9300;0;0;11400;2400;2935
P209065823;P209065823_14;N;11400;0;0;13500;2400;2935
P209065815;P209065815_1;A;0;0;0;2100;2400;2935
P209065815;P209065815_2;B;2100;0;0;4200;2400;2935
P209065815;P209065815_3;C;4200;0;0;6300;2400;2935
P209065815;P209065815_4;D;6300;0;0;8400;2400;2935
P209065815;P209065815_5;E;8400;0;0;10500;2400;2935
P209065815;P209065815_6;F;10500;0;0;11500;1200;2835
P209065815;P209065815_7;G;10500;1231;0;11507;2440;2925
P209065815;P209065815_8;H;11500;0;0;13100;1200;2865
P209065815;P209065815_9;I;11507;1240;0;13107;2440;2865
P209065821;P209065821_1;A;0;0;0;1600;1200;2865
P209065821;P209065821_2;B;0;1240;0;1000;2440;2865
P209065821;P209065821_3;C;1000;1240;0;2000;2440;2865
P209065821;P209065821_4;D;1600;0;0;3200;1200;2865
P209065821;P209065821_5;E;2000;1240;0;3600;2440;2865
P209065821;P209065821_6;F;3200;0;0;4800;1200;2865
P209065821;P209065821_7;G;3600;1240;0;5200;2440;2865
P209065821;P209065821_8;H;4800;0;0;6400;1200;2865
P209065821;P209065821_9;I;5200;1240;0;6800;2440;2865
P209065821;P209065821_10;J;6400;0;0;8000;1200;2865
P209065821;P209065821_11;K;6800;1240;0;8400;2440;2865
P209065821;P209065821_12;L;8000;0;0;9600;1200;2865
P209065821;P209065821_13;M;8400;1240;0;10000;2440;2865
P209065821;P209065821_14;N;9600;0;0;11200;1200;2865
P209065821;P209065821_15;O;10000;1240;0;11600;2440;2865
P209065821;P209065821_16;P;11200;0;0;12200;1200;2865
P209065821;P209065821_17;Q;11600;1240;0;13200;2440;2865
P209065821;P209065821_18;R;12200;0;0;13200;1200;2865
P209065813;P209065813_1;A;0;0;0;1000;1200;2610
P209065813;P209065813_2;B;0;1231;0;1007;2440;2925
P209065813;P209065813_3;C;1000;0;0;2600;1200;2865
P209065813;P209065813_4;D;1007;1240;0;2607;2440;2865
P209065813;P209065813_5;E;2600;0;0;3600;1200;2835
P209065813;P209065813_6;F;2607;1240;0;3607;2440;1680
P209065813;P209065813_7;G;3600;0;0;5200;1200;2865
P209065813;P209065813_8;H;3607;1240;0;5207;2440;2865
P209065813;P209065813_9;I;5207;0;0;7307;2400;2935
P209065813;P209065813_10;J;7307;0;0;9407;2400;2935
P209065813;P209065813_11;K;9407;0;0;11507;2400;2935
P209065807;P209065807_1;A;0;0;0;2100;2400;2935
P209065807;P209065807_2;B;2100;0;0;4200;2400;2935
P209065807;P209065807_3;C;4200;0;0;6300;2400;2935
P209065807;P209065807_4;D;6300;0;0;8400;2400;2935
P209065807;P209065807_5;E;8400;0;0;10500;2400;2935
P209065807;P209065807_6;F;10500;1231;0;11507;2440;2925
P209065807;P209065807_7;G;10500;0;0;11500;1200;2835
P209065807;P209065807_8;H;11500;0;0;12500;1200;2610
P209065807;P209065807_9;I;11507;1240;0;13107;2440;2865
P209065807;P209065807_10;J;12500;0;0;13500;1200;750
P209065801;P209065801_1;A;0;0;0;2100;2400;2935
P209065801;P209065801_2;B;2100;0;0;4200;2400;2935
P209065801;P209065801_3;C;4200;0;0;6300;2400;2935
P209065801;P209065801_4;D;6300;0;0;8400;2400;2935
P209065801;P209065801_5;E;8400;0;0;10500;2400;2935
P209065801;P209065801_6;F;10500;0;0;12600;2400;2935
P209065811;P209065811_1;A;0;0;0;2100;2400;2935
P209065811;P209065811_2;B;2100;1240;0;3700;2440;2865
P209065811;P209065811_3;C;2100;0;0;3107;1209;2925
P209065811;P209065811_4;D;3107;0;0;4707;1200;2865
P209065811;P209065811_5;E;3700;1240;0;4700;2440;2610
P209065811;P209065811_6;F;4700;1231;0;5707;2440;2925
P209065811;P209065811_7;G;4707;0;0;6307;1200;2865
P209065811;P209065811_8;H;5707;1240;0;7307;2440;2865
P209065811;P209065811_9;I;6307;0;0;7907;1200;2865
P209065811;P209065811_10;J;7307;1240;0;8907;2440;2865
P209065811;P209065811_11;K;7907;0;0;8907;1200;2610
P209065811;P209065811_12;L;8907;0;0;11007;2400;2935
P209065811;P209065811_13;M;11007;0;0;13107;2400;2935
P208065825;P208065825_1;A;0;0;0;2100;2400;2935
P208065825;P208065825_2;B;2100;40;0;4200;2440;2935
P208065825;P208065825_3;C;4200;0;0;6300;2400;2935
P208065825;P208065825_4;D;6300;40;0;8400;2440;2935
P208065825;P208065825_5;E;8400;0;0;10500;2400;2935
P208065825;P208065825_6;F;10500;0;0;12600;2400;2935
P208065823;P208065823_1;A;0;0;0;1007;1209;2925
P208065823;P208065823_2;B;0;1240;0;1000;2440;2835
P208065823;P208065823_3;C;1000;1240;0;2000;2440;2610
P208065823;P208065823_4;D;1007;0;0;2007;1200;2610
P208065823;P208065823_5;E;2000;1240;0;3600;2440;2865
P208065823;P208065823_6;F;2007;0;0;3607;1200;2865
P208065823;P208065823_7;G;3600;1231;0;4607;2440;2925
P208065823;P208065823_8;H;4607;0;0;6707;2400;2935
P208065823;P208065823_9;I;6707;0;0;8807;2400;2935
P208065823;P208065823_10;J;8807;0;0;10907;2400;2935
P208065823;P208065823_11;K;10907;0;0;13007;2400;2935
P208065815;P208065815_1;A;0;0;0;2100;2400;2935
P208065815;P208065815_2;B;2100;1240;0;3100;2440;2610
P208065815;P208065815_3;C;2100;0;0;3700;1200;2865
P208065815;P208065815_4;D;3100;1240;0;4700;2440;2865
P208065815;P208065815_5;E;3700;0;0;4700;1200;2610
P208065815;P208065815_6;F;4700;0;0;6800;2400;2935
P208065815;P208065815_7;G;6800;0;0;8900;2400;2935
P208065815;P208065815_8;H;8900;0;0;11000;2400;2935
P208065815;P208065815_9;I;11000;0;0;13100;2400;2935
P208065821;P208065821_1;A;0;0;0;1000;1200;2835
P208065821;P208065821_2;B;0;1240;0;1000;2440;2865
P208065821;P208065821_3;C;1000;1240;0;2000;2440;2865
P208065821;P208065821_4;D;1000;0;0;2600;1200;2865
P208065821;P208065821_5;E;2000;1240;0;3600;2440;2865
P208065821;P208065821_6;F;2600;0;0;4200;1200;2865
P208065821;P208065821_7;G;3600;1240;0;5200;2440;2865
P208065821;P208065821_8;H;4200;0;0;5800;1200;2865
P208065821;P208065821_9;I;5200;1240;0;6800;2440;2865
P208065821;P208065821_10;J;5800;0;0;7400;1200;2865
P208065821;P208065821_11;K;6800;1240;0;8400;2440;2865
P208065821;P208065821_12;L;7400;0;0;9000;1200;2865
P208065821;P208065821_13;M;8400;1240;0;10000;2440;2865
P208065821;P208065821_14;N;9000;0;0;10600;1200;2865
P208065821;P208065821_15;O;10000;1240;0;11600;2440;2865
P208065821;P208065821_16;P;10600;0;0;11600;1200;2865
P208065821;P208065821_17;Q;11600;0;0;13200;1200;2865
P208065821;P208065821_18;R;11600;1240;0;13200;2440;2865
P208065813;P208065813_1;A;0;1231;0;1007;2440;2925
P208065813;P208065813_2;B;0;0;0;1000;1200;2610
P208065813;P208065813_3;C;1000;0;0;2007;1209;2925
P208065813;P208065813_4;D;1007;1240;0;2607;2440;2865
P208065813;P208065813_5;E;2007;0;0;3607;1200;2865
P208065813;P208065813_6;F;2607;1240;0;3607;2440;2835
P208065813;P208065813_7;G;3607;0;0;5707;2400;2935
P208065813;P208065813_8;H;5707;0;0;7807;2400;2935
P208065813;P208065813_9;I;7807;0;0;9907;2400;2935
P208065813;P208065813_10;J;9907;0;0;12007;2400;2935
P208065813;P208065813_11;K;12007;0;0;13207;1600;2865
P208065807;P208065807_1;A;0;0;0;2100;2400;2935
P208065807;P208065807_2;B;2100;0;0;4200;2400;2935
P208065807;P208065807_3;C;4200;0;0;6300;2400;2935
P208065807;P208065807_4;D;6300;0;0;8400;2400;2935
P208065807;P208065807_5;E;8400;1240;0;10000;2440;2865
P208065807;P208065807_6;F;8400;0;0;9400;1200;2835
P208065807;P208065807_7;G;9400;0;0;11000;1200;2865
P208065807;P208065807_8;H;10000;1231;0;11007;2440;2925
P208065807;P208065807_9;I;11000;0;0;12000;1200;2385
P208065807;P208065807_10;J;11007;1240;0;12007;2440;2835
P208065807;P208065807_11;K;12000;0;0;13000;1200;2835
P208065807;P208065807_12;L;12007;1231;0;13014;2440;2925
P208065801;P208065801_1;A;0;0;0;2100;2400;2935
P208065801;P208065801_2;B;2100;0;0;4200;2400;2935
P208065801;P208065801_3;C;4200;0;0;6300;2400;2935
P208065801;P208065801_4;D;6300;0;0;8400;2400;2935
P208065801;P208065801_5;E;8400;0;0;10500;2400;2935
P208065801;P208065801_6;F;10500;0;0;12600;2400;2935
P208065811;P208065811_1;A;0;1231;0;1007;2440;2925
P208065811;P208065811_2;B;0;0;0;1000;1200;2865
P208065811;P208065811_3;C;1000;0;0;2600;1200;2865
P208065811;P208065811_4;D;1007;1240;0;2607;2440;2865
P208065811;P208065811_5;E;2600;0;0;4200;1200;2865
P208065811;P208065811_6;F;2607;1240;0;4207;2440;2865
P208065811;P208065811_7;G;4200;0;0;5207;1209;2925
P208065811;P208065811_8;H;4207;1240;0;5807;2440;2865
P208065811;P208065811_9;I;5207;0;0;6807;1200;2865
P208065811;P208065811_10;J;5807;1240;0;6807;2440;2835
P208065811;P208065811_11;K;6807;0;0;8907;2400;2935
P208065811;P208065811_12;L;8907;0;0;11007;2400;2935
P208065811;P208065811_13;M;11007;0;0;13107;2400;2935
P208065831;P208065831_1;A;0;0;0;1010;1206;2651
P208065831;P208065831_2;B;0;1234;0;1010;2440;2655
P208065831;P208065831_3;C;1010;1240;0;2010;2440;975
P208065831;P208065831_4;D;1010;0;0;2020;1206;2747
P208065831;P208065831_5;E;2010;1234;0;3020;2440;2953
P208065831;P208065831_6;F;2020;0;0;3020;1200;445
P208065831;P208065831_7;G;3020;0;0;4030;1206;2932
P208065831;P208065831_8;H;3020;1234;0;4030;2440;2910
P208065831;P208065831_9;I;4030;1234;0;5040;2440;2808
P208065831;P208065831_10;J;4030;0;0;5040;1206;2651
P208065831;P208065831_11;K;5040;0;0;6050;1206;2240
P208065831;P208065831_12;L;5040;1234;0;6050;2440;2740
P208065831;P208065831_13;M;6050;1234;0;7060;2440;2655
P208065831;P208065831_14;N;6050;0;0;7050;1200;2865
P208065831;P208065831_15;O;7050;0;0;8050;1200;2865
P208065831;P208065831_16;P;7060;1240;0;8660;2440;2865
P208065831;P208065831_17;Q;8050;0;0;9050;1200;2865
P208065831;P208065831_18;R;8660;1240;0;9660;2440;2385
P208065831;P208065831_19;S;9050;0;0;10650;1200;2865
P208065831;P208065831_20;T;9660;1240;0;11260;2440;2865
P208065831;P208065831_21;U;10650;0;0;12250;1200;2865
P208065831;P208065831_22;V;11260;1240;0;12860;2440;2865
P208065831;P208065831_23;W;12250;0;0;13250;1200;2865
P207065825;P207065825_1;A;0;0;0;2100;2400;2935
P207065825;P207065825_2;B;2100;0;0;4200;2400;2935
P207065825;P207065825_3;C;4200;0;0;6300;2400;2935
P207065825;P207065825_4;D;6300;0;0;8400;2400;2935
P207065825;P207065825_5;E;8400;0;0;10000;1200;2865
P207065825;P207065825_6;F;8400;1240;0;10000;2440;2865
P207065825;P207065825_7;G;10000;0;0;12100;2400;2935
P207065825;P207065825_8;H;12100;0;0;13300;1000;2835
P207065825;P207065825_9;I;12100;1433;0;13309;2440;2925
P207065823;P207065823_1;A;0;0;0;2100;2400;2935
P207065823;P207065823_2;B;2100;0;0;4200;2400;2935
P207065823;P207065823_3;C;4200;0;0;6300;2400;2935
P207065823;P207065823_4;D;6300;0;0;8400;2400;2935
P207065823;P207065823_5;E;8400;0;0;10000;1200;2865
P207065823;P207065823_6;F;8400;1240;0;9400;2440;2835
P207065823;P207065823_7;G;9400;1240;0;11000;2440;2865
P207065823;P207065823_8;H;10000;0;0;11000;1200;2610
P207065823;P207065823_9;I;11000;0;0;13100;2400;2935
P207065817;P207065817_1;A;0;0;0;2100;2400;2935
P207065817;P207065817_2;B;2100;0;0;4200;2400;2935
P207065817;P207065817_3;C;4200;0;0;6300;2400;2935
P207065817;P207065817_4;D;6300;0;0;8400;2400;2935
P207065817;P207065817_5;E;8400;0;0;9407;1209;2925
P207065817;P207065817_6;F;8400;1240;0;9400;2440;2835
P207065817;P207065817_7;G;9400;1240;0;10400;2440;2610
P207065817;P207065817_8;H;9407;0;0;11007;1200;2865
P207065817;P207065817_9;I;10400;1231;0;11407;2440;2925
P207065817;P207065817_10;J;11007;0;0;12607;1200;2865
P207065817;P207065817_11;K;11407;1240;0;13007;2440;2865
P207065815;P207065815_1;A;0;0;0;2100;2400;2935
P207065815;P207065815_2;B;2100;0;0;4200;2400;2935
P207065815;P207065815_3;C;4200;0;0;6300;2400;2935
P207065815;P207065815_4;D;6300;0;0;8400;2400;2935
P207065815;P207065815_5;E;8400;0;0;10500;2400;2935
P207065815;P207065815_6;F;10500;1231;0;11507;2440;2200
P207065815;P207065815_7;G;10500;0;0;11500;1200;2385
P207065815;P207065815_8;H;11500;0;0;13100;1200;2865
P207065815;P207065815_9;I;11507;1240;0;13107;2440;2865
P207065821;P207065821_1;A;0;0;0;1600;1200;2865
P207065821;P207065821_2;B;0;1200;0;1600;2400;2865
P207065821;P207065821_3;C;1600;1240;0;3200;2440;2865
P207065821;P207065821_4;D;1600;0;0;3200;1200;2865
P207065821;P207065821_5;E;3200;1240;0;4200;2440;2865
P207065821;P207065821_6;F;3200;0;0;4200;1200;2865
P207065821;P207065821_7;G;4200;0;0;5200;1200;2385
P207065821;P207065821_8;H;4200;1240;0;5800;2440;2865
P207065821;P207065821_9;I;5200;0;0;6200;1200;750
P207065821;P207065821_10;J;5800;1240;0;7400;2440;2865
P207065821;P207065821_11;K;6200;0;0;7800;1200;2865
P207065821;P207065821_12;L;7400;1240;0;9000;2440;2865
P207065821;P207065821_13;M;7800;0;0;9400;1200;2865
P207065821;P207065821_14;N;9000;1240;0;10600;2440;2865
P207065821;P207065821_15;O;9400;0;0;11000;1200;750
P207065813;P207065813_1;A;0;0;0;2100;2400;2935
P207065813;P207065813_2;B;2100;0;0;4200;2400;2935
P207065813;P207065813_3;C;4200;0;0;6300;2400;2935
P207065813;P207065813_4;D;6300;0;0;8400;2400;2935
P207065813;P207065813_5;E;8400;0;0;10500;2400;2935
P207065813;P207065813_6;F;10500;1240;0;11500;2440;2835
P207065813;P207065813_7;G;10500;0;0;12100;1200;2865
P207065813;P207065813_8;H;11500;1240;0;12500;2440;2835
P207065813;P207065813_9;I;12100;0;0;13107;1209;2925
P207065813;P207065813_10;J;12500;1240;0;13500;2440;2610
P207065807;P207065807_1;A;0;0;0;2100;2400;2935
P207065807;P207065807_2;B;2100;0;0;4200;2400;2935
P207065807;P207065807_3;C;4200;0;0;6300;2400;2935
P207065807;P207065807_4;D;6300;0;0;8400;2400;2935
P207065807;P207065807_5;E;8400;0;0;10500;2400;2935
P207065807;P207065807_6;F;10500;0;0;12100;1200;2865
P207065807;P207065807_7;G;10500;1231;0;11507;2440;2925
P207065807;P207065807_8;H;11507;1240;0;13107;2440;2865
P207065807;P207065807_9;I;12100;0;0;13100;1200;2610
P207065801;P207065801_1;A;0;0;0;2100;2400;2935
P207065801;P207065801_2;B;2100;1240;0;3700;2440;2865
P207065801;P207065801_3;C;2100;0;0;3700;1200;2865
P207065801;P207065801_4;D;3700;0;0;5800;2400;2935
P207065801;P207065801_5;E;5800;0;0;7900;2400;2935
P207065801;P207065801_6;F;7900;0;0;10000;2400;2935
P207065801;P207065801_7;G;10000;0;0;12100;2400;2935
P207065801;P207065801_8;H;12100;0;0;13300;1600;2865
P207065811;P207065811_1;A;0;0;0;2100;2400;2935
P207065811;P207065811_2;B;2100;0;0;3100;1200;2835
P207065811;P207065811_3;C;2100;1231;0;3107;2440;2925
P207065811;P207065811_4;D;3100;0;0;4100;1200;2385
P207065811;P207065811_5;E;3107;1240;0;4707;2440;2865
P207065811;P207065811_6;F;4100;0;0;5107;1209;2925
P207065811;P207065811_7;G;4707;1240;0;5707;2440;2835
P207065811;P207065811_8;H;5107;0;0;6707;1200;2865
P207065811;P207065811_9;I;5707;1240;0;6707;2440;2835
P207065811;P207065811_10;J;6707;0;0;8807;2400;2935
P207065811;P207065811_11;K;8807;0;0;10907;2400;2935
P207065811;P207065811_12;L;10907;0;0;13007;2400;2935
P206065825;P206065825_1;A;0;0;0;2100;2400;2935
P206065825;P206065825_2;B;2100;0;0;4200;2400;2935
P206065825;P206065825_3;C;4200;0;0;6300;2400;2935
P206065825;P206065825_4;D;6300;0;0;8400;2400;2935
P206065825;P206065825_5;E;8400;0;0;10500;2400;2935
P206065825;P206065825_6;F;10500;0;0;11507;1209;2925
P206065825;P206065825_7;G;10500;1240;0;12100;2440;2865
P206065825;P206065825_8;H;11507;0;0;13107;1200;2865
P206065825;P206065825_9;I;12100;1240;0;13100;2440;2610
P206065823;P206065823_1;A;0;0;0;2100;2400;2935
P206065823;P206065823_2;B;2100;1240;0;3100;2440;2610
P206065823;P206065823_3;C;2100;0;0;3700;1200;2865
P206065823;P206065823_4;D;3100;1240;0;4700;2440;2865
P206065823;P206065823_5;E;3700;0;0;5300;1200;2865
P206065823;P206065823_6;F;4700;1231;0;5707;2440;2925
P206065823;P206065823_7;G;5300;0;0;6307;1209;2925
P206065823;P206065823_8;H;5707;1240;0;7307;2440;2865
P206065823;P206065823_9;I;6307;0;0;7307;1200;2835
P206065823;P206065823_10;J;7307;0;0;9407;2400;2935
P206065823;P206065823_11;K;9407;0;0;11507;2400;2935
P206065823;P206065823_12;L;11507;0;0;13107;1200;2865
P206065823;P206065823_13;M;11507;1240;0;12507;2440;2610
P206065817;P206065817_1;A;0;0;0;2100;2400;2935
P206065817;P206065817_2;B;2100;0;0;4200;2400;2935
P206065817;P206065817_3;C;4200;0;0;6300;2400;2935
P206065817;P206065817_4;D;6300;0;0;8400;2400;2935
P206065817;P206065817_5;E;8400;0;0;10500;2400;2935
P206065817;P206065817_6;F;10500;0;0;12600;2400;2935
P206065815;P206065815_1;A;0;0;0;2100;2400;2935
P206065815;P206065815_2;B;2100;0;0;4200;2400;2935
P206065815;P206065815_3;C;4200;0;0;5207;1209;2925
P206065815;P206065815_4;D;4200;1240;0;5200;2440;2610
P206065815;P206065815_5;E;5200;1240;0;6800;2440;2865
P206065815;P206065815_6;F;5207;0;0;6807;1200;2865
P206065815;P206065815_7;G;6800;1231;0;7807;2440;2200
P206065815;P206065815_8;H;6807;0;0;7807;1200;2835
P206065815;P206065815_9;I;7807;0;0;9907;2400;2935
P206065815;P206065815_10;J;9907;0;0;12007;2400;2935
P206065815;P206065815_11;K;12007;0;0;13207;1600;2865
P206065821;P206065821_1;A;0;1240;0;1000;2440;2865
P206065821;P206065821_2;B;0;0;0;1000;1200;2865
P206065821;P206065821_3;C;1000;0;0;2000;1200;2865
P206065821;P206065821_4;D;1000;1240;0;2000;2440;2865
P206065821;P206065821_5;E;2000;1240;0;3600;2440;2865
P206065821;P206065821_6;F;2000;0;0;3600;1200;2865
P206065821;P206065821_7;G;3600;0;0;5200;1200;2865
P206065821;P206065821_8;H;3600;1240;0;5200;2440;2865
P206065821;P206065821_9;I;5200;1240;0;6800;2440;2865
P206065821;P206065821_10;J;5200;0;0;6800;1200;2865
P206065821;P206065821_11;K;6800;0;0;8400;1200;2865
P206065821;P206065821_12;L;6800;1240;0;8400;2440;2865
P206065821;P206065821_13;M;8400;1240;0;10000;2440;2865
P206065821;P206065821_14;N;8400;0;0;10000;1200;2865
P206065821;P206065821_15;O;10000;0;0;11600;1200;2865
P206065821;P206065821_16;P;10000;1240;0;11600;2440;2865
P206065821;P206065821_17;Q;11600;1240;0;13200;2440;2865
P206065821;P206065821_18;R;11600;0;0;13200;1200;2865
P206065813;P206065813_1;A;0;0;0;2100;2400;2935
P206065813;P206065813_2;B;2100;0;0;3100;1200;2385
P206065813;P206065813_3;C;2100;1240;0;3700;2440;2865
P206065813;P206065813_4;D;3100;0;0;4700;1200;2865
P206065813;P206065813_5;E;3700;1240;0;4700;2440;2835
P206065813;P206065813_6;F;4700;0;0;6800;2400;2935
P206065813;P206065813_7;G;6800;0;0;8900;2400;2935
P206065813;P206065813_8;H;8900;0;0;11000;2400;2935
P206065813;P206065813_9;I;11000;0;0;13100;2400;2935
P206065807;P206065807_1;A;0;0;0;1007;1209;2925
P206065807;P206065807_2;B;0;1231;0;1007;2440;2925
P206065807;P206065807_3;C;1007;0;0;3107;2400;2935
P206065807;P206065807_4;D;3107;0;0;5207;2400;2935
P206065807;P206065807_5;E;5207;0;0;7307;2400;2935
P206065807;P206065807_6;F;7307;0;0;8907;1200;2865
P206065807;P206065807_7;G;7307;1240;0;8307;2440;2835
P206065807;P206065807_8;H;8307;1240;0;9907;2440;2865
P206065807;P206065807_9;I;8907;0;0;9907;1200;2385
P206065807;P206065807_10;J;9907;0;0;12007;2400;2935
P206065807;P206065807_11;K;12007;0;0;13216;1007;1475
P206065807;P206065807_12;L;12007;1240;0;13007;2440;975
P206065801;P206065801_1;A;0;0;0;1600;1200;2865
P206065801;P206065801_2;B;0;1240;0;1600;2440;2865
P206065801;P206065801_3;C;1600;0;0;3700;2400;2935
P206065801;P206065801_4;D;3700;0;0;5800;2400;2935
P206065801;P206065801_5;E;5800;0;0;7900;2400;2935
P206065801;P206065801_6;F;7900;0;0;10000;2400;2935
P206065801;P206065801_7;G;10000;0;0;12100;2400;2935
P206065801;P206065801_8;H;12100;0;0;13309;1007;2200
P206065801;P206065801_9;I;12100;1440;0;13300;2440;2610
P206065811;P206065811_1;A;0;0;0;2100;2400;2935
P206065811;P206065811_2;B;2100;0;0;4200;2400;2935
P206065811;P206065811_3;C;4200;0;0;6300;2400;2935
P206065811;P206065811_4;D;6300;1240;0;7900;2440;2865
P206065811;P206065811_5;E;6300;0;0;7900;1200;2865
P206065811;P206065811_6;F;7900;0;0;10000;2400;2935
P206065811;P206065811_7;G;10000;0;0;12100;2400;2935
P206065811;P206065811_8;H;12100;0;0;13300;1000;2835
P206065811;P206065811_9;I;12100;1440;0;13300;2440;2385
P206065831;P206065831_1;A;0;0;0;1010;1206;2548
P206065831;P206065831_2;B;0;1234;0;1010;2440;2551
P206065831;P206065831_3;C;1010;1234;0;2020;2440;2655
P206065831;P206065831_4;D;1010;0;0;2020;1206;2635
P206065831;P206065831_5;E;2020;0;0;3030;1206;2821
P206065831;P206065831_6;F;2020;1234;0;3030;2440;2953
P206065831;P206065831_7;G;3030;1234;0;4040;2440;2040
P206065831;P206065831_8;H;3030;0;0;4040;1206;1185
P206065831;P206065831_9;I;4040;0;0;5640;1200;2865
P206065831;P206065831_10;J;4040;1240;0;5040;2440;2385
P206065831;P206065831_11;K;5040;1240;0;6040;2440;2385
P206065831;P206065831_12;L;5640;0;0;7240;1200;2865
P206065831;P206065831_13;M;6040;1240;0;7640;2440;2865
P206065831;P206065831_14;N;7240;0;0;8840;1200;2865
P206065831;P206065831_15;O;7640;1240;0;9240;2440;2865
P206065831;P206065831_16;P;8840;0;0;10440;1200;2865
P206065831;P206065831_17;Q;9240;1240;0;10840;2440;2865
P206065831;P206065831_18;R;10440;0;0;12040;1200;2865
P206065831;P206065831_19;S;10840;1240;0;12440;2440;2160
P206065831;P206065831_20;T;12040;0;0;13040;1200;2865
P206065831;P206065831_21;U;12440;1240;0;13440;2440;2865
P205065825;P205065825_1;A;0;0;0;2100;2400;2935
P205065825;P205065825_2;B;2100;0;0;4200;2400;2935
P205065825;P205065825_3;C;4200;0;0;6300;2400;2935
P205065825;P205065825_4;D;6300;0;0;8400;2400;2935
P205065825;P205065825_5;E;8400;1240;0;10000;2440;2865
P205065825;P205065825_6;F;8400;0;0;10000;1200;2865
P205065825;P205065825_7;G;10000;0;0;12100;2400;2935
P205065825;P205065825_8;H;12100;1440;0;13300;2440;2835
P205065825;P205065825_9;I;12100;0;0;13309;1007;2925
P205065823;P205065823_1;A;0;1231;0;1007;2440;2925
P205065823;P205065823_2;B;0;0;0;1600;1200;2865
P205065823;P205065823_3;C;1007;1240;0;2607;2440;2865
P205065823;P205065823_4;D;1600;0;0;2607;1209;2925
P205065823;P205065823_5;E;2607;0;0;4707;2400;2935
P205065823;P205065823_6;F;4707;0;0;6807;2400;2935
P205065823;P205065823_7;G;6807;0;0;8907;2400;2935
P205065823;P205065823_8;H;8907;0;0;11007;2400;2935
P205065823;P205065823_9;I;11007;0;0;13107;2400;2935
P205065817;P205065817_1;A;0;0;0;1000;1200;2610
P205065817;P205065817_2;B;0;1240;0;1000;2440;2835
P205065817;P205065817_3;C;1000;1240;0;2600;2440;2865
P205065817;P205065817_4;D;1000;0;0;2600;1200;2865
P205065817;P205065817_5;E;2600;0;0;4700;2400;2935
P205065817;P205065817_6;F;4700;0;0;6800;2400;2935
P205065817;P205065817_7;G;6800;0;0;8900;2400;2935
P205065817;P205065817_8;H;8900;0;0;11000;2400;2935
P205065817;P205065817_9;I;11000;0;0;13100;2400;2935
P205065815;P205065815_1;A;0;1231;0;1007;2440;2925
P205065815;P205065815_2;B;0;0;0;1600;1200;2865
P205065815;P205065815_3;C;1007;1240;0;2007;2440;2835
P205065815;P205065815_4;D;1600;0;0;2600;1200;2385
P205065815;P205065815_5;E;2007;1240;0;3607;2440;2865
P205065815;P205065815_6;F;2600;0;0;3607;1209;2925
P205065815;P205065815_7;G;3607;0;0;5707;2400;2935
P205065815;P205065815_8;H;5707;1240;0;7307;2440;2865
P205065815;P205065815_9;I;5707;0;0;6707;1200;2835
P205065815;P205065815_10;J;6707;0;0;7707;1200;1680
P205065815;P205065815_11;K;7307;1240;0;8907;2440;2865
P205065815;P205065815_12;L;7707;0;0;8714;1209;750
P205065815;P205065815_13;M;8907;0;0;11007;2400;2935
P205065815;P205065815_14;N;11007;0;0;13107;2400;2935
P205065821;P205065821_1;A;0;0;0;1000;1200;2160
P205065821;P205065821_2;B;0;1240;0;1000;2440;2865
P205065821;P205065821_3;C;1000;1240;0;2600;2440;2160
P205065821;P205065821_4;D;1000;0;0;2600;1200;2865
P205065821;P205065821_5;E;2600;0;0;4200;1200;2865
P205065821;P205065821_6;F;2600;1240;0;3600;2440;2385
P205065821;P205065821_7;G;3600;1240;0;5200;2440;2865
P205065821;P205065821_8;H;4200;0;0;5800;1200;2865
P205065821;P205065821_9;I;5200;1240;0;6800;2440;2865
P205065821;P205065821_10;J;5800;0;0;7400;1200;2865
P205065821;P205065821_11;K;6800;1240;0;8400;2440;1455
P205065813;P205065813_1;A;0;0;0;2100;2400;2935
P205065813;P205065813_2;B;2100;0;0;4200;2400;2935
P205065813;P205065813_3;C;4200;0;0;6300;2400;2935
P205065813;P205065813_4;D;6300;0;0;8400;2400;2935
P205065813;P205065813_5;E;8400;0;0;10500;2400;2935
P205065813;P205065813_6;F;10500;0;0;12600;2400;2935
P205065807;P205065807_1;A;0;1231;0;1007;2440;2925
P205065807;P205065807_2;B;0;0;0;1000;1200;2610
P205065807;P205065807_3;C;1000;0;0;2600;1200;2865
P205065807;P205065807_4;D;1007;1240;0;2607;2440;2865
P205065807;P205065807_5;E;2600;0;0;4200;1200;2865
P205065807;P205065807_6;F;2607;1240;0;3607;2440;2610
P205065807;P205065807_7;G;3607;1240;0;5207;2440;2865
P205065807;P205065807_8;H;4200;0;0;5207;1209;2925
P205065807;P205065807_9;I;5207;0;0;7307;2400;2935
P205065807;P205065807_10;J;7307;0;0;9407;2400;2935
P205065807;P205065807_11;K;9407;0;0;11507;2400;2935
P205065807;P205065807_12;L;11507;1440;0;12707;2440;2835
P205065807;P205065807_13;M;11507;0;0;13107;1200;2865
Q205065807_1;Q205065807_1_1;A;0;0;0;2100;2400;2935
Q205065807_1;Q205065807_1_2;B;2100;0;0;4200;2400;2935
Q205065807_1;Q205065807_1_3;C;4200;0;0;6300;2400;2935
Q205065807_1;Q205065807_1_4;D;6300;0;0;8400;2400;2935
Q205065807_1;Q205065807_1_5;E;8400;0;0;10500;2400;2935
Q205065807_1;Q205065807_1_6;F;10500;0;0;12600;2400;2935
P205065803;P205065803_1;A;0;0;0;1600;1200;2865
P205065803;P205065803_2;B;0;1240;0;1000;2440;1905
P205065803;P205065803_3;C;1000;1240;0;2000;2440;1680
P205065803;P205065803_4;D;1600;0;0;2600;1200;1680
P205065803;P205065803_5;E;2000;1231;0;3007;2440;2200
P205065803;P205065803_6;F;2600;0;0;4200;1200;2865
P205065803;P205065803_7;G;3007;1231;0;4014;2440;1475
P205065803;P205065803_8;H;4014;1240;0;5014;2440;975
P205065803;P205065803_9;I;4200;0;0;5800;1200;2865
P205065803;P205065803_10;J;5800;0;0;7900;2400;2935
P205065803;P205065803_11;K;7900;0;0;10000;2400;2935
P205065803;P205065803_12;L;10000;0;0;12100;2400;1490
P189069059;P189069059_1;A;0;0;0;1200;2400;1900
P189069059;P189069059_2;B;1200;1240;0;3000;2440;2340
P189069059;P189069059_3;C;1200;0;0;3000;1200;2340
P189069059;P189069059_4;D;3000;0;0;4800;1200;2340
P189069059;P189069059_5;E;3000;1240;0;5400;2440;2460
P189069059;P189069059_6;F;4800;0;0;6800;1200;2875
P189069059;P189069059_7;G;5400;1240;0;7400;2440;2875
P189069059;P189069059_8;H;6800;0;0;8800;1200;2875
P189069059;P189069059_9;I;7400;1240;0;9400;2440;2875
P189069059;P189069059_10;J;8800;0;0;10800;1200;2875
P189069059;P189069059_11;K;9400;1240;0;11800;2440;2000
P189069059;P189069059_12;L;10800;0;0;13200;1200;2460
P189069059;P189069059_13;M;11800;1240;0;13000;2440;2200
P189069053;P189069053_1;A;0;0;0;1200;2400;2460
P189069053;P189069053_2;B;1200;0;0;2400;2400;2460
P189069053;P189069053_3;C;2400;0;0;3600;2400;2460
P189069053;P189069053_4;D;3600;0;0;4800;2400;2460
P189069053;P189069053_5;E;4800;0;0;6000;2400;2460
P189069053;P189069053_6;F;6000;0;0;7800;1200;2340
P189069053;P189069053_7;G;6000;1240;0;7800;2440;2340
P189069053;P189069053_8;H;7800;1240;0;9600;2440;2340
P189069053;P189069053_9;I;7800;0;0;9600;1200;2340
P189069053;P189069053_10;J;9600;0;0;11400;1200;2340
P189069053;P189069053_11;K;9600;1240;0;11400;2440;2340
P189069053;P189069053_12;L;11400;1240;0;13200;2440;2340
P189069053;P189069053_13;M;11400;0;0;13200;1200;2340
P189069051;P189069051_1;A;0;0;0;1200;2400;1620
P189069051;P189069051_2;B;1200;1240;0;3200;2440;2250
P189069051;P189069051_3;C;1200;0;0;3600;1200;2000
P189069051;P189069051_4;D;3200;1240;0;5600;2440;2000
P189069051;P189069051_5;E;3600;0;0;5400;1200;2340
P189069051;P189069051_6;F;5400;0;0;7200;1200;2340
P189069051;P189069051_7;G;5600;1240;0;7600;2440;2875
P189069051;P189069051_8;H;7200;0;0;9200;1200;2875
P189069051;P189069051_9;I;7600;1240;0;10000;2440;2460
P189069051;P189069051_10;J;9200;0;0;11600;1200;2460
P189069051;P189069051_11;K;10000;1240;0;11800;2440;2340
P189069051;P189069051_12;L;11600;0;0;13400;1200;2340
P189069051;P189069051_13;M;11800;1240;0;13000;2440;2200
P189069061;P189069061_1;A;0;0;0;1800;1200;2340
P189069061;P189069061_2;B;0;1240;0;2400;2440;1620
P189069061;P189069061_3;C;1800;0;0;4200;1200;1620
P189069061;P189069061_4;D;2400;1240;0;4800;2440;2000
P189069061;P189069061_5;E;4200;0;0;6000;1200;2400
P189069061;P189069061_6;F;4800;1240;0;7200;2440;2460
P189069061;P189069061_7;G;6000;0;0;7800;1200;2340
P189069061;P189069061_8;H;7200;1240;0;9200;2440;2875
P189069061;P189069061_9;I;7800;0;0;9600;1200;2340
P189069061;P189069061_10;J;9200;1240;0;11200;2440;2875
P189069061;P189069061_11;K;9600;0;0;11600;1200;2875
P189069061;P189069061_12;L;11200;1240;0;13000;2440;2340
P189069061;P189069061_13;M;11600;0;0;13400;1200;2340
P189069055;P189069055_1;A;0;0;0;1200;2400;2460
P189069055;P189069055_2;B;1200;0;0;2400;2400;1900
P189069055;P189069055_3;C;2400;0;0;4400;1200;2250
P189069055;P189069055_4;D;2400;1240;0;4800;2440;1620
P189069055;P189069055_5;E;4400;0;0;6800;1200;2460
P189069055;P189069055_6;F;4800;1240;0;7200;2440;2460
P189069055;P189069055_7;G;6800;0;0;8800;1200;2875
P189069055;P189069055_8;H;7200;1240;0;9600;2440;2460
P189069055;P189069055_9;I;8800;0;0;11200;1200;2000
P189069055;P189069055_10;J;9600;1240;0;11400;2440;2340
P189069055;P189069055_11;K;11200;0;0;13000;1200;2340
P189069055;P189069055_12;L;11400;1240;0;13400;2440;2875
P189069001;P189069001_1;A;0;0;0;1200;2400;2460
P189069001;P189069001_2;B;1200;0;0;2400;2400;2460
P189069001;P189069001_3;C;2400;0;0;4400;1200;2875
P189069001;P189069001_4;D;2400;1240;0;4400;2440;2875
P189069001;P189069001_5;E;4400;1240;0;6400;2440;2875
P189069001;P189069001_6;F;4400;0;0;6400;1200;2875
P189069001;P189069001_7;G;6400;0;0;8400;1200;2875
P189069001;P189069001_8;H;6400;1240;0;8400;2440;2875
P189069001;P189069001_9;I;8400;1240;0;10400;2440;2875
P189069001;P189069001_10;J;8400;0;0;10400;1200;2875
P189069001;P189069001_11;K;10400;0;0;12400;1200;2875
P189069001;P189069001_12;L;10400;1240;0;12400;2440;2875
P189069025;P189069025_1;A;0;0;0;1200;2400;1620
P189069025;P189069025_2;B;1200;0;0;2400;2400;2460
P189069025;P189069025_3;C;2400;0;0;3600;2400;2460
P189069025;P189069025_4;D;3600;0;0;4800;2400;2460
P189069025;P189069025_5;E;4800;0;0;6000;2400;2460
P189069025;P189069025_6;F;6000;0;0;7200;2400;2460
P189069025;P189069025_7;G;7200;1240;0;9000;2440;2340
P189069025;P189069025_8;H;7200;0;0;9200;1200;2250
P189069025;P189069025_9;I;9000;1240;0;11400;2440;2460
P189069025;P189069025_10;J;9200;0;0;11600;1200;2460
P189069025;P189069025_11;K;11600;40;0;12800;2440;2460
P189069027;P189069027_1;A;0;0;0;1800;1200;2340
P189069027;P189069027_2;B;0;1240;0;2400;2440;1620
P189069027;P189069027_3;C;1800;0;0;4200;1200;2000
P189069027;P189069027_4;D;2400;1240;0;4800;2440;2000
P189069027;P189069027_5;E;4200;0;0;6600;1200;2000
P189069027;P189069027_6;F;4800;1240;0;7200;2440;2000
P189069027;P189069027_7;G;6600;0;0;8400;1200;2340
P189069027;P189069027_8;H;7200;1240;0;9600;2440;2460
P189069027;P189069027_9;I;8400;0;0;10200;1200;2340
P189069027;P189069027_10;J;9600;1240;0;11400;2440;2340
P189069027;P189069027_11;K;10200;0;0;12000;1200;2340
P189069027;P189069027_12;L;11400;1240;0;13200;2440;2340
P189069027;P189069027_13;M;12000;0;0;13200;1200;2200
P188069131;P188069131_1;A;0;0;0;2000;1200;2875
P188069131;P188069131_2;B;0;1240;0;2000;2440;2875
P188069131;P188069131_3;C;2000;1240;0;4000;2440;2875
P188069131;P188069131_4;D;2000;0;0;4000;1200;2875
P188069131;P188069131_5;E;4000;0;0;6000;1200;2875
P188069131;P188069131_6;F;4000;1240;0;6000;2440;2875
P188069131;P188069131_7;G;6000;1240;0;8000;2440;2875
P188069131;P188069131_8;H;6000;0;0;8000;1200;2875
P188069131;P188069131_9;I;8000;0;0;10000;1200;2875
P188069131;P188069131_10;J;8000;1240;0;10000;2440;2875
P188069131;P188069131_11;K;10000;1240;0;12000;2440;2875
P188069131;P188069131_12;L;10000;0;0;12000;1200;2875
P188069131;P188069131_13;M;12000;0;0;13200;2000;2875
P188069127;P188069127_1;A;0;0;0;1200;2400;2500
P188069127;P188069127_2;B;1200;0;0;2400;2400;1620
P188069127;P188069127_3;C;2400;0;0;3600;2400;1900
P188069127;P188069127_4;D;3600;0;0;4800;2400;1900
P188069127;P188069127_5;E;4800;0;0;6000;2400;1800
P188069127;P188069127_6;F;6000;1240;0;7800;2440;2340
P188069127;P188069127_7;G;6000;0;0;7800;1200;2340
P188069127;P188069127_8;H;7800;0;0;9600;1200;2340
P188069127;P188069127_9;I;7800;1240;0;9600;2440;2340
P188069127;P188069127_10;J;9600;0;0;10800;2400;2460
P188069127;P188069127_11;K;10800;0;0;12800;1200;2875
P188069127;P188069127_12;L;10800;1240;0;12800;2440;2875
P188069031;P188069031_1;A;0;0;0;1200;2400;2000
P188069031;P188069031_2;B;1200;0;0;2400;2400;2000
P188069031;P188069031_3;C;2400;0;0;3600;2400;1620
P188069031;P188069031_4;D;3600;0;0;4800;2400;1620
P188069031;P188069031_5;E;4800;0;0;6000;2400;1620
P188069031;P188069031_6;F;6000;0;0;7200;2400;1900
P188069031;P188069031_7;G;7200;0;0;8400;2400;2460
P188069031;P188069031_8;H;8400;0;0;9600;2400;2460
P188069031;P188069031_9;I;9600;0;0;10800;2400;2460
P188069031;P188069031_10;J;10800;0;0;12000;2400;2460
P188069031;P188069031_11;K;12000;0;0;13200;2400;2460
P188069011;P188069011_1;A;0;0;0;2000;1200;2875
P188069011;P188069011_2;B;0;1240;0;2000;2440;2875
P188069011;P188069011_3;C;2000;1240;0;4000;2440;2875
P188069011;P188069011_4;D;2000;0;0;4000;1200;2875
P188069011;P188069011_5;E;4000;0;0;6000;1200;2875
P188069011;P188069011_6;F;4000;1240;0;6000;2440;2875
P188069011;P188069011_7;G;6000;1240;0;8000;2440;2875
P188069011;P188069011_8;H;6000;0;0;8000;1200;2875
P188069011;P188069011_9;I;8000;0;0;10000;1200;2875
P188069011;P188069011_10;J;8000;1240;0;10000;2440;2875
P188069011;P188069011_11;K;10000;1240;0;12000;2440;2875
P188069011;P188069011_12;L;10000;0;0;11800;1200;2340
P188069011;P188069011_13;M;12000;0;0;13200;2400;2460
P188069113;P188069113_1;A;0;0;0;1200;2400;2460
P188069113;P188069113_2;B;1200;0;0;2400;2400;1900
P188069113;P188069113_3;C;2400;0;0;3600;2400;2460
P188069113;P188069113_4;D;3600;0;0;4800;2400;1620
P188069113;P188069113_5;E;4800;0;0;6000;2400;2000
P188069113;P188069113_6;F;6000;0;0;7200;2400;2000
P188069113;P188069113_7;G;7200;0;0;8400;2400;1900
P188069113;P188069113_8;H;8400;0;0;9600;2400;2460
P188069113;P188069113_9;I;9600;0;0;10800;2400;2460
P188069113;P188069113_10;J;10800;0;0;12000;2400;2460
P188069113;P188069113_11;K;12000;0;0;13200;2400;2460
P188069119;P188069119_1;A;0;0;0;2000;1200;2875
P188069119;P188069119_2;B;0;1240;0;2000;2440;2875
P188069119;P188069119_3;C;2000;1240;0;4000;2440;2875
P188069119;P188069119_4;D;2000;0;0;4000;1200;2875
P188069119;P188069119_5;E;4000;0;0;6000;1200;2875
P188069119;P188069119_6;F;4000;1240;0;6000;2440;2875
P188069119;P188069119_7;G;6000;1240;0;8000;2440;2875
P188069119;P188069119_8;H;6000;0;0;8000;1200;2875
P188069119;P188069119_9;I;8000;0;0;10000;1200;2875
P188069119;P188069119_10;J;8000;1240;0;10000;2440;2875
P188069119;P188069119_11;K;10000;1240;0;12000;2440;2875
P188069119;P188069119_12;L;10000;0;0;12000;1200;2875
P188069119;P188069119_13;M;12000;0;0;13200;2000;2875
P188069019;P188069019_1;A;0;0;0;1200;2400;2460
P188069019;P188069019_2;B;1200;40;0;2400;2440;2460
P188069019;P188069019_3;C;2400;0;0;3600;2400;2460
P188069019;P188069019_4;D;3600;40;0;4800;2440;2460
P188069019;P188069019_5;E;4800;0;0;6000;2400;2460
P188069019;P188069019_6;F;6000;0;0;7200;2400;2460
P188069019;P188069019_7;G;7200;0;0;8400;2400;2460
P188069019;P188069019_8;H;8400;0;0;9600;2400;2460
P188069019;P188069019_9;I;9600;0;0;10800;2400;2000
P188069019;P188069019_10;J;10800;0;0;12000;2400;2000
P188069019;P188069019_11;K;12000;0;0;13200;2400;1900
P188069115;P188069115_1;A;0;0;0;1800;1200;2340
P188069115;P188069115_2;B;0;1240;0;1800;2440;2340
P188069115;P188069115_3;C;1800;1240;0;3600;2440;2340
P188069115;P188069115_4;D;1800;0;0;3600;1200;2340
P188069115;P188069115_5;E;3600;0;0;5400;1200;2340
P188069115;P188069115_6;F;3600;1240;0;5400;2440;2340
P188069115;P188069115_7;G;5400;1240;0;7200;2440;2340
P188069115;P188069115_8;H;5400;0;0;7200;1200;2340
P188069115;P188069115_9;I;7200;0;0;9000;1200;2340
P188069115;P188069115_10;J;7200;1240;0;9000;2440;2340
P188069115;P188069115_11;K;9000;1240;0;10800;2440;2340
P188069115;P188069115_12;L;9000;0;0;10800;1200;2340
P188069115;P188069115_13;M;10800;0;0;12600;1200;2340
P188069115;P188069115_14;N;10800;1240;0;12600;2440;2340
P188069015;P188069015_1;A;0;0;0;2000;1200;2875
P188069015;P188069015_2;B;0;1240;0;2000;2440;2875
P188069015;P188069015_3;C;2000;1240;0;4000;2440;2875
P188069015;P188069015_4;D;2000;0;0;4000;1200;2875
P188069015;P188069015_5;E;4000;0;0;6000;1200;2875
P188069015;P188069015_6;F;4000;1240;0;6000;2440;2875
P188069015;P188069015_7;G;6000;1240;0;8000;2440;2875
P188069015;P188069015_8;H;6000;0;0;8400;1200;2460
P188069015;P188069015_9;I;8000;1240;0;10400;2440;2460
P188069015;P188069015_10;J;8400;0;0;10800;1200;2460
P188069015;P188069015_11;K;10400;1240;0;12800;2440;2460
P188069015;P188069015_12;L;10800;0;0;13200;1200;2460
P188069013;P188069013_1;A;0;0;0;1200;2400;2000
P188069013;P188069013_2;B;1200;0;0;2400;2400;1620
P188069013;P188069013_3;C;2400;0;0;3600;2400;2460
P188069013;P188069013_4;D;3600;0;0;4800;2400;1900
P188069013;P188069013_5;E;4800;0;0;6000;2400;2000
P188069013;P188069013_6;F;6000;0;0;7200;2400;2000
P188069013;P188069013_7;G;7200;0;0;8400;2400;1620
P188069013;P188069013_8;H;8400;0;0;9600;2400;2500
P188069013;P188069013_9;I;9600;0;0;10800;2400;2460
P188069013;P188069013_10;J;10800;0;0;12000;2400;2460
P188069013;P188069013_11;K;12000;0;0;13200;2400;2460
P188069111;P188069111_1;A;0;0;0;1200;1200;2200
P188069111;P188069111_2;B;0;1240;0;1800;2440;2340
P188069111;P188069111_3;C;1200;0;0;3400;1200;1760
P188069111;P188069111_4;D;1800;1240;0;3600;2440;2340
P188069111;P188069111_5;E;3400;0;0;5200;1200;2340
P188069111;P188069111_6;F;3600;1240;0;5400;2440;2340
P188069111;P188069111_7;G;5200;0;0;7000;1200;2340
P188069111;P188069111_8;H;5400;1240;0;7200;2440;2340
P188069111;P188069111_9;I;7000;0;0;8800;1200;2340
P188069111;P188069111_10;J;7200;1240;0;9000;2440;2340
P188069111;P188069111_11;K;8800;0;0;10600;1200;2340
P188069111;P188069111_12;L;9000;1240;0;10800;2440;2340
P188069111;P188069111_13;M;10600;0;0;12600;1200;2875
P188069111;P188069111_14;N;10800;1240;0;12800;2440;2875
P188069009;P188069009_1;A;0;0;0;1200;2400;2460
P188069009;P188069009_2;B;1200;0;0;2400;2400;2000
P188069009;P188069009_3;C;2400;0;0;3600;2400;2000
P188069009;P188069009_4;D;3600;0;0;4800;2400;1900
P188069009;P188069009_5;E;4800;0;0;6000;2400;1900
P188069009;P188069009_6;F;6000;0;0;7200;2400;2000
P188069009;P188069009_7;G;7200;0;0;8400;2400;2460
P188069009;P188069009_8;H;8400;0;0;9600;2400;2460
P188069009;P188069009_9;I;9600;0;0;10800;2400;2460
P188069009;P188069009_10;J;10800;0;0;12000;2400;2460
P188069009;P188069009_11;K;12000;0;0;13200;2400;2460
P188069107;P188069107_1;A;0;0;0;2000;1200;2875
P188069107;P188069107_2;B;0;1240;0;2000;2440;2875
P188069107;P188069107_3;C;2000;1240;0;4000;2440;2875
P188069107;P188069107_4;D;2000;0;0;4000;1200;2875
P188069107;P188069107_5;E;4000;0;0;6000;1200;2875
P188069107;P188069107_6;F;4000;1240;0;6000;2440;2875
P188069107;P188069107_7;G;6000;1240;0;8000;2440;2875
P188069107;P188069107_8;H;6000;0;0;8000;1200;2875
P188069107;P188069107_9;I;8000;0;0;10000;1200;2875
P188069107;P188069107_10;J;8000;1240;0;10000;2440;2875
P188069107;P188069107_11;K;10000;1240;0;12000;2440;2875
P188069107;P188069107_12;L;10000;0;0;12000;1200;2875
P188069107;P188069107_13;M;12000;0;0;13200;2000;2875
P188069105;P188069105_1;A;0;0;0;1200;2400;1900
P188069105;P188069105_2;B;1200;0;0;2400;2400;2460
P188069105;P188069105_3;C;2400;0;0;3600;2400;1620
P188069105;P188069105_4;D;3600;0;0;4800;2400;2000
P188069105;P188069105_5;E;4800;0;0;6000;2400;2460
P188069105;P188069105_6;F;6000;0;0;7200;2400;1900
P188069105;P188069105_7;G;7200;0;0;8400;2400;2460
P188069105;P188069105_8;H;8400;0;0;9600;2400;2000
P188069105;P188069105_9;I;9600;0;0;10800;2400;1620
P188069105;P188069105_10;J;10800;0;0;12000;2400;2460
P188069105;P188069105_11;K;12000;0;0;13200;2400;2460
P188069005;P188069005_1;A;0;0;0;1200;2400;1800
P188069005;P188069005_2;B;1200;1240;0;3000;2440;2340
P188069005;P188069005_3;C;1200;0;0;3000;1200;2340
P188069005;P188069005_4;D;3000;0;0;4800;1200;2340
P188069005;P188069005_5;E;3000;1240;0;4800;2440;2340
P188069005;P188069005_6;F;4800;1240;0;6600;2440;2340
P188069005;P188069005_7;G;4800;0;0;6600;1200;2340
P188069005;P188069005_8;H;6600;0;0;8400;1200;2340
P188069005;P188069005_9;I;6600;1240;0;8400;2440;2340
P188069005;P188069005_10;J;8400;1240;0;10200;2440;2340
P188069005;P188069005_11;K;8400;0;0;10200;1200;2340
P188069005;P188069005_12;L;10200;0;0;12000;1200;2340
P188069005;P188069005_13;M;10200;1240;0;12000;2440;2340
P188069005;P188069005_14;N;12000;640;0;13200;2440;2340
P188069005;P188069005_15;O;12000;0;0;12800;600;560
P188069003;P188069003_1;A;0;0;0;2000;1200;2875
P188069003;P188069003_2;B;0;1240;0;2000;2440;2875
P188069003;P188069003_3;C;2000;1240;0;4000;2440;2875
P188069003;P188069003_4;D;2000;0;0;4000;1200;2875
P188069003;P188069003_5;E;4000;0;0;6000;1200;2875
P188069003;P188069003_6;F;4000;1240;0;6000;2440;2875
P188069003;P188069003_7;G;6000;1240;0;8000;2440;2875
P188069003;P188069003_8;H;6000;0;0;8000;1200;2875
P188069003;P188069003_9;I;8000;0;0;10000;1200;2875
P188069003;P188069003_10;J;8000;1240;0;10000;2440;2875
P188069003;P188069003_11;K;10000;0;0;11200;2400;2460
P188069003;P188069003_12;L;11200;0;0;13200;1200;2875
P188069003;P188069003_13;M;11200;1240;0;13200;2440;2875
P188069101;P188069101_1;A;0;0;0;1200;2400;2000
P188069101;P188069101_2;B;1200;0;0;2400;2400;2460
P188069101;P188069101_3;C;2400;0;0;3600;2400;2460
P188069101;P188069101_4;D;3600;0;0;4800;2400;2460
P188069101;P188069101_5;E;4800;0;0;6000;2400;2460
P188069101;P188069101_6;F;6000;0;0;7200;2400;1900
P188069101;P188069101_7;G;7200;0;0;8400;2400;1900
P188069101;P188069101_8;H;8400;0;0;9600;2400;2000
P188069101;P188069101_9;I;9600;0;0;10800;2400;2000
P188069101;P188069101_10;J;10800;0;0;12000;2400;2460
P188069101;P188069101_11;K;12000;0;0;13200;2400;2460
P188069001;P188069001_1;A;0;0;0;2000;1200;2875
P188069001;P188069001_2;B;0;1240;0;2000;2440;2875
P188069001;P188069001_3;C;2000;1240;0;4000;2440;2875
P188069001;P188069001_4;D;2000;0;0;4000;1200;2875
P188069001;P188069001_5;E;4000;0;0;6000;1200;2875
P188069001;P188069001_6;F;4000;1240;0;6000;2440;2875
P188069001;P188069001_7;G;6000;1240;0;8000;2440;2875
P188069001;P188069001_8;H;6000;0;0;8000;1200;2875
P188069001;P188069001_9;I;8000;0;0;10000;1200;2875
P188069001;P188069001_10;J;8000;1240;0;10000;2440;2875
P188069001;P188069001_11;K;10000;1240;0;12000;2440;2875
P188069001;P188069001_12;L;10000;0;0;12000;1200;2875
P188069001;P188069001_13;M;12000;0;0;13200;2000;2875
P188069025;P188069025_1;A;0;0;0;1200;2400;1620
P188069025;P188069025_2;B;1200;0;0;2400;2400;2460
P188069025;P188069025_3;C;2400;0;0;3600;2400;2460
P188069025;P188069025_4;D;3600;0;0;4800;2400;2460
P188069025;P188069025_5;E;4800;0;0;6000;2400;2460
P188069025;P188069025_6;F;6000;0;0;7200;2400;2460
P188069025;P188069025_7;G;7200;1240;0;9200;2440;2250
P188069025;P188069025_8;H;7200;0;0;9000;1200;2340
P188069025;P188069025_9;I;9000;0;0;11400;1200;2460
P188069025;P188069025_10;J;9200;1240;0;11600;2440;2460
P188069025;P188069025_11;K;11600;0;0;12800;2400;2460
P188069027;P188069027_1;A;0;0;0;1800;1200;2340
P188069027;P188069027_2;B;0;1240;0;1800;2440;2340
P188069027;P188069027_3;C;1800;1240;0;3000;2440;2200
P188069027;P188069027_4;D;1800;0;0;3600;1200;2340
P188069027;P188069027_5;E;3000;1240;0;4800;2440;2340
P188069027;P188069027_6;F;3600;0;0;6000;1200;2460
P188069027;P188069027_7;G;4800;1240;0;7200;2440;2000
P188069027;P188069027_8;H;6000;0;0;7800;1200;2340
P188069027;P188069027_9;I;7200;1240;0;9000;2440;2340
P188069027;P188069027_10;J;7800;0;0;9600;1200;2340
P188069027;P188069027_11;K;9000;1240;0;11400;2440;2460
P188069027;P188069027_12;L;9600;0;0;11400;1200;2340
P188069027;P188069027_13;M;11400;0;0;13200;1200;2340
P188069027;P188069027_14;N;11400;1240;0;13200;2440;2340
P187069131;P187069131_1;A;0;0;0;2000;1200;2875
P187069131;P187069131_2;B;0;1240;0;2000;2440;2875
P187069131;P187069131_3;C;2000;1240;0;4000;2440;2875
P187069131;P187069131_4;D;2000;0;0;4000;1200;2875
P187069131;P187069131_5;E;4000;0;0;6000;1200;2875
P187069131;P187069131_6;F;4000;1240;0;6000;2440;2875
P187069131;P187069131_7;G;6000;1240;0;8000;2440;2875
P187069131;P187069131_8;H;6000;0;0;8000;1200;2875
P187069131;P187069131_9;I;8000;0;0;10000;1200;2875
P187069131;P187069131_10;J;8000;1240;0;10000;2440;2875
P187069131;P187069131_11;K;10000;1240;0;12000;2440;2875
P187069131;P187069131_12;L;10000;0;0;12000;1200;2875
P187069131;P187069131_13;M;12000;0;0;13200;2000;2875
P187069127;P187069127_1;A;0;0;0;1200;2400;1620
P187069127;P187069127_2;B;1200;0;0;2400;2400;1620
P187069127;P187069127_3;C;2400;0;0;4200;1200;2340
P187069127;P187069127_4;D;2400;1240;0;4800;2440;1620
P187069127;P187069127_5;E;4200;0;0;6600;1200;2500
P187069127;P187069127_6;F;4800;1240;0;7200;2440;2000
P187069127;P187069127_7;G;6600;0;0;9000;1200;2000
P187069127;P187069127_8;H;7200;1240;0;9600;2440;1620
P187069127;P187069127_9;I;9000;0;0;11400;1200;1900
P187069127;P187069127_10;J;9600;1240;0;12000;2440;1900
P187069127;P187069127_11;K;11400;0;0;13200;1200;2340
P187069127;P187069127_12;L;12000;1240;0;13200;2440;2200
P187069031;P187069031_1;A;0;0;0;1200;2400;1620
P187069031;P187069031_2;B;1200;0;0;2400;2400;2460
P187069031;P187069031_3;C;2400;0;0;3600;2400;2000
P187069031;P187069031_4;D;3600;0;0;4800;2400;2000
P187069031;P187069031_5;E;4800;0;0;6000;2400;2460
P187069031;P187069031_6;F;6000;0;0;7200;2400;2500
P187069031;P187069031_7;G;7200;0;0;8400;2400;2460
P187069031;P187069031_8;H;8400;0;0;9600;2400;2460
P187069031;P187069031_9;I;9600;0;0;10800;2400;2460
P187069031;P187069031_10;J;10800;0;0;12000;2400;2000
P187069031;P187069031_11;K;12000;0;0;13200;2400;2000
P187069125;P187069125_1;A;0;0;0;1800;1200;2340
P187069125;P187069125_2;B;0;1240;0;1800;2440;2340
P187069125;P187069125_3;C;1800;1240;0;3600;2440;2340
P187069125;P187069125_4;D;1800;0;0;3600;1200;2340
P187069125;P187069125_5;E;3600;0;0;5400;1200;2340
P187069125;P187069125_6;F;3600;1240;0;5400;2440;2340
P187069125;P187069125_7;G;5400;1240;0;7200;2440;2340
P187069125;P187069125_8;H;5400;0;0;7200;1200;2340
P187069125;P187069125_9;I;7200;0;0;9000;1200;2340
P187069125;P187069125_10;J;7200;1240;0;9000;2440;2340
P187069125;P187069125_11;K;9000;1240;0;10800;2440;2340
P187069125;P187069125_12;L;9000;0;0;11400;1200;1900
P187069125;P187069125_13;M;10800;1240;0;13200;2440;1900
P187069125;P187069125_14;N;11400;0;0;13200;1200;2340
P187069011;P187069011_1;A;0;0;0;2000;1200;2875
P187069011;P187069011_2;B;0;1240;0;2000;2440;2875
P187069011;P187069011_3;C;2000;1240;0;4000;2440;2875
P187069011;P187069011_4;D;2000;0;0;4000;1200;2875
P187069011;P187069011_5;E;4000;0;0;6000;1200;2875
P187069011;P187069011_6;F;4000;1240;0;6000;2440;2875
P187069011;P187069011_7;G;6000;1240;0;8000;2440;2875
P187069011;P187069011_8;H;6000;0;0;8000;1200;2875
P187069011;P187069011_9;I;8000;0;0;10000;1200;2875
P187069011;P187069011_10;J;8000;1240;0;10000;2440;2875
P187069011;P187069011_11;K;10000;1240;0;12000;2440;2875
P187069011;P187069011_12;L;10000;0;0;12000;1200;2875
P187069011;P187069011_13;M;12000;0;0;13200;2000;2875
P187069123;P187069123_1;A;0;1240;0;1800;2440;2340
P187069123;P187069123_2;B;0;0;0;2400;1200;1900
P187069123;P187069123_3;C;1800;1240;0;3600;2440;2340
P187069123;P187069123_4;D;2400;0;0;4200;1200;2340
P187069123;P187069123_5;E;3600;1240;0;5400;2440;2340
P187069123;P187069123_6;F;4200;0;0;5400;1200;2200
P187069123;P187069123_7;G;5400;0;0;7200;1200;2340
P187069123;P187069123_8;H;5400;1240;0;7200;2440;2340
P187069123;P187069123_9;I;7200;1240;0;9000;2440;2340
P187069123;P187069123_10;J;7200;0;0;9000;1200;2340
P187069123;P187069123_11;K;9000;0;0;10200;2400;1900
P187069123;P187069123_12;L;10200;1240;0;12000;2440;2340
P187069123;P187069123_13;M;10200;0;0;12000;1200;2340
P187069123;P187069123_14;N;12000;0;0;13200;2400;2460
P187069121;P187069121_1;A;0;0;0;1200;2400;1620
P187069121;P187069121_2;B;1200;0;0;2400;2400;1620
P187069121;P187069121_3;C;2400;0;0;3600;2400;2000
P187069121;P187069121_4;D;3600;0;0;4800;2400;1740
P187069121;P187069121_5;E;4800;0;0;6000;2400;1620
P187069121;P187069121_6;F;6000;0;0;7200;2400;2000
P187069121;P187069121_7;G;7200;0;0;8400;2400;2000
P187069121;P187069121_8;H;8400;0;0;9600;2400;1900
P187069121;P187069121_9;I;9600;0;0;10800;2400;1620
P187069121;P187069121_10;J;10800;0;0;12000;2400;1620
P187069121;P187069121_11;K;12000;0;0;13200;2400;2460
P187069119;P187069119_1;A;0;0;0;2000;1200;2875
P187069119;P187069119_2;B;0;1240;0;2000;2440;2875
P187069119;P187069119_3;C;2000;1240;0;4000;2440;2875
P187069119;P187069119_4;D;2000;0;0;4000;1200;2875
P187069119;P187069119_5;E;4000;0;0;6000;1200;2875
P187069119;P187069119_6;F;4000;1240;0;6000;2440;2875
P187069119;P187069119_7;G;6000;1240;0;8000;2440;2875
P187069119;P187069119_8;H;6000;0;0;8000;1200;2875
P187069119;P187069119_9;I;8000;0;0;10000;1200;2875
P187069119;P187069119_10;J;8000;1240;0;10000;2440;2875
P187069119;P187069119_11;K;10000;1240;0;12000;2440;2875
P187069119;P187069119_12;L;10000;0;0;12000;1200;2875
P187069119;P187069119_13;M;12000;0;0;13200;2000;2875
P187069019;P187069019_1;A;0;0;0;1800;1200;2340
P187069019;P187069019_2;B;0;1240;0;2400;2440;2460
P187069019;P187069019_3;C;1800;0;0;4200;1200;2460
P187069019;P187069019_4;D;2400;1240;0;4800;2440;2460
P187069019;P187069019_5;E;4200;0;0;6600;1200;2460
P187069019;P187069019_6;F;4800;1240;0;7200;2440;2460
P187069019;P187069019_7;G;6600;0;0;9000;1200;2460
P187069019;P187069019_8;H;7200;1240;0;9600;2440;2460
P187069019;P187069019_9;I;9000;0;0;11000;1200;2250
P187069019;P187069019_10;J;9600;1240;0;12000;2440;2460
P187069019;P187069019_11;K;11000;0;0;13400;1200;2460
P187069115;P187069115_1;A;0;0;0;1200;2400;2460
P187069115;P187069115_2;B;1200;0;0;2400;2400;2460
P187069115;P187069115_3;C;2400;1240;0;4200;2440;2400
P187069115;P187069115_4;D;2400;0;0;3600;1200;2200
P187069115;P187069115_5;E;3600;0;0;5400;1200;2340
P187069115;P187069115_6;F;4200;1240;0;6000;2440;2340
P187069115;P187069115_7;G;5400;0;0;7200;1200;2340
P187069115;P187069115_8;H;6000;1240;0;7800;2440;2340
P187069115;P187069115_9;I;7200;0;0;9600;1200;1900
P187069115;P187069115_10;J;7800;1240;0;9600;2440;2340
P187069115;P187069115_11;K;9600;0;0;10800;2400;2460
P187069115;P187069115_12;L;10800;0;0;12000;2400;2460
P187069115;P187069115_13;M;12000;0;0;13200;2400;2460
P187069117;P187069117_1;A;0;0;0;1200;2400;2000
P187069117;P187069117_2;B;1200;0;0;2400;2400;2000
P187069117;P187069117_3;C;2400;0;0;3600;2400;1620
P187069117;P187069117_4;D;3600;0;0;4800;2400;2000
P187069117;P187069117_5;E;4800;0;0;6000;2400;2000
P187069117;P187069117_6;F;6000;0;0;7200;2400;1900
P187069117;P187069117_7;G;7200;0;0;8400;2400;2460
P187069117;P187069117_8;H;8400;0;0;9600;2400;1620
P187069015;P187069015_1;A;0;0;0;1200;2400;2460
P187069015;P187069015_2;B;1200;1240;0;3200;2440;2875
P187069015;P187069015_3;C;1200;0;0;3200;1200;2875
P187069015;P187069015_4;D;3200;0;0;5200;1200;2875
P187069015;P187069015_5;E;3200;1240;0;5200;2440;2875
P187069015;P187069015_6;F;5200;1240;0;7200;2440;2875
P187069015;P187069015_7;G;5200;0;0;7200;1200;2875
P187069015;P187069015_8;H;7200;0;0;9200;1200;2875
P187069015;P187069015_9;I;7200;1240;0;9600;2440;2460
P187069015;P187069015_10;J;9200;0;0;11600;1200;2460
P187069015;P187069015_11;K;9600;1240;0;11600;2440;2250
P187069015;P187069015_12;L;11600;0;0;12800;2400;2460
P187069111;P187069111_1;A;0;1240;0;2200;2440;1760
P187069111;P187069111_2;B;0;0;0;2400;1200;1800
P187069111;P187069111_3;C;2200;1240;0;4000;2440;2340
P187069111;P187069111_4;D;2400;0;0;4200;1200;2340
P187069111;P187069111_5;E;4000;1240;0;5800;2440;2340
P187069111;P187069111_6;F;4200;0;0;6400;1200;1760
P187069111;P187069111_7;G;5800;1240;0;7600;2440;2340
P187069111;P187069111_8;H;6400;0;0;8200;1200;2340
P187069111;P187069111_9;I;7600;1240;0;9400;2440;2340
P187069111;P187069111_10;J;8200;0;0;10600;1200;2000
P187069111;P187069111_11;K;9400;1240;0;11200;2440;2340
P187069111;P187069111_12;L;10600;0;0;13000;1200;2460
P187069111;P187069111_13;M;11200;1240;0;13200;2440;2875
P187069107;P187069107_1;A;0;0;0;1200;2400;2460
P187069107;P187069107_2;B;1200;1240;0;3200;2440;2875
P187069107;P187069107_3;C;1200;0;0;3200;1200;2875
P187069107;P187069107_4;D;3200;0;0;5200;1200;2875
P187069107;P187069107_5;E;3200;1240;0;5200;2440;2875
P187069107;P187069107_6;F;5200;1240;0;7200;2440;2875
P187069107;P187069107_7;G;5200;0;0;7200;1200;2875
P187069107;P187069107_8;H;7200;0;0;9200;1200;2875
P187069107;P187069107_9;I;7200;1240;0;9200;2440;2875
P187069107;P187069107_10;J;9200;1240;0;11200;2440;2875
P187069107;P187069107_11;K;9200;0;0;11200;1200;2875
P187069107;P187069107_12;L;11200;0;0;13200;1200;2875
P187069107;P187069107_13;M;11200;1240;0;13000;2440;2340
P187069007;P187069007_1;A;0;0;0;1200;2400;2460
P187069007;P187069007_2;B;1200;0;0;2400;2400;2460
P187069007;P187069007_3;C;2400;0;0;3600;2400;2460
P187069007;P187069007_4;D;3600;0;0;4800;2400;2460
P187069007;P187069007_5;E;4800;0;0;6000;2400;2000
P187069007;P187069007_6;F;6000;0;0;7200;2400;2000
P187069007;P187069007_7;G;7200;0;0;8400;2400;1620
P187069007;P187069007_8;H;8400;0;0;9600;2400;1900
P187069007;P187069007_9;I;9600;0;0;10800;2400;1900
P187069007;P187069007_10;J;10800;0;0;12000;2400;2460
P187069007;P187069007_11;K;12000;0;0;13200;2400;2460
P187069105;P187069105_1;A;0;0;0;1200;2400;2460
P187069105;P187069105_2;B;1200;0;0;2400;2400;2460
P187069105;P187069105_3;C;2400;0;0;3600;2400;2000
P187069105;P187069105_4;D;3600;0;0;4800;2400;1620
P187069105;P187069105_5;E;4800;0;0;6000;2400;2500
P187069105;P187069105_6;F;6000;0;0;7200;2400;2460
P187069105;P187069105_7;G;7200;0;0;8400;2400;2460
P187069105;P187069105_8;H;8400;0;0;9600;2400;2460
P187069105;P187069105_9;I;9600;0;0;10800;2400;2460
P187069105;P187069105_10;J;10800;0;0;12000;2400;2000
P187069105;P187069105_11;K;12000;0;0;13200;2400;1900
P187069005;P187069005_1;A;0;1240;0;1800;2440;2340
P187069005;P187069005_2;B;0;0;0;2400;1200;1800
P187069005;P187069005_3;C;1800;1240;0;3000;2440;2200
P187069005;P187069005_4;D;2400;0;0;4200;1200;2340
P187069005;P187069005_5;E;3000;1240;0;4800;2440;2340
P187069005;P187069005_6;F;4200;0;0;6000;1200;2340
P187069005;P187069005_7;G;4800;1240;0;6600;2440;2340
P187069005;P187069005_8;H;6000;0;0;7800;1200;2340
P187069005;P187069005_9;I;6600;1240;0;8400;2440;2340
P187069005;P187069005_10;J;7800;0;0;9800;1200;2250
P187069005;P187069005_11;K;8400;1240;0;10800;2440;1620
P187069005;P187069005_12;L;9800;0;0;12200;1200;2460
P187069005;P187069005_13;M;10800;1240;0;13200;2440;2460
P187069005;P187069005_14;N;12200;0;0;13400;1200;2200
P187069003;P187069003_1;A;0;0;0;2000;1200;2875
P187069003;P187069003_2;B;0;1240;0;2000;2440;2875
P187069003;P187069003_3;C;2000;1240;0;4000;2440;2875
P187069003;P187069003_4;D;2000;0;0;4000;1200;2875
P187069003;P187069003_5;E;4000;0;0;6000;1200;2875
P187069003;P187069003_6;F;4000;1240;0;6000;2440;2875
P187069003;P187069003_7;G;6000;1240;0;8000;2440;2875
P187069003;P187069003_8;H;6000;0;0;8000;1200;2875
P187069003;P187069003_9;I;8000;0;0;10000;1200;2875
P187069003;P187069003_10;J;8000;1240;0;10000;2440;2875
P187069003;P187069003_11;K;10000;1240;0;12000;2440;2875
P187069003;P187069003_12;L;10000;0;0;12000;1200;2875
P187069003;P187069003_13;M;12000;0;0;13200;2000;2875
P187069101;P187069101_1;A;0;0;0;1200;2400;2000
P187069101;P187069101_2;B;1200;0;0;2400;2400;1900
P187069101;P187069101_3;C;2400;0;0;3600;2400;1620
P187069101;P187069101_4;D;3600;0;0;4800;2400;2460
P187069101;P187069101_5;E;4800;0;0;6000;2400;2000
P187069101;P187069101_6;F;6000;0;0;7200;2400;2460
P187069101;P187069101_7;G;7200;0;0;8400;2400;2460
P187069101;P187069101_8;H;8400;0;0;9600;2400;2000
P187069101;P187069101_9;I;9600;0;0;10800;2400;2460
P187069101;P187069101_10;J;10800;0;0;12000;2400;2460
P187069101;P187069101_11;K;12000;0;0;13200;2400;2460
P187069001;P187069001_1;A;0;0;0;2000;1200;2875
P187069001;P187069001_2;B;0;1240;0;2000;2440;2875
P187069001;P187069001_3;C;2000;1240;0;4000;2440;2875
P187069001;P187069001_4;D;2000;0;0;4000;1200;2875
P187069001;P187069001_5;E;4000;0;0;6000;1200;2875
P187069001;P187069001_6;F;4000;1240;0;6000;2440;2875
P187069001;P187069001_7;G;6000;1240;0;8000;2440;2875
P187069001;P187069001_8;H;6000;0;0;8000;1200;2875
P187069001;P187069001_9;I;8000;0;0;10000;1200;2875
P187069001;P187069001_10;J;8000;1240;0;10000;2440;2875
P187069001;P187069001_11;K;10000;1240;0;12000;2440;2875
P187069001;P187069001_12;L;10000;0;0;12000;1200;2875
P187069001;P187069001_13;M;12000;0;0;13200;2000;2875
Q187069001_1;Q187069001_1_1;A;0;0;0;2000;1200;2875
Q187069001_1;Q187069001_1_2;B;0;1240;0;2000;2440;2875
Q187069001_1;Q187069001_1_3;C;2000;1240;0;4000;2440;2875
Q187069001_1;Q187069001_1_4;D;2000;0;0;4000;1200;2875
Q187069001_1;Q187069001_1_5;E;4000;0;0;6000;1200;2875
Q187069001_1;Q187069001_1_6;F;4000;1240;0;6000;2440;2875
Q187069001_1;Q187069001_1_7;G;6000;1240;0;8000;2440;2875
Q187069001_1;Q187069001_1_8;H;6000;0;0;8000;1200;2875
Q187069001_1;Q187069001_1_9;I;8000;0;0;10000;1200;2875
Q187069001_1;Q187069001_1_10;J;8000;1240;0;10000;2440;2875
Q187069001_1;Q187069001_1_11;K;10000;1240;0;12000;2440;2875
Q187069001_1;Q187069001_1_12;L;10000;0;0;12000;1200;2875
Q187069001_1;Q187069001_1_13;M;12000;0;0;13200;2400;2460
P187069025;P187069025_1;A;0;0;0;1200;2400;1620
P187069025;P187069025_2;B;1200;0;0;2400;2400;1620
P187069025;P187069025_3;C;2400;0;0;3600;2400;2000
P187069025;P187069025_4;D;3600;0;0;4800;2400;2000
P187069025;P187069025_5;E;4800;0;0;6000;2400;1900
P187069025;P187069025_6;F;6000;0;0;7200;2400;1900
P187069025;P187069025_7;G;7200;0;0;8400;2400;2460
P187069025;P187069025_8;H;8400;0;0;9600;2400;2460
P187069025;P187069025_9;I;9600;0;0;10800;2400;2460
P187069025;P187069025_10;J;10800;0;0;12000;2400;2460
P187069025;P187069025_11;K;12000;0;0;13200;2400;2460
P187069027;P187069027_1;A;0;1240;0;1800;2440;2340
P187069027;P187069027_2;B;0;0;0;1800;1200;2340
P187069027;P187069027_3;C;1800;0;0;3600;1200;2340
P187069027;P187069027_4;D;1800;1240;0;3600;2440;2340
P187069027;P187069027_5;E;3600;1240;0;5400;2440;2340
P187069027;P187069027_6;F;3600;0;0;5400;1200;2340
P187069027;P187069027_7;G;5400;0;0;7200;1200;2340
P187069027;P187069027_8;H;5400;1240;0;7200;2440;2340
P187069027;P187069027_9;I;7200;1240;0;9000;2440;2340
P187069027;P187069027_10;J;7200;0;0;9000;1200;2340
P187069027;P187069027_11;K;9000;0;0;10200;2400;2460
P187069027;P187069027_12;L;10200;0;0;11400;2400;2460
P187069027;P187069027_13;M;11400;0;0;12600;2400;2460
P187069027;P187069027_14;N;12600;1840;0;13400;2440;560
Q187069027_1;Q187069027_1_1;A;0;0;0;1200;2400;1620
Q187069027_1;Q187069027_1_2;B;1200;0;0;2400;2400;2000
Q187069027_1;Q187069027_1_3;C;2400;0;0;3600;2400;2000
Q187069027_1;Q187069027_1_4;D;3600;0;0;4800;2400;2000
Q187069027_1;Q187069027_1_5;E;4800;0;0;6000;2400;1900
Q187069027_1;Q187069027_1_6;F;6000;0;0;7200;2400;2000
Q187069027_1;Q187069027_1_7;G;7200;0;0;8400;2400;2460
Q187069027_1;Q187069027_1_8;H;8400;0;0;9600;2400;2460
Q187069027_1;Q187069027_1_9;I;9600;0;0;11400;1200;2340
Q187069027_1;Q187069027_1_10;J;9600;1240;0;11400;2440;2340
Q187069027_1;Q187069027_1_11;K;11400;1240;0;13200;2440;2340
Q187069027_1;Q187069027_1_12;L;11400;0;0;13200;1200;2340
Q187069027_2;Q187069027_2_1;A;0;0;0;1200;2400;2460
Q187069027_2;Q187069027_2_2;B;1200;0;0;2400;2400;2460
Q187069027_2;Q187069027_2_3;C;2400;1240;0;4200;2440;2340
Q187069027_2;Q187069027_2_4;D;2400;0;0;4200;1200;2340
Q187069027_2;Q187069027_2_5;E;4200;0;0;6000;1200;2340
Q187069027_2;Q187069027_2_6;F;4200;1240;0;6000;2440;2340
Q187069027_2;Q187069027_2_7;G;6000;1240;0;7800;2440;2340
Q187069027_2;Q187069027_2_8;H;6000;0;0;7800;1200;2340
Q187069027_2;Q187069027_2_9;I;7800;0;0;9600;1200;2340
Q187069027_2;Q187069027_2_10;J;7800;1240;0;9600;2440;2340
Q187069027_2;Q187069027_2_11;K;9600;1240;0;11400;2440;2340
Q187069027_2;Q187069027_2_12;L;9600;0;0;12000;1200;1900
Q187069027_2;Q187069027_2_13;M;11400;1240;0;13200;2440;2340
Q187069027_2;Q187069027_2_14;N;12000;0;0;13200;1200;2200
Q187069027_3;Q187069027_3_1;A;0;0;0;2200;1200;1760
Q187069027_3;Q187069027_3_2;B;0;1240;0;1800;2440;2340
Q187069027_3;Q187069027_3_3;C;1800;1240;0;3000;2440;2200
Q187069027_3;Q187069027_3_4;D;2200;0;0;4000;1200;2340
Q187069027_3;Q187069027_3_5;E;3000;1240;0;5400;2440;2000
Q187069027_3;Q187069027_3_6;F;4000;0;0;6400;1200;1620
P175069053;P175069053_1;A;0;1240;0;1800;2440;2340
P175069053;P175069053_2;B;0;0;0;1800;1200;2340
P175069053;P175069053_3;C;1800;0;0;3600;1200;2340
P175069053;P175069053_4;D;1800;1240;0;3800;2440;2250
P175069053;P175069053_5;E;3600;0;0;5600;1200;2875
P175069053;P175069053_6;F;3800;1240;0;5800;2440;2875
P175069053;P175069053_7;G;5600;0;0;7600;1200;2875
P175069053;P175069053_8;H;5800;1240;0;7800;2440;2875
P175069053;P175069053_9;I;7600;0;0;9600;1200;2875
P175069053;P175069053_10;J;7800;1240;0;9800;2440;2875
P175069053;P175069053_11;K;9600;0;0;12000;1200;2460
P175069053;P175069053_12;L;9800;1240;0;12200;2440;1620
P175069053;P175069053_13;M;12000;0;0;13200;1200;2200
P175069053;P175069053_14;N;12200;1240;0;13400;2440;2200
P175069057;P175069057_1;A;0;0;0;1200;2400;2460
P175069057;P175069057_2;B;1200;0;0;2400;2400;2000
P175069057;P175069057_3;C;2400;1240;0;4200;2440;2340
P175069057;P175069057_4;D;2400;0;0;4200;1200;2340
P175069057;P175069057_5;E;4200;0;0;6000;1200;2340
P175069057;P175069057_6;F;4200;1240;0;6000;2440;2340
P175069057;P175069057_7;G;6000;1240;0;7800;2440;2340
P175069057;P175069057_8;H;6000;0;0;7800;1200;2340
P175069057;P175069057_9;I;7800;0;0;9600;1200;2340
P175069057;P175069057_10;J;7800;1240;0;9600;2440;2340
P175069057;P175069057_11;K;9600;0;0;10800;2400;2460
P175069057;P175069057_12;L;10800;0;0;12000;2400;2460
P175069057;P175069057_13;M;12000;0;0;13200;2400;2460
P175069051;P175069051_1;A;0;0;0;1200;2400;2460
P175069051;P175069051_2;B;1200;0;0;2400;2400;1900
P175069051;P175069051_3;C;2400;0;0;3600;2400;2000
P175069051;P175069051_4;D;3600;0;0;4800;2400;2000
P175069051;P175069051_5;E;4800;0;0;6600;1200;2340
P175069051;P175069051_6;F;4800;1240;0;6600;2440;2340
P175069051;P175069051_7;G;6600;1240;0;8400;2440;2340
P175069051;P175069051_8;H;6600;0;0;9000;1200;1620
P175069051;P175069051_9;I;8400;1240;0;10200;2440;2340
P175069051;P175069051_10;J;9000;0;0;11400;1200;1740
P175069051;P175069051_11;K;10200;1240;0;12200;2440;2250
P175069051;P175069051_12;L;11400;0;0;13400;1200;2875
P175069051;P175069051_13;M;12200;1240;0;13400;2440;2200
P175069061;P175069061_1;A;0;0;0;1200;2400;1900
P175069061;P175069061_2;B;1200;0;0;2400;2400;2460
P175069061;P175069061_3;C;2400;0;0;4200;1200;2340
P175069061;P175069061_4;D;2400;1240;0;4200;2440;2340
P175069061;P175069061_5;E;4200;0;0;5400;2400;2460
P175069061;P175069061_6;F;5400;0;0;6600;2400;2460
P175069061;P175069061_7;G;6600;1240;0;8400;2440;2340
P175069061;P175069061_8;H;6600;0;0;9000;1200;2000
P175069061;P175069061_9;I;8400;1240;0;10400;2440;2875
P175069061;P175069061_10;J;9000;0;0;11400;1200;2460
P175069061;P175069061_11;K;10400;1240;0;11600;2440;2200
P175069061;P175069061_12;L;11400;0;0;13400;1200;2875
P175069061;P175069061_13;M;11600;1240;0;13400;2440;2340
P175069055;P175069055_1;A;0;0;0;1200;2400;2460
P175069055;P175069055_2;B;1200;0;0;2400;2400;2460
P175069055;P175069055_3;C;2400;0;0;3600;2400;1900
P175069055;P175069055_4;D;3600;0;0;4800;2400;2000
P175069055;P175069055_5;E;4800;0;0;6800;1200;2875
P175069055;P175069055_6;F;4800;1240;0;6600;2440;2340
P175069055;P175069055_7;G;6600;1240;0;8400;2440;2340
P175069055;P175069055_8;H;6800;0;0;9200;1200;2460
P175069055;P175069055_9;I;8400;1240;0;10400;2440;2875
P175069055;P175069055_10;J;9200;0;0;11000;1200;2340
P175069055;P175069055_11;K;10400;1240;0;12800;2440;2460
P175069055;P175069055_12;L;11000;0;0;13400;1200;2460
P175069001;P175069001_1;A;0;0;0;2000;1200;2875
P175069001;P175069001_2;B;0;1240;0;2000;2440;2875
P175069001;P175069001_3;C;2000;0;0;3200;2400;2460
P175069001;P175069001_4;D;3200;0;0;5200;1200;2875
P175069001;P175069001_5;E;3200;1240;0;5200;2440;2875
P175069001;P175069001_6;F;5200;1240;0;7200;2440;2875
P175069001;P175069001_7;G;5200;0;0;7200;1200;2875
P175069001;P175069001_8;H;7200;0;0;9200;1200;2875
P175069001;P175069001_9;I;7200;1240;0;9200;2440;2875
P175069001;P175069001_10;J;9200;1240;0;11200;2440;2875
P175069001;P175069001_11;K;9200;0;0;11200;1200;2875
P175069001;P175069001_12;L;11200;0;0;13200;1200;2875
P175069001;P175069001_13;M;11200;1240;0;13200;2440;2875
P175069025;P175069025_1;A;0;0;0;1200;2400;1620
P175069025;P175069025_2;B;1200;0;0;2400;2400;2000
P175069025;P175069025_3;C;2400;1240;0;4400;2440;2250
P175069025;P175069025_4;D;2400;0;0;4800;1200;2460
P175069025;P175069025_5;E;4400;1240;0;6800;2440;2460
P175069025;P175069025_6;F;4800;0;0;7200;1200;2460
P175069025;P175069025_7;G;6800;1240;0;9200;2440;2460
P175069025;P175069025_8;H;7200;0;0;9600;1200;2460
P175069025;P175069025_9;I;9200;1240;0;11600;2440;2460
P175069025;P175069025_10;J;9600;0;0;12000;1200;2460
P175069025;P175069025_11;K;12000;40;0;13200;2440;2460
P175069027;P175069027_1;A;0;40;0;1200;2440;2000
P175069027;P175069027_2;B;1200;0;0;2400;2400;2000
P175069027;P175069027_3;C;2400;0;0;4200;1200;2340
P175069027;P175069027_4;D;2400;1240;0;4200;2440;2340
P175069027;P175069027_5;E;4200;1240;0;6000;2440;2340
P175069027;P175069027_6;F;4200;0;0;6200;1200;2250
P175069027;P175069027_7;G;6000;1240;0;7800;2440;2340
P175069027;P175069027_8;H;6200;0;0;8000;1200;2340
P175069027;P175069027_9;I;7800;1240;0;9600;2440;2340
P175069027;P175069027_10;J;8000;0;0;9800;1200;2340
P175069027;P175069027_11;K;9600;1240;0;11400;2440;2340
P175069027;P175069027_12;L;9800;0;0;11600;1200;2340
P175069027;P175069027_13;M;11400;1240;0;13200;2440;2340
P175069027;P175069027_14;N;11600;0;0;13400;1200;2340
P174069131;P174069131_1;A;0;0;0;2000;1200;2875
P174069131;P174069131_2;B;0;1240;0;2000;2440;2875
P174069131;P174069131_3;C;2000;1240;0;4000;2440;2875
P174069131;P174069131_4;D;2000;0;0;4000;1200;2875
P174069131;P174069131_5;E;4000;0;0;6000;1200;2875
P174069131;P174069131_6;F;4000;1240;0;6000;2440;2875
P174069131;P174069131_7;G;6000;1240;0;8000;2440;2875
P174069131;P174069131_8;H;6000;0;0;8000;1200;2875
P174069131;P174069131_9;I;8000;0;0;10000;1200;2875
P174069131;P174069131_10;J;8000;1240;0;10000;2440;2875
P174069131;P174069131_11;K;10000;1240;0;12000;2440;2875
P174069131;P174069131_12;L;10000;0;0;12000;1200;2875
P174069131;P174069131_13;M;12000;0;0;13200;2000;2875
P174069127;P174069127_1;A;0;0;0;1200;2400;1620
P174069127;P174069127_2;B;1200;0;0;2400;2400;1620
P174069127;P174069127_3;C;2400;0;0;3600;2400;2000
P174069127;P174069127_4;D;3600;0;0;4800;2400;2500
P174069127;P174069127_5;E;4800;0;0;6000;2400;1900
P174069127;P174069127_6;F;6000;0;0;7200;2400;1900
P174069127;P174069127_7;G;7200;0;0;8400;2400;1620
P174069127;P174069127_8;H;8400;0;0;9600;2400;1620
P174069127;P174069127_9;I;9600;0;0;10800;2400;2000
P174069127;P174069127_10;J;10800;0;0;11400;800;560
P174069127;P174069127_11;K;10800;1240;0;12000;2440;2200
P174069127;P174069127_12;L;11400;0;0;13200;1200;2340
P174069127;P174069127_13;M;12000;1240;0;13200;2440;2200
P174069031;P174069031_1;A;0;0;0;1200;2400;2000
P174069031;P174069031_2;B;1200;0;0;2400;2400;1900
P174069031;P174069031_3;C;2400;0;0;3600;2400;1900
P174069031;P174069031_4;D;3600;0;0;4800;2400;2000
P174069031;P174069031_5;E;4800;0;0;6000;2400;2000
P174069031;P174069031_6;F;6000;0;0;7200;2400;1900
P174069031;P174069031_7;G;7200;0;0;8400;2400;2460
P174069031;P174069031_8;H;8400;0;0;9600;2400;2460
P174069031;P174069031_9;I;9600;0;0;10800;2400;2460
P174069031;P174069031_10;J;10800;0;0;12000;2400;2460
P174069031;P174069031_11;K;12000;0;0;13200;2400;2460
P174069011;P174069011_1;A;0;0;0;2000;1200;2875
P174069011;P174069011_2;B;0;1240;0;2000;2440;2875
P174069011;P174069011_3;C;2000;1240;0;4000;2440;2875
P174069011;P174069011_4;D;2000;0;0;4000;1200;2875
P174069011;P174069011_5;E;4000;0;0;6000;1200;2875
P174069011;P174069011_6;F;4000;1240;0;6000;2440;2875
P174069011;P174069011_7;G;6000;1240;0;8000;2440;2875
P174069011;P174069011_8;H;6000;0;0;8000;1200;2875
P174069011;P174069011_9;I;8000;0;0;10000;1200;2875
P174069011;P174069011_10;J;8000;1240;0;10000;2440;2875
P174069011;P174069011_11;K;10000;1240;0;12000;2440;2875
P174069011;P174069011_12;L;10000;0;0;12000;1200;2875
P174069011;P174069011_13;M;12000;0;0;13200;2000;2875
P174069113;P174069113_1;A;0;0;0;1200;2400;2000
P174069113;P174069113_2;B;1200;0;0;3000;1200;2340
P174069113;P174069113_3;C;1200;1240;0;3600;2440;2460
P174069113;P174069113_4;D;3000;0;0;5400;1200;2460
P174069113;P174069113_5;E;3600;1240;0;6000;2440;2460
P174069113;P174069113_6;F;5400;0;0;7800;1200;1900
P174069113;P174069113_7;G;6000;1240;0;8400;2440;2460
P174069113;P174069113_8;H;7800;0;0;10200;1200;2460
P174069113;P174069113_9;I;8400;1240;0;10800;2440;2460
P174069113;P174069113_10;J;10200;0;0;12600;1200;2460
P174069113;P174069113_11;K;10800;1240;0;13200;2440;2000
P174069119;P174069119_1;A;0;0;0;2000;1200;2875
P174069119;P174069119_2;B;0;1240;0;2000;2440;2875
P174069119;P174069119_3;C;2000;1240;0;4000;2440;2875
P174069119;P174069119_4;D;2000;0;0;4000;1200;2875
P174069119;P174069119_5;E;4000;0;0;6000;1200;2875
P174069119;P174069119_6;F;4000;1240;0;6000;2440;2875
P174069119;P174069119_7;G;6000;1240;0;8000;2440;2875
P174069119;P174069119_8;H;6000;0;0;8000;1200;2875
P174069119;P174069119_9;I;8000;0;0;10000;1200;2875
P174069119;P174069119_10;J;8000;1240;0;10000;2440;2875
P174069119;P174069119_11;K;10000;1240;0;12000;2440;2875
P174069119;P174069119_12;L;10000;0;0;12000;1200;2875
P174069119;P174069119_13;M;12000;0;0;13200;2000;2875
P174069019;P174069019_1;A;0;0;0;1200;2400;2000
P174069019;P174069019_2;B;1200;0;0;2400;2400;1900
P174069019;P174069019_3;C;2400;0;0;3600;2400;2000
P174069019;P174069019_4;D;3600;0;0;4800;2400;2000
P174069019;P174069019_5;E;4800;0;0;6000;2400;1900
P174069019;P174069019_6;F;6000;0;0;7200;2400;2000
P174069019;P174069019_7;G;7200;0;0;8400;2400;2460
P174069019;P174069019_8;H;8400;0;0;9600;2400;2460
P174069019;P174069019_9;I;9600;0;0;10800;2400;2460
P174069019;P174069019_10;J;10800;0;0;12000;2400;2460
P174069019;P174069019_11;K;12000;0;0;13200;2400;2460
P174069115;P174069115_1;A;0;0;0;1200;1200;2200
P174069115;P174069115_2;B;0;1200;0;1200;2400;2200
P174069115;P174069115_3;C;1200;0;0;2400;2400;2460
P174069115;P174069115_4;D;2400;0;0;3600;2400;2460
P174069115;P174069115_5;E;3600;1240;0;5400;2440;2340
P174069115;P174069115_6;F;3600;0;0;5400;1200;2340
P174069115;P174069115_7;G;5400;0;0;7200;1200;2340
P174069115;P174069115_8;H;5400;1240;0;7200;2440;2340
P174069115;P174069115_9;I;7200;1240;0;9000;2440;2340
P174069115;P174069115_10;J;7200;0;0;9000;1200;2340
P174069115;P174069115_11;K;9000;0;0;10800;1200;2340
P174069115;P174069115_12;L;9000;1240;0;10800;2440;2340
P174069115;P174069115_13;M;10800;1240;0;12600;2440;2340
P174069115;P174069115_14;N;10800;0;0;12000;1200;2200
P174069115;P174069115_15;O;12000;0;0;13200;1200;2200
P174069015;P174069015_1;A;0;0;0;2000;1200;2875
P174069015;P174069015_2;B;0;1240;0;2000;2440;2875
P174069015;P174069015_3;C;2000;1240;0;4000;2440;2875
P174069015;P174069015_4;D;2000;0;0;4000;1200;2875
P174069015;P174069015_5;E;4000;0;0;6000;1200;2875
P174069015;P174069015_6;F;4000;1240;0;6400;2440;2460
P174069015;P174069015_7;G;6000;0;0;8400;1200;2460
P174069015;P174069015_8;H;6400;1240;0;8400;2440;2250
P174069015;P174069015_9;I;8400;0;0;9600;2400;2460
P174069015;P174069015_10;J;9600;0;0;10800;2400;2460
P174069015;P174069015_11;K;10800;0;0;12000;2400;2460
P174069015;P174069015_12;L;12000;0;0;13200;2400;2460
P174069013;P174069013_1;A;0;0;0;1200;2400;2000
P174069013;P174069013_2;B;1200;0;0;2400;2400;1900
P174069013;P174069013_3;C;2400;0;0;3600;2400;2000
P174069013;P174069013_4;D;3600;1240;0;5600;2440;2250
P174069013;P174069013_5;E;3600;0;0;6000;1200;2460
P174069013;P174069013_6;F;5600;1240;0;8000;2440;2460
P174069013;P174069013_7;G;6000;0;0;8400;1200;2460
P174069013;P174069013_8;H;8000;1240;0;10400;2440;2460
P174069013;P174069013_9;I;8400;0;0;10800;1200;2000
P174069013;P174069013_10;J;10400;1240;0;12800;2440;2000
P174069013;P174069013_11;K;10800;0;0;13200;1200;2460
P174069111;P174069111_1;A;0;0;0;1200;2400;1800
P174069111;P174069111_2;B;1200;1240;0;3400;2440;1760
P174069111;P174069111_3;C;1200;0;0;3000;1200;2340
P174069111;P174069111_4;D;3000;0;0;4800;1200;2340
P174069111;P174069111_5;E;3400;1240;0;5200;2440;2340
P174069111;P174069111_6;F;4800;0;0;6600;1200;2340
P174069111;P174069111_7;G;5200;1240;0;7000;2440;2340
P174069111;P174069111_8;H;6600;0;0;8400;1200;2340
P174069111;P174069111_9;I;7000;1240;0;8800;2440;2340
P174069111;P174069111_10;J;8400;0;0;10200;1200;2340
P174069111;P174069111_11;K;8800;1240;0;10000;2440;2200
P174069111;P174069111_12;L;10000;1240;0;11800;2440;2340
P174069111;P174069111_13;M;10200;0;0;12000;1200;2340
P174069111;P174069111_14;N;11800;1240;0;13000;2440;2200
P174069111;P174069111_15;O;12000;0;0;13200;1200;2200
P174069009;P174069009_1;A;0;0;0;1200;2400;1900
P174069009;P174069009_2;B;1200;0;0;2400;2400;1900
P174069009;P174069009_3;C;2400;0;0;3600;2400;1620
P174069009;P174069009_4;D;3600;0;0;4800;2400;2000
P174069009;P174069009_5;E;4800;0;0;6000;2400;2460
P174069009;P174069009_6;F;6000;0;0;7200;2400;2460
P174069009;P174069009_7;G;7200;0;0;8400;2400;2460
P174069009;P174069009_8;H;8400;0;0;9600;2400;2460
P174069009;P174069009_9;I;9600;0;0;10800;2400;2460
P174069009;P174069009_10;J;10800;0;0;12000;2400;2000
P174069009;P174069009_11;K;12000;0;0;13200;2400;1900
P174069107;P174069107_1;A;0;0;0;2000;1200;2875
P174069107;P174069107_2;B;0;1240;0;2000;2440;2875
P174069107;P174069107_3;C;2000;1240;0;4000;2440;2875
P174069107;P174069107_4;D;2000;0;0;4000;1200;2875
P174069107;P174069107_5;E;4000;0;0;6000;1200;2875
P174069107;P174069107_6;F;4000;1240;0;6000;2440;2875
P174069107;P174069107_7;G;6000;1240;0;8000;2440;2875
P174069107;P174069107_8;H;6000;0;0;8000;1200;2875
P174069107;P174069107_9;I;8000;0;0;10000;1200;2875
P174069107;P174069107_10;J;8000;1240;0;10000;2440;2875
P174069107;P174069107_11;K;10000;1240;0;12000;2440;2875
P174069107;P174069107_12;L;10000;0;0;12000;1200;2875
P174069107;P174069107_13;M;12000;0;0;13200;2000;2875
P174069105;P174069105_1;A;0;40;0;1200;2440;1620
P174069105;P174069105_2;B;1200;0;0;2400;2400;1620
P174069105;P174069105_3;C;2400;0;0;3600;2400;1620
P174069105;P174069105_4;D;3600;0;0;4800;2400;1620
P174069105;P174069105_5;E;4800;0;0;6000;2400;1620
P174069105;P174069105_6;F;6000;0;0;7200;2400;1620
P174069105;P174069105_7;G;7200;0;0;8400;2400;2460
P174069105;P174069105_8;H;8400;0;0;9600;2400;2000
P174069105;P174069105_9;I;9600;0;0;10800;2400;1900
P174069105;P174069105_10;J;10800;0;0;12000;2400;2460
P174069105;P174069105_11;K;12000;0;0;13200;2400;2460
P174069005;P174069005_1;A;0;0;0;1800;1200;2340
P174069005;P174069005_2;B;0;1240;0;1800;2440;2340
P174069005;P174069005_3;C;1800;1240;0;3600;2440;2340
P174069005;P174069005_4;D;1800;0;0;3600;1200;2340
P174069005;P174069005_5;E;3600;0;0;5400;1200;2340
P174069005;P174069005_6;F;3600;1240;0;5400;2440;2340
P174069005;P174069005_7;G;5400;1240;0;7200;2440;2340
P174069005;P174069005_8;H;5400;0;0;7200;1200;2340
P174069005;P174069005_9;I;7200;0;0;9000;1200;2340
P174069005;P174069005_10;J;7200;1240;0;9000;2440;2340
P174069005;P174069005_11;K;9000;1240;0;10800;2440;2340
P174069005;P174069005_12;L;9000;0;0;10200;1200;2200
P174069005;P174069005_13;M;10200;0;0;12000;1200;2340
P174069005;P174069005_14;N;10800;1240;0;12600;2440;2340
P174069005;P174069005_15;O;12000;0;0;13200;1200;2200
P174069003;P174069003_1;A;0;0;0;2000;1200;2875
P174069003;P174069003_2;B;0;1240;0;2000;2440;2875
P174069003;P174069003_3;C;2000;1240;0;4000;2440;2875
P174069003;P174069003_4;D;2000;0;0;4000;1200;2875
P174069003;P174069003_5;E;4000;0;0;6000;1200;2875
P174069003;P174069003_6;F;4000;1240;0;6000;2440;2875
P174069003;P174069003_7;G;6000;1240;0;8000;2440;2875
P174069003;P174069003_8;H;6000;0;0;8000;1200;2875
P174069003;P174069003_9;I;8000;0;0;10000;1200;2875
P174069003;P174069003_10;J;8000;1240;0;10000;2440;2875
P174069003;P174069003_11;K;10000;1240;0;12000;2440;2875
P174069003;P174069003_12;L;10000;0;0;12000;1200;2875
P174069003;P174069003_13;M;12000;0;0;13200;2400;2460
P174069101;P174069101_1;A;0;0;0;1200;2400;2460
P174069101;P174069101_2;B;1200;0;0;2400;2400;1620
P174069101;P174069101_3;C;2400;0;0;3600;2400;2460
P174069101;P174069101_4;D;3600;0;0;4800;2400;2460
P174069101;P174069101_5;E;4800;0;0;6000;2400;2460
P174069101;P174069101_6;F;6000;0;0;7200;2400;2460
P174069101;P174069101_7;G;7200;0;0;8400;2400;2460
P174069101;P174069101_8;H;8400;0;0;9600;2400;2460
P174069101;P174069101_9;I;9600;0;0;10800;2400;2000
P174069101;P174069101_10;J;10800;0;0;12000;2400;2000
P174069101;P174069101_11;K;12000;0;0;13200;2400;2000
P174069001;P174069001_1;A;0;0;0;2000;1200;2875
P174069001;P174069001_2;B;0;1240;0;2000;2440;2875
P174069001;P174069001_3;C;2000;1240;0;4000;2440;2875
P174069001;P174069001_4;D;2000;0;0;4000;1200;2875
P174069001;P174069001_5;E;4000;0;0;6000;1200;2875
P174069001;P174069001_6;F;4000;1240;0;6000;2440;2875
P174069001;P174069001_7;G;6000;1240;0;8000;2440;2875
P174069001;P174069001_8;H;6000;0;0;8000;1200;2875
P174069001;P174069001_9;I;8000;0;0;10000;1200;2875
P174069001;P174069001_10;J;8000;1240;0;10000;2440;2875
P174069001;P174069001_11;K;10000;1240;0;12000;2440;2875
P174069001;P174069001_12;L;10000;0;0;11800;1200;2340
P174069001;P174069001_13;M;12000;0;0;13200;2400;2460
P174069025;P174069025_1;A;0;0;0;1200;2400;1620
P174069025;P174069025_2;B;1200;0;0;2400;2400;1620
P174069025;P174069025_3;C;2400;0;0;3600;2400;2460
P174069025;P174069025_4;D;3600;0;0;4800;2400;2460
P174069025;P174069025_5;E;4800;0;0;6000;2400;2460
P174069025;P174069025_6;F;6000;0;0;7200;2400;2460
P174069025;P174069025_7;G;7200;0;0;8400;2400;2460
P174069025;P174069025_8;H;8400;0;0;9600;2400;2460
P174069025;P174069025_9;I;9600;0;0;10800;2400;2000
P174069025;P174069025_10;J;10800;0;0;12000;2400;2000
P174069025;P174069025_11;K;12000;0;0;13200;2400;2000
P174069027;P174069027_1;A;0;1240;0;1800;2440;2340
P174069027;P174069027_2;B;0;0;0;1800;1200;2340
P174069027;P174069027_3;C;1800;0;0;3600;1200;2340
P174069027;P174069027_4;D;1800;1240;0;3600;2440;2340
P174069027;P174069027_5;E;3600;1240;0;5400;2440;2340
P174069027;P174069027_6;F;3600;0;0;4800;1200;2200
P174069027;P174069027_7;G;4800;0;0;6600;1200;2340
P174069027;P174069027_8;H;5400;1240;0;7200;2440;2340
P174069027;P174069027_9;I;6600;0;0;9000;1200;1900
P174069027;P174069027_10;J;7200;1240;0;9600;2440;1900
P174069027;P174069027_11;K;9000;0;0;11400;1200;2000
P174069027;P174069027_12;L;9600;1240;0;11600;2440;2250
P174069027;P174069027_13;M;11400;0;0;13200;1200;2340
P174069027;P174069027_14;N;11600;1240;0;13400;2440;2340
P173069131;P173069131_1;A;0;0;0;2000;1200;2875
P173069131;P173069131_2;B;0;1240;0;2000;2440;2875
P173069131;P173069131_3;C;2000;1240;0;4000;2440;2875
P173069131;P173069131_4;D;2000;0;0;4000;1200;2875
P173069131;P173069131_5;E;4000;0;0;6000;1200;2875
P173069131;P173069131_6;F;4000;1240;0;6000;2440;2875
P173069131;P173069131_7;G;6000;1240;0;8000;2440;2875
P173069131;P173069131_8;H;6000;0;0;8000;1200;2875
P173069131;P173069131_9;I;8000;0;0;10000;1200;2875
P173069131;P173069131_10;J;8000;1240;0;10000;2440;2875
P173069131;P173069131_11;K;10000;1240;0;12000;2440;2875
P173069131;P173069131_12;L;10000;0;0;12000;1200;2875
P173069131;P173069131_13;M;12000;0;0;13200;2000;2875
P173069127;P173069127_1;A;0;0;0;1200;2400;1900
P173069127;P173069127_2;B;1200;0;0;2400;2400;2000
P173069127;P173069127_3;C;2400;0;0;3600;2400;2500
P173069127;P173069127_4;D;3600;0;0;4800;2400;1620
P173069127;P173069127_5;E;4800;0;0;6000;2400;1900
P173069127;P173069127_6;F;6000;0;0;7800;1200;2340
P173069127;P173069127_7;G;6000;1240;0;7800;2440;2340
P173069127;P173069127_8;H;7800;1240;0;9600;2440;2340
P173069127;P173069127_9;I;7800;0;0;9600;1200;2340
P173069127;P173069127_10;J;9600;0;0;11400;1200;2340
P173069127;P173069127_11;K;9600;1240;0;11400;2440;2340
P173069127;P173069127_12;L;11400;1240;0;13200;2440;2340
P173069127;P173069127_13;M;11400;0;0;13200;1200;2340
P173069031;P173069031_1;A;0;0;0;1200;2400;1900
P173069031;P173069031_2;B;1200;0;0;2400;2400;1620
P173069031;P173069031_3;C;2400;0;0;3600;2400;2460
P173069031;P173069031_4;D;3600;0;0;4800;2400;2460
P173069031;P173069031_5;E;4800;0;0;6000;2400;2000
P173069031;P173069031_6;F;6000;0;0;7200;2400;2000
P173069031;P173069031_7;G;7200;0;0;8400;2400;2000
P173069031;P173069031_8;H;8400;0;0;9600;2400;2000
P173069031;P173069031_9;I;9600;0;0;10800;2400;2460
P173069031;P173069031_10;J;10800;0;0;12000;2400;2460
P173069031;P173069031_11;K;12000;0;0;13200;2400;1900
P173069011;P173069011_1;A;0;0;0;2000;1200;2875
P173069011;P173069011_2;B;0;1240;0;2000;2440;2875
P173069011;P173069011_3;C;2000;1240;0;4000;2440;2875
P173069011;P173069011_4;D;2000;0;0;4000;1200;2875
P173069011;P173069011_5;E;4000;0;0;6000;1200;2875
P173069011;P173069011_6;F;4000;1240;0;6000;2440;2875
P173069011;P173069011_7;G;6000;1240;0;8000;2440;2875
P173069011;P173069011_8;H;6000;0;0;8000;1200;2875
P173069011;P173069011_9;I;8000;0;0;10000;1200;2875
P173069011;P173069011_10;J;8000;1240;0;10000;2440;2875
P173069011;P173069011_11;K;10000;1240;0;12000;2440;2875
P173069011;P173069011_12;L;10000;0;0;12000;1200;2875
P173069011;P173069011_13;M;12000;0;0;13200;2000;2875
P173069113;P173069113_1;A;0;0;0;1200;2400;1900
P173069113;P173069113_2;B;1200;0;0;2400;2400;1620
P173069113;P173069113_3;C;2400;0;0;3600;2400;2460
P173069113;P173069113_4;D;3600;0;0;4800;2400;2460
P173069113;P173069113_5;E;4800;0;0;6000;2400;2460
P173069113;P173069113_6;F;6000;0;0;7200;2400;2460
P173069113;P173069113_7;G;7200;0;0;8400;2400;2460
P173069113;P173069113_8;H;8400;0;0;9600;2400;2460
P173069113;P173069113_9;I;9600;0;0;10800;2400;2460
P173069113;P173069113_10;J;10800;0;0;12000;2400;2000
P173069113;P173069113_11;K;12000;0;0;13200;2400;2460
P173069119;P173069119_1;A;0;0;0;2000;1200;2875
P173069119;P173069119_2;B;0;1240;0;2000;2440;2875
P173069119;P173069119_3;C;2000;1240;0;4000;2440;2875
P173069119;P173069119_4;D;2000;0;0;4000;1200;2875
P173069119;P173069119_5;E;4000;0;0;6000;1200;2875
P173069119;P173069119_6;F;4000;1240;0;6000;2440;2875
P173069119;P173069119_7;G;6000;1240;0;8000;2440;2875
P173069119;P173069119_8;H;6000;0;0;8000;1200;2875
P173069119;P173069119_9;I;8000;0;0;10000;1200;2875
P173069119;P173069119_10;J;8000;1240;0;10000;2440;2875
P173069119;P173069119_11;K;10000;1240;0;12000;2440;2875
P173069119;P173069119_12;L;10000;0;0;12000;1200;2875
P173069119;P173069119_13;M;12000;0;0;13200;2000;2875
P173069019;P173069019_1;A;0;0;0;2000;1200;2250
P173069019;P173069019_2;B;0;1240;0;1800;2440;2340
P173069019;P173069019_3;C;1800;1240;0;4200;2440;1900
P173069019;P173069019_4;D;2000;0;0;4400;1200;2460
P173069019;P173069019_5;E;4200;1240;0;6600;2440;2000
P173069019;P173069019_6;F;4400;0;0;6800;1200;2000
P173069019;P173069019_7;G;6600;1240;0;9000;2440;1900
P173069019;P173069019_8;H;6800;0;0;9200;1200;2460
P173069019;P173069019_9;I;9000;1240;0;11400;2440;2460
P173069019;P173069019_10;J;9200;0;0;11600;1200;2460
P173069019;P173069019_11;K;11400;1240;0;13400;2440;2250
P173069019;P173069019_12;L;11600;0;0;13400;1200;2340
P173069115;P173069115_1;A;0;0;0;1800;1200;2340
P173069115;P173069115_2;B;0;1240;0;1800;2440;2340
P173069115;P173069115_3;C;1800;1240;0;3600;2440;2340
P173069115;P173069115_4;D;1800;0;0;3600;1200;2340
P173069115;P173069115_5;E;3600;0;0;5400;1200;2340
P173069115;P173069115_6;F;3600;1240;0;4800;2440;2200
P173069115;P173069115_7;G;4800;1240;0;6000;2440;2200
P173069115;P173069115_8;H;5400;0;0;6600;1200;2200
P173069115;P173069115_9;I;6000;1240;0;7800;2440;2340
P173069115;P173069115_10;J;6600;0;0;8400;1200;2340
P173069115;P173069115_11;K;7800;1240;0;9600;2440;2340
P173069115;P173069115_12;L;8400;0;0;10200;1200;2340
P173069115;P173069115_13;M;9600;1240;0;11400;2440;2340
P173069115;P173069115_14;N;10200;0;0;12000;1200;2340
P173069115;P173069115_15;O;11400;1240;0;13200;2440;2340
P173069115;P173069115_16;P;12000;0;0;13200;1200;2200
P173069015;P173069015_1;A;0;0;0;1200;2400;2460
P173069015;P173069015_2;B;1200;0;0;2400;2400;2460
P173069015;P173069015_3;C;2400;0;0;3600;2400;2460
P173069015;P173069015_4;D;3600;0;0;4800;2400;2460
P173069015;P173069015_5;E;4800;0;0;6000;2400;2460
P173069015;P173069015_6;F;6000;0;0;7200;2400;2460
P173069015;P173069015_7;G;7200;0;0;9200;1200;2875
P173069015;P173069015_8;H;7200;1240;0;9200;2440;2875
P173069015;P173069015_9;I;9200;1240;0;11200;2440;2875
P173069015;P173069015_10;J;9200;0;0;11200;1200;2875
P173069015;P173069015_11;K;11200;0;0;13200;1200;2875
P173069015;P173069015_12;L;11200;1240;0;13200;2440;2875
P173069013;P173069013_1;A;0;0;0;1200;2400;1620
P173069013;P173069013_2;B;1200;0;0;2400;2400;2000
P173069013;P173069013_3;C;2400;0;0;3600;2400;1620
P173069013;P173069013_4;D;3600;0;0;4800;2400;1900
P173069013;P173069013_5;E;4800;0;0;6000;2400;2000
P173069013;P173069013_6;F;6000;0;0;7200;2400;2000
P173069013;P173069013_7;G;7200;0;0;8400;2400;1900
P173069013;P173069013_8;H;8400;0;0;9600;2400;2460
P173069013;P173069013_9;I;9600;0;0;10800;2400;2460
P173069013;P173069013_10;J;10800;1240;0;12800;2440;2250
P173069013;P173069013_11;K;10800;0;0;13200;1200;2460
P173069111;P173069111_1;A;0;0;0;1800;1200;2340
P173069111;P173069111_2;B;0;1240;0;1800;2440;2340
P173069111;P173069111_3;C;1800;0;0;3000;2400;1800
P173069111;P173069111_4;D;3000;0;0;4200;1200;2200
P173069111;P173069111_5;E;3000;1240;0;4800;2440;2340
P173069111;P173069111_6;F;4200;0;0;6400;1200;1760
P173069111;P173069111_7;G;4800;1240;0;6600;2440;2340
P173069111;P173069111_8;H;6400;0;0;8200;1200;2340
P173069111;P173069111_9;I;6600;1240;0;8400;2440;2340
P173069111;P173069111_10;J;8200;0;0;10000;1200;2340
P173069111;P173069111_11;K;8400;1240;0;10200;2440;2340
P173069111;P173069111_12;L;10000;0;0;11200;1200;2200
P173069111;P173069111_13;M;10200;1240;0;11400;2440;2200
P173069111;P173069111_14;N;11200;0;0;13000;1200;2340
P173069111;P173069111_15;O;11400;1240;0;13200;2440;2340
P173069009;P173069009_1;A;0;0;0;1200;2400;1900
P173069009;P173069009_2;B;1200;0;0;2400;2400;2000
P173069009;P173069009_3;C;2400;0;0;3600;2400;2460
P173069009;P173069009_4;D;3600;0;0;4800;2400;2460
P173069009;P173069009_5;E;4800;0;0;6000;2400;2460
P173069009;P173069009_6;F;6000;0;0;7200;2400;2460
P173069009;P173069009_7;G;7200;0;0;8400;2400;2460
P173069009;P173069009_8;H;8400;0;0;9600;2400;2460
P173069009;P173069009_9;I;9600;0;0;10800;2400;2460
P173069009;P173069009_10;J;10800;0;0;12000;2400;2500
P173069009;P173069009_11;K;12000;0;0;13200;2400;2460
P173069107;P173069107_1;A;0;0;0;2000;1200;2875
P173069107;P173069107_2;B;0;1240;0;2000;2440;2875
P173069107;P173069107_3;C;2000;1240;0;4000;2440;2875
P173069107;P173069107_4;D;2000;0;0;4000;1200;2875
P173069107;P173069107_5;E;4000;0;0;6000;1200;2875
P173069107;P173069107_6;F;4000;1240;0;6000;2440;2875
P173069107;P173069107_7;G;6000;1240;0;8000;2440;2875
P173069107;P173069107_8;H;6000;0;0;8000;1200;2875
P173069107;P173069107_9;I;8000;0;0;10000;1200;2875
P173069107;P173069107_10;J;8000;1240;0;10000;2440;2875
P173069107;P173069107_11;K;10000;1240;0;12000;2440;2875
P173069107;P173069107_12;L;10000;0;0;12000;1200;2875
P173069107;P173069107_13;M;12000;0;0;13200;2000;2875
Q173069107_1;Q173069107_1_1;A;0;0;0;1200;2400;2460
Q173069107_1;Q173069107_1_2;B;1200;0;0;2400;2400;2460
Q173069107_1;Q173069107_1_3;C;2400;0;0;4400;1200;2875
Q173069107_1;Q173069107_1_4;D;2400;1240;0;4400;2440;2875
Q173069107_1;Q173069107_1_5;E;4400;1240;0;6400;2440;2875
Q173069107_1;Q173069107_1_6;F;4400;0;0;6400;1200;2875
Q173069107_1;Q173069107_1_7;G;6400;0;0;8400;1200;2875
Q173069107_1;Q173069107_1_8;H;6400;1240;0;8800;2440;2460
Q173069107_1;Q173069107_1_9;I;8400;0;0;10800;1200;2460
Q173069107_1;Q173069107_1_10;J;8800;1240;0;11200;2440;2460
Q173069107_1;Q173069107_1_11;K;10800;0;0;13200;1200;2460
Q173069107_1;Q173069107_1_12;L;11200;1240;0;13200;2440;2875
P173069105;P173069105_1;A;0;0;0;1200;2400;1620
P173069105;P173069105_2;B;1200;0;0;2400;2400;2000
P173069105;P173069105_3;C;2400;0;0;3600;2400;2000
P173069105;P173069105_4;D;3600;0;0;4800;2400;1900
P173069105;P173069105_5;E;4800;0;0;6000;2400;1900
P173069105;P173069105_6;F;6000;0;0;7200;2400;2000
P173069105;P173069105_7;G;7200;0;0;8400;2400;1620
P173069105;P173069105_8;H;8400;0;0;9600;2400;2000
P173069105;P173069105_9;I;9600;0;0;10800;2400;2000
P173069105;P173069105_10;J;10800;0;0;12000;2400;1900
P173069105;P173069105_11;K;12000;0;0;13200;2400;1900
P173069005;P173069005_1;A;0;0;0;1800;1200;2340
P173069005;P173069005_2;B;0;1240;0;1800;2440;2340
P173069005;P173069005_3;C;1800;1240;0;3600;2440;2340
P173069005;P173069005_4;D;1800;0;0;3600;1200;2340
P173069005;P173069005_5;E;3600;0;0;5400;1200;2340
P173069005;P173069005_6;F;3600;1240;0;5400;2440;2340
P173069005;P173069005_7;G;5400;1240;0;6600;2440;2200
P173069005;P173069005_8;H;5400;0;0;7200;1200;2340
P173069005;P173069005_9;I;6600;1240;0;7800;2440;2200
P173069005;P173069005_10;J;7200;0;0;9000;1200;2340
P173069005;P173069005_11;K;7800;1240;0;9600;2440;2340
P173069005;P173069005_12;L;9000;0;0;10800;1200;2340
P173069005;P173069005_13;M;9600;1240;0;11400;2440;2340
P173069005;P173069005_14;N;10800;0;0;12600;1200;2340
P173069005;P173069005_15;O;11400;1240;0;13200;2440;2340
P173069005;P173069005_16;P;12600;0;0;13400;600;560
P173069003;P173069003_1;A;0;0;0;2000;1200;2875
P173069003;P173069003_2;B;0;1240;0;2000;2440;2875
P173069003;P173069003_3;C;2000;1240;0;4000;2440;2875
P173069003;P173069003_4;D;2000;0;0;4000;1200;2875
P173069003;P173069003_5;E;4000;0;0;6000;1200;2875
P173069003;P173069003_6;F;4000;1240;0;6000;2440;2875
P173069003;P173069003_7;G;6000;0;0;7200;2400;2460
P173069003;P173069003_8;H;7200;0;0;8400;2400;2460
P173069003;P173069003_9;I;8400;0;0;9600;2400;2460
P173069003;P173069003_10;J;9600;0;0;10800;2400;2460
P173069003;P173069003_11;K;10800;0;0;12000;2400;2460
P173069003;P173069003_12;L;12000;0;0;13200;2400;2460
P173069101;P173069101_1;A;0;0;0;1200;2400;2000
P173069101;P173069101_2;B;1200;0;0;2400;2400;1620
P173069101;P173069101_3;C;2400;0;0;3600;2400;1900
P173069101;P173069101_4;D;3600;0;0;4800;2400;2000
P173069101;P173069101_5;E;4800;0;0;6000;2400;2460
P173069101;P173069101_6;F;6000;0;0;7200;2400;2000
P173069101;P173069101_7;G;7200;0;0;8400;2400;2000
P173069101;P173069101_8;H;8400;0;0;9600;2400;2460
P173069101;P173069101_9;I;9600;0;0;10800;2400;2460
P173069101;P173069101_10;J;10800;0;0;12000;2400;1900
P173069101;P173069101_11;K;12000;0;0;13200;2400;1900
P173069001;P173069001_1;A;0;0;0;2000;1200;2875
P173069001;P173069001_2;B;0;1240;0;2000;2440;2875
P173069001;P173069001_3;C;2000;1240;0;4000;2440;2875
P173069001;P173069001_4;D;2000;0;0;4000;1200;2875
P173069001;P173069001_5;E;4000;0;0;6000;1200;2875
P173069001;P173069001_6;F;4000;1240;0;6000;2440;2875
P173069001;P173069001_7;G;6000;1240;0;8000;2440;2875
P173069001;P173069001_8;H;6000;0;0;8000;1200;2875
P173069001;P173069001_9;I;8000;0;0;10000;1200;2875
P173069001;P173069001_10;J;8000;1240;0;10000;2440;2875
P173069001;P173069001_11;K;10000;1240;0;12000;2440;2875
P173069001;P173069001_12;L;10000;0;0;12000;1200;2875
P173069001;P173069001_13;M;12000;0;0;13200;2000;2875
Q173069001_1;Q173069001_1_1;A;0;0;0;2000;1200;2875
Q173069001_1;Q173069001_1_2;B;0;1240;0;2000;2440;2875
Q173069001_1;Q173069001_1_3;C;2000;1240;0;4000;2440;2875
Q173069001_1;Q173069001_1_4;D;2000;0;0;4000;1200;2875
Q173069001_1;Q173069001_1_5;E;4000;0;0;6000;1200;2875
Q173069001_1;Q173069001_1_6;F;4000;1240;0;6000;2440;2875
Q173069001_1;Q173069001_1_7;G;6000;1240;0;8000;2440;2875
Q173069001_1;Q173069001_1_8;H;6000;0;0;8000;1200;2875
Q173069001_1;Q173069001_1_9;I;8000;0;0;10000;1200;2875
Q173069001_1;Q173069001_1_10;J;8000;1240;0;10000;2440;2875
Q173069001_1;Q173069001_1_11;K;10000;1240;0;12000;2440;1460
P173069025;P173069025_1;A;0;0;0;1200;2400;1620
P173069025;P173069025_2;B;1200;1240;0;3000;2440;2340
P173069025;P173069025_3;C;1200;0;0;3200;1200;2250
P173069025;P173069025_4;D;3000;1240;0;5400;2440;2460
P173069025;P173069025_5;E;3200;0;0;5600;1200;2460
P173069025;P173069025_6;F;5400;1240;0;7800;2440;2460
P173069025;P173069025_7;G;5600;0;0;8000;1200;2460
P173069025;P173069025_8;H;7800;1240;0;10200;2440;2460
P173069025;P173069025_9;I;8000;0;0;10400;1200;2460
P173069025;P173069025_10;J;10200;1240;0;12600;2440;2460
P173069025;P173069025_11;K;10400;0;0;12800;1200;2000
P173069027;P173069027_1;A;0;0;0;1800;1200;2340
P173069027;P173069027_2;B;0;1240;0;1200;2440;2200
P173069027;P173069027_3;C;1200;1240;0;3000;2440;2340
P173069027;P173069027_4;D;1800;0;0;3600;1200;2340
P173069027;P173069027_5;E;3000;1240;0;4800;2440;2340
P173069027;P173069027_6;F;3600;0;0;5400;1200;2340
P173069027;P173069027_7;G;4800;1240;0;6600;2440;2340
P173069027;P173069027_8;H;5400;0;0;7200;1200;2340
P173069027;P173069027_9;I;6600;1240;0;7800;2440;2200
P173069027;P173069027_10;J;7200;0;0;8400;1200;2200
P173069027;P173069027_11;K;7800;1240;0;9600;2440;2340
P173069027;P173069027_12;L;8400;0;0;10200;1200;2340
P173069027;P173069027_13;M;9600;1240;0;11400;2440;2340
P173069027;P173069027_14;N;10200;0;0;11400;1200;2200
P173069027;P173069027_15;O;11400;1240;0;13400;2440;2250
P173069027;P173069027_16;P;11400;0;0;13200;1200;2340
Q173069027_1;Q173069027_1_1;A;0;0;0;1200;2400;1620
Q173069027_1;Q173069027_1_2;B;1200;0;0;2400;2400;1900
Q173069027_1;Q173069027_1_3;C;2400;0;0;3600;2400;1900
Q173069027_1;Q173069027_1_4;D;3600;0;0;4800;2400;2000
Q173069027_1;Q173069027_1_5;E;4800;0;0;6000;2400;2000
Q173069027_1;Q173069027_1_6;F;6000;0;0;7200;2400;2000
Q173069027_1;Q173069027_1_7;G;7200;0;0;8400;2400;2460
Q173069027_1;Q173069027_1_8;H;8400;0;0;9600;2400;2460
Q173069027_1;Q173069027_1_9;I;9600;1240;0;11400;2440;2340
Q173069027_1;Q173069027_1_10;J;9600;0;0;11400;1200;2340
Q173069027_1;Q173069027_1_11;K;11400;0;0;13200;1200;2340
Q173069027_1;Q173069027_1_12;L;11400;1240;0;13200;2440;2340
Q173069027_2;Q173069027_2_1;A;0;0;0;1800;1200;2340
Q173069027_2;Q173069027_2_2;B;0;1240;0;1800;2440;2340
Q173069027_2;Q173069027_2_3;C;1800;1240;0;3600;2440;2340
Q173069027_2;Q173069027_2_4;D;1800;0;0;3600;1200;2340
Q173069027_2;Q173069027_2_5;E;3600;0;0;5400;1200;2340
Q173069027_2;Q173069027_2_6;F;3600;1240;0;5400;2440;2340
Q173069027_2;Q173069027_2_7;G;5400;1240;0;7200;2440;2340
Q173069027_2;Q173069027_2_8;H;5400;0;0;7200;1200;2340
Q173069027_2;Q173069027_2_9;I;7200;0;0;9000;1200;2340
Q173069027_2;Q173069027_2_10;J;7200;1240;0;8400;2440;2200
Q173069027_2;Q173069027_2_11;K;8400;1240;0;9600;2440;2200
Q173069027_2;Q173069027_2_12;L;9000;0;0;10200;1200;2200
Q173069027_2;Q173069027_2_13;M;9600;1240;0;12000;2440;2000
Q173069027_2;Q173069027_2_14;N;10200;0;0;12600;1200;1900
P240060611;P240060611_1;A;0;1240;0;3200;2440;2935
P240060611;P240060611_2;B;0;0;0;3200;1200;2935
P240060611;P240060611_3;C;3200;0;0;6400;1200;2935
P240060611;P240060611_4;D;3200;1200;0;6400;2400;2935
P240060611;P240060611_5;E;6400;1240;0;9600;2440;2935
P240060611;P240060611_6;F;6400;0;0;9600;1200;2935
P240060611;P240060611_7;G;9600;0;0;12200;1200;2935
P240060611;P240060611_8;H;9600;1240;0;12200;2440;2935
P240060611;P240060611_9;I;12200;0;0;13400;2400;2835
Q240060611_1;Q240060611_1_1;A;0;0;0;3200;1200;2935
Q240060611_1;Q240060611_1_2;B;0;1200;0;3200;2400;2935
Q240060611_1;Q240060611_1_3;C;3200;1240;0;6400;2440;2935
Q240060611_1;Q240060611_1_4;D;3200;0;0;6400;1200;2935
Q240060611_1;Q240060611_1_5;E;6400;0;0;9600;1200;2935
Q240060611_1;Q240060611_1_6;F;6400;1240;0;9000;2440;2935
Q240060611_1;Q240060611_1_7;G;9000;1240;0;11600;2440;2935
Q240060611_1;Q240060611_1_8;H;9600;0;0;12200;1200;2935
Q240060611_1;Q240060611_1_9;I;11600;1240;0;13200;2440;2700
Q240060611_1;Q240060611_1_10;J;12200;0;0;13200;1200;2700
Q240060611_2;Q240060611_2_1;A;0;0;0;2600;1200;2935
Q240060611_2;Q240060611_2_2;B;0;1200;0;2600;2400;2935
Q240060611_2;Q240060611_2_3;C;2600;1240;0;5200;2440;2935
Q240060611_2;Q240060611_2_4;D;2600;0;0;5200;1200;2935
Q240060611_2;Q240060611_2_5;E;5200;0;0;6200;1200;2700
Q240060611_2;Q240060611_2_6;F;5200;1240;0;7800;2440;2935
Q240060611_2;Q240060611_2_7;G;6200;0;0;7800;1200;2700
Q240060611_2;Q240060611_2_8;H;7800;1240;0;10400;2440;2935
Q240060611_2;Q240060611_2_9;I;7800;0;0;9400;1200;2700
Q240060611_2;Q240060611_2_10;J;9400;0;0;11000;1200;2700
Q240060611_2;Q240060611_2_11;K;10400;1240;0;12000;2440;2700
Q240060611_2;Q240060611_2_12;L;11000;0;0;12600;1200;2700
Q240060611_2;Q240060611_2_13;M;12000;1240;0;13000;2440;2700
Q240060611_2;Q240060611_2_14;N;12600;0;0;13170;780;1771
Q240060611_3;Q240060611_3_1;A;0;0;0;3200;1200;2320
Q240060611_3;Q240060611_3_2;B;0;1240;0;3200;2440;2320
Q240060611_3;Q240060611_3_3;C;3200;1240;0;6400;2440;2320
Q240060611_3;Q240060611_3_4;D;3200;0;0;4800;1200;2700
Q240060611_3;Q240060611_3_5;E;4800;0;0;5800;1200;2700
Q240060611_3;Q240060611_3_6;F;5800;0;0;6800;1200;2700
Q240060611_3;Q240060611_3_7;G;6400;1240;0;7400;2440;2700
Q240060611_3;Q240060611_3_8;H;6800;0;0;7810;1206;1185
Q240060611_3;Q240060611_3_9;I;7400;1240;0;8400;2440;2700
Q240060611_3;Q240060611_3_10;J;7810;0;0;10210;1200;1430
Q240060611_3;Q240060611_3_11;K;8400;1240;0;9400;2440;2700
Q240060611_3;Q240060611_3_12;L;9400;1240;0;10400;2440;2700
Q240060611_3;Q240060611_3_13;M;10210;0;0;13410;1200;2320
Q240060611_3;Q240060611_3_14;N;10400;1240;0;12000;2440;2700
Q240060611_3;Q240060611_3_15;O;12000;1240;0;13000;2440;2520
Q240060611_4;Q240060611_4_1;A;0;0;0;1600;1200;930
Q240060611_4;Q240060611_4_2;B;0;1240;0;1000;2440;1815
Q240060611_4;Q240060611_4_3;C;1000;1660;0;1570;2440;478
Q240060611_4;Q240060611_4_4;D;1570;1240;0;4770;2440;2320
Q240060611_4;Q240060611_4_5;E;1600;0;0;4800;1200;1865
P210060603;P210060603_1;A;0;1240;0;3200;2440;2935
P210060603;P210060603_2;B;0;0;0;3200;1200;2935
P210060603;P210060603_3;C;3200;0;0;6400;1200;2935
P210060603;P210060603_4;D;3200;1240;0;6400;2440;2935
P210060603;P210060603_5;E;6400;1240;0;9000;2440;2935
P210060603;P210060603_6;F;6400;0;0;9000;1200;2935
P210060603;P210060603_7;G;9000;0;0;12200;1200;2935
P210060603;P210060603_8;H;9000;1240;0;12200;2440;2935
P210060603;P210060603_9;I;12200;1440;0;13400;2440;2700
P210060603;P210060603_10;J;12200;0;0;13400;1000;2700
P210060601;P210060601_1;A;0;1660;0;570;2440;478
P210060601;P210060601_2;B;0;0;0;2600;1200;2935
P210060601;P210060601_3;C;570;1240;0;2170;2440;2700
P210060601;P210060601_4;D;2170;1240;0;3170;2440;2700
P210060601;P210060601_5;E;2600;0;0;5200;1200;2935
P210060601;P210060601_6;F;3170;1240;0;6370;2440;2320
P210060601;P210060601_7;G;5200;0;0;7600;1200;1905
P210060601;P210060601_8;H;6370;1660;0;6940;2440;1771
P210060601;P210060601_9;I;6940;1240;0;8540;2440;2700
P210060601;P210060601_10;J;7600;0;0;10800;1200;2320
P210060601;P210060601_11;K;8540;1240;0;10140;2440;2700
P210060601;P210060601_12;L;10140;1240;0;13340;2440;2855
P210060601;P210060601_13;M;10800;0;0;12400;1200;2700
P210060601;P210060601_14;N;12400;0;0;13400;1200;930
P209060621;P209060621_1;A;0;0;0;3200;1200;2935
P209060621;P209060621_2;B;0;1240;0;2600;2440;2935
P209060621;P209060621_3;C;2600;1240;0;4200;2440;2700
P209060621;P209060621_4;D;3200;0;0;6400;1200;2855
P209060621;P209060621_5;E;4200;1240;0;7400;2440;2935
P209060621;P209060621_6;F;6400;0;0;9600;1200;2935
P209060621;P209060621_7;G;7400;1240;0;10000;2440;2935
P209060621;P209060621_8;H;9600;0;0;12200;1200;2935
P209060621;P209060621_9;I;10000;1240;0;13200;2440;2935
P209060621;P209060621_10;J;12200;0;0;13200;1200;2700
P209060617;P209060617_1;A;0;0;0;1000;1200;2700
P209060617;P209060617_2;B;0;1240;0;3200;2440;2320
P209060617;P209060617_3;C;1000;0;0;2600;1200;2700
P209060617;P209060617_4;D;2600;0;0;5200;1200;2935
P209060617;P209060617_5;E;3200;1240;0;4800;2440;2700
P209060617;P209060617_6;F;4800;1240;0;5800;2440;2700
P209060617;P209060617_7;G;5200;0;0;7600;1200;975
P209060617;P209060617_8;H;5800;1240;0;9000;2440;2855
P209060617;P209060617_9;I;7600;0;0;10800;1200;2935
P209060617;P209060617_10;J;9000;1240;0;12200;2440;2935
P209060617;P209060617_11;K;10800;0;0;13400;1200;2935
P209060617;P209060617_12;L;12200;1240;0;13200;2440;2700
P209060613;P209060613_1;A;0;1240;0;2600;2440;2935
P209060613;P209060613_2;B;0;0;0;2600;1200;2935
P209060613;P209060613_3;C;2600;0;0;5200;1200;2935
P209060613;P209060613_4;D;2600;1240;0;5800;2440;2320
P209060613;P209060613_5;E;5200;0;0;6800;1200;2700
P209060613;P209060613_6;F;5800;1240;0;9000;2440;2855
P209060613;P209060613_7;G;6800;0;0;8400;1200;2700
P209060613;P209060613_8;H;8400;0;0;10000;1200;2700
P209060613;P209060613_9;I;9000;1240;0;10000;2440;2700
P209060613;P209060613_10;J;10000;1660;0;10570;2440;1340
P209060613;P209060613_11;K;10000;0;0;13200;1200;2935
P209060613;P209060613_12;L;10570;1240;0;13170;2440;2935
P209060611;P209060611_1;A;0;0;0;2600;1200;2935
P209060611;P209060611_2;B;0;1240;0;2600;2440;2935
P209060611;P209060611_3;C;2600;1240;0;4200;2440;2700
P209060611;P209060611_4;D;2600;0;0;5800;1200;2855
P209060611;P209060611_5;E;4200;1240;0;7400;2440;2855
P209060611;P209060611_6;F;5800;0;0;6800;1200;2700
P209060611;P209060611_7;G;6800;0;0;9200;1200;2360
P209060611;P209060611_8;H;7400;1240;0;9000;2440;2700
P209060611;P209060611_9;I;9000;1240;0;10000;2440;2700
P209060611;P209060611_10;J;9200;0;0;12400;1200;2935
P209060611;P209060611_11;K;10000;1240;0;12600;2440;2935
P209060611;P209060611_12;L;12400;0;0;13400;1200;1815
P209060611;P209060611_13;M;12600;1660;0;13170;2440;478
P209060603;P209060603_1;A;0;1240;0;3200;2440;2855
P209060603;P209060603_2;B;0;0;0;1600;1200;2700
P209060603;P209060603_3;C;1600;0;0;4000;1200;975
P209060603;P209060603_4;D;3200;1240;0;6400;2440;2855
P209060603;P209060603_5;E;4000;0;0;7200;1200;2935
P209060603;P209060603_6;F;6400;1240;0;9600;2440;2935
P209060603;P209060603_7;G;7200;0;0;9800;1200;2935
P209060603;P209060603_8;H;9600;1240;0;12200;2440;2935
P209060603;P209060603_9;I;9800;0;0;12400;1200;2935
P209060603;P209060603_10;J;12200;1240;0;13200;2440;2700
P209060603;P209060603_11;K;12400;0;0;13400;1200;2700
P209060601;P209060601_1;A;0;1240;0;1600;2440;2700
P209060601;P209060601_2;B;0;0;0;1600;1200;2700
P209060601;P209060601_3;C;1600;0;0;3200;1200;2700
P209060601;P209060601_4;D;1600;1240;0;3200;2440;1815
P209060601;P209060601_5;E;3200;1240;0;4200;2440;2700
P209060601;P209060601_6;F;3200;0;0;4200;1200;930
P209060601;P209060601_7;G;4200;0;0;5400;2400;500
P209060601;P209060601_8;H;5400;1240;0;8600;2440;2935
P209060601;P209060601_9;I;5400;0;0;8000;1200;2935
P209060601;P209060601_10;J;8000;0;0;10600;1200;2935
P209060601;P209060601_11;K;8600;1240;0;11800;2440;2935
P209060601;P209060601_12;L;10600;0;0;13200;1200;2935
P209060601;P209060601_13;M;11800;1240;0;13400;2440;2700
Q209060601_1;Q209060601_1_1;A;0;0;0;3200;1200;2935
Q209060601_1;Q209060601_1_2;B;0;1240;0;1000;2440;2700
Q209060601_1;Q209060601_1_3;C;1000;1240;0;2600;2440;2700
Q209060601_1;Q209060601_1_4;D;2600;1240;0;5800;2440;2320
Q209060601_1;Q209060601_1_5;E;3200;0;0;4200;1200;2700
Q209060601_1;Q209060601_1_6;F;4200;0;0;7400;1200;2320
Q209060601_1;Q209060601_1_7;G;5800;1660;0;6370;2440;1771
Q209060601_1;Q209060601_1_8;H;6370;1240;0;7970;2440;2700
Q209060601_1;Q209060601_1_9;I;7400;0;0;9000;1200;2700
Q209060601_1;Q209060601_1_10;J;7970;1240;0;10570;2440;2935
Q209060601_1;Q209060601_1_11;K;9000;0;0;12200;1200;2855
Q209060601_1;Q209060601_1_12;L;10570;1240;0;13170;2440;2935
Q209060601_1;Q209060601_1_13;M;12200;0;0;13200;1200;2700
P208060621;P208060621_1;A;0;0;0;1600;1200;2700
P208060621;P208060621_2;B;0;1240;0;3200;2440;2855
P208060621;P208060621_3;C;1600;0;0;4200;1200;2935
P208060621;P208060621_4;D;3200;1240;0;6400;2440;2855
P208060621;P208060621_5;E;4200;0;0;5210;1206;2370
P208060621;P208060621_6;F;5210;0;0;6810;1200;2700
P208060621;P208060621_7;G;6400;1240;0;8800;2440;2835
P208060621;P208060621_8;H;6810;0;0;10010;1200;2935
P208060621;P208060621_9;I;8800;1240;0;11400;2440;2935
P208060621;P208060621_10;J;10010;0;0;13210;1200;2935
P208060621;P208060621_11;K;11400;1240;0;12400;2440;2700
P208060621;P208060621_12;L;12400;1240;0;13400;2440;2700
P208060617;P208060617_1;A;0;1240;0;1600;2440;2700
P208060617;P208060617_2;B;0;0;0;570;780;1771
P208060617;P208060617_3;C;570;0;0;3170;1200;2935
P208060617;P208060617_4;D;1600;1240;0;4800;2440;2935
P208060617;P208060617_5;E;3170;0;0;5770;1200;2935
P208060617;P208060617_6;F;4800;1240;0;8000;2440;2320
P208060617;P208060617_7;G;5770;0;0;7370;1200;2700
P208060617;P208060617_8;H;7370;0;0;10570;1200;2855
P208060617;P208060617_9;I;8000;1240;0;9000;2440;2700
P208060617;P208060617_10;J;9000;1240;0;12200;2440;2935
P208060617;P208060617_11;K;10570;0;0;13170;1200;2935
P208060617;P208060617_12;L;12200;1240;0;13200;2440;2700
P208060613;P208060613_1;A;0;1240;0;2600;2440;2935
P208060613;P208060613_2;B;0;0;0;1600;1200;2700
P208060613;P208060613_3;C;1600;0;0;4800;1200;2935
P208060613;P208060613_4;D;2600;1240;0;5800;2440;2855
P208060613;P208060613_5;E;4800;0;0;8000;1200;2855
P208060613;P208060613_6;F;5800;1240;0;7400;2440;2700
P208060613;P208060613_7;G;7400;1240;0;10600;2440;2855
P208060613;P208060613_8;H;8000;0;0;9000;1200;2700
P208060613;P208060613_9;I;9000;0;0;10600;1200;2700
P208060613;P208060613_10;J;10600;0;0;11600;1200;2520
P208060613;P208060613_11;K;10600;1240;0;13200;2440;2935
P208060613;P208060613_12;L;11600;0;0;13200;1200;2700
P208060611;P208060611_1;A;0;1660;0;570;2440;1771
P208060611;P208060611_2;B;0;0;0;1000;1200;2700
P208060611;P208060611_3;C;570;1240;0;3170;2440;2935
P208060611;P208060611_4;D;1000;0;0;4200;1200;2935
P208060611;P208060611_5;E;3170;1240;0;5570;2440;975
P208060611;P208060611_6;F;4200;0;0;7400;1200;2855
P208060611;P208060611_7;G;5570;1240;0;7170;2440;2700
P208060611;P208060611_8;H;7170;1240;0;10370;2440;2935
P208060611;P208060611_9;I;7400;0;0;10600;1200;2855
P208060611;P208060611_10;J;10370;1240;0;12970;2440;2935
P208060611;P208060611_11;K;10600;0;0;11600;1200;2700
P208060611;P208060611_12;L;11600;0;0;13200;1200;2700
P208060603;P208060603_1;A;0;1240;0;2600;2440;2935
P208060603;P208060603_2;B;0;0;0;3200;1200;2855
P208060603;P208060603_3;C;2600;1240;0;5800;2440;2935
P208060603;P208060603_4;D;3200;0;0;4200;1200;2700
P208060603;P208060603_5;E;4200;0;0;7400;1200;2855
P208060603;P208060603_6;F;5800;1240;0;8200;2440;2360
P208060603;P208060603_7;G;7400;0;0;10000;1200;2935
P208060603;P208060603_8;H;8200;1240;0;10800;2440;2935
P208060603;P208060603_9;I;10000;0;0;13200;1200;2935
P208060603;P208060603_10;J;10800;1240;0;13400;2440;2935
P208060601;P208060601_1;A;0;1240;0;3200;2440;2855
P208060601;P208060601_2;B;0;0;0;3200;1200;2935
P208060601;P208060601_3;C;3200;0;0;6400;1200;2935
P208060601;P208060601_4;D;3200;1240;0;4800;2440;2700
P208060601;P208060601_5;E;4800;1240;0;5800;2440;2700
P208060601;P208060601_6;F;5800;1240;0;7400;2440;2700
P208060601;P208060601_7;G;6400;0;0;8000;1200;2700
P208060601;P208060601_8;H;7400;1240;0;10000;2440;2935
P208060601;P208060601_9;I;8000;0;0;10600;1200;2935
P208060601;P208060601_10;J;10000;1240;0;13200;2440;2320
P208060601;P208060601_11;K;10600;0;0;11600;1200;2700
P208060601;P208060601_12;L;11600;0;0;13200;1200;2700
P207060621;P207060621_1;A;0;0;0;3200;1200;2855
P207060621;P207060621_2;B;0;1240;0;1000;2440;2700
P207060621;P207060621_3;C;1000;1240;0;3400;2440;1905
P207060621;P207060621_4;D;3200;0;0;3770;780;1771
P207060621;P207060621_5;E;3400;1240;0;4400;2440;2700
P207060621;P207060621_6;F;3770;0;0;4770;1200;2700
P207060621;P207060621_7;G;4400;1240;0;6000;2440;2700
P207060621;P207060621_8;H;4770;0;0;7970;1200;2935
P207060621;P207060621_9;I;6000;1240;0;7600;2440;2700
P207060621;P207060621_10;J;7600;1240;0;10200;2440;2935
P207060621;P207060621_11;K;7970;0;0;11170;1200;2855
P207060621;P207060621_12;L;10200;1240;0;13400;2440;2935
P207060621;P207060621_13;M;11170;0;0;12170;1200;2700
P207060621;P207060621_14;N;12170;0;0;13170;1200;2700
P207060617;P207060617_1;A;0;1240;0;3200;2440;2855
P207060617;P207060617_2;B;0;0;0;3200;1200;2935
P207060617;P207060617_3;C;3200;0;0;6400;1200;2855
P207060617;P207060617_4;D;3200;1240;0;5800;2440;2935
P207060617;P207060617_5;E;5800;1240;0;9000;2440;2935
P207060617;P207060617_6;F;6400;0;0;8000;1200;2700
P207060617;P207060617_7;G;8000;0;0;10600;1200;2935
P207060617;P207060617_8;H;9000;1240;0;11600;2440;2935
P207060617;P207060617_9;I;10600;0;0;13200;1200;2935
P207060617;P207060617_10;J;11600;1240;0;13200;2440;2700
P207060613;P207060613_1;A;0;1240;0;3200;2440;2320
P207060613;P207060613_2;B;0;0;0;1000;1200;2700
P207060613;P207060613_3;C;1000;0;0;4200;1200;2855
P207060613;P207060613_4;D;3200;1240;0;5800;2440;2935
P207060613;P207060613_5;E;4200;0;0;6600;1200;2835
P207060613;P207060613_6;F;5800;1240;0;9000;2440;2935
P207060613;P207060613_7;G;6600;0;0;9200;1200;2935
P207060613;P207060613_8;H;9000;1240;0;12200;2440;2935
P207060613;P207060613_9;I;9200;0;0;10800;1200;2700
P207060613;P207060613_10;J;10800;0;0;12400;1200;2700
P207060613;P207060613_11;K;12200;1240;0;13200;2440;2700
P207060613;P207060613_12;L;12400;0;0;12970;780;1771
P207060611;P207060611_1;A;0;1240;0;3200;2440;2855
P207060611;P207060611_2;B;0;0;0;2600;1200;2935
P207060611;P207060611_3;C;2600;0;0;5800;1200;2855
P207060611;P207060611_4;D;3200;1240;0;4800;2440;2700
P207060611;P207060611_5;E;4800;1240;0;8000;2440;2935
P207060611;P207060611_6;F;5800;0;0;6800;1200;2700
P207060611;P207060611_7;G;6800;0;0;10000;1200;2855
P207060611;P207060611_8;H;8000;1240;0;10600;2440;2935
P207060611;P207060611_9;I;10000;0;0;11600;1200;2700
P207060611;P207060611_10;J;10600;1240;0;11600;2440;2700
P207060611;P207060611_11;K;11600;0;0;13200;1200;2700
P207060611;P207060611_12;L;11600;1240;0;12600;2440;2700
P207060603;P207060603_1;A;0;0;0;3200;1200;2935
P207060603;P207060603_2;B;0;1240;0;2600;2440;2935
P207060603;P207060603_3;C;2600;1240;0;5200;2440;2935
P207060603;P207060603_4;D;3200;0;0;6400;1200;2855
P207060603;P207060603_5;E;5200;1240;0;8400;2440;2855
P207060603;P207060603_6;F;6400;0;0;8000;1200;2700
P207060603;P207060603_7;G;8000;0;0;10600;1200;2935
P207060603;P207060603_8;H;8400;1240;0;11000;2440;2935
P207060603;P207060603_9;I;10600;0;0;13200;1200;2935
P207060603;P207060603_10;J;11000;1240;0;12600;2440;2700
P207060603;P207060603_11;K;12600;1660;0;13170;2440;1771
P207060601;P207060601_1;A;0;1660;0;570;2440;478
P207060601;P207060601_2;B;0;0;0;2600;1200;2935
P207060601;P207060601_3;C;570;1240;0;3170;2440;2935
P207060601;P207060601_4;D;2600;0;0;5800;1200;2935
P207060601;P207060601_5;E;3170;1240;0;6370;2440;2935
P207060601;P207060601_6;F;5800;0;0;9000;1200;2935
P207060601;P207060601_7;G;6370;1240;0;9570;2440;2935
P207060601;P207060601_8;H;9000;0;0;11400;1200;2835
P207060601;P207060601_9;I;9570;1240;0;10570;2440;2700
P207060601;P207060601_10;J;10570;1240;0;12170;2440;2700
P207060601;P207060601_11;K;11400;0;0;12400;1200;2700
P207060601;P207060601_12;L;12170;1234;0;13180;2440;1185
P207060601;P207060601_13;M;12400;0;0;13400;1200;2700
P206060621;P206060621_1;A;0;0;0;1600;1200;2700
P206060621;P206060621_2;B;0;1240;0;3200;2440;2320
P206060621;P206060621_3;C;1600;0;0;4800;1200;2320
P206060621;P206060621_4;D;3200;1240;0;6400;2440;2855
P206060621;P206060621_5;E;4800;0;0;5800;1200;2700
P206060621;P206060621_6;F;5800;0;0;6370;780;1771
P206060621;P206060621_7;G;6370;0;0;8770;1200;500
P206060621;P206060621_8;H;6400;1240;0;9600;2440;2935
P206060621;P206060621_9;I;8770;0;0;11370;1200;2935
P206060621;P206060621_10;J;9600;1240;0;12200;2440;2935
P206060621;P206060621_11;K;11370;0;0;12370;1200;2700
P206060621;P206060621_12;L;12200;1240;0;13200;2440;2700
P206060621;P206060621_13;M;12370;0;0;13370;1200;2700
P206060617;P206060617_1;A;0;0;0;2600;1200;2935
P206060617;P206060617_2;B;0;1240;0;1600;2440;2700
P206060617;P206060617_3;C;1600;1240;0;4800;2440;2855
P206060617;P206060617_4;D;2600;0;0;5800;1200;2935
P206060617;P206060617_5;E;4800;1240;0;8000;2440;2935
P206060617;P206060617_6;F;5800;0;0;9000;1200;2935
P206060617;P206060617_7;G;8000;1240;0;10600;2440;2935
P206060617;P206060617_8;H;9000;0;0;11600;1200;2935
P206060617;P206060617_9;I;10600;1240;0;13200;2440;2935
P206060617;P206060617_10;J;11600;0;0;13200;1200;2700
P206060613;P206060613_1;A;0;1240;0;1600;2440;2700
P206060613;P206060613_2;B;0;0;0;3200;1200;2320
P206060613;P206060613_3;C;1600;1234;0;2610;2440;1185
P206060613;P206060613_4;D;2610;1240;0;4210;2440;2700
P206060613;P206060613_5;E;3200;0;0;6400;1200;2855
P206060613;P206060613_6;F;4210;1240;0;7410;2440;2935
P206060613;P206060613_7;G;6400;0;0;9000;1200;2935
P206060613;P206060613_8;H;7410;1240;0;10610;2440;2935
P206060613;P206060613_9;I;9000;0;0;11600;1200;2935
P206060613;P206060613_10;J;10610;1240;0;13210;2440;2935
P206060613;P206060613_11;K;11600;0;0;13200;1200;2700
P206060611;P206060611_1;A;0;1240;0;1600;2440;2700
P206060611;P206060611_2;B;0;0;0;1000;1200;2700
P206060611;P206060611_3;C;1000;0;0;1570;780;1340
P206060611;P206060611_4;D;1570;0;0;4170;1200;2935
P206060611;P206060611_5;E;1600;1240;0;4800;2440;2320
P206060611;P206060611_6;F;4170;0;0;6570;1200;2835
P206060611;P206060611_7;G;4800;1240;0;5800;2440;2700
P206060611;P206060611_8;H;5800;1240;0;9000;2440;2855
P206060611;P206060611_9;I;6570;0;0;7570;1200;2700
P206060611;P206060611_10;J;7570;0;0;10770;1200;2935
P206060611;P206060611_11;K;9000;1240;0;12200;2440;2935
P206060611;P206060611_12;L;10770;0;0;13370;1200;2935
P206060611;P206060611_13;M;12200;1240;0;13200;2440;2700
P206060603;P206060603_1;A;0;0;0;2600;1200;2935
P206060603;P206060603_2;B;0;1240;0;1600;2440;2700
P206060603;P206060603_3;C;1600;1240;0;4800;2440;2320
P206060603;P206060603_4;D;2600;0;0;5800;1200;2855
P206060603;P206060603_5;E;4800;1240;0;6400;2440;2700
P206060603;P206060603_6;F;5800;0;0;6800;1200;2700
P206060603;P206060603_7;G;6400;1240;0;9600;2440;2935
P206060603;P206060603_8;H;6800;0;0;9400;1200;2935
P206060603;P206060603_9;I;9400;0;0;12000;1200;2935
P206060603;P206060603_10;J;9600;1240;0;12200;2440;2935
P206060603;P206060603_11;K;12000;0;0;13000;1200;2700
P206060603;P206060603_12;L;12200;1240;0;13200;2440;2700
P206060601;P206060601_1;A;0;1240;0;1600;2440;2700
P206060601;P206060601_2;B;0;0;0;3200;1200;500
P206060601;P206060601_3;C;1600;1240;0;3200;2440;2700
P206060601;P206060601_4;D;3200;0;0;4800;1200;2700
P206060601;P206060601_5;E;3200;1240;0;4800;2440;1815
P206060601;P206060601_6;F;4800;1240;0;6400;2440;2700
P206060601;P206060601_7;G;4800;0;0;6400;1200;1815
P206060601;P206060601_8;H;6400;0;0;7600;2400;1410
P206060601;P206060601_9;I;7600;1240;0;8600;2440;2700
P206060601;P206060601_10;J;7600;0;0;8600;1200;930
P206060601;P206060601_11;K;8600;0;0;11800;1200;2320
P206060601;P206060601_12;L;8600;1240;0;10200;2440;2700
P206060601;P206060601_13;M;10200;1240;0;13400;2440;2855
P206060601;P206060601_14;N;11800;0;0;13400;1200;2700
Q206060601_1;Q206060601_1_1;A;0;0;0;1600;1200;2700
Q206060601_1;Q206060601_1_2;B;0;1240;0;3200;2440;2935
Q206060601_1;Q206060601_1_3;C;1600;0;0;4800;1200;2935
Q206060601_1;Q206060601_1_4;D;3200;1240;0;6400;2440;2935
Q206060601_1;Q206060601_1_5;E;4800;0;0;7400;1200;2935
Q206060601_1;Q206060601_1_6;F;6400;1240;0;9000;2440;2935
Q206060601_1;Q206060601_1_7;G;7400;0;0;10600;1200;2935
Q206060601_1;Q206060601_1_8;H;9000;1240;0;12200;2440;2935
Q206060601_1;Q206060601_1_9;I;10600;0;0;13200;1200;2935
Q206060601_1;Q206060601_1_10;J;12200;1240;0;13200;2440;2700
Q206060601_2;Q206060601_2_1;A;0;1240;0;1600;2440;2700
Q206060601_2;Q206060601_2_2;B;0;0;0;2400;1200;975
Q206060601_2;Q206060601_2_3;C;1600;1240;0;4800;2440;2320
Q206060601_2;Q206060601_2_4;D;2400;0;0;3400;1200;2700
Q206060601_2;Q206060601_2_5;E;3400;0;0;6000;1200;2935
Q206060601_2;Q206060601_2_6;F;4800;1240;0;6400;2440;2700
Q206060601_2;Q206060601_2_7;G;6000;0;0;6570;780;1771
Q206060601_2;Q206060601_2_8;H;6400;840;0;7600;2440;2700
Q206060601_2;Q206060601_2_9;I;6570;0;0;7140;780;478
Q206060601_2;Q206060601_2_10;J;7600;0;0;10800;1200;2320
Q206060601_2;Q206060601_2_11;K;7600;1240;0;10800;2440;2935
Q206060601_2;Q206060601_2_12;L;10800;1240;0;13400;2440;2935
Q206060601_2;Q206060601_2_13;M;10800;0;0;13400;1200;2935
P205060621;P205060621_1;A;0;0;0;3200;1200;2935
P205060621;P205060621_2;B;0;1240;0;2600;2440;2935
P205060621;P205060621_3;C;2600;1240;0;5800;2440;2320
P205060621;P205060621_4;D;3200;0;0;4800;1200;2700
P205060621;P205060621_5;E;4800;0;0;5800;1200;2700
P205060621;P205060621_6;F;5800;1240;0;6800;2440;2700
P205060621;P205060621_7;G;5800;0;0;8200;1200;2360
P205060621;P205060621_8;H;6800;1240;0;10000;2440;2935
P205060621;P205060621_9;I;8200;0;0;10800;1200;2935
P205060621;P205060621_10;J;10000;1240;0;13200;2440;2935
P205060621;P205060621_11;K;10800;0;0;13400;1200;2935
P205060617;P205060617_1;A;0;1240;0;1600;2440;2700
P205060617;P205060617_2;B;0;0;0;1000;1200;2700
P205060617;P205060617_3;C;1000;0;0;4200;1200;2855
P205060617;P205060617_4;D;1600;1240;0;2600;2440;2700
P205060617;P205060617_5;E;2600;1660;0;3170;2440;1340
P205060617;P205060617_6;F;3170;1240;0;4770;2440;2700
P205060617;P205060617_7;G;4200;0;0;5200;1200;2700
P205060617;P205060617_8;H;4770;1240;0;6370;2440;2700
P205060617;P205060617_9;I;5200;0;0;6800;1200;2700
P205060617;P205060617_10;J;6370;1240;0;9570;2440;2320
P205060617;P205060617_11;K;6800;0;0;9400;1200;2935
P205060617;P205060617_12;L;9400;0;0;12000;1200;2935
P205060617;P205060617_13;M;9570;1240;0;12770;2440;2855
P205060617;P205060617_14;N;12000;0;0;13000;1200;2700
Q205060617_1;Q205060617_1_1;A;0;0;0;1200;2400;975
Q205060617_1;Q205060617_1_2;B;1200;1240;0;4400;2440;2935
Q205060617_1;Q205060617_1_3;C;1200;0;0;4400;1200;2935
Q205060617_1;Q205060617_1_4;D;4400;0;0;7600;1200;2935
Q205060617_1;Q205060617_1_5;E;4400;1240;0;7000;2440;2935
Q205060617_1;Q205060617_1_6;F;7000;1240;0;9600;2440;2935
Q205060617_1;Q205060617_1_7;G;7600;0;0;8610;1206;1185
Q205060617_1;Q205060617_1_8;H;8610;0;0;11810;1200;2935
Q205060617_1;Q205060617_1_9;I;9600;1240;0;12800;2440;2935
Q205060617_1;Q205060617_1_10;J;11810;0;0;13410;1200;2700
P205060613;P205060613_1;A;0;0;0;2600;1200;2935
P205060613;P205060613_2;B;0;1240;0;3200;2440;2320
P205060613;P205060613_3;C;2600;0;0;5800;1200;2855
P205060613;P205060613_4;D;3200;1240;0;4800;2440;2700
P205060613;P205060613_5;E;4800;1240;0;5800;2440;2700
P205060613;P205060613_6;F;5800;1240;0;9000;2440;2935
P205060613;P205060613_7;G;5800;0;0;8400;1200;2935
P205060613;P205060613_8;H;8400;0;0;11000;1200;2935
P205060613;P205060613_9;I;9000;1240;0;12200;2440;2935
P205060613;P205060613_10;J;11000;0;0;12600;1200;2700
P205060613;P205060613_11;K;12200;1240;0;13200;2440;2700
P205060613;P205060613_12;L;12600;0;0;13170;780;909
P205060611;P205060611_1;A;0;0;0;1200;2400;1905
P205060611;P205060611_2;B;1200;1240;0;3800;2440;2935
P205060611;P205060611_3;C;1200;0;0;4400;1200;2855
P205060611;P205060611_4;D;3800;1240;0;5400;2440;1815
P205060611;P205060611_5;E;4400;0;0;5400;1200;2520
P205060611;P205060611_6;F;5400;0;0;8600;1200;2320
P205060611;P205060611_7;G;5400;1240;0;7000;2440;1815
P205060611;P205060611_8;H;7000;1240;0;8000;2440;1815
P205060611;P205060611_9;I;8000;1240;0;10600;2440;2935
P205060611;P205060611_10;J;8600;0;0;11800;1200;2935
P205060611;P205060611_11;K;10600;1240;0;13200;2440;2935
P205060611;P205060611_12;L;11800;0;0;13400;1200;1815
Q205060611_1;Q205060611_1_1;A;0;0;0;1000;1200;1815
Q205060611_1;Q205060611_1_2;B;0;1660;0;570;2440;909
Q205060611_1;Q205060611_1_3;C;570;1240;0;1570;2440;1815
Q205060611_1;Q205060611_1_4;D;1000;0;0;2600;1200;1815
Q205060611_1;Q205060611_1_5;E;1570;1240;0;4770;2440;2320
Q205060611_1;Q205060611_1_6;F;2600;0;0;5000;1200;975
Q205060611_1;Q205060611_1_7;G;4770;1240;0;7970;2440;2935
Q205060611_1;Q205060611_1_8;H;5000;0;0;6600;1200;1815
Q205060611_1;Q205060611_1_9;I;6600;0;0;7600;1200;930
Q205060611_1;Q205060611_1_10;J;7600;0;0;9200;1200;930
Q205060611_1;Q205060611_1_11;K;7970;1240;0;11170;2440;500
P240065911;P240065911_1;A;0;0;0;1600;1200;2700
P240065911;P240065911_2;B;0;1240;0;1900;2440;2955
P240065911;P240065911_3;C;1600;0;0;3200;1200;2700
P240065911;P240065911_4;D;1900;1240;0;3500;2440;2700
P240065911;P240065911_5;E;3200;0;0;4800;1200;2700
P240065911;P240065911_6;F;3500;1240;0;5100;2440;2700
P240065911;P240065911_7;G;4800;0;0;6400;1200;2700
P240065911;P240065911_8;H;5100;1240;0;6700;2440;2700
P240065911;P240065911_9;I;6400;0;0;8000;1200;2700
P240065911;P240065911_10;J;6700;1240;0;8300;2440;2700
P240065911;P240065911_11;K;8000;0;0;9010;1206;2362
P240065911;P240065911_12;L;8300;1240;0;9300;2440;2835
P240065911;P240065911_13;M;9010;0;0;10610;1200;2700
P240065911;P240065911_14;N;9300;1240;0;10900;2440;2700
P240065911;P240065911_15;O;10610;0;0;12210;1200;2865
P240065911;P240065911_16;P;10900;1240;0;12500;2440;2865
P240065911;P240065911_17;Q;12210;0;0;13210;1200;2700
P240065911;P240065911_18;R;12500;1240;0;13500;2440;2700
Q240065911_1;Q240065911_1_1;A;0;1240;0;1600;2440;2865
Q240065911_1;Q240065911_1_2;B;0;0;0;1600;1200;2865
Q240065911_1;Q240065911_1_3;C;1600;0;0;3200;1200;2865
Q240065911_1;Q240065911_1_4;D;1600;1240;0;3200;2440;2865
Q240065911_1;Q240065911_1_5;E;3200;1240;0;4800;2440;2865
Q240065911_1;Q240065911_1_6;F;3200;0;0;4800;1200;2865
Q240065911_1;Q240065911_1_7;G;4800;0;0;6400;1200;2865
Q240065911_1;Q240065911_1_8;H;4800;1240;0;6400;2440;2865
Q240065911_1;Q240065911_1_9;I;6400;1240;0;8000;2440;2700
Q240065911_1;Q240065911_1_10;J;6400;0;0;8000;1200;2700
Q240065911_1;Q240065911_1_11;K;8000;0;0;9600;1200;2700
Q240065911_1;Q240065911_1_12;L;8000;1240;0;9600;2440;2700
Q240065911_1;Q240065911_1_13;M;9600;1240;0;10600;2440;2700
Q240065911_1;Q240065911_1_14;N;9600;0;0;10600;1200;2700
Q240065911_1;Q240065911_1_15;O;10600;0;0;11600;1200;2700
Q240065911_1;Q240065911_1_16;P;10600;1240;0;12200;2440;2700
Q240065911_1;Q240065911_1_17;Q;11600;0;0;13200;1200;2700
P210065901;P210065901_1;A;0;1258;0;1820;2440;2290
P210065901;P210065901_2;B;0;0;0;1600;1200;2700
P210065901;P210065901_3;C;1600;0;0;3200;1200;2700
P210065901;P210065901_4;D;1820;1234;0;2830;2440;1181
P210065901;P210065901_5;E;2830;1240;0;4430;2440;2700
P210065901;P210065901_6;F;3200;0;0;4800;1200;2700
P210065901;P210065901_7;G;4430;1240;0;6030;2440;2700
P210065901;P210065901_8;H;4800;0;0;6400;1200;2700
P210065901;P210065901_9;I;6030;1240;0;7630;2440;2865
P210065901;P210065901_10;J;6400;0;0;8000;1200;2865
P210065901;P210065901_11;K;7630;1240;0;9230;2440;2865
P210065901;P210065901_12;L;8000;0;0;9600;1200;2865
P210065901;P210065901_13;M;9230;1240;0;10830;2440;2865
P210065901;P210065901_14;N;9600;0;0;11200;1200;2865
P210065901;P210065901_15;O;10830;1240;0;12430;2440;2865
P210065901;P210065901_16;P;11200;0;0;12200;1200;2745
P210065901;P210065901_17;Q;12200;0;0;13200;1200;2700
P210065901;P210065901_18;R;12430;1240;0;13430;2440;2700
P209065917;P209065917_1;A;0;1240;0;1600;2440;2700
P209065917;P209065917_2;B;0;0;0;1600;1200;2700
P209065917;P209065917_3;C;1600;0;0;3200;1200;2700
P209065917;P209065917_4;D;1600;1240;0;3200;2440;2700
P209065917;P209065917_5;E;3200;1240;0;4800;2440;2700
P209065917;P209065917_6;F;3200;0;0;4800;1200;2700
P209065917;P209065917_7;G;4800;0;0;6400;1200;2700
P209065917;P209065917_8;H;4800;1240;0;6400;2440;2700
P209065917;P209065917_9;I;6400;1240;0;8000;2440;2700
P209065917;P209065917_10;J;6400;0;0;8000;1200;2700
P209065917;P209065917_11;K;8000;0;0;9600;1200;2700
P209065917;P209065917_12;L;8000;1240;0;9600;2440;2700
P209065917;P209065917_13;M;9600;1240;0;11200;2440;2700
P209065917;P209065917_14;N;9600;0;0;11200;1200;2700
P209065917;P209065917_15;O;11200;0;0;12800;1200;2700
P209065917;P209065917_16;P;11200;1240;0;12800;2440;2700
P209065915;P209065915_1;A;0;1240;0;1600;2440;2700
P209065915;P209065915_2;B;0;0;0;1600;1200;2700
P209065915;P209065915_3;C;1600;0;0;3200;1200;2700
P209065915;P209065915_4;D;1600;1240;0;3200;2440;2700
P209065915;P209065915_5;E;3200;1240;0;4800;2440;2700
P209065915;P209065915_6;F;3200;0;0;4800;1200;2700
P209065915;P209065915_7;G;4800;0;0;5800;1200;2700
P209065915;P209065915_8;H;4800;1240;0;5800;2440;2700
P209065915;P209065915_9;I;5800;1240;0;7400;2440;2700
P209065915;P209065915_10;J;5800;0;0;7400;1200;2700
P209065915;P209065915_11;K;7400;0;0;9000;1200;2865
P209065915;P209065915_12;L;7400;1240;0;9000;2440;2865
P209065915;P209065915_13;M;9000;1240;0;10600;2440;2865
P209065915;P209065915_14;N;9000;0;0;10600;1200;2700
P209065915;P209065915_15;O;10600;0;0;11610;1206;1181
P209065915;P209065915_16;P;10600;1240;0;12200;2440;2700
P209065915;P209065915_17;Q;11610;0;0;13210;1200;2700
P209065915;P209065915_18;R;12200;1240;0;13200;2440;2835
P209065913;P209065913_1;A;0;0;0;1600;1200;2700
P209065913;P209065913_2;B;0;1240;0;1900;2440;1500
P209065913;P209065913_3;C;1600;0;0;3200;1200;2700
P209065913;P209065913_4;D;1900;1240;0;3500;2440;2700
P209065913;P209065913_5;E;3200;0;0;4800;1200;2700
P209065913;P209065913_6;F;3500;1240;0;5100;2440;2700
P209065913;P209065913_7;G;4800;0;0;6400;1200;2700
P209065913;P209065913_8;H;5100;1240;0;6700;2440;2865
P209065913;P209065913_9;I;6400;0;0;8000;1200;2865
P209065913;P209065913_10;J;6700;1240;0;8300;2440;2865
P209065913;P209065913_11;K;8000;0;0;9000;1200;2700
P209065913;P209065913_12;L;8300;1240;0;9900;2440;2700
P209065913;P209065913_13;M;9000;0;0;10600;1200;2700
P209065913;P209065913_14;N;9900;1240;0;11500;2440;2700
P209065913;P209065913_15;O;10600;0;0;11600;1200;2700
P209065913;P209065913_16;P;11500;1240;0;13100;2440;2865
P209065913;P209065913_17;Q;11600;0;0;13200;1200;2700
P209065907;P209065907_1;A;0;0;0;1600;1200;2700
P209065907;P209065907_2;B;0;1258;0;1820;2440;1160
P209065907;P209065907_3;C;1600;0;0;3200;1200;2700
P209065907;P209065907_4;D;1820;1240;0;3420;2440;2700
P209065907;P209065907_5;E;3200;0;0;4800;1200;2700
P209065907;P209065907_6;F;3420;1240;0;4420;2440;2790
P209065907;P209065907_7;G;4420;1240;0;6020;2440;2700
P209065907;P209065907_8;H;4800;0;0;6400;1200;2700
P209065907;P209065907_9;I;6020;1240;0;7620;2440;2865
P209065907;P209065907_10;J;6400;0;0;8000;1200;2865
P209065907;P209065907_11;K;7620;1240;0;9220;2440;2865
P209065907;P209065907_12;L;8000;0;0;9600;1200;2865
P209065907;P209065907_13;M;9220;1240;0;10820;2440;2700
P209065907;P209065907_14;N;9600;0;0;11200;1200;2700
P209065907;P209065907_15;O;10820;1240;0;12420;2440;2700
P209065907;P209065907_16;P;11200;0;0;12800;1200;2700
P209065907;P209065907_17;Q;12420;1240;0;13420;2440;2700
P209065901;P209065901_1;A;0;0;0;1900;1200;2955
P209065901;P209065901_2;B;0;1240;0;1600;2440;2700
P209065901;P209065901_3;C;1600;1240;0;3200;2440;2700
P209065901;P209065901_4;D;1900;0;0;2900;1200;2745
P209065901;P209065901_5;E;2900;0;0;4500;1200;2700
P209065901;P209065901_6;F;3200;1240;0;4200;2440;2700
P209065901;P209065901_7;G;4200;1258;0;6020;2440;1160
P209065901;P209065901_8;H;4500;0;0;6100;1200;2700
P209065901;P209065901_9;I;6020;1240;0;7620;2440;2865
P209065901;P209065901_10;J;6100;0;0;7700;1200;2865
P209065901;P209065901_11;K;7620;1240;0;9220;2440;2865
P209065901;P209065901_12;L;7700;0;0;9300;1200;2700
P209065901;P209065901_13;M;9220;1240;0;10820;2440;2865
P209065901;P209065901_14;N;9300;0;0;10900;1200;2700
P209065901;P209065901_15;O;10820;1240;0;12420;2440;2700
P209065901;P209065901_16;P;10900;0;0;12500;1200;2700
P209065901;P209065901_17;Q;12420;1240;0;13420;2440;2700
P209065901;P209065901_18;R;12500;0;0;13500;1200;2700
P208065917;P208065917_1;A;0;1240;0;1000;2440;2790
P208065917;P208065917_2;B;0;0;0;1600;1200;2700
P208065917;P208065917_3;C;1000;1240;0;2600;2440;2700
P208065917;P208065917_4;D;1600;0;0;3500;1200;2955
P208065917;P208065917_5;E;2600;1240;0;4200;2440;2700
P208065917;P208065917_6;F;3500;0;0;5100;1200;2700
P208065917;P208065917_7;G;4200;1240;0;5800;2440;2700
P208065917;P208065917_8;H;5100;0;0;6700;1200;2700
P208065917;P208065917_9;I;5800;1240;0;7400;2440;2700
P208065917;P208065917_10;J;6700;0;0;7700;1200;2700
P208065917;P208065917_11;K;7400;1240;0;9000;2440;2865
P208065917;P208065917_12;L;7700;0;0;9300;1200;2865
P208065917;P208065917_13;M;9000;1240;0;10600;2440;2865
P208065917;P208065917_14;N;9300;0;0;10900;1200;2700
P208065917;P208065917_15;O;10600;1234;0;11610;2440;2362
P208065917;P208065917_16;P;10900;0;0;12500;1200;2700
P208065917;P208065917_17;Q;11610;1240;0;13210;2440;2700
P208065917;P208065917_18;R;12500;0;0;13500;1200;2700
P208065913;P208065913_1;A;0;0;0;1600;1200;2700
P208065913;P208065913_2;B;0;1240;0;1600;2440;2700
P208065913;P208065913_3;C;1600;1240;0;3200;2440;2700
P208065913;P208065913_4;D;1600;0;0;3200;1200;2700
P208065913;P208065913_5;E;3200;0;0;4800;1200;2700
P208065913;P208065913_6;F;3200;1240;0;4200;2440;2700
P208065913;P208065913_7;G;4200;1240;0;5800;2440;2865
P208065913;P208065913_8;H;4800;0;0;6400;1200;2865
P208065913;P208065913_9;I;5800;1240;0;7400;2440;2700
P208065913;P208065913_10;J;6400;0;0;8000;1200;2865
P208065913;P208065913_11;K;7400;1240;0;9000;2440;2700
P208065913;P208065913_12;L;8000;0;0;9010;1206;1181
P208065913;P208065913_13;M;9000;1240;0;10600;2440;2865
P208065913;P208065913_14;N;9010;0;0;10610;1200;2865
P208065913;P208065913_15;O;10600;1240;0;12200;2440;2865
P208065913;P208065913_16;P;10610;0;0;12210;1200;2865
P208065913;P208065913_17;Q;12210;840;0;13410;2440;2700
P208065911;P208065911_1;A;0;1240;0;1900;2440;1500
P208065911;P208065911_2;B;0;0;0;1600;1200;2700
P208065911;P208065911_3;C;1600;0;0;3200;1200;2865
P208065911;P208065911_4;D;1900;1240;0;2900;2440;2700
P208065911;P208065911_5;E;2900;1240;0;3900;2440;2700
P208065911;P208065911_6;F;3200;0;0;4800;1200;2700
P208065911;P208065911_7;G;3900;1240;0;5500;2440;2700
P208065911;P208065911_8;H;4800;0;0;6400;1200;2700
P208065911;P208065911_9;I;5500;1240;0;7100;2440;2700
P208065911;P208065911_10;J;6400;0;0;8000;1200;2700
P208065911;P208065911_11;K;7100;1240;0;8700;2440;2700
P208065911;P208065911_12;L;8000;0;0;9600;1200;2700
P208065911;P208065911_13;M;8700;1240;0;10300;2440;2700
P208065911;P208065911_14;N;9600;0;0;10610;1206;1181
P208065911;P208065911_15;O;10300;1240;0;11900;2440;2700
P208065911;P208065911_16;P;10610;0;0;12210;1200;2700
P208065911;P208065911_17;Q;11900;1240;0;13500;2440;2340
P208065911;P208065911_18;R;12210;0;0;13210;1200;2745
P208065905;P208065905_1;A;0;1240;0;1600;2440;2520
P208065905;P208065905_2;B;0;0;0;1600;1200;2520
P208065905;P208065905_3;C;1600;0;0;3420;1182;1160
P208065905;P208065905_4;D;1600;1240;0;2600;2440;2700
P208065905;P208065905_5;E;2600;1240;0;3600;2440;2700
P208065905;P208065905_6;F;3420;0;0;5020;1200;2865
P208065905;P208065905_7;G;3600;1240;0;5200;2440;2865
P208065905;P208065905_8;H;5020;0;0;6620;1200;2865
P208065905;P208065905_9;I;5200;1240;0;6800;2440;2700
P208065905;P208065905_10;J;6620;0;0;8520;1200;1500
P208065905;P208065905_11;K;6800;1240;0;8400;2440;2700
P208065905;P208065905_12;L;8400;1240;0;9400;2440;2700
P208065905;P208065905_13;M;8520;0;0;9520;1200;1860
P208065905;P208065905_14;N;9400;1240;0;11000;2440;2700
P208065905;P208065905_15;O;9520;0;0;11120;1200;2865
P208065905;P208065905_16;P;11000;1234;0;12010;2440;2847
P208065905;P208065905_17;Q;11120;0;0;12130;1206;2847
P208065905;P208065905_18;R;12010;1234;0;13020;2440;2655
P208065905;P208065905_19;S;12130;0;0;13140;1206;2266
Q208065905_1;Q208065905_1_1;A;0;0;0;1010;1206;2847
Q208065905_1;Q208065905_1_2;B;0;1234;0;1010;2440;2847
Q208065905_1;Q208065905_1_3;C;1010;1234;0;2020;2440;2847
Q208065905_1;Q208065905_1_4;D;1010;0;0;2020;1206;2847
Q208065905_1;Q208065905_1_5;E;2020;0;0;3620;1200;2700
Q208065905_1;Q208065905_1_6;F;2020;1240;0;3620;2440;2700
Q208065905_1;Q208065905_1_7;G;3620;1240;0;5220;2440;2700
Q208065905_1;Q208065905_1_8;H;3620;0;0;5220;1200;2700
Q208065905_1;Q208065905_1_9;I;5220;0;0;6820;1200;2700
Q208065905_1;Q208065905_1_10;J;5220;1240;0;6820;2440;2700
Q208065905_1;Q208065905_1_11;K;6820;1240;0;8420;2440;2700
Q208065905_1;Q208065905_1_12;L;6820;0;0;8420;1200;2700
Q208065905_1;Q208065905_1_13;M;8420;0;0;10020;1200;2700
Q208065905_1;Q208065905_1_14;N;8420;1240;0;10020;2440;2700
Q208065905_1;Q208065905_1_15;O;10020;1240;0;11620;2440;2700
Q208065905_1;Q208065905_1_16;P;10020;0;0;11620;1200;2700
Q208065905_1;Q208065905_1_17;Q;11620;0;0;13220;1200;2700
Q208065905_1;Q208065905_1_18;R;11620;1240;0;13220;2440;2700
Q208065905_2;Q208065905_2_1;A;0;1240;0;1600;2440;2700
Q208065905_2;Q208065905_2_2;B;0;0;0;1600;1200;2700
Q208065905_2;Q208065905_2_3;C;1600;0;0;3200;1200;2700
Q208065905_2;Q208065905_2_4;D;1600;1240;0;3200;2440;2700
Q208065905_2;Q208065905_2_5;E;3200;1240;0;4800;2440;2700
Q208065905_2;Q208065905_2_6;F;3200;0;0;4800;1200;2700
Q208065905_2;Q208065905_2_7;G;4800;0;0;5800;1200;975
Q208065905_2;Q208065905_2_8;H;4800;1240;0;6400;2440;2700
Q208065905_2;Q208065905_2_9;I;5800;0;0;7400;1200;2865
Q208065905_2;Q208065905_2_10;J;6400;1240;0;8000;2440;2700
Q208065905_2;Q208065905_2_11;K;7400;0;0;8410;1206;2606
Q208065905_2;Q208065905_2_12;L;8000;1234;0;9010;2440;2362
Q208065905_2;Q208065905_2_13;M;8410;0;0;9420;1206;2170
Q208065905_2;Q208065905_2_14;N;9010;1234;0;10020;2440;2170
Q208065905_2;Q208065905_2_15;O;9420;0;0;10430;1206;2266
Q208065905_2;Q208065905_2_16;P;10020;1234;0;11030;2440;2362
Q208065905_2;Q208065905_2_17;Q;10430;0;0;11440;1206;2362
Q208065905_2;Q208065905_2_18;R;11030;1234;0;12040;2440;2362
Q208065905_2;Q208065905_2_19;S;11440;0;0;12450;1206;2362
Q208065905_2;Q208065905_2_20;T;12040;1234;0;13050;2440;2362
Q208065905_2;Q208065905_2_21;U;12450;0;0;13460;1206;2266
P208065901;P208065901_1;A;0;0;0;1600;1200;2700
P208065901;P208065901_2;B;0;1240;0;1600;2440;2700
P208065901;P208065901_3;C;1600;1240;0;3200;2440;2700
P208065901;P208065901_4;D;1600;0;0;3200;1200;2700
P208065901;P208065901_5;E;3200;0;0;4800;1200;2700
P208065901;P208065901_6;F;3200;1240;0;4800;2440;2700
P208065901;P208065901_7;G;4800;1240;0;6400;2440;2700
P208065901;P208065901_8;H;4800;0;0;6400;1200;2700
P208065901;P208065901_9;I;6400;0;0;8000;1200;2700
P208065901;P208065901_10;J;6400;1240;0;8000;2440;2700
P208065901;P208065901_11;K;8000;1240;0;9600;2440;2865
P208065901;P208065901_12;L;8000;0;0;9600;1200;2865
P208065901;P208065901_13;M;9600;0;0;11200;1200;2865
P208065901;P208065901_14;N;9600;1240;0;11200;2440;2865
P208065901;P208065901_15;O;11200;1240;0;12200;2440;2745
P208065901;P208065901_16;P;11200;0;0;12800;1200;2700
P208065901;P208065901_17;Q;12200;1240;0;13200;2440;2700
P207065915;P207065915_1;A;0;1240;0;1000;2440;2790
P207065915;P207065915_2;B;0;0;0;1010;1206;2362
P207065915;P207065915_3;C;1000;1240;0;2600;2440;2700
P207065915;P207065915_4;D;1010;0;0;2610;1200;2700
P207065915;P207065915_5;E;2600;1240;0;4500;2440;2955
P207065915;P207065915_6;F;2610;0;0;3610;1200;2700
P207065915;P207065915_7;G;3610;0;0;5210;1200;2865
P207065915;P207065915_8;H;4500;1240;0;6100;2440;2865
P207065915;P207065915_9;I;5210;0;0;6810;1200;2865
P207065915;P207065915_10;J;6100;1240;0;7700;2440;2700
P207065915;P207065915_11;K;6810;0;0;8410;1200;2700
P207065915;P207065915_12;L;7700;1240;0;9300;2440;2700
P207065915;P207065915_13;M;8410;0;0;10010;1200;2700
P207065915;P207065915_14;N;9300;1240;0;10900;2440;2700
P207065915;P207065915_15;O;10010;0;0;11610;1200;2700
P207065915;P207065915_16;P;10900;1240;0;12500;2440;2700
P207065915;P207065915_17;Q;11610;0;0;13210;1200;2700
P207065915;P207065915_18;R;12500;1240;0;13500;2440;2745
P207065913;P207065913_1;A;0;1258;0;1820;2440;1160
P207065913;P207065913_2;B;0;0;0;1600;1200;2700
P207065913;P207065913_3;C;1600;0;0;3200;1200;2700
P207065913;P207065913_4;D;1820;1240;0;3420;2440;2865
P207065913;P207065913_5;E;3200;0;0;4800;1200;2700
P207065913;P207065913_6;F;3420;1240;0;5020;2440;2700
P207065913;P207065913_7;G;4800;0;0;6400;1200;2700
P207065913;P207065913_8;H;5020;1240;0;6020;2440;2700
P207065913;P207065913_9;I;6020;1240;0;7020;2440;1860
P207065913;P207065913_10;J;6400;0;0;8000;1200;2700
P207065913;P207065913_11;K;7020;1240;0;8620;2440;2700
P207065913;P207065913_12;L;8000;0;0;9600;1200;2700
P207065913;P207065913_13;M;8620;1240;0;10220;2440;2865
P207065913;P207065913_14;N;9600;0;0;11200;1200;2865
P207065913;P207065913_15;O;10220;1240;0;11820;2440;2700
P207065913;P207065913_16;P;11200;0;0;12800;1200;2865
P207065913;P207065913_17;Q;11820;1240;0;13420;2440;2700
P207065911;P207065911_1;A;0;0;0;1600;1200;2700
P207065911;P207065911_2;B;0;1240;0;1600;2440;2700
P207065911;P207065911_3;C;1600;1240;0;2600;2440;2745
P207065911;P207065911_4;D;1600;0;0;3200;1200;2700
P207065911;P207065911_5;E;2600;1240;0;3600;2440;2700
P207065911;P207065911_6;F;3200;0;0;4200;1200;930
P207065911;P207065911_7;G;3600;1240;0;5200;2440;2865
P207065911;P207065911_8;H;4200;0;0;5800;1200;2700
P207065911;P207065911_9;I;5200;1240;0;6800;2440;2700
P207065911;P207065911_10;J;5800;0;0;7400;1200;2700
P207065911;P207065911_11;K;6800;1240;0;8400;2440;2700
P207065911;P207065911_12;L;7400;0;0;8410;1206;1181
P207065911;P207065911_13;M;8400;1240;0;10000;2440;2865
P207065911;P207065911_14;N;8410;0;0;10010;1200;2865
P207065911;P207065911_15;O;10000;1240;0;11600;2440;2865
P207065911;P207065911_16;P;10010;0;0;11610;1200;2700
P207065911;P207065911_17;Q;11600;1240;0;13200;2440;1815
P207065909;P207065909_1;A;0;0;0;1000;1200;2745
P207065909;P207065909_2;B;0;1240;0;1000;2440;930
P207065909;P207065909_3;C;1000;1240;0;2600;2440;2865
P207065909;P207065909_4;D;1000;0;0;2600;1200;2700
P207065909;P207065909_5;E;2600;0;0;4200;1200;2700
P207065909;P207065909_6;F;2600;1240;0;4200;2440;2700
P207065909;P207065909_7;G;4200;1240;0;5800;2440;2700
P207065909;P207065909_8;H;4200;0;0;5800;1200;1815
P207065905;P207065905_1;A;0;0;0;1900;1200;1500
P207065905;P207065905_2;B;0;1240;0;1600;2440;2700
P207065905;P207065905_3;C;1600;1240;0;3200;2440;2865
P207065905;P207065905_4;D;1900;0;0;3500;1200;2865
P207065905;P207065905_5;E;3200;1240;0;4800;2440;2160
P207065905;P207065905_6;F;3500;0;0;5100;1200;2700
P207065905;P207065905_7;G;4800;1240;0;5800;2440;2700
P207065905;P207065905_8;H;5100;0;0;6700;1200;930
P207065905;P207065905_9;I;5800;1234;0;6810;2440;2347
P207065905;P207065905_10;J;6700;0;0;8300;1200;2700
P207065905;P207065905_11;K;6810;1240;0;8410;2440;2700
P207065905;P207065905_12;L;8300;0;0;9900;1200;2700
P207065905;P207065905_13;M;8410;1240;0;10010;2440;2700
P207065905;P207065905_14;N;9900;0;0;11500;1200;2700
P207065905;P207065905_15;O;10010;1240;0;11610;2440;2700
P207065905;P207065905_16;P;11500;0;0;13100;1200;2700
P207065905;P207065905_17;Q;11610;1240;0;13210;2440;2700
Q207065905_1;Q207065905_1_1;A;0;0;0;1010;1206;2170
Q207065905_1;Q207065905_1_2;B;0;1234;0;1010;2440;2170
Q207065905_1;Q207065905_1_3;C;1010;1234;0;2020;2440;2170
Q207065905_1;Q207065905_1_4;D;1010;0;0;2020;1206;2170
Q207065905_1;Q207065905_1_5;E;2020;0;0;3620;1200;2700
Q207065905_1;Q207065905_1_6;F;2020;1240;0;3620;2440;2700
Q207065905_1;Q207065905_1_7;G;3620;1240;0;5220;2440;2700
Q207065905_1;Q207065905_1_8;H;3620;0;0;5220;1200;2700
Q207065905_1;Q207065905_1_9;I;5220;0;0;6820;1200;2700
Q207065905_1;Q207065905_1_10;J;5220;1240;0;6820;2440;2700
Q207065905_1;Q207065905_1_11;K;6820;1240;0;8420;2440;2700
Q207065905_1;Q207065905_1_12;L;6820;0;0;8420;1200;2700
Q207065905_1;Q207065905_1_13;M;8420;0;0;10020;1200;2700
Q207065905_1;Q207065905_1_14;N;8420;1240;0;10020;2440;2700
Q207065905_1;Q207065905_1_15;O;10020;1240;0;11620;2440;2700
Q207065905_1;Q207065905_1_16;P;10020;0;0;11620;1200;2700
Q207065905_1;Q207065905_1_17;Q;11620;0;0;13220;1200;2700
Q207065905_1;Q207065905_1_18;R;11620;1240;0;13220;2440;2700
Q207065905_2;Q207065905_2_1;A;0;1240;0;1600;2440;2700
Q207065905_2;Q207065905_2_2;B;0;0;0;1600;1200;2700
Q207065905_2;Q207065905_2_3;C;1600;0;0;3200;1200;2700
Q207065905_2;Q207065905_2_4;D;1600;1240;0;3200;2440;2700
Q207065905_2;Q207065905_2_5;E;3200;0;0;4800;1200;2700
Q207065905_2;Q207065905_2_6;F;3200;1240;0;4800;2440;2520
Q207065905_2;Q207065905_2_7;G;4800;1258;0;6620;2440;1160
Q207065905_2;Q207065905_2_8;H;4800;0;0;6400;1200;2700
Q207065905_2;Q207065905_2_9;I;6400;0;0;8000;1200;2700
Q207065905_2;Q207065905_2_10;J;6620;1240;0;8220;2440;2700
Q207065905_2;Q207065905_2_11;K;8000;0;0;9600;1200;2700
Q207065905_2;Q207065905_2_12;L;8220;1240;0;9820;2440;2700
Q207065905_2;Q207065905_2_13;M;9600;0;0;11200;1200;2700
Q207065905_2;Q207065905_2_14;N;9820;1240;0;11420;2440;2700
Q207065905_2;Q207065905_2_15;O;11200;0;0;12800;1200;2700
Q207065905_2;Q207065905_2_16;P;11420;1234;0;12430;2440;2170
Q207065905_2;Q207065905_2_17;Q;12430;1234;0;13440;2440;2362
P207065901;P207065901_1;A;0;0;0;1600;1200;2700
P207065901;P207065901_2;B;0;1240;0;1600;2440;2700
P207065901;P207065901_3;C;1600;1240;0;3200;2440;2700
P207065901;P207065901_4;D;1600;0;0;3200;1200;2700
P207065901;P207065901_5;E;3200;0;0;4800;1200;2700
P207065901;P207065901_6;F;3200;1240;0;4200;2440;2745
P207065901;P207065901_7;G;4200;1240;0;5200;2440;2700
P207065901;P207065901_8;H;4800;0;0;5800;1200;930
P207065901;P207065901_9;I;5200;1240;0;6800;2440;2865
P207065901;P207065901_10;J;5800;0;0;7400;1200;2865
P207065901;P207065901_11;K;6800;1240;0;8400;2440;2865
P207065901;P207065901_12;L;7400;0;0;9000;1200;2700
P207065901;P207065901_13;M;8400;1240;0;10000;2440;2700
P207065901;P207065901_14;N;9000;0;0;10600;1200;2700
P207065901;P207065901_15;O;10000;1240;0;11600;2440;2700
P207065901;P207065901_16;P;10600;0;0;11610;1206;1181
P207065901;P207065901_17;Q;11600;1240;0;13200;2440;2700
P207065901;P207065901_18;R;11610;0;0;13210;1200;2700
P206065917;P206065917_1;A;0;0;0;1600;1200;2700
P206065917;P206065917_2;B;0;1200;0;1600;2400;2700
P206065917;P206065917_3;C;1600;1240;0;2600;2440;2745
P206065917;P206065917_4;D;1600;0;0;3200;1200;2700
P206065917;P206065917_5;E;2600;1240;0;4200;2440;2700
P206065917;P206065917_6;F;3200;0;0;4200;1200;2745
P206065917;P206065917_7;G;4200;0;0;5800;1200;2700
P206065917;P206065917_8;H;4200;1240;0;5800;2440;2700
P206065917;P206065917_9;I;5800;1240;0;7400;2440;2700
P206065917;P206065917_10;J;5800;0;0;7400;1200;2520
P206065917;P206065917_11;K;7400;0;0;9000;1200;2865
P206065917;P206065917_12;L;7400;1240;0;9000;2440;2865
P206065917;P206065917_13;M;9000;1240;0;10900;2440;1500
P206065917;P206065917_14;N;9000;0;0;10600;1200;2160
P206065917;P206065917_15;O;10600;0;0;11600;1200;2700
P206065917;P206065917_16;P;10900;1240;0;11900;2440;1815
P206065913;P206065913_1;A;0;0;0;1600;1200;2700
P206065913;P206065913_2;B;0;1240;0;1600;2440;2700
P206065913;P206065913_3;C;1600;1240;0;3200;2440;2700
P206065913;P206065913_4;D;1600;0;0;3200;1200;2700
P206065913;P206065913_5;E;3200;0;0;4800;1200;2700
P206065913;P206065913_6;F;3200;1240;0;4800;2440;2700
P206065913;P206065913_7;G;4800;1240;0;6400;2440;2700
P206065913;P206065913_8;H;4800;0;0;6400;1200;2700
P206065913;P206065913_9;I;6400;0;0;8000;1200;2700
P206065913;P206065913_10;J;6400;1240;0;8000;2440;2700
P206065913;P206065913_11;K;8000;1240;0;9000;2440;2745
P206065913;P206065913_12;L;8000;0;0;9600;1200;2340
P206065913;P206065913_13;M;9000;1240;0;10900;2440;1500
P206065913;P206065913_14;N;9600;0;0;11200;1200;2865
P206065913;P206065913_15;O;10900;1240;0;12500;2440;2865
P206065913;P206065913_16;P;11200;0;0;12800;1200;2865
P206065913;P206065913_17;Q;12500;1240;0;13500;2440;2700
P206065911;P206065911_1;A;0;0;0;1600;1200;2700
P206065911;P206065911_2;B;0;1258;0;1820;2440;1160
P206065911;P206065911_3;C;1600;0;0;3200;1200;2865
P206065911;P206065911_4;D;1820;1234;0;2830;2440;1181
P206065911;P206065911_5;E;2830;1240;0;4430;2440;2340
P206065911;P206065911_6;F;3200;0;0;5100;1200;1500
P206065911;P206065911_7;G;4430;1240;0;6030;2440;2700
P206065911;P206065911_8;H;5100;0;0;6700;1200;2700
P206065911;P206065911_9;I;6030;1240;0;7630;2440;2700
P206065911;P206065911_10;J;6700;0;0;8300;1200;2700
P206065911;P206065911_11;K;7630;1240;0;9230;2440;2865
P206065911;P206065911_12;L;8300;0;0;9900;1200;2865
P206065911;P206065911_13;M;9230;1240;0;10830;2440;2700
P206065911;P206065911_14;N;9900;0;0;11500;1200;2700
P206065911;P206065911_15;O;10830;1240;0;12430;2440;2700
P206065911;P206065911_16;P;11500;0;0;13100;1200;2700
P206065911;P206065911_17;Q;12430;1240;0;13430;2440;2790
P206065905;P206065905_1;A;0;1234;0;1010;2440;2847
P206065905;P206065905_2;B;0;0;0;1600;1200;2700
P206065905;P206065905_3;C;1010;1240;0;2610;2440;2700
P206065905;P206065905_4;D;1600;0;0;3200;1200;2700
P206065905;P206065905_5;E;2610;1240;0;4210;2440;2700
P206065905;P206065905_6;F;3200;0;0;4800;1200;2700
P206065905;P206065905_7;G;4210;1240;0;5810;2440;2700
P206065905;P206065905_8;H;4800;0;0;6400;1200;2700
P206065905;P206065905_9;I;5810;1240;0;7410;2440;2700
P206065905;P206065905_10;J;6400;0;0;8000;1200;2700
P206065905;P206065905_11;K;7410;1240;0;9010;2440;2700
P206065905;P206065905_12;L;8000;0;0;9600;1200;2700
P206065905;P206065905_13;M;9010;1240;0;10610;2440;2700
P206065905;P206065905_14;N;9600;0;0;11200;1200;2700
P206065905;P206065905_15;O;10610;1234;0;11620;2440;2651
P206065905;P206065905_16;P;11200;0;0;12210;1206;2651
P206065905;P206065905_17;Q;11620;1240;0;13220;2440;2700
P206065905;P206065905_18;R;12210;0;0;13220;1206;2170
Q206065905_1;Q206065905_1_1;A;0;1240;0;1000;2440;2745
Q206065905_1;Q206065905_1_2;B;0;0;0;1600;1200;2520
Q206065905_1;Q206065905_1_3;C;1000;1240;0;2600;2440;2865
Q206065905_1;Q206065905_1_4;D;1600;0;0;3200;1200;2865
Q206065905_1;Q206065905_1_5;E;2600;1240;0;4200;2440;2865
Q206065905_1;Q206065905_1_6;F;3200;0;0;4800;1200;2340
Q206065905_1;Q206065905_1_7;G;4200;1240;0;5800;2440;2700
Q206065905_1;Q206065905_1_8;H;4800;0;0;6400;1200;2700
Q206065905_1;Q206065905_1_9;I;5800;1234;0;6810;2440;1181
Q206065905_1;Q206065905_1_10;J;6400;0;0;8000;1200;2700
Q206065905_1;Q206065905_1_11;K;6810;1240;0;8410;2440;2700
Q206065905_1;Q206065905_1_12;L;8000;0;0;9600;1200;2865
Q206065905_1;Q206065905_1_13;M;8410;1240;0;9410;2440;2700
Q206065905_1;Q206065905_1_14;N;9410;1240;0;10410;2440;2700
Q206065905_1;Q206065905_1_15;O;9600;0;0;11200;1200;2700
Q206065905_1;Q206065905_1_16;P;10410;1234;0;11420;2440;2755
Q206065905_1;Q206065905_1_17;Q;11200;0;0;12210;1206;2555
Q206065905_1;Q206065905_1_18;R;11420;1234;0;12430;2440;2362
Q206065905_1;Q206065905_1_19;S;12210;0;0;13220;1206;2362
Q206065905_1;Q206065905_1_20;T;12430;1234;0;13440;2440;2362
Q206065905_2;Q206065905_2_1;A;0;1240;0;1000;2440;930
Q206065905_2;Q206065905_2_2;B;0;0;0;1600;1200;2700
Q206065905_2;Q206065905_2_3;C;1000;1240;0;2600;2440;2700
Q206065905_2;Q206065905_2_4;D;1600;0;0;3200;1200;2700
Q206065905_2;Q206065905_2_5;E;2600;1240;0;4200;2440;2700
Q206065905_2;Q206065905_2_6;F;3200;0;0;4800;1200;2700
Q206065905_2;Q206065905_2_7;G;4200;1240;0;5800;2440;750
Q206065905_2;Q206065905_2_8;H;4800;0;0;5810;1206;2362
Q206065905_2;Q206065905_2_9;I;5800;1234;0;6810;2440;2362
Q206065905_2;Q206065905_2_10;J;5810;0;0;6820;1206;2362
Q206065905_2;Q206065905_2_11;K;6810;1240;0;8410;2440;2700
Q206065905_2;Q206065905_2_12;L;6820;0;0;8420;1200;2700
Q206065905_2;Q206065905_2_13;M;8410;1240;0;10010;2440;2700
Q206065905_2;Q206065905_2_14;N;8420;0;0;10020;1200;2700
Q206065905_2;Q206065905_2_15;O;10010;1240;0;11610;2440;2700
Q206065905_2;Q206065905_2_16;P;10020;0;0;11620;1200;2700
Q206065905_2;Q206065905_2_17;Q;11610;1240;0;13210;2440;2700
Q206065905_2;Q206065905_2_18;R;11620;0;0;13220;1200;2700
P206065901;P206065901_1;A;0;0;0;1600;1200;2700
P206065901;P206065901_2;B;0;1240;0;1600;2440;2700
P206065901;P206065901_3;C;1600;1240;0;3200;2440;2700
P206065901;P206065901_4;D;1600;0;0;3200;1200;2700
P206065901;P206065901_5;E;3200;0;0;4210;1206;1181
P206065901;P206065901_6;F;3200;1240;0;4800;2440;2700
P206065901;P206065901_7;G;4210;0;0;5810;1200;2700
P206065901;P206065901_8;H;4800;1240;0;6400;2440;2700
P206065901;P206065901_9;I;5810;0;0;7410;1200;2865
P206065901;P206065901_10;J;6400;1240;0;7400;2440;2700
P206065901;P206065901_11;K;7400;1240;0;8400;2440;2700
P206065901;P206065901_12;L;7410;0;0;8410;1200;975
P206065901;P206065901_13;M;8400;1240;0;10300;2440;1500
P206065901;P206065901_14;N;8410;0;0;10010;1200;2865
P206065901;P206065901_15;O;10010;0;0;11610;1200;2865
P206065901;P206065901_16;P;10300;1240;0;11900;2440;2865
P206065901;P206065901_17;Q;11610;0;0;13210;1200;2700
P206065901;P206065901_18;R;11900;1240;0;13500;2440;2700
P205065917;P205065917_1;A;0;0;0;1600;1200;2700
P205065917;P205065917_2;B;0;1258;0;1820;2440;1160
P205065917;P205065917_3;C;1600;0;0;3200;1200;2700
P205065917;P205065917_4;D;1820;1240;0;3420;2440;2700
P205065917;P205065917_5;E;3200;0;0;4800;1200;2700
P205065917;P205065917_6;F;3420;1240;0;5020;2440;2340
P205065917;P205065917_7;G;4800;0;0;5800;1200;2745
P205065917;P205065917_8;H;5020;1240;0;6020;2440;2700
P205065917;P205065917_9;I;5800;0;0;6800;1200;930
P205065917;P205065917_10;J;6020;1240;0;7620;2440;2865
P205065917;P205065917_11;K;6800;0;0;8400;1200;2865
P205065917;P205065917_12;L;7620;1240;0;9220;2440;2340
P205065917;P205065917_13;M;8400;0;0;10000;1200;2700
P205065917;P205065917_14;N;9220;1240;0;10820;2440;2700
P205065917;P205065917_15;O;10000;0;0;11600;1200;2700
P205065917;P205065917_16;P;10820;1240;0;12420;2440;2700
P205065917;P205065917_17;Q;11600;0;0;13200;1200;2700
P205065913;P205065913_1;A;0;1240;0;1600;2440;2700
P205065913;P205065913_2;B;0;0;0;1600;1200;2700
P205065913;P205065913_3;C;1600;0;0;3200;1200;2700
P205065913;P205065913_4;D;1600;1240;0;3200;2440;2700
P205065913;P205065913_5;E;3200;1240;0;4800;2440;2700
P205065913;P205065913_6;F;3200;0;0;4800;1200;2700
P205065913;P205065913_7;G;4800;0;0;6400;1200;2700
P205065913;P205065913_8;H;4800;1240;0;6400;2440;2700
P205065913;P205065913_9;I;6400;1240;0;7400;2440;2700
P205065913;P205065913_10;J;6400;0;0;8000;1200;2700
P205065913;P205065913_11;K;7400;1240;0;9000;2440;2700
P205065913;P205065913_12;L;8000;0;0;9600;1200;2700
P205065913;P205065913_13;M;9000;1240;0;10600;2440;2865
P205065913;P205065913_14;N;9600;0;0;11200;1200;2865
P205065913;P205065913_15;O;10600;1240;0;12200;2440;2865
P205065913;P205065913_16;P;11200;0;0;12800;1200;2865
P205065913;P205065913_17;Q;12200;1240;0;13200;2440;2700
P205065911;P205065911_1;A;0;0;0;1000;1200;2700
P205065911;P205065911_2;B;0;1240;0;1600;2440;2700
P205065911;P205065911_3;C;1000;0;0;2900;1200;2955
P205065911;P205065911_4;D;1600;1234;0;2610;2440;2362
P205065911;P205065911_5;E;2610;1240;0;4210;2440;2865
P205065911;P205065911_6;F;2900;0;0;3900;1200;2790
P205065911;P205065911_7;G;3900;0;0;5500;1200;2700
P205065911;P205065911_8;H;4210;1240;0;5810;2440;2700
P205065911;P205065911_9;I;5500;0;0;7100;1200;2700
P205065911;P205065911_10;J;5810;1240;0;7410;2440;2700
P205065911;P205065911_11;K;7100;0;0;8700;1200;2700
P205065911;P205065911_12;L;7410;1240;0;8410;2440;1815
P205065911;P205065911_13;M;8410;1240;0;10010;2440;2865
P205065911;P205065911_14;N;8700;0;0;10300;1200;2865
P205065911;P205065911_15;O;10010;1240;0;11610;2440;2865
P205065911;P205065911_16;P;10300;0;0;11900;1200;2700
P205065911;P205065911_17;Q;11610;1240;0;13210;2440;2700
P205065911;P205065911_18;R;11900;0;0;13500;1200;2700
P203065901;P203065901_1;A;0;1258;0;1820;2440;2290
P203065901;P203065901_2;B;0;0;0;1000;1200;2700
P203065901;P203065901_3;C;1000;0;0;2000;1200;2700
P203065901;P203065901_4;D;1820;1240;0;2820;2440;2700
P203065901;P203065901_5;E;2000;0;0;3000;1200;2700
P203065901;P203065901_6;F;2820;1240;0;3820;2440;2700
P203065901;P203065901_7;G;3000;0;0;4000;1200;2700
P203065901;P203065901_8;H;3820;1240;0;4820;2440;2700
P203065901;P203065901_9;I;4000;0;0;5000;1200;2700
P203065901;P203065901_10;J;4820;1234;0;5830;2440;2362
P203065901;P203065901_11;K;5000;0;0;6000;1200;2835
P203065901;P203065901_12;L;5830;1240;0;7430;2440;2865
P203065901;P203065901_13;M;6000;0;0;7600;1200;2865
P203065901;P203065901_14;N;7430;1240;0;9030;2440;2865
P203065901;P203065901_15;O;7600;0;0;9200;1200;2865
P203065901;P203065901_16;P;9030;1240;0;10630;2440;2865
P203065901;P203065901_17;Q;9200;0;0;10800;1200;2865
P203065901;P203065901_18;R;10630;1240;0;11630;2440;2835
P203065901;P203065901_19;S;10800;0;0;12400;1200;2865
P203065901;P203065901_20;T;11630;1240;0;13230;2440;2865
P202065917;P202065917_1;A;0;1240;0;1600;2440;2700
P202065917;P202065917_2;B;0;0;0;1600;1200;2700
P202065917;P202065917_3;C;1600;0;0;3500;1200;2955
P202065917;P202065917_4;D;1600;1240;0;3200;2440;2700
P202065917;P202065917_5;E;3200;1240;0;4800;2440;2700
P202065917;P202065917_6;F;3500;0;0;5100;1200;2700
P202065917;P202065917_7;G;4800;1240;0;6700;2440;2955
P202065917;P202065917_8;H;5100;0;0;6700;1200;2700
P202065917;P202065917_9;I;6700;1240;0;8300;2440;2700
P202065917;P202065917_10;J;6700;0;0;8300;1200;2700
P202065917;P202065917_11;K;8300;0;0;9900;1200;2865
P202065917;P202065917_12;L;8300;1240;0;9900;2440;2865
P202065917;P202065917_13;M;9900;1240;0;11500;2440;2865
P202065917;P202065917_14;N;9900;0;0;11500;1200;2865
P202065917;P202065917_15;O;11500;0;0;13100;1200;2865
P202065917;P202065917_16;P;11500;1240;0;13100;2440;2700
P202065915;P202065915_1;A;0;1240;0;1600;2440;2700
P202065915;P202065915_2;B;0;0;0;1600;1200;2700
P202065915;P202065915_3;C;1600;0;0;3200;1200;2700
P202065915;P202065915_4;D;1600;1240;0;3200;2440;2700
P202065915;P202065915_5;E;3200;1240;0;4800;2440;2700
P202065915;P202065915_6;F;3200;0;0;4800;1200;2700
P202065915;P202065915_7;G;4800;0;0;6400;1200;2700
P202065915;P202065915_8;H;4800;1240;0;6400;2440;2700
P202065915;P202065915_9;I;6400;1240;0;8000;2440;2700
P202065915;P202065915_10;J;6400;0;0;8000;1200;2700
P202065915;P202065915_11;K;8000;0;0;9600;1200;2700
P202065915;P202065915_12;L;8000;1240;0;9600;2440;2700
P202065915;P202065915_13;M;9600;1240;0;11200;2440;2700
P202065915;P202065915_14;N;9600;0;0;11200;1200;2700
P202065915;P202065915_15;O;11200;0;0;12800;1200;2700
P202065915;P202065915_16;P;11200;1240;0;12800;2440;2700
P202065913;P202065913_1;A;0;1240;0;1600;2440;2700
P202065913;P202065913_2;B;0;0;0;1600;1200;2700
P202065913;P202065913_3;C;1600;0;0;3200;1200;2700
P202065913;P202065913_4;D;1600;1240;0;3200;2440;2700
P202065913;P202065913_5;E;3200;1240;0;4800;2440;2700
P202065913;P202065913_6;F;3200;0;0;4800;1200;2700
P202065913;P202065913_7;G;4800;0;0;6400;1200;2700
P202065913;P202065913_8;H;4800;1240;0;6400;2440;2700
P202065913;P202065913_9;I;6400;1240;0;8000;2440;2700
P202065913;P202065913_10;J;6400;0;0;7400;1200;2700
P202065913;P202065913_11;K;7400;0;0;8400;1200;2790
P202065913;P202065913_12;L;8000;1240;0;9600;2440;2700
P202065913;P202065913_13;M;8400;0;0;10000;1200;2700
P202065913;P202065913_14;N;9600;1240;0;11200;2440;2865
P202065913;P202065913_15;O;10000;0;0;11600;1200;2865
P202065913;P202065913_16;P;11200;1240;0;12800;2440;2700
P202065913;P202065913_17;Q;11600;0;0;13200;1200;2700
P202065911;P202065911_1;A;0;0;0;1600;1200;2700
P202065911;P202065911_2;B;0;1240;0;1600;2440;2700
P202065911;P202065911_3;C;1600;1240;0;3200;2440;2700
P202065911;P202065911_4;D;1600;0;0;3200;1200;2865
P202065911;P202065911_5;E;3200;0;0;4210;1206;1181
P202065911;P202065911_6;F;3200;1240;0;4800;2440;2700
P202065911;P202065911_7;G;4210;0;0;5810;1200;2700
P202065911;P202065911_8;H;4800;1240;0;6400;2440;2865
P202065911;P202065911_9;I;5810;0;0;7410;1200;2865
P202065911;P202065911_10;J;6400;1240;0;8000;2440;2865
P202065911;P202065911_11;K;7410;0;0;8410;1200;2745
P202065911;P202065911_12;L;8000;1240;0;9600;2440;2700
P202065911;P202065911_13;M;8410;0;0;10010;1200;2700
P202065911;P202065911_14;N;9600;1240;0;11200;2440;2700
P202065911;P202065911_15;O;10010;0;0;11610;1200;2865
P202065911;P202065911_16;P;11200;1240;0;12200;2440;2700
P202065911;P202065911_17;Q;11610;0;0;13210;1200;2700
P202065911;P202065911_18;R;12200;1240;0;13200;2440;2700
P202065907;P202065907_1;A;0;0;0;1900;1200;1500
P202065907;P202065907_2;B;0;1240;0;1600;2440;2700
P202065907;P202065907_3;C;1600;1258;0;3420;2440;1160
P202065907;P202065907_4;D;1900;0;0;3500;1200;2865
P202065907;P202065907_5;E;3420;1240;0;5020;2440;2865
P202065907;P202065907_6;F;3500;0;0;5100;1200;2700
P202065907;P202065907_7;G;5020;1240;0;6620;2440;2700
P202065907;P202065907_8;H;5100;0;0;6700;1200;2700
P202065907;P202065907_9;I;6620;1240;0;8220;2440;2700
P202065907;P202065907_10;J;6700;0;0;8300;1200;2700
P202065907;P202065907_11;K;8220;1240;0;9820;2440;2865
P202065907;P202065907_12;L;8300;0;0;9300;1200;2700
P202065907;P202065907_13;M;9300;0;0;10900;1200;2700
P202065907;P202065907_14;N;9820;1240;0;11420;2440;2865
P202065907;P202065907_15;O;10900;0;0;12500;1200;2865
P202065907;P202065907_16;P;11420;1240;0;13020;2440;2865
P202065907;P202065907_17;Q;12500;0;0;13500;1200;2700
P202065901;P202065901_1;A;0;0;0;1600;1200;2700
P202065901;P202065901_2;B;0;1240;0;1000;2440;2745
P202065901;P202065901_3;C;1000;1240;0;2000;2440;2700
P202065901;P202065901_4;D;1600;0;0;2610;1206;2362
P202065901;P202065901_5;E;2000;1240;0;3600;2440;2700
P202065901;P202065901_6;F;2610;0;0;4210;1200;2700
P202065901;P202065901_7;G;3600;1240;0;5200;2440;2865
P202065901;P202065901_8;H;4210;0;0;5810;1200;2865
P202065901;P202065901_9;I;5200;1240;0;6800;2440;2700
P202065901;P202065901_10;J;5810;0;0;7410;1200;2700
P202065901;P202065901_11;K;6800;1240;0;8400;2440;2700
P202065901;P202065901_12;L;7410;0;0;9010;1200;2700
P202065901;P202065901_13;M;8400;1240;0;10300;2440;2955
P202065901;P202065901_14;N;9010;0;0;10610;1200;2340
P202065901;P202065901_15;O;10300;1240;0;11900;2440;2865
P202065901;P202065901_16;P;10610;0;0;12210;1200;2865
P202065901;P202065901_17;Q;11900;1240;0;13500;2440;2865
P202065901;P202065901_18;R;12210;0;0;13210;1200;2700
P201065917;P201065917_1;A;0;0;0;1600;1200;2700
P201065917;P201065917_2;B;0;1200;0;1600;2400;2700
P201065917;P201065917_3;C;1600;1240;0;3200;2440;2700
P201065917;P201065917_4;D;1600;0;0;3200;1200;2700
P201065917;P201065917_5;E;3200;0;0;4200;1200;2790
P201065917;P201065917_6;F;3200;1240;0;4800;2440;2700
P201065917;P201065917_7;G;4200;0;0;5800;1200;2700
P201065917;P201065917_8;H;4800;1240;0;6400;2440;2340
P201065917;P201065917_9;I;5800;0;0;7400;1200;2700
P201065917;P201065917_10;J;6400;1258;0;8220;2440;1160
P201065917;P201065917_11;K;7400;0;0;9000;1200;2700
P201065917;P201065917_12;L;8220;1240;0;9820;2440;2700
P201065917;P201065917_13;M;9000;0;0;10600;1200;2700
P201065917;P201065917_14;N;9820;1240;0;11420;2440;2700
P201065917;P201065917_15;O;10600;0;0;12200;1200;2865
P201065917;P201065917_16;P;11420;1240;0;13020;2440;2865
P201065917;P201065917_17;Q;12200;0;0;13200;1200;2700
P201065913;P201065913_1;A;0;1240;0;1000;2440;2700
P201065913;P201065913_2;B;0;0;0;1600;1200;2700
P201065913;P201065913_3;C;1000;1240;0;2600;2440;2700
P201065913;P201065913_4;D;1600;0;0;2600;1200;2835
P201065913;P201065913_5;E;2600;0;0;4200;1200;2700
P201065913;P201065913_6;F;2600;1240;0;4200;2440;2700
P201065913;P201065913_7;G;4200;1240;0;5800;2440;2865
P201065913;P201065913_8;H;4200;0;0;5800;1200;2865
P201065913;P201065913_9;I;5800;0;0;7400;1200;2865
P201065913;P201065913_10;J;5800;1240;0;7400;2440;2865
P201065913;P201065913_11;K;7400;1240;0;9000;2440;2700
P201065913;P201065913_12;L;7400;0;0;9000;1200;2700
P201065913;P201065913_13;M;9000;0;0;10600;1200;2700
P201065913;P201065913_14;N;9000;1240;0;10600;2440;2700
P201065913;P201065913_15;O;10600;1240;0;12200;2440;2700
P201065913;P201065913_16;P;10600;0;0;12200;1200;2700
P201065913;P201065913_17;Q;12200;0;0;13400;1000;2700
P201065913;P201065913_18;R;12200;1440;0;13400;2440;2700
P201065911;P201065911_1;A;0;0;0;1600;1200;2700
P201065911;P201065911_2;B;0;1240;0;1600;2440;2700
P201065911;P201065911_3;C;1600;1240;0;3200;2440;2700
P201065911;P201065911_4;D;1600;0;0;3200;1200;2700
P201065911;P201065911_5;E;3200;0;0;4800;1200;2700
P201065911;P201065911_6;F;3200;1234;0;4210;2440;1181
P201065911;P201065911_7;G;4210;1240;0;5810;2440;2865
P201065911;P201065911_8;H;4800;0;0;6400;1200;2700
P201065911;P201065911_9;I;5810;1240;0;7410;2440;2700
P201065911;P201065911_10;J;6400;0;0;7400;1200;2700
P201065911;P201065911_11;K;7400;0;0;8400;1200;2700
P201065911;P201065911_12;L;7410;1240;0;8410;2440;975
P201065911;P201065911_13;M;8400;0;0;10000;1200;2865
P201065911;P201065911_14;N;8410;1240;0;10010;2440;2865
P201065911;P201065911_15;O;10000;0;0;11600;1200;2865
P201065911;P201065911_16;P;10010;1240;0;11610;2440;2700
P201065911;P201065911_17;Q;11600;0;0;13200;1200;2700
P201065911;P201065911_18;R;11610;1240;0;13210;2440;2700
P201065905;P201065905_1;A;0;1240;0;1600;2440;2700
P201065905;P201065905_2;B;0;0;0;1600;1200;2700
P201065905;P201065905_3;C;1600;0;0;3200;1200;2700
P201065905;P201065905_4;D;1600;1240;0;3200;2440;2700
P201065905;P201065905_5;E;3200;1240;0;4200;2440;2700
P201065905;P201065905_6;F;3200;0;0;4800;1200;2700
P201065905;P201065905_7;G;4200;1240;0;5200;2440;975
P201065905;P201065905_8;H;4800;0;0;6400;1200;2700
P201065905;P201065905_9;I;5200;1240;0;6800;2440;2700
P201065905;P201065905_10;J;6400;0;0;8000;1200;2700
P201065905;P201065905_11;K;6800;1240;0;8400;2440;2700
P201065905;P201065905_12;L;8000;0;0;9010;1206;2847
P201065905;P201065905_13;M;8400;1234;0;9410;2440;2847
P201065905;P201065905_14;N;9010;0;0;10020;1206;2847
P201065905;P201065905_15;O;9410;1234;0;10420;2440;2847
P201065905;P201065905_16;P;10020;0;0;11030;1206;2947
P201065905;P201065905_17;Q;10420;1234;0;11430;2440;2940
P201065905;P201065905_18;R;11030;0;0;12040;1206;2851
P201065905;P201065905_19;S;11430;1234;0;12440;2440;2655
P201065905;P201065905_20;T;12040;0;0;13050;1206;2170
P201065905;P201065905_21;U;12440;1234;0;13450;2440;2170
Q201065905_1;Q201065905_1_1;A;0;0;0;1820;1182;1160
Q201065905_1;Q201065905_1_2;B;0;1240;0;1900;2440;1500
Q201065905_1;Q201065905_1_3;C;1820;0;0;2820;1200;2700
Q201065905_1;Q201065905_1_4;D;1900;1240;0;3500;2440;2700
Q201065905_1;Q201065905_1_5;E;2820;0;0;4420;1200;2865
Q201065905_1;Q201065905_1_6;F;3500;1240;0;5100;2440;2865
Q201065905_1;Q201065905_1_7;G;4420;0;0;6020;1200;2865
Q201065905_1;Q201065905_1_8;H;5100;1240;0;6700;2440;2865
Q201065905_1;Q201065905_1_9;I;6020;0;0;7030;1206;1181
Q201065905_1;Q201065905_1_10;J;6700;1240;0;8300;2440;2700
Q201065905_1;Q201065905_1_11;K;7030;0;0;8630;1200;2700
Q201065905_1;Q201065905_1_12;L;8300;1240;0;9900;2440;2700
Q201065905_1;Q201065905_1_13;M;8630;0;0;10230;1200;2700
Q201065905_1;Q201065905_1_14;N;9900;1240;0;11500;2440;2700
Q201065905_1;Q201065905_1_15;O;10230;0;0;11830;1200;2700
Q201065905_1;Q201065905_1_16;P;11500;1240;0;13100;2440;2700
Q201065905_1;Q201065905_1_17;Q;11830;0;0;13430;1200;2700
Q201065905_2;Q201065905_2_1;A;0;0;0;1010;1206;2362
Q201065905_2;Q201065905_2_2;B;0;1234;0;1010;2440;2362
Q201065905_2;Q201065905_2_3;C;1010;1234;0;2020;2440;2362
Q201065905_2;Q201065905_2_4;D;1010;0;0;2020;1206;2266
Q201065905_2;Q201065905_2_5;E;2020;0;0;3620;1200;2700
Q201065905_2;Q201065905_2_6;F;2020;1240;0;3620;2440;2700
Q201065905_2;Q201065905_2_7;G;3620;1240;0;5220;2440;2700
Q201065905_2;Q201065905_2_8;H;3620;0;0;5220;1200;2700
Q201065905_2;Q201065905_2_9;I;5220;0;0;6820;1200;2700
Q201065905_2;Q201065905_2_10;J;5220;1240;0;6820;2440;2700
Q201065905_2;Q201065905_2_11;K;6820;1240;0;8420;2440;2700
Q201065905_2;Q201065905_2_12;L;6820;0;0;8420;1200;2700
Q201065905_2;Q201065905_2_13;M;8420;0;0;10020;1200;2700
Q201065905_2;Q201065905_2_14;N;8420;1240;0;10020;2440;2700
Q201065905_2;Q201065905_2_15;O;10020;1240;0;11620;2440;2700
Q201065905_2;Q201065905_2_16;P;10020;0;0;11620;1200;2700
Q201065905_2;Q201065905_2_17;Q;11620;0;0;13220;1200;2700
Q201065905_2;Q201065905_2_18;R;11620;1240;0;13220;2440;2700
Q201065905_3;Q201065905_3_1;A;0;1234;0;1010;2440;2366
Q201065905_3;Q201065905_3_2;B;0;0;0;1600;1200;2700
Q201065905_3;Q201065905_3_3;C;1010;1200;0;2610;2400;2700
Q201065905_3;Q201065905_3_4;D;1600;0;0;3200;1200;2700
Q201065905_3;Q201065905_3_5;E;2610;1240;0;4210;2440;2700
Q201065905_3;Q201065905_3_6;F;3200;40;0;4800;1240;2700
Q201065905_3;Q201065905_3_7;G;4210;1240;0;5810;2440;2700
Q201065905_3;Q201065905_3_8;H;4800;0;0;6400;1200;2700
Q201065905_3;Q201065905_3_9;I;5810;1200;0;7410;2400;2700
Q201065905_3;Q201065905_3_10;J;6400;0;0;8000;1200;2700
Q201065905_3;Q201065905_3_11;K;7410;1240;0;9010;2440;2700
Q201065905_3;Q201065905_3_12;L;8000;40;0;9600;1240;2700
Q201065905_3;Q201065905_3_13;M;9010;1240;0;10610;2440;2700
Q201065905_3;Q201065905_3_14;N;9600;0;0;11200;1200;2700
Q201065905_3;Q201065905_3_15;O;10610;1200;0;12210;2400;2700
Q201065905_3;Q201065905_3_16;P;11200;0;0;12800;1200;2700
Q201065905_3;Q201065905_3_17;Q;12210;1234;0;13220;2440;2266
P201065901;P201065901_1;A;0;0;0;1600;1200;2700
P201065901;P201065901_2;B;0;1240;0;1600;2440;2700
P201065901;P201065901_3;C;1600;1240;0;3200;2440;2700
P201065901;P201065901_4;D;1600;0;0;3200;1200;2700
P201065901;P201065901_5;E;3200;0;0;4800;1200;2700
P201065901;P201065901_6;F;3200;1240;0;4800;2440;2700
P201065901;P201065901_7;G;4800;1240;0;6400;2440;2700
P201065901;P201065901_8;H;4800;0;0;6400;1200;2700
P201065901;P201065901_9;I;6400;0;0;8000;1200;2700
P201065901;P201065901_10;J;6400;1240;0;8000;2440;2700
P201065901;P201065901_11;K;8000;1240;0;9600;2440;2700
P201065901;P201065901_12;L;8000;0;0;9600;1200;2700
P201065901;P201065901_13;M;9600;0;0;11200;1200;2700
P201065901;P201065901_14;N;9600;1240;0;11200;2440;2700
P201065901;P201065901_15;O;11200;1240;0;12800;2440;2700
P201065901;P201065901_16;P;11200;0;0;12800;1200;2700
P200065917;P200065917_1;A;0;1240;0;1600;2440;2700
P200065917;P200065917_2;B;0;0;0;1600;1200;2865
P200065917;P200065917_3;C;1600;0;0;3200;1200;2700
P200065917;P200065917_4;D;1600;1240;0;3200;2440;2700
P200065917;P200065917_5;E;3200;1240;0;4800;2440;2700
P200065917;P200065917_6;F;3200;0;0;4800;1200;2700
P200065917;P200065917_7;G;4800;0;0;6400;1200;2700
P200065917;P200065917_8;H;4800;1240;0;6400;2440;2700
P200065917;P200065917_9;I;6400;1240;0;8000;2440;2700
P200065917;P200065917_10;J;6400;0;0;8000;1200;2700
P200065917;P200065917_11;K;8000;0;0;9600;1200;2700
P200065917;P200065917_12;L;8000;1240;0;9600;2440;2700
P200065917;P200065917_13;M;9600;1234;0;10610;2440;1181
P200065917;P200065917_14;N;9600;0;0;10600;1200;2745
P200065917;P200065917_15;O;10600;0;0;12200;1200;2700
P200065917;P200065917_16;P;10610;1240;0;12210;2440;2700
P200065917;P200065917_17;Q;12200;0;0;13200;1200;2700
P200065917;P200065917_18;R;12210;1240;0;13210;2440;2700
P200065915;P200065915_1;A;0;0;0;1600;1200;2700
P200065915;P200065915_2;B;0;1240;0;1600;2440;2865
P200065915;P200065915_3;C;1600;1240;0;3200;2440;2865
P200065915;P200065915_4;D;1600;0;0;3200;1200;2865
P200065915;P200065915_5;E;3200;0;0;5100;1200;1500
P200065915;P200065915_6;F;3200;1240;0;4800;2440;2700
P200065915;P200065915_7;G;4800;1240;0;6400;2440;2865
P200065915;P200065915_8;H;5100;0;0;6100;1200;2700
P200065915;P200065915_9;I;6100;0;0;7100;1200;2790
P200065915;P200065915_10;J;6400;1240;0;8000;2440;2700
P200065915;P200065915_11;K;7100;0;0;8700;1200;2700
P200065915;P200065915_12;L;8000;1240;0;9600;2440;2700
P200065915;P200065915_13;M;8700;0;0;10300;1200;2865
P200065915;P200065915_14;N;9600;1240;0;11200;2440;2865
P200065915;P200065915_15;O;10300;0;0;11900;1200;2700
P200065915;P200065915_16;P;11200;1240;0;12800;2440;2700
P200065915;P200065915_17;Q;11900;0;0;13500;1200;2700
P200065911;P200065911_1;A;0;0;0;1600;1200;2700
P200065911;P200065911_2;B;0;1258;0;1820;2440;1160
P200065911;P200065911_3;C;1600;0;0;3200;1200;2700
P200065911;P200065911_4;D;1820;1240;0;3420;2440;2700
P200065911;P200065911_5;E;3200;0;0;4210;1206;1181
P200065911;P200065911_6;F;3420;1240;0;4420;2440;2700
P200065911;P200065911_7;G;4210;0;0;5810;1200;2865
P200065911;P200065911_8;H;4420;1240;0;6020;2440;2700
P200065911;P200065911_9;I;5810;0;0;7410;1200;2865
P200065911;P200065911_10;J;6020;1240;0;7620;2440;2865
P200065911;P200065911_11;K;7410;0;0;9010;1200;2865
P200065911;P200065911_12;L;7620;1240;0;9220;2440;2700
P200065911;P200065911_13;M;9010;0;0;10610;1200;2700
P200065911;P200065911_14;N;9220;1240;0;10820;2440;2700
P200065911;P200065911_15;O;10610;0;0;12210;1200;2700
P200065911;P200065911_16;P;10820;1240;0;12420;2440;2700
P200065911;P200065911_17;Q;12210;0;0;13210;1200;2700
P200065911;P200065911_18;R;12420;1240;0;13420;2440;2790
P200065909;P200065909_1;A;0;1240;0;1600;2440;2865
P200065909;P200065909_2;B;0;0;0;1600;1200;2700
P200065909;P200065909_3;C;1600;0;0;3200;1200;2700
P200065909;P200065909_4;D;1600;1240;0;3200;2440;2700
P200065909;P200065909_5;E;3200;1240;0;4800;2440;2700
P200065909;P200065909_6;F;3200;0;0;4800;1200;2700
P200065909;P200065909_7;G;4800;0;0;6400;1200;2700
P200065909;P200065909_8;H;4800;1240;0;6400;2440;2700
P200065909;P200065909_9;I;6400;1240;0;8000;2440;2700
P200065909;P200065909_10;J;6400;0;0;8000;1200;2865
P200065909;P200065909_11;K;8000;0;0;9600;1200;2865
P200065909;P200065909_12;L;8000;1240;0;9000;2440;2700
P200065909;P200065909_13;M;9000;1240;0;10000;2440;2745
P200065909;P200065909_14;N;9600;0;0;11200;1200;2700
P200065909;P200065909_15;O;10000;1240;0;11600;2440;2700
P200065909;P200065909_16;P;11200;0;0;12800;1200;2865
P200065909;P200065909_17;Q;11600;1240;0;13200;2440;2865
P200065905;P200065905_1;A;0;1240;0;1600;2440;2700
P200065905;P200065905_2;B;0;0;0;1820;1182;1160
P200065905;P200065905_3;C;1600;1234;0;2610;2440;1181
P200065905;P200065905_4;D;1820;0;0;3420;1200;2865
P200065905;P200065905_5;E;2610;1240;0;4210;2440;2700
P200065905;P200065905_6;F;3420;0;0;5020;1200;2700
P200065905;P200065905_7;G;4210;1240;0;5210;2440;2745
P200065905;P200065905_8;H;5020;0;0;6620;1200;2865
P200065905;P200065905_9;I;5210;1240;0;6210;2440;2700
P200065905;P200065905_10;J;6210;1240;0;7810;2440;2700
P200065905;P200065905_11;K;6620;0;0;8220;1200;2700
P200065905;P200065905_12;L;7810;1240;0;9410;2440;2700
P200065905;P200065905_13;M;8220;0;0;9230;1206;2655
P200065905;P200065905_14;N;9230;0;0;10240;1206;2940
P200065905;P200065905_15;O;9410;1234;0;10420;2440;2266
P200065905;P200065905_16;P;10240;0;0;11250;1206;2362
P200065905;P200065905_17;Q;10420;1234;0;11430;2440;2362
P200065905;P200065905_18;R;11250;0;0;12260;1206;2362
P200065905;P200065905_19;S;11430;1234;0;12440;2440;2362
P200065905;P200065905_20;T;12260;0;0;13270;1206;2362
P200065905;P200065905_21;U;12440;1234;0;13450;2440;2266
Q200065905_1;Q200065905_1_1;A;0;1240;0;1600;2440;2700
Q200065905_1;Q200065905_1_2;B;0;0;0;1600;1200;2700
Q200065905_1;Q200065905_1_3;C;1600;0;0;3200;1200;2700
Q200065905_1;Q200065905_1_4;D;1600;1240;0;3200;2440;2700
Q200065905_1;Q200065905_1_5;E;3200;1240;0;5100;2440;1500
Q200065905_1;Q200065905_1_6;F;3200;0;0;4800;1200;2700
Q200065905_1;Q200065905_1_7;G;4800;0;0;6400;1200;2700
Q200065905_1;Q200065905_1_8;H;5100;1240;0;6700;2440;2700
Q200065905_1;Q200065905_1_9;I;6400;0;0;8000;1200;2700
Q200065905_1;Q200065905_1_10;J;6700;1234;0;7710;2440;2170
Q200065905_1;Q200065905_1_11;K;7710;1234;0;8720;2440;2362
Q200065905_1;Q200065905_1_12;L;8000;0;0;9010;1206;2362
Q200065905_1;Q200065905_1_13;M;8720;1240;0;10320;2440;2700
Q200065905_1;Q200065905_1_14;N;9010;0;0;10610;1200;2700
Q200065905_1;Q200065905_1_15;O;10320;1240;0;11920;2440;2700
Q200065905_1;Q200065905_1_16;P;10610;0;0;12210;1200;2700
Q200065905_1;Q200065905_1_17;Q;11920;1234;0;12930;2440;2170
Q200065905_1;Q200065905_1_18;R;12210;0;0;13220;1206;2362
P200065901;P200065901_1;A;0;0;0;1000;1200;2745
P200065901;P200065901_2;B;0;1240;0;1600;2440;2865
P200065901;P200065901_3;C;1000;0;0;2600;1200;2700
P200065901;P200065901_4;D;1600;1234;0;2610;2440;1181
P200065901;P200065901_5;E;2600;0;0;4200;1200;2700
P200065901;P200065901_6;F;2610;1240;0;4210;2440;2700
P200065901;P200065901_7;G;4200;0;0;5800;1200;2700
P200065901;P200065901_8;H;4210;1240;0;5810;2440;2700
P200065901;P200065901_9;I;5800;0;0;7400;1200;2700
P200065901;P200065901_10;J;5810;1240;0;7410;2440;2865
P200065901;P200065901_11;K;7400;0;0;9300;1200;1500
P200065901;P200065901_12;L;7410;1240;0;9010;2440;2700
P200065901;P200065901_13;M;9010;1240;0;10610;2440;2700
P200065901;P200065901_14;N;9300;0;0;10900;1200;2340
P200065901;P200065901_15;O;10610;1240;0;12210;2440;2865
P200065901;P200065901_16;P;10900;0;0;12500;1200;2865
P200065901;P200065901_17;Q;12210;1240;0;13210;2440;2700
P200065901;P200065901_18;R;12500;0;0;13500;1200;1815
P199065917;P199065917_1;A;0;0;0;1600;1200;2700
P199065917;P199065917_2;B;0;1240;0;1600;2440;2700
P199065917;P199065917_3;C;1600;1240;0;3200;2440;2700
P199065917;P199065917_4;D;1600;0;0;2600;1200;2745
P199065917;P199065917_5;E;2600;0;0;3600;1200;930
P199065917;P199065917_6;F;3200;1240;0;4800;2440;2865
P199065917;P199065917_7;G;3600;0;0;5200;1200;2865
P199065917;P199065917_8;H;4800;1240;0;6400;2440;2865
P199065917;P199065917_9;I;5200;0;0;6800;1200;2700
P199065917;P199065917_10;J;6400;1240;0;8000;2440;2700
P199065917;P199065917_11;K;6800;0;0;8400;1200;2700
P199065917;P199065917_12;L;8000;1240;0;9600;2440;2700
P199065917;P199065917_13;M;8400;0;0;10000;1200;2700
P199065917;P199065917_14;N;9600;1240;0;11200;2440;2700
P199065917;P199065917_15;O;10000;0;0;11600;1200;2700
P199065917;P199065917_16;P;11200;1240;0;12800;2440;930
P199065913;P199065913_1;A;0;1240;0;1600;2440;2865
P199065913;P199065913_2;B;0;0;0;1010;1206;1181
P199065913;P199065913_3;C;1010;0;0;2610;1200;2865
P199065913;P199065913_4;D;1600;1240;0;3200;2440;2865
P199065913;P199065913_5;E;2610;0;0;4210;1200;2865
P199065913;P199065913_6;F;3200;1240;0;4800;2440;2865
P199065913;P199065913_7;G;4210;0;0;5810;1200;2700
P199065913;P199065913_8;H;4800;1240;0;5800;2440;2700
P199065913;P199065913_9;I;5800;1240;0;6800;2440;2700
P199065913;P199065913_10;J;5810;0;0;6810;1200;2700
P199065913;P199065913_11;K;6800;1240;0;8400;2440;2700
P199065913;P199065913_12;L;6810;0;0;8410;1200;2700
P199065913;P199065913_13;M;8400;1240;0;10000;2440;2700
P199065913;P199065913_14;N;8410;0;0;10010;1200;2700
P199065913;P199065913_15;O;10000;1240;0;11600;2440;2700
P199065913;P199065913_16;P;10010;0;0;11610;1200;2700
P199065913;P199065913_17;Q;11600;1240;0;13200;2440;2700
P199065913;P199065913_18;R;11610;0;0;13210;1200;2700
P199065911;P199065911_1;A;0;0;0;1600;1200;2700
P199065911;P199065911_2;B;0;1240;0;1000;2440;2790
P199065911;P199065911_3;C;1000;1240;0;2600;2440;2700
P199065911;P199065911_4;D;1600;0;0;3420;1182;1160
P199065911;P199065911_5;E;2600;1240;0;3600;2440;1815
P199065911;P199065911_6;F;3420;0;0;5020;1200;2865
P199065911;P199065911_7;G;3600;1240;0;5200;2440;2865
P199065911;P199065911_8;H;5020;0;0;6620;1200;2700
P199065911;P199065911_9;I;5200;1240;0;6800;2440;2700
P199065911;P199065911_10;J;6620;0;0;8220;1200;2700
P199065911;P199065911_11;K;6800;1240;0;8400;2440;2700
P199065911;P199065911_12;L;8220;0;0;9820;1200;2700
P199065911;P199065911_13;M;8400;1240;0;10000;2440;2700
P199065911;P199065911_14;N;9820;0;0;11420;1200;2700
P199065911;P199065911_15;O;10000;1240;0;11600;2440;930
P199065905;P199065905_1;A;0;0;0;1600;1200;2340
P199065905;P199065905_2;B;0;1240;0;1600;2440;930
P199065905;P199065905_3;C;1600;1240;0;3200;2440;2700
P199065905;P199065905_4;D;1600;0;0;3200;1200;2700
P199065905;P199065905_5;E;3200;0;0;4800;1200;2700
P199065905;P199065905_6;F;3200;1240;0;4800;2440;2700
P199065905;P199065905_7;G;4800;1234;0;5810;2440;2651
P199065905;P199065905_8;H;4800;0;0;5810;1206;2747
P199065905;P199065905_9;I;5810;0;0;6820;1206;2362
P199065905;P199065905_10;J;5810;1234;0;6820;2440;2266
P199065905;P199065905_11;K;6820;1234;0;7830;2440;1085
P199065905;P199065905_12;L;6820;0;0;8420;1200;2700
P199065905;P199065905_13;M;7830;1240;0;9430;2440;2700
P199065905;P199065905_14;N;8420;0;0;10020;1200;2700
P199065905;P199065905_15;O;9430;1240;0;11030;2440;2700
P199065905;P199065905_16;P;10020;0;0;11620;1200;2700
P199065905;P199065905_17;Q;11030;1240;0;12630;2440;2700
P199065905;P199065905_18;R;11620;0;0;13220;1200;2700
Q199065905_1;Q199065905_1_1;A;0;0;0;1600;1200;2700
Q199065905_1;Q199065905_1_2;B;0;1240;0;1600;2440;2700
Q199065905_1;Q199065905_1_3;C;1600;1240;0;3200;2440;2700
Q199065905_1;Q199065905_1_4;D;1600;0;0;3200;1200;2700
Q199065905_1;Q199065905_1_5;E;3200;0;0;4800;1200;2700
Q199065905_1;Q199065905_1_6;F;3200;1240;0;4800;2440;2700
Q199065905_1;Q199065905_1_7;G;4800;1240;0;6400;2440;2700
Q199065905_1;Q199065905_1_8;H;4800;0;0;6400;1200;2700
Q199065905_1;Q199065905_1_9;I;6400;0;0;7410;1206;2847
Q199065905_1;Q199065905_1_10;J;6400;1240;0;8000;2440;2700
Q199065905_1;Q199065905_1_11;K;7410;0;0;9010;1200;2700
Q199065905_1;Q199065905_1_12;L;8000;1240;0;9600;2440;2700
Q199065905_1;Q199065905_1_13;M;9010;0;0;10610;1200;2700
Q199065905_1;Q199065905_1_14;N;9600;1240;0;11200;2440;2700
Q199065905_1;Q199065905_1_15;O;10610;0;0;12210;1200;2700
Q199065905_1;Q199065905_1_16;P;11200;1240;0;12800;2440;2700
Q199065905_2;Q199065905_2_1;A;0;1240;0;1900;2440;1500
Q199065905_2;Q199065905_2_2;B;0;0;0;1600;1200;2520
Q199065905_2;Q199065905_2_3;C;1600;0;0;3200;1200;2700
Q199065905_2;Q199065905_2_4;D;1900;1240;0;3500;2440;2700
Q199065905_2;Q199065905_2_5;E;3200;0;0;4800;1200;2700
Q199065905_2;Q199065905_2_6;F;3500;1234;0;4510;2440;2362
Q199065905_2;Q199065905_2_7;G;4510;1234;0;5520;2440;2362
Q199065905_2;Q199065905_2_8;H;4800;0;0;6400;1200;2700
Q199065905_2;Q199065905_2_9;I;5520;1240;0;7120;2440;2700
Q199065905_2;Q199065905_2_10;J;6400;0;0;8000;1200;2700
Q199065905_2;Q199065905_2_11;K;7120;1240;0;8720;2440;2700
Q199065905_2;Q199065905_2_12;L;8000;0;0;9600;1200;2700
Q199065905_2;Q199065905_2_13;M;8720;1240;0;10320;2440;2700
Q199065905_2;Q199065905_2_14;N;9600;0;0;11200;1200;2700
Q199065905_2;Q199065905_2_15;O;10320;1234;0;11330;2440;2170
Q199065905_2;Q199065905_2_16;P;11200;0;0;12210;1206;2170
Q199065905_2;Q199065905_2_17;Q;11330;1234;0;12340;2440;1862
Q199065905_2;Q199065905_2_18;R;12210;0;0;13220;1206;2362
Q199065905_2;Q199065905_2_19;S;12340;1234;0;13350;2440;2266
P199065901;P199065901_1;A;0;1240;0;1600;2440;2865
P199065901;P199065901_2;B;0;0;0;1600;1200;2865
P199065901;P199065901_3;C;1600;0;0;3200;1200;2865
P199065901;P199065901_4;D;1600;1240;0;3200;2440;2865
P199065901;P199065901_5;E;3200;1240;0;4200;2440;2700
P199065901;P199065901_6;F;3200;0;0;4200;1200;2700
P199065901;P199065901_7;G;4200;0;0;5200;1200;2700
P199065901;P199065901_8;H;4200;1234;0;5210;2440;2362
P199065901;P199065901_9;I;5200;0;0;6200;1200;2835
P199065901;P199065901_10;J;5210;1240;0;6810;2440;2700
P199065901;P199065901_11;K;6200;0;0;7800;1200;2700
P199065901;P199065901_12;L;6810;1240;0;8410;2440;2865
P199065901;P199065901_13;M;7800;0;0;9700;1200;1500
P199065901;P199065901_14;N;8410;1258;0;10230;2440;1160
P199065901;P199065901_15;O;9700;0;0;10700;1200;2700
P199065901;P199065901_16;P;10230;1240;0;11830;2440;2700
P199065901;P199065901_17;Q;10700;0;0;12300;1200;2700
P199065901;P199065901_18;R;11830;1240;0;13430;2440;2865
P199065901;P199065901_19;S;12300;0;0;13500;1000;2700
P198065917;P198065917_1;A;0;0;0;1600;1200;2700
P198065917;P198065917_2;B;0;1240;0;1600;2440;2700
P198065917;P198065917_3;C;1600;1240;0;3200;2440;2700
P198065917;P198065917_4;D;1600;0;0;3200;1200;2700
P198065917;P198065917_5;E;3200;0;0;4800;1200;2700
P198065917;P198065917_6;F;3200;1240;0;4200;2440;2700
P198065917;P198065917_7;G;4200;1240;0;5800;2440;2865
P198065917;P198065917_8;H;4800;0;0;6400;1200;2865
P198065917;P198065917_9;I;5800;1240;0;7400;2440;2865
P198065917;P198065917_10;J;6400;0;0;8000;1200;2700
P198065917;P198065917_11;K;7400;1240;0;9000;2440;2700
P198065917;P198065917_12;L;8000;0;0;9600;1200;2700
P198065917;P198065917_13;M;9000;1240;0;10600;2440;2700
P198065917;P198065917_14;N;9600;0;0;11200;1200;2700
P198065917;P198065917_15;O;10600;1240;0;12200;2440;2700
P198065917;P198065917_16;P;11200;0;0;12800;1200;2700
P198065917;P198065917_17;Q;12200;1240;0;13200;2440;2745
P198065913;P198065913_1;A;0;1240;0;1600;2440;2700
P198065913;P198065913_2;B;0;0;0;1600;1200;2700
P198065913;P198065913_3;C;1600;0;0;3200;1200;2865
P198065913;P198065913_4;D;1600;1240;0;3200;2440;2865
P198065913;P198065913_5;E;3200;1240;0;4800;2440;2865
P198065913;P198065913_6;F;3200;0;0;4200;1200;2790
P198065913;P198065913_7;G;4200;0;0;5800;1200;2700
P198065913;P198065913_8;H;4800;1240;0;6700;2440;2955
P198065913;P198065913_9;I;5800;0;0;7400;1200;2700
P198065913;P198065913_10;J;6700;1240;0;8300;2440;2700
P198065913;P198065913_11;K;7400;0;0;9000;1200;2700
P198065913;P198065913_12;L;8300;1240;0;9900;2440;2700
P198065913;P198065913_13;M;9000;0;0;10600;1200;2700
P198065913;P198065913_14;N;9900;1240;0;11500;2440;2700
P198065913;P198065913_15;O;10600;0;0;12200;1200;2700
P198065913;P198065913_16;P;11500;1240;0;13100;2440;2865
P198065913;P198065913_17;Q;12200;0;0;13200;1200;2745
P198065911;P198065911_1;A;0;0;0;1600;1200;2700
P198065911;P198065911_2;B;0;1240;0;1600;2440;2700
P198065911;P198065911_3;C;1600;1240;0;3200;2440;2700
P198065911;P198065911_4;D;1600;0;0;3200;1200;2340
P198065911;P198065911_5;E;3200;0;0;4800;1200;2865
P198065911;P198065911_6;F;3200;1240;0;4800;2440;2700
P198065911;P198065911_7;G;4800;1240;0;6400;2440;2700
P198065911;P198065911_8;H;4800;0;0;6400;1200;2865
P198065911;P198065911_9;I;6400;0;0;8000;1200;2520
P198065911;P198065911_10;J;6400;1234;0;7410;2440;1181
P198065911;P198065911_11;K;7410;1240;0;9010;2440;2700
P198065911;P198065911_12;L;8000;0;0;9600;1200;2700
P198065911;P198065911_13;M;9010;1240;0;10610;2440;1815
P198065911;P198065911_14;N;9600;0;0;11200;1200;2700
P198065911;P198065911_15;O;10610;1240;0;11610;2440;2700
P198065911;P198065911_16;P;11200;0;0;12200;1200;2700
P198065911;P198065911_17;Q;11610;1240;0;13210;2440;2700
P198065911;P198065911_18;R;12200;0;0;13200;1200;2700
Q198065911_1;Q198065911_1_1;A;0;0;0;1820;1182;1160
Q198065911_1;Q198065911_1_2;B;0;1240;0;1900;2440;2955
Q198065911_1;Q198065911_1_3;C;1820;0;0;3420;1200;2700
Q198065911_1;Q198065911_1_4;D;1900;1240;0;3500;2440;1815
Q198065911_1;Q198065911_1_5;E;3420;0;0;5020;1200;2700
Q198065911_1;Q198065911_1_6;F;3500;1240;0;5100;2440;2700
Q198065911_1;Q198065911_1_7;G;5020;0;0;6620;1200;2700
Q198065911_1;Q198065911_1_8;H;5100;1240;0;6700;2440;2700
Q198065911_1;Q198065911_1_9;I;6620;0;0;8220;1200;2700
Q198065911_1;Q198065911_1_10;J;6700;1240;0;8300;2440;2700
Q198065911_1;Q198065911_1_11;K;8220;0;0;9820;1200;1815
Q198065911_1;Q198065911_1_12;L;8300;1240;0;9900;2440;2700
Q198065911_1;Q198065911_1_13;M;9820;0;0;11420;1200;2865
Q198065911_1;Q198065911_1_14;N;9900;1240;0;11500;2440;2865
Q198065911_1;Q198065911_1_15;O;11420;0;0;13020;1200;2865
Q198065911_1;Q198065911_1_16;P;11500;1240;0;13100;2440;2865
Q198065911_2;Q198065911_2_1;A;0;0;0;1000;1200;1860
Q198065911_2;Q198065911_2_2;B;0;1240;0;1600;2440;2700
Q198065911_2;Q198065911_2_3;C;1000;0;0;2600;1200;930
P186069131;P186069131_1;A;0;1240;0;2000;2440;2875
P186069131;P186069131_2;B;0;0;0;2000;1200;2875
P186069131;P186069131_3;C;2000;0;0;4000;1200;2875
P186069131;P186069131_4;D;2000;1240;0;4000;2440;2875
P186069131;P186069131_5;E;4000;1240;0;6000;2440;2875
P186069131;P186069131_6;F;4000;0;0;6000;1200;2875
P186069131;P186069131_7;G;6000;0;0;8000;1200;2875
P186069131;P186069131_8;H;6000;1240;0;8000;2440;2875
P186069131;P186069131_9;I;8000;1240;0;10000;2440;2875
P186069131;P186069131_10;J;8000;0;0;10000;1200;2875
P186069131;P186069131_11;K;10000;0;0;12000;1200;2875
P186069131;P186069131_12;L;10000;1240;0;12000;2440;2875
P186069131;P186069131_13;M;12000;0;0;13200;2000;2875
P186069127;P186069127_1;A;0;0;0;1200;2400;2500
P186069127;P186069127_2;B;1200;0;0;2400;2400;2460
P186069127;P186069127_3;C;2400;0;0;3600;2400;2460
P186069127;P186069127_4;D;3600;1240;0;5400;2440;2340
P186069127;P186069127_5;E;3600;0;0;5400;1200;2340
P186069127;P186069127_6;F;5400;0;0;7200;1200;2340
P186069127;P186069127_7;G;5400;1240;0;7200;2440;2340
P186069127;P186069127_8;H;7200;1240;0;9000;2440;2340
P186069127;P186069127_9;I;7200;0;0;9000;1200;2340
P186069127;P186069127_10;J;9000;0;0;10800;1200;2340
P186069127;P186069127_11;K;9000;1240;0;11000;2440;2875
P186069127;P186069127_12;L;10800;0;0;12800;1200;2875
P186069127;P186069127_13;M;11000;1240;0;13000;2440;2875
P186069011;P186069011_1;A;0;1240;0;1800;2440;2340
P186069011;P186069011_2;B;0;0;0;1800;1200;2340
P186069011;P186069011_3;C;1800;0;0;3000;2400;2460
P186069011;P186069011_4;D;3000;0;0;4200;2400;2460
P186069011;P186069011_5;E;4200;0;0;5400;2400;2460
P186069011;P186069011_6;F;5400;0;0;6600;2400;2460
P186069011;P186069011_7;G;6600;0;0;7800;2400;2460
P186069011;P186069011_8;H;7800;0;0;9000;2400;2460
P186069011;P186069011_9;I;9000;0;0;10200;2400;2460
P186069011;P186069011_10;J;10200;0;0;11400;2400;2460
P186069011;P186069011_11;K;11400;0;0;13400;1200;2250
P186069011;P186069011_12;L;11400;1240;0;13400;2440;2875
P186069113;P186069113_1;A;0;0;0;1200;2400;1620
P186069113;P186069113_2;B;1200;0;0;2400;2400;1900
P186069113;P186069113_3;C;2400;0;0;3600;2400;1900
P186069113;P186069113_4;D;3600;0;0;4800;2400;1620
P186069113;P186069113_5;E;4800;0;0;6000;2400;1620
P186069113;P186069113_6;F;6000;0;0;7200;2400;2000
P186069113;P186069113_7;G;7200;0;0;8400;2400;2000
P186069113;P186069113_8;H;8400;0;0;9600;2400;2000
P186069113;P186069113_9;I;9600;0;0;10800;2400;2460
P186069113;P186069113_10;J;10800;0;0;12000;2400;2460
P186069113;P186069113_11;K;12000;0;0;13200;2400;2460
P186069119;P186069119_1;A;0;0;0;2000;1200;2875
P186069119;P186069119_2;B;0;1240;0;2000;2440;2875
P186069119;P186069119_3;C;2000;1240;0;4000;2440;2875
P186069119;P186069119_4;D;2000;0;0;4000;1200;2875
P186069119;P186069119_5;E;4000;0;0;6000;1200;2875
P186069119;P186069119_6;F;4000;1240;0;6000;2440;2875
P186069119;P186069119_7;G;6000;1240;0;8000;2440;2875
P186069119;P186069119_8;H;6000;0;0;8000;1200;2875
P186069119;P186069119_9;I;8000;0;0;10000;1200;2875
P186069119;P186069119_10;J;8000;1240;0;10000;2440;2875
P186069119;P186069119_11;K;10000;1240;0;12000;2440;2875
P186069119;P186069119_12;L;10000;0;0;12000;1200;2875
P186069119;P186069119_13;M;12000;0;0;13200;2000;2875
P186069019;P186069019_1;A;0;0;0;1200;2400;2000
P186069019;P186069019_2;B;1200;0;0;2400;2400;1620
P186069019;P186069019_3;C;2400;0;0;3600;2400;2000
P186069019;P186069019_4;D;3600;0;0;4800;2400;2000
P186069019;P186069019_5;E;4800;0;0;6000;2400;2460
P186069019;P186069019_6;F;6000;0;0;7200;2400;1900
P186069019;P186069019_7;G;7200;0;0;9200;1200;2250
P186069019;P186069019_8;H;7200;1240;0;9600;2440;2460
P186069019;P186069019_9;I;9200;0;0;11600;1200;1900
P186069019;P186069019_10;J;9600;1240;0;12000;2440;2500
P186069019;P186069019_11;K;12000;0;0;13200;2400;2000
P186069115;P186069115_1;A;0;0;0;1800;1200;2340
P186069115;P186069115_2;B;0;1240;0;1800;2440;2340
P186069115;P186069115_3;C;1800;1240;0;3600;2440;2340
P186069115;P186069115_4;D;1800;0;0;3600;1200;2340
P186069115;P186069115_5;E;3600;0;0;4800;1200;2200
P186069115;P186069115_6;F;3600;1240;0;5400;2440;2340
P186069115;P186069115_7;G;4800;0;0;6600;1200;2340
P186069115;P186069115_8;H;5400;1240;0;7200;2440;2340
P186069115;P186069115_9;I;6600;0;0;8400;1200;2340
P186069115;P186069115_10;J;7200;1240;0;9000;2440;2340
P186069115;P186069115_11;K;8400;0;0;10200;1200;2340
P186069115;P186069115_12;L;9000;1240;0;10800;2440;2340
P186069115;P186069115_13;M;10200;0;0;11400;1200;2200
P186069115;P186069115_14;N;10800;1240;0;13200;2440;2460
P186069115;P186069115_15;O;11400;0;0;13200;1200;2340
P186069015;P186069015_1;A;0;0;0;1200;2400;2460
P186069015;P186069015_2;B;1200;0;0;2400;2400;2460
P186069015;P186069015_3;C;2400;0;0;3600;2400;2460
P186069015;P186069015_4;D;3600;0;0;4800;2400;2460
P186069015;P186069015_5;E;4800;0;0;6000;2400;2460
P186069015;P186069015_6;F;6000;1240;0;8000;2440;2875
P186069015;P186069015_7;G;6000;0;0;8000;1200;2875
P186069015;P186069015_8;H;8000;0;0;10000;1200;2875
P186069015;P186069015_9;I;8000;1240;0;10000;2440;2875
P186069015;P186069015_10;J;10000;1240;0;12000;2440;2875
P186069015;P186069015_11;K;10000;0;0;12400;1200;2460
P186069013;P186069013_1;A;0;0;0;1200;2400;1620
P186069013;P186069013_2;B;1200;0;0;2400;2400;2000
P186069013;P186069013_3;C;2400;0;0;3600;2400;1900
P186069013;P186069013_4;D;3600;0;0;4800;2400;2000
P186069013;P186069013_5;E;4800;0;0;6000;2400;2460
P186069013;P186069013_6;F;6000;0;0;7200;2400;2460
P186069013;P186069013_7;G;7200;0;0;8400;2400;1620
P186069013;P186069013_8;H;8400;0;0;9600;2400;1900
P186069013;P186069013_9;I;9600;0;0;10800;2400;2000
P186069013;P186069013_10;J;10800;0;0;12000;2400;2460
P186069013;P186069013_11;K;12000;0;0;13200;2400;2460
P186069111;P186069111_1;A;0;0;0;1200;2400;1800
P186069111;P186069111_2;B;1200;0;0;3000;1200;2340
P186069111;P186069111_3;C;1200;1240;0;3000;2440;2340
P186069111;P186069111_4;D;3000;1240;0;4800;2440;2340
P186069111;P186069111_5;E;3000;0;0;4800;1200;2340
P186069111;P186069111_6;F;4800;0;0;6600;1200;2340
P186069111;P186069111_7;G;4800;1240;0;6600;2440;2340
P186069111;P186069111_8;H;6600;1240;0;8400;2440;2340
P186069111;P186069111_9;I;6600;0;0;7800;1200;2200
P186069111;P186069111_10;J;7800;0;0;10000;1200;1760
P186069111;P186069111_11;K;8400;1240;0;10200;2440;2340
P186069111;P186069111_12;L;10000;0;0;12000;1200;2875
P186069111;P186069111_13;M;10200;1240;0;12200;2440;2875
P186069111;P186069111_14;N;12200;0;0;13400;2000;2875
P186069009;P186069009_1;A;0;0;0;1200;2400;2460
P186069009;P186069009_2;B;1200;0;0;2400;2400;2460
P186069009;P186069009_3;C;2400;0;0;3600;2400;2460
P186069009;P186069009_4;D;3600;0;0;4800;2400;1900
P186069009;P186069009_5;E;4800;0;0;6000;2400;2000
P186069009;P186069009_6;F;6000;0;0;7200;2400;2000
P186069009;P186069009_7;G;7200;0;0;8400;2400;1620
P186069009;P186069009_8;H;8400;0;0;9600;2400;2460
P186069009;P186069009_9;I;9600;0;0;10800;2400;2460
P186069009;P186069009_10;J;10800;0;0;12000;2400;2460
P186069009;P186069009_11;K;12000;0;0;13200;2400;2000
P186069107;P186069107_1;A;0;0;0;2000;1200;2875
P186069107;P186069107_2;B;0;1240;0;2000;2440;2875
P186069107;P186069107_3;C;2000;1240;0;4000;2440;2875
P186069107;P186069107_4;D;2000;0;0;4000;1200;2875
P186069107;P186069107_5;E;4000;0;0;6000;1200;2875
P186069107;P186069107_6;F;4000;1240;0;6000;2440;2875
P186069107;P186069107_7;G;6000;1240;0;8000;2440;2875
P186069107;P186069107_8;H;6000;0;0;8000;1200;2875
P186069107;P186069107_9;I;8000;0;0;10000;1200;2875
P186069107;P186069107_10;J;8000;1240;0;10000;2440;2875
P186069107;P186069107_11;K;10000;1240;0;12000;2440;2875
P186069107;P186069107_12;L;10000;0;0;12000;1200;2875
P186069107;P186069107_13;M;12000;0;0;13200;2000;2875
P186069105;P186069105_1;A;0;0;0;1200;2400;1900
P186069105;P186069105_2;B;1200;0;0;2400;2400;1620
P186069105;P186069105_3;C;2400;0;0;3600;2400;1900
P186069105;P186069105_4;D;3600;0;0;4800;2400;2460
P186069105;P186069105_5;E;4800;0;0;6000;2400;2460
P186069105;P186069105_6;F;6000;0;0;7200;2400;2460
P186069105;P186069105_7;G;7200;0;0;8400;2400;2000
P186069105;P186069105_8;H;8400;0;0;9600;2400;2000
P186069105;P186069105_9;I;9600;0;0;10800;2400;2460
P186069105;P186069105_10;J;10800;0;0;12000;2400;2460
P186069105;P186069105_11;K;12000;0;0;13200;2400;2460
P186069005;P186069005_1;A;0;0;0;1800;1200;2340
P186069005;P186069005_2;B;0;1240;0;1800;2440;2340
P186069005;P186069005_3;C;1800;1240;0;3600;2440;2340
P186069005;P186069005_4;D;1800;0;0;3600;1200;2340
P186069005;P186069005_5;E;3600;0;0;5400;1200;2340
P186069005;P186069005_6;F;3600;1240;0;5400;2440;2340
P186069005;P186069005_7;G;5400;1240;0;7200;2440;2340
P186069005;P186069005_8;H;5400;0;0;7800;1200;2000
P186069005;P186069005_9;I;7200;1240;0;9600;2440;1800
P186069005;P186069005_10;J;7800;0;0;9600;1200;2340
P186069005;P186069005_11;K;9600;0;0;11400;1200;2340
P186069005;P186069005_12;L;9600;1240;0;11400;2440;2340
P186069005;P186069005_13;M;11400;1240;0;13200;2440;2340
P186069005;P186069005_14;N;11400;0;0;13200;1200;2340
P186069003;P186069003_1;A;0;0;0;2000;1200;2875
P186069003;P186069003_2;B;0;1240;0;2000;2440;2875
P186069003;P186069003_3;C;2000;1240;0;4000;2440;2875
P186069003;P186069003_4;D;2000;0;0;4000;1200;2875
P186069003;P186069003_5;E;4000;0;0;6000;1200;2875
P186069003;P186069003_6;F;4000;1240;0;6000;2440;2875
P186069003;P186069003_7;G;6000;1240;0;8000;2440;2875
P186069003;P186069003_8;H;6000;0;0;8000;1200;2875
P186069003;P186069003_9;I;8000;0;0;10000;1200;2875
P186069003;P186069003_10;J;8000;1240;0;10000;2440;2875
P186069003;P186069003_11;K;10000;0;0;11200;2400;2460
P186069003;P186069003_12;L;11200;0;0;12400;2400;2460
P186069101;P186069101_1;A;0;0;0;1200;2400;2460
P186069101;P186069101_2;B;1200;40;0;2400;2440;2460
P186069101;P186069101_3;C;2400;0;0;3600;2400;2460
P186069101;P186069101_4;D;3600;0;0;4800;2400;2460
P186069101;P186069101_5;E;4800;0;0;6000;2400;2460
P186069101;P186069101_6;F;6000;0;0;7200;2400;2460
P186069101;P186069101_7;G;7200;0;0;8400;2400;1620
P186069101;P186069101_8;H;8400;0;0;9600;2400;2000
P186069101;P186069101_9;I;9600;0;0;10800;2400;1900
P186069101;P186069101_10;J;10800;0;0;12000;2400;2460
P186069101;P186069101_11;K;12000;0;0;13200;2400;2000
P186069001;P186069001_1;A;0;0;0;2000;1200;2875
P186069001;P186069001_2;B;0;1240;0;2000;2440;2875
P186069001;P186069001_3;C;2000;1240;0;4000;2440;2875
P186069001;P186069001_4;D;2000;0;0;4000;1200;2875
P186069001;P186069001_5;E;4000;0;0;6000;1200;2875
P186069001;P186069001_6;F;4000;1240;0;6000;2440;2875
P186069001;P186069001_7;G;6000;1240;0;8000;2440;2875
P186069001;P186069001_8;H;6000;0;0;8000;1200;2875
P186069001;P186069001_9;I;8000;0;0;10000;1200;2875
P186069001;P186069001_10;J;8000;1240;0;10000;2440;2875
P186069001;P186069001_11;K;10000;1240;0;12000;2440;2875
P186069001;P186069001_12;L;10000;0;0;11800;1200;2340
P186069001;P186069001_13;M;12000;0;0;13200;2400;2460
P186069025;P186069025_1;A;0;0;0;1200;2400;1620
P186069025;P186069025_2;B;1200;0;0;2400;2400;2000
P186069025;P186069025_3;C;2400;0;0;3600;2400;2000
P186069025;P186069025_4;D;3600;0;0;4800;2400;1900
P186069025;P186069025_5;E;4800;0;0;6000;2400;1900
P186069025;P186069025_6;F;6000;0;0;7200;2400;2460
P186069025;P186069025_7;G;7200;0;0;8400;2400;2460
P186069025;P186069025_8;H;8400;0;0;9600;2400;2460
P186069025;P186069025_9;I;9600;0;0;10800;2400;2460
P186069025;P186069025_10;J;10800;0;0;12000;2400;2460
P186069025;P186069025_11;K;12000;0;0;13200;2400;2460
P186069027;P186069027_1;A;0;0;0;1800;1200;2340
P186069027;P186069027_2;B;0;1240;0;1800;2440;2340
P186069027;P186069027_3;C;1800;1240;0;3000;2440;2200
P186069027;P186069027_4;D;1800;0;0;3600;1200;2340
P186069027;P186069027_5;E;3000;1240;0;4800;2440;2340
P186069027;P186069027_6;F;3600;0;0;6000;1200;1620
P186069027;P186069027_7;G;4800;1240;0;7200;2440;2000
P186069027;P186069027_8;H;6000;0;0;8400;1200;2000
P186069027;P186069027_9;I;7200;1240;0;9600;2440;2000
P186069027;P186069027_10;J;8400;0;0;10200;1200;2340
P186069027;P186069027_11;K;9600;1240;0;12000;2440;2460
P186069027;P186069027_12;L;10200;0;0;12000;1200;2340
P186069027;P186069027_13;M;12000;0;0;13200;1800;2340
P185069131;P185069131_1;A;0;0;0;2000;1200;2875
P185069131;P185069131_2;B;0;1240;0;2000;2440;2875
P185069131;P185069131_3;C;2000;1240;0;4000;2440;2875
P185069131;P185069131_4;D;2000;0;0;4000;1200;2875
P185069131;P185069131_5;E;4000;0;0;6000;1200;2875
P185069131;P185069131_6;F;4000;1240;0;6000;2440;2875
P185069131;P185069131_7;G;6000;1240;0;8000;2440;2875
P185069131;P185069131_8;H;6000;0;0;8000;1200;2875
P185069131;P185069131_9;I;8000;0;0;10000;1200;2875
P185069131;P185069131_10;J;8000;1240;0;10000;2440;2875
P185069131;P185069131_11;K;10000;1240;0;12000;2440;2875
P185069131;P185069131_12;L;10000;0;0;12000;1200;2875
P185069131;P185069131_13;M;12000;0;0;13200;2000;2875
P185069127;P185069127_1;A;0;0;0;1200;2400;2500
P185069127;P185069127_2;B;1200;0;0;2400;2400;1620
P185069127;P185069127_3;C;2400;0;0;4400;1200;2875
P185069127;P185069127_4;D;2400;1240;0;4800;2440;1900
P185069127;P185069127_5;E;4400;0;0;6200;1200;2340
P185069127;P185069127_6;F;4800;1240;0;6600;2440;2400
P185069127;P185069127_7;G;6200;0;0;8000;1200;2340
P185069127;P185069127_8;H;6600;1240;0;8400;2440;2340
P185069127;P185069127_9;I;8000;0;0;9800;1200;2340
P185069127;P185069127_10;J;8400;1240;0;10200;2440;2340
P185069127;P185069127_11;K;9800;0;0;11600;1200;2340
P185069127;P185069127_12;L;10200;1240;0;12000;2440;2340
P185069127;P185069127_13;M;11600;0;0;13400;1200;2340
P185069127;P185069127_14;N;12000;1240;0;13200;2440;2200
P185069125;P185069125_1;A;0;0;0;1200;2400;1900
P185069125;P185069125_2;B;1200;0;0;2400;1200;2200
P185069125;P185069125_3;C;1200;1240;0;3000;2440;2340
P185069125;P185069125_4;D;2400;0;0;4200;1200;2340
P185069125;P185069125_5;E;3000;1240;0;4800;2440;2340
P185069125;P185069125_6;F;4200;0;0;6000;1200;2340
P185069125;P185069125_7;G;4800;1240;0;6000;2440;2200
P185069125;P185069125_8;H;6000;1240;0;7800;2440;2340
P185069125;P185069125_9;I;6000;0;0;7800;1200;2340
P185069125;P185069125_10;J;7800;0;0;9600;1200;2340
P185069125;P185069125_11;K;7800;1240;0;9600;2440;2340
P185069125;P185069125_12;L;9600;1240;0;11400;2440;2340
P185069125;P185069125_13;M;9600;0;0;11400;1200;2340
P185069125;P185069125_14;N;11400;0;0;13200;1200;2340
P185069125;P185069125_15;O;11400;1240;0;13200;2440;2340
P185069011;P185069011_1;A;0;0;0;1200;2400;2460
P185069011;P185069011_2;B;1200;0;0;2400;2400;2460
P185069011;P185069011_3;C;2400;0;0;4400;1200;2875
P185069011;P185069011_4;D;2400;1240;0;4400;2440;2875
P185069011;P185069011_5;E;4400;1240;0;6400;2440;2875
P185069011;P185069011_6;F;4400;0;0;6400;1200;2875
P185069011;P185069011_7;G;6400;0;0;8400;1200;2875
P185069011;P185069011_8;H;6400;1240;0;8400;2440;2875
P185069011;P185069011_9;I;8400;1240;0;10400;2440;2875
P185069011;P185069011_10;J;8400;0;0;10400;1200;2875
P185069011;P185069011_11;K;10400;0;0;12400;1200;2875
P185069011;P185069011_12;L;10400;1240;0;12400;2440;2875
P185069123;P185069123_1;A;0;0;0;1800;1200;2340
P185069123;P185069123_2;B;0;1240;0;2400;2440;2500
P185069123;P185069123_3;C;1800;0;0;4200;1200;1900
P185069123;P185069123_4;D;2400;1240;0;4800;2440;1900
P185069123;P185069123_5;E;4200;0;0;6600;1200;2460
P185069123;P185069123_6;F;4800;1240;0;7200;2440;2460
P185069123;P185069123_7;G;6600;0;0;8400;1200;2340
P185069123;P185069123_8;H;7200;1240;0;9600;2440;1900
P185069123;P185069123_9;I;8400;0;0;10200;1200;2340
P185069123;P185069123_10;J;9600;1240;0;11400;2440;2340
P185069123;P185069123_11;K;10200;0;0;12000;1200;2340
P185069123;P185069123_12;L;11400;1240;0;13200;2440;2340
P185069123;P185069123_13;M;12000;0;0;13200;1200;2200
P185069119;P185069119_1;A;0;0;0;2000;1200;2875
P185069119;P185069119_2;B;0;1240;0;2000;2440;2875
P185069119;P185069119_3;C;2000;1240;0;4000;2440;2875
P185069119;P185069119_4;D;2000;0;0;4000;1200;2875
P185069119;P185069119_5;E;4000;0;0;6000;1200;2875
P185069119;P185069119_6;F;4000;1240;0;6000;2440;2875
P185069119;P185069119_7;G;6000;1240;0;8000;2440;2875
P185069119;P185069119_8;H;6000;0;0;8000;1200;2875
P185069119;P185069119_9;I;8000;0;0;10000;1200;2875
P185069119;P185069119_10;J;8000;1240;0;10000;2440;2875
P185069119;P185069119_11;K;10000;1240;0;12000;2440;2875
P185069119;P185069119_12;L;10000;0;0;12000;1200;2875
P185069119;P185069119_13;M;12000;0;0;13200;2000;2875
P185069015;P185069015_1;A;0;0;0;1200;2400;2460
P185069015;P185069015_2;B;1200;0;0;2400;2400;2460
P185069015;P185069015_3;C;2400;0;0;3600;2400;2460
P185069015;P185069015_4;D;3600;0;0;4800;2400;2460
P185069015;P185069015_5;E;4800;0;0;6800;1200;2250
P185069015;P185069015_6;F;4800;1240;0;6600;2440;2340
P185069015;P185069015_7;G;6600;1240;0;8600;2440;2250
P185069015;P185069015_8;H;6800;0;0;9200;1200;2460
P185069015;P185069015_9;I;8600;1240;0;10400;2440;2340
P185069015;P185069015_10;J;9200;0;0;11200;1200;2875
P185069015;P185069015_11;K;10400;1240;0;12400;2440;2875
P185069015;P185069015_12;L;11200;0;0;13200;1200;2875
P185069013;P185069013_1;A;0;0;0;1200;2400;1620
P185069013;P185069013_2;B;1200;0;0;2400;2400;1620
P185069013;P185069013_3;C;2400;0;0;3600;2400;1620
P185069013;P185069013_4;D;3600;0;0;4800;2400;2000
P185069013;P185069013_5;E;4800;0;0;6000;2400;2000
P185069013;P185069013_6;F;6000;0;0;7200;2400;2000
P185069013;P185069013_7;G;7200;0;0;8400;2400;1620
P185069013;P185069013_8;H;8400;0;0;9600;2400;2000
P185069013;P185069013_9;I;9600;0;0;10800;2400;2000
P185069013;P185069013_10;J;10800;0;0;12000;2400;2000
P185069013;P185069013_11;K;12000;0;0;13200;2400;2000
P185069111;P185069111_1;A;0;0;0;2200;1200;1760
P185069111;P185069111_2;B;0;1240;0;2400;2440;1800
P185069111;P185069111_3;C;2200;0;0;4600;1200;1620
P185069111;P185069111_4;D;2400;1240;0;4800;2440;1900
P185069111;P185069111_5;E;4600;0;0;6400;1200;2340
P185069111;P185069111_6;F;4800;1240;0;6600;2440;2340
P185069111;P185069111_7;G;6400;0;0;8800;1200;2460
P185069111;P185069111_8;H;6600;1240;0;8600;2440;2875
P185069111;P185069111_9;I;8600;1240;0;10600;2440;2875
P185069111;P185069111_10;J;8800;0;0;10800;1200;2875
P185069111;P185069111_11;K;10600;1240;0;12600;2440;2875
P185069111;P185069111_12;L;10800;0;0;12800;1200;2875
P185069009;P185069009_1;A;0;0;0;1200;2400;1620
P185069009;P185069009_2;B;1200;0;0;2400;2400;2460
P185069009;P185069009_3;C;2400;0;0;3600;2400;2460
P185069009;P185069009_4;D;3600;0;0;4800;2400;2000
P185069009;P185069009_5;E;4800;0;0;6000;2400;1900
P185069009;P185069009_6;F;6000;0;0;7200;2400;2000
P185069009;P185069009_7;G;7200;0;0;8400;2400;2460
P185069009;P185069009_8;H;8400;0;0;9600;2400;2460
P185069009;P185069009_9;I;9600;0;0;10800;2400;2460
P185069009;P185069009_10;J;10800;0;0;12000;2400;2000
P185069009;P185069009_11;K;12000;0;0;13200;2400;2000
P185069107;P185069107_1;A;0;0;0;2000;1200;2875
P185069107;P185069107_2;B;0;1240;0;2000;2440;2875
P185069107;P185069107_3;C;2000;1240;0;4000;2440;2875
P185069107;P185069107_4;D;2000;0;0;4000;1200;2875
P185069107;P185069107_5;E;4000;0;0;6000;1200;2875
P185069107;P185069107_6;F;4000;1240;0;6000;2440;2875
P185069107;P185069107_7;G;6000;1240;0;8000;2440;2875
P185069107;P185069107_8;H;6000;0;0;8000;1200;2875
P185069107;P185069107_9;I;8000;0;0;10000;1200;2875
P185069107;P185069107_10;J;8000;1240;0;10000;2440;2875
P185069107;P185069107_11;K;10000;1240;0;12000;2440;2875
P185069107;P185069107_12;L;10000;0;0;12000;1200;2875
P185069107;P185069107_13;M;12000;0;0;13200;2000;2875
P185069007;P185069007_1;A;0;0;0;1200;2400;2000
P185069007;P185069007_2;B;1200;0;0;2400;2400;2460
P185069007;P185069007_3;C;2400;0;0;3600;2400;2460
P185069007;P185069007_4;D;3600;0;0;4800;2400;2460
P185069007;P185069007_5;E;4800;0;0;6000;2400;2460
P185069007;P185069007_6;F;6000;0;0;7200;2400;2460
P185069007;P185069007_7;G;7200;0;0;8400;2400;2460
P185069007;P185069007_8;H;8400;0;0;10200;1200;2340
P185069007;P185069007_9;I;8400;1200;0;9200;1800;560
P185069007;P185069007_10;J;9200;1240;0;11000;2440;2340
P185069007;P185069007_11;K;10200;0;0;12600;1200;2460
P185069007;P185069007_12;L;11000;1240;0;13400;2440;2460
P185069105;P185069105_1;A;0;0;0;1200;2400;1900
P185069105;P185069105_2;B;1200;0;0;2400;2400;1620
P185069105;P185069105_3;C;2400;0;0;3600;2400;2500
P185069105;P185069105_4;D;3600;0;0;4800;2400;1900
P185069105;P185069105_5;E;4800;0;0;6000;2400;2000
P185069105;P185069105_6;F;6000;0;0;7200;2400;1620
P185069105;P185069105_7;G;7200;0;0;8400;2400;2460
P185069105;P185069105_8;H;8400;0;0;9600;2400;2460
P185069105;P185069105_9;I;9600;0;0;10800;2400;2000
P185069105;P185069105_10;J;10800;0;0;12000;2400;1900
P185069105;P185069105_11;K;12000;0;0;13200;2400;2000
P185069005;P185069005_1;A;0;0;0;1200;2400;2460
P185069005;P185069005_2;B;1200;0;0;2400;2400;2460
P185069005;P185069005_3;C;2400;0;0;3600;2400;2460
P185069005;P185069005_4;D;3600;0;0;4800;2400;2460
P185069005;P185069005_5;E;4800;0;0;6000;2400;2460
P185069005;P185069005_6;F;6000;0;0;7200;2400;2460
P185069005;P185069005_7;G;7200;0;0;8400;2400;2460
P185069005;P185069005_8;H;8400;0;0;9600;2400;2460
P185069005;P185069005_9;I;9600;0;0;10800;2400;2460
P185069005;P185069005_10;J;10800;0;0;12000;2400;2460
P185069005;P185069005_11;K;12000;0;0;13200;2400;2460
P185069003;P185069003_1;A;0;0;0;2000;1200;2875
P185069003;P185069003_2;B;0;1240;0;2000;2440;2875
P185069003;P185069003_3;C;2000;1240;0;4000;2440;2875
P185069003;P185069003_4;D;2000;0;0;4000;1200;2875
P185069003;P185069003_5;E;4000;0;0;6000;1200;2875
P185069003;P185069003_6;F;4000;1240;0;6000;2440;2875
P185069003;P185069003_7;G;6000;1240;0;8000;2440;2875
P185069003;P185069003_8;H;6000;0;0;8000;1200;2875
P185069003;P185069003_9;I;8000;0;0;10000;1200;2875
P185069003;P185069003_10;J;8000;1240;0;10000;2440;2875
P185069003;P185069003_11;K;10000;1240;0;12000;2440;2875
P185069003;P185069003_12;L;10000;0;0;12000;1200;2875
P185069003;P185069003_13;M;12000;0;0;13200;2000;2875
P185069101;P185069101_1;A;0;0;0;1200;2400;2460
P185069101;P185069101_2;B;1200;0;0;2400;2400;2460
P185069101;P185069101_3;C;2400;0;0;3600;2400;2460
P185069101;P185069101_4;D;3600;0;0;4800;2400;2460
P185069101;P185069101_5;E;4800;0;0;6000;2400;2460
P185069101;P185069101_6;F;6000;0;0;7200;2400;2460
P185069001;P185069001_1;A;0;0;0;2000;1200;2875
P185069001;P185069001_2;B;0;1240;0;2000;2440;2875
P185069001;P185069001_3;C;2000;1240;0;4000;2440;2875
P185069001;P185069001_4;D;2000;0;0;4000;1200;2875
P185069001;P185069001_5;E;4000;0;0;6000;1200;2875
P185069001;P185069001_6;F;4000;1240;0;6000;2440;2875
P185069001;P185069001_7;G;6000;1240;0;8000;2440;2875
P185069001;P185069001_8;H;6000;0;0;8000;1200;2875
P185069001;P185069001_9;I;8000;0;0;10000;1200;2875
P185069001;P185069001_10;J;8000;1240;0;10000;2440;2875
P185069001;P185069001_11;K;10000;1240;0;12000;2440;2875
P185069001;P185069001_12;L;10000;0;0;12000;1200;2875
P185069001;P185069001_13;M;12000;0;0;13200;2000;2875
P185069025;P185069025_1;A;0;0;0;1200;2400;1620
P185069025;P185069025_2;B;1200;0;0;2400;2400;2460
P185069025;P185069025_3;C;2400;0;0;3600;2400;1900
P185069025;P185069025_4;D;3600;0;0;4800;2400;1620
P185069025;P185069025_5;E;4800;0;0;6000;2400;2000
P185069025;P185069025_6;F;6000;0;0;7200;2400;2000
P185069025;P185069025_7;G;7200;0;0;8400;2400;2000
P185069025;P185069025_8;H;8400;0;0;9600;2400;2460
P185069025;P185069025_9;I;9600;0;0;10800;2400;2500
P185069025;P185069025_10;J;10800;0;0;12000;2400;2000
P185069025;P185069025_11;K;12000;0;0;13200;2400;2000
P185069027;P185069027_1;A;0;0;0;1800;1200;2340
P185069027;P185069027_2;B;0;1200;0;1800;2400;2340
P185069027;P185069027_3;C;1800;1240;0;3600;2440;2340
P185069027;P185069027_4;D;1800;0;0;3600;1200;2340
P185069027;P185069027_5;E;3600;1240;0;5400;2440;2340
P185069027;P185069027_6;F;3600;0;0;5400;1200;2340
P185069027;P185069027_7;G;5400;0;0;7200;1200;2340
P185069027;P185069027_8;H;5400;1240;0;7200;2440;2340
P185069027;P185069027_9;I;7200;1240;0;9000;2440;2340
P185069027;P185069027_10;J;7200;0;0;9000;1200;2340
P185069027;P185069027_11;K;9000;0;0;10800;1200;2340
P185069027;P185069027_12;L;9000;1240;0;10800;2440;2340
P185069027;P185069027_13;M;10800;1240;0;13000;2440;1760
P185069027;P185069027_14;N;10800;0;0;12000;1200;2200
P185069027;P185069027_15;O;12000;0;0;13200;1200;2200
P184069131;P184069131_1;A;0;0;0;2000;1200;2875
P184069131;P184069131_2;B;0;1240;0;2000;2440;2875
P184069131;P184069131_3;C;2000;1240;0;4000;2440;2875
P184069131;P184069131_4;D;2000;0;0;4000;1200;2875
P184069131;P184069131_5;E;4000;0;0;6000;1200;2875
P184069131;P184069131_6;F;4000;1240;0;5800;2440;2340
P184069131;P184069131_7;G;5800;1240;0;8200;2440;2460
P184069131;P184069131_8;H;6000;0;0;8400;1200;2460
P184069131;P184069131_9;I;8200;1240;0;10600;2440;2460
P184069131;P184069131_10;J;8400;0;0;10800;1200;2460
P184069131;P184069131_11;K;10600;1240;0;13000;2440;2460
P184069131;P184069131_12;L;10800;0;0;13200;1200;2460
P184069127;P184069127_1;A;0;0;0;1200;2400;1800
P184069127;P184069127_2;B;1200;1240;0;3000;2440;2340
P184069127;P184069127_3;C;1200;0;0;3000;1200;2340
P184069127;P184069127_4;D;3000;0;0;4800;1200;2340
P184069127;P184069127_5;E;3000;1240;0;4800;2440;2340
P184069127;P184069127_6;F;4800;1240;0;6600;2440;2340
P184069127;P184069127_7;G;4800;0;0;6600;1200;2340
P184069127;P184069127_8;H;6600;0;0;8400;1200;2340
P184069127;P184069127_9;I;6600;1240;0;9000;2440;1620
P184069127;P184069127_10;J;8400;0;0;10800;1200;1900
P184069127;P184069127_11;K;9000;1240;0;11400;2440;1900
P184069127;P184069127_12;L;10800;0;0;12600;1200;2340
P184069127;P184069127_13;M;11400;1240;0;12600;2440;2200
P184069021;P184069021_1;A;0;1240;0;1800;2440;2340
P184069021;P184069021_2;B;0;0;0;1800;1200;2340
P184069021;P184069021_3;C;1800;0;0;3600;1200;2340
P184069021;P184069021_4;D;1800;1240;0;3600;2440;2340
P184069021;P184069021_5;E;3600;1240;0;5400;2440;2340
P184069021;P184069021_6;F;3600;0;0;5400;1200;2340
P184069021;P184069021_7;G;5400;0;0;7200;1200;2340
P184069021;P184069021_8;H;5400;1240;0;7200;2440;2340
P184069021;P184069021_9;I;7200;1240;0;9000;2440;2340
P184069021;P184069021_10;J;7200;0;0;9000;1200;2340
P184069021;P184069021_11;K;9000;0;0;10200;2400;2460
P184069021;P184069021_12;L;10200;0;0;11400;2400;2460
P184069021;P184069021_13;M;11400;0;0;13200;1200;2340
P184069021;P184069021_14;N;11400;1240;0;13200;2440;2340
P184069119;P184069119_1;A;0;0;0;2000;1200;2250
P184069119;P184069119_2;B;0;1240;0;2000;2440;2875
P184069119;P184069119_3;C;2000;1240;0;4000;2440;2875
P184069119;P184069119_4;D;2000;0;0;4000;1200;2875
P184069119;P184069119_5;E;4000;0;0;6000;1200;2875
P184069119;P184069119_6;F;4000;1240;0;6000;2440;2875
P184069119;P184069119_7;G;6000;0;0;7200;2400;2460
P184069119;P184069119_8;H;7200;0;0;9200;1200;2250
P184069119;P184069119_9;I;7200;1240;0;9200;2440;2875
P184069119;P184069119_10;J;9200;1240;0;11200;2440;2875
P184069119;P184069119_11;K;9200;0;0;11200;1200;2875
P184069119;P184069119_12;L;11200;0;0;13200;1200;2875
P184069119;P184069119_13;M;11200;1240;0;13200;2440;1460
P184069115;P184069115_1;A;0;1240;0;1800;2440;2340
P184069115;P184069115_2;B;0;0;0;2400;1200;2460
P184069115;P184069115_3;C;1800;1240;0;4200;2440;2460
P184069115;P184069115_4;D;2400;0;0;4800;1200;2460
P184069115;P184069115_5;E;4200;1240;0;6600;2440;2460
P184069115;P184069115_6;F;4800;0;0;7200;1200;2460
P184069115;P184069115_7;G;6600;1240;0;8400;2440;2340
P184069115;P184069115_8;H;7200;0;0;9000;1200;2340
P184069115;P184069115_9;I;8400;1240;0;10200;2440;2340
P184069115;P184069115_10;J;9000;0;0;10800;1200;2340
P184069115;P184069115_11;K;10200;1240;0;12000;2440;2340
P184069115;P184069115_12;L;10800;0;0;13200;1200;1900
P184069115;P184069115_13;M;12000;1240;0;13200;2440;2200
P184069017;P184069017_1;A;0;0;0;1200;2400;2000
P184069017;P184069017_2;B;1200;0;0;2400;2400;1620
P184069017;P184069017_3;C;2400;0;0;3600;2400;1800
P184069017;P184069017_4;D;3600;1240;0;5800;2440;1760
P184069017;P184069017_5;E;3600;0;0;5400;1200;2340
P184069017;P184069017_6;F;5400;0;0;7800;1200;2000
P184069017;P184069017_7;G;5800;1240;0;8200;2440;2000
P184069017;P184069017_8;H;7800;0;0;10200;1200;1620
P184069017;P184069017_9;I;8200;1240;0;10600;2440;1900
P184069017;P184069017_10;J;10200;0;0;12600;1200;1900
P189060655;P189060655_1;A;0;0;0;2600;1200;2935
P189060655;P189060655_2;B;0;1200;0;2600;2400;2935
P189060655;P189060655_3;C;2600;1240;0;5800;2440;2935
P189060655;P189060655_4;D;2600;0;0;5800;1200;2935
P189060655;P189060655_5;E;5800;0;0;9000;1200;2935
P189060655;P189060655_6;F;5800;1240;0;9000;2440;2935
P189060655;P189060655_7;G;9000;1240;0;12200;2440;2935
P189060655;P189060655_8;H;9000;0;0;12200;1200;2935
P189060655;P189060655_9;I;12200;0;0;13400;1000;2700
P189060655;P189060655_10;J;12200;1440;0;13400;2440;2700
P189060651;P189060651_1;A;0;0;0;3200;1200;2320
P189060651;P189060651_2;B;0;1240;0;1600;2440;2700
P189060651;P189060651_3;C;1600;1240;0;4200;2440;2935
P189060651;P189060651_4;D;3200;0;0;5800;1200;2935
P189060651;P189060651_5;E;4200;1240;0;5800;2440;2700
P189060651;P189060651_6;F;5800;1240;0;9000;2440;2935
P189060651;P189060651_7;G;5800;0;0;9000;1200;2320
P189060651;P189060651_8;H;9000;0;0;12200;1200;2855
P189060651;P189060651_9;I;9000;1240;0;10000;2440;2700
P189060651;P189060651_10;J;10000;1240;0;11600;2440;2700
P189060651;P189060651_11;K;11600;1660;0;12170;2440;1340
P189060651;P189060651_12;L;12170;1240;0;13170;2440;2700
P189060651;P189060651_13;M;12200;0;0;13200;1200;2700
P189060603;P189060603_1;A;0;40;0;1200;2440;2835
P189060603;P189060603_2;B;1200;0;0;2800;1200;2700
P189060603;P189060603_3;C;1200;1240;0;4400;2440;2935
P189060603;P189060603_4;D;2800;0;0;6000;1200;2855
P189060603;P189060603_5;E;4400;1240;0;5400;2440;2700
P189060603;P189060603_6;F;5400;1240;0;8600;2440;2935
P189060603;P189060603_7;G;6000;0;0;9200;1200;2935
P189060603;P189060603_8;H;8600;1240;0;11800;2440;1865
P189060603;P189060603_9;I;9200;0;0;10800;1200;2700
P189060603;P189060603_10;J;10800;0;0;13400;1200;2935
P189060603;P189060603_11;K;11800;1240;0;13400;2440;1815
P189060601;P189060601_1;A;0;0;0;570;780;909
P189060601;P189060601_2;B;0;1240;0;1000;2440;2700
P189060601;P189060601_3;C;570;0;0;2970;1200;975
P189060601;P189060601_4;D;1000;1240;0;4200;2440;2855
P189060601;P189060601_5;E;2970;0;0;3980;1206;2370
P189060601;P189060601_6;F;3980;0;0;5580;1200;2700
P189060601;P189060601_7;G;4200;1240;0;7400;2440;2935
P189060601;P189060601_8;H;5580;0;0;8780;1200;1945
P189060601;P189060601_9;I;7400;1240;0;10000;2440;2935
P189060601;P189060601_10;J;8780;0;0;9780;1200;2700
P189060601;P189060601_11;K;9780;0;0;11380;1200;1815
P189060601;P189060601_12;L;10000;1240;0;13200;2440;1490
P188060621;P188060621_1;A;0;0;0;1200;2400;500
P188060621;P188060621_2;B;1200;1240;0;3800;2440;2935
P188060621;P188060621_3;C;1200;0;0;3800;1200;2935
P188060621;P188060621_4;D;3800;0;0;7000;1200;2935
P188060621;P188060621_5;E;3800;1240;0;5400;2440;2700
P188060621;P188060621_6;F;5400;1240;0;8000;2440;2935
P188060621;P188060621_7;G;7000;0;0;10200;1200;2320
P188060621;P188060621_8;H;8000;1240;0;11200;2440;2855
P188060621;P188060621_9;I;10200;0;0;13400;1200;2935
P188060621;P188060621_10;J;11200;1240;0;12200;2440;2700
P188060621;P188060621_11;K;12200;1240;0;13200;2440;1815
P188060617;P188060617_1;A;0;1240;0;3200;2440;2855
P188060617;P188060617_2;B;0;0;0;1600;1200;2700
P188060617;P188060617_3;C;1600;0;0;4200;1200;2935
P188060617;P188060617_4;D;3200;1660;0;3770;2440;1340
P188060617;P188060617_5;E;3770;1240;0;6970;2440;2935
P188060617;P188060617_6;F;4200;0;0;7400;1200;2935
P188060617;P188060617_7;G;6970;1240;0;8570;2440;2700
P188060617;P188060617_8;H;7400;0;0;10000;1200;2935
P188060617;P188060617_9;I;8570;1240;0;11170;2440;2935
P188060617;P188060617_10;J;10000;0;0;13200;1200;2855
P188060617;P188060617_11;K;11170;1240;0;12170;2440;2700
P188060617;P188060617_12;L;12170;1240;0;13170;2440;2520
P188060613;P188060613_1;A;0;0;0;1000;1200;2700
P188060613;P188060613_2;B;0;1240;0;1600;2440;2700
P188060613;P188060613_3;C;1000;0;0;4200;1200;2320
P188060613;P188060613_4;D;1600;1240;0;4000;2440;2835
P188060613;P188060613_5;E;4000;1240;0;6600;2440;2935
P188060613;P188060613_6;F;4200;0;0;6800;1200;2935
P188060613;P188060613_7;G;6600;1240;0;8200;2440;2700
P188060613;P188060613_8;H;6800;0;0;10000;1200;2935
P188060613;P188060613_9;I;8200;1240;0;10800;2440;2935
P188060613;P188060613_10;J;10000;0;0;13200;1200;2400
P188060613;P188060613_11;K;10800;1240;0;11800;2440;2700
P188060613;P188060613_12;L;11800;1240;0;13400;2440;2700
P188060611;P188060611_1;A;0;0;0;570;780;1340
P188060611;P188060611_2;B;0;1240;0;3200;2440;2935
P188060611;P188060611_3;C;570;0;0;1570;1200;2700
P188060611;P188060611_4;D;1570;0;0;4170;1200;2935
P188060611;P188060611_5;E;3200;1240;0;6400;2440;2855
P188060611;P188060611_6;F;4170;0;0;5770;1200;2700
P188060611;P188060611_7;G;5770;0;0;6770;1200;2700
P188060611;P188060611_8;H;6400;1240;0;9600;2440;1490
P188060611;P188060611_9;I;6770;0;0;8370;1200;2700
P188060611;P188060611_10;J;8370;0;0;11570;1200;500
P188060611;P188060611_11;K;9600;1240;0;12200;2440;2935
P188060611;P188060611_12;L;11570;0;0;12570;1200;930
P188060603;P188060603_1;A;0;0;0;1600;1200;2700
P188060603;P188060603_2;B;0;1240;0;2600;2440;2935
P188060603;P188060603_3;C;1600;0;0;4200;1200;2935
P188060603;P188060603_4;D;2600;1240;0;5200;2440;2935
P188060603;P188060603_5;E;4200;0;0;6800;1200;2935
P188060603;P188060603_6;F;5200;1240;0;8400;2440;2935
P188060603;P188060603_7;G;6800;0;0;10000;1200;2935
P188060603;P188060603_8;H;8400;1240;0;11000;2440;2935
P188060603;P188060603_9;I;10000;0;0;13200;1200;2935
P188060603;P188060603_10;J;11000;1240;0;12000;2440;2700
P188060603;P188060603_11;K;12000;1240;0;13000;2440;2700
P188060601;P188060601_1;A;0;1240;0;1000;2440;2700
P188060601;P188060601_2;B;0;0;0;1600;1200;2700
P188060601;P188060601_3;C;1000;1240;0;2600;2440;2700
P188060601;P188060601_4;D;1600;0;0;3200;1200;2700
P188060601;P188060601_5;E;2600;1240;0;5000;2440;955
P188060601;P188060601_6;F;3200;0;0;4800;1200;2700
P188060601;P188060601_7;G;4800;0;0;8000;1200;2935
P188060601;P188060601_8;H;5000;1240;0;6600;2440;2700
P188060601;P188060601_9;I;6600;1240;0;7600;2440;2700
P188060601;P188060601_10;J;7600;1240;0;10800;2440;2320
P188060601;P188060601_11;K;8000;0;0;11200;1200;2320
P188060601;P188060601_12;L;10800;1240;0;12400;2440;2700
P188060601;P188060601_13;M;11200;0;0;12800;1200;2700
P188060601;P188060601_14;N;12400;1240;0;13400;2440;2700
P188060601;P188060601_15;O;12800;0;0;13370;780;1771
P187060621;P187060621_1;A;0;0;0;1200;2400;2835
P187060621;P187060621_2;B;1200;1240;0;4400;2440;2855
P187060621;P187060621_3;C;1200;0;0;4400;1200;2935
P187060621;P187060621_4;D;4400;0;0;7600;1200;2855
P187060621;P187060621_5;E;4400;1240;0;6000;2440;2700
P187060621;P187060621_6;F;6000;1240;0;7000;2440;2700
P187060621;P187060621_7;G;7000;1660;0;7570;2440;478
P187060621;P187060621_8;H;7570;1240;0;9170;2440;2700
P187060621;P187060621_9;I;7600;0;0;10800;1200;2855
P187060621;P187060621_10;J;9170;1240;0;11770;2440;2935
P187060621;P187060621_11;K;10800;0;0;13400;1200;2935
P187060621;P187060621_12;L;11770;1240;0;13370;2440;2700
P187060617;P187060617_1;A;0;1240;0;3200;2440;2935
P187060617;P187060617_2;B;0;0;0;2600;1200;2935
P187060617;P187060617_3;C;2600;0;0;3600;1200;2700
P187060617;P187060617_4;D;3200;1240;0;5800;2440;2935
P187060617;P187060617_5;E;3600;0;0;6200;1200;2935
P187060617;P187060617_6;F;5800;1240;0;8400;2440;2935
P187060617;P187060617_7;G;6200;0;0;9400;1200;2855
P187060617;P187060617_8;H;8400;1240;0;11000;2440;2935
P187060617;P187060617_9;I;9400;0;0;12600;1200;2935
P187060617;P187060617_10;J;11000;1240;0;12000;2440;2700
P187060617;P187060617_11;K;12000;1240;0;13000;2440;2700
P187060617;P187060617_12;L;12600;0;0;13170;780;909
P187060613;P187060613_1;A;0;40;0;1200;2440;1430
P187060613;P187060613_2;B;1200;0;0;4400;1200;2320
P187060613;P187060613_3;C;1200;1240;0;2800;2440;2700
P187060613;P187060613_4;D;2800;1240;0;6000;2440;2855
P187060613;P187060613_5;E;4400;0;0;5400;1200;2700
P187060613;P187060613_6;F;5400;0;0;8600;1200;2935
P187060613;P187060613_7;G;6000;1240;0;9200;2440;2855
P187060613;P187060613_8;H;8600;0;0;10200;1200;2700
P187060613;P187060613_9;I;9200;1240;0;11800;2440;2935
P187060613;P187060613_10;J;10200;0;0;13400;1200;2935
P187060613;P187060613_11;K;11800;1240;0;13400;2440;2700
P187060611;P187060611_1;A;0;0;0;3200;1200;2855
P187060611;P187060611_2;B;0;1240;0;2600;2440;2935
P187060611;P187060611_3;C;2600;1660;0;3170;2440;1340
P187060611;P187060611_4;D;3170;1240;0;4170;2440;2700
P187060611;P187060611_5;E;3200;0;0;4800;1200;2700
P187060611;P187060611_6;F;4170;1240;0;6770;2440;2935
P187060611;P187060611_7;G;4800;0;0;8000;1200;2855
P187060611;P187060611_8;H;6770;1240;0;9970;2440;2935
P187060611;P187060611_9;I;8000;0;0;9000;1200;2700
P187060611;P187060611_10;J;9000;0;0;10600;1200;2700
P187060611;P187060611_11;K;9970;1240;0;12570;2440;2935
P187060611;P187060611_12;L;10600;0;0;13200;1200;2935
P187060603;P187060603_1;A;0;1240;0;3200;2440;2855
P187060603;P187060603_2;B;0;0;0;2600;1200;2935
P187060603;P187060603_3;C;2600;0;0;3600;1200;2700
P187060603;P187060603_4;D;3200;1234;0;4210;2440;1185
P187060603;P187060603_5;E;3600;0;0;6800;1200;2320
P187060603;P187060603_6;F;4210;1240;0;5210;2440;2700
P187060603;P187060603_7;G;5210;1240;0;6810;2440;2700
P187060603;P187060603_8;H;6800;0;0;10000;1200;2935
P187060603;P187060603_9;I;6810;1240;0;10010;2440;2935
P187060603;P187060603_10;J;10000;0;0;13200;1200;2935
P187060603;P187060603_11;K;10010;1240;0;13210;2440;2935
P187060601;P187060601_1;A;0;0;0;3200;1200;2935
P187060601;P187060601_2;B;0;1200;0;3200;2400;2935
P187060601;P187060601_3;C;3200;1240;0;4800;2440;2700
P187060601;P187060601_4;D;3200;0;0;5800;1200;2935
P187060601;P187060601_5;E;4800;1240;0;7400;2440;2935
P187060601;P187060601_6;F;5800;0;0;8400;1200;2935
P187060601;P187060601_7;G;7400;1240;0;10000;2440;2935
P187060601;P187060601_8;H;8400;0;0;9400;1200;2700
P187060601;P187060601_9;I;9400;0;0;11800;1200;2835
P187060601;P187060601_10;J;10000;1240;0;11600;2440;2700
P187060601;P187060601_11;K;11600;1240;0;13200;2440;2700
P187060601;P187060601_12;L;11800;0;0;13400;1200;2700
P186060621;P186060621_1;A;0;0;0;570;780;1771
P186060621;P186060621_2;B;0;840;0;1200;2440;2700
P186060621;P186060621_3;C;1200;1240;0;2200;2440;2700
P186060621;P186060621_4;D;1200;0;0;4400;1200;2320
P186060621;P186060621_5;E;2200;1240;0;3200;2440;2700
P186060621;P186060621_6;F;3200;1240;0;6400;2440;2320
P186060621;P186060621_7;G;4400;0;0;5400;1200;2700
P186060621;P186060621_8;H;5400;0;0;8000;1200;2935
P186060621;P186060621_9;I;6400;1240;0;9600;2440;2855
P186060621;P186060621_10;J;8000;0;0;9600;1200;2700
P186060621;P186060621_11;K;9600;0;0;12200;1200;2935
P186060621;P186060621_12;L;9600;1240;0;10600;2440;2700
P186060621;P186060621_13;M;10600;1240;0;13200;2440;2935
P186060621;P186060621_14;N;12200;0;0;13200;1200;2700
P186060617;P186060617_1;A;0;1240;0;3200;2440;2855
P186060617;P186060617_2;B;0;0;0;2600;1200;2935
P186060617;P186060617_3;C;2600;0;0;5800;1200;2935
P186060617;P186060617_4;D;3200;1240;0;5800;2440;2935
P186060617;P186060617_5;E;5800;0;0;7400;1200;2700
P186060617;P186060617_6;F;5800;1240;0;9000;2440;2935
P186060617;P186060617_7;G;7400;0;0;10600;1200;2935
P186060617;P186060617_8;H;9000;1240;0;12200;2440;2320
P186060617;P186060617_9;I;10600;0;0;12200;1200;2700
P186060617;P186060617_10;J;12200;1440;0;13400;2440;2700
P186060617;P186060617_11;K;12200;0;0;13400;1000;2700
P186060613;P186060613_1;A;0;0;0;3200;1200;2320
P186060613;P186060613_2;B;0;1240;0;2400;2440;2835
P186060613;P186060613_3;C;2400;1240;0;5000;2440;2935
P186060613;P186060613_4;D;3200;0;0;5800;1200;2935
P186060613;P186060613_5;E;5000;1240;0;7600;2440;2935
P186060613;P186060613_6;F;5800;0;0;7400;1200;2700
P186060613;P186060613_7;G;7400;0;0;10600;1200;2935
P186060613;P186060613_8;H;7600;1240;0;10800;2440;2935
P186060613;P186060613_9;I;10600;0;0;11610;1206;1185
P186060613;P186060613_10;J;10800;1240;0;11800;2440;2520
P186060613;P186060613_11;K;11610;0;0;13210;1200;2700
P186060613;P186060613_12;L;11800;1240;0;13400;2440;2700
P186060611;P186060611_1;A;0;1240;0;2600;2440;2935
P186060611;P186060611_2;B;0;0;0;3200;1200;2855
P186060611;P186060611_3;C;2600;1660;0;3170;2440;1771
P186060611;P186060611_4;D;3170;1240;0;5770;2440;2935
P186060611;P186060611_5;E;3200;0;0;6400;1200;2935
P186060611;P186060611_6;F;5770;1240;0;8370;2440;2935
P186060611;P186060611_7;G;6400;0;0;9600;1200;2320
P186060611;P186060611_8;H;8370;1240;0;11570;2440;2855
P186060611;P186060611_9;I;9600;0;0;10600;1200;2700
P186060611;P186060611_10;J;10600;0;0;12200;1200;2700
P186060611;P186060611_11;K;11570;1660;0;12140;2440;478
P186060611;P186060611_12;L;12140;1240;0;13140;2440;2700
P186060611;P186060611_13;M;12200;0;0;13200;1200;2700
P186060603;P186060603_1;A;0;0;0;3200;1200;2935
P186060603;P186060603_2;B;0;1240;0;3200;2440;2935
P186060603;P186060603_3;C;3200;0;0;4400;2400;1430
P186060603;P186060603_4;D;4400;0;0;7000;1200;2935
P186060603;P186060603_5;E;4400;1240;0;7000;2440;2935
P186060603;P186060603_6;F;7000;1240;0;9600;2440;2935
P186060603;P186060603_7;G;7000;0;0;10200;1200;2855
P186060603;P186060603_8;H;9600;1240;0;11200;2440;2700
P186060603;P186060603_9;I;10200;0;0;11800;1200;2700
P186060603;P186060603_10;J;11200;1240;0;12200;2440;2700
P186060603;P186060603_11;K;11800;0;0;13400;1200;2700
P186060603;P186060603_12;L;12200;1240;0;13200;2440;2700
P186060601;P186060601_1;A;0;0;0;570;780;478
P186060601;P186060601_2;B;0;1240;0;3200;2440;2935
P186060601;P186060601_3;C;570;0;0;3770;1200;2935
P186060601;P186060601_4;D;3200;1240;0;6400;2440;2935
P186060601;P186060601_5;E;3770;0;0;6370;1200;2935
P186060601;P186060601_6;F;6370;0;0;8970;1200;2935
P186060601;P186060601_7;G;6400;1240;0;8000;2440;2700
P186060601;P186060601_8;H;8000;1240;0;10600;2440;2935
P186060601;P186060601_9;I;8970;0;0;11570;1200;2935
P186060601;P186060601_10;J;10600;1240;0;12200;2440;2700
P186060601;P186060601_11;K;11570;0;0;13170;1200;2700
P186060601;P186060601_12;L;12200;1240;0;13200;2440;2700
P185060621;P185060621_1;A;0;1240;0;3200;2440;2320
P185060621;P185060621_2;B;0;0;0;3200;1200;2320
P185060621;P185060621_3;C;3200;0;0;6400;1200;2855
P185060621;P185060621_4;D;3200;1660;0;3770;2440;1340
P185060621;P185060621_5;E;3770;1240;0;6970;2440;2935
P185060621;P185060621_6;F;6400;0;0;9000;1200;2935
P185060621;P185060621_7;G;6970;1240;0;10170;2440;2935
P185060621;P185060621_8;H;9000;0;0;11600;1200;2935
P185060621;P185060621_9;I;10170;1240;0;13370;2440;2320
P185060621;P185060621_10;J;11600;0;0;13200;1200;2700
P185060613;P185060613_1;A;0;0;0;1000;1200;2700
P185060613;P185060613_2;B;0;1240;0;3200;2440;2935
P185060613;P185060613_3;C;1000;0;0;3600;1200;2935
P185060613;P185060613_4;D;3200;1240;0;5800;2440;2935
P185060613;P185060613_5;E;3600;0;0;4600;1200;2700
P185060613;P185060613_6;F;4600;0;0;6200;1200;2700
P185060613;P185060613_7;G;5800;1240;0;9000;2440;2855
P185060613;P185060613_8;H;6200;0;0;9400;1200;2935
P185060613;P185060613_9;I;9000;1240;0;12200;2440;2855
P185060613;P185060613_10;J;9400;0;0;12000;1200;2935
P185060613;P185060613_11;K;12000;0;0;13000;1200;2700
P185060613;P185060613_12;L;12200;1240;0;13200;2440;2700
P185060611;P185060611_1;A;0;0;0;1600;1200;2700
P185060611;P185060611_2;B;0;1240;0;2400;2440;2835
P185060611;P185060611_3;C;1600;0;0;4800;1200;2855
P185060611;P185060611_4;D;2400;1240;0;5600;2440;2855
P185060611;P185060611_5;E;4800;0;0;6400;1200;2700
P185060611;P185060611_6;F;5600;1240;0;8200;2440;2935
P185060611;P185060611_7;G;6400;0;0;6970;780;1771
P185060611;P185060611_8;H;6970;0;0;9570;1200;2935
P185060611;P185060611_9;I;8200;1240;0;9800;2440;2700
P185060611;P185060611_10;J;9570;0;0;12170;1200;2935
P185060611;P185060611_11;K;9800;1240;0;12400;2440;2935
P185060611;P185060611_12;L;12170;0;0;13170;1200;2700
P185060611;P185060611_13;M;12400;1240;0;13400;2440;2700
P185060603;P185060603_1;A;0;1240;0;3200;2440;2935
P185060603;P185060603_2;B;0;0;0;1600;1200;2700
P185060603;P185060603_3;C;1600;0;0;2600;1200;2700
P185060603;P185060603_4;D;2600;0;0;5800;1200;2855
P185060603;P185060603_5;E;3200;1240;0;6400;2440;2935
P185060603;P185060603_6;F;5800;0;0;8400;1200;2935
P185060603;P185060603_7;G;6400;1240;0;9600;2440;2855
P185060603;P185060603_8;H;8400;0;0;8970;780;1340
P185060603;P185060603_9;I;8970;0;0;10570;1200;2700
P185060603;P185060603_10;J;9600;1240;0;12800;2440;2935
P185060603;P185060603_11;K;10570;0;0;13170;1200;2935
P185060601;P185060601_1;A;0;0;0;1200;2400;955
P185060601;P185060601_2;B;1200;1240;0;2200;2440;2700
P185060601;P185060601_3;C;1200;0;0;2800;1200;2700
P185060601;P185060601_4;D;2200;1240;0;3800;2440;2700
P185060601;P185060601_5;E;2800;0;0;3800;1200;930
P185060601;P185060601_6;F;3800;0;0;5400;1200;2700
P185060601;P185060601_7;G;3800;1240;0;5400;2440;2700
P185060601;P185060601_8;H;5400;1240;0;8600;2440;500
P185060601;P185060601_9;I;5400;0;0;6410;1206;1185
P185060601;P185060601_10;J;6410;0;0;9610;1200;2320
P185060601;P185060601_11;K;8600;1240;0;11200;2440;2935
P185060601;P185060601_12;L;9610;0;0;12810;1200;2935
P185060601;P185060601_13;M;11200;1240;0;12200;2440;2700
P185060601;P185060601_14;N;12200;1240;0;13200;2440;2700
P185060601;P185060601_15;O;12810;0;0;13380;780;909
P184060621;P184060621_1;A;0;1240;0;1000;2440;2700
P184060621;P184060621_2;B;0;0;0;2600;1200;2935
P184060621;P184060621_3;C;1000;1240;0;3600;2440;2935
P184060621;P184060621_4;D;2600;0;0;5800;1200;2935
P184060621;P184060621_5;E;3600;1240;0;6800;2440;2320
P184060621;P184060621_6;F;5800;0;0;7400;1200;2700
P184060621;P184060621_7;G;6800;1240;0;10000;2440;2935
P184060621;P184060621_8;H;7400;0;0;8400;1200;2700
P184060621;P184060621_9;I;8400;0;0;10000;1200;2700
P184060621;P184060621_10;J;10000;0;0;13200;1200;2855
P184060621;P184060621_11;K;10000;1240;0;11600;2440;2700
P184060621;P184060621_12;L;11600;1240;0;13200;2440;2700
P184060617;P184060617_1;A;0;0;0;2600;1200;2935
P184060617;P184060617_2;B;0;1240;0;3200;2440;2935
P184060617;P184060617_3;C;2600;0;0;5800;1200;2320
P184060617;P184060617_4;D;3200;1240;0;5800;2440;2935
P184060617;P184060617_5;E;5800;1240;0;7400;2440;2700
P184060617;P184060617_6;F;5800;0;0;8200;1200;975
P184060617;P184060617_7;G;7400;1240;0;10000;2440;2935
P184060617;P184060617_8;H;8200;0;0;9200;1200;2700
P184060617;P184060617_9;I;9200;0;0;12400;1200;1490
P184060617;P184060617_10;J;10000;1240;0;13200;2440;500
P240161101;P240161101_1;A;0;0;0;1600;2300;1000
P240161101;P240161101_2;B;1600;0;0;3200;2300;1955
P240161101;P240161101_3;C;3200;70;0;4800;2370;1955
P240161101;P240161101_4;D;4800;0;0;6400;2300;1955
P240161101;P240161101_5;E;6400;0;0;8000;2300;1955
P240161101;P240161101_6;F;8000;0;0;9600;2300;1955
P240161101;P240161101_7;G;9600;0;0;11200;2300;1955
P240161101;P240161101_8;H;11200;0;0;13500;1600;1955
Q240161101_1;Q240161101_1_1;A;0;70;0;1600;2370;1000
Q240161101_1;Q240161101_1_2;B;1600;0;0;3200;2300;1955
Q240161101_1;Q240161101_1_3;C;3200;70;0;4800;2370;1955
Q240161101_1;Q240161101_1_4;D;4800;0;0;6400;2300;1955
Q240161101_1;Q240161101_1_5;E;6400;0;0;8000;2300;1955
Q240161101_1;Q240161101_1_6;F;8000;0;0;9600;2300;1955
Q240161101_1;Q240161101_1_7;G;9600;0;0;11200;2300;1955
Q240161101_1;Q240161101_1_8;H;11200;0;0;13500;1600;1955
Q240161101_2;Q240161101_2_1;A;0;0;0;1600;2300;1000
Q240161101_2;Q240161101_2_2;B;1600;0;0;3200;2300;1955
Q240161101_2;Q240161101_2_3;C;3200;70;0;4800;2370;1955
Q240161101_2;Q240161101_2_4;D;4800;0;0;6400;2300;1955
Q240161101_2;Q240161101_2_5;E;6400;0;0;8000;2300;1955
Q240161101_2;Q240161101_2_6;F;8000;0;0;9600;2300;1955
Q240161101_2;Q240161101_2_7;G;9600;0;0;11200;2300;1955
Q240161101_2;Q240161101_2_8;H;11200;0;0;13500;1600;1955
Q240161101_3;Q240161101_3_1;A;0;0;0;1600;2300;1000
Q240161101_3;Q240161101_3_2;B;1600;70;0;3200;2370;1955
Q240161101_3;Q240161101_3_3;C;3200;70;0;4800;2370;1955
Q240161101_3;Q240161101_3_4;D;4800;0;0;6400;2300;1955
Q240161101_3;Q240161101_3_5;E;6400;0;0;8000;2300;1955
Q240161101_3;Q240161101_3_6;F;8000;0;0;9600;2300;1955
Q240161101_3;Q240161101_3_7;G;9600;0;0;11200;2300;1955
Q240161101_3;Q240161101_3_8;H;11200;0;0;13500;1600;1955
Q240161101_4;Q240161101_4_1;A;0;70;0;1600;2370;1000
Q240161101_4;Q240161101_4_2;B;1600;70;0;3200;2370;1955
Q240161101_4;Q240161101_4_3;C;3200;0;0;4800;2300;1955
Q240161101_4;Q240161101_4_4;D;4800;0;0;6400;2300;1955
Q240161101_4;Q240161101_4_5;E;6400;0;0;8000;2300;1955
Q240161101_4;Q240161101_4_6;F;8000;0;0;9600;2300;1955
Q240161101_4;Q240161101_4_7;G;9600;0;0;11200;2300;1955
Q240161101_4;Q240161101_4_8;H;11200;0;0;13500;1600;1955
Q240161101_5;Q240161101_5_1;A;0;0;0;1600;2300;1000
Q240161101_5;Q240161101_5_2;B;1600;0;0;3200;2300;1955
Q240161101_5;Q240161101_5_3;C;3200;70;0;4800;2370;1955
Q240161101_5;Q240161101_5_4;D;4800;0;0;6400;2300;1955
Q240161101_5;Q240161101_5_5;E;6400;0;0;8000;2300;1955
Q240161101_5;Q240161101_5_6;F;8000;0;0;9600;2300;1955
Q240161101_5;Q240161101_5_7;G;9600;0;0;11200;2300;1955
Q240161101_5;Q240161101_5_8;H;11200;0;0;13500;1600;1955
Q240161101_6;Q240161101_6_1;A;0;70;0;1600;2370;1000
Q240161101_6;Q240161101_6_2;B;1600;70;0;3200;2370;1955
Q240161101_6;Q240161101_6_3;C;3200;0;0;4800;2300;1955
Q240161101_6;Q240161101_6_4;D;4800;0;0;6400;2300;1955
Q240161101_6;Q240161101_6_5;E;6400;0;0;8000;2300;1955
Q240161101_6;Q240161101_6_6;F;8000;0;0;9600;2300;1955
Q240161101_6;Q240161101_6_7;G;9600;0;0;11200;2300;1955
Q240161101_6;Q240161101_6_8;H;11200;0;0;13500;1600;1955
Q240161101_7;Q240161101_7_1;A;0;70;0;1600;2370;1000
Q240161101_7;Q240161101_7_2;B;1600;70;0;3200;2370;1955
Q240161101_7;Q240161101_7_3;C;3200;0;0;4800;2300;1955
Q240161101_7;Q240161101_7_4;D;4800;0;0;6400;2300;1955
Q240161101_7;Q240161101_7_5;E;6400;0;0;8000;2300;1955
Q240161101_7;Q240161101_7_6;F;8000;0;0;9600;2300;1955
Q240161101_7;Q240161101_7_7;G;9600;0;0;11200;2300;1955
P210161109;P210161109_1;A;0;70;0;1600;2370;1000
P210161109;P210161109_2;B;1600;70;0;3200;2370;1955
P210161109;P210161109_3;C;3200;0;0;4800;2300;1955
P210161109;P210161109_4;D;4800;0;0;6400;2300;1955
P210161109;P210161109_5;E;6400;0;0;8000;2300;1955
P210161109;P210161109_6;F;8000;0;0;9600;2300;1955
P210161109;P210161109_7;G;9600;0;0;11200;2300;1955
P210161109;P210161109_8;H;11200;0;0;13500;1600;1955
P209161107;P209161107_1;A;0;0;0;1600;2300;1000
P209161107;P209161107_2;B;1600;0;0;3200;2300;1955
P209161107;P209161107_3;C;3200;0;0;4800;2300;1955
P209161107;P209161107_4;D;4800;0;0;6400;2300;1955
P209161107;P209161107_5;E;6400;0;0;8000;2300;1955
P209161107;P209161107_6;F;8000;0;0;9600;2300;1955
P209161107;P209161107_7;G;9600;0;0;11200;2300;1955
P209161107;P209161107_8;H;11200;0;0;13500;1600;1955
P209161105;P209161105_1;A;0;0;0;1600;2300;1000
P209161105;P209161105_2;B;1600;70;0;3200;2370;1955
P209161105;P209161105_3;C;3200;70;0;4800;2370;1955
P209161105;P209161105_4;D;4800;0;0;6400;2300;1955
P209161105;P209161105_5;E;6400;0;0;8000;2300;1955
P209161105;P209161105_6;F;8000;0;0;9600;2300;1955
P209161105;P209161105_7;G;9600;0;0;11200;2300;1955
P209161105;P209161105_8;H;11200;0;0;13500;1600;1955
P209161103;P209161103_1;A;0;0;0;1600;2300;1000
P209161103;P209161103_2;B;1600;70;0;3200;2370;1955
P209161103;P209161103_3;C;3200;70;0;4800;2370;1955
P209161103;P209161103_4;D;4800;0;0;6400;2300;1955
P209161103;P209161103_5;E;6400;0;0;8000;2300;1955
P209161103;P209161103_6;F;8000;0;0;9600;2300;1955
P209161103;P209161103_7;G;9600;0;0;11200;2300;1955
P209161103;P209161103_8;H;11200;0;0;13500;1600;1955
P209161115;P209161115_1;A;0;70;0;1600;2370;1000
P209161115;P209161115_2;B;1600;0;0;3200;2300;1955
P209161115;P209161115_3;C;3200;0;0;4800;2300;1955
P209161115;P209161115_4;D;4800;0;0;6400;2300;1955
P209161115;P209161115_5;E;6400;0;0;8000;2300;1955
P209161115;P209161115_6;F;8000;0;0;9600;2300;1955
P209161115;P209161115_7;G;9600;0;0;11200;2300;1955
P209161115;P209161115_8;H;11200;0;0;13500;1600;1955
P209161101;P209161101_1;A;0;70;0;1600;2370;1000
P209161101;P209161101_2;B;1600;70;0;3200;2370;1955
P209161101;P209161101_3;C;3200;70;0;4800;2370;1955
P209161101;P209161101_4;D;4800;0;0;6400;2300;1955
P209161101;P209161101_5;E;6400;0;0;8000;2300;1955
P209161101;P209161101_6;F;8000;0;0;9600;2300;1955
P209161101;P209161101_7;G;9600;0;0;11200;2300;1955
P209161101;P209161101_8;H;11200;0;0;13500;1600;1955
P209161111;P209161111_1;A;0;70;0;1600;2370;1000
P209161111;P209161111_2;B;1600;0;0;3200;2300;1955
P209161111;P209161111_3;C;3200;70;0;4800;2370;1955
P209161111;P209161111_4;D;4800;0;0;6400;2300;1955
P209161111;P209161111_5;E;6400;0;0;8000;2300;1955
P209161111;P209161111_6;F;8000;0;0;9600;2300;1955
P209161111;P209161111_7;G;9600;0;0;11200;2300;1955
P209161111;P209161111_8;H;11200;0;0;13500;1600;1955
P209161109;P209161109_1;A;0;70;0;1600;2370;1000
P209161109;P209161109_2;B;1600;70;0;3200;2370;1955
P209161109;P209161109_3;C;3200;0;0;4800;2300;1955
P209161109;P209161109_4;D;4800;70;0;6400;2370;1955
P209161109;P209161109_5;E;6400;0;0;8000;2300;1955
P209161109;P209161109_6;F;8000;0;0;9600;2300;1955
P209161109;P209161109_7;G;9600;0;0;11200;2300;1955
P209161109;P209161109_8;H;11200;0;0;13500;1600;1955
P208161113;P208161113_1;A;0;70;0;1600;2370;1000
P208161113;P208161113_2;B;1600;0;0;3200;2300;1955
P208161113;P208161113_3;C;3200;70;0;4800;2370;1955
P208161113;P208161113_4;D;4800;0;0;6400;2300;1955
P208161113;P208161113_5;E;6400;0;0;8000;2300;1955
P208161113;P208161113_6;F;8000;0;0;9600;2300;1955
P208161113;P208161113_7;G;9600;0;0;11200;2300;1955
P208161113;P208161113_8;H;11200;0;0;13500;1600;1955
P208161107;P208161107_1;A;0;0;0;1600;2300;1000
P208161107;P208161107_2;B;1600;70;0;3200;2370;1955
P208161107;P208161107_3;C;3200;0;0;4800;2300;1955
P208161107;P208161107_4;D;4800;0;0;6400;2300;1955
P208161107;P208161107_5;E;6400;0;0;8000;2300;1955
P208161107;P208161107_6;F;8000;0;0;9600;2300;1955
P208161107;P208161107_7;G;9600;0;0;11200;2300;1955
P208161107;P208161107_8;H;11200;0;0;13500;1600;1955
P208161105;P208161105_1;A;0;0;0;1600;2300;1000
P208161105;P208161105_2;B;1600;70;0;3200;2370;1955
P208161105;P208161105_3;C;3200;70;0;4800;2370;1955
P208161105;P208161105_4;D;4800;0;0;6400;2300;1955
P208161105;P208161105_5;E;6400;0;0;8000;2300;1955
P208161105;P208161105_6;F;8000;0;0;9600;2300;1955
P208161105;P208161105_7;G;9600;0;0;11200;2300;1955
P208161105;P208161105_8;H;11200;0;0;13500;1600;1955
P208161103;P208161103_1;A;0;70;0;1600;2370;1000
P208161103;P208161103_2;B;1600;70;0;3200;2370;1955
P208161103;P208161103_3;C;3200;70;0;4800;2370;1955
P208161103;P208161103_4;D;4800;0;0;6400;2300;1955
P208161103;P208161103_5;E;6400;0;0;8000;2300;1955
P208161103;P208161103_6;F;8000;0;0;9600;2300;1955
P208161103;P208161103_7;G;9600;0;0;11200;2300;1955
P208161103;P208161103_8;H;11200;0;0;13500;1600;1955
P208161115;P208161115_1;A;0;0;0;1600;2300;1000
P208161115;P208161115_2;B;1600;0;0;3200;2300;1955
P208161115;P208161115_3;C;3200;70;0;4800;2370;1955
P208161115;P208161115_4;D;4800;0;0;6400;2300;1955
P208161115;P208161115_5;E;6400;0;0;8000;2300;1955
P208161115;P208161115_6;F;8000;0;0;9600;2300;1955
P208161115;P208161115_7;G;9600;0;0;11200;2300;1955
P208161115;P208161115_8;H;11200;0;0;13500;1600;1955
P208161101;P208161101_1;A;0;0;0;1600;2300;1000
P208161101;P208161101_2;B;1600;70;0;3200;2370;1955
P208161101;P208161101_3;C;3200;70;0;4800;2370;1955
P208161101;P208161101_4;D;4800;0;0;6400;2300;1955
P208161101;P208161101_5;E;6400;0;0;8000;2300;1955
P208161101;P208161101_6;F;8000;0;0;9600;2300;1955
P208161101;P208161101_7;G;9600;0;0;11200;2300;1955
P208161101;P208161101_8;H;11200;0;0;13500;1600;1955
P208161111;P208161111_1;A;0;140;0;1600;2440;1000
P208161111;P208161111_2;B;1600;0;0;3200;2300;1955
P208161111;P208161111_3;C;3200;0;0;4800;2300;1955
P208161111;P208161111_4;D;4800;0;0;6400;2300;1955
P208161111;P208161111_5;E;6400;0;0;8000;2300;1955
P208161111;P208161111_6;F;8000;0;0;9600;2300;1955
P208161111;P208161111_7;G;9600;0;0;11200;2300;1955
P208161111;P208161111_8;H;11200;0;0;13500;1600;1955
P208161109;P208161109_1;A;0;70;0;1600;2370;1000
P208161109;P208161109_2;B;1600;0;0;3200;2300;1955
P208161109;P208161109_3;C;3200;70;0;4800;2370;1955
P208161109;P208161109_4;D;4800;0;0;6400;2300;1955
P208161109;P208161109_5;E;6400;0;0;8000;2300;1955
P208161109;P208161109_6;F;8000;0;0;9600;2300;1955
P208161109;P208161109_7;G;9600;0;0;11200;2300;1955
P208161109;P208161109_8;H;11200;0;0;13500;1600;1955
P207161113;P207161113_1;A;0;0;0;1600;2300;1000
P207161113;P207161113_2;B;1600;0;0;3200;2300;1955
P207161113;P207161113_3;C;3200;0;0;4800;2300;1955
P207161113;P207161113_4;D;4800;0;0;6400;2300;1955
P207161113;P207161113_5;E;6400;0;0;8000;2300;1955
P207161113;P207161113_6;F;8000;0;0;9600;2300;1955
P207161113;P207161113_7;G;9600;0;0;11200;2300;1955
P207161113;P207161113_8;H;11200;0;0;13500;1600;1955
P207161107;P207161107_1;A;0;0;0;1600;2300;1000
P207161107;P207161107_2;B;1600;0;0;3200;2300;1955
P207161107;P207161107_3;C;3200;70;0;4800;2370;1955
P207161107;P207161107_4;D;4800;0;0;6400;2300;1955
P207161107;P207161107_5;E;6400;0;0;8000;2300;1955
P207161107;P207161107_6;F;8000;0;0;9600;2300;1955
P207161107;P207161107_7;G;9600;0;0;11200;2300;1955
P207161107;P207161107_8;H;11200;0;0;13500;1600;1955
P207161105;P207161105_1;A;0;0;0;1600;2300;1000
P207161105;P207161105_2;B;1600;140;0;3200;2440;1955
P207161105;P207161105_3;C;3200;70;0;4800;2370;1955
P207161105;P207161105_4;D;4800;70;0;6400;2370;1955
P207161105;P207161105_5;E;6400;0;0;8000;2300;1955
P207161105;P207161105_6;F;8000;0;0;9600;2300;1955
P207161105;P207161105_7;G;9600;0;0;11200;2300;1955
P207161105;P207161105_8;H;11200;0;0;13500;1600;1955
P207161103;P207161103_1;A;0;70;0;1600;2370;1000
P207161103;P207161103_2;B;1600;70;0;3200;2370;1955
P207161103;P207161103_3;C;3200;70;0;4800;2370;1955
P207161103;P207161103_4;D;4800;0;0;6400;2300;1955
P207161103;P207161103_5;E;6400;0;0;8000;2300;1955
P207161103;P207161103_6;F;8000;0;0;9600;2300;1955
P207161103;P207161103_7;G;9600;0;0;11200;2300;1955
P207161103;P207161103_8;H;11200;0;0;13500;1600;1955
P207161101;P207161101_1;A;0;0;0;1600;2300;1000
P207161101;P207161101_2;B;1600;0;0;3200;2300;1955
P207161101;P207161101_3;C;3200;0;0;4800;2300;1955
P207161101;P207161101_4;D;4800;70;0;6400;2370;1955
P207161101;P207161101_5;E;6400;0;0;8000;2300;1955
P207161101;P207161101_6;F;8000;0;0;9600;2300;1955
P207161101;P207161101_7;G;9600;0;0;11200;2300;1955
P207161101;P207161101_8;H;11200;0;0;13500;1600;1955
P207161111;P207161111_1;A;0;70;0;1600;2370;1000
P207161111;P207161111_2;B;1600;70;0;3200;2370;1955
P207161111;P207161111_3;C;3200;70;0;4800;2370;1955
P207161111;P207161111_4;D;4800;0;0;6400;2300;1955
P207161111;P207161111_5;E;6400;0;0;8000;2300;1955
P207161111;P207161111_6;F;8000;0;0;9600;2300;1955
P207161111;P207161111_7;G;9600;0;0;11200;2300;1955
P207161111;P207161111_8;H;11200;0;0;13500;1600;1955
P207161109;P207161109_1;A;0;70;0;1600;2370;1000
P207161109;P207161109_2;B;1600;0;0;3200;2300;1955
P207161109;P207161109_3;C;3200;70;0;4800;2370;1955
P207161109;P207161109_4;D;4800;0;0;6400;2300;1955
P207161109;P207161109_5;E;6400;0;0;8000;2300;1955
P207161109;P207161109_6;F;8000;0;0;9600;2300;1955
P207161109;P207161109_7;G;9600;0;0;11200;2300;1955
P207161109;P207161109_8;H;11200;0;0;13500;1600;1955
P206161113;P206161113_1;A;0;140;0;1600;2440;1000
P206161113;P206161113_2;B;1600;70;0;3200;2370;1955
P206161113;P206161113_3;C;3200;70;0;4800;2370;1955
P206161113;P206161113_4;D;4800;70;0;6400;2370;1955
P206161113;P206161113_5;E;6400;0;0;8000;2300;1955
P206161113;P206161113_6;F;8000;0;0;9600;2300;1955
P206161113;P206161113_7;G;9600;0;0;11200;2300;1955
P206161113;P206161113_8;H;11200;0;0;13500;1600;1955
P206161107;P206161107_1;A;0;0;0;1600;2300;1000
P206161107;P206161107_2;B;1600;70;0;3200;2370;1955
P206161107;P206161107_3;C;3200;70;0;4800;2370;1955
P206161107;P206161107_4;D;4800;70;0;6400;2370;1955
P206161107;P206161107_5;E;6400;0;0;8000;2300;1955
P206161107;P206161107_6;F;8000;0;0;9600;2300;1955
P206161107;P206161107_7;G;9600;0;0;11200;2300;1955
P206161107;P206161107_8;H;11200;0;0;13500;1600;1955
P206161105;P206161105_1;A;0;70;0;1600;2370;1000
P206161105;P206161105_2;B;1600;70;0;3200;2370;1955
P206161105;P206161105_3;C;3200;70;0;4800;2370;1955
P206161105;P206161105_4;D;4800;0;0;6400;2300;1955
P206161105;P206161105_5;E;6400;0;0;8000;2300;1955
P206161105;P206161105_6;F;8000;0;0;9600;2300;1955
P206161105;P206161105_7;G;9600;0;0;11200;2300;1955
P206161105;P206161105_8;H;11200;0;0;13500;1600;1955
P206161103;P206161103_1;A;0;0;0;1600;2300;1000
P206161103;P206161103_2;B;1600;70;0;3200;2370;1955
P206161103;P206161103_3;C;3200;0;0;4800;2300;1955
P206161103;P206161103_4;D;4800;0;0;6400;2300;1955
P206161103;P206161103_5;E;6400;0;0;8000;2300;1955
P206161103;P206161103_6;F;8000;0;0;9600;2300;1955
P206161103;P206161103_7;G;9600;0;0;11200;2300;1955
P206161103;P206161103_8;H;11200;0;0;13500;1600;1955
P206161115;P206161115_1;A;0;140;0;1600;2440;1000
P206161115;P206161115_2;B;1600;0;0;3200;2300;1955
P206161115;P206161115_3;C;3200;70;0;4800;2370;1955
P206161115;P206161115_4;D;4800;70;0;6400;2370;1955
P206161115;P206161115_5;E;6400;0;0;8000;2300;1955
P206161115;P206161115_6;F;8000;0;0;9600;2300;1955
P206161115;P206161115_7;G;9600;0;0;11200;2300;1955
P206161115;P206161115_8;H;11200;0;0;13500;1600;1955
P206161101;P206161101_1;A;0;70;0;1600;2370;1000
P206161101;P206161101_2;B;1600;70;0;3200;2370;1955
P206161101;P206161101_3;C;3200;0;0;4800;2300;1955
P206161101;P206161101_4;D;4800;0;0;6400;2300;1955
P206161101;P206161101_5;E;6400;0;0;8000;2300;1955
P206161101;P206161101_6;F;8000;0;0;9600;2300;1955
P206161101;P206161101_7;G;9600;0;0;11200;2300;1955
P206161101;P206161101_8;H;11200;0;0;13500;1600;1955
P206161111;P206161111_1;A;0;0;0;1600;2300;1000
P206161111;P206161111_2;B;1600;70;0;3200;2370;1955
P206161111;P206161111_3;C;3200;70;0;4800;2370;1955
P206161111;P206161111_4;D;4800;0;0;6400;2300;1955
P206161111;P206161111_5;E;6400;0;0;8000;2300;1955
P206161111;P206161111_6;F;8000;0;0;9600;2300;1955
P206161111;P206161111_7;G;9600;0;0;11200;2300;1955
P206161111;P206161111_8;H;11200;0;0;13500;1600;1955
P206161109;P206161109_1;A;0;70;0;1600;2370;1000
P206161109;P206161109_2;B;1600;0;0;3200;2300;1955
P206161109;P206161109_3;C;3200;0;0;4800;2300;1955
P206161109;P206161109_4;D;4800;0;0;6400;2300;1955
P206161109;P206161109_5;E;6400;0;0;8000;2300;1955
P206161109;P206161109_6;F;8000;0;0;9600;2300;1955
P206161109;P206161109_7;G;9600;0;0;11200;2300;1955
P206161109;P206161109_8;H;11200;0;0;13500;1600;1955
P205161113;P205161113_1;A;0;70;0;1600;2370;1000
P205161113;P205161113_2;B;1600;0;0;3200;2300;1955
P205161113;P205161113_3;C;3200;0;0;4800;2300;1955
P205161113;P205161113_4;D;4800;0;0;6400;2300;1955
P205161113;P205161113_5;E;6400;0;0;8000;2300;1955
P205161113;P205161113_6;F;8000;0;0;9600;2300;1955
P205161113;P205161113_7;G;9600;0;0;11200;2300;1955
P205161113;P205161113_8;H;11200;0;0;13500;1600;1955
P205161107;P205161107_1;A;0;70;0;1600;2370;1000
P205161107;P205161107_2;B;1600;70;0;3200;2370;1955
P205161107;P205161107_3;C;3200;0;0;4800;2300;1955
P205161107;P205161107_4;D;4800;0;0;6400;2300;1955
P205161107;P205161107_5;E;6400;0;0;8000;2300;1955
P205161107;P205161107_6;F;8000;0;0;9600;2300;1955
P205161107;P205161107_7;G;9600;0;0;11200;2300;1955
P205161107;P205161107_8;H;11200;0;0;13500;1600;1955
P205161105;P205161105_1;A;0;70;0;1600;2370;1000
P205161105;P205161105_2;B;1600;70;0;3200;2370;1955
P205161105;P205161105_3;C;3200;70;0;4800;2370;1955
P205161105;P205161105_4;D;4800;0;0;6400;2300;1955
P205161105;P205161105_5;E;6400;0;0;8000;2300;1955
P205161105;P205161105_6;F;8000;0;0;9600;2300;1955
P205161105;P205161105_7;G;9600;0;0;11200;2300;1955
P205161105;P205161105_8;H;11200;0;0;13500;1600;1955
P205161103;P205161103_1;A;0;0;0;1600;2300;1000
P205161103;P205161103_2;B;1600;70;0;3200;2370;1955
P205161103;P205161103_3;C;3200;0;0;4800;2300;1955
P205161103;P205161103_4;D;4800;0;0;6400;2300;1955
P205161103;P205161103_5;E;6400;0;0;8000;2300;1955
P205161103;P205161103_6;F;8000;0;0;9600;2300;1955
P205161103;P205161103_7;G;9600;0;0;11200;2300;1955
P205161103;P205161103_8;H;11200;0;0;13500;1600;1955
P205161101;P205161101_1;A;0;70;0;1600;2370;1000
P205161101;P205161101_2;B;1600;70;0;3200;2370;1955
P205161101;P205161101_3;C;3200;140;0;4800;2440;1955
P205161101;P205161101_4;D;4800;70;0;6400;2370;1955
P205161101;P205161101_5;E;6400;140;0;8000;2440;1955
P205161101;P205161101_6;F;8000;0;0;9600;2300;1955
P205161101;P205161101_7;G;9600;0;0;11200;2300;1955
P205161101;P205161101_8;H;11200;0;0;13500;1600;1955
Q205161101_1;Q205161101_1_1;A;0;70;0;1600;2370;1000
Q205161101_1;Q205161101_1_2;B;1600;70;0;3200;2370;1955
Q205161101_1;Q205161101_1_3;C;3200;70;0;4800;2370;1955
Q205161101_1;Q205161101_1_4;D;4800;0;0;6400;2300;1955
Q205161101_1;Q205161101_1_5;E;6400;0;0;8000;2300;1955
Q205161101_1;Q205161101_1_6;F;8000;0;0;9600;2300;1955
Q205161101_1;Q205161101_1_7;G;9600;0;0;11200;2300;1955
Q205161101_1;Q205161101_1_8;H;11200;0;0;13500;1600;1955
P203161111;P203161111_1;A;0;70;0;1600;2370;1000
P203161111;P203161111_2;B;1600;0;0;3200;2300;1955
P203161111;P203161111_3;C;3200;70;0;4800;2370;1955
P203161111;P203161111_4;D;4800;70;0;6400;2370;1955
P203161111;P203161111_5;E;6400;0;0;8000;2300;1955
P203161111;P203161111_6;F;8000;0;0;9600;2300;1955
P203161111;P203161111_7;G;9600;0;0;11200;2300;1955
P203161111;P203161111_8;H;11200;0;0;13500;1600;1955
Q203161111_1;Q203161111_1_1;A;0;0;0;1600;2300;1000
Q203161111_1;Q203161111_1_2;B;1600;70;0;3200;2370;1955
Q203161111_1;Q203161111_1_3;C;3200;0;0;4800;2300;1955
Q203161111_1;Q203161111_1_4;D;4800;0;0;6400;2300;1955
Q203161111_1;Q203161111_1_5;E;6400;0;0;8000;2300;1955
Q203161111_1;Q203161111_1_6;F;8000;0;0;9600;2300;1955
Q203161111_1;Q203161111_1_7;G;9600;0;0;11200;2300;1955
Q203161111_1;Q203161111_1_8;H;11200;0;0;13500;1600;1955
P203161109;P203161109_1;A;0;70;0;1600;2370;1000
P203161109;P203161109_2;B;1600;0;0;3200;2300;1955
P203161109;P203161109_3;C;3200;70;0;4800;2370;1955
P203161109;P203161109_4;D;4800;0;0;6400;2300;1955
P203161109;P203161109_5;E;6400;0;0;8000;2300;1955
P203161109;P203161109_6;F;8000;0;0;9600;2300;1955
P203161109;P203161109_7;G;9600;0;0;11200;2300;1955
P203161109;P203161109_8;H;11200;0;0;13500;1600;1955
Q203161109_1;Q203161109_1_1;A;0;0;0;1600;2300;1000
Q203161109_1;Q203161109_1_2;B;1600;140;0;3200;2440;1955
Q203161109_1;Q203161109_1_3;C;3200;70;0;4800;2370;1955
Q203161109_1;Q203161109_1_4;D;4800;70;0;6400;2370;1955
Q203161109_1;Q203161109_1_5;E;6400;140;0;8000;2440;1955
Q203161109_1;Q203161109_1_6;F;8000;0;0;9600;2300;1955
Q203161109_1;Q203161109_1_7;G;9600;0;0;11200;2300;1955
Q203161109_1;Q203161109_1_8;H;11200;0;0;13500;1600;1955
P202161113;P202161113_1;A;0;70;0;1600;2370;1000
P202161113;P202161113_2;B;1600;70;0;3200;2370;1955
P202161113;P202161113_3;C;3200;70;0;4800;2370;1955
P202161113;P202161113_4;D;4800;70;0;6400;2370;1955
P202161113;P202161113_5;E;6400;0;0;8000;2300;1955
P202161113;P202161113_6;F;8000;0;0;9600;2300;1955
P202161113;P202161113_7;G;9600;0;0;11200;2300;1955
P202161113;P202161113_8;H;11200;0;0;13500;1600;1955
P202161107;P202161107_1;A;0;0;0;1600;2300;1000
P202161107;P202161107_2;B;1600;0;0;3200;2300;1955
P202161107;P202161107_3;C;3200;0;0;4800;2300;1955
P202161107;P202161107_4;D;4800;0;0;6400;2300;1955
P202161107;P202161107_5;E;6400;0;0;8000;2300;1955
P202161107;P202161107_6;F;8000;0;0;9600;2300;1955
P202161107;P202161107_7;G;9600;0;0;11200;2300;1955
P202161107;P202161107_8;H;11200;0;0;13500;1600;1955
P202161105;P202161105_1;A;0;0;0;1600;2300;1000
P202161105;P202161105_2;B;1600;70;0;3200;2370;1955
P202161105;P202161105_3;C;3200;70;0;4800;2370;1955
P202161105;P202161105_4;D;4800;0;0;6400;2300;1955
P202161105;P202161105_5;E;6400;0;0;8000;2300;1955
P202161105;P202161105_6;F;8000;0;0;9600;2300;1955
P202161105;P202161105_7;G;9600;0;0;11200;2300;1955
P202161105;P202161105_8;H;11200;0;0;13500;1600;1955
P202161103;P202161103_1;A;0;0;0;1600;2300;1000
P202161103;P202161103_2;B;1600;70;0;3200;2370;1955
P202161103;P202161103_3;C;3200;70;0;4800;2370;1955
P202161103;P202161103_4;D;4800;0;0;6400;2300;1955
P202161103;P202161103_5;E;6400;0;0;8000;2300;1955
P202161103;P202161103_6;F;8000;0;0;9600;2300;1955
P202161103;P202161103_7;G;9600;0;0;11200;2300;1955
P202161103;P202161103_8;H;11200;0;0;13500;1600;1955
P202161115;P202161115_1;A;0;0;0;1600;2300;1000
P202161115;P202161115_2;B;1600;0;0;3200;2300;1955
P202161115;P202161115_3;C;3200;70;0;4800;2370;1955
P202161115;P202161115_4;D;4800;0;0;6400;2300;1955
P202161115;P202161115_5;E;6400;0;0;8000;2300;1955
P202161115;P202161115_6;F;8000;0;0;9600;2300;1955
P202161115;P202161115_7;G;9600;0;0;11200;2300;1955
P202161115;P202161115_8;H;11200;0;0;13500;1600;1955
P202161101;P202161101_1;A;0;0;0;1600;2300;1000
P202161101;P202161101_2;B;1600;70;0;3200;2370;1955
P202161101;P202161101_3;C;3200;70;0;4800;2370;1955
P202161101;P202161101_4;D;4800;0;0;6400;2300;1955
P202161101;P202161101_5;E;6400;0;0;8000;2300;1955
P202161101;P202161101_6;F;8000;0;0;9600;2300;1955
P202161101;P202161101_7;G;9600;0;0;11200;2300;1955
P202161101;P202161101_8;H;11200;0;0;13500;1600;1955
P202161111;P202161111_1;A;0;0;0;1600;2300;1000
P202161111;P202161111_2;B;1600;70;0;3200;2370;1955
P202161111;P202161111_3;C;3200;0;0;4800;2300;1955
P202161111;P202161111_4;D;4800;0;0;6400;2300;1955
P202161111;P202161111_5;E;6400;0;0;8000;2300;1955
P202161111;P202161111_6;F;8000;0;0;9600;2300;1955
P202161111;P202161111_7;G;9600;0;0;11200;2300;1955
P202161111;P202161111_8;H;11200;0;0;13500;1600;1955
P202161109;P202161109_1;A;0;0;0;1600;2300;1000
P202161109;P202161109_2;B;1600;70;0;3200;2370;1955
P202161109;P202161109_3;C;3200;70;0;4800;2370;1955
P202161109;P202161109_4;D;4800;0;0;6400;2300;1955
P202161109;P202161109_5;E;6400;0;0;8000;2300;1955
P202161109;P202161109_6;F;8000;0;0;9600;2300;1955
P202161109;P202161109_7;G;9600;0;0;11200;2300;1955
P202161109;P202161109_8;H;11200;0;0;13500;1600;1955
P201161113;P201161113_1;A;0;70;0;1600;2370;1000
P201161113;P201161113_2;B;1600;70;0;3200;2370;1955
P201161113;P201161113_3;C;3200;0;0;4800;2300;1955
P201161113;P201161113_4;D;4800;0;0;6400;2300;1955
P201161113;P201161113_5;E;6400;0;0;8000;2300;1955
P201161113;P201161113_6;F;8000;0;0;9600;2300;1955
P201161113;P201161113_7;G;9600;0;0;11200;2300;1955
P201161113;P201161113_8;H;11200;0;0;13500;1600;1955
P201161107;P201161107_1;A;0;0;0;1600;2300;1000
P201161107;P201161107_2;B;1600;70;0;3200;2370;1955
P201161107;P201161107_3;C;3200;0;0;4800;2300;1955
P201161107;P201161107_4;D;4800;0;0;6400;2300;1955
P201161107;P201161107_5;E;6400;0;0;8000;2300;1955
P201161107;P201161107_6;F;8000;0;0;9600;2300;1955
P201161107;P201161107_7;G;9600;0;0;11200;2300;1955
P201161107;P201161107_8;H;11200;0;0;13500;1600;1955
P201161105;P201161105_1;A;0;70;0;1600;2370;1000
P201161105;P201161105_2;B;1600;0;0;3200;2300;1955
P201161105;P201161105_3;C;3200;70;0;4800;2370;1955
P201161105;P201161105_4;D;4800;0;0;6400;2300;1955
P201161105;P201161105_5;E;6400;0;0;8000;2300;1955
P201161105;P201161105_6;F;8000;0;0;9600;2300;1955
P201161105;P201161105_7;G;9600;0;0;11200;2300;1955
P201161105;P201161105_8;H;11200;0;0;13500;1600;1955
P201161103;P201161103_1;A;0;70;0;1600;2370;1000
P201161103;P201161103_2;B;1600;70;0;3200;2370;1955
P201161103;P201161103_3;C;3200;0;0;4800;2300;1955
P201161103;P201161103_4;D;4800;0;0;6400;2300;1955
P201161103;P201161103_5;E;6400;0;0;8000;2300;1955
P201161103;P201161103_6;F;8000;0;0;9600;2300;1955
P201161103;P201161103_7;G;9600;0;0;11200;2300;1955
P201161103;P201161103_8;H;11200;0;0;13500;1600;1955
P201161115;P201161115_1;A;0;0;0;1600;2300;1000
P201161115;P201161115_2;B;1600;70;0;3200;2370;1955
P201161115;P201161115_3;C;3200;0;0;4800;2300;1955
P201161115;P201161115_4;D;4800;0;0;6400;2300;1955
P201161115;P201161115_5;E;6400;0;0;8000;2300;1955
P201161115;P201161115_6;F;8000;0;0;9600;2300;1955
P201161115;P201161115_7;G;9600;0;0;11200;2300;1955
P201161115;P201161115_8;H;11200;0;0;13500;1600;1955
P201161101;P201161101_1;A;0;420;0;2300;2020;1000
P201161101;P201161101_2;B;2300;420;0;4600;2020;1955
P201161101;P201161101_3;C;4600;70;0;6200;2370;1955
P201161101;P201161101_4;D;6200;0;0;7800;2300;1955
P201161101;P201161101_5;E;7800;0;0;9400;2300;1955
P201161101;P201161101_6;F;9400;0;0;11000;2300;1955
P201161101;P201161101_7;G;11000;0;0;12600;2300;1000
P201161111;P201161111_1;A;0;0;0;1600;2300;1000
P201161111;P201161111_2;B;1600;70;0;3200;2370;1955
P201161111;P201161111_3;C;3200;70;0;4800;2370;1955
P201161111;P201161111_4;D;4800;0;0;6400;2300;1955
P201161111;P201161111_5;E;6400;0;0;8000;2300;1955
P201161111;P201161111_6;F;8000;0;0;9600;2300;1955
P201161111;P201161111_7;G;9600;0;0;11200;2300;1955
P201161111;P201161111_8;H;11200;0;0;13500;1600;1955
P201161109;P201161109_1;A;0;70;0;1600;2370;1000
P201161109;P201161109_2;B;1600;140;0;3200;2440;1955
P201161109;P201161109_3;C;3200;70;0;4800;2370;1955
P201161109;P201161109_4;D;4800;70;0;6400;2370;1955
P201161109;P201161109_5;E;6400;0;0;8000;2300;1955
P201161109;P201161109_6;F;8000;0;0;9600;2300;1955
P201161109;P201161109_7;G;9600;0;0;11200;2300;1955
P201161109;P201161109_8;H;11200;0;0;13500;1600;1955
P200161113;P200161113_1;A;0;0;0;1600;2300;1000
P200161113;P200161113_2;B;1600;70;0;3200;2370;1955
P200161113;P200161113_3;C;3200;0;0;4800;2300;1955
P200161113;P200161113_4;D;4800;0;0;6400;2300;1955
P200161113;P200161113_5;E;6400;0;0;8000;2300;1955
P200161113;P200161113_6;F;8000;0;0;9600;2300;1955
P200161113;P200161113_7;G;9600;0;0;11200;2300;1955
P200161113;P200161113_8;H;11200;0;0;13500;1600;1955
P200161107;P200161107_1;A;0;0;0;1600;2300;1000
P200161107;P200161107_2;B;1600;70;0;3200;2370;1955
P200161107;P200161107_3;C;3200;0;0;4800;2300;1955
P200161107;P200161107_4;D;4800;0;0;6400;2300;1955
P200161107;P200161107_5;E;6400;0;0;8000;2300;1955
P200161107;P200161107_6;F;8000;0;0;9600;2300;1955
P200161107;P200161107_7;G;9600;0;0;11200;2300;1955
P200161107;P200161107_8;H;11200;0;0;13500;1600;1955
P200161105;P200161105_1;A;0;70;0;1600;2370;1000
P200161105;P200161105_2;B;1600;0;0;3200;2300;1955
P200161105;P200161105_3;C;3200;70;0;4800;2370;1955
P200161105;P200161105_4;D;4800;0;0;6400;2300;1955
P200161105;P200161105_5;E;6400;0;0;8000;2300;1955
P200161105;P200161105_6;F;8000;0;0;9600;2300;1955
P200161105;P200161105_7;G;9600;0;0;11200;2300;1955
P200161105;P200161105_8;H;11200;0;0;13500;1600;1955
P200161103;P200161103_1;A;0;70;0;1600;2370;1000
P200161103;P200161103_2;B;1600;0;0;3200;2300;1955
P200161103;P200161103_3;C;3200;70;0;4800;2370;1955
P200161103;P200161103_4;D;4800;0;0;6400;2300;1955
P200161103;P200161103_5;E;6400;0;0;8000;2300;1955
P200161103;P200161103_6;F;8000;0;0;9600;2300;1955
P200161103;P200161103_7;G;9600;0;0;11200;2300;1955
P200161103;P200161103_8;H;11200;0;0;13500;1600;1955
P200161101;P200161101_1;A;0;0;0;1600;2300;1000
P200161101;P200161101_2;B;1600;0;0;3200;2300;1955
P200161101;P200161101_3;C;3200;0;0;4800;2300;1955
P200161101;P200161101_4;D;4800;0;0;6400;2300;1955
P200161101;P200161101_5;E;6400;0;0;8000;2300;1955
P200161101;P200161101_6;F;8000;0;0;9600;2300;1955
P200161101;P200161101_7;G;9600;0;0;11200;2300;1955
P200161101;P200161101_8;H;11200;0;0;13500;1600;1955
P200161111;P200161111_1;A;0;70;0;1600;2370;1000
P200161111;P200161111_2;B;1600;70;0;3200;2370;1955
P200161111;P200161111_3;C;3200;70;0;4800;2370;1955
P200161111;P200161111_4;D;4800;0;0;6400;2300;1955
P200161111;P200161111_5;E;6400;0;0;8000;2300;1955
P200161111;P200161111_6;F;8000;0;0;9600;2300;1955
P200161111;P200161111_7;G;9600;0;0;11200;2300;1955
P200161111;P200161111_8;H;11200;0;0;13500;1600;1955
P200161109;P200161109_1;A;0;70;0;1600;2370;1000
P200161109;P200161109_2;B;1600;70;0;3200;2370;1955
P200161109;P200161109_3;C;3200;70;0;4800;2370;1955
P200161109;P200161109_4;D;4800;0;0;6400;2300;1955
P200161109;P200161109_5;E;6400;0;0;8000;2300;1955
P200161109;P200161109_6;F;8000;0;0;9600;2300;1955
P200161109;P200161109_7;G;9600;0;0;11200;2300;1955
P200161109;P200161109_8;H;11200;0;0;13500;1600;1955
Q200161109_1;Q200161109_1_1;A;0;0;0;1600;2300;1000
Q200161109_1;Q200161109_1_2;B;1600;0;0;3200;2300;1955
Q200161109_1;Q200161109_1_3;C;3200;0;0;4800;2300;1955
Q200161109_1;Q200161109_1_4;D;4800;0;0;6400;2300;1955
Q200161109_1;Q200161109_1_5;E;6400;0;0;8000;2300;1955
Q200161109_1;Q200161109_1_6;F;8000;0;0;9600;2300;1955
Q200161109_1;Q200161109_1_7;G;9600;0;0;11200;2300;1955
Q200161109_1;Q200161109_1_8;H;11200;0;0;13500;1600;1955
P199161107;P199161107_1;A;0;0;0;1600;2300;1000
P199161107;P199161107_2;B;1600;70;0;3200;2370;1955
P199161107;P199161107_3;C;3200;70;0;4800;2370;1955
P199161107;P199161107_4;D;4800;0;0;6400;2300;1955
P199161107;P199161107_5;E;6400;0;0;8000;2300;1955
P199161107;P199161107_6;F;8000;0;0;9600;2300;1955
P199161107;P199161107_7;G;9600;0;0;11200;2300;1955
P199161107;P199161107_8;H;11200;0;0;13500;1600;1955
P199161105;P199161105_1;A;0;70;0;1600;2370;1000
P199161105;P199161105_2;B;1600;70;0;3200;2370;1955
P199161105;P199161105_3;C;3200;0;0;4800;2300;1955
P199161105;P199161105_4;D;4800;0;0;6400;2300;1955
P199161105;P199161105_5;E;6400;0;0;8000;2300;1955
P199161105;P199161105_6;F;8000;0;0;9600;2300;1955
P199161105;P199161105_7;G;9600;0;0;11200;2300;1955
P199161105;P199161105_8;H;11200;0;0;13500;1600;1955
P199161103;P199161103_1;A;0;70;0;1600;2370;1000
P199161103;P199161103_2;B;1600;0;0;3200;2300;1955
P199161103;P199161103_3;C;3200;70;0;4800;2370;1955
P199161103;P199161103_4;D;4800;0;0;6400;2300;1955
P199161103;P199161103_5;E;6400;0;0;8000;2300;1955
P199161103;P199161103_6;F;8000;0;0;9600;2300;1955
P199161103;P199161103_7;G;9600;0;0;11200;2300;1955
P199161103;P199161103_8;H;11200;0;0;13500;1600;1955
P199161115;P199161115_1;A;0;70;0;1600;2370;1000
P199161115;P199161115_2;B;1600;0;0;3200;2300;1955
P199161115;P199161115_3;C;3200;70;0;4800;2370;1955
P199161115;P199161115_4;D;4800;0;0;6400;2300;1955
P199161115;P199161115_5;E;6400;0;0;8000;2300;1955
P199161115;P199161115_6;F;8000;0;0;9600;2300;1955
P199161115;P199161115_7;G;9600;0;0;11200;2300;1955
P199161115;P199161115_8;H;11200;0;0;13500;1600;1955
P199161101;P199161101_1;A;0;70;0;1600;2370;1000
P199161101;P199161101_2;B;1600;70;0;3200;2370;1955
P199161101;P199161101_3;C;3200;70;0;4800;2370;1955
P199161101;P199161101_4;D;4800;0;0;6400;2300;1955
P199161101;P199161101_5;E;6400;0;0;8000;2300;1955
P199161101;P199161101_6;F;8000;0;0;9600;2300;1955
P199161101;P199161101_7;G;9600;0;0;11200;2300;1955
P199161101;P199161101_8;H;11200;0;0;13500;1600;1955
P199161111;P199161111_1;A;0;70;0;1600;2370;1000
P199161111;P199161111_2;B;1600;70;0;3200;2370;1955
P199161111;P199161111_3;C;3200;0;0;4800;2300;1955
P199161111;P199161111_4;D;4800;0;0;6400;2300;1955
P199161111;P199161111_5;E;6400;0;0;8000;2300;1955
P199161111;P199161111_6;F;8000;0;0;9600;2300;1955
P199161111;P199161111_7;G;9600;0;0;11200;2300;1955
P199161111;P199161111_8;H;11200;0;0;13500;1600;1955
Q199161111_1;Q199161111_1_1;A;0;70;0;1600;2370;1000
Q199161111_1;Q199161111_1_2;B;1600;70;0;3200;2370;1955
Q199161111_1;Q199161111_1_3;C;3200;70;0;4800;2370;1955
Q199161111_1;Q199161111_1_4;D;4800;0;0;6400;2300;1955
Q199161111_1;Q199161111_1_5;E;6400;0;0;8000;2300;1955
Q199161111_1;Q199161111_1_6;F;8000;0;0;9600;2300;1955
Q199161111_1;Q199161111_1_7;G;9600;0;0;11200;2300;1955
Q199161111_1;Q199161111_1_8;H;11200;0;0;13500;1600;1955
P199161109;P199161109_1;A;0;420;0;2300;2020;1000
P199161109;P199161109_2;B;2300;0;0;4600;1600;1955
P199161109;P199161109_3;C;4600;70;0;6200;2370;1955
P199161109;P199161109_4;D;6200;0;0;7800;2300;1955
P199161109;P199161109_5;E;7800;0;0;9400;2300;1955
P199161109;P199161109_6;F;9400;0;0;11000;2300;1955
P199161109;P199161109_7;G;11000;0;0;12600;2300;1000
P198161113;P198161113_1;A;0;0;0;1600;2300;1000
P198161113;P198161113_2;B;1600;0;0;3200;2300;1955
P198161113;P198161113_3;C;3200;0;0;4800;2300;1955
P198161113;P198161113_4;D;4800;0;0;6400;2300;1955
P198161113;P198161113_5;E;6400;0;0;8000;2300;1955
P198161113;P198161113_6;F;8000;0;0;9600;2300;1955
P198161113;P198161113_7;G;9600;0;0;11200;2300;1955
P198161113;P198161113_8;H;11200;0;0;13500;1600;1955
P198161107;P198161107_1;A;0;0;0;1600;2300;1000
P198161107;P198161107_2;B;1600;70;0;3200;2370;1955
P198161107;P198161107_3;C;3200;70;0;4800;2370;1955
P198161107;P198161107_4;D;4800;0;0;6400;2300;1955
P198161107;P198161107_5;E;6400;0;0;8000;2300;1955
P198161107;P198161107_6;F;8000;0;0;9600;2300;1955
P198161107;P198161107_7;G;9600;0;0;11200;2300;1955
P198161107;P198161107_8;H;11200;0;0;13500;1600;1955
P198161105;P198161105_1;A;0;0;0;1600;2300;1000
P198161105;P198161105_2;B;1600;70;0;3200;2370;1955
P198161105;P198161105_3;C;3200;70;0;4800;2370;1955
P198161105;P198161105_4;D;4800;0;0;6400;2300;1955
P198161105;P198161105_5;E;6400;0;0;8000;2300;1955
P198161105;P198161105_6;F;8000;0;0;9600;2300;1955
P198161105;P198161105_7;G;9600;0;0;11200;2300;1955
P198161105;P198161105_8;H;11200;0;0;13500;1600;1955
P198161103;P198161103_1;A;0;70;0;1600;2370;1000
P198161103;P198161103_2;B;1600;0;0;3200;2300;1955
P198161103;P198161103_3;C;3200;70;0;4800;2370;1955
P198161103;P198161103_4;D;4800;0;0;6400;2300;1955
P198161103;P198161103_5;E;6400;0;0;8000;2300;1955
P198161103;P198161103_6;F;8000;0;0;9600;2300;1955
P198161103;P198161103_7;G;9600;0;0;11200;2300;1955
P198161103;P198161103_8;H;11200;0;0;13500;1600;1955
P198161101;P198161101_1;A;0;0;0;1600;2300;1000
P198161101;P198161101_2;B;1600;0;0;3200;2300;1955
P198161101;P198161101_3;C;3200;0;0;4800;2300;1955
P198161101;P198161101_4;D;4800;0;0;6400;2300;1955
P198161101;P198161101_5;E;6400;0;0;8000;2300;1955
P198161101;P198161101_6;F;8000;0;0;9600;2300;1955
P198161101;P198161101_7;G;9600;0;0;11200;2300;1955
P198161101;P198161101_8;H;11200;0;0;13500;1600;1955
Q198161101_1;Q198161101_1_1;A;0;0;0;1600;2300;1000
Q198161101_1;Q198161101_1_2;B;1600;70;0;3200;2370;1955
Q198161101_1;Q198161101_1_3;C;3200;70;0;4800;2370;1955
Q198161101_1;Q198161101_1_4;D;4800;0;0;6400;2300;1955
Q198161101_1;Q198161101_1_5;E;6400;0;0;8000;2300;1955
Q198161101_1;Q198161101_1_6;F;8000;0;0;9600;2300;1955
Q198161101_1;Q198161101_1_7;G;9600;0;0;11200;2300;1955
Q198161101_1;Q198161101_1_8;H;11200;0;0;13500;1600;1000
P194065913;P194065913_1;A;0;1240;0;1600;2440;2865
P194065913;P194065913_2;B;0;0;0;1600;1200;2865
P194065913;P194065913_3;C;1600;0;0;3200;1200;2865
P194065913;P194065913_4;D;1600;1240;0;3200;2440;2865
P194065913;P194065913_5;E;3200;1240;0;4800;2440;2865
P194065913;P194065913_6;F;3200;0;0;4800;1200;2865
P194065913;P194065913_7;G;4800;0;0;6400;1200;2865
P194065913;P194065913_8;H;4800;1240;0;6400;2440;2865
P194065913;P194065913_9;I;6400;1240;0;8000;2440;2865
P194065913;P194065913_10;J;6400;0;0;8000;1200;2865
P194065913;P194065913_11;K;8000;0;0;9600;1200;2865
P194065913;P194065913_12;L;8000;1240;0;9600;2440;2865
P194065913;P194065913_13;M;9600;1240;0;10600;2440;2700
P194065913;P194065913_14;N;9600;0;0;11500;1200;2955
P194065913;P194065913_15;O;10600;1240;0;12200;2440;2700
P194065913;P194065913_16;P;11500;0;0;13100;1200;2700
P194065913;P194065913_17;Q;12200;1234;0;13210;2440;2362
Q194065913_1;Q194065913_1_1;A;0;0;0;1900;1200;2955
Q194065913_1;Q194065913_1_2;B;0;1240;0;1000;2440;2835
Q194065913_1;Q194065913_1_3;C;1000;1240;0;2000;2440;2745
Q194065913_1;Q194065913_1_4;D;1900;0;0;3500;1200;2700
Q194065913_1;Q194065913_1_5;E;2000;1240;0;3600;2440;2700
Q194065913_1;Q194065913_1_6;F;3500;0;0;5100;1200;2700
Q194065913_1;Q194065913_1_7;G;3600;1240;0;5200;2440;2700
Q194065913_1;Q194065913_1_8;H;5100;0;0;6700;1200;2700
Q194065913_1;Q194065913_1_9;I;5200;1240;0;6800;2440;2700
Q194065913_1;Q194065913_1_10;J;6700;0;0;8300;1200;2700
Q194065913_1;Q194065913_1_11;K;6800;1240;0;8400;2440;2700
Q194065913_1;Q194065913_1_12;L;8300;0;0;9900;1200;2700
Q194065913_1;Q194065913_1_13;M;8400;1240;0;10000;2440;2700
Q194065913_1;Q194065913_1_14;N;9900;0;0;11500;1200;2700
Q194065913_1;Q194065913_1_15;O;10000;1240;0;11600;2440;2700
Q194065913_1;Q194065913_1_16;P;11500;0;0;13100;1200;2700
Q194065913_1;Q194065913_1_17;Q;11600;1240;0;13200;2440;2700
Q194065913_2;Q194065913_2_1;A;0;0;0;1600;1200;2700
Q194065913_2;Q194065913_2_2;B;0;1240;0;1600;2440;2700
Q194065913_2;Q194065913_2_3;C;1600;1240;0;3200;2440;2700
Q194065913_2;Q194065913_2_4;D;1600;0;0;3200;1200;2700
Q194065913_2;Q194065913_2_5;E;3200;0;0;4800;1200;2700
Q194065913_2;Q194065913_2_6;F;3200;1240;0;4800;2440;2700
Q194065913_2;Q194065913_2_7;G;4800;1240;0;6400;2440;2700
Q194065913_2;Q194065913_2_8;H;4800;0;0;6400;1200;2700
Q194065913_2;Q194065913_2_9;I;6400;0;0;8000;1200;2865
Q194065913_2;Q194065913_2_10;J;6400;1240;0;8000;2440;2865
Q194065913_2;Q194065913_2_11;K;8000;1240;0;9600;2440;2865
Q194065913_2;Q194065913_2_12;L;8000;0;0;9600;1200;2700
Q194065913_2;Q194065913_2_13;M;9600;0;0;11200;1200;2700
Q194065913_2;Q194065913_2_14;N;9600;1240;0;11200;2440;2700
Q194065913_2;Q194065913_2_15;O;11200;1240;0;12800;2440;2700
Q194065913_2;Q194065913_2_16;P;11200;0;0;12800;1200;2700
P194065911;P194065911_1;A;0;0;0;1010;1206;1181
P194065911;P194065911_2;B;0;1240;0;1600;2440;2700
P194065911;P194065911_3;C;1010;0;0;2610;1200;2700
P194065911;P194065911_4;D;1600;1240;0;3200;2440;2700
P194065911;P194065911_5;E;2610;0;0;3610;1200;2700
P194065911;P194065911_6;F;3200;1240;0;4200;2440;2700
P194065911;P194065911_7;G;3610;0;0;4610;1200;2700
P194065911;P194065911_8;H;4200;1240;0;5200;2440;2700
P194065911;P194065911_9;I;4610;0;0;5610;1200;2700
P194065911;P194065911_10;J;5200;1240;0;6200;2440;2700
P194065911;P194065911_11;K;5610;0;0;6610;1200;2700
P194065911;P194065911_12;L;6200;1240;0;7800;2440;2700
P194065911;P194065911_13;M;6610;0;0;8210;1200;2700
P194065911;P194065911_14;N;7800;1258;0;9620;2440;2290
P194065911;P194065911_15;O;8210;0;0;9210;1200;2700
P194065911;P194065911_16;P;9210;0;0;10210;1200;2790
P194065911;P194065911_17;Q;9620;1240;0;11220;2440;2865
P194065911;P194065911_18;R;10210;0;0;11810;1200;2865
P194065911;P194065911_19;S;11220;1240;0;12820;2440;2865
P194065911;P194065911_20;T;11810;0;0;13410;1200;2700
P194065905;P194065905_1;A;0;0;0;1600;1200;2700
P194065905;P194065905_2;B;0;1240;0;1600;2440;2865
P194065905;P194065905_3;C;1600;1240;0;3200;2440;2700
P194065905;P194065905_4;D;1600;0;0;3500;1200;1500
P194065905;P194065905_5;E;3200;1240;0;4800;2440;2700
P194065905;P194065905_6;F;3500;0;0;5100;1200;2700
P194065905;P194065905_7;G;4800;1240;0;6400;2440;2865
P194065905;P194065905_8;H;5100;0;0;6100;1200;2835
P194065905;P194065905_9;I;6100;0;0;7110;1206;2362
P194065905;P194065905_10;J;6400;1240;0;8000;2440;2865
P194065905;P194065905_11;K;7110;0;0;8710;1200;2865
P194065905;P194065905_12;L;8000;1240;0;9600;2440;2865
P194065905;P194065905_13;M;8710;0;0;10310;1200;2865
P194065905;P194065905_14;N;9600;1240;0;11200;2440;2865
P194065905;P194065905_15;O;10310;0;0;11310;1200;2700
P194065905;P194065905_16;P;11200;1240;0;12200;2440;2700
P194065905;P194065905_17;Q;11310;0;0;12310;1200;2700
P194065905;P194065905_18;R;12200;1234;0;13210;2440;2832
P194065905;P194065905_19;S;12310;0;0;13320;1206;2847
Q194065905_1;Q194065905_1_1;A;0;0;0;1010;1206;2940
Q194065905_1;Q194065905_1_2;B;0;1234;0;1010;2440;2170
Q194065905_1;Q194065905_1_3;C;1010;1240;0;2610;2440;2700
Q194065905_1;Q194065905_1_4;D;1010;0;0;2610;1200;2700
Q194065905_1;Q194065905_1_5;E;2610;0;0;4210;1200;2700
Q194065905_1;Q194065905_1_6;F;2610;1240;0;4210;2440;2700
Q194065905_1;Q194065905_1_7;G;4210;1240;0;5810;2440;2700
Q194065905_1;Q194065905_1_8;H;4210;0;0;5810;1200;2700
Q194065905_1;Q194065905_1_9;I;5810;0;0;7410;1200;2700
Q194065905_1;Q194065905_1_10;J;5810;1240;0;7410;2440;2700
Q194065905_1;Q194065905_1_11;K;7410;1240;0;9010;2440;2700
Q194065905_1;Q194065905_1_12;L;7410;0;0;9010;1200;2700
Q194065905_1;Q194065905_1_13;M;9010;0;0;10610;1200;2700
Q194065905_1;Q194065905_1_14;N;9010;1240;0;10610;2440;2700
Q194065905_1;Q194065905_1_15;O;10610;1240;0;12210;2440;2700
Q194065905_1;Q194065905_1_16;P;10610;0;0;12210;1200;2700
Q194065905_1;Q194065905_1_17;Q;12210;0;0;13410;1600;2700
P194065901;P194065901_1;A;0;0;0;1600;1200;2700
P194065901;P194065901_2;B;0;1240;0;1600;2440;2700
P194065901;P194065901_3;C;1600;1240;0;3200;2440;2700
P194065901;P194065901_4;D;1600;0;0;3200;1200;2700
P194065901;P194065901_5;E;3200;0;0;4800;1200;2700
P194065901;P194065901_6;F;3200;1240;0;4800;2440;2700
P194065901;P194065901_7;G;4800;1240;0;6400;2440;2700
P194065901;P194065901_8;H;4800;0;0;6400;1200;2700
P194065901;P194065901_9;I;6400;0;0;8000;1200;2700
P194065901;P194065901_10;J;6400;1240;0;8000;2440;2700
P194065901;P194065901_11;K;8000;1240;0;9600;2440;2700
P194065901;P194065901_12;L;8000;0;0;9600;1200;2700
P194065901;P194065901_13;M;9600;0;0;11200;1200;2700
P194065901;P194065901_14;N;9600;1240;0;11200;2440;2700
P194065901;P194065901_15;O;11200;1240;0;12800;2440;2700
P194065901;P194065901_16;P;11200;0;0;12800;1200;2700
P193065917;P193065917_1;A;0;0;0;1600;1200;2700
P193065917;P193065917_2;B;0;1240;0;1600;2440;2700
P193065917;P193065917_3;C;1600;1240;0;3200;2440;2700
P193065917;P193065917_4;D;1600;0;0;3200;1200;2700
P193065917;P193065917_5;E;3200;0;0;4800;1200;2700
P193065917;P193065917_6;F;3200;1240;0;4800;2440;2700
P193065917;P193065917_7;G;4800;1240;0;6400;2440;2700
P193065917;P193065917_8;H;4800;0;0;6400;1200;2700
P193065917;P193065917_9;I;6400;0;0;8000;1200;2700
P193065917;P193065917_10;J;6400;1240;0;8000;2440;2700
P193065917;P193065917_11;K;8000;1240;0;9600;2440;2700
P193065917;P193065917_12;L;8000;0;0;9600;1200;2700
P193065917;P193065917_13;M;9600;0;0;11200;1200;2700
P193065917;P193065917_14;N;9600;1240;0;11500;2440;2955
P193065917;P193065917_15;O;11200;0;0;12800;1200;2700
P193065917;P193065917_16;P;11500;1240;0;12500;2440;2700
P193065917;P193065917_17;Q;12500;1240;0;13500;2440;2700
P193065915;P193065915_1;A;0;1240;0;1600;2440;2700
P193065915;P193065915_2;B;0;0;0;1000;1200;2745
P193065915;P193065915_3;C;1000;0;0;2600;1200;2865
P193065915;P193065915_4;D;1600;1240;0;3200;2440;2865
P193065915;P193065915_5;E;2600;0;0;4200;1200;2865
P193065915;P193065915_6;F;3200;1240;0;4800;2440;2865
P193065915;P193065915_7;G;4200;0;0;5800;1200;2865
P193065915;P193065915_8;H;4800;1240;0;5800;2440;2700
P193065915;P193065915_9;I;5800;0;0;7400;1200;2700
P193065915;P193065915_10;J;5800;1240;0;7400;2440;2700
P193065915;P193065915_11;K;7400;1240;0;9000;2440;2700
P193065915;P193065915_12;L;7400;0;0;9000;1200;2700
P193065915;P193065915_13;M;9000;0;0;10600;1200;2700
P193065915;P193065915_14;N;9000;1240;0;10600;2440;2700
P193065915;P193065915_15;O;10600;1240;0;12200;2440;2700
P193065915;P193065915_16;P;10600;0;0;11600;1200;2700
P193065915;P193065915_17;Q;11600;0;0;13200;1200;2700
P193065915;P193065915_18;R;12200;1240;0;13200;2440;2700
P193065913;P193065913_1;A;0;0;0;1600;1200;2700
P193065913;P193065913_2;B;0;1240;0;1600;2440;2700
P193065913;P193065913_3;C;1600;1240;0;3200;2440;2700
P193065913;P193065913_4;D;1600;0;0;3200;1200;2865
P193065913;P193065913_5;E;3200;0;0;5020;1182;2290
P193065913;P193065913_6;F;3200;1234;0;4210;2440;2362
P193065913;P193065913_7;G;4210;1240;0;5810;2440;2865
P193065913;P193065913_8;H;5020;0;0;6620;1200;2865
P193065913;P193065913_9;I;5810;1240;0;7410;2440;2865
P193065913;P193065913_10;J;6620;0;0;7620;1200;2790
P193065913;P193065913_11;K;7410;1240;0;9010;2440;2700
P193065913;P193065913_12;L;7620;0;0;9220;1200;2700
P193065913;P193065913_13;M;9010;1240;0;10610;2440;2700
P193065913;P193065913_14;N;9220;0;0;10820;1200;2700
P193065913;P193065913_15;O;10610;1240;0;12210;2440;2700
P193065913;P193065913_16;P;10820;0;0;12420;1200;2865
P193065913;P193065913_17;Q;12210;1240;0;13210;2440;2700
P193065913;P193065913_18;R;12420;0;0;13420;1200;2700
P193065911;P193065911_1;A;0;0;0;1600;1200;2700
P193065911;P193065911_2;B;0;1240;0;1600;2440;2700
P193065911;P193065911_3;C;1600;1240;0;3200;2440;2700
P193065911;P193065911_4;D;1600;0;0;3200;1200;2700
P193065911;P193065911_5;E;3200;0;0;4800;1200;2700
P193065911;P193065911_6;F;3200;1240;0;4800;2440;2700
P193065911;P193065911_7;G;4800;1240;0;6400;2440;2700
P193065911;P193065911_8;H;4800;0;0;6400;1200;2700
P193065911;P193065911_9;I;6400;0;0;8000;1200;2700
P193065911;P193065911_10;J;6400;1240;0;8000;2440;2700
P193065911;P193065911_11;K;8000;1240;0;9600;2440;2865
P193065911;P193065911_12;L;8000;0;0;9600;1200;2865
P193065911;P193065911_13;M;9600;0;0;11200;1200;2700
P193065911;P193065911_14;N;9600;1240;0;11200;2440;2700
P193065911;P193065911_15;O;11200;1240;0;12800;2440;2865
P193065911;P193065911_16;P;11200;0;0;12800;1200;2700
P193065909;P193065909_1;A;0;1240;0;1900;2440;1500
P193065909;P193065909_2;B;0;0;0;1600;1200;2700
P193065909;P193065909_3;C;1600;0;0;3200;1200;2865
P193065909;P193065909_4;D;1900;1240;0;3500;2440;2700
P193065909;P193065909_5;E;3200;0;0;4800;1200;2700
P193065909;P193065909_6;F;3500;1240;0;4500;2440;2700
P193065909;P193065909_7;G;4500;1240;0;5500;2440;2700
P193065909;P193065909_8;H;4800;0;0;5800;1200;2790
P193065909;P193065909_9;I;5500;1240;0;7100;2440;2700
P193065909;P193065909_10;J;5800;0;0;7400;1200;2700
P193065909;P193065909_11;K;7100;1240;0;8700;2440;2700
P193065909;P193065909_12;L;7400;0;0;9000;1200;2700
P193065909;P193065909_13;M;8700;1240;0;10300;2440;2865
P193065909;P193065909_14;N;9000;0;0;10600;1200;2865
P193065909;P193065909_15;O;10300;1240;0;11900;2440;2865
P193065909;P193065909_16;P;10600;0;0;12200;1200;2865
P193065909;P193065909_17;Q;11900;1240;0;13500;2440;2700
P193065909;P193065909_18;R;12200;0;0;13200;1200;1815
P193065905;P193065905_1;A;0;1234;0;1010;2440;2847
P193065905;P193065905_2;B;0;0;0;1010;1206;2847
P193065905;P193065905_3;C;1010;0;0;2020;1206;2747
P193065905;P193065905_4;D;1010;1234;0;2020;2440;2747
P193065905;P193065905_5;E;2020;1240;0;3620;2440;2700
P193065905;P193065905_6;F;2020;0;0;3620;1200;2700
P193065905;P193065905_7;G;3620;0;0;5220;1200;2700
P193065905;P193065905_8;H;3620;1240;0;5220;2440;2700
P193065905;P193065905_9;I;5220;1240;0;6820;2440;2700
P193065905;P193065905_10;J;5220;0;0;6820;1200;2700
P193065905;P193065905_11;K;6820;0;0;8420;1200;2700
P193065905;P193065905_12;L;6820;1240;0;8420;2440;2700
P193065905;P193065905_13;M;8420;1240;0;10020;2440;2700
P193065905;P193065905_14;N;8420;0;0;10020;1200;2700
P193065905;P193065905_15;O;10020;0;0;11620;1200;2700
P193065905;P193065905_16;P;10020;1240;0;11620;2440;2700
P193065905;P193065905_17;Q;11620;1240;0;13220;2440;2700
P193065905;P193065905_18;R;11620;0;0;13220;1200;2700
Q193065905_1;Q193065905_1_1;A;0;0;0;1600;1200;2700
Q193065905_1;Q193065905_1_2;B;0;1240;0;1600;2440;2700
Q193065905_1;Q193065905_1_3;C;1600;1240;0;3200;2440;2865
Q193065905_1;Q193065905_1_4;D;1600;0;0;2600;1200;2700
Q193065905_1;Q193065905_1_5;E;2600;0;0;3610;1206;2555
Q193065905_1;Q193065905_1_6;F;3200;1234;0;4210;2440;2170
Q193065905_1;Q193065905_1_7;G;3610;0;0;4620;1206;2266
Q193065905_1;Q193065905_1_8;H;4210;1234;0;5220;2440;2362
Q193065905_1;Q193065905_1_9;I;4620;0;0;5630;1206;2366
Q193065905_1;Q193065905_1_10;J;5220;1234;0;6230;2440;2170
Q193065905_1;Q193065905_1_11;K;5630;0;0;6640;1206;2170
Q193065905_1;Q193065905_1_12;L;6230;1234;0;7240;2440;2362
Q193065905_1;Q193065905_1_13;M;6640;0;0;7650;1206;2362
Q193065905_1;Q193065905_1_14;N;7240;1234;0;8250;2440;2362
Q193065905_1;Q193065905_1_15;O;7650;0;0;8660;1206;2362
Q193065905_1;Q193065905_1_16;P;8250;1240;0;9850;2440;2700
Q193065905_1;Q193065905_1_17;Q;8660;0;0;10260;1200;2700
Q193065905_1;Q193065905_1_18;R;9850;1234;0;10860;2440;2362
Q193065905_1;Q193065905_1_19;S;10260;0;0;11860;1200;2700
Q193065905_1;Q193065905_1_20;T;10860;1240;0;12460;2440;2700
Q193065905_1;Q193065905_1_21;U;11860;0;0;13460;1200;2700
Q193065905_1;Q193065905_1_22;V;12460;1234;0;13470;2440;2170
Q193065905_2;Q193065905_2_1;A;0;0;0;1600;1200;2700
Q193065905_2;Q193065905_2_2;B;0;1240;0;1600;2440;2700
Q193065905_2;Q193065905_2_3;C;1600;1240;0;3200;2440;2700
Q193065905_2;Q193065905_2_4;D;1600;0;0;3200;1200;2700
Q193065905_2;Q193065905_2_5;E;3200;0;0;4800;1200;2700
Q193065905_2;Q193065905_2_6;F;3200;1240;0;4800;2440;2700
Q193065905_2;Q193065905_2_7;G;4800;1240;0;6400;2440;1815
Q193065905_2;Q193065905_2_8;H;4800;0;0;5810;1206;2362
Q193065905_2;Q193065905_2_9;I;5810;0;0;6820;1206;2362
Q193065905_2;Q193065905_2_10;J;6400;1234;0;7410;2440;2362
Q193065905_2;Q193065905_2_11;K;6820;0;0;8420;1200;2700
Q193065905_2;Q193065905_2_12;L;7410;1240;0;9010;2440;2700
Q193065905_2;Q193065905_2_13;M;8420;0;0;10020;1200;2700
Q193065905_2;Q193065905_2_14;N;9010;1240;0;10610;2440;2700
Q193065905_2;Q193065905_2_15;O;10020;0;0;11620;1200;2700
Q193065905_2;Q193065905_2_16;P;10610;1240;0;12210;2440;2700
Q193065905_2;Q193065905_2_17;Q;11620;0;0;13220;1200;2700
Q193065905_2;Q193065905_2_18;R;12210;1234;0;13220;2440;2170
P193065901;P193065901_1;A;0;0;0;1600;1200;2700
P193065901;P193065901_2;B;0;1240;0;1600;2440;2700
P193065901;P193065901_3;C;1600;1240;0;3200;2440;2700
P193065901;P193065901_4;D;1600;0;0;3200;1200;2700
P193065901;P193065901_5;E;3200;0;0;4800;1200;2865
P193065901;P193065901_6;F;3200;1240;0;4800;2440;2865
P193065901;P193065901_7;G;4800;1240;0;6400;2440;2700
P193065901;P193065901_8;H;4800;0;0;6400;1200;2700
P193065901;P193065901_9;I;6400;0;0;7410;1206;2362
P193065901;P193065901_10;J;6400;1240;0;8300;2440;1500
P193065901;P193065901_11;K;7410;0;0;9010;1200;2700
P193065901;P193065901_12;L;8300;1240;0;9300;2440;2790
P193065901;P193065901_13;M;9010;0;0;10010;1200;2700
P193065901;P193065901_14;N;9300;1240;0;10300;2440;1815
P193065901;P193065901_15;O;10010;0;0;11610;1200;2865
P193065901;P193065901_16;P;10300;1240;0;11900;2440;2865
P193065901;P193065901_17;Q;11610;0;0;13210;1200;2865
P193065901;P193065901_18;R;11900;1240;0;13500;2440;2865
P192065917;P192065917_1;A;0;1240;0;1600;2440;2865
P192065917;P192065917_2;B;0;0;0;1600;1200;2700
P192065917;P192065917_3;C;1600;0;0;3200;1200;2700
P192065917;P192065917_4;D;1600;1240;0;3200;2440;2700
P192065917;P192065917_5;E;3200;1240;0;4800;2440;2700
P192065917;P192065917_6;F;3200;0;0;4800;1200;2700
P192065917;P192065917_7;G;4800;0;0;6400;1200;2700
P192065917;P192065917_8;H;4800;1240;0;6400;2440;2700
P192065917;P192065917_9;I;6400;1240;0;8000;2440;2700
P192065917;P192065917_10;J;6400;0;0;8000;1200;2700
P192065917;P192065917_11;K;8000;0;0;9900;1200;1500
P192065917;P192065917_12;L;8000;1258;0;9820;2440;1160
P192065917;P192065917_13;M;9820;1240;0;11420;2440;2865
P192065917;P192065917_14;N;9900;0;0;11500;1200;2865
P192065917;P192065917_15;O;11420;1240;0;12420;2440;2745
P192065917;P192065917_16;P;11500;0;0;13100;1200;2700
P192065917;P192065917_17;Q;12420;1240;0;13420;2440;2700
P192065913;P192065913_1;A;0;1240;0;1600;2440;2700
P192065913;P192065913_2;B;0;0;0;1600;1200;2700
P192065913;P192065913_3;C;1600;0;0;2600;1200;2790
P192065913;P192065913_4;D;1600;1240;0;3200;2440;2700
P192065913;P192065913_5;E;2600;0;0;4200;1200;2700
P192065913;P192065913_6;F;3200;1240;0;4800;2440;2865
P192065913;P192065913_7;G;4200;0;0;5800;1200;2700
P192065913;P192065913_8;H;4800;1234;0;5810;2440;1181
P192065913;P192065913_9;I;5800;0;0;7400;1200;2700
P192065913;P192065913_10;J;5810;1240;0;7410;2440;2700
P192065913;P192065913_11;K;7400;0;0;9000;1200;2865
P192065913;P192065913_12;L;7410;1240;0;9010;2440;2700
P192065913;P192065913_13;M;9000;0;0;10600;1200;2700
P192065913;P192065913_14;N;9010;1240;0;10610;2440;2340
P192065913;P192065913_15;O;10600;0;0;12200;1200;2865
P192065913;P192065913_16;P;10610;1240;0;12210;2440;2865
P192065913;P192065913_17;Q;12200;0;0;13200;1200;2745
P192065913;P192065913_18;R;12210;1240;0;13210;2440;2700
P192065911;P192065911_1;A;0;0;0;1600;1200;2700
P192065911;P192065911_2;B;0;1240;0;1900;2440;1500
P192065911;P192065911_3;C;1600;0;0;3420;1182;1160
P192065911;P192065911_4;D;1900;1240;0;3500;2440;2865
P192065911;P192065911_5;E;3420;0;0;5020;1200;2340
P192065911;P192065911_6;F;3500;1240;0;4500;2440;2700
P192065911;P192065911_7;G;4500;1240;0;6100;2440;2700
P192065911;P192065911_8;H;5020;0;0;6620;1200;2700
P192065911;P192065911_9;I;6100;1240;0;7700;2440;2700
P192065911;P192065911_10;J;6620;0;0;8220;1200;2700
P192065911;P192065911_11;K;7700;1240;0;9300;2440;2340
P192065911;P192065911_12;L;8220;0;0;9820;1200;2865
P192065911;P192065911_13;M;9300;1240;0;10900;2440;2340
P192065911;P192065911_14;N;9820;0;0;11420;1200;2700
P192065911;P192065911_15;O;10900;1240;0;12500;2440;2700
P192065911;P192065911_16;P;11420;0;0;13020;1200;1815
P192065911;P192065911_17;Q;12500;1240;0;13500;2440;2700
P192065905;P192065905_1;A;0;1240;0;1000;2440;2700
P192065905;P192065905_2;B;0;0;0;1600;1200;2520
P192065905;P192065905_3;C;1000;1240;0;2600;2440;2865
P192065905;P192065905_4;D;1600;0;0;3200;1200;2865
P192065905;P192065905_5;E;2600;1240;0;4200;2440;2865
P192065905;P192065905_6;F;3200;0;0;4800;1200;1815
P192065905;P192065905_7;G;4200;1240;0;5200;2440;2700
P192065905;P192065905_8;H;4800;0;0;5800;1200;2790
P192065905;P192065905_9;I;5200;1234;0;6210;2440;2555
P192065905;P192065905_10;J;5800;0;0;7400;1200;2700
P192065905;P192065905_11;K;6210;1240;0;7810;2440;2700
P192065905;P192065905_12;L;7400;0;0;9000;1200;2700
P192065905;P192065905_13;M;7810;1240;0;9410;2440;2700
P192065905;P192065905_14;N;9000;0;0;10600;1200;2700
P192065905;P192065905_15;O;9410;1240;0;11010;2440;2700
P192065905;P192065905_16;P;10600;0;0;12200;1200;2700
P192065905;P192065905_17;Q;11010;1234;0;12020;2440;2947
P192065905;P192065905_18;R;12020;1234;0;13030;2440;2751
P192065905;P192065905_19;S;12200;0;0;13210;1206;2362
Q192065905_1;Q192065905_1_1;A;0;1240;0;1600;2440;2700
Q192065905_1;Q192065905_1_2;B;0;0;0;1600;1200;2700
Q192065905_1;Q192065905_1_3;C;1600;0;0;3200;1200;2700
Q192065905_1;Q192065905_1_4;D;1600;1240;0;3200;2440;2700
Q192065905_1;Q192065905_1_5;E;3200;1240;0;4800;2440;2700
Q192065905_1;Q192065905_1_6;F;3200;0;0;4800;1200;2700
Q192065905_1;Q192065905_1_7;G;4800;0;0;6400;1200;2700
Q192065905_1;Q192065905_1_8;H;4800;1240;0;6400;2440;2700
Q192065905_1;Q192065905_1_9;I;6400;1240;0;8000;2440;2700
Q192065905_1;Q192065905_1_10;J;6400;0;0;8000;1200;2700
Q192065905_1;Q192065905_1_11;K;8000;0;0;9600;1200;2700
Q192065905_1;Q192065905_1_12;L;8000;1240;0;9600;2440;2700
Q192065905_1;Q192065905_1_13;M;9600;1240;0;11200;2440;2700
Q192065905_1;Q192065905_1_14;N;9600;0;0;11200;1200;2700
Q192065905_1;Q192065905_1_15;O;11200;0;0;12800;1200;2700
Q192065905_1;Q192065905_1_16;P;11200;1240;0;12800;2440;2700
P192065901;P192065901_1;A;0;1240;0;1600;2440;2700
P192065901;P192065901_2;B;0;0;0;1600;1200;2700
P192065901;P192065901_3;C;1600;0;0;2610;1206;2362
P192065901;P192065901_4;D;1600;1240;0;3200;2440;2700
P192065901;P192065901_5;E;2610;0;0;4210;1200;2700
P192065901;P192065901_6;F;3200;1240;0;4800;2440;2865
P192065901;P192065901_7;G;4210;0;0;5810;1200;2865
P192065901;P192065901_8;H;4800;1240;0;6700;2440;2955
P192065901;P192065901_9;I;5810;0;0;7410;1200;2700
P192065901;P192065901_10;J;6700;1240;0;8300;2440;2700
P192065901;P192065901_11;K;7410;0;0;9010;1200;2700
P192065901;P192065901_12;L;8300;1240;0;9900;2440;2700
P192065901;P192065901_13;M;9010;0;0;10610;1200;2700
P192065901;P192065901_14;N;9900;1240;0;11500;2440;2700
P192065901;P192065901_15;O;10610;0;0;12210;1200;2700
P192065901;P192065901_16;P;11500;1240;0;13100;2440;2865
P192065901;P192065901_17;Q;12210;0;0;13210;1200;2700
P191065917;P191065917_1;A;0;0;0;1600;1200;2865
P191065917;P191065917_2;B;0;1200;0;1600;2400;2865
P191065917;P191065917_3;C;1600;1240;0;3200;2440;2865
P191065917;P191065917_4;D;1600;0;0;2600;1200;2745
P191065917;P191065917_5;E;2600;0;0;4200;1200;2700
P191065917;P191065917_6;F;3200;1240;0;4800;2440;2700
P191065917;P191065917_7;G;4200;0;0;5800;1200;2700
P191065917;P191065917_8;H;4800;1240;0;5800;2440;2700
P191065917;P191065917_9;I;5800;1240;0;7400;2440;2700
P191065917;P191065917_10;J;5800;0;0;7400;1200;2700
P191065917;P191065917_11;K;7400;0;0;9000;1200;2700
P191065917;P191065917_12;L;7400;1240;0;9000;2440;2700
P191065917;P191065917_13;M;9000;1240;0;10600;2440;2865
P191065917;P191065917_14;N;9000;0;0;10000;1200;2745
P191065917;P191065917_15;O;10000;0;0;11600;1200;2700
P191065917;P191065917_16;P;10600;1240;0;12200;2440;2700
P191065917;P191065917_17;Q;11600;0;0;13200;1200;2700
P191065917;P191065917_18;R;12200;1240;0;13200;2440;1815
P191065913;P191065913_1;A;0;0;0;1600;1200;2865
P191065913;P191065913_2;B;0;1200;0;1600;2400;2865
P191065913;P191065913_3;C;1600;1240;0;3200;2440;2700
P191065913;P191065913_4;D;1600;0;0;3420;1182;1160
P191065913;P191065913_5;E;3200;1240;0;4800;2440;2700
P191065913;P191065913_6;F;3420;0;0;5020;1200;2700
P191065913;P191065913_7;G;4800;1240;0;6400;2440;2340
P191065913;P191065913_8;H;5020;0;0;6620;1200;2865
P191065913;P191065913_9;I;6400;1240;0;8000;2440;2865
P191065913;P191065913_10;J;6620;0;0;8220;1200;2865
P191065913;P191065913_11;K;8000;1240;0;9600;2440;2520
P191065913;P191065913_12;L;8220;0;0;9220;1200;2700
P191065913;P191065913_13;M;9220;0;0;10220;1200;2700
P191065913;P191065913_14;N;9600;1240;0;11200;2440;2700
P191065913;P191065913_15;O;10220;0;0;11820;1200;2700
P191065913;P191065913_16;P;11200;1240;0;12800;2440;2700
P191065913;P191065913_17;Q;11820;0;0;13420;1200;2700
P191065911;P191065911_1;A;0;1234;0;1010;2440;1181
P191065911;P191065911_2;B;0;0;0;1000;1200;2835
P191065911;P191065911_3;C;1000;0;0;2600;1200;2700
P191065911;P191065911_4;D;1010;1240;0;2610;2440;2700
P191065911;P191065911_5;E;2600;0;0;4200;1200;2700
P191065911;P191065911_6;F;2610;1240;0;4210;2440;2700
P191065911;P191065911_7;G;4200;0;0;5800;1200;2865
P191065911;P191065911_8;H;4210;1240;0;5810;2440;2700
P191065911;P191065911_9;I;5800;0;0;7700;1200;2955
P191065911;P191065911_10;J;5810;1240;0;7410;2440;2865
P191065911;P191065911_11;K;7410;1240;0;9010;2440;2865
P191065911;P191065911_12;L;7700;0;0;9300;1200;2865
P191065911;P191065911_13;M;9010;1240;0;10610;2440;2700
P191065911;P191065911_14;N;9300;0;0;10900;1200;2700
P191065911;P191065911_15;O;10610;1240;0;12210;2440;2700
P191065911;P191065911_16;P;10900;0;0;11900;1200;2700
P191065911;P191065911_17;Q;11900;0;0;13500;1200;2700
P191065911;P191065911_18;R;12210;1240;0;13210;2440;2700
P189065953;P189065953_1;A;0;0;0;1600;1200;2700
P189065953;P189065953_2;B;0;1240;0;1600;2440;2700
P189065953;P189065953_3;C;1600;1240;0;3200;2440;2700
P189065953;P189065953_4;D;1600;0;0;3200;1200;2700
P189065953;P189065953_5;E;3200;0;0;4800;1200;2700
P189065953;P189065953_6;F;3200;1240;0;4800;2440;2700
P189065953;P189065953_7;G;4800;1240;0;6400;2440;2700
P189065953;P189065953_8;H;4800;0;0;6400;1200;2700
P189065953;P189065953_9;I;6400;0;0;8000;1200;2700
P189065953;P189065953_10;J;6400;1240;0;8000;2440;2700
P189065953;P189065953_11;K;8000;1240;0;9600;2440;2700
P189065953;P189065953_12;L;8000;0;0;9600;1200;2700
P189065953;P189065953_13;M;9600;0;0;11200;1200;2700
P189065953;P189065953_14;N;9600;1234;0;10610;2440;2847
P189065953;P189065953_15;O;10610;1234;0;11620;2440;2747
P189065953;P189065953_16;P;11200;0;0;12210;1206;2362
P189065953;P189065953_17;Q;11620;1234;0;12630;2440;2170
P189065953;P189065953_18;R;12210;0;0;13220;1206;2266
Q189065953_1;Q189065953_1_1;A;0;1234;0;1010;2440;2266
Q189065953_1;Q189065953_1_2;B;0;0;0;1010;1206;2362
Q189065953_1;Q189065953_1_3;C;1010;0;0;2020;1206;2362
Q189065953_1;Q189065953_1_4;D;1010;1234;0;2020;2440;2362
Q189065953_1;Q189065953_1_5;E;2020;1234;0;3030;2440;2362
Q189065953_1;Q189065953_1_6;F;2020;0;0;3030;1206;2170
Q189065953_1;Q189065953_1_7;G;3030;0;0;4040;1206;2170
Q189065953_1;Q189065953_1_8;H;3030;1234;0;4040;2440;2362
Q189065953_1;Q189065953_1_9;I;4040;1234;0;5050;2440;2362
Q189065953_1;Q189065953_1_10;J;4040;0;0;5640;1200;2700
Q189065953_1;Q189065953_1_11;K;5050;1240;0;6650;2440;2700
Q189065953_1;Q189065953_1_12;L;5640;0;0;7240;1200;2700
Q189065953_1;Q189065953_1_13;M;6650;1240;0;8250;2440;2700
Q189065953_1;Q189065953_1_14;N;7240;0;0;8840;1200;2700
Q189065953_1;Q189065953_1_15;O;8250;1240;0;9850;2440;2700
Q189065953_1;Q189065953_1_16;P;8840;0;0;10440;1200;2700
Q189065953_1;Q189065953_1_17;Q;9850;1240;0;11450;2440;2700
Q189065953_1;Q189065953_1_18;R;10440;0;0;12040;1200;2700
Q189065953_1;Q189065953_1_19;S;11450;1240;0;13050;2440;2700
Q189065953_1;Q189065953_1_20;T;12040;0;0;13050;1206;2170
P189065951;P189065951_1;A;0;1240;0;1600;2440;2700
P189065951;P189065951_2;B;0;0;0;1000;1200;2700
P189065951;P189065951_3;C;1000;0;0;2600;1200;2700
P189065951;P189065951_4;D;1600;1240;0;3200;2440;2700
P189065951;P189065951_5;E;2600;0;0;4200;1200;2700
P189065951;P189065951_6;F;3200;1240;0;4800;2440;2700
P189065951;P189065951_7;G;4200;0;0;5800;1200;2700
P189065951;P189065951_8;H;4800;1240;0;6700;2440;2955
P189065951;P189065951_9;I;5800;0;0;7400;1200;2865
P189065951;P189065951_10;J;6700;1240;0;8300;2440;2865
P189065951;P189065951_11;K;7400;0;0;9000;1200;2865
P189065951;P189065951_12;L;8300;1240;0;9900;2440;2865
P189065951;P189065951_13;M;9000;0;0;10600;1200;2865
P189065951;P189065951_14;N;9900;1240;0;11500;2440;2865
P189065951;P189065951_15;O;10600;0;0;11610;1206;2362
P189065951;P189065951_16;P;11500;1240;0;12500;2440;2835
P189065951;P189065951_17;Q;11610;0;0;13210;1200;2700
P189065951;P189065951_18;R;12500;1240;0;13500;2440;2700
P189065901;P189065901_1;A;0;1240;0;1600;2440;2700
P189065901;P189065901_2;B;0;0;0;1600;1200;2700
P189065901;P189065901_3;C;1600;0;0;2600;1200;2700
P189065901;P189065901_4;D;1600;1240;0;2600;2440;2700
P189065901;P189065901_5;E;2600;1240;0;4200;2440;2865
P189065901;P189065901_6;F;2600;0;0;4200;1200;2865
P189065901;P189065901_7;G;4200;0;0;6020;1182;2290
P189065901;P189065901_8;H;4200;1240;0;5200;2440;2700
P189065901;P189065901_9;I;5200;1240;0;6800;2440;2700
P189065901;P189065901_10;J;6020;0;0;7620;1200;2865
P189065901;P189065901_11;K;6800;1240;0;8400;2440;2700
P189065901;P189065901_12;L;7620;0;0;8620;1200;2700
P189065901;P189065901_13;M;8400;1240;0;10000;2440;2700
P189065901;P189065901_14;N;8620;0;0;10220;1200;2700
P189065901;P189065901_15;O;10000;1240;0;11600;2440;2865
P189065901;P189065901_16;P;10220;0;0;11820;1200;2865
P189065901;P189065901_17;Q;11600;1240;0;13200;2440;2865
P189065901;P189065901_18;R;11820;0;0;13420;1200;2865
P188065917;P188065917_1;A;0;1240;0;1600;2440;2700
P188065917;P188065917_2;B;0;0;0;1600;1200;2700
P188065917;P188065917_3;C;1600;0;0;3200;1200;2700
P188065917;P188065917_4;D;1600;1240;0;3200;2440;2700
P188065917;P188065917_5;E;3200;1240;0;4800;2440;2700
P188065917;P188065917_6;F;3200;0;0;4800;1200;2700
P188065917;P188065917_7;G;4800;0;0;6400;1200;2700
P188065917;P188065917_8;H;4800;1240;0;6400;2440;2700
P188065917;P188065917_9;I;6400;1240;0;8000;2440;2700
P188065917;P188065917_10;J;6400;0;0;8000;1200;2700
P188065917;P188065917_11;K;8000;0;0;9600;1200;2700
P188065917;P188065917_12;L;8000;1240;0;9600;2440;2700
P188065917;P188065917_13;M;9600;1240;0;11200;2440;2700
P188065917;P188065917_14;N;9600;0;0;11200;1200;2700
P188065917;P188065917_15;O;11200;0;0;12800;1200;2700
P188065917;P188065917_16;P;11200;1240;0;12800;2440;2700
P188065915;P188065915_1;A;0;1240;0;1600;2440;2700
P188065915;P188065915_2;B;0;0;0;1600;1200;2700
P188065915;P188065915_3;C;1600;0;0;3200;1200;2700
P188065915;P188065915_4;D;1600;1240;0;3200;2440;2700
P188065915;P188065915_5;E;3200;1240;0;4800;2440;2700
P188065915;P188065915_6;F;3200;0;0;4800;1200;2700
P188065915;P188065915_7;G;4800;0;0;5800;1200;2700
P188065915;P188065915_8;H;4800;1240;0;5800;2440;2700
P188065915;P188065915_9;I;5800;1240;0;6800;2440;2835
P188065915;P188065915_10;J;5800;0;0;7400;1200;2700
P188065915;P188065915_11;K;6800;1240;0;8400;2440;2700
P188065915;P188065915_12;L;7400;0;0;9000;1200;2700
P188065915;P188065915_13;M;8400;1240;0;10000;2440;2700
P188065915;P188065915_14;N;9000;0;0;10900;1200;2955
P188065915;P188065915_15;O;10000;1240;0;11600;2440;2865
P188065915;P188065915_16;P;10900;0;0;12500;1200;2865
P188065915;P188065915_17;Q;11600;1240;0;13200;2440;2865
P188065915;P188065915_18;R;12500;0;0;13500;1200;2700
P188065913;P188065913_1;A;0;0;0;1600;1200;2700
P188065913;P188065913_2;B;0;1240;0;1600;2440;2700
P188065913;P188065913_3;C;1600;1234;0;2610;2440;2362
P188065913;P188065913_4;D;1600;0;0;3200;1200;2700
P188065913;P188065913_5;E;2610;1240;0;4210;2440;2700
P188065913;P188065913_6;F;3200;0;0;4800;1200;2700
P188065913;P188065913_7;G;4210;1240;0;5810;2440;2700
P188065913;P188065913_8;H;4800;0;0;6400;1200;2865
P188065913;P188065913_9;I;5810;1240;0;7410;2440;2865
P188065913;P188065913_10;J;6400;0;0;8000;1200;2865
P188065913;P188065913_11;K;7410;1240;0;8410;2440;2700
P188065913;P188065913_12;L;8000;0;0;9600;1200;2700
P188065913;P188065913_13;M;8410;1240;0;10010;2440;2700
P188065913;P188065913_14;N;9600;0;0;11200;1200;2700
P188065913;P188065913_15;O;10010;1240;0;11610;2440;2700
P188065913;P188065913_16;P;11200;0;0;12800;1200;2700
P188065913;P188065913_17;Q;11610;1240;0;13210;2440;2700
P188065911;P188065911_1;A;0;0;0;1600;1200;2700
P188065911;P188065911_2;B;0;1240;0;1000;2440;2700
P188065911;P188065911_3;C;1000;1240;0;2600;2440;2700
P188065911;P188065911_4;D;1600;0;0;3200;1200;2865
P188065911;P188065911_5;E;2600;1240;0;4200;2440;2700
P188065911;P188065911_6;F;3200;0;0;4800;1200;2700
P188065911;P188065911_7;G;4200;1240;0;5800;2440;2700
P188065911;P188065911_8;H;4800;0;0;6400;1200;2700
P188065911;P188065911_9;I;5800;1240;0;7400;2440;2700
P188065911;P188065911_10;J;6400;0;0;8000;1200;2700
P188065911;P188065911_11;K;7400;1240;0;8400;2440;2700
P188065911;P188065911_12;L;8000;0;0;9000;1200;2700
P188065911;P188065911_13;M;8400;1240;0;10000;2440;2700
P188065911;P188065911_14;N;9000;0;0;10600;1200;2700
P188065911;P188065911_15;O;10000;1240;0;11600;2440;2865
P188065911;P188065911_16;P;10600;0;0;12200;1200;2865
P188065911;P188065911_17;Q;11600;1240;0;13200;2440;2865
P188065911;P188065911_18;R;12200;0;0;13200;1200;975
P188065907;P188065907_1;A;0;1240;0;1600;2440;2865
P188065907;P188065907_2;B;0;0;0;1600;1200;2700
P188065907;P188065907_3;C;1600;0;0;3200;1200;2700
P188065907;P188065907_4;D;1600;1240;0;3200;2440;2700
P188065907;P188065907_5;E;3200;1240;0;5100;2440;1500
P188065907;P188065907_6;F;3200;0;0;5020;1182;1160
P188065907;P188065907_7;G;5020;0;0;6620;1200;2700
P188065907;P188065907_8;H;5100;1240;0;6100;2440;2700
P188065907;P188065907_9;I;6100;1240;0;7100;2440;2700
P188065907;P188065907_10;J;6620;0;0;8220;1200;2700
P188065907;P188065907_11;K;7100;1240;0;8700;2440;2700
P188065907;P188065907_12;L;8220;0;0;9820;1200;2700
P188065907;P188065907_13;M;8700;1240;0;10300;2440;2700
P188065907;P188065907_14;N;9820;0;0;11420;1200;2700
P188065907;P188065907_15;O;10300;1240;0;11900;2440;2700
P188065907;P188065907_16;P;11420;0;0;13020;1200;2700
P188065907;P188065907_17;Q;11900;1240;0;13500;2440;2700
P188065901;P188065901_1;A;0;1240;0;1000;2440;2835
P188065901;P188065901_2;B;0;0;0;1600;1200;2865
P188065901;P188065901_3;C;1000;1234;0;2010;2440;1181
P188065901;P188065901_4;D;1600;0;0;3200;1200;2865
P188065901;P188065901_5;E;2010;1240;0;3610;2440;2865
P188065901;P188065901_6;F;3200;0;0;4800;1200;2865
P188065901;P188065901_7;G;3610;1240;0;5210;2440;2700
P188065901;P188065901_8;H;4800;0;0;6400;1200;2700
P188065901;P188065901_9;I;5210;1240;0;6810;2440;2700
P188065901;P188065901_10;J;6400;0;0;8000;1200;2700
P188065901;P188065901_11;K;6810;1240;0;8410;2440;2700
P188065901;P188065901_12;L;8000;0;0;9600;1200;2700
P188065901;P188065901_13;M;8410;1240;0;10010;2440;2865
P188065901;P188065901_14;N;9600;0;0;10600;1200;2745
P188065901;P188065901_15;O;10010;1240;0;11610;2440;2865
P188065901;P188065901_16;P;10600;0;0;12200;1200;2865
P188065901;P188065901_17;Q;11610;1240;0;13210;2440;2865
P188065901;P188065901_18;R;12200;0;0;13200;1200;2700
P187065917;P187065917_1;A;0;0;0;1600;1200;2700
P187065917;P187065917_2;B;0;1240;0;1600;2440;2700
P187065917;P187065917_3;C;1600;1240;0;3200;2440;2700
P187065917;P187065917_4;D;1600;0;0;3200;1200;2700
P187065917;P187065917_5;E;3200;0;0;4800;1200;2700
P187065917;P187065917_6;F;3200;1240;0;4800;2440;2700
P187065917;P187065917_7;G;4800;1240;0;6400;2440;2700
P187065917;P187065917_8;H;4800;0;0;6400;1200;2700
P187065917;P187065917_9;I;6400;0;0;8000;1200;2700
P187065917;P187065917_10;J;6400;1240;0;7400;2440;2700
P187065917;P187065917_11;K;7400;1240;0;9000;2440;2700
P187065917;P187065917_12;L;8000;0;0;9000;1200;2700
P187065917;P187065917_13;M;9000;1240;0;10900;2440;2955
P187065917;P187065917_14;N;9000;0;0;10600;1200;2865
P187065917;P187065917_15;O;10600;0;0;12200;1200;2865
P187065917;P187065917_16;P;10900;1240;0;12500;2440;2865
P187065917;P187065917_17;Q;12200;0;0;13210;1206;1181
P187065917;P187065917_18;R;12500;1240;0;13500;2440;1860
P187065913;P187065913_1;A;0;0;0;1600;1200;2700
P187065913;P187065913_2;B;0;1240;0;1600;2440;2700
P187065913;P187065913_3;C;1600;1240;0;3200;2440;2700
P187065913;P187065913_4;D;1600;0;0;3200;1200;2700
P187065913;P187065913_5;E;3200;0;0;4800;1200;2700
P187065913;P187065913_6;F;3200;1240;0;4800;2440;2700
P187065913;P187065913_7;G;4800;1240;0;6400;2440;2700
P187065913;P187065913_8;H;4800;0;0;6400;1200;2700
P187065913;P187065913_9;I;6400;0;0;8000;1200;2700
P187065913;P187065913_10;J;6400;1258;0;8220;2440;1160
P187065913;P187065913_11;K;8000;0;0;9600;1200;2700
P187065913;P187065913_12;L;8220;1240;0;9820;2440;2865
P187065913;P187065913_13;M;9600;0;0;11200;1200;2865
P187065913;P187065913_14;N;9820;1240;0;11420;2440;2865
P187065913;P187065913_15;O;11200;0;0;12200;1200;2790
P187065913;P187065913_16;P;11420;1240;0;13020;2440;2700
P187065913;P187065913_17;Q;12200;0;0;13200;1200;2700
P187065911;P187065911_1;A;0;0;0;1600;1200;2865
P187065911;P187065911_2;B;0;1240;0;1600;2440;2700
P187065911;P187065911_3;C;1600;1240;0;3200;2440;2700
P187065911;P187065911_4;D;1600;0;0;3200;1200;2700
P187065911;P187065911_5;E;3200;0;0;4800;1200;2700
P187065911;P187065911_6;F;3200;1240;0;4200;2440;2745
P187065911;P187065911_7;G;4200;1240;0;5800;2440;2700
P187065911;P187065911_8;H;4800;0;0;6400;1200;2700
P187065911;P187065911_9;I;5800;1240;0;7400;2440;2700
P187065911;P187065911_10;J;6400;0;0;7410;1206;1181
P187065911;P187065911_11;K;7400;1240;0;9000;2440;2700
P187065911;P187065911_12;L;7410;0;0;9010;1200;2700
P187065911;P187065911_13;M;9000;1240;0;10600;2440;2700
P187065911;P187065911_14;N;9010;0;0;10610;1200;2865
P187065911;P187065911_15;O;10600;1240;0;12200;2440;2865
P187065911;P187065911_16;P;10610;0;0;12210;1200;2865
P187065911;P187065911_17;Q;12200;1240;0;13200;2440;2700
P187065911;P187065911_18;R;12210;0;0;13210;1200;2700
P187065905;P187065905_1;A;0;1240;0;1600;2440;2700
P187065905;P187065905_2;B;0;0;0;1600;1200;2865
P187065905;P187065905_3;C;1600;0;0;3200;1200;2700
P187065905;P187065905_4;D;1600;1200;0;2610;2406;1181
P187065905;P187065905_5;E;2610;1240;0;4210;2440;2700
P187065905;P187065905_6;F;3200;40;0;4800;1240;2700
P187065905;P187065905_7;G;4210;1240;0;5810;2440;2865
P187065905;P187065905_8;H;4800;0;0;6400;1200;2865
P187065905;P187065905_9;I;5810;1200;0;6820;2406;2947
P187065905;P187065905_10;J;6400;0;0;8000;1200;2700
P187065905;P187065905_11;K;6820;1240;0;8420;2440;2700
P187065905;P187065905_12;L;8000;40;0;9600;1240;2700
P187065905;P187065905_13;M;8420;1240;0;10020;2440;2700
P187065905;P187065905_14;N;9600;0;0;11200;1200;2700
P187065905;P187065905_15;O;10020;1200;0;11030;2406;2847
P187065905;P187065905_16;P;11030;1234;0;12040;2440;2847
P187065905;P187065905_17;Q;11200;28;0;12210;1234;2651
P187065905;P187065905_18;R;12040;1234;0;13050;2440;2555
P187065905;P187065905_19;S;12210;0;0;13220;1206;2170
Q187065905_1;Q187065905_1_1;A;0;1258;0;1820;2440;1160
Q187065905_1;Q187065905_1_2;B;0;0;0;1000;1200;2745
Q187065905_1;Q187065905_1_3;C;1000;0;0;2600;1200;2865
Q187065905_1;Q187065905_1_4;D;1820;1240;0;2820;2440;2700
Q187065905_1;Q187065905_1_5;E;2600;0;0;3600;1200;930
Q187065905_1;Q187065905_1_6;F;2820;1240;0;4420;2440;2700
Q187065905_1;Q187065905_1_7;G;3600;0;0;5200;1200;2700
Q187065905_1;Q187065905_1_8;H;4420;1240;0;6020;2440;2700
Q187065905_1;Q187065905_1_9;I;5200;0;0;6800;1200;2700
Q187065905_1;Q187065905_1_10;J;6020;1240;0;7620;2440;2700
Q187065905_1;Q187065905_1_11;K;6800;0;0;8400;1200;2700
Q187065905_1;Q187065905_1_12;L;7620;1240;0;9220;2440;2700
Q187065905_1;Q187065905_1_13;M;8400;0;0;10000;1200;2700
Q187065905_1;Q187065905_1_14;N;9220;1240;0;10820;2440;2700
Q187065905_1;Q187065905_1_15;O;10000;0;0;11600;1200;2700
Q187065905_1;Q187065905_1_16;P;10820;1240;0;12420;2440;2700
Q187065905_1;Q187065905_1_17;Q;11600;0;0;13200;1200;2700
Q187065905_1;Q187065905_1_18;R;12420;1234;0;13430;2440;2366
Q187065905_2;Q187065905_2_1;A;0;0;0;1600;1200;2700
Q187065905_2;Q187065905_2_2;B;0;1240;0;1600;2440;2700
Q187065905_2;Q187065905_2_3;C;1600;1240;0;3200;2440;2700
Q187065905_2;Q187065905_2_4;D;1600;0;0;3200;1200;2700
Q187065905_2;Q187065905_2_5;E;3200;0;0;4800;1200;2700
Q187065905_2;Q187065905_2_6;F;3200;1240;0;4800;2440;2700
Q187065905_2;Q187065905_2_7;G;4800;1240;0;6400;2440;2700
Q187065905_2;Q187065905_2_8;H;4800;0;0;6400;1200;2700
Q187065905_2;Q187065905_2_9;I;6400;0;0;8000;1200;2700
Q187065905_2;Q187065905_2_10;J;6400;1240;0;8000;2440;2700
Q187065905_2;Q187065905_2_11;K;8000;1240;0;9600;2440;2700
Q187065905_2;Q187065905_2_12;L;8000;0;0;9600;1200;2700
Q187065905_2;Q187065905_2_13;M;9600;0;0;11200;1200;2700
Q187065905_2;Q187065905_2_14;N;9600;1234;0;10610;2440;2362
Q187065905_2;Q187065905_2_15;O;10610;1234;0;11620;2440;2362
Q187065905_2;Q187065905_2_16;P;11200;0;0;12210;1206;2362
Q187065905_2;Q187065905_2_17;Q;11620;1240;0;13220;2440;2700
Q187065905_2;Q187065905_2_18;R;12210;0;0;13220;1206;2362
P187065901;P187065901_1;A;0;0;0;1600;1200;2700
P187065901;P187065901_2;B;0;1240;0;1600;2440;2865
P187065901;P187065901_3;C;1600;1234;0;2610;2440;1181
P187065901;P187065901_4;D;1600;0;0;2600;1200;2745
P187065901;P187065901_5;E;2600;0;0;4500;1200;1500
P187065901;P187065901_6;F;2610;1240;0;4210;2440;2700
P187065901;P187065901_7;G;4210;1240;0;5810;2440;2865
P187065901;P187065901_8;H;4500;0;0;6100;1200;2865
P187065901;P187065901_9;I;5810;1240;0;7410;2440;2865
P187065901;P187065901_10;J;6100;0;0;7700;1200;2865
P187065901;P187065901_11;K;7410;1240;0;8410;2440;2700
P187065901;P187065901_12;L;7700;0;0;8700;1200;930
P187065901;P187065901_13;M;8410;1240;0;10010;2440;2700
P187065901;P187065901_14;N;8700;0;0;10300;1200;2700
P187065901;P187065901_15;O;10010;1240;0;11610;2440;2700
P187065901;P187065901_16;P;10300;0;0;11900;1200;2700
P187065901;P187065901_17;Q;11610;1240;0;13210;2440;2700
P187065901;P187065901_18;R;11900;0;0;13500;1200;2700
P186065917;P186065917_1;A;0;0;0;1600;1200;2700
P186065917;P186065917_2;B;0;1240;0;1900;2440;1500
P186065917;P186065917_3;C;1600;0;0;3200;1200;2700
P186065917;P186065917_4;D;1900;1240;0;3500;2440;2700
P186065917;P186065917_5;E;3200;0;0;4800;1200;2340
P186065917;P186065917_6;F;3500;1240;0;5100;2440;2865
P186065917;P186065917_7;G;4800;0;0;6400;1200;2340
P186065917;P186065917_8;H;5100;1240;0;6700;2440;2700
P186065917;P186065917_9;I;6400;0;0;7400;1200;2745
P186065917;P186065917_10;J;6700;1240;0;8300;2440;2700
P186065917;P186065917_11;K;7400;0;0;9000;1200;2700
P186065917;P186065917_12;L;8300;1240;0;9900;2440;2865
P186065917;P186065917_13;M;9000;0;0;10600;1200;2700
P186065917;P186065917_14;N;9900;1240;0;11500;2440;2700
P186065917;P186065917_15;O;10600;0;0;12200;1200;2700
P186065917;P186065917_16;P;11500;1240;0;13100;2440;930
P186065917;P186065917_17;Q;12200;0;0;13200;1200;2700
P186065915;P186065915_1;A;0;1240;0;1000;2440;2700
P186065915;P186065915_2;B;0;0;0;1600;1200;2700
P186065915;P186065915_3;C;1000;1240;0;2000;2440;930
P186065915;P186065915_4;D;1600;0;0;3200;1200;2865
P186065915;P186065915_5;E;2000;1240;0;3600;2440;2865
P186065915;P186065915_6;F;3200;0;0;4800;1200;2865
P186065915;P186065915_7;G;3600;1240;0;5200;2440;2700
P186065915;P186065915_8;H;4800;0;0;6400;1200;2700
P186065915;P186065915_9;I;5200;1240;0;6800;2440;2700
P186065915;P186065915_10;J;6400;0;0;8000;1200;2700
P186065915;P186065915_11;K;6800;1240;0;8400;2440;2700
P186065915;P186065915_12;L;8000;0;0;9600;1200;2700
P186065915;P186065915_13;M;8400;1258;0;10220;2440;1160
P186065915;P186065915_14;N;9600;0;0;11200;1200;930
P186065911;P186065911_1;A;0;0;0;1600;1200;2865
P186065911;P186065911_2;B;0;1240;0;1600;2440;2865
P186065911;P186065911_3;C;1600;1240;0;3200;2440;2700
P186065911;P186065911_4;D;1600;0;0;3200;1200;2700
P186065911;P186065911_5;E;3200;0;0;4800;1200;2700
P186065911;P186065911_6;F;3200;1234;0;4210;2440;1181
P186065911;P186065911_7;G;4210;1240;0;5810;2440;2700
P186065911;P186065911_8;H;4800;0;0;5800;1200;2700
P186065911;P186065911_9;I;5800;0;0;6800;1200;2835
P186065911;P186065911_10;J;5810;1240;0;7410;2440;2865
P186065911;P186065911_11;K;6800;0;0;8400;1200;2700
P186065911;P186065911_12;L;7410;1240;0;9010;2440;2700
P186065911;P186065911_13;M;8400;0;0;10000;1200;2700
P186065911;P186065911_14;N;9010;1240;0;10610;2440;2700
P186065911;P186065911_15;O;10000;0;0;11600;1200;2865
P186065911;P186065911_16;P;10610;1240;0;12210;2440;2865
P186065911;P186065911_17;Q;11600;0;0;13200;1200;2700
P186065911;P186065911_18;R;12210;1240;0;13210;2440;2700
P186065909;P186065909_1;A;0;1240;0;1600;2440;2700
P186065909;P186065909_2;B;0;0;0;1000;1200;2700
P186065909;P186065909_3;C;1000;0;0;2600;1200;2700
P186065909;P186065909_4;D;1600;1240;0;3200;2440;2700
P186065909;P186065909_5;E;2600;0;0;4200;1200;2700
P186065909;P186065909_6;F;3200;1240;0;4200;2440;2700
P186065909;P186065909_7;G;4200;0;0;5800;1200;2865
P186065909;P186065909_8;H;4200;1240;0;5800;2440;2700
P186065909;P186065909_9;I;5800;1240;0;7400;2440;2700
P186065909;P186065909_10;J;5800;0;0;7400;1200;2700
P186065909;P186065909_11;K;7400;0;0;8410;1206;1181
P186065909;P186065909_12;L;7400;1240;0;9000;2440;930
P186065905;P186065905_1;A;0;1234;0;1010;2440;2851
P186065905;P186065905_2;B;0;0;0;1010;1206;2751
P186065905;P186065905_3;C;1010;0;0;2020;1206;2847
P186065905;P186065905_4;D;1010;1234;0;2020;2440;2747
P186065905;P186065905_5;E;2020;1240;0;3620;2440;2700
P186065905;P186065905_6;F;2020;0;0;3620;1200;2700
P186065905;P186065905_7;G;3620;0;0;5220;1200;2700
P186065905;P186065905_8;H;3620;1240;0;5220;2440;2700
P186065905;P186065905_9;I;5220;1240;0;6820;2440;2700
P186065905;P186065905_10;J;5220;0;0;6820;1200;2700
P186065905;P186065905_11;K;6820;0;0;8420;1200;2700
P186065905;P186065905_12;L;6820;1240;0;8420;2440;2700
P186065905;P186065905_13;M;8420;1240;0;10020;2440;2700
P186065905;P186065905_14;N;8420;0;0;10020;1200;2700
P186065905;P186065905_15;O;10020;0;0;11620;1200;2700
P186065905;P186065905_16;P;10020;1240;0;11620;2440;2700
P186065905;P186065905_17;Q;11620;1240;0;13220;2440;2700
P186065905;P186065905_18;R;11620;0;0;13220;1200;2700
Q186065905_1;Q186065905_1_1;A;0;0;0;1600;1200;2700
Q186065905_1;Q186065905_1_2;B;0;1200;0;1600;2400;2700
Q186065905_1;Q186065905_1_3;C;1600;1240;0;3200;2440;2700
Q186065905_1;Q186065905_1_4;D;1600;0;0;3200;1200;2700
Q186065905_1;Q186065905_1_5;E;3200;0;0;4800;1200;2700
Q186065905_1;Q186065905_1_6;F;3200;1240;0;4800;2440;2700
Q186065905_1;Q186065905_1_7;G;4800;1240;0;6400;2440;1815
Q186065905_1;Q186065905_1_8;H;4800;0;0;6400;1200;2700
Q186065905_1;Q186065905_1_9;I;6400;0;0;7410;1206;2555
Q186065905_1;Q186065905_1_10;J;6400;1234;0;7410;2440;2170
Q186065905_1;Q186065905_1_11;K;7410;1234;0;8420;2440;2266
Q186065905_1;Q186065905_1_12;L;7410;0;0;8420;1206;2362
Q186065905_1;Q186065905_1_13;M;8420;0;0;10020;1200;2700
Q186065905_1;Q186065905_1_14;N;8420;1240;0;10020;2440;2700
Q186065905_1;Q186065905_1_15;O;10020;1240;0;11620;2440;2700
Q186065905_1;Q186065905_1_16;P;10020;0;0;11620;1200;2700
Q186065905_1;Q186065905_1_17;Q;11620;0;0;13220;1200;2700
Q186065905_1;Q186065905_1_18;R;11620;1234;0;12630;2440;2170
P186065901;P186065901_1;A;0;1240;0;1600;2440;2700
P186065901;P186065901_2;B;0;0;0;1600;1200;2865
P186065901;P186065901_3;C;1600;0;0;3200;1200;2865
P186065901;P186065901_4;D;1600;1240;0;3200;2440;2865
P186065901;P186065901_5;E;3200;1240;0;4200;2440;2700
P186065901;P186065901_6;F;3200;0;0;4800;1200;2700
P186065901;P186065901_7;G;4200;1240;0;5200;2440;2835
P186065901;P186065901_8;H;4800;0;0;6400;1200;2700
P186065901;P186065901_9;I;5200;1240;0;6800;2440;2865
P186065901;P186065901_10;J;6400;0;0;8000;1200;2865
P186065901;P186065901_11;K;6800;1240;0;8400;2440;2865
P186065901;P186065901_12;L;8000;0;0;9600;1200;2700
P186065901;P186065901_13;M;8400;1240;0;10000;2440;2700
P186065901;P186065901_14;N;9600;0;0;10610;1206;1181
P186065901;P186065901_15;O;10000;1240;0;11600;2440;2700
P186065901;P186065901_16;P;10610;0;0;12210;1200;2865
P186065901;P186065901_17;Q;11600;1240;0;13200;2440;1815
P186065901;P186065901_18;R;12210;0;0;13210;1200;2700
P185065917;P185065917_1;A;0;0;0;1900;1200;2955
P185065917;P185065917_2;B;0;1240;0;1600;2440;2700
P185065917;P185065917_3;C;1600;1240;0;3200;2440;2700
P185065917;P185065917_4;D;1900;0;0;3500;1200;2700
P185065917;P185065917_5;E;3200;1240;0;4200;2440;2700
P185065917;P185065917_6;F;3500;0;0;5100;1200;2700
P185065917;P185065917_7;G;4200;1240;0;5800;2440;2700
P185065917;P185065917_8;H;5100;0;0;6700;1200;2700
P185065917;P185065917_9;I;5800;1258;0;7620;2440;1160
P185065917;P185065917_10;J;6700;0;0;8300;1200;2700
P185065917;P185065917_11;K;7620;1240;0;9220;2440;2700
P185065917;P185065917_12;L;8300;0;0;9900;1200;2865
P185065917;P185065917_13;M;9220;1240;0;10820;2440;2865
P185065917;P185065917_14;N;9900;0;0;11500;1200;2865
P185065917;P185065917_15;O;10820;1240;0;11820;2440;2745
P185065917;P185065917_16;P;11500;0;0;13100;1200;2700
P185065917;P185065917_17;Q;11820;1240;0;13420;2440;2700
P185065913;P185065913_1;A;0;0;0;1900;1200;1500
P185065913;P185065913_2;B;0;1240;0;1600;2440;2700
P185065913;P185065913_3;C;1600;1240;0;3200;2440;2700
P185065913;P185065913_4;D;1900;0;0;2900;1200;2700
P185065913;P185065913_5;E;2900;0;0;3900;1200;2700
P185065913;P185065913_6;F;3200;1240;0;4800;2440;2700
P185065913;P185065913_7;G;3900;0;0;5500;1200;2700
P185065913;P185065913_8;H;4800;1240;0;6400;2440;2700
P185065913;P185065913_9;I;5500;0;0;7100;1200;2700
P185065913;P185065913_10;J;6400;1240;0;8000;2440;2700
P185065913;P185065913_11;K;7100;0;0;8700;1200;2700
P185065913;P185065913_12;L;8000;1240;0;9600;2440;2700
P185065913;P185065913_13;M;8700;0;0;10300;1200;2700
P185065913;P185065913_14;N;9600;1240;0;11200;2440;2700
P185065913;P185065913_15;O;10300;0;0;11900;1200;2865
P185065913;P185065913_16;P;11200;1240;0;12800;2440;2865
P185065913;P185065913_17;Q;11900;0;0;13500;1200;2865
P185065911;P185065911_1;A;0;1240;0;1000;2440;2700
P185065911;P185065911_2;B;0;0;0;1000;1200;2790
P185065911;P185065911_3;C;1000;0;0;2600;1200;2865
P185065911;P185065911_4;D;1000;1240;0;2600;2440;2700
P185065911;P185065911_5;E;2600;1240;0;4200;2440;2700
P185065911;P185065911_6;F;2600;0;0;3610;1206;1181
P185065911;P185065911_7;G;3610;0;0;5210;1200;2700
P185065911;P185065911_8;H;4200;1240;0;5200;2440;2700
P185065911;P185065911_9;I;5200;1240;0;6800;2440;2700
P185065911;P185065911_10;J;5210;0;0;6810;1200;2700
P185065911;P185065911_11;K;6800;1240;0;8400;2440;2700
P185065911;P185065911_12;L;6810;0;0;8410;1200;2700
P185065911;P185065911_13;M;8400;1240;0;10000;2440;2700
P185065911;P185065911_14;N;8410;0;0;10010;1200;2865
P185065911;P185065911_15;O;10000;1240;0;11600;2440;2865
P185065911;P185065911_16;P;10010;0;0;11010;1200;2700
P185065911;P185065911_17;Q;11010;0;0;12610;1200;1815
P185065905;P185065905_1;A;0;0;0;1010;1206;2555
P185065905;P185065905_2;B;0;1240;0;1600;2440;2700
P185065905;P185065905_3;C;1010;0;0;2610;1200;2700
P185065905;P185065905_4;D;1600;1240;0;3200;2440;2700
P185065905;P185065905_5;E;2610;0;0;4210;1200;2700
P185065905;P185065905_6;F;3200;1240;0;4800;2440;2700
P185065905;P185065905_7;G;4210;0;0;5810;1200;2700
P185065905;P185065905_8;H;4800;1240;0;6400;2440;2700
P185065905;P185065905_9;I;5810;0;0;7410;1200;2700
P185065905;P185065905_10;J;6400;1240;0;8000;2440;2700
P185065905;P185065905_11;K;7410;0;0;8420;1206;2362
P185065905;P185065905_12;L;8000;1234;0;9010;2440;2362
P185065905;P185065905_13;M;8420;0;0;9430;1206;2362
P185065905;P185065905_14;N;9010;1234;0;10020;2440;2362
P185065905;P185065905_15;O;9430;0;0;10440;1206;2362
P185065905;P185065905_16;P;10020;1240;0;11620;2440;2700
P185065905;P185065905_17;Q;10440;0;0;12040;1200;2700
P185065905;P185065905_18;R;11620;1240;0;13220;2440;2700
P185065905;P185065905_19;S;12040;0;0;13050;1206;2362
Q185065905_1;Q185065905_1_1;A;0;1240;0;1600;2440;2700
Q185065905_1;Q185065905_1_2;B;0;0;0;1600;1200;2700
Q185065905_1;Q185065905_1_3;C;1600;0;0;3200;1200;2700
Q185065905_1;Q185065905_1_4;D;1600;1240;0;3200;2440;2700
Q185065905_1;Q185065905_1_5;E;3200;1240;0;4800;2440;2700
Q185065905_1;Q185065905_1_6;F;3200;0;0;4800;1200;2700
Q185065905_1;Q185065905_1_7;G;4800;0;0;6400;1200;2700
Q185065905_1;Q185065905_1_8;H;4800;1240;0;6400;2440;2700
Q185065905_1;Q185065905_1_9;I;6400;1240;0;8000;2440;2700
Q185065905_1;Q185065905_1_10;J;6400;0;0;8000;1200;2700
Q185065905_1;Q185065905_1_11;K;8000;0;0;9600;1200;2700
Q185065905_1;Q185065905_1_12;L;8000;1240;0;9600;2440;2700
Q185065905_1;Q185065905_1_13;M;9600;1234;0;10610;2440;2362
Q185065905_1;Q185065905_1_14;N;9600;0;0;10610;1206;2266
Q185065905_1;Q185065905_1_15;O;10610;0;0;11620;1206;2266
Q185065905_1;Q185065905_1_16;P;10610;1234;0;11620;2440;2170
Q185065905_1;Q185065905_1_17;Q;11620;1430;0;12826;2440;2655
P185065901;P185065901_1;A;0;0;0;1900;1200;2955
P185065901;P185065901_2;B;0;1234;0;1010;2440;1181
P185065901;P185065901_3;C;1010;1240;0;2610;2440;2865
P185065901;P185065901_4;D;1900;0;0;3500;1200;2865
P185065901;P185065901_5;E;2610;1240;0;4210;2440;2865
P185065901;P185065901_6;F;3500;0;0;5100;1200;2700
P185065901;P185065901_7;G;4210;1240;0;5810;2440;2700
P185065901;P185065901_8;H;5100;0;0;6700;1200;2700
P185065901;P185065901_9;I;5810;1240;0;7410;2440;2700
P185065901;P185065901_10;J;6700;0;0;8300;1200;2700
P185065901;P185065901_11;K;7410;1240;0;8410;2440;2700
P185065901;P185065901_12;L;8300;0;0;9300;1200;2700
P185065901;P185065901_13;M;8410;1240;0;10010;2440;2865
P185065901;P185065901_14;N;9300;0;0;10300;1200;2790
P185065901;P185065901_15;O;10010;1258;0;11830;2440;1160
P185065901;P185065901_16;P;10300;0;0;11900;1200;2700
P185065901;P185065901_17;Q;11830;1240;0;13430;2440;2865
P185065901;P185065901_18;R;11900;0;0;13500;1200;2865
P184065917;P184065917_1;A;0;0;0;1600;1200;2700
P184065917;P184065917_2;B;0;1240;0;1000;2440;2700
P184065917;P184065917_3;C;1000;1240;0;2000;2440;2745
P184065917;P184065917_4;D;1600;0;0;3200;1200;2700
P184065917;P184065917_5;E;2000;1240;0;3600;2440;2700
P184065917;P184065917_6;F;3200;0;0;4800;1200;2700
P184065917;P184065917_7;G;3600;1240;0;5200;2440;2700
P184065917;P184065917_8;H;4800;0;0;6400;1200;2700
P184065917;P184065917_9;I;5200;1240;0;6800;2440;2700
P184065917;P184065917_10;J;6400;0;0;8000;1200;2865
P184065917;P184065917_11;K;6800;1240;0;8700;2440;1500
P184065917;P184065917_12;L;8000;0;0;9600;1200;2700
P184065917;P184065917_13;M;8700;1240;0;10300;2440;2865
P184065917;P184065917_14;N;9600;0;0;11200;1200;2865
P184065917;P184065917_15;O;10300;1240;0;11900;2440;2700
P184065917;P184065917_16;P;11200;0;0;12800;1200;2700
P184065917;P184065917_17;Q;11900;1240;0;13500;2440;2700
P203069001;P203069001_1;A;0;0;0;2000;1200;2875
P203069001;P203069001_2;B;0;1240;0;2000;2440;2875
P203069001;P203069001_3;C;2000;1240;0;4000;2440;2875
P203069001;P203069001_4;D;2000;0;0;4000;1200;2875
P203069001;P203069001_5;E;4000;0;0;6000;1200;2875
P203069001;P203069001_6;F;4000;1240;0;6000;2440;2875
P203069001;P203069001_7;G;6000;1240;0;8000;2440;2875
P203069001;P203069001_8;H;6000;0;0;8000;1200;2875
P203069001;P203069001_9;I;8000;0;0;10000;1200;2875
P203069001;P203069001_10;J;8000;1240;0;10000;2440;2875
P203069001;P203069001_11;K;10000;1240;0;12000;2440;2875
P203069001;P203069001_12;L;10000;0;0;12000;1200;2875
P203069001;P203069001_13;M;12000;0;0;13200;2000;2875
P203069025;P203069025_1;A;0;0;0;1200;2400;2460
P203069025;P203069025_2;B;1200;0;0;2400;2400;2460
P203069025;P203069025_3;C;2400;0;0;3600;2400;2460
P203069025;P203069025_4;D;3600;0;0;4800;2400;2460
P203069025;P203069025_5;E;4800;0;0;6000;2400;2460
P203069025;P203069025_6;F;6000;0;0;7200;2400;2460
P203069025;P203069025_7;G;7200;0;0;8400;2400;2460
P203069025;P203069025_8;H;8400;0;0;9600;2400;2460
P203069025;P203069025_9;I;9600;0;0;10800;2400;2460
P203069025;P203069025_10;J;10800;0;0;12000;2400;2460
P203069025;P203069025_11;K;12000;0;0;13200;2400;2460
P203069027;P203069027_1;A;0;0;0;1800;1200;2340
P203069027;P203069027_2;B;0;1240;0;2000;2440;2250
P203069027;P203069027_3;C;1800;0;0;3800;1200;2250
P203069027;P203069027_4;D;2000;1240;0;4400;2440;2460
P203069027;P203069027_5;E;3800;0;0;6200;1200;2460
P203069027;P203069027_6;F;4400;1240;0;6800;2440;2460
P203069027;P203069027_7;G;6200;0;0;8600;1200;2460
P203069027;P203069027_8;H;6800;1240;0;9200;2440;2460
P203069027;P203069027_9;I;8600;0;0;11000;1200;2460
P203069027;P203069027_10;J;9200;1240;0;11600;2440;2460
P203069027;P203069027_11;K;11000;0;0;13400;1200;2460
P203069027;P203069027_12;L;11600;1240;0;13400;2440;2340
P202069131;P202069131_1;A;0;0;0;2000;1200;2875
P202069131;P202069131_2;B;0;1240;0;2000;2440;2875
P202069131;P202069131_3;C;2000;1240;0;4000;2440;2875
P202069131;P202069131_4;D;2000;0;0;4000;1200;2875
P202069131;P202069131_5;E;4000;0;0;6000;1200;2875
P202069131;P202069131_6;F;4000;1240;0;6000;2440;2875
P202069131;P202069131_7;G;6000;1240;0;8000;2440;2875
P202069131;P202069131_8;H;6000;0;0;8000;1200;2875
P202069131;P202069131_9;I;8000;0;0;10000;1200;2875
P202069131;P202069131_10;J;8000;1240;0;10000;2440;2875
P202069131;P202069131_11;K;10000;1240;0;12000;2440;2875
P202069131;P202069131_12;L;10000;0;0;12000;1200;2875
P202069131;P202069131_13;M;12000;0;0;13200;2000;2875
P202069127;P202069127_1;A;0;0;0;2000;1200;2875
P202069127;P202069127_2;B;0;1240;0;2000;2440;2875
P202069127;P202069127_3;C;2000;1240;0;4000;2440;2875
P202069127;P202069127_4;D;2000;0;0;4000;1200;2875
P202069127;P202069127_5;E;4000;0;0;6000;1200;2875
P202069127;P202069127_6;F;4000;1240;0;6000;2440;2875
P202069127;P202069127_7;G;6000;1240;0;8000;2440;2875
P202069127;P202069127_8;H;6000;0;0;8000;1200;2875
P202069127;P202069127_9;I;8000;0;0;10000;1200;2875
P202069127;P202069127_10;J;8000;1240;0;10000;2440;2875
P202069127;P202069127_11;K;10000;0;0;11200;2400;2500
P202069127;P202069127_12;L;11200;0;0;12400;2400;2460
P202069031;P202069031_1;A;0;0;0;1200;2400;2460
P202069031;P202069031_2;B;1200;40;0;2400;2440;2460
P202069031;P202069031_3;C;2400;1240;0;4200;2440;2340
P202069031;P202069031_4;D;2400;0;0;4200;1200;2340
P202069031;P202069031_5;E;4200;0;0;5400;2400;2000
P202069031;P202069031_6;F;5400;0;0;6600;2400;2460
P202069031;P202069031_7;G;6600;0;0;7800;2400;2460
P202069031;P202069031_8;H;7800;0;0;9000;2400;2460
P202069031;P202069031_9;I;9000;0;0;10200;2400;2460
P202069031;P202069031_10;J;10200;0;0;11400;2400;2460
P202069031;P202069031_11;K;11400;0;0;12600;2400;2460
P202069011;P202069011_1;A;0;0;0;1200;2400;2460
P202069011;P202069011_2;B;1200;0;0;2400;2400;2460
P202069011;P202069011_3;C;2400;0;0;4400;1200;2875
P202069011;P202069011_4;D;2400;1240;0;4400;2440;2875
P202069011;P202069011_5;E;4400;1240;0;6400;2440;2875
P202069011;P202069011_6;F;4400;0;0;6400;1200;2875
P202069011;P202069011_7;G;6400;0;0;8400;1200;2875
P202069011;P202069011_8;H;6400;1240;0;8400;2440;2875
P202069011;P202069011_9;I;8400;1240;0;10400;2440;2875
P202069011;P202069011_10;J;8400;0;0;10400;1200;2875
P202069011;P202069011_11;K;10400;0;0;12400;1200;2875
P202069011;P202069011_12;L;10400;1240;0;12400;2440;2875
P202069113;P202069113_1;A;0;0;0;1200;2400;1900
P202069113;P202069113_2;B;1200;0;0;2400;2400;2000
P202069113;P202069113_3;C;2400;0;0;3600;2400;2000
P202069113;P202069113_4;D;3600;0;0;4800;2400;2000
P202069113;P202069113_5;E;4800;0;0;6000;2400;2000
P202069113;P202069113_6;F;6000;0;0;7200;2400;2000
P202069113;P202069113_7;G;7200;0;0;8400;2400;2000
P202069113;P202069113_8;H;8400;0;0;9600;2400;2000
P202069113;P202069113_9;I;9600;0;0;10800;2400;2000
P202069113;P202069113_10;J;10800;0;0;12000;2400;1900
P202069113;P202069113_11;K;12000;0;0;13200;2400;1900
P202069123;P202069123_1;A;0;0;0;1200;2400;1900
P202069123;P202069123_2;B;1200;0;0;2400;2400;1900
P202069123;P202069123_3;C;2400;0;0;3600;2400;1900
P202069123;P202069123_4;D;3600;0;0;4800;2400;1900
P202069123;P202069123_5;E;4800;1240;0;6600;2440;2400
P202069123;P202069123_6;F;4800;0;0;6600;1200;2340
P202069123;P202069123_7;G;6600;0;0;8400;1200;2340
P202069123;P202069123_8;H;6600;1240;0;8400;2440;2340
P202069123;P202069123_9;I;8400;1240;0;10200;2440;2340
P202069123;P202069123_10;J;8400;0;0;10200;1200;2340
P202069123;P202069123_11;K;10200;0;0;12000;1200;2340
P202069123;P202069123_12;L;10200;1240;0;12000;2440;2340
P202069123;P202069123_13;M;12000;0;0;13200;1800;2340
P202069021;P202069021_1;A;0;0;0;1200;2400;1620
P202069021;P202069021_2;B;1200;0;0;2400;2400;1620
P202069021;P202069021_3;C;2400;0;0;3600;2400;1620
P202069021;P202069021_4;D;3600;0;0;4800;2400;1620
P202069021;P202069021_5;E;4800;0;0;6000;2400;1620
P202069021;P202069021_6;F;6000;0;0;7200;2400;1620
P202069021;P202069021_7;G;7200;0;0;8400;2400;1620
P202069021;P202069021_8;H;8400;0;0;9600;2400;2000
P202069021;P202069021_9;I;9600;1240;0;11400;2440;2340
P202069021;P202069021_10;J;9600;0;0;11400;1200;2340
P202069021;P202069021_11;K;11400;0;0;13200;1200;2340
P202069021;P202069021_12;L;11400;1240;0;13200;2440;2340
P202069119;P202069119_1;A;0;0;0;2000;1200;2875
P202069119;P202069119_2;B;0;1240;0;2000;2440;2875
P202069119;P202069119_3;C;2000;1240;0;4000;2440;2875
P202069119;P202069119_4;D;2000;0;0;4000;1200;2875
P202069119;P202069119_5;E;4000;0;0;6000;1200;2875
P202069119;P202069119_6;F;4000;1240;0;6000;2440;2875
P202069119;P202069119_7;G;6000;1240;0;8000;2440;2875
P202069119;P202069119_8;H;6000;0;0;8000;1200;2875
P202069119;P202069119_9;I;8000;0;0;10000;1200;2875
P202069119;P202069119_10;J;8000;1240;0;10000;2440;2875
P202069119;P202069119_11;K;10000;1240;0;12000;2440;2875
P202069119;P202069119_12;L;10000;0;0;12000;1200;2875
P202069119;P202069119_13;M;12000;0;0;13200;2000;2875
P202069019;P202069019_1;A;0;0;0;1200;2400;1620
P202069019;P202069019_2;B;1200;0;0;2400;2400;2460
P202069019;P202069019_3;C;2400;0;0;3600;2400;2460
P202069019;P202069019_4;D;3600;0;0;4800;2400;1620
P202069019;P202069019_5;E;4800;0;0;6000;2400;2000
P202069019;P202069019_6;F;6000;0;0;7200;2400;1900
P202069019;P202069019_7;G;7200;0;0;8400;2400;1900
P202069019;P202069019_8;H;8400;0;0;9600;2400;2000
P202069019;P202069019_9;I;9600;0;0;10800;2400;2460
P202069019;P202069019_10;J;10800;0;0;12000;2400;2460
P202069019;P202069019_11;K;12000;0;0;13200;2400;2460
P202069115;P202069115_1;A;0;1240;0;1800;2440;2340
P202069115;P202069115_2;B;0;0;0;1200;1200;2200
P202069115;P202069115_3;C;1200;0;0;2400;1200;2200
P202069115;P202069115_4;D;1800;1240;0;3000;2440;2200
P202069115;P202069115_5;E;2400;0;0;4200;1200;2340
P202069115;P202069115_6;F;3000;1240;0;4800;2440;2340
P202069115;P202069115_7;G;4200;0;0;6000;1200;2340
P202069115;P202069115_8;H;4800;1240;0;6600;2440;2340
P202069115;P202069115_9;I;6000;0;0;7800;1200;2340
P202069115;P202069115_10;J;6600;1240;0;8400;2440;2340
P202069115;P202069115_11;K;7800;0;0;9600;1200;2340
P202069115;P202069115_12;L;8400;1240;0;10200;2440;2340
P202069115;P202069115_13;M;9600;0;0;11400;1200;2340
P202069115;P202069115_14;N;10200;1240;0;12000;2440;2340
P202069115;P202069115_15;O;11400;0;0;13200;1200;2340
P202069115;P202069115_16;P;12000;1240;0;13200;2440;2200
P202069117;P202069117_1;A;0;0;0;1200;2400;2000
P202069117;P202069117_2;B;1200;0;0;2400;2400;2000
P202069117;P202069117_3;C;2400;0;0;3600;2400;1900
P202069117;P202069117_4;D;3600;0;0;4800;2400;2460
P202069117;P202069117_5;E;4800;0;0;6000;2400;2000
P202069117;P202069117_6;F;6000;0;0;7200;2400;2000
P202069117;P202069117_7;G;7200;0;0;8400;2400;1900
P202069117;P202069117_8;H;8400;0;0;9600;2400;2460
P202069117;P202069117_9;I;9600;0;0;10800;2400;2000
P202069117;P202069117_10;J;10800;0;0;12000;2400;2000
P202069117;P202069117_11;K;12000;0;0;13200;2400;1900
P202069017;P202069017_1;A;0;0;0;1800;1200;2340
P202069017;P202069017_2;B;0;1240;0;2400;2440;1800
P202069017;P202069017_3;C;1800;0;0;4200;1200;1800
P202069017;P202069017_4;D;2400;1240;0;4200;2440;2340
P202069017;P202069017_5;E;4200;1240;0;6000;2440;2340
P202069017;P202069017_6;F;4200;0;0;6000;1200;2340
P202069017;P202069017_7;G;6000;0;0;7800;1200;2340
P202069017;P202069017_8;H;6000;1240;0;7800;2440;2340
P202069017;P202069017_9;I;7800;1240;0;9600;2440;2340
P202069017;P202069017_10;J;7800;0;0;9600;1200;2340
P202069017;P202069017_11;K;9600;0;0;11400;1200;2340
P202069017;P202069017_12;L;9600;1240;0;11400;2440;2340
P202069017;P202069017_13;M;11400;1240;0;13200;2440;2340
P202069017;P202069017_14;N;11400;0;0;13200;1200;2340
P202069015;P202069015_1;A;0;0;0;1200;2400;2460
P202069015;P202069015_2;B;1200;0;0;2400;2400;2460
P202069015;P202069015_3;C;2400;0;0;4200;1200;2340
P202069015;P202069015_4;D;2400;1240;0;4800;2440;2460
P202069015;P202069015_5;E;4200;0;0;6200;1200;2250
P202069015;P202069015_6;F;4800;1240;0;7200;2440;2460
P202069015;P202069015_7;G;6200;0;0;8600;1200;2460
P202069015;P202069015_8;H;7200;1240;0;9600;2440;2460
P202069015;P202069015_9;I;8600;0;0;11000;1200;2460
P202069015;P202069015_10;J;9600;1240;0;12000;2440;2460
P202069015;P202069015_11;K;11000;0;0;13400;1200;2460
P202069013;P202069013_1;A;0;0;0;1200;2400;2460
P202069013;P202069013_2;B;1200;1240;0;3200;2440;2250
P202069013;P202069013_3;C;1200;0;0;3600;1200;2460
P202069013;P202069013_4;D;3200;1240;0;5600;2440;2460
P202069013;P202069013_5;E;3600;0;0;6000;1200;2460
P202069013;P202069013_6;F;5600;1240;0;8000;2440;2000
P202069013;P202069013_7;G;6000;0;0;8400;1200;1900
P202069013;P202069013_8;H;8000;1240;0;10400;2440;2460
P202069013;P202069013_9;I;8400;0;0;10800;1200;2460
P202069013;P202069013_10;J;10400;1240;0;12800;2440;2460
P202069013;P202069013_11;K;10800;0;0;13200;1200;2460
P202069111;P202069111_1;A;0;0;0;2200;1200;1760
P202069111;P202069111_2;B;0;1240;0;1800;2440;2340
P202069111;P202069111_3;C;1800;1240;0;3600;2440;2340
P202069111;P202069111_4;D;2200;0;0;4000;1200;2340
P202069111;P202069111_5;E;3600;1240;0;5400;2440;2340
P202069111;P202069111_6;F;4000;0;0;5800;1200;2340
P202069111;P202069111_7;G;5400;1240;0;7200;2440;2340
P202069111;P202069111_8;H;5800;0;0;7600;1200;2340
P202069111;P202069111_9;I;7200;1240;0;9000;2440;2340
P202069111;P202069111_10;J;7600;0;0;9400;1200;2340
P202069111;P202069111_11;K;9000;1240;0;10800;2440;2340
P202069111;P202069111_12;L;9400;0;0;11200;1200;2340
P202069111;P202069111_13;M;10800;1240;0;12600;2440;2340
P202069111;P202069111_14;N;11200;0;0;13000;1200;2340
P202069009;P202069009_1;A;0;0;0;1200;2400;2460
P202069009;P202069009_2;B;1200;0;0;2400;2400;2460
P202069009;P202069009_3;C;2400;0;0;3600;2400;2000
P202069009;P202069009_4;D;3600;0;0;4800;2400;2000
P202069009;P202069009_5;E;4800;0;0;6000;2400;1900
P202069009;P202069009_6;F;6000;0;0;7200;2400;1900
P202069009;P202069009_7;G;7200;0;0;8400;2400;2460
P202069009;P202069009_8;H;8400;0;0;9600;2400;2460
P202069009;P202069009_9;I;9600;0;0;10800;2400;2460
P202069009;P202069009_10;J;10800;0;0;12000;2400;2000
P202069009;P202069009_11;K;12000;0;0;13200;2400;2460
P202069107;P202069107_1;A;0;0;0;2000;1200;2875
P202069107;P202069107_2;B;0;1240;0;2000;2440;2875
P202069107;P202069107_3;C;2000;1240;0;4000;2440;2875
P202069107;P202069107_4;D;2000;0;0;4000;1200;2875
P202069107;P202069107_5;E;4000;0;0;6000;1200;2875
P202069107;P202069107_6;F;4000;1240;0;6000;2440;2875
P202069107;P202069107_7;G;6000;1240;0;8000;2440;2875
P202069107;P202069107_8;H;6000;0;0;8000;1200;2875
P202069107;P202069107_9;I;8000;0;0;10000;1200;2875
P202069107;P202069107_10;J;8000;1240;0;10000;2440;2875
P202069107;P202069107_11;K;10000;1240;0;12000;2440;2875
P202069107;P202069107_12;L;10000;0;0;12000;1200;2875
P202069107;P202069107_13;M;12000;0;0;13200;2000;2875
P202069007;P202069007_1;A;0;0;0;1800;1200;2340
P202069007;P202069007_2;B;0;1240;0;1800;2440;2340
P202069007;P202069007_3;C;1800;1240;0;3600;2440;2340
P202069007;P202069007_4;D;1800;0;0;3600;1200;2340
P202069007;P202069007_5;E;3600;0;0;5400;1200;2340
P202069007;P202069007_6;F;3600;1240;0;5400;2440;2340
P202069007;P202069007_7;G;5400;1240;0;7200;2440;2340
P202069007;P202069007_8;H;5400;0;0;7800;1200;1800
P202069007;P202069007_9;I;7200;1240;0;9000;2440;2340
P202069007;P202069007_10;J;7800;0;0;9600;1200;2340
P202069007;P202069007_11;K;9000;1240;0;10800;2440;2340
P202069007;P202069007_12;L;9600;0;0;11400;1200;2340
P202069007;P202069007_13;M;10800;1240;0;12600;2440;2340
P202069007;P202069007_14;N;11400;0;0;13200;1200;2340
P202069007;P202069007_15;O;12600;1200;0;13400;1800;560
P202069105;P202069105_1;A;0;0;0;1200;2400;1900
P202069105;P202069105_2;B;1200;0;0;2400;2400;2460
P202069105;P202069105_3;C;2400;0;0;3600;2400;2460
P202069105;P202069105_4;D;3600;0;0;4800;2400;2460
P202069105;P202069105_5;E;4800;0;0;6000;2400;2000
P202069105;P202069105_6;F;6000;1240;0;7800;2440;2340
P202069105;P202069105_7;G;6000;0;0;8400;1200;2460
P202069105;P202069105_8;H;7800;1240;0;10200;2440;2460
P202069105;P202069105_9;I;8400;0;0;10800;1200;2460
P202069105;P202069105_10;J;10200;1240;0;12600;2440;2000
P202069105;P202069105_11;K;10800;0;0;13200;1200;2460
P202069005;P202069005_1;A;0;0;0;1800;1200;2340
P202069005;P202069005_2;B;0;1240;0;1800;2440;2340
P202069005;P202069005_3;C;1800;1240;0;3600;2440;2340
P202069005;P202069005_4;D;1800;0;0;3600;1200;2340
P202069005;P202069005_5;E;3600;0;0;4800;2400;1900
P202069005;P202069005_6;F;4800;1240;0;6600;2440;2340
P202069005;P202069005_7;G;4800;0;0;6600;1200;2340
P202069005;P202069005_8;H;6600;0;0;8800;1200;1760
P202069005;P202069005_9;I;6600;1240;0;8400;2440;2340
P202069005;P202069005_10;J;8400;1240;0;10200;2440;2340
P202069005;P202069005_11;K;8800;0;0;10600;1200;2340
P202069005;P202069005_12;L;10200;1240;0;12000;2440;2340
P202069005;P202069005_13;M;10600;0;0;13000;1200;2460
P202069005;P202069005_14;N;12000;1240;0;13200;2440;2200
P202069003;P202069003_1;A;0;0;0;2000;1200;2875
P202069003;P202069003_2;B;0;1240;0;2000;2440;2875
P202069003;P202069003_3;C;2000;1240;0;4000;2440;2875
P202069003;P202069003_4;D;2000;0;0;4000;1200;2875
P202069003;P202069003_5;E;4000;0;0;6000;1200;2875
P202069003;P202069003_6;F;4000;1240;0;6000;2440;2875
P202069003;P202069003_7;G;6000;1240;0;8000;2440;2875
P202069003;P202069003_8;H;6000;0;0;8000;1200;2875
P202069003;P202069003_9;I;8000;0;0;10000;1200;2875
P202069003;P202069003_10;J;8000;1240;0;10000;2440;2875
P202069003;P202069003_11;K;10000;1240;0;12000;2440;2875
P202069003;P202069003_12;L;10000;0;0;12000;1200;2875
P202069003;P202069003_13;M;12000;0;0;13200;2000;2875
P202069101;P202069101_1;A;0;0;0;1200;2400;2000
P202069101;P202069101_2;B;1200;0;0;2400;2400;2000
P202069101;P202069101_3;C;2400;0;0;3600;2400;2460
P202069101;P202069101_4;D;3600;0;0;4800;2400;1900
P202069101;P202069101_5;E;4800;0;0;6000;2400;2460
P202069101;P202069101_6;F;6000;0;0;7200;2400;2460
P202069101;P202069101_7;G;7200;0;0;8400;2400;2460
P202069101;P202069101_8;H;8400;0;0;9600;2400;2460
P202069101;P202069101_9;I;9600;0;0;10800;2400;2460
P202069101;P202069101_10;J;10800;0;0;12000;2400;2460
P202069101;P202069101_11;K;12000;0;0;13200;2400;2460
P202069001;P202069001_1;A;0;0;0;2000;1200;2875
P202069001;P202069001_2;B;0;1240;0;2000;2440;2875
P202069001;P202069001_3;C;2000;1240;0;4000;2440;2875
P202069001;P202069001_4;D;2000;0;0;4000;1200;2875
P202069001;P202069001_5;E;4000;0;0;6000;1200;2875
P202069001;P202069001_6;F;4000;1240;0;6000;2440;2875
P202069001;P202069001_7;G;6000;1240;0;8000;2440;2875
P202069001;P202069001_8;H;6000;0;0;8000;1200;2875
P202069001;P202069001_9;I;8000;0;0;10000;1200;2875
P202069001;P202069001_10;J;8000;1240;0;10000;2440;2875
P202069001;P202069001_11;K;10000;1240;0;12000;2440;2875
P202069001;P202069001_12;L;10000;0;0;12000;1200;2875
P202069001;P202069001_13;M;12000;0;0;13200;2000;2875
Q202069001_1;Q202069001_1_1;A;0;0;0;2000;1200;2875
Q202069001_1;Q202069001_1_2;B;0;1240;0;2000;2440;2875
Q202069001_1;Q202069001_1_3;C;2000;1240;0;4000;2440;2875
Q202069001_1;Q202069001_1_4;D;2000;0;0;4000;1200;2875
Q202069001_1;Q202069001_1_5;E;4000;0;0;6000;1200;2875
Q202069001_1;Q202069001_1_6;F;4000;1240;0;6000;2440;2875
Q202069001_1;Q202069001_1_7;G;6000;1240;0;8000;2440;2875
Q202069001_1;Q202069001_1_8;H;6000;0;0;8000;1200;2875
Q202069001_1;Q202069001_1_9;I;8000;0;0;10000;1200;2875
Q202069001_1;Q202069001_1_10;J;8000;1240;0;10000;2440;2875
Q202069001_1;Q202069001_1_11;K;10000;1240;0;12000;2440;2875
Q202069001_1;Q202069001_1_12;L;10000;0;0;12000;1200;2875
Q202069001_1;Q202069001_1_13;M;12000;0;0;13200;2000;2875
P202069025;P202069025_1;A;0;0;0;1200;2400;2000
P202069025;P202069025_2;B;1200;0;0;2400;2400;2000
P202069025;P202069025_3;C;2400;0;0;3600;2400;1900
P202069025;P202069025_4;D;3600;0;0;4800;2400;2460
P202069025;P202069025_5;E;4800;0;0;6000;2400;2460
P202069025;P202069025_6;F;6000;0;0;7200;2400;2460
P202069025;P202069025_7;G;7200;0;0;8400;2400;2460
P202069025;P202069025_8;H;8400;0;0;9600;2400;2460
P202069025;P202069025_9;I;9600;0;0;10800;2400;2460
P202069025;P202069025_10;J;10800;0;0;12000;2400;2460
P202069025;P202069025_11;K;12000;0;0;13200;2400;2460
P202069027;P202069027_1;A;0;1240;0;1800;2440;2340
P202069027;P202069027_2;B;0;0;0;1800;1200;2340
P202069027;P202069027_3;C;1800;0;0;3000;2400;2000
P202069027;P202069027_4;D;3000;0;0;4200;2400;2000
P202069027;P202069027_5;E;4200;0;0;5400;2400;2000
P202069027;P202069027_6;F;5400;0;0;6600;2400;2460
P202069027;P202069027_7;G;6600;0;0;8400;1200;2340
P202069027;P202069027_8;H;6600;1240;0;8400;2440;2340
P202069027;P202069027_9;I;8400;0;0;9600;2400;2460
P202069027;P202069027_10;J;9600;0;0;11400;1200;2340
P202069027;P202069027_11;K;9600;1240;0;11400;2440;2340
P202069027;P202069027_12;L;11400;1240;0;13200;2440;2340
P202069027;P202069027_13;M;11400;0;0;13200;1200;2340
P201069131;P201069131_1;A;0;0;0;2000;1200;2875
P201069131;P201069131_2;B;0;1240;0;2000;2440;2875
P201069131;P201069131_3;C;2000;1240;0;4000;2440;2875
P201069131;P201069131_4;D;2000;0;0;4000;1200;2875
P201069131;P201069131_5;E;4000;0;0;6000;1200;2875
P201069131;P201069131_6;F;4000;1240;0;6000;2440;2875
P201069131;P201069131_7;G;6000;1240;0;8000;2440;2875
P201069131;P201069131_8;H;6000;0;0;8000;1200;2875
P201069131;P201069131_9;I;8000;0;0;10000;1200;2875
P201069131;P201069131_10;J;8000;1240;0;10000;2440;2875
P201069131;P201069131_11;K;10000;1240;0;12000;2440;2875
P201069131;P201069131_12;L;10000;0;0;12000;1200;2875
P201069131;P201069131_13;M;12000;0;0;13200;2000;2875
P201069127;P201069127_1;A;0;0;0;1200;2400;2500
P201069127;P201069127_2;B;1200;0;0;2400;2400;1620
P201069127;P201069127_3;C;2400;0;0;3600;2400;1620
P201069127;P201069127_4;D;3600;0;0;4800;2400;1620
P201069127;P201069127_5;E;4800;0;0;6000;2400;1620
P201069127;P201069127_6;F;6000;0;0;7200;2400;1620
P201069127;P201069127_7;G;7200;0;0;8400;2400;1620
P201069127;P201069127_8;H;8400;0;0;9600;2400;1620
P201069127;P201069127_9;I;9600;0;0;10800;2400;2500
P201069127;P201069127_10;J;10800;0;0;12000;2400;1620
P201069127;P201069127_11;K;12000;0;0;13200;2400;1620
P201069031;P201069031_1;A;0;0;0;1200;2400;1900
P201069031;P201069031_2;B;1200;0;0;2400;2400;1900
P201069031;P201069031_3;C;2400;0;0;3600;2400;1620
P201069031;P201069031_4;D;3600;0;0;4800;2400;1900
P201069031;P201069031_5;E;4800;0;0;6000;2400;2500
P201069031;P201069031_6;F;6000;0;0;7200;2400;2460
P201069031;P201069031_7;G;7200;0;0;8400;2400;2460
P201069031;P201069031_8;H;8400;0;0;9600;2400;1900
P201069031;P201069031_9;I;9600;0;0;10800;2400;2000
P201069031;P201069031_10;J;10800;0;0;12000;2400;2000
P201069031;P201069031_11;K;12000;0;0;13200;2400;2000
P201069125;P201069125_1;A;0;1240;0;1800;2440;2340
P201069125;P201069125_2;B;0;0;0;1800;1200;2340
P201069125;P201069125_3;C;1800;0;0;3600;1200;2340
P201069125;P201069125_4;D;1800;1240;0;3600;2440;2340
P201069125;P201069125_5;E;3600;1240;0;5400;2440;2340
P201069125;P201069125_6;F;3600;0;0;5400;1200;2340
P201069125;P201069125_7;G;5400;0;0;7200;1200;2340
P201069125;P201069125_8;H;5400;1240;0;7200;2440;2340
P201069125;P201069125_9;I;7200;1240;0;9000;2440;2340
P201069125;P201069125_10;J;7200;0;0;9000;1200;2340
P201069125;P201069125_11;K;9000;0;0;10200;1200;2200
P201069125;P201069125_12;L;9000;1240;0;10200;2440;2200
P201069125;P201069125_13;M;10200;1240;0;12000;2440;2340
P201069125;P201069125_14;N;10200;0;0;12000;1200;2340
P201069125;P201069125_15;O;12000;0;0;13200;1800;2400
P201069011;P201069011_1;A;0;0;0;2000;1200;2875
P201069011;P201069011_2;B;0;1240;0;2000;2440;2875
P201069011;P201069011_3;C;2000;1240;0;4000;2440;2875
P201069011;P201069011_4;D;2000;0;0;4000;1200;2875
P201069011;P201069011_5;E;4000;0;0;6000;1200;2875
P201069011;P201069011_6;F;4000;1240;0;6000;2440;2875
P201069011;P201069011_7;G;6000;1240;0;8000;2440;2875
P201069011;P201069011_8;H;6000;0;0;8000;1200;2875
P201069011;P201069011_9;I;8000;0;0;10000;1200;2875
P201069011;P201069011_10;J;8000;1240;0;10000;2440;2875
P201069011;P201069011_11;K;10000;1240;0;12000;2440;2875
P201069011;P201069011_12;L;10000;0;0;12000;1200;2875
P201069011;P201069011_13;M;12000;0;0;13200;2000;2875
P201069113;P201069113_1;A;0;0;0;1200;2400;1620
P201069113;P201069113_2;B;1200;0;0;2400;2400;2000
P201069113;P201069113_3;C;2400;0;0;3600;2400;1740
P201069113;P201069113_4;D;3600;0;0;4800;2400;1620
P201069113;P201069113_5;E;4800;0;0;6000;2400;1620
P201069113;P201069113_6;F;6000;0;0;7200;2400;1900
P201069113;P201069113_7;G;7200;0;0;8400;2400;1900
P201069113;P201069113_8;H;8400;0;0;9600;2400;2460
P201069113;P201069113_9;I;9600;0;0;10800;2400;2460
P201069113;P201069113_10;J;10800;0;0;12000;2400;2460
P201069113;P201069113_11;K;12000;0;0;13200;2400;2460
P201069123;P201069123_1;A;0;0;0;1800;1200;2340
P201069123;P201069123_2;B;0;1240;0;1800;2440;2340
P201069123;P201069123_3;C;1800;1240;0;3600;2440;2340
P201069123;P201069123_4;D;1800;0;0;3600;1200;2340
P201069123;P201069123_5;E;3600;0;0;5400;1200;2340
P201069123;P201069123_6;F;3600;1240;0;5400;2440;2340
P201069123;P201069123_7;G;5400;1240;0;7200;2440;2340
P201069123;P201069123_8;H;5400;0;0;7200;1200;2340
P201069123;P201069123_9;I;7200;0;0;9000;1200;2340
P201069123;P201069123_10;J;7200;1240;0;9600;2440;1900
P201069123;P201069123_11;K;9000;0;0;11400;1200;1900
P201069123;P201069123_12;L;9600;1240;0;12000;2440;2460
P201069123;P201069123_13;M;11400;0;0;13200;1200;2340
P201069119;P201069119_1;A;0;0;0;2000;1200;2875
P201069119;P201069119_2;B;0;1240;0;2000;2440;2875
P201069119;P201069119_3;C;2000;1240;0;4000;2440;2875
P201069119;P201069119_4;D;2000;0;0;4000;1200;2875
P201069119;P201069119_5;E;4000;0;0;6000;1200;2875
P201069119;P201069119_6;F;4000;1240;0;6000;2440;2875
P201069119;P201069119_7;G;6000;1240;0;8000;2440;2875
P201069119;P201069119_8;H;6000;0;0;8000;1200;2875
P201069119;P201069119_9;I;8000;0;0;10000;1200;2875
P201069119;P201069119_10;J;8000;1240;0;10000;2440;2875
P201069119;P201069119_11;K;10000;1240;0;12000;2440;2875
P201069119;P201069119_12;L;10000;0;0;12000;1200;2875
P201069119;P201069119_13;M;12000;0;0;13200;2000;2875
P201069115;P201069115_1;A;0;0;0;1800;1200;2340
P201069115;P201069115_2;B;0;1240;0;2000;2440;2250
P201069115;P201069115_3;C;1800;0;0;3800;1200;2250
P201069115;P201069115_4;D;2000;1240;0;4400;2440;2460
P201069115;P201069115_5;E;3800;0;0;6200;1200;2460
P201069115;P201069115_6;F;4400;1240;0;6800;2440;2460
P201069115;P201069115_7;G;6200;0;0;8600;1200;2460
P201069115;P201069115_8;H;6800;1240;0;9200;2440;2460
P201069115;P201069115_9;I;8600;0;0;11000;1200;2460
P201069115;P201069115_10;J;9200;1240;0;11000;2440;2340
P201069115;P201069115_11;K;11000;0;0;12200;2400;2460
P201069115;P201069115_12;L;12200;0;0;13400;2400;2460
P201069117;P201069117_1;A;0;0;0;1200;2400;2000
P201069117;P201069117_2;B;1200;0;0;2400;2400;2000
P201069117;P201069117_3;C;2400;0;0;3600;2400;2000
P201069117;P201069117_4;D;3600;0;0;4800;2400;1620
P201069117;P201069117_5;E;4800;0;0;6000;2400;1900
P201069117;P201069117_6;F;6000;0;0;7200;2400;2000
P201069117;P201069117_7;G;7200;0;0;8400;2400;2000
P201069117;P201069117_8;H;8400;0;0;9600;2400;1620
P201069117;P201069117_9;I;9600;0;0;10800;2400;1900
P201069117;P201069117_10;J;10800;0;0;12000;2400;2000
P201069117;P201069117_11;K;12000;0;0;13200;2400;2460
P201069015;P201069015_1;A;0;0;0;1200;2400;2460
P201069015;P201069015_2;B;1200;0;0;2400;2400;2460
P201069015;P201069015_3;C;2400;0;0;3600;2400;2460
P201069015;P201069015_4;D;3600;0;0;4800;2400;2460
P201069015;P201069015_5;E;4800;0;0;6000;2400;2460
P201069015;P201069015_6;F;6000;0;0;7200;2400;2460
P201069015;P201069015_7;G;7200;0;0;9200;1200;2875
P201069015;P201069015_8;H;7200;1240;0;9200;2440;2875
P201069015;P201069015_9;I;9200;1240;0;11200;2440;2875
P201069015;P201069015_10;J;9200;0;0;11200;1200;2875
P201069015;P201069015_11;K;11200;0;0;13200;1200;2875
P201069015;P201069015_12;L;11200;1240;0;13200;2440;2875
P201069111;P201069111_1;A;0;0;0;1200;2400;1800
P201069111;P201069111_2;B;1200;1240;0;3000;2440;2340
P201069111;P201069111_3;C;1200;0;0;3000;1200;2340
P201069111;P201069111_4;D;3000;0;0;4800;1200;2340
P201069111;P201069111_5;E;3000;1240;0;4800;2440;2340
P201069111;P201069111_6;F;4800;1240;0;6600;2440;2340
P201069111;P201069111_7;G;4800;0;0;6600;1200;2340
P201069111;P201069111_8;H;6600;0;0;8400;1200;2340
P201069111;P201069111_9;I;6600;1240;0;8400;2440;2340
P201069111;P201069111_10;J;8400;1240;0;10200;2440;2340
P201069111;P201069111_11;K;8400;0;0;10600;1200;1760
P201069111;P201069111_12;L;10200;1240;0;11400;2440;2200
P201069111;P201069111_13;M;10600;0;0;13000;1200;2460
P201069111;P201069111_14;N;11400;1240;0;13200;2440;2340
P201069009;P201069009_1;A;0;0;0;1200;2400;1900
P201069009;P201069009_2;B;1200;0;0;2400;2400;2460
P201069009;P201069009_3;C;2400;0;0;3600;2400;2460
P201069009;P201069009_4;D;3600;0;0;4800;2400;2000
P201069009;P201069009_5;E;4800;0;0;6000;2400;1620
P201069009;P201069009_6;F;6000;0;0;7200;2400;2000
P201069009;P201069009_7;G;7200;0;0;8400;2400;2460
P201069009;P201069009_8;H;8400;0;0;9600;2400;2460
P201069009;P201069009_9;I;9600;0;0;10800;2400;2460
P201069009;P201069009_10;J;10800;0;0;12000;2400;2460
P201069009;P201069009_11;K;12000;0;0;13200;2400;2460
P201069107;P201069107_1;A;0;0;0;2000;1200;2875
P201069107;P201069107_2;B;0;1240;0;2000;2440;2875
P201069107;P201069107_3;C;2000;1240;0;4000;2440;2875
P201069107;P201069107_4;D;2000;0;0;4000;1200;2875
P201069107;P201069107_5;E;4000;0;0;6000;1200;2875
P201069107;P201069107_6;F;4000;1240;0;6000;2440;2875
P201069107;P201069107_7;G;6000;1240;0;8000;2440;2875
P201069107;P201069107_8;H;6000;0;0;8000;1200;2875
P201069107;P201069107_9;I;8000;0;0;10000;1200;2875
P201069107;P201069107_10;J;8000;1240;0;10000;2440;2875
P201069107;P201069107_11;K;10000;1240;0;12000;2440;2875
P201069107;P201069107_12;L;10000;0;0;12000;1200;2875
P201069107;P201069107_13;M;12000;0;0;13200;2000;2875
P201069007;P201069007_1;A;0;0;0;1800;1200;2340
P201069007;P201069007_2;B;0;1240;0;1800;2440;2340
P201069007;P201069007_3;C;1800;1240;0;3600;2440;2340
P201069007;P201069007_4;D;1800;0;0;3600;1200;2340
P201069007;P201069007_5;E;3600;0;0;4800;2400;2460
P201069007;P201069007_6;F;4800;0;0;6000;2400;2460
P201069007;P201069007_7;G;6000;0;0;7200;2400;2460
P201069007;P201069007_8;H;7200;0;0;8400;2400;2000
P201069007;P201069007_9;I;8400;0;0;9600;2400;2000
P201069007;P201069007_10;J;9600;1240;0;11400;2440;2340
P201069007;P201069007_11;K;9600;0;0;12000;1200;1900
P201069007;P201069007_12;L;11400;1240;0;13200;2440;2340
P201069007;P201069007_13;M;12000;0;0;13200;1200;2200
P201069003;P201069003_1;A;0;1240;0;2000;2440;2875
P201069003;P201069003_2;B;0;0;0;2000;1200;2875
P201069003;P201069003_3;C;2000;0;0;4000;1200;2875
P201069003;P201069003_4;D;2000;1240;0;4000;2440;2875
P201069003;P201069003_5;E;4000;1240;0;6000;2440;2875
P201069003;P201069003_6;F;4000;0;0;6400;1200;2460
P201069003;P201069003_7;G;6000;1240;0;8400;2440;2460
P201069003;P201069003_8;H;6400;0;0;8800;1200;2460
P201069003;P201069003_9;I;8400;1240;0;10800;2440;2460
P201069003;P201069003_10;J;8800;0;0;11200;1200;2460
P201069003;P201069003_11;K;10800;1240;0;13200;2440;2460
P201069003;P201069003_12;L;11200;0;0;13200;1200;2875
P201069101;P201069101_1;A;0;0;0;1200;2400;1620
P201069101;P201069101_2;B;1200;0;0;2400;2400;1900
P201069101;P201069101_3;C;2400;0;0;3600;2400;2000
P201069101;P201069101_4;D;3600;0;0;4800;2400;1900
P201069101;P201069101_5;E;4800;0;0;6000;2400;2000
P201069101;P201069101_6;F;6000;0;0;7200;2400;1900
P201069101;P201069101_7;G;7200;0;0;8400;2400;2000
P201069101;P201069101_8;H;8400;0;0;9600;2400;2460
P201069101;P201069101_9;I;9600;0;0;10800;2400;2460
P201069101;P201069101_10;J;10800;0;0;12000;2400;2460
P201069101;P201069101_11;K;12000;0;0;13200;2400;2000
P201069001;P201069001_1;A;0;0;0;2000;1200;2875
P201069001;P201069001_2;B;0;1240;0;2000;2440;2875
P201069001;P201069001_3;C;2000;1240;0;4000;2440;2875
P201069001;P201069001_4;D;2000;0;0;4000;1200;2875
P201069001;P201069001_5;E;4000;0;0;6000;1200;2875
P201069001;P201069001_6;F;4000;1240;0;6000;2440;2875
P201069001;P201069001_7;G;6000;1240;0;8000;2440;2875
P201069001;P201069001_8;H;6000;0;0;8000;1200;2875
P201069001;P201069001_9;I;8000;0;0;10000;1200;2875
P201069001;P201069001_10;J;8000;1240;0;10000;2440;2875
P201069001;P201069001_11;K;10000;1240;0;12000;2440;2875
P201069001;P201069001_12;L;10000;0;0;12000;1200;2875
P201069001;P201069001_13;M;12000;0;0;13200;2000;2875
Q201069001_1;Q201069001_1_1;A;0;0;0;2000;1200;2875
Q201069001_1;Q201069001_1_2;B;0;1240;0;2000;2440;2875
Q201069001_1;Q201069001_1_3;C;2000;1240;0;4000;2440;2875
Q201069001_1;Q201069001_1_4;D;2000;0;0;4000;1200;2875
Q201069001_1;Q201069001_1_5;E;4000;0;0;6000;1200;2875
Q201069001_1;Q201069001_1_6;F;4000;1240;0;6000;2440;2875
Q201069001_1;Q201069001_1_7;G;6000;1240;0;8000;2440;2875
Q201069001_1;Q201069001_1_8;H;6000;0;0;8000;1200;2875
Q201069001_1;Q201069001_1_9;I;8000;0;0;10000;1200;2875
Q201069001_1;Q201069001_1_10;J;8000;1240;0;10000;2440;2875
Q201069001_1;Q201069001_1_11;K;10000;1240;0;12000;2440;2875
Q201069001_1;Q201069001_1_12;L;10000;0;0;12000;1200;2875
Q201069001_1;Q201069001_1_13;M;12000;0;0;13200;2000;2875
Q201069001_2;Q201069001_2_1;A;0;0;0;2000;1200;2875
Q201069001_2;Q201069001_2_2;B;0;1240;0;2000;2440;2875
Q201069001_2;Q201069001_2_3;C;2000;1240;0;4000;2440;2875
Q201069001_2;Q201069001_2_4;D;2000;0;0;4000;1200;2875
Q201069001_2;Q201069001_2_5;E;4000;0;0;6000;1200;2875
Q201069001_2;Q201069001_2_6;F;4000;1240;0;6000;2440;1460
Q201069001_2;Q201069001_2_7;G;6000;0;0;7200;2400;2460
Q201069001_2;Q201069001_2_8;H;7200;0;0;8400;2400;2460
Q201069001_2;Q201069001_2_9;I;8400;0;0;9600;2400;2460
Q201069001_2;Q201069001_2_10;J;9600;0;0;10800;2400;2460
Q201069001_2;Q201069001_2_11;K;10800;0;0;12000;2400;2460
Q201069001_2;Q201069001_2_12;L;12000;0;0;13200;2400;2460
P201069025;P201069025_1;A;0;0;0;1200;2400;2500
P201069025;P201069025_2;B;1200;0;0;2400;2400;1900
P201069025;P201069025_3;C;2400;0;0;3600;2400;1620
P201069025;P201069025_4;D;3600;0;0;4800;2400;2000
P201069025;P201069025_5;E;4800;0;0;6000;2400;1900
P201069025;P201069025_6;F;6000;0;0;7200;2400;2000
P201069025;P201069025_7;G;7200;0;0;8400;2400;2460
P201069025;P201069025_8;H;8400;0;0;9600;2400;2460
P201069025;P201069025_9;I;9600;0;0;10800;2400;2460
P201069025;P201069025_10;J;10800;0;0;12000;2400;2000
P201069025;P201069025_11;K;12000;0;0;13200;2400;2000
Q201069025_1;Q201069025_1_1;A;0;0;0;1200;2400;1620
Q201069025_1;Q201069025_1_2;B;1200;0;0;2400;2400;2000
Q201069025_1;Q201069025_1_3;C;2400;0;0;3600;2400;2000
Q201069025_1;Q201069025_1_4;D;3600;0;0;4800;2400;2000
Q201069025_1;Q201069025_1_5;E;4800;0;0;6000;2400;2000
Q201069025_1;Q201069025_1_6;F;6000;0;0;7200;2400;1900
Q201069025_1;Q201069025_1_7;G;7200;0;0;8400;2400;1900
Q201069025_1;Q201069025_1_8;H;8400;0;0;9600;2400;1900
Q201069025_1;Q201069025_1_9;I;9600;0;0;10800;2400;2460
Q201069025_1;Q201069025_1_10;J;10800;0;0;12000;2400;2460
Q201069025_1;Q201069025_1_11;K;12000;0;0;13200;2400;2460
P201069027;P201069027_1;A;0;0;0;1800;1200;2340
P201069027;P201069027_2;B;0;1240;0;1800;2440;2340
P201069027;P201069027_3;C;1800;1240;0;3600;2440;2340
P201069027;P201069027_4;D;1800;0;0;3600;1200;2340
P201069027;P201069027_5;E;3600;0;0;5400;1200;2340
P201069027;P201069027_6;F;3600;1240;0;5400;2440;2340
P201069027;P201069027_7;G;5400;1240;0;7200;2440;2340
P201069027;P201069027_8;H;5400;0;0;7200;1200;2340
P201069027;P201069027_9;I;7200;0;0;9000;1200;2340
P201069027;P201069027_10;J;7200;1240;0;9000;2440;2340
P201069027;P201069027_11;K;9000;1240;0;10800;2440;2340
P201069027;P201069027_12;L;9000;0;0;10800;1200;2340
P201069027;P201069027_13;M;10800;0;0;12600;1200;2340
P201069027;P201069027_14;N;10800;1240;0;12000;2440;2200
P201069027;P201069027_15;O;12000;1240;0;13200;2440;2200
P201069027;P201069027_16;P;12600;0;0;13400;600;560
Q201069027_1;Q201069027_1_1;A;0;0;0;1800;1200;2340
Q201069027_1;Q201069027_1_2;B;0;1240;0;1800;2440;2340
Q201069027_1;Q201069027_1_3;C;1800;1240;0;3600;2440;2340
Q201069027_1;Q201069027_1_4;D;1800;0;0;4200;1200;1620
Q201069027_1;Q201069027_1_5;E;3600;1240;0;6000;2440;1900
Q201069027_1;Q201069027_1_6;F;4200;0;0;6600;1200;1900
Q201069027_1;Q201069027_1_7;G;6000;1240;0;8400;2440;2460
Q201069027_1;Q201069027_1_8;H;6600;0;0;9000;1200;2460
Q201069027_1;Q201069027_1_9;I;8400;1240;0;10800;2440;2460
Q201069027_1;Q201069027_1_10;J;9000;0;0;11400;1200;2460
Q201069027_1;Q201069027_1_11;K;10800;1240;0;13200;2440;2460
Q201069027_1;Q201069027_1_12;L;11400;0;0;13200;1200;2340
Q201069027_2;Q201069027_2_1;A;0;1240;0;1800;2440;2340
Q201069027_2;Q201069027_2_2;B;0;0;0;2400;1200;2460
Q201069027_2;Q201069027_2_3;C;1800;1240;0;4200;2440;2460
Q201069027_2;Q201069027_2_4;D;2400;0;0;4200;1200;2340
Q201069027_2;Q201069027_2_5;E;4200;0;0;6000;1200;2340
Q201069027_2;Q201069027_2_6;F;4200;1240;0;6000;2440;2340
Q201069027_2;Q201069027_2_7;G;6000;1240;0;7800;2440;2340
Q201069027_2;Q201069027_2_8;H;6000;0;0;7800;1200;2340
Q201069027_2;Q201069027_2_9;I;7800;0;0;9600;1200;2340
Q201069027_2;Q201069027_2_10;J;7800;1240;0;9600;2440;2340
Q201069027_2;Q201069027_2_11;K;9600;1240;0;11400;2440;2340
Q201069027_2;Q201069027_2_12;L;9600;0;0;11400;1200;2340
Q201069027_2;Q201069027_2_13;M;11400;0;0;13200;1200;2340
Q201069027_2;Q201069027_2_14;N;11400;1240;0;13200;2440;2340
Q201069027_3;Q201069027_3_1;A;0;0;0;1800;1200;2340
Q201069027_3;Q201069027_3_2;B;0;1240;0;1800;2440;2340
Q201069027_3;Q201069027_3_3;C;1800;1240;0;3600;2440;2340
Q201069027_3;Q201069027_3_4;D;1800;0;0;3600;1200;2340
Q201069027_3;Q201069027_3_5;E;3600;0;0;5400;1200;2340
Q201069027_3;Q201069027_3_6;F;3600;1240;0;4800;2440;2200
Q201069027_3;Q201069027_3_7;G;4800;1240;0;7200;2440;2000
Q201069027_3;Q201069027_3_8;H;5400;0;0;7800;1200;1620
Q201069027_3;Q201069027_3_9;I;7200;1240;0;9600;2440;2460
P203069319;P203069319_1;A;0;40;0;1200;2440;2855
P203069319;P203069319_2;B;1200;0;0;2400;2400;2855
P203069319;P203069319_3;C;2400;0;0;3600;2400;2500
P203069319;P203069319_4;D;3600;0;0;4800;2400;1900
P203069319;P203069319_5;E;4800;0;0;6000;2400;2855
P203069319;P203069319_6;F;6000;0;0;7200;2400;2500
P203069319;P203069319_7;G;7200;0;0;8400;2400;2500
P203069319;P203069319_8;H;8400;0;0;9600;2400;2500
P203069319;P203069319_9;I;9600;0;0;10800;2400;2500
P203069319;P203069319_10;J;10800;0;0;12000;2400;2500
P203069319;P203069319_11;K;12000;0;0;13200;2400;2500
Q203069319_1;Q203069319_1_1;A;0;40;0;1200;2440;2500
Q203069319_1;Q203069319_1_2;B;1200;0;0;2400;2400;2500
Q203069319_1;Q203069319_1_3;C;2400;40;0;3600;2440;2500
Q203069319_1;Q203069319_1_4;D;3600;0;0;4800;2400;2500
Q203069319_1;Q203069319_1_5;E;4800;0;0;6000;2400;2500
Q203069319_1;Q203069319_1_6;F;6000;0;0;7200;2400;2500
Q203069319_1;Q203069319_1_7;G;7200;0;0;8400;2400;2500
Q203069319_1;Q203069319_1_8;H;8400;0;0;9600;2400;2500
Q203069319_1;Q203069319_1_9;I;9600;0;0;10800;2400;2500
Q203069319_1;Q203069319_1_10;J;10800;0;0;12000;2400;2500
Q203069319_1;Q203069319_1_11;K;12000;0;0;13200;2400;2500
Q203069319_2;Q203069319_2_1;A;0;0;0;1200;2400;2500
Q203069319_2;Q203069319_2_2;B;1200;40;0;2400;2440;2500
Q203069319_2;Q203069319_2_3;C;2400;0;0;3600;2400;2500
Q203069319_2;Q203069319_2_4;D;3600;40;0;4800;2440;2500
Q203069319_2;Q203069319_2_5;E;4800;0;0;6000;2400;2500
Q203069319_2;Q203069319_2_6;F;6000;40;0;7200;2440;2500
Q203069319_2;Q203069319_2_7;G;7200;0;0;8400;2400;2500
Q203069319_2;Q203069319_2_8;H;8400;40;0;9600;2440;2500
Q203069319_2;Q203069319_2_9;I;9600;0;0;10800;2400;2500
Q203069319_2;Q203069319_2_10;J;10800;40;0;12000;2440;2500
Q203069319_2;Q203069319_2_11;K;12000;0;0;13200;2400;2500
P203069219;P203069219_1;A;0;0;0;1200;2400;2500
P203069219;P203069219_2;B;1200;40;0;2400;2440;2500
P203069219;P203069219_3;C;2400;0;0;3600;2400;2500
P203069219;P203069219_4;D;3600;0;0;4800;2400;2500
P203069219;P203069219_5;E;4800;0;0;6000;2400;2500
P203069219;P203069219_6;F;6000;0;0;7200;2400;2500
P203069219;P203069219_7;G;7200;0;0;8400;2400;2000
P203069219;P203069219_8;H;8400;0;0;9600;2400;2000
P203069219;P203069219_9;I;9600;0;0;10800;2400;2000
P203069219;P203069219_10;J;10800;0;0;12000;2400;2500
P203069219;P203069219_11;K;12000;0;0;13200;2400;1900
P202069217;P202069217_1;A;0;0;0;1200;2400;1620
P202069217;P202069217_2;B;1200;1240;0;3000;2440;2400
P202069217;P202069217_3;C;1200;0;0;3600;1200;2855
P202069217;P202069217_4;D;3000;1240;0;5400;2440;1800
P202069217;P202069217_5;E;3600;0;0;6000;1200;1900
P202069217;P202069217_6;F;5400;1240;0;7800;2440;1900
P202069217;P202069217_7;G;6000;0;0;8400;1200;1900
P202069217;P202069217_8;H;7800;1240;0;10200;2440;1900
P202069217;P202069217_9;I;8400;0;0;10800;1200;1900
P202069217;P202069217_10;J;10200;1240;0;12600;2440;1620
P202069217;P202069217_11;K;10800;0;0;13200;1200;1620
P202069217;P202069217_12;L;12600;1660;0;13170;2440;478
P202069215;P202069215_1;A;0;0;0;1200;2400;1620
P202069215;P202069215_2;B;1200;40;0;2400;2440;1620
P202069215;P202069215_3;C;2400;0;0;3600;2400;1620
P202069215;P202069215_4;D;3600;40;0;4800;2440;1620
P202069215;P202069215_5;E;4800;0;0;6000;2400;2500
P202069215;P202069215_6;F;6000;0;0;7200;2400;1900
P202069215;P202069215_7;G;7200;0;0;8400;2400;2500
P202069215;P202069215_8;H;8400;0;0;9600;2400;2500
P202069215;P202069215_9;I;9600;0;0;10800;2400;2500
P202069215;P202069215_10;J;10800;0;0;12000;2400;2500
P202069215;P202069215_11;K;12000;0;0;13200;2400;2500
P202069211;P202069211_1;A;0;0;0;1200;2400;1900
P202069211;P202069211_2;B;1200;0;0;2400;2400;2500
P202069211;P202069211_3;C;2400;0;0;3600;2400;2500
P202069211;P202069211_4;D;3600;0;0;4800;2400;2500
P202069211;P202069211_5;E;4800;0;0;6000;2400;2500
P202069211;P202069211_6;F;6000;0;0;7200;2400;2500
P202069211;P202069211_7;G;7200;0;0;8400;2400;2500
P202069211;P202069211_8;H;8400;0;0;9600;2400;2500
P202069211;P202069211_9;I;9600;0;0;10800;2400;2500
P202069211;P202069211_10;J;10800;0;0;12000;2400;2500
P202069211;P202069211_11;K;12000;0;0;13200;2400;2000
P202069207;P202069207_1;A;0;0;0;1200;2400;1900
P202069207;P202069207_2;B;1200;40;0;2400;2440;1900
P202069207;P202069207_3;C;2400;0;0;3600;2400;1620
P202069207;P202069207_4;D;3600;0;0;4800;2400;1620
P202069207;P202069207_5;E;4800;0;0;6000;2400;1620
P202069207;P202069207_6;F;6000;0;0;7200;2400;2500
P202069207;P202069207_7;G;7200;0;0;8400;2400;2500
P202069207;P202069207_8;H;8400;0;0;9600;2400;2500
P202069207;P202069207_9;I;9600;0;0;10800;2400;2500
P202069207;P202069207_10;J;10800;0;0;12000;2400;1900
P202069207;P202069207_11;K;12000;0;0;13200;2400;2500
P202069307;P202069307_1;A;0;0;0;1200;2400;2500
P202069307;P202069307_2;B;1200;40;0;2400;2440;2500
P202069307;P202069307_3;C;2400;0;0;3600;2400;2500
P202069307;P202069307_4;D;3600;40;0;4800;2440;2500
P202069307;P202069307_5;E;4800;0;0;6000;2400;2500
P202069307;P202069307_6;F;6000;40;0;7200;2440;2500
P202069307;P202069307_7;G;7200;0;0;8400;2400;2500
P202069307;P202069307_8;H;8400;0;0;9600;2400;2500
P202069307;P202069307_9;I;9600;0;0;10800;2400;2500
P202069307;P202069307_10;J;10800;0;0;12000;2400;2500
P202069307;P202069307_11;K;12000;0;0;13200;2400;2500
P202069305;P202069305_1;A;0;0;0;1200;2400;1900
P202069305;P202069305_2;B;1200;40;0;2400;2440;1900
P202069305;P202069305_3;C;2400;0;0;3600;2400;2500
P202069305;P202069305_4;D;3600;0;0;4800;2400;2500
P202069305;P202069305_5;E;4800;0;0;6000;2400;2500
P202069305;P202069305_6;F;6000;0;0;7200;2400;2500
P202069305;P202069305_7;G;7200;0;0;8400;2400;2500
P202069305;P202069305_8;H;8400;0;0;9600;2400;2500
P202069305;P202069305_9;I;9600;0;0;10800;2400;2500
P202069305;P202069305_10;J;10800;0;0;12000;2400;2500
P202069305;P202069305_11;K;12000;0;0;13200;2400;2500
P202069203;P202069203_1;A;0;40;0;1200;2440;1620
P202069203;P202069203_2;B;1200;0;0;2400;2400;1620
P202069203;P202069203_3;C;2400;0;0;3600;2400;1620
P202069203;P202069203_4;D;3600;0;0;4800;2400;2000
P202069203;P202069203_5;E;4800;0;0;6000;2400;2500
P202069203;P202069203_6;F;6000;0;0;7200;2400;2500
P202069203;P202069203_7;G;7200;0;0;8400;2400;2500
P202069203;P202069203_8;H;8400;0;0;9600;2400;2000
P202069203;P202069203_9;I;9600;1240;0;11400;2440;2400
P202069203;P202069203_10;J;9600;0;0;12000;1200;1900
P202069203;P202069203_11;K;12000;40;0;13200;2440;1900
P202069201;P202069201_1;A;0;0;0;1200;2400;1620
P202069201;P202069201_2;B;1200;40;0;2400;2440;1620
P202069201;P202069201_3;C;2400;0;0;3600;2400;1900
P202069201;P202069201_4;D;3600;0;0;4800;2400;2500
P202069201;P202069201_5;E;4800;0;0;6000;2400;2500
P202069201;P202069201_6;F;6000;0;0;7200;2400;2500
P202069201;P202069201_7;G;7200;0;0;8400;2400;2500
P202069201;P202069201_8;H;8400;0;0;9600;2400;2500
P202069201;P202069201_9;I;9600;0;0;10800;2400;2500
P202069201;P202069201_10;J;10800;0;0;12000;2400;2500
P202069201;P202069201_11;K;12000;0;0;13200;2400;2500
P202069319;P202069319_1;A;0;0;0;1200;2400;2500
P202069319;P202069319_2;B;1200;40;0;2400;2440;2500
P202069319;P202069319_3;C;2400;0;0;3600;2400;2855
P202069319;P202069319_4;D;3600;0;0;4800;2400;2855
P202069319;P202069319_5;E;4800;0;0;6000;2400;2855
P202069319;P202069319_6;F;6000;0;0;7200;2400;2500
P202069319;P202069319_7;G;7200;0;0;8400;2400;2500
P202069319;P202069319_8;H;8400;0;0;9600;2400;2855
P202069319;P202069319_9;I;9600;0;0;10800;2400;2855
P202069319;P202069319_10;J;10800;0;0;12000;2400;2500
P202069319;P202069319_11;K;12000;0;0;13200;2400;2500
Q202069319_1;Q202069319_1_1;A;0;0;0;1200;2400;2500
Q202069319_1;Q202069319_1_2;B;1200;0;0;2400;2400;1800
Q202069319_1;Q202069319_1_3;C;2400;0;0;3600;2400;2500
Q202069319_1;Q202069319_1_4;D;3600;0;0;4800;2400;1900
Q202069319_1;Q202069319_1_5;E;4800;0;0;6000;2400;1900
Q202069319_1;Q202069319_1_6;F;6000;0;0;7200;2400;1620
Q202069319_1;Q202069319_1_7;G;7200;0;0;8400;2400;1620
Q202069319_1;Q202069319_1_8;H;8400;0;0;9600;2400;2500
Q202069319_1;Q202069319_1_9;I;9600;0;0;10800;2400;2500
Q202069319_1;Q202069319_1_10;J;10800;0;0;12000;2400;2500
Q202069319_1;Q202069319_1_11;K;12000;0;0;13200;2400;2500
Q202069319_2;Q202069319_2_1;A;0;0;0;1200;2400;1900
Q202069319_2;Q202069319_2_2;B;1200;0;0;2400;2400;2500
Q202069319_2;Q202069319_2_3;C;2400;0;0;3600;2400;2000
Q202069319_2;Q202069319_2_4;D;3600;0;0;4800;2400;2855
Q202069319_2;Q202069319_2_5;E;4800;0;0;6000;2400;2855
Q202069319_2;Q202069319_2_6;F;6000;0;0;7200;2400;2855
Q202069319_2;Q202069319_2_7;G;7200;0;0;8400;2400;2500
Q202069319_2;Q202069319_2_8;H;8400;0;0;9600;2400;2500
Q202069319_2;Q202069319_2_9;I;9600;0;0;10800;2400;2500
Q202069319_2;Q202069319_2_10;J;10800;0;0;12000;2400;2500
Q202069319_2;Q202069319_2_11;K;12000;0;0;13200;2400;2500
P202069219;P202069219_1;A;0;0;0;1200;2400;2500
P202069219;P202069219_2;B;1200;40;0;2400;2440;2500
P202069219;P202069219_3;C;2400;0;0;3600;2400;2500
P202069219;P202069219_4;D;3600;40;0;4800;2440;2500
P202069219;P202069219_5;E;4800;0;0;6000;2400;2500
P202069219;P202069219_6;F;6000;40;0;7200;2440;2500
P202069219;P202069219_7;G;7200;0;0;8400;2400;2500
P202069219;P202069219_8;H;8400;0;0;9600;2400;2500
P202069219;P202069219_9;I;9600;0;0;10800;2400;2500
P202069219;P202069219_10;J;10800;0;0;12000;2400;1900
P202069219;P202069219_11;K;12000;0;0;13200;2400;1900
P201069217;P201069217_1;A;0;40;0;1200;2440;2550
P201069217;P201069217_2;B;1200;0;0;2400;2400;1620
P201069217;P201069217_3;C;2400;0;0;3600;2400;2500
P201069217;P201069217_4;D;3600;0;0;4800;2400;2000
P201069217;P201069217_5;E;4800;0;0;6000;2400;2500
P201069217;P201069217_6;F;6000;0;0;7200;2400;2855
P201069217;P201069217_7;G;7200;0;0;8400;2400;2500
P201069217;P201069217_8;H;8400;0;0;9600;2400;2500
P201069217;P201069217_9;I;9600;0;0;10800;2400;2500
P201069217;P201069217_10;J;10800;0;0;12000;2400;2500
P201069217;P201069217_11;K;12000;0;0;13200;2400;2500
P201069215;P201069215_1;A;0;0;0;1200;2400;1900
P201069215;P201069215_2;B;1200;0;0;2400;2400;2500
P201069215;P201069215_3;C;2400;0;0;3600;2400;2500
P201069215;P201069215_4;D;3600;0;0;4800;2400;2500
P201069215;P201069215_5;E;4800;0;0;6000;2400;2500
P201069215;P201069215_6;F;6000;0;0;7200;2400;2500
P201069215;P201069215_7;G;7200;0;0;8400;2400;2500
P201069215;P201069215_8;H;8400;0;0;9600;2400;2500
P201069215;P201069215_9;I;9600;0;0;10800;2400;2500
P201069215;P201069215_10;J;10800;0;0;12000;2400;1900
P201069215;P201069215_11;K;12000;0;0;13200;2400;1900
P201069211;P201069211_1;A;0;1240;0;1800;2440;2400
P201069211;P201069211_2;B;0;0;0;2400;1200;1900
P201069211;P201069211_3;C;1800;1240;0;4200;2440;1900
P201069211;P201069211_4;D;2400;0;0;4800;1200;1620
P201069211;P201069211_5;E;4200;1240;0;6600;2440;1620
P201069211;P201069211_6;F;4800;0;0;7200;1200;1620
P201069211;P201069211_7;G;6600;1660;0;7170;2440;478
P201069211;P201069211_8;H;7170;1240;0;9570;2440;2500
P201069211;P201069211_9;I;7200;0;0;9600;1200;2500
P201069211;P201069211_10;J;9570;1240;0;11970;2440;2500
P201069211;P201069211_11;K;9600;0;0;12000;1200;2500
P201069211;P201069211_12;L;12000;40;0;13200;2440;2500
P201069207;P201069207_1;A;0;40;0;1200;2440;1620
P201069207;P201069207_2;B;1200;0;0;2400;2400;1900
P201069207;P201069207_3;C;2400;0;0;3600;2400;2500
P201069207;P201069207_4;D;3600;0;0;4800;2400;2500
P201069207;P201069207_5;E;4800;0;0;6000;2400;2500
P201069207;P201069207_6;F;6000;0;0;7200;2400;2500
P201069207;P201069207_7;G;7200;0;0;8400;2400;2500
P201069207;P201069207_8;H;8400;0;0;9600;2400;2500
P201069207;P201069207_9;I;9600;0;0;10800;2400;2500
P201069207;P201069207_10;J;10800;0;0;12000;2400;2500
P201069207;P201069207_11;K;12000;0;0;13200;2400;2500
P201069307;P201069307_1;A;0;0;0;1200;2400;2500
P201069307;P201069307_2;B;1200;0;0;2400;2400;2500
P201069307;P201069307_3;C;2400;0;0;3600;2400;2500
P201069307;P201069307_4;D;3600;0;0;4800;2400;2500
P201069307;P201069307_5;E;4800;0;0;6000;2400;1900
P201069307;P201069307_6;F;6000;0;0;7200;2400;1900
P201069307;P201069307_7;G;7200;0;0;8400;2400;1900
P201069307;P201069307_8;H;8400;0;0;9600;2400;2500
P201069307;P201069307_9;I;9600;0;0;10800;2400;2500
P201069307;P201069307_10;J;10800;0;0;12000;2400;2500
P201069307;P201069307_11;K;12000;0;0;13200;2400;2500
P201069305;P201069305_1;A;0;40;0;1200;2440;1900
P201069305;P201069305_2;B;1200;0;0;2400;2400;1900
P201069305;P201069305_3;C;2400;40;0;3600;2440;1900
P201069305;P201069305_4;D;3600;0;0;4800;2400;2500
P201069305;P201069305_5;E;4800;0;0;6000;2400;2500
P201069305;P201069305_6;F;6000;0;0;7200;2400;2500
P201069305;P201069305_7;G;7200;0;0;8400;2400;2500
P201069305;P201069305_8;H;8400;0;0;9600;2400;2500
P201069305;P201069305_9;I;9600;0;0;10800;2400;2500
P201069305;P201069305_10;J;10800;0;0;12000;2400;2500
P201069305;P201069305_11;K;12000;0;0;13200;2400;2500
P201069203;P201069203_1;A;0;0;0;1200;2400;1620
P201069203;P201069203_2;B;1200;0;0;2400;2400;1800
P201069203;P201069203_3;C;2400;0;0;3600;2400;2000
P201069203;P201069203_4;D;3600;0;0;4800;2400;1620
P201069203;P201069203_5;E;4800;0;0;6000;2400;1620
P201069203;P201069203_6;F;6000;1240;0;7800;2440;2400
P201069203;P201069203_7;G;6000;0;0;8400;1200;2500
P201069203;P201069203_8;H;7800;1240;0;10200;2440;2500
P201069203;P201069203_9;I;8400;0;0;10800;1200;2500
P201069203;P201069203_10;J;10200;1240;0;12600;2440;2500
P201069203;P201069203_11;K;10800;0;0;13200;1200;1900
P201069201;P201069201_1;A;0;40;0;1200;2440;2500
P201069201;P201069201_2;B;1200;0;0;2400;2400;1900
P201069201;P201069201_3;C;2400;0;0;3600;2400;1900
P201069201;P201069201_4;D;3600;0;0;4800;2400;2500
P201069201;P201069201_5;E;4800;0;0;6000;2400;2500
P201069201;P201069201_6;F;6000;0;0;7200;2400;2500
P201069201;P201069201_7;G;7200;0;0;8400;2400;2500
P201069201;P201069201_8;H;8400;0;0;9600;2400;2500
P201069201;P201069201_9;I;9600;0;0;10800;2400;2500
P201069201;P201069201_10;J;10800;0;0;12000;2400;2500
P201069201;P201069201_11;K;12000;0;0;13200;2400;2500
P201069319;P201069319_1;A;0;0;0;1200;2400;2500
P201069319;P201069319_2;B;1200;40;0;2400;2440;2500
P201069319;P201069319_3;C;2400;0;0;3600;2400;2500
P201069319;P201069319_4;D;3600;0;0;4800;2400;2500
P201069319;P201069319_5;E;4800;0;0;6000;2400;2855
P201069319;P201069319_6;F;6000;0;0;7200;2400;2855
P201069319;P201069319_7;G;7200;0;0;8400;2400;2855
P201069319;P201069319_8;H;8400;0;0;9600;2400;2855
P201069319;P201069319_9;I;9600;0;0;10800;2400;1620
P201069319;P201069319_10;J;10800;0;0;12000;2400;2500
P201069319;P201069319_11;K;12000;0;0;13200;2400;2500
P201069219;P201069219_1;A;0;0;0;1200;2400;2000
P201069219;P201069219_2;B;1200;0;0;2400;2400;1620
P201069219;P201069219_3;C;2400;0;0;3600;2400;2500
P201069219;P201069219_4;D;3600;0;0;4800;2400;2500
P201069219;P201069219_5;E;4800;0;0;6000;2400;2500
P201069219;P201069219_6;F;6000;0;0;7200;2400;2500
P201069219;P201069219_7;G;7200;0;0;8400;2400;1900
P201069219;P201069219_8;H;8400;0;0;9600;2400;2855
P201069219;P201069219_9;I;9600;0;0;10800;2400;2855
P201069219;P201069219_10;J;10800;0;0;12000;2400;2500
P201069219;P201069219_11;K;12000;0;0;13200;2400;2500
Q201069219_1;Q201069219_1_1;A;0;0;0;1200;2400;2500
Q201069219_1;Q201069219_1_2;B;1200;40;0;2400;2440;2500
Q201069219_1;Q201069219_1_3;C;2400;0;0;3600;2400;2500
Q201069219_1;Q201069219_1_4;D;3600;40;0;4800;2440;2500
Q201069219_1;Q201069219_1_5;E;4800;0;0;6000;2400;2500
Q201069219_1;Q201069219_1_6;F;6000;0;0;7200;2400;2500
Q201069219_1;Q201069219_1_7;G;7200;0;0;8400;2400;2500
Q201069219_1;Q201069219_1_8;H;8400;0;0;9600;2400;2500
Q201069219_1;Q201069219_1_9;I;9600;0;0;10800;2400;2500
Q201069219_1;Q201069219_1_10;J;10800;0;0;12000;2400;2500
Q201069219_1;Q201069219_1_11;K;12000;0;0;13200;2400;2500
Q201069219_2;Q201069219_2_1;A;0;0;0;1200;2400;1620
Q201069219_2;Q201069219_2_2;B;1200;0;0;2400;2400;1450
Q201069219_2;Q201069219_2_3;C;2400;0;0;3600;2400;1900
Q201069219_2;Q201069219_2_4;D;3600;1660;0;4170;2440;478
Q201069219_2;Q201069219_2_5;E;3600;0;0;6000;1200;1900
Q201069219_2;Q201069219_2_6;F;4170;1240;0;6570;2440;1900
Q201069219_2;Q201069219_2_7;G;6000;0;0;8400;1200;1900
Q201069219_2;Q201069219_2_8;H;6570;1240;0;8970;2440;1620
Q201069219_2;Q201069219_2_9;I;8400;0;0;10800;1200;2500
Q201069219_2;Q201069219_2_10;J;8970;1240;0;11370;2440;2500
Q201069219_2;Q201069219_2_11;K;10800;0;0;13200;1200;1900
P200069217;P200069217_1;A;0;40;0;1200;2440;2500
P200069217;P200069217_2;B;1200;0;0;2400;2400;2500
P200069217;P200069217_3;C;2400;0;0;3600;2400;2500
P200069217;P200069217_4;D;3600;0;0;4800;2400;2500
P200069217;P200069217_5;E;4800;0;0;6000;2400;2500
P200069217;P200069217_6;F;6000;0;0;7200;2400;2500
P200069217;P200069217_7;G;7200;0;0;8400;2400;2500
P200069217;P200069217_8;H;8400;0;0;9600;2400;2500
P200069217;P200069217_9;I;9600;0;0;10800;2400;2500
P200069217;P200069217_10;J;10800;0;0;12000;2400;2500
P200069217;P200069217_11;K;12000;0;0;13200;2400;2500
P200069215;P200069215_1;A;0;0;0;1200;2400;1620
P200069215;P200069215_2;B;1200;0;0;2400;2400;1620
P200069215;P200069215_3;C;2400;0;0;3600;2400;1800
P200069215;P200069215_4;D;3600;0;0;4800;2400;1800
P200069215;P200069215_5;E;4800;0;0;6600;1200;2400
P200069215;P200069215_6;F;4800;1240;0;7200;2440;2500
P200069215;P200069215_7;G;6600;0;0;9000;1200;2500
P200069215;P200069215_8;H;7200;1240;0;9600;2440;1450
P200069215;P200069215_9;I;9000;0;0;11400;1200;1900
P200069215;P200069215_10;J;9600;1240;0;12000;2440;1900
P200069215;P200069215_11;K;12000;0;0;13200;2400;1900
P200069211;P200069211_1;A;0;40;0;1200;2440;2500
P200069211;P200069211_2;B;1200;0;0;2400;2400;2500
P200069211;P200069211_3;C;2400;0;0;3600;2400;2500
P200069211;P200069211_4;D;3600;0;0;4800;2400;2500
P200069211;P200069211_5;E;4800;0;0;6000;2400;2500
P200069211;P200069211_6;F;6000;0;0;7200;2400;1900
P200069211;P200069211_7;G;7200;0;0;8400;2400;1620
P200069211;P200069211_8;H;8400;0;0;9600;2400;2500
P200069211;P200069211_9;I;9600;0;0;10800;2400;2500
P200069211;P200069211_10;J;10800;0;0;12000;2400;2500
P200069211;P200069211_11;K;12000;0;0;13200;2400;2500
P200069207;P200069207_1;A;0;40;0;1200;2440;2500
P200069207;P200069207_2;B;1200;0;0;2400;2400;2500
P200069207;P200069207_3;C;2400;0;0;3600;2400;2500
P200069207;P200069207_4;D;3600;0;0;4800;2400;2500
P200069207;P200069207_5;E;4800;0;0;6000;2400;2500
P200069207;P200069207_6;F;6000;0;0;7200;2400;2500
P200069207;P200069207_7;G;7200;0;0;8400;2400;2500
P200069207;P200069207_8;H;8400;0;0;9600;2400;2500
P200069207;P200069207_9;I;9600;0;0;10800;2400;2000
P200069207;P200069207_10;J;10800;0;0;12000;2400;1900
P200069207;P200069207_11;K;12000;0;0;13200;2400;1900
P200069307;P200069307_1;A;0;0;0;1200;2400;1900
P200069307;P200069307_2;B;1200;1660;0;1770;2440;478
P200069307;P200069307_3;C;1200;0;0;3600;1200;2855
P200069307;P200069307_4;D;1770;1240;0;4170;2440;2500
P200069307;P200069307_5;E;3600;0;0;6000;1200;2500
P200069307;P200069307_6;F;4170;1240;0;6570;2440;2500
P200069307;P200069307_7;G;6000;0;0;8400;1200;2500
P200069307;P200069307_8;H;6570;1240;0;8970;2440;2500
P200069307;P200069307_9;I;8400;0;0;10800;1200;2500
P200069307;P200069307_10;J;8970;1240;0;11370;2440;2500
P200069307;P200069307_11;K;10800;0;0;13200;1200;2500
P200069305;P200069305_1;A;0;0;0;1200;2400;2500
P200069305;P200069305_2;B;1200;40;0;2400;2440;2500
P200069305;P200069305_3;C;2400;0;0;3600;2400;2500
P200069305;P200069305_4;D;3600;0;0;4800;2400;1900
P200069305;P200069305_5;E;4800;0;0;6000;2400;1900
P200069305;P200069305_6;F;6000;0;0;7200;2400;2500
P200069305;P200069305_7;G;7200;0;0;8400;2400;2500
P200069305;P200069305_8;H;8400;0;0;9600;2400;2500
P200069305;P200069305_9;I;9600;0;0;10800;2400;2500
P200069305;P200069305_10;J;10800;0;0;12000;2400;2855
P200069305;P200069305_11;K;12000;0;0;13200;2400;2855
P200069203;P200069203_1;A;0;0;0;1200;2400;1620
P200069203;P200069203_2;B;1200;40;0;2400;2440;1620
P200069203;P200069203_3;C;2400;0;0;3600;2400;1620
P200069203;P200069203_4;D;3600;0;0;4800;2400;2500
P200069203;P200069203_5;E;4800;0;0;6000;2400;2500
P200069203;P200069203_6;F;6000;0;0;7200;2400;2500
P200069203;P200069203_7;G;7200;0;0;8400;2400;1900
P200069203;P200069203_8;H;8400;0;0;9600;2400;2500
P200069203;P200069203_9;I;9600;0;0;10800;2400;2500
P200069203;P200069203_10;J;10800;0;0;12000;2400;2500
P200069203;P200069203_11;K;12000;0;0;13200;2400;2500
P200069201;P200069201_1;A;0;40;0;1200;2440;2500
P200069201;P200069201_2;B;1200;0;0;2400;2400;2550
P200069201;P200069201_3;C;2400;0;0;3600;2400;1620
P200069201;P200069201_4;D;3600;0;0;4800;2400;2500
P200069201;P200069201_5;E;4800;0;0;6000;2400;2500
P200069201;P200069201_6;F;6000;0;0;7200;2400;2500
P200069201;P200069201_7;G;7200;0;0;8400;2400;2500
P200069201;P200069201_8;H;8400;0;0;9600;2400;1900
P200069201;P200069201_9;I;9600;0;0;10800;2400;1900
P200069201;P200069201_10;J;10800;0;0;12000;2400;1620
P200069201;P200069201_11;K;12000;0;0;13200;2400;2500
P200069319;P200069319_1;A;0;0;0;1200;2400;2855
P200069319;P200069319_2;B;1200;0;0;2400;2400;2500
P200069319;P200069319_3;C;2400;0;0;3600;2400;2500
P200069319;P200069319_4;D;3600;0;0;4800;2400;1620
P200069319;P200069319_5;E;4800;0;0;6600;1200;2400
P200069319;P200069319_6;F;4800;1240;0;7200;2440;2500
P200069319;P200069319_7;G;6600;0;0;9000;1200;2500
P200069319;P200069319_8;H;7200;1240;0;9600;2440;2500
P200069319;P200069319_9;I;9000;0;0;11400;1200;2500
P200069319;P200069319_10;J;9600;1240;0;12000;2440;2500
P200069319;P200069319_11;K;12000;0;0;13200;2400;1900
Q200069319_1;Q200069319_1_1;A;0;0;0;1200;2400;2855
Q200069319_1;Q200069319_1_2;B;1200;0;0;2400;2400;2500
Q200069319_1;Q200069319_1_3;C;2400;0;0;3600;2400;2500
Q200069319_1;Q200069319_1_4;D;3600;0;0;4800;2400;2500
Q200069319_1;Q200069319_1_5;E;4800;0;0;6000;2400;2500
Q200069319_1;Q200069319_1_6;F;6000;0;0;7200;2400;2500
Q200069319_1;Q200069319_1_7;G;7200;0;0;8400;2400;2500
Q200069319_1;Q200069319_1_8;H;8400;0;0;9600;2400;2500
Q200069319_1;Q200069319_1_9;I;9600;0;0;10800;2400;2855
Q200069319_1;Q200069319_1_10;J;10800;0;0;12000;2400;2500
Q200069319_1;Q200069319_1_11;K;12000;0;0;13200;2400;2500
P200069219;P200069219_1;A;0;0;0;1200;2400;2500
P200069219;P200069219_2;B;1200;0;0;2400;2400;1620
P200069219;P200069219_3;C;2400;0;0;3600;2400;1620
P200069219;P200069219_4;D;3600;0;0;4800;2400;1900
P200069219;P200069219_5;E;4800;0;0;6000;2400;2500
P200069219;P200069219_6;F;6000;0;0;7200;2400;2500
P200069219;P200069219_7;G;7200;0;0;8400;2400;2500
P200069219;P200069219_8;H;8400;0;0;9600;2400;1900
P200069219;P200069219_9;I;9600;0;0;10800;2400;1900
P200069219;P200069219_10;J;10800;0;0;12000;2400;2500
P200069219;P200069219_11;K;12000;0;0;13200;2400;2500
P199069217;P199069217_1;A;0;0;0;1200;2400;2500
P199069217;P199069217_2;B;1200;40;0;2400;2440;2500
P199069217;P199069217_3;C;2400;0;0;3600;2400;1900
P199069217;P199069217_4;D;3600;0;0;4800;2400;2500
P199069217;P199069217_5;E;4800;0;0;6000;2400;2500
P199069217;P199069217_6;F;6000;0;0;7200;2400;2500
P199069217;P199069217_7;G;7200;0;0;8400;2400;2500
P199069217;P199069217_8;H;8400;0;0;9600;2400;2500
P199069217;P199069217_9;I;9600;0;0;10800;2400;2500
P199069217;P199069217_10;J;10800;0;0;12000;2400;2500
P199069217;P199069217_11;K;12000;0;0;13200;2400;2500
P199069215;P199069215_1;A;0;40;0;1200;2440;2500
P199069215;P199069215_2;B;1200;0;0;2400;2400;1900
P199069215;P199069215_3;C;2400;0;0;3600;2400;1900
P199069215;P199069215_4;D;3600;0;0;4800;2400;1900
P199069215;P199069215_5;E;4800;0;0;6000;2400;2500
P199069215;P199069215_6;F;6000;0;0;7200;2400;2500
P199069215;P199069215_7;G;7200;0;0;8400;2400;2500
P199069215;P199069215_8;H;8400;0;0;9600;2400;2500
P199069215;P199069215_9;I;9600;0;0;10800;2400;2000
P199069215;P199069215_10;J;10800;0;0;12000;2400;1900
P199069215;P199069215_11;K;12000;0;0;13200;2400;1800
P199069211;P199069211_1;A;0;0;0;1200;2400;1620
P199069211;P199069211_2;B;1200;40;0;2400;2440;1620
P199069211;P199069211_3;C;2400;0;0;3600;2400;1620
P199069211;P199069211_4;D;3600;0;0;5800;1200;1760
P199069211;P199069211_5;E;3600;1240;0;6000;2440;1620
P199069211;P199069211_6;F;5800;0;0;8200;1200;2500
P199069211;P199069211_7;G;6000;1240;0;8400;2440;2500
P199069211;P199069211_8;H;8200;0;0;10600;1200;2500
P199069211;P199069211_9;I;8400;1240;0;10800;2440;2500
P199069211;P199069211_10;J;10600;0;0;13000;1200;2500
P199069211;P199069211_11;K;10800;1240;0;13200;2440;1900
P199069207;P199069207_1;A;0;0;0;1200;2400;2855
P199069207;P199069207_2;B;1200;0;0;2400;2400;2500
P199069207;P199069207_3;C;2400;0;0;3600;2400;2500
P199069207;P199069207_4;D;3600;0;0;4800;2400;2500
P199069207;P199069207_5;E;4800;0;0;6000;2400;2500
P199069207;P199069207_6;F;6000;0;0;7200;2400;2500
P199069207;P199069207_7;G;7200;0;0;8400;2400;2500
P199069207;P199069207_8;H;8400;0;0;9600;2400;2500
P199069207;P199069207_9;I;9600;0;0;10800;2400;2500
P199069207;P199069207_10;J;10800;0;0;12000;2400;2500
P199069207;P199069207_11;K;12000;0;0;13200;2400;2500
P199069307;P199069307_1;A;0;1240;0;1800;2440;2400
P199069307;P199069307_2;B;0;0;0;2400;1200;2500
P199069307;P199069307_3;C;1800;1240;0;4200;2440;2500
P199069307;P199069307_4;D;2400;0;0;4800;1200;2500
P199069307;P199069307_5;E;4200;1240;0;6600;2440;1900
P199069307;P199069307_6;F;4800;0;0;7200;1200;1900
P199069307;P199069307_7;G;6600;1660;0;7170;2440;478
P199069307;P199069307_8;H;7170;1240;0;9570;2440;2500
P199069307;P199069307_9;I;7200;0;0;9600;1200;2500
P199069307;P199069307_10;J;9570;1240;0;11970;2440;2500
P199069307;P199069307_11;K;9600;0;0;12000;1200;2500
P199069307;P199069307_12;L;12000;40;0;13200;2440;2500
P199069305;P199069305_1;A;0;0;0;1200;2400;2500
P199069305;P199069305_2;B;1200;0;0;2400;2400;2500
P199069305;P199069305_3;C;2400;0;0;3600;2400;2500
P199069305;P199069305_4;D;3600;0;0;4800;2400;2500
P199069305;P199069305_5;E;4800;0;0;6000;2400;2500
P199069305;P199069305_6;F;6000;0;0;7200;2400;2500
P199069305;P199069305_7;G;7200;0;0;8400;2400;2500
P199069305;P199069305_8;H;8400;0;0;9600;2400;2500
P199069305;P199069305_9;I;9600;0;0;10800;2400;1900
P199069305;P199069305_10;J;10800;0;0;12000;2400;1900
P199069305;P199069305_11;K;12000;0;0;13200;2400;2855
P199069203;P199069203_1;A;0;0;0;1200;2400;1620
P199069203;P199069203_2;B;1200;40;0;2400;2440;1620
P199069203;P199069203_3;C;2400;0;0;3600;2400;1800
P199069203;P199069203_4;D;3600;0;0;4800;2400;1620
P199069203;P199069203_5;E;4800;0;0;6000;2400;1620
P199069203;P199069203_6;F;6000;0;0;7200;2400;2500
P199069203;P199069203_7;G;7200;0;0;8400;2400;2500
P199069203;P199069203_8;H;8400;0;0;9600;2400;2500
P199069203;P199069203_9;I;9600;0;0;10800;2400;2500
P199069203;P199069203_10;J;10800;0;0;12000;2400;1900
P199069203;P199069203_11;K;12000;0;0;13200;2400;2500
P199069201;P199069201_1;A;0;0;0;1200;2400;2500
P199069201;P199069201_2;B;1200;40;0;2400;2440;2500
P199069201;P199069201_3;C;2400;0;0;3600;2400;2500
P199069201;P199069201_4;D;3600;40;0;4800;2440;2500
P199069201;P199069201_5;E;4800;0;0;6000;2400;1900
P199069201;P199069201_6;F;6000;0;0;7200;2400;2500
P199069201;P199069201_7;G;7200;0;0;8400;2400;2500
P199069201;P199069201_8;H;8400;0;0;9600;2400;2500
P199069201;P199069201_9;I;9600;0;0;10800;2400;1900
P199069201;P199069201_10;J;10800;0;0;12000;2400;1900
P199069201;P199069201_11;K;12000;0;0;13200;2400;1620
P199069319;P199069319_1;A;0;0;0;1200;2400;2500
P199069319;P199069319_2;B;1200;40;0;2400;2440;2500
P199069319;P199069319_3;C;2400;0;0;3600;2400;2500
P199069319;P199069319_4;D;3600;0;0;4800;2400;2500
P199069319;P199069319_5;E;4800;0;0;6000;2400;2855
P199069319;P199069319_6;F;6000;0;0;7200;2400;2855
P199069319;P199069319_7;G;7200;0;0;8400;2400;1620
P199069319;P199069319_8;H;8400;0;0;9600;2400;1620
P199069319;P199069319_9;I;9600;0;0;10800;2400;2500
P199069319;P199069319_10;J;10800;0;0;12000;2400;2500
P199069319;P199069319_11;K;12000;0;0;13200;2400;2500
Q199069319_1;Q199069319_1_1;A;0;0;0;1200;2400;1620
Q199069319_1;Q199069319_1_2;B;1200;1240;0;3000;2440;2400
Q199069319_1;Q199069319_1_3;C;1200;0;0;3600;1200;2500
Q199069319_1;Q199069319_1_4;D;3000;1240;0;5400;2440;2500
Q199069319_1;Q199069319_1_5;E;3600;0;0;6000;1200;2500
Q199069319_1;Q199069319_1_6;F;5400;1240;0;7800;2440;1900
Q199069319_1;Q199069319_1_7;G;6000;0;0;8400;1200;2855
Q199069319_1;Q199069319_1_8;H;7800;1240;0;10200;2440;2855
Q199069319_1;Q199069319_1_9;I;8400;0;0;10800;1200;2500
Q199069319_1;Q199069319_1_10;J;10200;1240;0;12600;2440;2500
Q199069319_1;Q199069319_1_11;K;10800;0;0;13200;1200;2500
P199069219;P199069219_1;A;0;0;0;1200;2400;2500
P199069219;P199069219_2;B;1200;40;0;2400;2440;2500
P199069219;P199069219_3;C;2400;0;0;3600;2400;2500
P199069219;P199069219_4;D;3600;40;0;4800;2440;2500
P199069219;P199069219_5;E;4800;0;0;6000;2400;2500
P199069219;P199069219_6;F;6000;40;0;7200;2440;2500
P199069219;P199069219_7;G;7200;0;0;8400;2400;2500
P199069219;P199069219_8;H;8400;0;0;9600;2400;2500
P199069219;P199069219_9;I;9600;0;0;10800;2400;2500
P199069219;P199069219_10;J;10800;0;0;12000;2400;2500
P199069219;P199069219_11;K;12000;0;0;13200;2400;2500
P198069217;P198069217_1;A;0;0;0;1200;2400;1620
P198069217;P198069217_2;B;1200;40;0;2400;2440;1620
P198069217;P198069217_3;C;2400;0;0;3600;2400;2500
P198069217;P198069217_4;D;3600;0;0;4800;2400;1900
P198069217;P198069217_5;E;4800;0;0;6000;2400;1900
P198069217;P198069217_6;F;6000;0;0;7200;2400;2500
P198069217;P198069217_7;G;7200;0;0;8400;2400;1620
P198069217;P198069217_8;H;8400;0;0;9600;2400;2500
P198069217;P198069217_9;I;9600;0;0;10800;2400;2500
P198069217;P198069217_10;J;10800;0;0;12000;2400;2500
P198069217;P198069217_11;K;12000;0;0;13200;2400;2500
P198069215;P198069215_1;A;0;40;0;1200;2440;2500
P198069215;P198069215_2;B;1200;0;0;2400;2400;2500
P198069215;P198069215_3;C;2400;40;0;3600;2440;2500
P198069215;P198069215_4;D;3600;0;0;4800;2400;2500
P198069215;P198069215_5;E;4800;40;0;6000;2440;2500
P198069215;P198069215_6;F;6000;0;0;7200;2400;2500
P198069215;P198069215_7;G;7200;40;0;8400;2440;2500
P198069215;P198069215_8;H;8400;0;0;9600;2400;2500
P198069215;P198069215_9;I;9600;0;0;10800;2400;2500
P198069215;P198069215_10;J;10800;0;0;12000;2400;2500
P198069215;P198069215_11;K;12000;0;0;13200;2400;2500
P198069211;P198069211_1;A;0;0;0;1200;2400;2855
P198069211;P198069211_2;B;1200;0;0;2400;2400;1800
P198069211;P198069211_3;C;2400;0;0;3600;2400;2500
P198069211;P198069211_4;D;3600;0;0;4800;2400;2000
P198069211;P198069211_5;E;4800;0;0;6000;2400;1900
P198069211;P198069211_6;F;6000;0;0;7200;2400;1900
P198069211;P198069211_7;G;7200;0;0;8400;2400;1900
P198069211;P198069211_8;H;8400;1660;0;8970;2440;478
P198069211;P198069211_9;I;8400;0;0;10800;1200;1620
P198069211;P198069211_10;J;8970;1240;0;11370;2440;1620
P198069211;P198069211_11;K;10800;0;0;13200;1200;2500
P198069211;P198069211_12;L;11370;1240;0;13170;2440;2400
P198069207;P198069207_1;A;0;40;0;1200;2440;2500
P198069207;P198069207_2;B;1200;0;0;2400;2400;2500
P198069207;P198069207_3;C;2400;40;0;3600;2440;2500
P198069207;P198069207_4;D;3600;0;0;4800;2400;2500
P198069207;P198069207_5;E;4800;0;0;6000;2400;2500
P198069207;P198069207_6;F;6000;0;0;7200;2400;2830
P198069207;P198069207_7;G;7200;0;0;8400;2400;1620
P198069207;P198069207_8;H;8400;0;0;9600;2400;1620
P198069207;P198069207_9;I;9600;0;0;10800;2400;2500
P198069207;P198069207_10;J;10800;0;0;12000;2400;2500
P198069207;P198069207_11;K;12000;0;0;13200;2400;2500
P198069307;P198069307_1;A;0;0;0;1200;2400;2500
P198069307;P198069307_2;B;1200;0;0;2400;2400;2500
P198069307;P198069307_3;C;2400;0;0;3600;2400;2500
P198069307;P198069307_4;D;3600;0;0;4800;2400;2500
P198069307;P198069307_5;E;4800;0;0;6000;2400;2500
P198069307;P198069307_6;F;6000;0;0;7200;2400;2500
P198069307;P198069307_7;G;7200;0;0;8400;2400;2500
P198069307;P198069307_8;H;8400;0;0;9600;2400;2500
P198069307;P198069307_9;I;9600;0;0;10800;2400;2500
P198069307;P198069307_10;J;10800;0;0;12000;2400;2500
P198069307;P198069307_11;K;12000;0;0;13200;2400;2500
Q198069307_1;Q198069307_1_1;A;0;0;0;1200;2400;2500
Q198069307_1;Q198069307_1_2;B;1200;0;0;2400;2400;1900
Q198069307_1;Q198069307_1_3;C;2400;0;0;3600;2400;1900
Q198069307_1;Q198069307_1_4;D;3600;0;0;4800;2400;1900
Q198069307_1;Q198069307_1_5;E;4800;0;0;6000;2400;2500
Q198069307_1;Q198069307_1_6;F;6000;0;0;7200;2400;2500
Q198069307_1;Q198069307_1_7;G;7200;0;0;8400;2400;2500
Q198069307_1;Q198069307_1_8;H;8400;0;0;9600;2400;2500
Q198069307_1;Q198069307_1_9;I;9600;0;0;10800;2400;2500
Q198069307_1;Q198069307_1_10;J;10800;0;0;12000;2400;2500
Q198069307_1;Q198069307_1_11;K;12000;0;0;13200;2400;2500
P198069305;P198069305_1;A;0;40;0;1200;2440;2500
P198069305;P198069305_2;B;1200;0;0;2400;2400;2500
P198069305;P198069305_3;C;2400;0;0;3600;2400;2855
P198069305;P198069305_4;D;3600;0;0;4800;2400;2855
P198069305;P198069305_5;E;4800;0;0;6000;2400;2500
P198069305;P198069305_6;F;6000;0;0;7200;2400;2500
P198069305;P198069305_7;G;7200;0;0;8400;2400;2500
P198069305;P198069305_8;H;8400;0;0;9600;2400;2855
P198069305;P198069305_9;I;9600;0;0;10800;2400;2855
P198069305;P198069305_10;J;10800;0;0;12000;2400;2500
P198069305;P198069305_11;K;12000;0;0;13200;2400;2500
Q198069305_1;Q198069305_1_1;A;0;0;0;1800;1200;2400
Q198069305_1;Q198069305_1_2;B;0;1240;0;2400;2440;1900
Q198069305_1;Q198069305_1_3;C;1800;0;0;4200;1200;2500
Q198069305_1;Q198069305_1_4;D;2400;1240;0;4800;2440;2500
Q198069305_1;Q198069305_1_5;E;4200;0;0;6600;1200;2500
Q198069305_1;Q198069305_1_6;F;4800;1240;0;7200;2440;2500
Q198069305_1;Q198069305_1_7;G;6600;0;0;9000;1200;2500
Q198069305_1;Q198069305_1_8;H;7200;1240;0;9600;2440;1900
Q198069305_1;Q198069305_1_9;I;9000;0;0;11400;1200;1900
Q198069305_1;Q198069305_1_10;J;9600;1240;0;12000;2440;2500
Q198069305_1;Q198069305_1_11;K;11400;0;0;11970;780;478
Q198069305_1;Q198069305_1_12;L;12000;0;0;13200;2400;2500
P198069203;P198069203_1;A;0;0;0;1200;2400;1620
P198069203;P198069203_2;B;1200;40;0;2400;2440;1620
P198069203;P198069203_3;C;2400;0;0;3600;2400;1620
P198069203;P198069203_4;D;3600;0;0;4800;2400;2000
P198069203;P198069203_5;E;4800;0;0;6000;2400;1620
P198069203;P198069203_6;F;6000;0;0;7200;2400;1620
P198069203;P198069203_7;G;7200;0;0;8400;2400;1620
P198069203;P198069203_8;H;8400;0;0;9600;2400;2000
P198069203;P198069203_9;I;9600;0;0;10800;2400;2000
P198069203;P198069203_10;J;10800;0;0;12000;2400;1900
P198069203;P198069203_11;K;12000;0;0;13200;2400;2500
Q198069203_1;Q198069203_1_1;A;0;40;0;1200;2440;2500
Q198069203_1;Q198069203_1_2;B;1200;0;0;2400;2400;2500
Q198069203_1;Q198069203_1_3;C;2400;0;0;3600;2400;2500
Q198069203_1;Q198069203_1_4;D;3600;0;0;4800;2400;2500
Q198069203_1;Q198069203_1_5;E;4800;0;0;6000;2400;2500
Q198069203_1;Q198069203_1_6;F;6000;0;0;7200;2400;2500
Q198069203_1;Q198069203_1_7;G;7200;0;0;8400;2400;2500
Q198069203_1;Q198069203_1_8;H;8400;0;0;9600;2400;2500
Q198069203_1;Q198069203_1_9;I;9600;0;0;10800;2400;2500
Q198069203_1;Q198069203_1_10;J;10800;0;0;12000;2400;2500
Q198069203_1;Q198069203_1_11;K;12000;0;0;13200;2400;2500
P198069201;P198069201_1;A;0;0;0;1200;2400;2500
P198069201;P198069201_2;B;1200;0;0;2400;2400;1800
P198069201;P198069201_3;C;2400;0;0;3600;2400;1900
P198069201;P198069201_4;D;3600;0;0;4800;2400;1900
P198069201;P198069201_5;E;4800;0;0;6000;2400;1620
P198069201;P198069201_6;F;6000;0;0;7200;2400;1620
P198069201;P198069201_7;G;7200;0;0;8400;2400;1620
P198069201;P198069201_8;H;8400;1660;0;8970;2440;478
P198069201;P198069201_9;I;8400;0;0;10800;1200;2500
P198069201;P198069201_10;J;8970;1240;0;11370;2440;2500
P198069201;P198069201_11;K;10800;0;0;13200;1200;2500
Q198069201_1;Q198069201_1_1;A;0;0;0;1200;2400;1620
Q198069201_1;Q198069201_1_2;B;1200;0;0;2400;2400;2000
Q198069201_1;Q198069201_1_3;C;2400;0;0;3600;2400;2500
Q198069201_1;Q198069201_1_4;D;3600;0;0;4800;2400;2500
Q198069201_1;Q198069201_1_5;E;4800;0;0;6000;2400;2500
Q198069201_1;Q198069201_1_6;F;6000;0;0;7200;2400;2500
Q198069201_1;Q198069201_1_7;G;7200;0;0;8400;2400;2500
Q198069201_1;Q198069201_1_8;H;8400;0;0;9600;2400;1900
P240069305;P240069305_1;A;0;0;0;1200;2400;2500
P240069305;P240069305_2;B;1200;0;0;2400;2400;2500
P240069305;P240069305_3;C;2400;0;0;3600;2400;2500
P240069305;P240069305_4;D;3600;0;0;4800;2400;2500
P240069305;P240069305_5;E;4800;0;0;6000;2400;2830
P240069305;P240069305_6;F;6000;0;0;7200;2400;2855
P240069305;P240069305_7;G;7200;0;0;8400;2400;2855
P240069305;P240069305_8;H;8400;0;0;9600;2400;2855
P240069305;P240069305_9;I;9600;0;0;10800;2400;2500
P240069305;P240069305_10;J;10800;0;0;12000;2400;2500
P240069305;P240069305_11;K;12000;0;0;13200;2400;2500
Q240069305_1;Q240069305_1_1;A;0;0;0;1200;2400;2855
Q240069305_1;Q240069305_1_2;B;1200;0;0;2400;2400;2500
Q240069305_1;Q240069305_1_3;C;2400;0;0;3600;2400;2500
Q240069305_1;Q240069305_1_4;D;3600;0;0;4800;2400;2500
Q240069305_1;Q240069305_1_5;E;4800;0;0;6000;2400;2500
Q240069305_1;Q240069305_1_6;F;6000;0;0;7200;2400;2500
Q240069305_1;Q240069305_1_7;G;7200;0;0;8400;2400;2500
Q240069305_1;Q240069305_1_8;H;8400;0;0;9600;2400;2500
Q240069305_1;Q240069305_1_9;I;9600;0;0;10800;2400;2500
Q240069305_1;Q240069305_1_10;J;10800;0;0;12000;2400;2500
Q240069305_1;Q240069305_1_11;K;12000;0;0;13200;2400;2500
Q240069305_2;Q240069305_2_1;A;0;0;0;1200;2400;2855
Q240069305_2;Q240069305_2_2;B;1200;0;0;2400;2400;2500
Q240069305_2;Q240069305_2_3;C;2400;0;0;3600;2400;2500
Q240069305_2;Q240069305_2_4;D;3600;0;0;4800;2400;2500
Q240069305_2;Q240069305_2_5;E;4800;0;0;6000;2400;2500
Q240069305_2;Q240069305_2_6;F;6000;0;0;7200;2400;2500
Q240069305_2;Q240069305_2_7;G;7200;0;0;8400;2400;2500
Q240069305_2;Q240069305_2_8;H;8400;0;0;9600;2400;2500
Q240069305_2;Q240069305_2_9;I;9600;0;0;10800;2400;2500
Q240069305_2;Q240069305_2_10;J;10800;0;0;12000;2400;2500
Q240069305_2;Q240069305_2_11;K;12000;0;0;13200;2400;2500
Q240069305_3;Q240069305_3_1;A;0;0;0;1200;2400;2500
Q240069305_3;Q240069305_3_2;B;1200;0;0;2400;2400;2500
Q240069305_3;Q240069305_3_3;C;2400;0;0;3600;2400;2500
Q240069305_3;Q240069305_3_4;D;3600;0;0;4800;2400;2500
Q240069305_3;Q240069305_3_5;E;4800;0;0;6000;2400;2500
Q240069305_3;Q240069305_3_6;F;6000;0;0;7200;2400;2500
Q240069305_3;Q240069305_3_7;G;7200;0;0;8400;2400;2500
Q240069305_3;Q240069305_3_8;H;8400;0;0;9600;2400;2500
Q240069305_3;Q240069305_3_9;I;9600;0;0;10800;2400;2500
Q240069305_3;Q240069305_3_10;J;10800;0;0;12000;2400;2500
Q240069305_3;Q240069305_3_11;K;12000;0;0;13200;2400;2830
Q240069305_4;Q240069305_4_1;A;0;0;0;1200;2400;2500
Q240069305_4;Q240069305_4_2;B;1200;0;0;2400;2400;2500
Q240069305_4;Q240069305_4_3;C;2400;0;0;3600;2400;2500
Q240069305_4;Q240069305_4_4;D;3600;0;0;4800;2400;2500
Q240069305_4;Q240069305_4_5;E;4800;0;0;6000;2400;2500
Q240069305_4;Q240069305_4_6;F;6000;0;0;7200;2400;2500
Q240069305_4;Q240069305_4_7;G;7200;0;0;8400;2400;2500
Q240069305_4;Q240069305_4_8;H;8400;0;0;9600;2400;2500
Q240069305_4;Q240069305_4_9;I;9600;0;0;10800;2400;2500
Q240069305_4;Q240069305_4_10;J;10800;0;0;12000;2400;2500
Q240069305_4;Q240069305_4_11;K;12000;0;0;13200;2400;2500
Q240069305_5;Q240069305_5_1;A;0;0;0;1200;2400;2500
Q240069305_5;Q240069305_5_2;B;1200;0;0;2400;2400;2500
Q240069305_5;Q240069305_5_3;C;2400;0;0;3600;2400;2500
Q240069305_5;Q240069305_5_4;D;3600;0;0;4800;2400;2500
Q240069305_5;Q240069305_5_5;E;4800;0;0;6000;2400;2500
Q240069305_5;Q240069305_5_6;F;6000;0;0;7200;2400;2500
Q240069305_5;Q240069305_5_7;G;7200;0;0;8400;2400;2500
Q240069305_5;Q240069305_5_8;H;8400;0;0;9600;2400;2500
Q240069305_5;Q240069305_5_9;I;9600;0;0;10800;2400;2500
Q240069305_5;Q240069305_5_10;J;10800;0;0;12000;2400;2500
Q240069305_5;Q240069305_5_11;K;12000;0;0;13200;2400;2500
P240069201;P240069201_1;A;0;1240;0;1800;2440;2400
P240069201;P240069201_2;B;0;0;0;2400;1200;2500
P240069201;P240069201_3;C;1800;1240;0;4200;2440;2500
P240069201;P240069201_4;D;2400;0;0;4800;1200;2500
P240069201;P240069201_5;E;4200;1240;0;6600;2440;2500
P240069201;P240069201_6;F;4800;0;0;7200;1200;2500
P240069201;P240069201_7;G;6600;1240;0;9000;2440;2500
P240069201;P240069201_8;H;7200;0;0;9600;1200;2500
P240069201;P240069201_9;I;9000;1240;0;11400;2440;2500
P240069201;P240069201_10;J;9600;0;0;12000;1200;1900
P240069201;P240069201_11;K;11400;1660;0;11970;2440;1771
P240069201;P240069201_12;L;12000;40;0;13200;2440;1900
Q240069201_1;Q240069201_1_1;A;0;0;0;1200;2400;1900
Q240069201_1;Q240069201_1_2;B;1200;0;0;2400;2400;1900
Q240069201_1;Q240069201_1_3;C;2400;0;0;3600;2400;1900
Q240069201_1;Q240069201_1_4;D;3600;0;0;4800;2400;1900
Q240069201_1;Q240069201_1_5;E;4800;0;0;6000;2400;1900
Q240069201_1;Q240069201_1_6;F;6000;0;0;7200;2400;1900
Q240069201_1;Q240069201_1_7;G;7200;0;0;8400;2400;2500
Q240069201_1;Q240069201_1_8;H;8400;0;0;9600;2400;2500
Q240069201_1;Q240069201_1_9;I;9600;0;0;10800;2400;2500
Q240069201_1;Q240069201_1_10;J;10800;0;0;12000;2400;2500
Q240069201_1;Q240069201_1_11;K;12000;0;0;13200;2400;2500
Q240069201_2;Q240069201_2_1;A;0;0;0;1200;2400;2500
Q240069201_2;Q240069201_2_2;B;1200;0;0;2400;2400;2500
Q240069201_2;Q240069201_2_3;C;2400;0;0;3600;2400;2500
Q240069201_2;Q240069201_2_4;D;3600;0;0;4800;2400;2500
Q240069201_2;Q240069201_2_5;E;4800;0;0;6000;2400;2500
Q240069201_2;Q240069201_2_6;F;6000;0;0;7200;2400;2500
Q240069201_2;Q240069201_2_7;G;7200;0;0;8400;2400;2500
Q240069201_2;Q240069201_2_8;H;8400;0;0;9600;2400;2500
Q240069201_2;Q240069201_2_9;I;9600;0;0;10800;2400;2500
Q240069201_2;Q240069201_2_10;J;10800;0;0;12000;2400;2500
Q240069201_2;Q240069201_2_11;K;12000;0;0;13200;2400;1900
Q240069201_3;Q240069201_3_1;A;0;0;0;1200;2400;2000
Q240069201_3;Q240069201_3_2;B;1200;0;0;2400;2400;2000
Q240069201_3;Q240069201_3_3;C;2400;0;0;3600;2400;2000
Q240069201_3;Q240069201_3_4;D;3600;1240;0;5400;2440;2400
Q240069201_3;Q240069201_3_5;E;3600;0;0;6000;1200;1620
Q240069201_3;Q240069201_3_6;F;5400;1240;0;7800;2440;1800
Q240069201_3;Q240069201_3_7;G;6000;0;0;8400;1200;1800
Q240069201_3;Q240069201_3_8;H;7800;1240;0;10200;2440;1900
Q240069201_3;Q240069201_3_9;I;8400;0;0;10800;1200;1620
Q240069201_3;Q240069201_3_10;J;10200;1240;0;12600;2440;1620
Q240069201_3;Q240069201_3_11;K;10800;0;0;13200;1200;1620
P210069319;P210069319_1;A;0;0;0;1200;2400;1620
P210069319;P210069319_2;B;1200;0;0;2400;2400;1620
P210069319;P210069319_3;C;2400;0;0;3600;2400;1620
P210069319;P210069319_4;D;3600;0;0;4800;2400;1620
P210069319;P210069319_5;E;4800;0;0;6000;2400;1620
P210069319;P210069319_6;F;6000;0;0;7200;2400;1620
P210069319;P210069319_7;G;7200;0;0;8400;2400;1620
P210069319;P210069319_8;H;8400;0;0;9600;2400;1620
P210069319;P210069319_9;I;9600;0;0;10800;2400;1620
P210069319;P210069319_10;J;10800;0;0;12000;2400;1620
P210069319;P210069319_11;K;12000;0;0;13200;2400;1620
P210069219;P210069219_1;A;0;0;0;1200;2400;1620
P210069219;P210069219_2;B;1200;0;0;2400;2400;2500
P210069219;P210069219_3;C;2400;0;0;3600;2400;2855
P210069219;P210069219_4;D;3600;0;0;4800;2400;2500
P210069219;P210069219_5;E;4800;0;0;6000;2400;2500
P210069219;P210069219_6;F;6000;0;0;7200;2400;2500
P210069219;P210069219_7;G;7200;0;0;8400;2400;2500
P210069219;P210069219_8;H;8400;0;0;9600;2400;2500
P210069219;P210069219_9;I;9600;0;0;10800;2400;2500
P210069219;P210069219_10;J;10800;0;0;12000;2400;2855
P210069219;P210069219_11;K;12000;0;0;13200;2400;2500
P209069217;P209069217_1;A;0;0;0;1200;2400;1900
P209069217;P209069217_2;B;1200;0;0;2400;2400;1620
P209069217;P209069217_3;C;2400;0;0;3600;2400;2500
P209069217;P209069217_4;D;3600;0;0;4800;2400;2500
P209069217;P209069217_5;E;4800;0;0;6000;2400;1620
P209069217;P209069217_6;F;6000;0;0;7200;2400;2500
P209069217;P209069217_7;G;7200;0;0;8400;2400;2500
P209069217;P209069217_8;H;8400;0;0;9600;2400;2500
P209069217;P209069217_9;I;9600;0;0;10800;2400;2500
P209069217;P209069217_10;J;10800;0;0;12000;2400;2500
P209069217;P209069217_11;K;12000;0;0;13200;2400;2500
P209069215;P209069215_1;A;0;0;0;1200;2400;1900
P209069215;P209069215_2;B;1200;0;0;2400;2400;1620
P209069215;P209069215_3;C;2400;0;0;3600;2400;1800
P209069215;P209069215_4;D;3600;0;0;4800;2400;1900
P209069215;P209069215_5;E;4800;0;0;6000;2400;1900
P209069215;P209069215_6;F;6000;0;0;7200;2400;2500
P209069215;P209069215_7;G;7200;0;0;8400;2400;2500
P209069215;P209069215_8;H;8400;0;0;9600;2400;2500
P209069215;P209069215_9;I;9600;0;0;10800;2400;2500
P209069215;P209069215_10;J;10800;0;0;12000;2400;1450
P209069215;P209069215_11;K;12000;0;0;13200;2400;2500
P209069211;P209069211_1;A;0;0;0;1200;2400;2500
P209069211;P209069211_2;B;1200;0;0;2400;2400;2500
P209069211;P209069211_3;C;2400;0;0;3600;2400;2500
P209069211;P209069211_4;D;3600;0;0;4800;2400;2500
P209069211;P209069211_5;E;4800;0;0;6000;2400;2000
P209069211;P209069211_6;F;6000;0;0;7200;2400;1900
P209069211;P209069211_7;G;7200;0;0;8400;2400;1620
P209069211;P209069211_8;H;8400;0;0;8970;780;478
P209069211;P209069211_9;I;8400;1240;0;10800;2440;2500
P209069211;P209069211_10;J;8970;0;0;11370;1200;2500
P209069211;P209069211_11;K;10800;1240;0;13200;2440;2500
P209069211;P209069211_12;L;11370;0;0;13170;1200;2400
P209069207;P209069207_1;A;0;0;0;1200;2400;2500
P209069207;P209069207_2;B;1200;0;0;2400;2400;2500
P209069207;P209069207_3;C;2400;0;0;3600;2400;2500
P209069207;P209069207_4;D;3600;0;0;4800;2400;2500
P209069207;P209069207_5;E;4800;0;0;6000;2400;2500
P209069207;P209069207_6;F;6000;0;0;7200;2400;2500
P209069207;P209069207_7;G;7200;0;0;8400;2400;2500
P209069207;P209069207_8;H;8400;0;0;9600;2400;2500
P209069207;P209069207_9;I;9600;0;0;10800;2400;2500
P209069207;P209069207_10;J;10800;0;0;12000;2400;2500
P209069207;P209069207_11;K;12000;0;0;13200;2400;2500
P209069307;P209069307_1;A;0;0;0;1200;2400;2855
P209069307;P209069307_2;B;1200;0;0;2400;2400;1900
P209069307;P209069307_3;C;2400;0;0;3600;2400;1900
P209069307;P209069307_4;D;3600;0;0;4800;2400;2500
P209069307;P209069307_5;E;4800;0;0;6000;2400;2500
P209069307;P209069307_6;F;6000;0;0;7200;2400;2500
P209069307;P209069307_7;G;7200;0;0;8400;2400;2500
P209069307;P209069307_8;H;8400;0;0;9600;2400;2500
P209069307;P209069307_9;I;9600;0;0;10800;2400;2500
P209069307;P209069307_10;J;10800;0;0;12000;2400;2500
P209069307;P209069307_11;K;12000;0;0;13200;2400;2500
P209069305;P209069305_1;A;0;0;0;1200;2400;1900
P209069305;P209069305_2;B;1200;0;0;2400;2400;1900
P209069305;P209069305_3;C;2400;0;0;3600;2400;2500
P209069305;P209069305_4;D;3600;0;0;4800;2400;2500
P209069305;P209069305_5;E;4800;0;0;6000;2400;2500
P209069305;P209069305_6;F;6000;0;0;7200;2400;2500
P209069305;P209069305_7;G;7200;0;0;8400;2400;2500
P209069305;P209069305_8;H;8400;0;0;9600;2400;2500
P209069305;P209069305_9;I;9600;0;0;10800;2400;2500
P209069305;P209069305_10;J;10800;0;0;12000;2400;2500
P209069305;P209069305_11;K;12000;0;0;13200;2400;2855
P209069203;P209069203_1;A;0;0;0;1200;2400;1620
P209069203;P209069203_2;B;1200;0;0;2400;2400;1620
P209069203;P209069203_3;C;2400;0;0;3600;2400;2000
P209069203;P209069203_4;D;3600;0;0;4800;2400;2500
P209069203;P209069203_5;E;4800;0;0;6000;2400;2500
P209069203;P209069203_6;F;6000;0;0;7200;2400;2500
P209069203;P209069203_7;G;7200;0;0;8400;2400;2500
P209069203;P209069203_8;H;8400;0;0;9600;2400;2500
P209069203;P209069203_9;I;9600;0;0;10800;2400;2500
P209069203;P209069203_10;J;10800;0;0;12000;2400;2500
P209069203;P209069203_11;K;12000;0;0;13200;2400;2500
P209069201;P209069201_1;A;0;0;0;1200;2400;1620
P209069201;P209069201_2;B;1200;0;0;2400;2400;2000
P209069201;P209069201_3;C;2400;0;0;3600;2400;2500
P209069201;P209069201_4;D;3600;0;0;4800;2400;2500
P209069201;P209069201_5;E;4800;0;0;6000;2400;2500
P209069201;P209069201_6;F;6000;0;0;7200;2400;2500
P209069201;P209069201_7;G;7200;0;0;8400;2400;1900
P209069201;P209069201_8;H;8400;0;0;9600;2400;1900
P209069201;P209069201_9;I;9600;0;0;10800;2400;2500
P209069201;P209069201_10;J;10800;0;0;12000;2400;2500
P209069201;P209069201_11;K;12000;0;0;13200;2400;2500
P209069319;P209069319_1;A;0;0;0;1200;2400;1620
P209069319;P209069319_2;B;1200;0;0;2400;2400;2500
P209069319;P209069319_3;C;2400;0;0;3600;2400;2500
P209069319;P209069319_4;D;3600;0;0;4800;2400;2855
P209069319;P209069319_5;E;4800;0;0;6000;2400;2855
P209069319;P209069319_6;F;6000;0;0;7200;2400;2500
P209069319;P209069319_7;G;7200;0;0;8400;2400;2500
P209069319;P209069319_8;H;8400;0;0;9600;2400;2500
P209069319;P209069319_9;I;9600;0;0;10800;2400;2500
P209069319;P209069319_10;J;10800;0;0;12000;2400;1900
P209069319;P209069319_11;K;12000;0;0;13200;2400;2500
P209069219;P209069219_1;A;0;0;0;1200;2400;2500
P209069219;P209069219_2;B;1200;0;0;2400;2400;2500
P209069219;P209069219_3;C;2400;0;0;3600;2400;2500
P209069219;P209069219_4;D;3600;0;0;4800;2400;2500
P209069219;P209069219_5;E;4800;0;0;6000;2400;2500
P209069219;P209069219_6;F;6000;0;0;7200;2400;2500
P209069219;P209069219_7;G;7200;0;0;8400;2400;2500
P209069219;P209069219_8;H;8400;0;0;9600;2400;2500
P209069219;P209069219_9;I;9600;0;0;10800;2400;2500
P209069219;P209069219_10;J;10800;0;0;12000;2400;2500
P209069219;P209069219_11;K;12000;0;0;13200;2400;2500
P208069217;P208069217_1;A;0;0;0;1200;2400;1620
P208069217;P208069217_2;B;1200;0;0;2400;2400;1620
P208069217;P208069217_3;C;2400;0;0;3600;2400;1620
P208069217;P208069217_4;D;3600;0;0;4800;2400;1620
P208069217;P208069217_5;E;4800;0;0;6000;2400;2500
P208069217;P208069217_6;F;6000;0;0;7200;2400;1900
P208069217;P208069217_7;G;7200;0;0;8400;2400;1620
P208069217;P208069217_8;H;8400;0;0;9600;2400;1620
P208069217;P208069217_9;I;9600;0;0;10800;2400;2000
P208069217;P208069217_10;J;10800;0;0;12000;2400;1900
P208069217;P208069217_11;K;12000;0;0;13200;2400;1900
P208069215;P208069215_1;A;0;1240;0;1800;2440;2400
P208069215;P208069215_2;B;0;0;0;2400;1200;1620
P208069215;P208069215_3;C;1800;1240;0;4200;2440;1620
P208069215;P208069215_4;D;2400;0;0;4800;1200;1800
P208069215;P208069215_5;E;4200;1240;0;6600;2440;1620
P208069215;P208069215_6;F;4800;0;0;7200;1200;1900
P208069215;P208069215_7;G;6600;1240;0;9000;2440;2500
P208069215;P208069215_8;H;7200;0;0;9600;1200;2500
P208069215;P208069215_9;I;9000;1240;0;11400;2440;2500
P208069215;P208069215_10;J;9600;0;0;12000;1200;2500
P208069215;P208069215_11;K;12000;40;0;13200;2440;2500
P208069211;P208069211_1;A;0;0;0;1200;2400;1900
P208069211;P208069211_2;B;1200;0;0;2400;2400;1900
P208069211;P208069211_3;C;2400;0;0;3600;2400;1900
P208069211;P208069211_4;D;3600;0;0;4800;2400;2500
P208069211;P208069211_5;E;4800;0;0;6000;2400;2500
P208069211;P208069211_6;F;6000;0;0;7200;2400;2500
P208069211;P208069211_7;G;7200;0;0;8400;2400;2500
P208069211;P208069211_8;H;8400;0;0;9600;2400;2500
P208069211;P208069211_9;I;9600;0;0;10800;2400;2500
P208069211;P208069211_10;J;10800;0;0;12000;2400;1900
P208069211;P208069211_11;K;12000;0;0;13200;2400;2500
P208069207;P208069207_1;A;0;0;0;1200;2400;1620
P208069207;P208069207_2;B;1200;0;0;2400;2400;2000
P208069207;P208069207_3;C;2400;0;0;3600;2400;1450
P208069207;P208069207_4;D;3600;0;0;4800;2400;1620
P208069207;P208069207_5;E;4800;0;0;6000;2400;1620
P208069207;P208069207_6;F;6000;0;0;7200;2400;2500
P208069207;P208069207_7;G;7200;0;0;8400;2400;2500
P208069207;P208069207_8;H;8400;0;0;9600;2400;2500
P208069207;P208069207_9;I;9600;0;0;10800;2400;2500
P208069207;P208069207_10;J;10800;0;0;12000;2400;2500
P208069207;P208069207_11;K;12000;0;0;13200;2400;2500
P208069307;P208069307_1;A;0;0;0;1200;2400;1900
P208069307;P208069307_2;B;1200;0;0;2400;2400;2500
P208069307;P208069307_3;C;2400;0;0;3600;2400;2500
P208069307;P208069307_4;D;3600;0;0;4800;2400;2500
P208069307;P208069307_5;E;4800;0;0;6000;2400;2500
P208069307;P208069307_6;F;6000;0;0;7200;2400;2500
P208069307;P208069307_7;G;7200;0;0;8400;2400;2500
P208069307;P208069307_8;H;8400;0;0;9600;2400;2500
P208069307;P208069307_9;I;9600;0;0;10800;2400;2500
P208069307;P208069307_10;J;10800;0;0;12000;2400;2500
P208069307;P208069307_11;K;12000;0;0;13200;2400;2500
Q208069307_1;Q208069307_1_1;A;0;0;0;1200;2400;2855
Q208069307_1;Q208069307_1_2;B;1200;0;0;2400;2400;2855
Q208069307_1;Q208069307_1_3;C;2400;0;0;3600;2400;2500
Q208069307_1;Q208069307_1_4;D;3600;0;0;4800;2400;2500
Q208069307_1;Q208069307_1_5;E;4800;0;0;6000;2400;2500
Q208069307_1;Q208069307_1_6;F;6000;0;0;7200;2400;2500
Q208069307_1;Q208069307_1_7;G;7200;0;0;8400;2400;2500
Q208069307_1;Q208069307_1_8;H;8400;0;0;9600;2400;2500
Q208069307_1;Q208069307_1_9;I;9600;0;0;10800;2400;2500
Q208069307_1;Q208069307_1_10;J;10800;0;0;12000;2400;2500
Q208069307_1;Q208069307_1_11;K;12000;0;0;13200;2400;2855
P208069305;P208069305_1;A;0;0;0;1800;1200;2400
P208069305;P208069305_2;B;0;1240;0;2400;2440;2500
P208069305;P208069305_3;C;1800;0;0;4200;1200;2500
P208069305;P208069305_4;D;2400;1240;0;4800;2440;1900
P208069305;P208069305_5;E;4200;0;0;6600;1200;2500
P208069305;P208069305_6;F;4800;1240;0;7200;2440;2500
P208069305;P208069305_7;G;6600;0;0;9000;1200;2500
P208069305;P208069305_8;H;7200;1240;0;9600;2440;2500
P208069305;P208069305_9;I;9000;0;0;11400;1200;2500
P208069305;P208069305_10;J;9600;1240;0;12000;2440;2500
P208069305;P208069305_11;K;12000;0;0;13200;2400;2500
P208069203;P208069203_1;A;0;0;0;1200;2400;1620
P208069203;P208069203_2;B;1200;0;0;2400;2400;2000
P208069203;P208069203_3;C;2400;0;0;3600;2400;1620
P208069203;P208069203_4;D;3600;0;0;4800;2400;1620
P208069203;P208069203_5;E;4800;0;0;6000;2400;1620
P208069203;P208069203_6;F;6000;0;0;7200;2400;2500
P208069203;P208069203_7;G;7200;0;0;8400;2400;2500
P208069203;P208069203_8;H;8400;0;0;9600;2400;2500
P208069203;P208069203_9;I;9600;0;0;10800;2400;1900
P208069203;P208069203_10;J;10800;0;0;12000;2400;1900
P208069203;P208069203_11;K;12000;0;0;13200;2400;1620
P208069201;P208069201_1;A;0;0;0;1200;2400;1620
P208069201;P208069201_2;B;1200;0;0;2400;2400;1620
P208069201;P208069201_3;C;2400;0;0;3600;2400;2500
P208069201;P208069201_4;D;3600;0;0;4800;2400;2500
P208069201;P208069201_5;E;4800;0;0;6000;2400;2500
P208069201;P208069201_6;F;6000;0;0;7200;2400;2500
P208069201;P208069201_7;G;7200;0;0;8400;2400;1900
P208069201;P208069201_8;H;8400;0;0;9600;2400;2500
P208069201;P208069201_9;I;9600;0;0;10800;2400;2500
P208069201;P208069201_10;J;10800;0;0;12000;2400;2500
P208069201;P208069201_11;K;12000;0;0;13200;2400;2500
P208069319;P208069319_1;A;0;40;0;1200;2440;2500
P208069319;P208069319_2;B;1200;0;0;2400;2400;2500
P208069319;P208069319_3;C;2400;0;0;3600;2400;2500
P208069319;P208069319_4;D;3600;0;0;4800;2400;2500
P208069319;P208069319_5;E;4800;0;0;6000;2400;2500
P208069319;P208069319_6;F;6000;0;0;7200;2400;2500
P208069319;P208069319_7;G;7200;0;0;8400;2400;2500
P208069319;P208069319_8;H;8400;0;0;9600;2400;2500
P208069319;P208069319_9;I;9600;0;0;11400;1200;2400
P208069319;P208069319_10;J;9600;1240;0;12000;2440;1900
P208069319;P208069319_11;K;11400;0;0;11970;780;478
P208069319;P208069319_12;L;12000;0;0;13200;2400;2000
P208069219;P208069219_1;A;0;0;0;1200;2400;1620
P208069219;P208069219_2;B;1200;0;0;2400;2400;1620
P208069219;P208069219_3;C;2400;0;0;3600;2400;1620
P208069219;P208069219_4;D;3600;0;0;4800;2400;1900
P208069219;P208069219_5;E;4800;0;0;6000;2400;2500
P208069219;P208069219_6;F;6000;0;0;7200;2400;2500
P208069219;P208069219_7;G;7200;0;0;8400;2400;2500
P208069219;P208069219_8;H;8400;0;0;9600;2400;2500
P208069219;P208069219_9;I;9600;0;0;10800;2400;2500
P208069219;P208069219_10;J;10800;0;0;12000;2400;2500
P208069219;P208069219_11;K;12000;0;0;13200;2400;1900
P207069217;P207069217_1;A;0;0;0;1200;2400;2550
P207069217;P207069217_2;B;1200;0;0;2400;2400;2000
P207069217;P207069217_3;C;2400;0;0;3600;2400;2500
P207069217;P207069217_4;D;3600;0;0;4800;2400;2500
P207069217;P207069217_5;E;4800;0;0;6000;2400;2500
P207069217;P207069217_6;F;6000;0;0;7200;2400;2500
P207069217;P207069217_7;G;7200;0;0;8400;2400;2500
P207069217;P207069217_8;H;8400;0;0;9600;2400;2500
P207069217;P207069217_9;I;9600;0;0;10800;2400;2500
P207069217;P207069217_10;J;10800;0;0;12000;2400;2500
P207069217;P207069217_11;K;12000;0;0;13200;2400;2500
P207069215;P207069215_1;A;0;0;0;1200;2400;2500
P207069215;P207069215_2;B;1200;0;0;2400;2400;2500
P207069215;P207069215_3;C;2400;0;0;3600;2400;2500
P207069215;P207069215_4;D;3600;0;0;4800;2400;1900
P207069215;P207069215_5;E;4800;0;0;6000;2400;1900
P207069215;P207069215_6;F;6000;0;0;7200;2400;2500
P207069215;P207069215_7;G;7200;0;0;8400;2400;1620
P207069215;P207069215_8;H;8400;0;0;9600;2400;1620
P207069215;P207069215_9;I;9600;0;0;10800;2400;2500
P207069215;P207069215_10;J;10800;0;0;12000;2400;2500
P207069215;P207069215_11;K;12000;0;0;13200;2400;2855
P207069211;P207069211_1;A;0;0;0;1200;2400;2500
P207069211;P207069211_2;B;1200;0;0;2400;2400;2500
P207069211;P207069211_3;C;2400;0;0;3600;2400;2500
P207069211;P207069211_4;D;3600;0;0;4800;2400;2500
P207069211;P207069211_5;E;4800;0;0;6000;2400;2500
P207069211;P207069211_6;F;6000;0;0;7200;2400;2500
P207069211;P207069211_7;G;7200;0;0;8400;2400;2500
P207069211;P207069211_8;H;8400;0;0;9600;2400;2500
P207069211;P207069211_9;I;9600;0;0;10800;2400;2500
P207069211;P207069211_10;J;10800;0;0;12000;2400;2500
P207069211;P207069211_11;K;12000;0;0;13200;2400;2500
P207069207;P207069207_1;A;0;0;0;1200;2400;1620
P207069207;P207069207_2;B;1200;0;0;2400;2400;2500
P207069207;P207069207_3;C;2400;0;0;3600;2400;1900
P207069207;P207069207_4;D;3600;0;0;4800;2400;1900
P207069207;P207069207_5;E;4800;0;0;6000;2400;1900
P207069207;P207069207_6;F;6000;0;0;7200;2400;1620
P207069207;P207069207_7;G;7200;0;0;8400;2400;1620
P207069207;P207069207_8;H;8400;0;0;10200;1200;2400
P207069207;P207069207_9;I;8400;1240;0;10800;2440;2500
P207069207;P207069207_10;J;10200;0;0;12600;1200;2500
P207069207;P207069207_11;K;10800;1240;0;13200;2440;2500
P207069307;P207069307_1;A;0;0;0;1200;2400;2855
P207069307;P207069307_2;B;1200;0;0;2400;2400;2855
P207069307;P207069307_3;C;2400;0;0;3600;2400;2500
P207069307;P207069307_4;D;3600;0;0;4800;2400;2500
P207069307;P207069307_5;E;4800;0;0;6000;2400;2855
P207069307;P207069307_6;F;6000;0;0;7200;2400;2855
P207069307;P207069307_7;G;7200;0;0;8400;2400;2500
P207069307;P207069307_8;H;8400;0;0;9600;2400;1900
P207069307;P207069307_9;I;9600;0;0;10800;2400;2500
P207069307;P207069307_10;J;10800;0;0;12000;2400;2500
P207069307;P207069307_11;K;12000;0;0;13200;2400;1450
Q207069307_1;Q207069307_1_1;A;0;0;0;1200;2400;2500
Q207069307_1;Q207069307_1_2;B;1200;0;0;2400;2400;2500
Q207069307_1;Q207069307_1_3;C;2400;0;0;3600;2400;2500
Q207069307_1;Q207069307_1_4;D;3600;0;0;4800;2400;2500
Q207069307_1;Q207069307_1_5;E;4800;0;0;6000;2400;2500
Q207069307_1;Q207069307_1_6;F;6000;0;0;7200;2400;2500
Q207069307_1;Q207069307_1_7;G;7200;0;0;8400;2400;2500
Q207069307_1;Q207069307_1_8;H;8400;0;0;9600;2400;2500
Q207069307_1;Q207069307_1_9;I;9600;0;0;10800;2400;2500
Q207069307_1;Q207069307_1_10;J;10800;0;0;12000;2400;2500
Q207069307_1;Q207069307_1_11;K;12000;0;0;13200;2400;2500
P207069305;P207069305_1;A;0;0;0;1200;2400;1900
P207069305;P207069305_2;B;1200;0;0;2400;2400;1900
P207069305;P207069305_3;C;2400;0;0;3600;2400;1900
P207069305;P207069305_4;D;3600;0;0;4800;2400;2500
P207069305;P207069305_5;E;4800;0;0;6000;2400;2500
P207069305;P207069305_6;F;6000;0;0;7200;2400;2500
P207069305;P207069305_7;G;7200;0;0;8400;2400;2500
P207069305;P207069305_8;H;8400;0;0;9600;2400;2500
P207069305;P207069305_9;I;9600;0;0;10800;2400;2500
P207069305;P207069305_10;J;10800;0;0;12000;2400;2500
P207069305;P207069305_11;K;12000;0;0;13200;2400;2500
P207069203;P207069203_1;A;0;0;0;1200;2400;1620
P207069203;P207069203_2;B;1200;0;0;2400;2400;1620
P207069203;P207069203_3;C;2400;0;0;3600;2400;1620
P207069203;P207069203_4;D;3600;0;0;4800;2400;1620
P207069203;P207069203_5;E;4800;0;0;6000;2400;1800
P207069203;P207069203_6;F;6000;0;0;7200;2400;2500
P207069203;P207069203_7;G;7200;0;0;8400;2400;2500
P207069203;P207069203_8;H;8400;0;0;9600;2400;2500
P207069203;P207069203_9;I;9600;0;0;11400;1200;2400
P207069203;P207069203_10;J;9600;1240;0;12000;2440;1900
P207069203;P207069203_11;K;11400;0;0;11970;780;478
P207069203;P207069203_12;L;12000;0;0;13200;2400;2000
P207069201;P207069201_1;A;0;0;0;1200;2400;1620
P207069201;P207069201_2;B;1200;0;0;2400;2400;2500
P207069201;P207069201_3;C;2400;0;0;3600;2400;2500
P207069201;P207069201_4;D;3600;0;0;4800;2400;2500
P207069201;P207069201_5;E;4800;0;0;6000;2400;1900
P207069201;P207069201_6;F;6000;0;0;7200;2400;2500
P207069201;P207069201_7;G;7200;0;0;8400;2400;2500
P207069201;P207069201_8;H;8400;0;0;9600;2400;2500
P207069201;P207069201_9;I;9600;0;0;10800;2400;2500
P207069201;P207069201_10;J;10800;0;0;12000;2400;2500
P207069201;P207069201_11;K;12000;0;0;13200;2400;2500
P207069319;P207069319_1;A;0;0;0;1200;2400;2500
P207069319;P207069319_2;B;1200;0;0;2400;2400;2500
P207069319;P207069319_3;C;2400;0;0;3600;2400;2500
P207069319;P207069319_4;D;3600;0;0;4800;2400;2855
P207069319;P207069319_5;E;4800;0;0;6000;2400;2855
P207069319;P207069319_6;F;6000;0;0;7200;2400;2500
P207069319;P207069319_7;G;7200;0;0;8400;2400;2500
P207069319;P207069319_8;H;8400;0;0;9600;2400;2855
P207069319;P207069319_9;I;9600;0;0;10800;2400;1900
P207069319;P207069319_10;J;10800;0;0;12000;2400;2500
P207069319;P207069319_11;K;12000;0;0;13200;2400;2500
Q207069319_1;Q207069319_1_1;A;0;0;0;1200;2400;1620
Q207069319_1;Q207069319_1_2;B;1200;0;0;2400;2400;1620
Q207069319_1;Q207069319_1_3;C;2400;0;0;3600;2400;2500
Q207069319_1;Q207069319_1_4;D;3600;0;0;4800;2400;1900
Q207069319_1;Q207069319_1_5;E;4800;0;0;6000;2400;2500
Q207069319_1;Q207069319_1_6;F;6000;0;0;7200;2400;2500
Q207069319_1;Q207069319_1_7;G;7200;0;0;8400;2400;2500
Q207069319_1;Q207069319_1_8;H;8400;0;0;9600;2400;1900
Q207069319_1;Q207069319_1_9;I;9600;0;0;10800;2400;2500
Q207069319_1;Q207069319_1_10;J;10800;0;0;12000;2400;2500
Q207069319_1;Q207069319_1_11;K;12000;0;0;13200;2400;2500
P207069219;P207069219_1;A;0;0;0;1200;2400;2500
P207069219;P207069219_2;B;1200;0;0;2400;2400;2500
P207069219;P207069219_3;C;2400;0;0;3600;2400;2500
P207069219;P207069219_4;D;3600;0;0;4800;2400;2500
P207069219;P207069219_5;E;4800;0;0;6000;2400;2500
P207069219;P207069219_6;F;6000;0;0;7200;2400;2500
P207069219;P207069219_7;G;7200;0;0;8400;2400;2500
P207069219;P207069219_8;H;8400;0;0;9600;2400;2855
P207069219;P207069219_9;I;9600;0;0;10800;2400;2855
P207069219;P207069219_10;J;10800;0;0;12000;2400;2500
P207069219;P207069219_11;K;12000;0;0;13200;2400;2500
Q207069219_1;Q207069219_1_1;A;0;0;0;1200;2400;1620
Q207069219_1;Q207069219_1_2;B;1200;0;0;2400;2400;1800
Q207069219_1;Q207069219_1_3;C;2400;0;0;3600;2400;2500
Q207069219_1;Q207069219_1_4;D;3600;0;0;4800;2400;2000
Q207069219_1;Q207069219_1_5;E;4800;0;0;6000;2400;2855
Q207069219_1;Q207069219_1_6;F;6000;0;0;7200;2400;1620
Q207069219_1;Q207069219_1_7;G;7200;0;0;8400;2400;2500
Q207069219_1;Q207069219_1_8;H;8400;0;0;9600;2400;2500
Q207069219_1;Q207069219_1_9;I;9600;0;0;10800;2400;2500
Q207069219_1;Q207069219_1_10;J;10800;0;0;12000;2400;2500
Q207069219_1;Q207069219_1_11;K;12000;0;0;13200;2400;2000
P206069217;P206069217_1;A;0;0;0;1200;2400;1900
P206069217;P206069217_2;B;1200;0;0;2400;2400;1900
P206069217;P206069217_3;C;2400;0;0;3600;2400;1900
P206069217;P206069217_4;D;3600;0;0;4800;2400;1620
P206069217;P206069217_5;E;4800;0;0;6000;2400;1620
P206069217;P206069217_6;F;6000;0;0;7200;2400;2500
P206069217;P206069217_7;G;7200;0;0;8400;2400;1620
P206069217;P206069217_8;H;8400;0;0;9600;2400;2500
P206069217;P206069217_9;I;9600;0;0;10800;2400;2500
P206069217;P206069217_10;J;10800;0;0;12000;2400;2500
P206069217;P206069217_11;K;12000;0;0;13200;2400;2500
P206069215;P206069215_1;A;0;0;0;1200;2400;1900
P206069215;P206069215_2;B;1200;0;0;2400;2400;1900
P206069215;P206069215_3;C;2400;0;0;3600;2400;2500
P206069215;P206069215_4;D;3600;0;0;4800;2400;2500
P206069215;P206069215_5;E;4800;0;0;6000;2400;2500
P206069215;P206069215_6;F;6000;0;0;7200;2400;2500
P206069215;P206069215_7;G;7200;0;0;8400;2400;2500
P206069215;P206069215_8;H;8400;0;0;9600;2400;2500
P206069215;P206069215_9;I;9600;0;0;10800;2400;2500
P206069215;P206069215_10;J;10800;0;0;12000;2400;2500
P206069215;P206069215_11;K;12000;0;0;13200;2400;2500
P206069211;P206069211_1;A;0;0;0;1200;2400;1800
P206069211;P206069211_2;B;1200;1240;0;3000;2440;2400
P206069211;P206069211_3;C;1200;0;0;3600;1200;1620
P206069211;P206069211_4;D;3000;1240;0;5400;2440;1620
P206069211;P206069211_5;E;3600;0;0;6000;1200;1620
P206069211;P206069211_6;F;5400;1240;0;7800;2440;2500
P206069211;P206069211_7;G;6000;0;0;8400;1200;2500
P206069211;P206069211_8;H;7800;1240;0;10200;2440;2500
P206069211;P206069211_9;I;8400;0;0;10800;1200;2500
P206069211;P206069211_10;J;10200;1660;0;10770;2440;478
P206069211;P206069211_11;K;10770;1240;0;13170;2440;2000
P206069211;P206069211_12;L;10800;0;0;13200;1200;1900
P206069207;P206069207_1;A;0;0;0;1200;2400;2500
P206069207;P206069207_2;B;1200;0;0;2400;2400;2500
P206069207;P206069207_3;C;2400;0;0;3600;2400;2500
P206069207;P206069207_4;D;3600;0;0;4800;2400;2500
P206069207;P206069207_5;E;4800;0;0;6000;2400;2500
P206069207;P206069207_6;F;6000;0;0;7200;2400;2500
P206069207;P206069207_7;G;7200;0;0;8400;2400;2500
P206069207;P206069207_8;H;8400;0;0;9600;2400;2500
P206069207;P206069207_9;I;9600;0;0;10800;2400;2500
P206069207;P206069207_10;J;10800;0;0;12000;2400;2500
P206069207;P206069207_11;K;12000;0;0;13200;2400;2500
P206069307;P206069307_1;A;0;0;0;1200;2400;2500
P206069307;P206069307_2;B;1200;0;0;2400;2400;1900
P206069307;P206069307_3;C;2400;0;0;3600;2400;1900
P206069307;P206069307_4;D;3600;0;0;4800;2400;1900
P206069307;P206069307_5;E;4800;0;0;6000;2400;2500
P206069307;P206069307_6;F;6000;0;0;7200;2400;1900
P206069307;P206069307_7;G;7200;0;0;8400;2400;2500
P206069307;P206069307_8;H;8400;0;0;9600;2400;2500
P206069307;P206069307_9;I;9600;0;0;10800;2400;2500
P206069307;P206069307_10;J;10800;0;0;12000;2400;2500
P206069307;P206069307_11;K;12000;0;0;13200;2400;2500
P206069305;P206069305_1;A;0;0;0;1800;1200;2400
P206069305;P206069305_2;B;0;1240;0;2400;2440;2500
P206069305;P206069305_3;C;1800;0;0;4200;1200;2500
P206069305;P206069305_4;D;2400;1240;0;4800;2440;2500
P206069305;P206069305_5;E;4200;0;0;6600;1200;2500
P206069305;P206069305_6;F;4800;1240;0;7200;2440;1900
P206069305;P206069305_7;G;6600;0;0;9000;1200;2500
P206069305;P206069305_8;H;7200;1240;0;9600;2440;2855
P206069305;P206069305_9;I;9000;0;0;11400;1200;2855
P206069305;P206069305_10;J;9600;1240;0;12000;2440;2855
P206069305;P206069305_11;K;12000;0;0;13200;2400;2500
P206069203;P206069203_1;A;0;0;0;1200;2400;1800
P206069203;P206069203_2;B;1200;0;0;2400;2400;1620
P206069203;P206069203_3;C;2400;0;0;3600;2400;1620
P206069203;P206069203_4;D;3600;0;0;4800;2400;1620
P206069203;P206069203_5;E;4800;0;0;6000;2400;1620
P206069203;P206069203_6;F;6000;0;0;7200;2400;1620
P206069203;P206069203_7;G;7200;0;0;8400;2400;1900
P206069203;P206069203_8;H;8400;0;0;9600;2400;2500
P206069203;P206069203_9;I;9600;0;0;10800;2400;2500
P206069203;P206069203_10;J;10800;0;0;12000;2400;2500
P206069203;P206069203_11;K;12000;0;0;13200;2400;2500
P206069201;P206069201_1;A;0;0;0;1200;2400;2500
P206069201;P206069201_2;B;1200;0;0;2400;2400;2500
P206069201;P206069201_3;C;2400;0;0;3600;2400;2500
P206069201;P206069201_4;D;3600;0;0;4800;2400;2500
P206069201;P206069201_5;E;4800;0;0;6000;2400;1620
P206069201;P206069201_6;F;6000;0;0;7200;2400;1620
P206069201;P206069201_7;G;7200;0;0;8400;2400;2500
P206069201;P206069201_8;H;8400;0;0;9600;2400;2500
P206069201;P206069201_9;I;9600;0;0;10800;2400;2000
P206069201;P206069201_10;J;10800;0;0;12000;2400;1900
P206069201;P206069201_11;K;12000;0;0;13200;2400;2500
P206069319;P206069319_1;A;0;0;0;1200;2400;2500
P206069319;P206069319_2;B;1200;0;0;2400;2400;2500
P206069319;P206069319_3;C;2400;0;0;3600;2400;2500
P206069319;P206069319_4;D;3600;0;0;4800;2400;2500
P206069319;P206069319_5;E;4800;0;0;6000;2400;2500
P206069319;P206069319_6;F;6000;0;0;7200;2400;2500
P206069319;P206069319_7;G;7200;0;0;8400;2400;2500
P206069319;P206069319_8;H;8400;0;0;9600;2400;2500
P206069319;P206069319_9;I;9600;0;0;10800;2400;1800
P206069319;P206069319_10;J;10800;0;0;12000;2400;2855
P206069319;P206069319_11;K;12000;0;0;13200;2400;1900
Q206069319_1;Q206069319_1_1;A;0;0;0;1200;2400;2855
Q206069319_1;Q206069319_1_2;B;1200;0;0;2400;2400;2500
Q206069319_1;Q206069319_1_3;C;2400;0;0;3600;2400;2855
Q206069319_1;Q206069319_1_4;D;3600;0;0;4800;2400;2500
Q206069319_1;Q206069319_1_5;E;4800;0;0;6000;2400;2500
Q206069319_1;Q206069319_1_6;F;6000;0;0;7200;2400;2500
Q206069319_1;Q206069319_1_7;G;7200;0;0;8400;2400;2500
Q206069319_1;Q206069319_1_8;H;8400;0;0;9600;2400;2500
Q206069319_1;Q206069319_1_9;I;9600;0;0;10800;2400;2500
Q206069319_1;Q206069319_1_10;J;10800;0;0;12000;2400;2500
Q206069319_1;Q206069319_1_11;K;12000;0;0;13200;2400;2500
P206069219;P206069219_1;A;0;1660;0;570;2440;478
P206069219;P206069219_2;B;0;0;0;2400;1200;1620
P206069219;P206069219_3;C;570;1240;0;2970;2440;2500
P206069219;P206069219_4;D;2400;0;0;4800;1200;2500
P206069219;P206069219_5;E;2970;1240;0;5370;2440;2500
P206069219;P206069219_6;F;4800;0;0;7200;1200;2500
P206069219;P206069219_7;G;5370;1240;0;7770;2440;2500
P206069219;P206069219_8;H;7200;0;0;9600;1200;2500
P206069219;P206069219_9;I;7770;1240;0;10170;2440;2855
P206069219;P206069219_10;J;9600;0;0;12000;1200;2500
P206069219;P206069219_11;K;10170;1240;0;12570;2440;2500
Q206069219_1;Q206069219_1_1;A;0;0;0;1200;2400;1450
Q206069219_1;Q206069219_1_2;B;1200;0;0;2400;2400;2500
Q206069219_1;Q206069219_1_3;C;2400;0;0;3600;2400;1620
Q206069219_1;Q206069219_1_4;D;3600;0;0;4800;2400;1620
Q206069219_1;Q206069219_1_5;E;4800;0;0;6000;2400;1620
Q206069219_1;Q206069219_1_6;F;6000;0;0;7200;2400;1900
Q206069219_1;Q206069219_1_7;G;7200;0;0;8400;2400;1900
Q206069219_1;Q206069219_1_8;H;8400;0;0;9600;2400;2500
Q206069219_1;Q206069219_1_9;I;9600;0;0;10800;2400;2500
Q206069219_1;Q206069219_1_10;J;10800;0;0;12000;2400;2500
P205069217;P205069217_1;A;0;0;0;1200;2400;2500
P205069217;P205069217_2;B;1200;0;0;2400;2400;2500
P205069217;P205069217_3;C;2400;0;0;3600;2400;2500
P205069217;P205069217_4;D;3600;0;0;4800;2400;2500
P205069217;P205069217_5;E;4800;0;0;6000;2400;2500
P205069217;P205069217_6;F;6000;0;0;7200;2400;2500
P205069217;P205069217_7;G;7200;0;0;8400;2400;2500
P205069217;P205069217_8;H;8400;0;0;9600;2400;2730
P205069217;P205069217_9;I;9600;0;0;10800;2400;2500
P205069217;P205069217_10;J;10800;0;0;12000;2400;2500
P205069217;P205069217_11;K;12000;0;0;13200;2400;2500
P205069215;P205069215_1;A;0;0;0;1200;2400;1900
P205069215;P205069215_2;B;1200;0;0;2400;2400;2500
P205069215;P205069215_3;C;2400;0;0;3600;2400;2500
P205069215;P205069215_4;D;3600;0;0;4800;2400;2500
P205069215;P205069215_5;E;4800;0;0;6000;2400;1900
P205069215;P205069215_6;F;6000;0;0;7200;2400;1900
P205069215;P205069215_7;G;7200;0;0;8400;2400;2000
P205069215;P205069215_8;H;8400;1240;0;10200;2440;2400
P205069215;P205069215_9;I;8400;0;0;10800;1200;1800
P205069215;P205069215_10;J;10200;1240;0;12600;2440;1620
P205069215;P205069215_11;K;10800;0;0;13200;1200;1620
P205069211;P205069211_1;A;0;0;0;1200;2400;1620
P205069211;P205069211_2;B;1200;0;0;2400;2400;2500
P205069211;P205069211_3;C;2400;0;0;3600;2400;2500
P205069211;P205069211_4;D;3600;0;0;4800;2400;2500
P205069211;P205069211_5;E;4800;0;0;6000;2400;2500
P205069211;P205069211_6;F;6000;0;0;7200;2400;2500
P205069211;P205069211_7;G;7200;0;0;8400;2400;2000
P205069211;P205069211_8;H;8400;0;0;9600;2400;1900
P205069211;P205069211_9;I;9600;0;0;10800;2400;2500
P205069211;P205069211_10;J;10800;0;0;12000;2400;2500
P205069211;P205069211_11;K;12000;0;0;13200;2400;2500
P205069207;P205069207_1;A;0;0;0;1200;2400;1620
P205069207;P205069207_2;B;1200;0;0;2400;2400;2500
P205069207;P205069207_3;C;2400;0;0;3600;2400;2500
P205069207;P205069207_4;D;3600;0;0;4800;2400;2500
P205069207;P205069207_5;E;4800;0;0;6000;2400;2500
P205069207;P205069207_6;F;6000;0;0;7200;2400;2500
P205069207;P205069207_7;G;7200;0;0;8400;2400;2500
P205069207;P205069207_8;H;8400;0;0;9600;2400;2500
P205069207;P205069207_9;I;9600;0;0;10800;2400;2500
P205069207;P205069207_10;J;10800;0;0;12000;2400;2855
P205069207;P205069207_11;K;12000;0;0;13200;2400;2500
P205069307;P205069307_1;A;0;0;0;1200;2400;1900
P205069307;P205069307_2;B;1200;0;0;2400;2400;1900
P205069307;P205069307_3;C;2400;0;0;3600;2400;1900
P205069307;P205069307_4;D;3600;0;0;4800;2400;2500
P205069307;P205069307_5;E;4800;0;0;6000;2400;2500
P205069307;P205069307_6;F;6000;0;0;7200;2400;2500
P205069307;P205069307_7;G;7200;0;0;8400;2400;2500
P205069307;P205069307_8;H;8400;0;0;9600;2400;2500
P205069307;P205069307_9;I;9600;0;0;10800;2400;2500
P205069307;P205069307_10;J;10800;0;0;12000;2400;1900
P205069307;P205069307_11;K;12000;0;0;13200;2400;2500
P205069305;P205069305_1;A;0;0;0;1200;2400;2500
P205069305;P205069305_2;B;1200;0;0;2400;2400;2500
P205069305;P205069305_3;C;2400;0;0;3600;2400;2500
P205069305;P205069305_4;D;3600;0;0;4800;2400;2855
P205069305;P205069305_5;E;4800;0;0;6000;2400;2855
P205069305;P205069305_6;F;6000;0;0;7200;2400;2855
P205069305;P205069305_7;G;7200;0;0;8400;2400;2855
P205069305;P205069305_8;H;8400;0;0;9600;2400;2500
P205069305;P205069305_9;I;9600;0;0;10800;2400;2500
P205069305;P205069305_10;J;10800;0;0;12000;2400;2500
P205069305;P205069305_11;K;12000;0;0;13200;2400;2500
Q205069305_1;Q205069305_1_1;A;0;0;0;1200;2400;2500
Q205069305_1;Q205069305_1_2;B;1200;0;0;2400;2400;2500
Q205069305_1;Q205069305_1_3;C;2400;0;0;3600;2400;2500
Q205069305_1;Q205069305_1_4;D;3600;0;0;4800;2400;2500
Q205069305_1;Q205069305_1_5;E;4800;0;0;6000;2400;2500
Q205069305_1;Q205069305_1_6;F;6000;0;0;7200;2400;2500
Q205069305_1;Q205069305_1_7;G;7200;0;0;8400;2400;2500
Q205069305_1;Q205069305_1_8;H;8400;0;0;9600;2400;2500
Q205069305_1;Q205069305_1_9;I;9600;0;0;10800;2400;2500
Q205069305_1;Q205069305_1_10;J;10800;0;0;12000;2400;2500
Q205069305_1;Q205069305_1_11;K;12000;0;0;13200;2400;2500
P205069203;P205069203_1;A;0;0;0;1200;2400;1620
P205069203;P205069203_2;B;1200;0;0;2400;2400;1620
P205069203;P205069203_3;C;2400;0;0;3600;2400;1620
P205069203;P205069203_4;D;3600;0;0;4800;2400;1620
P205069203;P205069203_5;E;4800;0;0;6000;2400;2000
P205069203;P205069203_6;F;6000;0;0;7200;2400;2500
P205069203;P205069203_7;G;7200;0;0;8400;2400;1800
P205069203;P205069203_8;H;8400;0;0;9600;2400;2000
P205069203;P205069203_9;I;9600;0;0;10800;2400;1900
P205069203;P205069203_10;J;10800;0;0;12000;2400;1900
P205069203;P205069203_11;K;12000;0;0;13200;2400;1620
Q205069203_1;Q205069203_1_1;A;0;0;0;1200;2400;1620
Q205069203_1;Q205069203_1_2;B;1200;0;0;2400;2400;1620
Q205069203_1;Q205069203_1_3;C;2400;0;0;3600;2400;2500
Q205069203_1;Q205069203_1_4;D;3600;0;0;4800;2400;2500
Q205069203_1;Q205069203_1_5;E;4800;0;0;6000;2400;2500
Q205069203_1;Q205069203_1_6;F;6000;0;0;7200;2400;2500
Q205069203_1;Q205069203_1_7;G;7200;0;0;8400;2400;2500
Q205069203_1;Q205069203_1_8;H;8400;0;0;9600;2400;2500
Q205069203_1;Q205069203_1_9;I;9600;0;0;10800;2400;1900
Q205069203_1;Q205069203_1_10;J;10800;0;0;12000;2400;2500
Q205069203_1;Q205069203_1_11;K;12000;0;0;13200;2400;2500
P205069201;P205069201_1;A;0;0;0;1200;2400;2500
P205069201;P205069201_2;B;1200;0;0;2400;2400;2500
P205069201;P205069201_3;C;2400;0;0;3600;2400;2500
P205069201;P205069201_4;D;3600;0;0;4800;2400;2500
P205069201;P205069201_5;E;4800;0;0;6000;2400;2500
P205069201;P205069201_6;F;6000;0;0;7200;2400;2500
P205069201;P205069201_7;G;7200;0;0;8400;2400;2500
P205069201;P205069201_8;H;8400;0;0;9600;2400;2000
P205069201;P205069201_9;I;9600;0;0;10800;2400;1900
P205069201;P205069201_10;J;10800;1240;0;12600;2440;2400
P205069201;P205069201_11;K;10800;0;0;13200;1200;1620
Q205069201_1;Q205069201_1_1;A;0;0;0;1200;2400;1620
Q205069201_1;Q205069201_1_2;B;1200;0;0;2400;2400;1620
Q205069201_1;Q205069201_1_3;C;2400;0;0;3600;2400;2500
Q205069201_1;Q205069201_1_4;D;3600;0;0;4800;2400;2500
Q205069201_1;Q205069201_1_5;E;4800;0;0;6000;2400;2500
Q205069201_1;Q205069201_1_6;F;6000;0;0;7200;2400;2500
Q205069201_1;Q205069201_1_7;G;7200;0;0;8400;2400;2500
Q205069201_1;Q205069201_1_8;H;8400;0;0;9600;2400;2500
Q205069201_1;Q205069201_1_9;I;9600;0;0;10800;2400;2500
Q205069201_1;Q205069201_1_10;J;10800;0;0;12000;2400;1900
Q205069201_1;Q205069201_1_11;K;12000;0;0;13200;2400;2000
Q205069201_2;Q205069201_2_1;A;0;0;0;1200;2400;1620
Q205069201_2;Q205069201_2_2;B;1200;0;0;2400;2400;1620
P180060615;P180060615_1;A;0;1240;0;3200;2440;2935
P180060615;P180060615_2;B;0;0;0;2400;1200;2935
P180060615;P180060615_3;C;2400;0;0;4200;1200;2935
P180060615;P180060615_4;D;3200;1240;0;5600;2440;2835
P180060615;P180060615_5;E;4200;0;0;6600;1200;2835
P180060615;P180060615_6;F;5600;1240;0;7200;2440;2700
P180060615;P180060615_7;G;6600;0;0;8200;1200;2700
P180060615;P180060615_8;H;7200;1240;0;9800;2440;2935
P180060615;P180060615_9;I;8200;0;0;11400;1200;2935
P180060615;P180060615_10;J;9800;1240;0;13000;2440;2935
P180060615;P180060615_11;K;11400;0;0;13200;1200;2935
P180060609;P180060609_1;A;0;0;0;1600;1200;2700
P180060609;P180060609_2;B;0;1240;0;1000;2440;2700
P180060609;P180060609_3;C;1000;1240;0;2600;2440;2700
P180060609;P180060609_4;D;1600;0;0;4800;1200;2935
P180060609;P180060609_5;E;2600;1240;0;4200;2440;2700
P180060609;P180060609_6;F;4200;1240;0;6800;2440;2935
P180060609;P180060609_7;G;4800;0;0;7200;1200;2935
P180060609;P180060609_8;H;6800;1240;0;8400;2440;2700
P180060609;P180060609_9;I;7200;0;0;9600;1200;2835
P180060609;P180060609_10;J;8400;1240;0;9400;2440;1815
P180060609;P180060609_11;K;9400;1240;0;11000;2440;2700
P180060609;P180060609_12;L;9600;0;0;10170;780;478
P180060609;P180060609_13;M;10170;0;0;13370;1200;2935
P180060609;P180060609_14;N;11000;1240;0;12800;2440;2935
P179060623;P179060623_1;A;0;0;0;2600;1200;2935
P179060623;P179060623_2;B;0;1240;0;3200;2440;2935
P179060623;P179060623_3;C;2600;0;0;5000;1200;2935
P179060623;P179060623_4;D;3200;1240;0;5600;2440;2855
P179060623;P179060623_5;E;5000;0;0;6600;1200;2700
P179060623;P179060623_6;F;5600;1240;0;7200;2440;2700
P179060623;P179060623_7;G;6600;0;0;8200;1200;2700
P179060623;P179060623_8;H;7200;1240;0;8800;2440;2520
P179060623;P179060623_9;I;8200;0;0;11400;1200;2935
P179060623;P179060623_10;J;8800;1240;0;10600;2440;2935
P179060623;P179060623_11;K;10600;1240;0;13200;2440;2935
P179060623;P179060623_12;L;11400;0;0;13000;1200;2700
P179060619;P179060619_1;A;0;0;0;1000;1200;2700
P179060619;P179060619_2;B;0;1240;0;1000;2440;1815
P179060619;P179060619_3;C;1000;1240;0;2600;2440;2700
P179060619;P179060619_4;D;1000;0;0;2600;1200;2700
P179060619;P179060619_5;E;2600;0;0;5200;1200;2935
P179060619;P179060619_6;F;2600;1240;0;5800;2440;2935
P179060619;P179060619_7;G;5200;0;0;6800;1200;2700
P179060619;P179060619_8;H;5800;1240;0;8200;2440;2835
P179060619;P179060619_9;I;6800;0;0;8600;1200;2935
P179060619;P179060619_10;J;8200;1240;0;11400;2440;2935
P179060619;P179060619_11;K;8600;0;0;11800;1200;2935
P179060619;P179060619_12;L;11400;1240;0;13000;2440;2700
P179060619;P179060619_13;M;11800;0;0;13400;1200;2700
P179060605;P179060605_1;A;0;0;0;1200;2400;2420
P179060605;P179060605_2;B;1200;1240;0;4400;2440;2935
P179060605;P179060605_3;C;1200;0;0;4400;1200;2935
P179060605;P179060605_4;D;4400;0;0;6000;1200;2520
P179060605;P179060605_5;E;4400;1240;0;6800;2440;2815
P179060605;P179060605_6;F;6000;0;0;8600;1200;2935
P179060605;P179060605_7;G;6800;1240;0;8600;2440;2935
P179060605;P179060605_8;H;8600;1240;0;10200;2440;2700
P179060605;P179060605_9;I;8600;0;0;9600;1200;2700
P179060605;P179060605_10;J;9600;0;0;11200;1200;2700
P179060605;P179060605_11;K;10200;1240;0;13400;2440;2935
P179060605;P179060605_12;L;11200;0;0;13000;1200;2935
P178060623;P178060623_1;A;0;0;0;3200;1200;2935
P178060623;P178060623_2;B;0;1240;0;3200;2440;2935
P178060623;P178060623_3;C;3200;0;0;4400;2400;2935
P178060623;P178060623_4;D;4400;0;0;7000;1200;2935
P178060623;P178060623_5;E;4400;1240;0;6800;2440;2875
P178060623;P178060623_6;F;6800;1240;0;8400;2440;2700
P178060623;P178060623_7;G;7000;0;0;8600;1200;2700
P178060623;P178060623_8;H;8400;1240;0;10000;2440;2520
P178060623;P178060623_9;I;8600;0;0;9600;1200;2700
P178060623;P178060623_10;J;9600;0;0;11200;1200;2700
P178060623;P178060623_11;K;10000;1240;0;11600;2440;2700
P178060623;P178060623_12;L;11200;0;0;13000;1200;2935
P178060623;P178060623_13;M;11600;1240;0;13200;2440;2700
P178060619;P178060619_1;A;0;0;0;3200;1200;2935
P178060619;P178060619_2;B;0;1240;0;3200;2440;2935
P178060619;P178060619_3;C;3200;1240;0;4200;2440;2700
P178060619;P178060619_4;D;3200;0;0;5800;1200;2935
P178060619;P178060619_5;E;4200;1240;0;7400;2440;2935
P178060619;P178060619_6;F;5800;0;0;8400;1200;2935
P178060619;P178060619_7;G;7400;1240;0;9000;2440;2700
P178060619;P178060619_8;H;8400;0;0;11600;1200;2935
P178060619;P178060619_9;I;9000;1240;0;11400;2440;2875
P178060619;P178060619_10;J;11400;1240;0;13000;2440;2700
P178060619;P178060619_11;K;11600;0;0;13400;1200;2935
P178060609;P178060609_1;A;0;0;0;1200;2400;2420
P178060609;P178060609_2;B;1200;1240;0;2800;2440;2700
P178060609;P178060609_3;C;1200;0;0;4400;1200;2935
P178060609;P178060609_4;D;2800;1240;0;5400;2440;2935
P178060609;P178060609_5;E;4400;0;0;6800;1200;2835
P178060609;P178060609_6;F;5400;1240;0;7000;2440;2700
P178060609;P178060609_7;G;6800;0;0;9200;1200;2875
P178060609;P178060609_8;H;7000;1240;0;8600;2440;2700
P178060609;P178060609_9;I;8600;1240;0;11800;2440;2935
P178060609;P178060609_10;J;9200;0;0;12400;1200;2935
P178060609;P178060609_11;K;11800;1240;0;13400;2440;2700
P178060609;P178060609_12;L;12400;0;0;13400;1200;2700
P178060605;P178060605_1;A;0;0;0;1600;1200;2520
P178060605;P178060605_2;B;0;1240;0;1800;2440;2935
P178060605;P178060605_3;C;1600;0;0;3200;1200;2700
P178060605;P178060605_4;D;1800;1240;0;4200;2440;2420
P178060605;P178060605_5;E;3200;0;0;6400;1200;2935
P178060605;P178060605_6;F;4200;1240;0;6800;2440;2935
P178060605;P178060605_7;G;6400;0;0;8800;1200;2875
P178060605;P178060605_8;H;6800;1240;0;10000;2440;2935
P178060605;P178060605_9;I;8800;0;0;10400;1200;2700
P178060605;P178060605_10;J;10000;1240;0;11800;2440;2935
P178060605;P178060605_11;K;10400;0;0;12000;1200;2700
P178060605;P178060605_12;L;11800;1240;0;13400;2440;2700
P178060605;P178060605_13;M;12000;0;0;13000;1200;930
P177060623;P177060623_1;A;0;0;0;1200;2400;2815
P177060623;P177060623_2;B;1200;0;0;1770;780;909
P177060623;P177060623_3;C;1200;840;0;2400;2440;2700
P177060623;P177060623_4;D;2400;1240;0;4000;2440;2700
P177060623;P177060623_5;E;2400;0;0;5000;1200;2935
P177060623;P177060623_6;F;4000;1240;0;5800;2440;2935
P177060623;P177060623_7;G;5000;0;0;6600;1200;2700
P177060623;P177060623_8;H;5800;1240;0;8400;2440;2935
P177060623;P177060623_9;I;6600;0;0;7600;1200;2700
P177060623;P177060623_10;J;7600;0;0;10200;1200;2935
P177060623;P177060623_11;K;8400;1240;0;10000;2440;2700
P177060623;P177060623_12;L;10000;1240;0;13200;2440;2935
P177060623;P177060623_13;M;10200;0;0;13400;1200;2935
P177060619;P177060619_1;A;0;1240;0;1800;2440;2935
P177060619;P177060619_2;B;0;0;0;2400;1200;2935
P177060619;P177060619_3;C;1800;1240;0;5000;2440;2935
P177060619;P177060619_4;D;2400;0;0;4000;1200;2700
P177060619;P177060619_5;E;4000;0;0;5600;1200;2700
P177060619;P177060619_6;F;5000;1240;0;7400;2440;2835
P177060619;P177060619_7;G;5600;0;0;8800;1200;2935
P177060619;P177060619_8;H;7400;1240;0;9200;2440;1490
P177060619;P177060619_9;I;8800;0;0;12000;1200;2935
P177060619;P177060619_10;J;9200;1240;0;10800;2440;2700
P177060619;P177060619_11;K;10800;1240;0;11800;2440;1815
P177060619;P177060619_12;L;11800;1240;0;13400;2440;2520
P177060619;P177060619_13;M;12000;0;0;12570;780;478
P177060607;P177060607_1;A;0;1240;0;3200;2440;2935
P177060607;P177060607_2;B;0;0;0;1600;1200;2700
P177060607;P177060607_3;C;1600;0;0;4200;1200;2935
P177060607;P177060607_4;D;3200;1240;0;5600;2440;2835
P177060607;P177060607_5;E;4200;0;0;5800;1200;2700
P177060607;P177060607_6;F;5600;1240;0;8000;2440;2855
P177060607;P177060607_7;G;5800;0;0;7400;1200;2700
P177060607;P177060607_8;H;7400;0;0;10600;1200;2935
P177060607;P177060607_9;I;8000;1240;0;9800;2440;2935
P177060607;P177060607_10;J;9800;1240;0;11400;2440;2700
P177060607;P177060607_11;K;10600;0;0;11600;1200;2700
P177060607;P177060607_12;L;11400;1240;0;13000;2440;2700
P177060607;P177060607_13;M;11600;0;0;13400;1200;2935
P175060657;P175060657_1;A;0;0;0;2600;1200;2935
P175060657;P175060657_2;B;0;1240;0;3200;2440;2935
P175060657;P175060657_3;C;2600;0;0;4200;1200;2700
P175060657;P175060657_4;D;3200;1240;0;4800;2440;2700
P175060657;P175060657_5;E;4200;0;0;7400;1200;2935
P175060657;P175060657_6;F;4800;1240;0;8000;2440;2935
P175060657;P175060657_7;G;7400;0;0;9800;1200;2835
P175060657;P175060657_8;H;8000;1240;0;9600;2440;2700
P175060657;P175060657_9;I;9600;1240;0;11400;2440;2935
P175060657;P175060657_10;J;9800;0;0;12200;1200;2935
P175060657;P175060657_11;K;11400;1240;0;13000;2440;2700
P175060657;P175060657_12;L;12200;0;0;13200;1200;2700
P174060619;P174060619_1;A;0;1240;0;1600;2440;2700
P174060619;P174060619_2;B;0;0;0;3200;1200;2935
P174060619;P174060619_3;C;1600;1240;0;4800;2440;2935
P174060619;P174060619_4;D;3200;0;0;4800;1200;2520
P174060619;P174060619_5;E;4800;0;0;6000;2400;2815
P174060619;P174060619_6;F;6000;1240;0;9200;2440;2935
P174060619;P174060619_7;G;6000;0;0;7800;1200;2935
P174060619;P174060619_8;H;7800;0;0;9400;1200;2700
P174060619;P174060619_9;I;9200;1240;0;10200;2440;2700
P174060619;P174060619_10;J;9400;0;0;11800;1200;2835
P174060619;P174060619_11;K;10200;1240;0;13400;2440;2935
P174060619;P174060619_12;L;11800;0;0;13400;1200;2700
P174060609;P174060609_1;A;0;1240;0;3200;2440;2935
P174060609;P174060609_2;B;0;0;0;2600;1200;2935
P174060609;P174060609_3;C;2600;0;0;5800;1200;2935
P174060609;P174060609_4;D;3200;1240;0;6400;2440;2935
P174060609;P174060609_5;E;5800;0;0;9000;1200;2935
P174060609;P174060609_6;F;6400;1240;0;8800;2440;2935
P174060609;P174060609_7;G;8800;1240;0;10600;2440;2935
P174060609;P174060609_8;H;9000;0;0;10800;1200;2935
P174060609;P174060609_9;I;10600;1240;0;12200;2440;2700
P174060609;P174060609_10;J;10800;0;0;12400;1200;2700
P174060609;P174060609_11;K;12200;1240;0;13200;2440;2700
P174060609;P174060609_12;L;12400;0;0;13400;1200;2700
P173060623;P173060623_1;A;0;0;0;1600;1200;2700
P173060623;P173060623_2;B;0;1240;0;1600;2440;2700
P173060623;P173060623_3;C;1600;1240;0;3200;2440;2700
P173060623;P173060623_4;D;1600;0;0;4000;1200;2875
P173060623;P173060623_5;E;3200;1240;0;6400;2440;2935
P173060623;P173060623_6;F;4000;0;0;5600;1200;2700
P173060623;P173060623_7;G;5600;0;0;7200;1200;2520
P173060623;P173060623_8;H;6400;1240;0;8000;2440;2700
P173060623;P173060623_9;I;7200;0;0;10400;1200;2935
P173060623;P173060623_10;J;8000;1240;0;10600;2440;2935
P173060623;P173060623_11;K;10400;0;0;12200;1200;2935
P173060623;P173060623_12;L;10600;1240;0;12200;2440;2700
P173060623;P173060623_13;M;12200;0;0;13400;2400;2835
P173060619;P173060619_1;A;0;1240;0;1600;2440;2700
P173060619;P173060619_2;B;0;0;0;570;780;478
P173060619;P173060619_3;C;570;0;0;3770;1200;2935
P173060619;P173060619_4;D;1600;1240;0;4000;2440;2935
P173060619;P173060619_5;E;3770;0;0;6970;1200;2935
P173060619;P173060619_6;F;4000;1240;0;6600;2440;2935
P173060619;P173060619_7;G;6600;1240;0;8400;2440;2935
P173060619;P173060619_8;H;6970;0;0;10170;1200;2935
P173060619;P173060619_9;I;8400;1240;0;10000;2440;2700
P173060619;P173060619_10;J;10000;1240;0;11600;2440;2700
P173060619;P173060619_11;K;10170;0;0;11770;1200;2520
P173060619;P173060619_12;L;11600;1240;0;13400;2440;2935
P173060619;P173060619_13;M;11770;0;0;13370;1200;2700
P173060615;P173060615_1;A;0;0;0;1200;2400;2815
P173060615;P173060615_2;B;1200;1240;0;2200;2440;2700
P173060615;P173060615_3;C;1200;0;0;4400;1200;2935
P173060615;P173060615_4;D;2200;1240;0;5400;2440;2935
P173060615;P173060615_5;E;4400;0;0;7000;1200;2935
P173060615;P173060615_6;F;5400;1240;0;7800;2440;2935
P173060615;P173060615_7;G;7000;0;0;9600;1200;2935
P173060615;P173060615_8;H;7800;1240;0;11000;2440;2935
P173060615;P173060615_9;I;9600;0;0;12800;1200;2935
P173060615;P173060615_10;J;11000;1240;0;13400;2440;2835
P173060615;P173060615_11;K;12800;0;0;13370;780;478
P172060623;P172060623_1;A;0;1240;0;2600;2440;2935
P172060623;P172060623_2;B;0;0;0;1800;1200;2935
P172060623;P172060623_3;C;1800;0;0;3400;1200;2700
P172060623;P172060623_4;D;2600;1240;0;4200;2440;2700
P172060623;P172060623_5;E;3400;0;0;5000;1200;2700
P172060623;P172060623_6;F;4200;1240;0;5800;2440;2700
P172060623;P172060623_7;G;5000;0;0;6600;1200;2700
P172060623;P172060623_8;H;5800;1240;0;8200;2440;2855
P172060623;P172060623_9;I;6600;0;0;7600;1200;2700
P172060623;P172060623_10;J;7600;0;0;10800;1200;2935
P172060623;P172060623_11;K;8200;1240;0;9800;2440;2700
P172060623;P172060623_12;L;9800;1240;0;11400;2440;2700
P172060623;P172060623_13;M;10800;0;0;13400;1200;2935
P172060623;P172060623_14;N;11400;1240;0;13200;2440;2935
P172060619;P172060619_1;A;0;0;0;3200;1200;2935
P172060619;P172060619_2;B;0;1240;0;1600;2440;2700
P172060619;P172060619_3;C;1600;1240;0;4800;2440;2935
P172060619;P172060619_4;D;3200;0;0;4800;1200;2700
P172060619;P172060619_5;E;4800;1240;0;5800;2440;2700
P172060619;P172060619_6;F;4800;0;0;7200;1200;2420
P172060619;P172060619_7;G;5800;1240;0;9000;2440;2935
P172060619;P172060619_8;H;7200;0;0;9000;1200;2935
P172060619;P172060619_9;I;9000;0;0;10200;2400;2835
P172060619;P172060619_10;J;10200;1240;0;13400;2440;2935
P172060619;P172060619_11;K;10200;0;0;11800;1200;2700
P172060619;P172060619_12;L;11800;0;0;13400;1200;2700
P172060615;P172060615_1;A;0;0;0;2600;1200;2935
P172060615;P172060615_2;B;0;1240;0;1600;2440;2700
P172060615;P172060615_3;C;1600;1660;0;2170;2440;909
P172060615;P172060615_4;D;2170;1240;0;3770;2440;2700
P172060615;P172060615_5;E;2600;0;0;5800;1200;2935
P172060615;P172060615_6;F;3770;1240;0;6970;2440;2935
P172060615;P172060615_7;G;5800;0;0;8400;1200;2935
P172060615;P172060615_8;H;6970;1240;0;9370;2440;2935
P172060615;P172060615_9;I;8400;0;0;11600;1200;2935
P172060615;P172060615_10;J;9370;1240;0;11770;2440;2835
P172060615;P172060615_11;K;11600;0;0;13400;1200;2935
P172060615;P172060615_12;L;11770;1240;0;13370;2440;2700
P172060605;P172060605_1;A;0;1240;0;1800;2440;2935
P172060605;P172060605_2;B;0;0;0;1600;1200;2700
P172060605;P172060605_3;C;1600;0;0;3200;1200;2700
P172060605;P172060605_4;D;1800;1240;0;3400;2440;2520
P172060605;P172060605_5;E;3200;0;0;5600;1200;2855
P172060605;P172060605_6;F;3400;1240;0;5000;2440;2700
P172060605;P172060605_7;G;5000;1240;0;6000;2440;2700
P172060605;P172060605_8;H;5600;0;0;8800;1200;2935
P172060605;P172060605_9;I;6000;1240;0;7600;2440;2700
P172060605;P172060605_10;J;7600;1240;0;9200;2440;2700
P172060605;P172060605_11;K;8800;0;0;9800;1200;2700
P172060605;P172060605_12;L;9200;1240;0;12400;2440;2935
P172060605;P172060605_13;M;9800;0;0;13000;1200;2935
P172060605;P172060605_14;N;12400;1240;0;13400;2440;2700
P171060619;P171060619_1;A;0;0;0;2600;1200;2935
P171060619;P171060619_2;B;0;1240;0;2400;2440;2835
P171060619;P171060619_3;C;2400;1240;0;4000;2440;2700
P171060619;P171060619_4;D;2600;0;0;4400;1200;2935
P171060619;P171060619_5;E;4000;1240;0;6400;2440;2935
P171060619;P171060619_6;F;4400;0;0;6000;1200;2700
P171060619;P171060619_7;G;6000;0;0;9200;1200;2935
P171060619;P171060619_8;H;6400;1240;0;9000;2440;2935
P171060619;P171060619_9;I;9000;1240;0;10600;2440;2700
P171060619;P171060619_10;J;9200;0;0;10800;1200;2700
P171060619;P171060619_11;K;10600;1240;0;12400;2440;2935
P171060619;P171060619_12;L;10800;0;0;13400;1200;2935
P171060619;P171060619_13;M;12400;1240;0;13400;2440;2700
P171060615;P171060615_1;A;0;1240;0;1600;2440;2700
P171060615;P171060615_2;B;0;0;0;1600;1200;2700
P171060615;P171060615_3;C;1600;0;0;2800;2400;2835
P171060615;P171060615_4;D;2800;1240;0;4400;2440;2700
P171060615;P171060615_5;E;2800;0;0;5200;1200;2420
P171060615;P171060615_6;F;4400;1240;0;7600;2440;2935
P171060615;P171060615_7;G;5200;0;0;7000;1200;2935
P171060615;P171060615_8;H;7000;0;0;10200;1200;2935
P171060615;P171060615_9;I;7600;1240;0;9200;2440;2700
P171060615;P171060615_10;J;9200;1240;0;11800;2440;2935
P171060615;P171060615_11;K;10200;0;0;13400;1200;2935
P171060615;P171060615_12;L;11800;1240;0;13400;2440;2700
P171060605;P171060605_1;A;0;0;0;1200;2400;2875
P171060605;P171060605_2;B;1200;0;0;2400;2400;2875
P171060605;P171060605_3;C;2400;1240;0;4000;2440;2700
P171060605;P171060605_4;D;2400;0;0;5000;1200;2935
P171060605;P171060605_5;E;4000;1240;0;7200;2440;2935
P171060605;P171060605_6;F;5000;0;0;8200;1200;2935
P171060605;P171060605_7;G;7200;1240;0;9000;2440;2935
P171060605;P171060605_8;H;8200;0;0;10800;1200;2935
P171060605;P171060605_9;I;9000;1240;0;10600;2440;2700
P171060605;P171060605_10;J;10600;1240;0;12200;2440;2700
P171060605;P171060605_11;K;10800;0;0;12400;1200;2520
P171060605;P171060605_12;L;12200;1240;0;13200;2440;2700
P171060605;P171060605_13;M;12400;0;0;13400;1200;1815
P170060623;P170060623_1;A;0;1240;0;3200;2440;2935
P170060623;P170060623_2;B;0;0;0;1800;1200;2935
P170060623;P170060623_3;C;1800;0;0;4200;1200;2835
P170060623;P170060623_4;D;3200;1240;0;5800;2440;2935
P170060623;P170060623_5;E;4200;0;0;5800;1200;2520
P170060623;P170060623_6;F;5800;0;0;7400;1200;2700
P170060623;P170060623_7;G;5800;1240;0;8200;2440;2875
P170060623;P170060623_8;H;7400;0;0;10600;1200;2935
P170060623;P170060623_9;I;8200;1240;0;11400;2440;2935
P170060623;P170060623_10;J;10600;0;0;13200;1200;2935
P170060623;P170060623_11;K;11400;1240;0;13200;2440;2935
P170060619;P170060619_1;A;0;0;0;1200;2400;2420
P170060619;P170060619_2;B;1200;0;0;4400;1200;2935
P170060619;P170060619_3;C;1200;1240;0;2800;2440;2700
P170060619;P170060619_4;D;2800;1240;0;4400;2440;2700
P170060619;P170060619_5;E;4400;1240;0;6000;2440;2700
P170060619;P170060619_6;F;4400;0;0;6800;1200;2815
P170060619;P170060619_7;G;6000;1240;0;7600;2440;2700
P170060619;P170060619_8;H;6800;0;0;8600;1200;2935
P170060619;P170060619_9;I;7600;1240;0;9200;2440;2700
P170060619;P170060619_10;J;8600;0;0;10200;1200;2700
P170060619;P170060619_11;K;9200;1240;0;11800;2440;2935
P170060619;P170060619_12;L;10200;0;0;13400;1200;2935
P170060619;P170060619_13;M;11800;1240;0;13400;2440;2700
P170060615;P170060615_1;A;0;1240;0;2600;2440;2935
P170060615;P170060615_2;B;0;0;0;1800;1200;2935
P170060615;P170060615_3;C;1800;0;0;5000;1200;2935
P170060615;P170060615_4;D;2600;1240;0;5800;2440;2935
P170060615;P170060615_5;E;5000;0;0;6000;1200;2700
P170060615;P170060615_6;F;5800;1240;0;7400;2440;2700
P170060615;P170060615_7;G;6000;0;0;7600;1200;2700
P170060615;P170060615_8;H;7400;1240;0;9800;2440;2935
P170060615;P170060615_9;I;7600;0;0;10800;1200;2935
P170060615;P170060615_10;J;9800;1240;0;12400;2440;2935
P170060615;P170060615_11;K;10800;0;0;13200;1200;2815
P170060615;P170060615_12;L;12400;1240;0;13400;2440;2700
P170060607;P170060607_1;A;0;0;0;1600;1200;2700
P170060607;P170060607_2;B;0;1240;0;1600;2440;2700
P170060607;P170060607_3;C;1600;1240;0;3400;2440;2935
P170060607;P170060607_4;D;1600;0;0;4800;1200;2935
P170060607;P170060607_5;E;3400;1240;0;5000;2440;2520
P170060607;P170060607_6;F;4800;0;0;7400;1200;2935
P170060607;P170060607_7;G;5000;1240;0;6600;2440;2700
P170060607;P170060607_8;H;6600;1240;0;9800;2440;2935
P170060607;P170060607_9;I;7400;0;0;10600;1200;2935
P170060607;P170060607_10;J;9800;1240;0;11400;2440;2700
P170060607;P170060607_11;K;10600;0;0;12200;1200;2700
P170060607;P170060607_12;L;11400;1240;0;13200;2440;2935
P170060607;P170060607_13;M;12200;0;0;13200;1200;2700
P168060657;P168060657_1;A;0;0;0;1200;2400;2835
P168060657;P168060657_2;B;1200;0;0;2800;1200;2700
P168060657;P168060657_3;C;1200;1240;0;4400;2440;2935
P168060657;P168060657_4;D;2800;0;0;5200;1200;2935
P168060657;P168060657_5;E;4400;1240;0;7600;2440;2935
P168060657;P168060657_6;F;5200;0;0;7800;1200;2935
P168060657;P168060657_7;G;7600;1240;0;9400;2440;2935
P168060657;P168060657_8;H;7800;0;0;10200;1200;2835
P168060657;P168060657_9;I;9400;1240;0;11000;2440;2700
P168060657;P168060657_10;J;10200;0;0;11800;1200;2700
P168060657;P168060657_11;K;11000;1240;0;13400;2440;2875
P168060657;P168060657_12;L;11800;0;0;13400;1200;2700
P167060623;P167060623_1;A;0;0;0;1600;1200;2700
P167060623;P167060623_2;B;0;1240;0;1600;2440;2700
P167060623;P167060623_3;C;1600;1660;0;2170;2440;909
P167060623;P167060623_4;D;1600;0;0;4800;1200;2935
P167060623;P167060623_5;E;2170;1240;0;4570;2440;2420
P167060623;P167060623_6;F;4570;1240;0;7770;2440;2935
P167060623;P167060623_7;G;4800;0;0;6600;1200;2935
P167060623;P167060623_8;H;6600;0;0;8200;1200;2700
P167060623;P167060623_9;I;7770;1240;0;10170;2440;2875
P167060623;P167060623_10;J;8200;0;0;9200;1200;2700
P167060623;P167060623_11;K;9200;0;0;10800;1200;2700
P167060623;P167060623_12;L;10170;1240;0;13370;2440;2935
P167060623;P167060623_13;M;10800;0;0;13400;1200;2935
P167060615;P167060615_1;A;0;1240;0;3200;2440;2935
P167060615;P167060615_2;B;0;0;0;3200;1200;2935
P167060615;P167060615_3;C;3200;0;0;6400;1200;2935
P167060615;P167060615_4;D;3200;1240;0;4800;2440;2520
P167060615;P167060615_5;E;4800;1240;0;7400;2440;2935
P167060615;P167060615_6;F;6400;0;0;9600;1200;2935
P167060615;P167060615_7;G;7400;1240;0;9200;2440;2935
P167060615;P167060615_8;H;9200;1240;0;11800;2440;2935
P167060615;P167060615_9;I;9600;0;0;12200;1200;2935
P167060615;P167060615_10;J;11800;1240;0;13400;2440;2700
P167060615;P167060615_11;K;12200;0;0;13200;1200;2700
P167060609;P167060609_1;A;0;0;0;1200;2400;2835
P167060609;P167060609_2;B;1200;1240;0;2800;2440;2700
P167060609;P167060609_3;C;1200;0;0;3600;1200;2855
P167060609;P167060609_4;D;2800;1240;0;4400;2440;2700
P167060609;P167060609_5;E;3600;0;0;5200;1200;2700
P167060609;P167060609_6;F;4400;1240;0;6000;2440;2700
P167060609;P167060609_7;G;5200;0;0;6800;1200;2700
P167060609;P167060609_8;H;6000;1240;0;7800;2440;2935
P167060609;P167060609_9;I;6800;0;0;8400;1200;2700
P167060609;P167060609_10;J;7800;1240;0;10200;2440;2935
P167060609;P167060609_11;K;8400;0;0;11000;1200;2935
P167060609;P167060609_12;L;10200;1240;0;13400;2440;2935
P167060609;P167060609_13;M;11000;0;0;12000;1200;2700
P167060609;P167060609_14;N;12000;0;0;13000;1200;2700
P167060605;P167060605_1;A;0;0;0;3200;1200;2935
P167060605;P167060605_2;B;0;1240;0;2400;2440;2835
P167060605;P167060605_3;C;2400;1240;0;4200;2440;2935
P167060605;P167060605_4;D;3200;0;0;4800;1200;2700
P167060605;P167060605_5;E;4200;1240;0;5800;2440;2700
P167060605;P167060605_6;F;4800;0;0;6400;1200;2700
P167060605;P167060605_7;G;5800;1240;0;8400;2440;2935
P167060605;P167060605_8;H;6400;0;0;9600;1200;2935
P167060605;P167060605_9;I;8400;1240;0;11600;2440;2935
P167060605;P167060605_10;J;9600;0;0;11200;1200;2700
P167060605;P167060605_11;K;11200;0;0;12800;1200;2700
P167060605;P167060605_12;L;11600;1240;0;13200;2440;2700
P166060623;P166060623_1;A;0;1240;0;1800;2440;2935
P166060623;P166060623_2;B;0;0;0;1600;1200;2520
P166060623;P166060623_3;C;1600;0;0;4000;1200;2420
P166060623;P166060623_4;D;1800;1240;0;4200;2440;2935
P166060623;P166060623_5;E;4000;0;0;6600;1200;2935
P166060623;P166060623_6;F;4200;1240;0;5800;2440;2700
P166060623;P166060623_7;G;5800;1240;0;8200;2440;2815
P166060623;P166060623_8;H;6600;0;0;9800;1200;2935
P166060623;P166060623_9;I;8200;1240;0;9800;2440;2700
P166060623;P166060623_10;J;9800;0;0;13000;1200;2935
P166060623;P166060623_11;K;9800;1240;0;11400;2440;2700
P166060623;P166060623_12;L;11400;1240;0;13000;2440;2700
P166060615;P166060615_1;A;0;1240;0;1000;2440;2700
P166060615;P166060615_2;B;0;0;0;1600;1200;2520
P166060615;P166060615_3;C;1000;1240;0;4200;2440;2935
P166060615;P166060615_4;D;1600;0;0;3400;1200;2935
P166060615;P166060615_5;E;3400;0;0;5800;1200;2935
P166060615;P166060615_6;F;4200;1240;0;5800;2440;2700
P166060615;P166060615_7;G;5800;0;0;9000;1200;2935
P166060615;P166060615_8;H;5800;1240;0;9000;2440;2935
P166060615;P166060615_9;I;9000;1240;0;10600;2440;2700
P166060615;P166060615_10;J;9000;0;0;11400;1200;2835
P166060615;P166060615_11;K;10600;1240;0;13200;2440;2935
P166060615;P166060615_12;L;11400;0;0;13200;1200;2935
P166060609;P166060609_1;A;0;0;0;1200;2400;2420
P166060609;P166060609_2;B;1200;0;0;4400;1200;2935
P166060609;P166060609_3;C;1200;1240;0;3800;2440;2935
P166060609;P166060609_4;D;3800;1240;0;7000;2440;2935
P166060609;P166060609_5;E;4400;0;0;6800;1200;2875
P166060609;P166060609_6;F;6800;0;0;7800;1200;2700
P166060609;P166060609_7;G;7000;1240;0;8600;2440;2700
P166060609;P166060609_8;H;7800;0;0;11000;1200;2935
P166060609;P166060609_9;I;8600;1240;0;10200;2440;2700
P166060609;P166060609_10;J;10200;1240;0;11800;2440;2700
P166060609;P166060609_11;K;11000;0;0;13400;1200;2420
P166060609;P166060609_12;L;11800;1240;0;13400;2440;2700
P166060605;P166060605_1;A;0;0;0;1600;1200;2700
P166060605;P166060605_2;B;0;1240;0;3200;2440;2935
P166060605;P166060605_3;C;1600;0;0;4200;1200;2935
P166060605;P166060605_4;D;3200;1240;0;4800;2440;1815
P166060605;P166060605_5;E;4200;0;0;7400;1200;2935
P166060605;P166060605_6;F;4800;1240;0;7200;2440;955
P166060605;P166060605_7;G;7200;1240;0;8200;2440;930
P166060605;P166060605_8;H;7400;0;0;9200;1200;2935
P166060605;P166060605_9;I;8200;1240;0;9800;2440;1815
P166060605;P166060605_10;J;9200;0;0;10800;1200;1815
P166060605;P166060605_11;K;9800;1240;0;13000;2440;1490
P166060605;P166060605_12;L;10800;0;0;12400;1200;930
P194065823;P194065823_1;A;0;0;0;2100;2400;2935
P194065823;P194065823_2;B;2100;0;0;4200;2400;2935
P194065823;P194065823_3;C;4200;0;0;6300;2400;2935
P194065823;P194065823_4;D;6300;0;0;8400;2400;2935
P194065823;P194065823_5;E;8400;1240;0;10000;2440;2865
P194065823;P194065823_6;F;8400;0;0;10000;1200;2865
P194065823;P194065823_7;G;10000;0;0;12100;2400;2935
P194065823;P194065823_8;H;12100;0;0;13300;1600;2865
P194065817;P194065817_1;A;0;1231;0;1007;2440;2925
P194065817;P194065817_2;B;0;0;0;1000;1200;2865
P194065817;P194065817_3;C;1000;0;0;2007;1209;2925
P194065817;P194065817_4;D;1007;1231;0;2014;2440;2925
P194065817;P194065817_5;E;2007;0;0;3007;1200;2610
P194065817;P194065817_6;F;2014;1240;0;3014;2440;2835
P194065817;P194065817_7;G;3007;0;0;4014;1209;1475
P194065817;P194065817_8;H;3014;1240;0;4014;2440;2835
P194065817;P194065817_9;I;4014;0;0;6114;2400;2935
P194065817;P194065817_10;J;6114;0;0;8214;2400;2935
P194065817;P194065817_11;K;8214;0;0;10314;2400;2935
P194065817;P194065817_12;L;10314;0;0;12414;2400;2935
P194065817;P194065817_13;M;12414;0;0;13414;1200;2835
P194065817;P194065817_14;N;12414;1240;0;13414;2440;1905
P194065815;P194065815_1;A;0;0;0;2100;2400;2935
P194065815;P194065815_2;B;2100;0;0;4200;2400;2935
P194065815;P194065815_3;C;4200;0;0;6300;2400;2935
P194065815;P194065815_4;D;6300;0;0;8400;2400;2935
P194065815;P194065815_5;E;8400;0;0;10500;2400;2935
P194065815;P194065815_6;F;10500;0;0;12100;1200;2865
P194065815;P194065815_7;G;10500;1240;0;12100;2440;2865
P194065815;P194065815_8;H;12100;0;0;13300;1600;2865
P194065821;P194065821_1;A;0;1240;0;1000;2440;2865
P194065821;P194065821_2;B;0;0;0;1000;1200;2865
P194065821;P194065821_3;C;1000;0;0;2000;1200;2865
P194065821;P194065821_4;D;1000;1240;0;2600;2440;2865
P194065821;P194065821_5;E;2000;0;0;3600;1200;2865
P194065821;P194065821_6;F;2600;1240;0;4200;2440;2865
P194065821;P194065821_7;G;3600;0;0;5200;1200;2865
P194065821;P194065821_8;H;4200;1240;0;5800;2440;2865
P194065821;P194065821_9;I;5200;0;0;6800;1200;2865
P194065821;P194065821_10;J;5800;1240;0;7400;2440;2865
P194065821;P194065821_11;K;6800;0;0;8400;1200;2865
P194065821;P194065821_12;L;7400;1240;0;9000;2440;2865
P194065821;P194065821_13;M;8400;0;0;10000;1200;2865
P194065821;P194065821_14;N;9000;1240;0;10600;2440;2865
P194065821;P194065821_15;O;10000;0;0;11600;1200;2865
P194065821;P194065821_16;P;10600;1240;0;12200;2440;2865
P194065821;P194065821_17;Q;11600;0;0;13200;1200;2865
P194065821;P194065821_18;R;12200;1240;0;13200;2440;2865
P194065813;P194065813_1;A;0;0;0;1600;1200;2865
P194065813;P194065813_2;B;0;1240;0;1600;2440;2865
P194065813;P194065813_3;C;1600;0;0;3700;2400;2935
P194065813;P194065813_4;D;3700;0;0;5800;2400;2935
P194065813;P194065813_5;E;5800;0;0;7900;2400;2935
P194065813;P194065813_6;F;7900;0;0;10000;2400;2935
P194065813;P194065813_7;G;10000;0;0;12100;2400;2935
P194065813;P194065813_8;H;12100;0;0;13300;1000;2835
P194065813;P194065813_9;I;12100;1433;0;13309;2440;2925
P194065807;P194065807_1;A;0;0;0;2100;2400;2935
P194065807;P194065807_2;B;2100;1240;0;3700;2440;2865
P194065807;P194065807_3;C;2100;0;0;3100;1200;2865
P194065807;P194065807_4;D;3100;0;0;4700;1200;2865
P194065807;P194065807_5;E;3700;1231;0;4707;2440;2925
P194065807;P194065807_6;F;4700;0;0;6300;1200;2865
P194065807;P194065807_7;G;4707;1240;0;5707;2440;2835
P194065807;P194065807_8;H;5707;1240;0;7307;2440;2865
P194065807;P194065807_9;I;6300;0;0;7900;1200;2865
P194065807;P194065807_10;J;7307;1240;0;8907;2440;2865
P194065807;P194065807_11;K;7900;0;0;8907;1209;2925
P194065807;P194065807_12;L;8907;0;0;11007;2400;2935
P194065807;P194065807_13;M;11007;0;0;13107;2400;2935
Q194065807_1;Q194065807_1_1;A;0;0;0;2100;2400;2935
Q194065807_1;Q194065807_1_2;B;2100;1240;0;3100;2440;2835
Q194065807_1;Q194065807_1_3;C;2100;0;0;3100;1200;2835
Q194065807_1;Q194065807_1_4;D;3100;0;0;5200;2400;2935
Q194065807_1;Q194065807_1_5;E;5200;0;0;7300;2400;2935
Q194065807_1;Q194065807_1_6;F;7300;0;0;9400;2400;2935
Q194065807_1;Q194065807_1_7;G;9400;0;0;11500;2400;2935
Q194065807_1;Q194065807_1_8;H;11500;0;0;12500;1200;2835
Q194065807_1;Q194065807_1_9;I;11500;1240;0;13100;2440;2865
Q194065807_1;Q194065807_1_10;J;12500;0;0;13500;1200;2835
Q194065807_2;Q194065807_2_1;A;0;0;0;2100;2400;2935
Q194065807_2;Q194065807_2_2;B;2100;0;0;4200;2400;2935
Q194065807_2;Q194065807_2_3;C;4200;0;0;6300;2400;2935
Q194065807_2;Q194065807_2_4;D;6300;0;0;8400;2400;2935
Q194065807_2;Q194065807_2_5;E;8400;1231;0;9407;2440;2925
Q194065807_2;Q194065807_2_6;F;8400;0;0;10000;1200;2865
Q194065807_2;Q194065807_2_7;G;9407;1240;0;11007;2440;2865
Q194065807_2;Q194065807_2_8;H;10000;0;0;11007;1209;2200
Q194065807_2;Q194065807_2_9;I;11007;0;0;13107;2400;2935
P194065801;P194065801_1;A;0;0;0;2100;2400;2935
P194065801;P194065801_2;B;2100;0;0;4200;2400;2935
P194065801;P194065801_3;C;4200;0;0;6300;2400;2935
P194065801;P194065801_4;D;6300;0;0;8400;2400;2935
P194065801;P194065801_5;E;8400;0;0;10500;2400;2935
P194065801;P194065801_6;F;10500;1240;0;12100;2440;2865
P194065801;P194065801_7;G;10500;0;0;11500;1200;2385
P194065801;P194065801_8;H;11500;0;0;13100;1200;2865
P194065801;P194065801_9;I;12100;1240;0;13100;2440;1905
P194065811;P194065811_1;A;0;0;0;2100;2400;2935
P194065811;P194065811_2;B;2100;0;0;4200;2400;2935
P194065811;P194065811_3;C;4200;0;0;6300;2400;2935
P194065811;P194065811_4;D;6300;0;0;8400;2400;2935
P194065811;P194065811_5;E;8400;0;0;9407;1209;2925
P194065811;P194065811_6;F;8400;1240;0;10000;2440;2865
P194065811;P194065811_7;G;9407;0;0;10414;1209;2925
P194065811;P194065811_8;H;10000;1240;0;11600;2440;2865
P194065811;P194065811_9;I;10414;0;0;12014;1200;2865
P194065811;P194065811_10;J;11600;1240;0;13200;2440;2865
P194065811;P194065811_11;K;12014;0;0;13014;1200;2835
P194065831;P194065831_1;A;0;1234;0;1010;2440;2895
P194065831;P194065831_2;B;0;0;0;1010;1206;2953
P194065831;P194065831_3;C;1010;0;0;2020;1206;2906
P194065831;P194065831_4;D;1010;1240;0;2010;2440;975
P194065831;P194065831_5;E;2010;1240;0;3010;2440;445
P194065831;P194065831_6;F;2020;0;0;3030;1206;2540
P194065831;P194065831_7;G;3010;1234;0;4020;2440;2655
P194065831;P194065831_8;H;3030;0;0;4040;1206;2648
P194065831;P194065831_9;I;4020;1234;0;5030;2440;2362
P194065831;P194065831_10;J;4040;0;0;5050;1206;2946
P194065831;P194065831_11;K;5030;1234;0;6040;2440;2840
P194065831;P194065831_12;L;5050;0;0;6060;1206;1470
P194065831;P194065831_13;M;6040;1240;0;7640;2440;2865
P194065831;P194065831_14;N;6060;0;0;7060;1200;2385
P194065831;P194065831_15;O;7060;0;0;8060;1200;2610
P194065831;P194065831_16;P;7640;1240;0;9240;2440;2865
P194065831;P194065831_17;Q;8060;0;0;9060;1200;2865
P194065831;P194065831_18;R;9060;0;0;10660;1200;2865
P194065831;P194065831_19;S;9240;1240;0;10840;2440;2865
P194065831;P194065831_20;T;10660;0;0;12260;1200;2865
P194065831;P194065831_21;U;10840;1240;0;12440;2440;2865
P194065831;P194065831_22;V;12260;0;0;13260;1200;2865
P194065831;P194065831_23;W;12440;1240;0;13440;2440;2865
P193065825;P193065825_1;A;0;0;0;1600;1200;2865
P193065825;P193065825_2;B;0;1240;0;1600;2440;2865
P193065825;P193065825_3;C;1600;1231;0;2607;2440;2925
P193065825;P193065825_4;D;1600;0;0;2600;1200;2835
P193065825;P193065825_5;E;2600;0;0;3600;1200;2610
P193065825;P193065825_6;F;2607;1240;0;3607;2440;2385
P193065825;P193065825_7;G;3600;0;0;4607;1209;2200
P193065825;P193065825_8;H;3607;1240;0;4607;2440;2610
P193065825;P193065825_9;I;4607;0;0;6707;2400;2935
P193065825;P193065825_10;J;6707;0;0;8807;2400;2935
P193065825;P193065825_11;K;8807;0;0;10907;2400;2935
P193065825;P193065825_12;L;10907;0;0;13007;2400;2935
P193065823;P193065823_1;A;0;0;0;2100;2400;2935
P193065823;P193065823_2;B;2100;0;0;4200;2400;2935
P193065823;P193065823_3;C;4200;0;0;6300;2400;2935
P193065823;P193065823_4;D;6300;0;0;8400;2400;2935
P193065823;P193065823_5;E;8400;0;0;10500;2400;2935
P193065823;P193065823_6;F;10500;0;0;12600;2400;2935
P193065817;P193065817_1;A;0;0;0;2100;2400;2935
P193065817;P193065817_2;B;2100;0;0;4200;2400;2935
P193065817;P193065817_3;C;4200;0;0;6300;2400;2935
P193065817;P193065817_4;D;6300;0;0;8400;2400;2935
P193065817;P193065817_5;E;8400;0;0;10500;2400;2935
P193065817;P193065817_6;F;10500;1240;0;12100;2440;2865
P193065817;P193065817_7;G;10500;0;0;11500;1200;2835
P193065817;P193065817_8;H;11500;0;0;13100;1200;2865
P193065817;P193065817_9;I;12100;1231;0;13107;2440;2925
Q193065817_1;Q193065817_1_1;A;0;0;0;2100;2400;2935
Q193065817_1;Q193065817_1_2;B;2100;0;0;4200;2400;2935
Q193065817_1;Q193065817_1_3;C;4200;0;0;6300;2400;2935
Q193065817_1;Q193065817_1_4;D;6300;0;0;8400;2400;2935
Q193065817_1;Q193065817_1_5;E;8400;0;0;10500;2400;2935
Q193065817_1;Q193065817_1_6;F;10500;0;0;12100;1200;2865
Q193065817_1;Q193065817_1_7;G;10500;1240;0;12100;2440;2865
Q193065817_1;Q193065817_1_8;H;12100;1433;0;13309;2440;2200
Q193065817_1;Q193065817_1_9;I;12100;0;0;13300;1000;2385
P193065815;P193065815_1;A;0;0;0;2100;2400;2935
P193065815;P193065815_2;B;2100;0;0;3700;1200;2865
P193065815;P193065815_3;C;2100;1240;0;3100;2440;2835
P193065815;P193065815_4;D;3100;1240;0;4700;2440;2865
P193065815;P193065815_5;E;3700;0;0;4700;1200;2835
P193065815;P193065815_6;F;4700;0;0;6800;2400;2935
P193065815;P193065815_7;G;6800;0;0;8900;2400;2935
P193065815;P193065815_8;H;8900;0;0;11000;2400;2935
P193065815;P193065815_9;I;11000;0;0;12600;1200;2865
P193065815;P193065815_10;J;11000;1240;0;12600;2440;2865
P193065821;P193065821_1;A;0;0;0;1600;1200;2865
P193065821;P193065821_2;B;0;1240;0;1600;2440;2865
P193065821;P193065821_3;C;1600;1240;0;3200;2440;2865
P193065821;P193065821_4;D;1600;0;0;3200;1200;2865
P193065821;P193065821_5;E;3200;0;0;4800;1200;2865
P193065821;P193065821_6;F;3200;1240;0;4800;2440;2865
P193065821;P193065821_7;G;4800;1240;0;6400;2440;2865
P193065821;P193065821_8;H;4800;0;0;5800;1200;2865
P193065821;P193065821_9;I;5800;0;0;6800;1200;2865
P193065821;P193065821_10;J;6400;1240;0;8000;2440;2865
P193065821;P193065821_11;K;6800;0;0;7800;1200;2385
P193065821;P193065821_12;L;7800;0;0;9400;1200;2865
P193065821;P193065821_13;M;8000;1240;0;9600;2440;2865
P193065821;P193065821_14;N;9400;0;0;11000;1200;2865
P193065821;P193065821_15;O;9600;1240;0;11200;2440;2865
P193065821;P193065821_16;P;11000;0;0;12600;1200;2865
P193065821;P193065821_17;Q;11200;1240;0;12800;2440;2160
P193065813;P193065813_1;A;0;1231;0;1007;2440;2925
P193065813;P193065813_2;B;0;0;0;1000;1200;2610
P193065813;P193065813_3;C;1000;0;0;2007;1209;2925
P193065813;P193065813_4;D;1007;1240;0;2007;2440;2610
P193065813;P193065813_5;E;2007;0;0;4107;2400;2935
P193065813;P193065813_6;F;4107;0;0;6207;2400;2935
P193065813;P193065813_7;G;6207;0;0;8307;2400;2935
P193065813;P193065813_8;H;8307;0;0;10407;2400;2935
P193065813;P193065813_9;I;10407;0;0;12507;2400;2935
P193065807;P193065807_1;A;0;0;0;2100;2400;2935
P193065807;P193065807_2;B;2100;0;0;4200;2400;2935
P193065807;P193065807_3;C;4200;0;0;6300;2400;2935
P193065807;P193065807_4;D;6300;0;0;7900;1200;2865
P193065807;P193065807_5;E;6300;1240;0;7300;2440;2610
P193065807;P193065807_6;F;7300;1240;0;8900;2440;2865
P193065807;P193065807_7;G;7900;0;0;9500;1200;2865
P193065807;P193065807_8;H;8900;1240;0;10500;2440;2865
P193065807;P193065807_9;I;9500;0;0;11100;1200;2865
P193065807;P193065807_10;J;10500;1240;0;12100;2440;2865
P193065807;P193065807_11;K;11100;0;0;12100;1200;2835
P193065807;P193065807_12;L;12100;1440;0;13300;2440;2610
P193065807;P193065807_13;M;12100;0;0;13309;1007;2925
P193065801;P193065801_1;A;0;0;0;1000;1200;2610
P193065801;P193065801_2;B;0;1231;0;1007;2440;2200
P193065801;P193065801_3;C;1000;0;0;2600;1200;2865
P193065801;P193065801_4;D;1007;1240;0;2607;2440;2865
P193065801;P193065801_5;E;2607;0;0;4707;2400;2935
P193065801;P193065801_6;F;4707;0;0;6807;2400;2935
P193065801;P193065801_7;G;6807;0;0;8907;2400;2935
P193065801;P193065801_8;H;8907;0;0;11007;2400;2935
P193065801;P193065801_9;I;11007;0;0;13107;2400;2935
P193065811;P193065811_1;A;0;0;0;2100;2400;2935
P193065811;P193065811_2;B;2100;0;0;4200;2400;2935
P193065811;P193065811_3;C;4200;0;0;6300;2400;2935
P193065811;P193065811_4;D;6300;0;0;8400;2400;2935
P193065811;P193065811_5;E;8400;0;0;10500;2400;2935
P193065811;P193065811_6;F;10500;1240;0;11500;2440;2835
P193065811;P193065811_7;G;10500;0;0;12100;1200;2865
P193065811;P193065811_8;H;11500;1240;0;13100;2440;2865
P193065811;P193065811_9;I;12100;0;0;13107;1209;2925
P192065825;P192065825_1;A;0;0;0;2100;2400;2935
P192065825;P192065825_2;B;2100;0;0;4200;2400;2935
P192065825;P192065825_3;C;4200;0;0;6300;2400;2935
P192065825;P192065825_4;D;6300;0;0;8400;2400;2935
P192065825;P192065825_5;E;8400;0;0;10500;2400;2935
P192065825;P192065825_6;F;10500;1240;0;12100;2440;2865
P192065825;P192065825_7;G;10500;0;0;11500;1200;2835
P192065825;P192065825_8;H;11500;0;0;12500;1200;2160
P192065825;P192065825_9;I;12100;1231;0;13107;2440;2925
P192065825;P192065825_10;J;12500;0;0;13500;1200;2835
P192065823;P192065823_1;A;0;0;0;2100;2400;2935
P192065823;P192065823_2;B;2100;0;0;4200;2400;2935
P192065823;P192065823_3;C;4200;0;0;6300;2400;2935
P192065823;P192065823_4;D;6300;0;0;8400;2400;2935
P192065823;P192065823_5;E;8400;0;0;10500;2400;2935
P192065823;P192065823_6;F;10500;1240;0;11500;2440;2835
P192065823;P192065823_7;G;10500;0;0;12100;1200;2865
P192065823;P192065823_8;H;11500;1240;0;13100;2440;2865
P192065823;P192065823_9;I;12100;0;0;13107;1209;2925
P192065817;P192065817_1;A;0;1240;0;1600;2440;2865
P192065817;P192065817_2;B;0;0;0;1600;1200;2865
P192065817;P192065817_3;C;1600;0;0;3700;2400;2935
P192065817;P192065817_4;D;3700;0;0;5800;2400;2935
P192065817;P192065817_5;E;5800;0;0;7900;2400;2935
P192065817;P192065817_6;F;7900;0;0;10000;2400;2935
P192065817;P192065817_7;G;10000;0;0;12100;2400;2935
P192065817;P192065817_8;H;12100;1440;0;13300;2440;2835
P192065817;P192065817_9;I;12100;0;0;13309;1007;2925
P192065815;P192065815_1;A;0;0;0;2100;2400;2935
P192065815;P192065815_2;B;2100;1240;0;3700;2440;2865
P192065815;P192065815_3;C;2100;0;0;3100;1200;2385
P192065815;P192065815_4;D;3100;0;0;4100;1200;2835
P192065815;P192065815_5;E;3700;1240;0;4700;2440;2385
P192065815;P192065815_6;F;4100;0;0;5107;1209;2925
P192065815;P192065815_7;G;4700;1240;0;6300;2440;2865
P192065815;P192065815_8;H;5107;0;0;6707;1200;2865
P192065815;P192065815_9;I;6300;1240;0;7900;2440;2865
P192065815;P192065815_10;J;7900;0;0;10000;2400;2935
P192065815;P192065815_11;K;10000;0;0;12100;2400;2935
P192065821;P192065821_1;A;0;0;0;1600;1200;2865
P192065821;P192065821_2;B;0;1240;0;1600;2440;2865
P192065821;P192065821_3;C;1600;1240;0;3200;2440;2865
P192065821;P192065821_4;D;1600;0;0;3200;1200;2865
P192065821;P192065821_5;E;3200;0;0;4800;1200;2865
P192065821;P192065821_6;F;3200;1240;0;4800;2440;2865
P192065821;P192065821_7;G;4800;1240;0;6400;2440;2865
P192065821;P192065821_8;H;4800;0;0;6400;1200;2865
P192065821;P192065821_9;I;6400;0;0;8000;1200;2865
P192065821;P192065821_10;J;6400;1240;0;8000;2440;2865
P192065821;P192065821_11;K;8000;1240;0;9600;2440;2865
P192065821;P192065821_12;L;8000;0;0;9600;1200;2865
P192065821;P192065821_13;M;9600;0;0;11200;1200;2865
P192065821;P192065821_14;N;9600;1240;0;11200;2440;2865
P192065821;P192065821_15;O;11200;1240;0;12200;2440;2865
P192065821;P192065821_16;P;11200;0;0;12200;1200;2865
P192065821;P192065821_17;Q;12200;0;0;13400;1000;2865
P192065821;P192065821_18;R;12200;1440;0;13400;2440;2865
P192065813;P192065813_1;A;0;0;0;2100;2400;2935
P192065813;P192065813_2;B;2100;0;0;4200;2400;2935
P192065813;P192065813_3;C;4200;0;0;6300;2400;2935
P192065813;P192065813_4;D;6300;0;0;8400;2400;2935
P192065813;P192065813_5;E;8400;0;0;10500;2400;2935
P192065813;P192065813_6;F;10500;0;0;12600;2400;2935
P192065807;P192065807_1;A;0;0;0;2100;2400;2935
P192065807;P192065807_2;B;2100;0;0;3107;1209;2925
P192065807;P192065807_3;C;2100;1240;0;3100;2440;2835
P192065807;P192065807_4;D;3100;1240;0;4700;2440;2865
P192065807;P192065807_5;E;3107;0;0;4707;1200;2865
P192065807;P192065807_6;F;4700;1231;0;5707;2440;2925
P192065807;P192065807_7;G;4707;0;0;5707;1200;2610
P192065807;P192065807_8;H;5707;0;0;7807;2400;2935
P192065807;P192065807_9;I;7807;0;0;9907;2400;2935
P192065807;P192065807_10;J;9907;0;0;12007;2400;2935
P192065807;P192065807_11;K;12007;0;0;13207;1000;2835
P192065807;P192065807_12;L;12007;1240;0;13007;2440;2610
P192065801;P192065801_1;A;0;0;0;2100;2400;2935
P192065801;P192065801_2;B;2100;0;0;4200;2400;2935
P192065801;P192065801_3;C;4200;0;0;6300;2400;2935
P192065801;P192065801_4;D;6300;0;0;8400;2400;2935
P192065801;P192065801_5;E;8400;0;0;10500;2400;2935
P192065801;P192065801_6;F;10500;1240;0;12100;2440;2865
P192065801;P192065801_7;G;10500;0;0;12100;1200;2865
P192065801;P192065801_8;H;12100;0;0;13309;1007;2925
P192065801;P192065801_9;I;12100;1440;0;13300;2440;2610
P192065811;P192065811_1;A;0;1240;0;1600;2440;2865
P192065811;P192065811_2;B;0;0;0;1007;1209;2925
P192065811;P192065811_3;C;1007;0;0;2607;1200;2865
P192065811;P192065811_4;D;1600;1240;0;2600;2440;2610
P192065811;P192065811_5;E;2600;1231;0;3607;2440;2925
P192065811;P192065811_6;F;2607;0;0;3607;1200;2835
P192065811;P192065811_7;G;3607;0;0;5707;2400;2935
P192065811;P192065811_8;H;5707;0;0;7807;2400;2935
P192065811;P192065811_9;I;7807;0;0;9907;2400;2935
P192065811;P192065811_10;J;9907;0;0;12007;2400;2935
P192065811;P192065811_11;K;12007;0;0;13207;1000;1680
P192065831;P192065831_1;A;0;1234;0;1010;2440;2548
P192065831;P192065831_2;B;0;0;0;1010;1206;2551
P192065831;P192065831_3;C;1010;0;0;2020;1206;2623
P192065831;P192065831_4;D;1010;1234;0;2020;2440;2710
P192065831;P192065831_5;E;2020;1234;0;3030;2440;2651
P192065831;P192065831_6;F;2020;0;0;3030;1206;2170
P192065831;P192065831_7;G;3030;0;0;4040;1206;1566
P192065831;P192065831_8;H;3030;1234;0;4040;2440;2555
P192065831;P192065831_9;I;4040;1234;0;5050;2440;570
P192065831;P192065831_10;J;4040;0;0;5640;1200;2865
P192065831;P192065831_11;K;5050;1240;0;6050;2440;2865
P192065831;P192065831_12;L;5640;0;0;6640;1200;2835
P192065831;P192065831_13;M;6050;1240;0;7650;2440;2865
P192065831;P192065831_14;N;6640;0;0;8240;1200;2865
P192065831;P192065831_15;O;7650;1240;0;9250;2440;2865
P192065831;P192065831_16;P;8240;0;0;9840;1200;2865
P192065831;P192065831_17;Q;9250;1240;0;10850;2440;2865
P192065831;P192065831_18;R;9840;0;0;11440;1200;2865
P192065831;P192065831_19;S;10850;1240;0;12450;2440;2865
P192065831;P192065831_20;T;11440;0;0;12440;1200;2865
P192065831;P192065831_21;U;12440;0;0;13440;1200;2865
P192065831;P192065831_22;V;12450;1240;0;13450;2440;2160
P191065825;P191065825_1;A;0;1240;0;1600;2440;2865
P191065825;P191065825_2;B;0;0;0;1600;1200;2865
P191065825;P191065825_3;C;1600;0;0;3700;2400;2935
P191065825;P191065825_4;D;3700;0;0;5800;2400;2935
P191065825;P191065825_5;E;5800;0;0;7900;2400;2935
P191065825;P191065825_6;F;7900;1240;0;9500;2440;2865
P191065825;P191065825_7;G;7900;0;0;9500;1200;2865
P191065825;P191065825_8;H;9500;0;0;11600;2400;2935
P191065825;P191065825_9;I;11600;1240;0;13200;2440;2865
P191065825;P191065825_10;J;11600;0;0;13200;1200;2865
P191065823;P191065823_1;A;0;0;0;2100;2400;2935
P191065823;P191065823_2;B;2100;0;0;4200;2400;2935
P191065823;P191065823_3;C;4200;0;0;6300;2400;2935
P191065823;P191065823_4;D;6300;0;0;8400;2400;2935
P191065823;P191065823_5;E;8400;0;0;10500;2400;2935
P191065823;P191065823_6;F;10500;0;0;11500;1200;2835
P191065823;P191065823_7;G;10500;1240;0;12100;2440;2865
P191065823;P191065823_8;H;11500;0;0;12500;1200;2835
P191065823;P191065823_9;I;12100;1231;0;13107;2440;2925
P191065823;P191065823_10;J;12500;0;0;13500;1200;2385
P191065817;P191065817_1;A;0;0;0;2100;2400;2935
P191065817;P191065817_2;B;2100;0;0;4200;2400;2935
P191065817;P191065817_3;C;4200;0;0;6300;2400;2935
P191065817;P191065817_4;D;6300;0;0;8400;2400;2935
P191065817;P191065817_5;E;8400;0;0;10500;2400;2935
P191065817;P191065817_6;F;10500;0;0;12100;1200;2865
P191065817;P191065817_7;G;10500;1231;0;11507;2440;2925
P191065817;P191065817_8;H;11507;1240;0;12507;2440;2835
P191065817;P191065817_9;I;12100;0;0;13100;1200;2385
P191065815;P191065815_1;A;0;0;0;2100;2400;2935
P191065815;P191065815_2;B;2100;0;0;4200;2400;2935
P191065815;P191065815_3;C;4200;0;0;5800;1200;2865
P191065815;P191065815_4;D;4200;1240;0;5800;2440;2865
P191065815;P191065815_5;E;5800;0;0;7900;2400;2935
P191065815;P191065815_6;F;7900;0;0;10000;2400;2935
P191065815;P191065815_7;G;10000;1240;0;11600;2440;2865
P191065815;P191065815_8;H;10000;0;0;11007;1209;2925
P191065815;P191065815_9;I;11007;0;0;12014;1209;1475
P191065815;P191065815_10;J;11600;1240;0;13200;2440;2865
P191065815;P191065815_11;K;12014;0;0;13014;1200;2835
P191065821;P191065821_1;A;0;0;0;1600;1200;2865
P191065821;P191065821_2;B;0;1240;0;1600;2440;2865
P191065821;P191065821_3;C;1600;1240;0;2600;2440;2865
P191065821;P191065821_4;D;1600;0;0;2600;1200;2865
P191065821;P191065821_5;E;2600;0;0;4200;1200;2865
P191065821;P191065821_6;F;2600;1240;0;4200;2440;2865
P191065821;P191065821_7;G;4200;1240;0;5800;2440;2865
P191065821;P191065821_8;H;4200;0;0;5800;1200;2865
P191065821;P191065821_9;I;5800;0;0;7400;1200;2865
P191065821;P191065821_10;J;5800;1240;0;7400;2440;2865
P191065821;P191065821_11;K;7400;1240;0;9000;2440;2160
P191065813;P191065813_1;A;0;0;0;2100;2400;2935
P191065813;P191065813_2;B;2100;0;0;4200;2400;2935
P191065813;P191065813_3;C;4200;0;0;6300;2400;2935
P191065813;P191065813_4;D;6300;0;0;8400;2400;2935
P191065813;P191065813_5;E;8400;1240;0;9400;2440;2610
P191065813;P191065813_6;F;8400;0;0;10000;1200;2865
P191065813;P191065813_7;G;9400;1240;0;11000;2440;2865
P191065813;P191065813_8;H;10000;0;0;11000;1200;2610
P191065813;P191065813_9;I;11000;0;0;13100;2400;2935
P191065807;P191065807_1;A;0;0;0;2100;2400;2935
P191065807;P191065807_2;B;2100;0;0;4200;2400;2935
P191065807;P191065807_3;C;4200;0;0;6300;2400;2935
P191065807;P191065807_4;D;6300;0;0;8400;2400;2935
P191065807;P191065807_5;E;8400;1231;0;9407;2440;2925
P191065807;P191065807_6;F;8400;0;0;9400;1200;2610
P191065807;P191065807_7;G;9400;0;0;10407;1209;2925
P191065807;P191065807_8;H;9407;1240;0;11007;2440;2865
P191065807;P191065807_9;I;10407;0;0;12007;1200;2865
P191065807;P191065807_10;J;11007;1240;0;12007;2440;2835
P191065807;P191065807_11;K;12007;0;0;13207;1000;2385
P191065807;P191065807_12;L;12007;1231;0;13014;2440;2200
P191065803;P191065803_1;A;0;0;0;2100;2400;2935
P191065803;P191065803_2;B;2100;1240;0;3700;2440;2865
P191065803;P191065803_3;C;2100;0;0;3700;1200;2865
P191065803;P191065803_4;D;3700;0;0;5800;2400;2935
P191065803;P191065803_5;E;5800;0;0;7900;2400;2935
P191065803;P191065803_6;F;7900;0;0;10000;2400;2935
P191065803;P191065803_7;G;10000;0;0;12100;2400;2935
P191065803;P191065803_8;H;12100;0;0;13300;1600;2865
Q191065803_1;Q191065803_1_1;A;0;0;0;2100;2400;2935
Q191065803_1;Q191065803_1_2;B;2100;0;0;4200;2400;2935
Q191065803_1;Q191065803_1_3;C;4200;0;0;5207;1209;1475
Q191065803_1;Q191065803_1_4;D;4200;1240;0;5200;2440;1905
Q191065803_1;Q191065803_1_5;E;5200;1240;0;6200;2440;975
Q191065803_1;Q191065803_1_6;F;6200;0;0;8300;2400;2935
Q191065803_1;Q191065803_1_7;G;8300;0;0;10400;2400;2935
Q191065803_1;Q191065803_1_8;H;10400;0;0;12500;2400;1490
P194069113;P194069113_1;A;0;0;0;1200;2400;2460
P194069113;P194069113_2;B;1200;0;0;2400;2400;2460
P194069113;P194069113_3;C;2400;0;0;3600;2400;2460
P194069113;P194069113_4;D;3600;0;0;4800;2400;2460
P194069113;P194069113_5;E;4800;0;0;6000;2400;2460
P194069113;P194069113_6;F;6000;0;0;7200;2400;2460
P194069113;P194069113_7;G;7200;0;0;8400;2400;2460
P194069113;P194069113_8;H;8400;0;0;9600;2400;2460
P194069113;P194069113_9;I;9600;0;0;10800;2400;2460
P194069113;P194069113_10;J;10800;0;0;12000;2400;2460
P194069113;P194069113_11;K;12000;0;0;13200;2400;2460
P194069021;P194069021_1;A;0;0;0;1200;2400;2460
P194069021;P194069021_2;B;1200;0;0;2400;2400;2460
P194069021;P194069021_3;C;2400;0;0;3600;2400;2460
P194069021;P194069021_4;D;3600;0;0;4800;2400;2460
P194069021;P194069021_5;E;4800;0;0;6000;2400;2460
P194069021;P194069021_6;F;6000;0;0;7200;2400;2460
P194069021;P194069021_7;G;7200;0;0;9000;1200;2340
P194069021;P194069021_8;H;7200;1240;0;9000;2440;2340
P194069021;P194069021_9;I;9000;1240;0;10800;2440;2340
P194069021;P194069021_10;J;9000;0;0;11000;1200;2250
P194069021;P194069021_11;K;10800;1240;0;13200;2440;2000
P194069021;P194069021_12;L;11000;0;0;13400;1200;2000
P194069119;P194069119_1;A;0;0;0;2000;1200;2250
P194069119;P194069119_2;B;0;1240;0;2400;2440;2460
P194069119;P194069119_3;C;2000;0;0;4400;1200;2460
P194069119;P194069119_4;D;2400;1240;0;4800;2440;2460
P194069119;P194069119_5;E;4400;0;0;6800;1200;2460
P194069119;P194069119_6;F;4800;1240;0;7200;2440;2460
P194069119;P194069119_7;G;6800;0;0;9200;1200;2460
P194069119;P194069119_8;H;7200;1240;0;9600;2440;2460
P194069119;P194069119_9;I;9200;0;0;11600;1200;2460
P194069119;P194069119_10;J;9600;1240;0;12000;2440;2460
P194069119;P194069119_11;K;12000;0;0;13200;2400;2460
P194069019;P194069019_1;A;0;40;0;1200;2440;1740
P194069019;P194069019_2;B;1200;0;0;2400;2400;1900
P194069019;P194069019_3;C;2400;0;0;3600;2400;1900
P194069019;P194069019_4;D;3600;0;0;4800;2400;1900
P194069019;P194069019_5;E;4800;0;0;6000;2400;1900
P194069019;P194069019_6;F;6000;0;0;7200;2400;1900
P194069019;P194069019_7;G;7200;0;0;8400;2400;2000
P194069019;P194069019_8;H;8400;0;0;9600;2400;2000
P194069019;P194069019_9;I;9600;0;0;10800;2400;2000
P194069019;P194069019_10;J;10800;0;0;12000;2400;2000
P194069019;P194069019_11;K;12000;0;0;13200;2400;2000
P194069115;P194069115_1;A;0;0;0;1200;1200;2200
P194069115;P194069115_2;B;0;1240;0;1200;2440;2200
P194069115;P194069115_3;C;1200;1240;0;2400;2440;2200
P194069115;P194069115_4;D;1200;0;0;2400;1200;2200
P194069115;P194069115_5;E;2400;0;0;4200;1200;2340
P194069115;P194069115_6;F;2400;1240;0;4200;2440;2340
P194069115;P194069115_7;G;4200;1240;0;6000;2440;2340
P194069115;P194069115_8;H;4200;0;0;6000;1200;2340
P194069115;P194069115_9;I;6000;0;0;7800;1200;2340
P194069115;P194069115_10;J;6000;1240;0;7800;2440;2340
P194069115;P194069115_11;K;7800;1240;0;9600;2440;2340
P194069115;P194069115_12;L;7800;0;0;9600;1200;2340
P194069115;P194069115_13;M;9600;0;0;11400;1200;2340
P194069115;P194069115_14;N;9600;1240;0;11400;2440;2340
P194069115;P194069115_15;O;11400;1240;0;13200;2440;2340
P194069115;P194069115_16;P;11400;0;0;13200;1200;2340
P194069117;P194069117_1;A;0;40;0;1200;2440;1620
P194069117;P194069117_2;B;1200;0;0;2400;2400;1620
P194069117;P194069117_3;C;2400;0;0;3600;2400;1620
P194069117;P194069117_4;D;3600;0;0;4800;2400;1620
P194069117;P194069117_5;E;4800;0;0;6000;2400;1620
P194069117;P194069117_6;F;6000;0;0;7200;2400;2460
P194069117;P194069117_7;G;7200;0;0;8400;2400;2500
P194069117;P194069117_8;H;8400;0;0;9600;2400;2000
P194069117;P194069117_9;I;9600;0;0;10800;2400;2000
P194069117;P194069117_10;J;10800;0;0;12000;2400;1620
P194069117;P194069117_11;K;12000;0;0;13200;2400;1900
P194069017;P194069017_1;A;0;0;0;1800;1200;2340
P194069017;P194069017_2;B;0;1240;0;1800;2440;2340
P194069017;P194069017_3;C;1800;1240;0;3600;2440;2340
P194069017;P194069017_4;D;1800;0;0;3600;1200;2340
P194069017;P194069017_5;E;3600;0;0;5400;1200;2340
P194069017;P194069017_6;F;3600;1240;0;5400;2440;2340
P194069017;P194069017_7;G;5400;1240;0;7200;2440;2340
P194069017;P194069017_8;H;5400;0;0;7200;1200;2340
P194069017;P194069017_9;I;7200;0;0;9000;1200;2340
P194069017;P194069017_10;J;7200;1240;0;9000;2440;2340
P194069017;P194069017_11;K;9000;1240;0;10800;2440;2340
P194069017;P194069017_12;L;9000;0;0;10800;1200;2340
P194069017;P194069017_13;M;10800;0;0;12600;1200;2340
P194069017;P194069017_14;N;10800;1240;0;12600;2440;2340
P194069017;P194069017_15;O;12600;1840;0;13400;2440;560
P194069015;P194069015_1;A;0;0;0;2000;1200;2875
P194069015;P194069015_2;B;0;1240;0;2000;2440;2875
P194069015;P194069015_3;C;2000;1240;0;4000;2440;2875
P194069015;P194069015_4;D;2000;0;0;4000;1200;2875
P194069015;P194069015_5;E;4000;0;0;6000;1200;2875
P194069015;P194069015_6;F;4000;1240;0;6000;2440;2875
P194069015;P194069015_7;G;6000;1240;0;8000;2440;2875
P194069015;P194069015_8;H;6000;0;0;8000;1200;2875
P194069015;P194069015_9;I;8000;0;0;10000;1200;2875
P194069015;P194069015_10;J;8000;1240;0;10000;2440;2875
P194069015;P194069015_11;K;10000;1240;0;12000;2440;2875
P194069015;P194069015_12;L;10000;0;0;12000;1200;2875
P194069015;P194069015_13;M;12000;0;0;13200;2000;2875
Q194069015_1;Q194069015_1_1;A;0;0;0;2000;1200;2875
Q194069015_1;Q194069015_1_2;B;0;1240;0;2000;2440;2875
Q194069015_1;Q194069015_1_3;C;2000;1240;0;4000;2440;2875
Q194069015_1;Q194069015_1_4;D;2000;0;0;4000;1200;2875
Q194069015_1;Q194069015_1_5;E;4000;0;0;6000;1200;2875
Q194069015_1;Q194069015_1_6;F;4000;1240;0;6000;2440;2875
Q194069015_1;Q194069015_1_7;G;6000;1240;0;8000;2440;2875
Q194069015_1;Q194069015_1_8;H;6000;0;0;8000;1200;2875
Q194069015_1;Q194069015_1_9;I;8000;0;0;10000;1200;2875
Q194069015_1;Q194069015_1_10;J;8000;1240;0;10000;2440;2875
Q194069015_1;Q194069015_1_11;K;10000;1240;0;12000;2440;2875
Q194069015_1;Q194069015_1_12;L;10000;0;0;12000;1200;2875
Q194069015_1;Q194069015_1_13;M;12000;0;0;13200;2000;2875
P194069013;P194069013_1;A;0;0;0;1200;2400;2460
P194069013;P194069013_2;B;1200;1240;0;3000;2440;2340
P194069013;P194069013_3;C;1200;0;0;3600;1200;2460
P194069013;P194069013_4;D;3000;1240;0;5400;2440;2460
P194069013;P194069013_5;E;3600;0;0;6000;1200;2460
P194069013;P194069013_6;F;5400;1240;0;7800;2440;2460
P194069013;P194069013_7;G;6000;0;0;8400;1200;2460
P194069013;P194069013_8;H;7800;1240;0;10200;2440;2460
P194069013;P194069013_9;I;8400;0;0;10800;1200;2460
P194069013;P194069013_10;J;10200;1240;0;12600;2440;2460
P194069013;P194069013_11;K;10800;0;0;13200;1200;2460
P194069111;P194069111_1;A;0;0;0;1800;1200;2340
P194069111;P194069111_2;B;0;1240;0;1800;2440;2340
P194069111;P194069111_3;C;1800;1240;0;3600;2440;2340
P194069111;P194069111_4;D;1800;0;0;3600;1200;2340
P194069111;P194069111_5;E;3600;0;0;4800;1200;2200
P194069111;P194069111_6;F;3600;1240;0;5400;2440;2340
P194069111;P194069111_7;G;4800;0;0;6600;1200;2340
P194069111;P194069111_8;H;5400;1240;0;7200;2440;2340
P194069111;P194069111_9;I;6600;0;0;8400;1200;2340
P194069111;P194069111_10;J;7200;1240;0;9200;2440;2875
P194069111;P194069111_11;K;8400;0;0;10400;1200;2875
P194069111;P194069111_12;L;9200;1240;0;11200;2440;2875
P194069111;P194069111_13;M;10400;0;0;12400;1200;2875
P194069111;P194069111_14;N;11200;1240;0;13200;2440;2875
P194069009;P194069009_1;A;0;0;0;1200;2400;1620
P194069009;P194069009_2;B;1200;0;0;2400;2400;2000
P194069009;P194069009_3;C;2400;0;0;3600;2400;2460
P194069009;P194069009_4;D;3600;0;0;4800;2400;1900
P194069009;P194069009_5;E;4800;0;0;6000;2400;2000
P194069009;P194069009_6;F;6000;0;0;7200;2400;2000
P194069009;P194069009_7;G;7200;0;0;8400;2400;1620
P194069009;P194069009_8;H;8400;0;0;9600;2400;1900
P194069009;P194069009_9;I;9600;0;0;10800;2400;1900
P194069009;P194069009_10;J;10800;0;0;12000;2400;2460
P194069009;P194069009_11;K;12000;0;0;13200;2400;2460
P194069107;P194069107_1;A;0;0;0;2000;1200;2875
P194069107;P194069107_2;B;0;1240;0;2000;2440;2875
P194069107;P194069107_3;C;2000;1240;0;4000;2440;2875
P194069107;P194069107_4;D;2000;0;0;4000;1200;2875
P194069107;P194069107_5;E;4000;0;0;6000;1200;2875
P194069107;P194069107_6;F;4000;1240;0;6000;2440;2875
P194069107;P194069107_7;G;6000;1240;0;8000;2440;2875
P194069107;P194069107_8;H;6000;0;0;8000;1200;2875
P194069107;P194069107_9;I;8000;0;0;10000;1200;2875
P194069107;P194069107_10;J;8000;1240;0;10000;2440;2875
P194069107;P194069107_11;K;10000;1240;0;12000;2440;2875
P194069107;P194069107_12;L;10000;0;0;12000;1200;2875
P194069107;P194069107_13;M;12000;0;0;13200;2000;2875
P194069007;P194069007_1;A;0;0;0;1800;1200;2340
P194069007;P194069007_2;B;0;1240;0;1800;2440;2340
P194069007;P194069007_3;C;1800;1240;0;3600;2440;2340
P194069007;P194069007_4;D;1800;0;0;3600;1200;2340
P194069007;P194069007_5;E;3600;0;0;5400;1200;2340
P194069007;P194069007_6;F;3600;1240;0;5400;2440;2340
P194069007;P194069007_7;G;5400;1240;0;7200;2440;2340
P194069007;P194069007_8;H;5400;0;0;7200;1200;2340
P194069007;P194069007_9;I;7200;0;0;8400;1200;2200
P194069007;P194069007_10;J;7200;1240;0;9000;2440;2340
P194069007;P194069007_11;K;8400;0;0;10200;1200;2340
P194069007;P194069007_12;L;9000;1240;0;10800;2440;2340
P194069007;P194069007_13;M;10200;0;0;12000;1200;2340
P194069007;P194069007_14;N;10800;1240;0;12600;2440;2340
P194069007;P194069007_15;O;12000;0;0;13200;1200;2200
P194069105;P194069105_1;A;0;0;0;1200;2400;2460
P194069105;P194069105_2;B;1200;40;0;2400;2440;2460
P194069105;P194069105_3;C;2400;0;0;3600;2400;2460
P194069105;P194069105_4;D;3600;0;0;4800;2400;1620
P194069105;P194069105_5;E;4800;0;0;6000;2400;1900
P194069105;P194069105_6;F;6000;0;0;7200;2400;2000
P194069105;P194069105_7;G;7200;0;0;8400;2400;2000
P194069105;P194069105_8;H;8400;0;0;9600;2400;2000
P194069105;P194069105_9;I;9600;0;0;10800;2400;2000
P194069105;P194069105_10;J;10800;0;0;12000;2400;2000
P194069105;P194069105_11;K;12000;0;0;13200;2400;1900
P194069005;P194069005_1;A;0;0;0;1800;1200;2340
P194069005;P194069005_2;B;0;1240;0;1800;2440;2340
P194069005;P194069005_3;C;1800;1240;0;3600;2440;2340
P194069005;P194069005_4;D;1800;0;0;3600;1200;2340
P194069005;P194069005_5;E;3600;0;0;5400;1200;2340
P194069005;P194069005_6;F;3600;1240;0;5400;2440;2340
P194069005;P194069005_7;G;5400;1240;0;7200;2440;2340
P194069005;P194069005_8;H;5400;0;0;7200;1200;2340
P194069005;P194069005_9;I;7200;0;0;9000;1200;2340
P194069005;P194069005_10;J;7200;1240;0;9000;2440;2340
P194069005;P194069005_11;K;9000;1240;0;10800;2440;2340
P194069005;P194069005_12;L;9000;0;0;10800;1200;2340
P194069005;P194069005_13;M;10800;0;0;12600;1200;2340
P194069005;P194069005_14;N;10800;1240;0;12600;2440;2340
P194069003;P194069003_1;A;0;0;0;2000;1200;2875
P194069003;P194069003_2;B;0;1240;0;2000;2440;2875
P194069003;P194069003_3;C;2000;1240;0;4000;2440;2875
P194069003;P194069003_4;D;2000;0;0;4000;1200;2875
P194069003;P194069003_5;E;4000;0;0;6000;1200;2875
P194069003;P194069003_6;F;4000;1240;0;6000;2440;2875
P194069003;P194069003_7;G;6000;1240;0;8000;2440;2875
P194069003;P194069003_8;H;6000;0;0;8000;1200;2875
P194069003;P194069003_9;I;8000;0;0;10000;1200;2875
P194069003;P194069003_10;J;8000;1240;0;10000;2440;2875
P194069003;P194069003_11;K;10000;1240;0;12000;2440;2875
P194069003;P194069003_12;L;10000;0;0;12000;1200;2875
P194069003;P194069003_13;M;12000;0;0;13200;2000;2875
P194069101;P194069101_1;A;0;0;0;1200;2400;2460
P194069101;P194069101_2;B;1200;0;0;2400;2400;2460
P194069101;P194069101_3;C;2400;0;0;3600;2400;2460
P194069101;P194069101_4;D;3600;0;0;4800;2400;2460
P194069101;P194069101_5;E;4800;0;0;6000;2400;2460
P194069101;P194069101_6;F;6000;1240;0;7800;2440;2340
P194069101;P194069101_7;G;6000;0;0;8000;1200;2250
P194069101;P194069101_8;H;7800;1240;0;10200;2440;2460
P194069101;P194069101_9;I;8000;0;0;10400;1200;2460
P194069101;P194069101_10;J;10200;1240;0;12600;2440;2460
P194069101;P194069101_11;K;10400;0;0;12800;1200;2460
P194069001;P194069001_1;A;0;0;0;2000;1200;2875
P194069001;P194069001_2;B;0;1240;0;2000;2440;2875
P194069001;P194069001_3;C;2000;1240;0;4000;2440;2875
P194069001;P194069001_4;D;2000;0;0;4000;1200;2875
P194069001;P194069001_5;E;4000;0;0;6000;1200;2875
P194069001;P194069001_6;F;4000;1240;0;6000;2440;2875
P194069001;P194069001_7;G;6000;1240;0;8000;2440;2875
P194069001;P194069001_8;H;6000;0;0;8000;1200;2875
P194069001;P194069001_9;I;8000;0;0;10000;1200;2875
P194069001;P194069001_10;J;8000;1240;0;10000;2440;2875
P194069001;P194069001_11;K;10000;1240;0;12000;2440;2875
P194069001;P194069001_12;L;10000;0;0;12000;1200;2875
P194069001;P194069001_13;M;12000;0;0;13200;2000;2875
Q194069001_1;Q194069001_1_1;A;0;0;0;2000;1200;2875
Q194069001_1;Q194069001_1_2;B;0;1240;0;2000;2440;2875
Q194069001_1;Q194069001_1_3;C;2000;1240;0;4000;2440;2875
Q194069001_1;Q194069001_1_4;D;2000;0;0;4000;1200;2875
Q194069001_1;Q194069001_1_5;E;4000;0;0;6000;1200;2875
Q194069001_1;Q194069001_1_6;F;4000;1240;0;6000;2440;2875
Q194069001_1;Q194069001_1_7;G;6000;1240;0;8000;2440;2875
Q194069001_1;Q194069001_1_8;H;6000;0;0;8000;1200;2875
Q194069001_1;Q194069001_1_9;I;8000;0;0;10000;1200;2875
Q194069001_1;Q194069001_1_10;J;8000;1240;0;10000;2440;2875
Q194069001_1;Q194069001_1_11;K;10000;1240;0;12000;2440;2875
Q194069001_1;Q194069001_1_12;L;10000;0;0;12000;1200;2875
Q194069001_1;Q194069001_1_13;M;12000;0;0;13200;2000;2875
Q194069001_2;Q194069001_2_1;A;0;0;0;1200;2400;2460
Q194069001_2;Q194069001_2_2;B;1200;0;0;2400;2400;2460
Q194069001_2;Q194069001_2_3;C;2400;0;0;3600;2400;2460
Q194069001_2;Q194069001_2_4;D;3600;0;0;4800;2400;2460
Q194069001_2;Q194069001_2_5;E;4800;0;0;6000;2400;2460
Q194069001_2;Q194069001_2_6;F;6000;0;0;7200;2400;2460
Q194069001_2;Q194069001_2_7;G;7200;0;0;8400;2400;2460
Q194069001_2;Q194069001_2_8;H;8400;1240;0;10400;2440;2875
Q194069001_2;Q194069001_2_9;I;8400;0;0;10400;1200;2875
Q194069001_2;Q194069001_2_10;J;10400;0;0;11600;2400;2460
Q194069001_2;Q194069001_2_11;K;11600;0;0;12800;2400;2460
Q194069001_3;Q194069001_3_1;A;0;0;0;1200;2400;2460
Q194069001_3;Q194069001_3_2;B;1200;0;0;2400;2400;2460
Q194069001_3;Q194069001_3_3;C;2400;0;0;3600;2400;2460
Q194069001_3;Q194069001_3_4;D;3600;0;0;4800;2400;2460
Q194069001_3;Q194069001_3_5;E;4800;0;0;6800;1200;2875
Q194069001_3;Q194069001_3_6;F;4800;1240;0;6800;2440;2875
Q194069001_3;Q194069001_3_7;G;6800;1240;0;8800;2440;2875
Q194069001_3;Q194069001_3_8;H;6800;0;0;8800;1200;2875
Q194069001_3;Q194069001_3_9;I;8800;0;0;10800;1200;2875
Q194069001_3;Q194069001_3_10;J;8800;1240;0;10800;2440;2875
Q194069001_3;Q194069001_3_11;K;10800;1240;0;12800;2440;2875
Q194069001_3;Q194069001_3_12;L;10800;0;0;12800;1200;2875
P194069025;P194069025_1;A;0;0;0;1200;2400;2460
P194069025;P194069025_2;B;1200;0;0;2400;2400;2460
P194069025;P194069025_3;C;2400;0;0;3600;2400;2460
P194069025;P194069025_4;D;3600;1240;0;5600;2440;2250
P194069025;P194069025_5;E;3600;0;0;6000;1200;2460
P194069025;P194069025_6;F;5600;1240;0;8000;2440;2460
P194069025;P194069025_7;G;6000;0;0;8400;1200;2460
P194069025;P194069025_8;H;8000;1240;0;10400;2440;2460
P194069025;P194069025_9;I;8400;0;0;10800;1200;2460
P194069025;P194069025_10;J;10400;1240;0;12800;2440;2460
P194069025;P194069025_11;K;10800;0;0;13200;1200;2460
P194069027;P194069027_1;A;0;0;0;1800;1200;2340
P194069027;P194069027_2;B;0;1240;0;1800;2440;2340
P194069027;P194069027_3;C;1800;1240;0;3600;2440;2340
P194069027;P194069027_4;D;1800;0;0;3600;1200;2340
P194069027;P194069027_5;E;3600;0;0;5400;1200;2340
P194069027;P194069027_6;F;3600;1240;0;4800;2440;2200
P194069027;P194069027_7;G;4800;1240;0;6600;2440;2340
P194069027;P194069027_8;H;5400;0;0;7200;1200;2340
P194069027;P194069027_9;I;6600;1240;0;8400;2440;2340
P194069027;P194069027_10;J;7200;0;0;9000;1200;2340
P194069027;P194069027_11;K;8400;1240;0;10200;2440;2340
P194069027;P194069027_12;L;9000;0;0;10800;1200;2340
P194069027;P194069027_13;M;10200;1240;0;12600;2440;2460
P194069027;P194069027_14;N;10800;0;0;13200;1200;2460
P193069131;P193069131_1;A;0;0;0;2000;1200;2875
P193069131;P193069131_2;B;0;1240;0;2000;2440;2875
P193069131;P193069131_3;C;2000;1240;0;4000;2440;2875
P193069131;P193069131_4;D;2000;0;0;4000;1200;2875
P193069131;P193069131_5;E;4000;0;0;6000;1200;2875
P193069131;P193069131_6;F;4000;1240;0;6000;2440;2875
P193069131;P193069131_7;G;6000;1240;0;8000;2440;2875
P193069131;P193069131_8;H;6000;0;0;8000;1200;2875
P193069131;P193069131_9;I;8000;0;0;10000;1200;2875
P193069131;P193069131_10;J;8000;1240;0;10000;2440;2875
P193069131;P193069131_11;K;10000;1240;0;12000;2440;2875
P193069131;P193069131_12;L;10000;0;0;12000;1200;2875
P193069131;P193069131_13;M;12000;0;0;13200;2000;2875
P193069127;P193069127_1;A;0;0;0;1200;2400;1800
P193069127;P193069127_2;B;1200;1240;0;3400;2440;1760
P193069127;P193069127_3;C;1200;0;0;3600;1200;1900
P193069127;P193069127_4;D;3400;1240;0;5800;2440;1620
P193069127;P193069127_5;E;3600;0;0;6000;1200;1620
P193069127;P193069127_6;F;5800;1240;0;8200;2440;2460
P193069127;P193069127_7;G;6000;0;0;8400;1200;1900
P193069127;P193069127_8;H;8200;1240;0;10600;2440;2000
P193069127;P193069127_9;I;8400;0;0;10800;1200;1620
P193069127;P193069127_10;J;10600;1240;0;13000;2440;2460
P193069127;P193069127_11;K;10800;0;0;13200;1200;2000
P193069031;P193069031_1;A;0;0;0;1200;2400;1620
P193069031;P193069031_2;B;1200;0;0;2400;2400;2000
P193069031;P193069031_3;C;2400;0;0;3600;2400;1900
P193069031;P193069031_4;D;3600;0;0;4800;2400;1900
P193069031;P193069031_5;E;4800;0;0;6000;2400;1620
P193069031;P193069031_6;F;6000;0;0;7200;2400;2000
P193069031;P193069031_7;G;7200;0;0;8400;2400;2000
P193069031;P193069031_8;H;8400;0;0;9600;2400;2000
P193069031;P193069031_9;I;9600;0;0;10800;2400;2460
P193069031;P193069031_10;J;10800;0;0;12000;2400;1900
P193069031;P193069031_11;K;12000;0;0;13200;2400;2000
P193069125;P193069125_1;A;0;0;0;1800;1200;2400
P193069125;P193069125_2;B;0;1240;0;2400;2440;1900
P193069125;P193069125_3;C;1800;0;0;3000;1200;2200
P193069125;P193069125_4;D;2400;1240;0;4800;2440;1900
P193069125;P193069125_5;E;3000;0;0;5400;1200;1900
P193069125;P193069125_6;F;4800;1240;0;7200;2440;1900
P193069125;P193069125_7;G;5400;0;0;7800;1200;1900
P193069125;P193069125_8;H;7200;1240;0;9600;2440;1900
P193069125;P193069125_9;I;7800;0;0;10200;1200;2460
P193069125;P193069125_10;J;9600;1240;0;11400;2440;2340
P193069125;P193069125_11;K;10200;0;0;12000;1200;2340
P193069125;P193069125_12;L;11400;1240;0;13200;2440;2340
P193069125;P193069125_13;M;12000;0;0;13200;1200;2200
P193069011;P193069011_1;A;0;0;0;2000;1200;2875
P193069011;P193069011_2;B;0;1240;0;2000;2440;2875
P193069011;P193069011_3;C;2000;1240;0;4000;2440;2875
P193069011;P193069011_4;D;2000;0;0;4000;1200;2875
P193069011;P193069011_5;E;4000;0;0;6000;1200;2875
P193069011;P193069011_6;F;4000;1240;0;6000;2440;2875
P193069011;P193069011_7;G;6000;1240;0;8000;2440;2875
P193069011;P193069011_8;H;6000;0;0;8000;1200;2875
P193069011;P193069011_9;I;8000;0;0;10000;1200;2875
P193069011;P193069011_10;J;8000;1240;0;10000;2440;2875
P193069011;P193069011_11;K;10000;0;0;11200;2400;2460
P193069011;P193069011_12;L;11200;0;0;12400;2400;2460
P193069113;P193069113_1;A;0;0;0;1200;2400;1620
P193069113;P193069113_2;B;1200;0;0;2400;2400;1620
P193069113;P193069113_3;C;2400;0;0;3600;2400;2000
P193069113;P193069113_4;D;3600;0;0;4800;2400;1620
P193069113;P193069113_5;E;4800;0;0;6000;2400;1620
P193069113;P193069113_6;F;6000;0;0;7200;2400;2000
P193069113;P193069113_7;G;7200;0;0;8400;2400;2000
P193069113;P193069113_8;H;8400;0;0;9600;2400;2000
P193069113;P193069113_9;I;9600;0;0;10800;2400;2000
P193069113;P193069113_10;J;10800;0;0;12000;2400;2000
P193069113;P193069113_11;K;12000;0;0;13200;2400;2000
P193069123;P193069123_1;A;0;0;0;1800;1200;2340
P193069123;P193069123_2;B;0;1240;0;1800;2440;2340
P193069123;P193069123_3;C;1800;1240;0;3600;2440;2340
P193069123;P193069123_4;D;1800;0;0;3600;1200;2340
P193069123;P193069123_5;E;3600;0;0;4800;2400;1900
P193069123;P193069123_6;F;4800;1240;0;6600;2440;2340
P193069123;P193069123_7;G;4800;0;0;6600;1200;2340
P193069123;P193069123_8;H;6600;0;0;8400;1200;2340
P193069123;P193069123_9;I;6600;1240;0;8400;2440;2340
P193069123;P193069123_10;J;8400;1240;0;9600;2440;2200
P193069123;P193069123_11;K;8400;0;0;9600;1200;2200
P193069123;P193069123_12;L;9600;0;0;11400;1200;2340
P193069123;P193069123_13;M;9600;1240;0;11400;2440;2340
P193069123;P193069123_14;N;11400;1240;0;13200;2440;2340
P193069123;P193069123_15;O;11400;0;0;13200;1200;2340
P193069121;P193069121_1;A;0;0;0;1200;2400;2000
P193069121;P193069121_2;B;1200;0;0;2400;2400;2000
P193069121;P193069121_3;C;2400;0;0;3600;2400;1620
P193069121;P193069121_4;D;3600;0;0;4800;2400;1620
P193069121;P193069121_5;E;4800;0;0;6000;2400;2000
P193069121;P193069121_6;F;6000;0;0;7200;2400;1620
P193069121;P193069121_7;G;7200;0;0;8400;2400;2500
P193069121;P193069121_8;H;8400;0;0;9600;2400;2460
P193069121;P193069121_9;I;9600;0;0;10800;2400;2460
P193069121;P193069121_10;J;10800;0;0;12000;2400;2460
P193069121;P193069121_11;K;12000;0;0;13200;2400;2460
P193069021;P193069021_1;A;0;0;0;1800;1200;2340
P193069021;P193069021_2;B;0;1240;0;1800;2440;2340
P193069021;P193069021_3;C;1800;1240;0;3600;2440;2340
P193069021;P193069021_4;D;1800;0;0;3600;1200;2340
P193069021;P193069021_5;E;3600;0;0;5400;1200;2340
P193069021;P193069021_6;F;3600;1240;0;5400;2440;2340
P193069021;P193069021_7;G;5400;1240;0;7200;2440;2340
P193069021;P193069021_8;H;5400;0;0;7200;1200;2340
P193069021;P193069021_9;I;7200;0;0;9000;1200;2340
P193069021;P193069021_10;J;7200;1240;0;9000;2440;2340
P193069021;P193069021_11;K;9000;1240;0;10800;2440;2340
P193069021;P193069021_12;L;9000;0;0;11400;1200;2460
P193069021;P193069021_13;M;10800;1240;0;13200;2440;2460
P193069021;P193069021_14;N;11400;0;0;13200;1200;2340
P193069119;P193069119_1;A;0;0;0;2000;1200;2875
P193069119;P193069119_2;B;0;1240;0;2000;2440;2875
P193069119;P193069119_3;C;2000;1240;0;4000;2440;2875
P193069119;P193069119_4;D;2000;0;0;4000;1200;2875
P193069119;P193069119_5;E;4000;0;0;6000;1200;2875
P193069119;P193069119_6;F;4000;1240;0;6000;2440;2875
P193069119;P193069119_7;G;6000;1240;0;8000;2440;2875
P193069119;P193069119_8;H;6000;0;0;8000;1200;2875
P193069119;P193069119_9;I;8000;0;0;10000;1200;2875
P193069119;P193069119_10;J;8000;1240;0;10000;2440;2875
P193069119;P193069119_11;K;10000;1240;0;12000;2440;2875
P193069119;P193069119_12;L;10000;0;0;12000;1200;2875
P193069119;P193069119_13;M;12000;0;0;13200;2000;2875
P193069019;P193069019_1;A;0;0;0;1200;2400;2460
P193069019;P193069019_2;B;1200;0;0;2400;2400;2000
P193069019;P193069019_3;C;2400;0;0;3600;2400;2000
P193069019;P193069019_4;D;3600;0;0;4800;2400;2000
P193069019;P193069019_5;E;4800;0;0;6000;2400;2000
P193069019;P193069019_6;F;6000;0;0;7200;2400;1620
P193069019;P193069019_7;G;7200;0;0;8400;2400;1620
P193069019;P193069019_8;H;8400;0;0;9600;2400;1620
P193069019;P193069019_9;I;9600;0;0;10800;2400;1900
P193069019;P193069019_10;J;10800;0;0;12000;2400;1900
P193069019;P193069019_11;K;12000;0;0;13200;2400;1900
P193069115;P193069115_1;A;0;0;0;1200;1200;2200
P193069115;P193069115_2;B;0;1240;0;1800;2440;2340
P193069115;P193069115_3;C;1200;0;0;3000;1200;2340
P193069115;P193069115_4;D;1800;1240;0;3600;2440;2340
P193069115;P193069115_5;E;3000;0;0;4800;1200;2340
P193069115;P193069115_6;F;3600;1240;0;5400;2440;2340
P193069115;P193069115_7;G;4800;0;0;6600;1200;2340
P193069115;P193069115_8;H;5400;1240;0;7200;2440;2340
P193069115;P193069115_9;I;6600;0;0;8400;1200;2340
P193069115;P193069115_10;J;7200;1240;0;9000;2440;2340
P193069115;P193069115_11;K;8400;0;0;10200;1200;2340
P193069115;P193069115_12;L;9000;1240;0;11400;2440;2460
P193069115;P193069115_13;M;10200;0;0;12200;1200;2250
P193069115;P193069115_14;N;11400;1240;0;13400;2440;2250
P193069115;P193069115_15;O;12200;0;0;13400;1200;2200
P193069117;P193069117_1;A;0;0;0;1200;2400;2000
P193069117;P193069117_2;B;1200;0;0;2400;2400;2460
P193069117;P193069117_3;C;2400;0;0;3600;2400;2000
P193069117;P193069117_4;D;3600;0;0;4800;2400;2000
P193069117;P193069117_5;E;4800;0;0;6000;2400;1900
P193069117;P193069117_6;F;6000;0;0;7200;2400;1620
P193069117;P193069117_7;G;7200;0;0;8400;2400;2000
P193069117;P193069117_8;H;8400;0;0;9600;2400;2000
P193069117;P193069117_9;I;9600;0;0;10800;2400;2460
P193069117;P193069117_10;J;10800;0;0;12000;2400;1900
P193069117;P193069117_11;K;12000;0;0;13200;2400;1620
P193069017;P193069017_1;A;0;0;0;1200;2400;1800
P193069017;P193069017_2;B;1200;0;0;2400;2400;2460
P193069017;P193069017_3;C;2400;0;0;3600;2400;2460
P193069017;P193069017_4;D;3600;0;0;4800;2400;2460
P193069017;P193069017_5;E;4800;0;0;6000;2400;2460
P193069017;P193069017_6;F;6000;0;0;7200;2400;2460
P193069017;P193069017_7;G;7200;0;0;8400;2400;2460
P193069017;P193069017_8;H;8400;0;0;9600;2400;2460
P193069017;P193069017_9;I;9600;0;0;10800;2400;2460
P193069017;P193069017_10;J;10800;1240;0;12600;2440;2340
P193069017;P193069017_11;K;10800;0;0;12600;1200;2340
P193069017;P193069017_12;L;12600;0;0;13400;600;560
P193069015;P193069015_1;A;0;0;0;2000;1200;2875
P193069015;P193069015_2;B;0;1240;0;2000;2440;2875
P193069015;P193069015_3;C;2000;1240;0;4000;2440;2875
P193069015;P193069015_4;D;2000;0;0;4000;1200;2875
P193069015;P193069015_5;E;4000;0;0;6000;1200;2875
P193069015;P193069015_6;F;4000;1240;0;6000;2440;2875
P193069015;P193069015_7;G;6000;1240;0;8000;2440;2875
P193069015;P193069015_8;H;6000;0;0;8000;1200;2875
P193069015;P193069015_9;I;8000;0;0;10000;1200;2875
P193069015;P193069015_10;J;8000;1240;0;10000;2440;2875
P193069015;P193069015_11;K;10000;1240;0;12000;2440;2875
P193069015;P193069015_12;L;10000;0;0;12400;1200;2460
P193069013;P193069013_1;A;0;0;0;1200;2400;2460
P193069013;P193069013_2;B;1200;0;0;2400;2400;2460
P193069013;P193069013_3;C;2400;0;0;3600;2400;2460
P193069013;P193069013_4;D;3600;0;0;4800;2400;1620
P193069013;P193069013_5;E;4800;0;0;6000;2400;2460
P193069013;P193069013_6;F;6000;0;0;7200;2400;2460
P193069013;P193069013_7;G;7200;0;0;8400;2400;2460
P193069013;P193069013_8;H;8400;0;0;9600;2400;2460
P193069013;P193069013_9;I;9600;0;0;10800;2400;2460
P193069013;P193069013_10;J;10800;0;0;12000;2400;2460
P193069013;P193069013_11;K;12000;0;0;13200;2400;2460
P193069111;P193069111_1;A;0;0;0;1800;1200;2340
P193069111;P193069111_2;B;0;1240;0;1800;2440;2340
P193069111;P193069111_3;C;1800;1240;0;3600;2440;2340
P193069111;P193069111_4;D;1800;0;0;3600;1200;2340
P193069111;P193069111_5;E;3600;0;0;5400;1200;2340
P193069111;P193069111_6;F;3600;1240;0;5400;2440;2340
P193069111;P193069111_7;G;5400;1240;0;7600;2440;1760
P193069111;P193069111_8;H;5400;0;0;7200;1200;2340
P193069111;P193069111_9;I;7200;0;0;9000;1200;2340
P193069111;P193069111_10;J;7600;1240;0;9400;2440;2340
P193069111;P193069111_11;K;9000;0;0;10800;1200;2340
P193069111;P193069111_12;L;9400;1240;0;11200;2440;2340
P193069111;P193069111_13;M;10800;0;0;12800;1200;2875
P193069111;P193069111_14;N;11200;1240;0;13200;2440;2875
P193069009;P193069009_1;A;0;0;0;1200;2400;2000
P193069009;P193069009_2;B;1200;0;0;2400;2400;2000
P193069009;P193069009_3;C;2400;0;0;3600;2400;1900
P193069009;P193069009_4;D;3600;0;0;4800;2400;2460
P193069009;P193069009_5;E;4800;0;0;6000;2400;2460
P193069009;P193069009_6;F;6000;0;0;7200;2400;2460
P193069009;P193069009_7;G;7200;0;0;8400;2400;2000
P193069009;P193069009_8;H;8400;0;0;9600;2400;1620
P193069009;P193069009_9;I;9600;0;0;10800;2400;1900
P193069009;P193069009_10;J;10800;0;0;12000;2400;2460
P193069009;P193069009_11;K;12000;0;0;13200;2400;2460
P193069107;P193069107_1;A;0;0;0;2000;1200;2875
P193069107;P193069107_2;B;0;1240;0;2000;2440;2875
P193069107;P193069107_3;C;2000;1240;0;4000;2440;2875
P193069107;P193069107_4;D;2000;0;0;4000;1200;2875
P193069107;P193069107_5;E;4000;0;0;6000;1200;2875
P193069107;P193069107_6;F;4000;1240;0;6000;2440;2875
P193069107;P193069107_7;G;6000;1240;0;8000;2440;2875
P193069107;P193069107_8;H;6000;0;0;8000;1200;2875
P193069107;P193069107_9;I;8000;0;0;10000;1200;2875
P193069107;P193069107_10;J;8000;1240;0;10000;2440;2875
P193069107;P193069107_11;K;10000;1240;0;12000;2440;2875
P193069107;P193069107_12;L;10000;0;0;12000;1200;2875
P193069107;P193069107_13;M;12000;0;0;13200;2000;2875
P193069007;P193069007_1;A;0;0;0;1800;1200;2340
P193069007;P193069007_2;B;0;1240;0;1800;2440;2340
P193069007;P193069007_3;C;1800;1240;0;3600;2440;2340
P193069007;P193069007_4;D;1800;0;0;3600;1200;2340
P193069007;P193069007_5;E;3600;0;0;5400;1200;2340
P193069007;P193069007_6;F;3600;1240;0;5400;2440;2340
P193069007;P193069007_7;G;5400;1240;0;7200;2440;2340
P193069007;P193069007_8;H;5400;0;0;7800;1200;2460
P193069007;P193069007_9;I;7200;1240;0;9600;2440;2460
P193069007;P193069007_10;J;7800;0;0;10200;1200;2460
P193069007;P193069007_11;K;9600;1240;0;12000;2440;2460
P193069007;P193069007_12;L;10200;0;0;12600;1200;2460
P193069007;P193069007_13;M;12000;1240;0;13200;2440;2200
P193069105;P193069105_1;A;0;0;0;1200;2400;1900
P193069105;P193069105_2;B;1200;0;0;2400;2400;1900
P193069105;P193069105_3;C;2400;0;0;3600;2400;1900
P193069105;P193069105_4;D;3600;0;0;4800;2400;2460
P193069105;P193069105_5;E;4800;0;0;6000;2400;2000
P193069105;P193069105_6;F;6000;0;0;7200;2400;2000
P193069105;P193069105_7;G;7200;0;0;8400;2400;1620
P193069105;P193069105_8;H;8400;0;0;9600;2400;2460
P193069105;P193069105_9;I;9600;0;0;10800;2400;2460
P193069105;P193069105_10;J;10800;0;0;12000;2400;2000
P193069105;P193069105_11;K;12000;0;0;13200;2400;2000
P193069005;P193069005_1;A;0;1240;0;1800;2440;2340
P193069005;P193069005_2;B;0;0;0;1800;1200;2340
P193069005;P193069005_3;C;1800;0;0;3600;1200;2340
P193069005;P193069005_4;D;1800;1240;0;3600;2440;2340
P193069005;P193069005_5;E;3600;1240;0;5400;2440;2340
P193069005;P193069005_6;F;3600;0;0;5400;1200;2340
P193069005;P193069005_7;G;5400;0;0;6600;2400;1620
P193069005;P193069005_8;H;6600;1240;0;8400;2440;2340
P193069005;P193069005_9;I;6600;0;0;8400;1200;2340
P193069005;P193069005_10;J;8400;0;0;9600;2400;2460
P193069005;P193069005_11;K;9600;0;0;10800;2400;2460
P193069005;P193069005_12;L;10800;0;0;12000;2400;2460
P193069005;P193069005_13;M;12000;0;0;13200;2400;2460
P193069003;P193069003_1;A;0;0;0;2000;1200;2875
P193069003;P193069003_2;B;0;1240;0;2000;2440;2875
P193069003;P193069003_3;C;2000;1240;0;4000;2440;2875
P193069003;P193069003_4;D;2000;0;0;4000;1200;2875
P193069003;P193069003_5;E;4000;0;0;6000;1200;2875
P193069003;P193069003_6;F;4000;1240;0;6000;2440;2875
P193069003;P193069003_7;G;6000;1240;0;8000;2440;2875
P193069003;P193069003_8;H;6000;0;0;8000;1200;2875
P193069003;P193069003_9;I;8000;0;0;10000;1200;2875
P193069003;P193069003_10;J;8000;1240;0;10000;2440;2875
P193069003;P193069003_11;K;10000;1240;0;12000;2440;2875
P193069003;P193069003_12;L;10000;0;0;12000;1200;2875
P193069003;P193069003_13;M;12000;0;0;13200;2000;2875
P193069101;P193069101_1;A;0;0;0;1200;2400;2460
P193069101;P193069101_2;B;1200;0;0;2400;2400;2000
P193069101;P193069101_3;C;2400;0;0;3600;2400;1900
P193069101;P193069101_4;D;3600;0;0;4800;2400;1620
P193069101;P193069101_5;E;4800;0;0;6000;2400;2460
P193069101;P193069101_6;F;6000;0;0;7200;2400;2460
P193069101;P193069101_7;G;7200;0;0;8400;2400;1900
P193069101;P193069101_8;H;8400;0;0;9600;2400;2000
P193069101;P193069101_9;I;9600;0;0;10800;2400;2000
P193069101;P193069101_10;J;10800;0;0;12000;2400;1620
P193069101;P193069101_11;K;12000;0;0;13200;2400;2460
P193069001;P193069001_1;A;0;0;0;2000;1200;2875
P193069001;P193069001_2;B;0;1240;0;2000;2440;2875
P193069001;P193069001_3;C;2000;1240;0;4000;2440;2875
P193069001;P193069001_4;D;2000;0;0;4000;1200;2875
P193069001;P193069001_5;E;4000;0;0;6000;1200;2875
P193069001;P193069001_6;F;4000;1240;0;6000;2440;2875
P193069001;P193069001_7;G;6000;1240;0;8000;2440;2875
P193069001;P193069001_8;H;6000;0;0;8000;1200;2875
P193069001;P193069001_9;I;8000;0;0;10000;1200;2875
P193069001;P193069001_10;J;8000;1240;0;10000;2440;2875
P193069001;P193069001_11;K;10000;1240;0;12000;2440;2875
P193069001;P193069001_12;L;10000;0;0;12000;1200;2875
P193069001;P193069001_13;M;12000;0;0;13200;2000;2875
Q193069001_1;Q193069001_1_1;A;0;0;0;2000;1200;2875
Q193069001_1;Q193069001_1_2;B;0;1240;0;2000;2440;2875
Q193069001_1;Q193069001_1_3;C;2000;1240;0;4000;2440;2875
Q193069001_1;Q193069001_1_4;D;2000;0;0;4000;1200;2875
Q193069001_1;Q193069001_1_5;E;4000;0;0;6000;1200;2875
Q193069001_1;Q193069001_1_6;F;4000;1240;0;6000;2440;2875
Q193069001_1;Q193069001_1_7;G;6000;1240;0;8000;2440;2875
Q193069001_1;Q193069001_1_8;H;6000;0;0;8000;1200;2875
Q193069001_1;Q193069001_1_9;I;8000;0;0;10000;1200;2875
Q193069001_1;Q193069001_1_10;J;8000;1240;0;10000;2440;2875
Q193069001_1;Q193069001_1_11;K;10000;1240;0;12000;2440;2875
Q193069001_1;Q193069001_1_12;L;10000;0;0;12000;1200;2875
Q193069001_1;Q193069001_1_13;M;12000;0;0;13200;2000;2875
Q193069001_2;Q193069001_2_1;A;0;0;0;2000;1200;2875
Q193069001_2;Q193069001_2_2;B;0;1240;0;2000;2440;2875
Q193069001_2;Q193069001_2_3;C;2000;1240;0;4000;2440;2875
Q193069001_2;Q193069001_2_4;D;2000;0;0;4000;1200;2875
Q193069001_2;Q193069001_2_5;E;4000;0;0;6000;1200;2875
Q193069001_2;Q193069001_2_6;F;4000;1240;0;6000;2440;2875
Q193069001_2;Q193069001_2_7;G;6000;1240;0;8000;2440;2875
Q193069001_2;Q193069001_2_8;H;6000;0;0;8000;1200;2875
Q193069001_2;Q193069001_2_9;I;8000;0;0;10000;1200;2875
Q193069001_2;Q193069001_2_10;J;8000;1240;0;10000;2440;2875
Q193069001_2;Q193069001_2_11;K;10000;1240;0;12000;2440;2875
Q193069001_2;Q193069001_2_12;L;10000;0;0;12000;1200;1460
P193069025;P193069025_1;A;0;0;0;1200;2400;2500
P193069025;P193069025_2;B;1200;0;0;3000;1200;2340
P193069025;P193069025_3;C;1200;1240;0;3600;2440;2460
P193069025;P193069025_4;D;3000;0;0;5400;1200;2460
P193069025;P193069025_5;E;3600;1240;0;6000;2440;1620
P193069025;P193069025_6;F;5400;0;0;7800;1200;2000
P193069025;P193069025_7;G;6000;1240;0;8400;2440;1900
P193069025;P193069025_8;H;7800;0;0;10200;1200;2460
P193069025;P193069025_9;I;8400;1240;0;10800;2440;2460
P193069025;P193069025_10;J;10200;0;0;12600;1200;2460
P193069025;P193069025_11;K;10800;1240;0;13200;2440;2460
Q193069025_1;Q193069025_1_1;A;0;0;0;1200;2400;1620
Q193069025_1;Q193069025_1_2;B;1200;0;0;2400;2400;1620
Q193069025_1;Q193069025_1_3;C;2400;0;0;3600;2400;2000
Q193069025_1;Q193069025_1_4;D;3600;0;0;4800;2400;2000
Q193069025_1;Q193069025_1_5;E;4800;0;0;6000;2400;2000
Q193069025_1;Q193069025_1_6;F;6000;0;0;7200;2400;2000
Q193069025_1;Q193069025_1_7;G;7200;0;0;8400;2400;1900
Q193069025_1;Q193069025_1_8;H;8400;0;0;9600;2400;1900
Q193069025_1;Q193069025_1_9;I;9600;0;0;10800;2400;2460
Q193069025_1;Q193069025_1_10;J;10800;0;0;12000;2400;2460
P193069027;P193069027_1;A;0;0;0;1800;1200;2340
P193069027;P193069027_2;B;0;1240;0;1800;2440;2340
P193069027;P193069027_3;C;1800;1240;0;3000;2440;2200
P193069027;P193069027_4;D;1800;0;0;3600;1200;2340
P193069027;P193069027_5;E;3000;1240;0;4800;2440;2340
P193069027;P193069027_6;F;3600;0;0;5400;1200;2340
P193069027;P193069027_7;G;4800;1240;0;6600;2440;2340
P193069027;P193069027_8;H;5400;0;0;7200;1200;2340
P193069027;P193069027_9;I;6600;1240;0;8400;2440;2340
P193069027;P193069027_10;J;7200;0;0;9000;1200;2340
P193069027;P193069027_11;K;8400;1240;0;10800;2440;2460
P193069027;P193069027_12;L;9000;0;0;11400;1200;2460
P193069027;P193069027_13;M;10800;1240;0;13200;2440;2000
P193069027;P193069027_14;N;11400;0;0;13200;1200;2340
Q193069027_1;Q193069027_1_1;A;0;0;0;1200;2400;2000
Q193069027_1;Q193069027_1_2;B;1200;0;0;2400;2400;2000
Q193069027_1;Q193069027_1_3;C;2400;0;0;3600;2400;1900
Q193069027_1;Q193069027_1_4;D;3600;0;0;4800;2400;1620
Q193069027_1;Q193069027_1_5;E;4800;0;0;6000;2400;2460
Q193069027_1;Q193069027_1_6;F;6000;0;0;7200;2400;2460
Q193069027_1;Q193069027_1_7;G;7200;0;0;8400;2400;2460
Q193069027_1;Q193069027_1_8;H;8400;0;0;9600;2400;2460
Q193069027_1;Q193069027_1_9;I;9600;0;0;10800;2400;2460
Q193069027_1;Q193069027_1_10;J;10800;0;0;12000;2400;2460
Q193069027_1;Q193069027_1_11;K;12000;0;0;13200;2400;2460
Q193069027_2;Q193069027_2_1;A;0;0;0;1200;2400;2460
Q193069027_2;Q193069027_2_2;B;1200;0;0;2400;2400;2460
Q193069027_2;Q193069027_2_3;C;2400;0;0;4200;1200;2340
Q193069027_2;Q193069027_2_4;D;2400;1240;0;4200;2440;2340
Q193069027_2;Q193069027_2_5;E;4200;1240;0;6000;2440;2340
Q193069027_2;Q193069027_2_6;F;4200;0;0;6000;1200;2340
Q193069027_2;Q193069027_2_7;G;6000;0;0;7800;1200;2340
Q193069027_2;Q193069027_2_8;H;6000;1240;0;7800;2440;2340
Q193069027_2;Q193069027_2_9;I;7800;1240;0;9600;2440;2340
Q193069027_2;Q193069027_2_10;J;7800;0;0;9600;1200;2340
Q193069027_2;Q193069027_2_11;K;9600;0;0;11400;1200;2340
Q193069027_2;Q193069027_2_12;L;9600;1240;0;11400;2440;2340
Q193069027_2;Q193069027_2_13;M;11400;1240;0;13200;2440;2340
Q193069027_2;Q193069027_2_14;N;11400;0;0;13200;1200;2340
Q193069027_3;Q193069027_3_1;A;0;0;0;1800;1200;2340
Q193069027_3;Q193069027_3_2;B;0;1240;0;1800;2440;2340
Q193069027_3;Q193069027_3_3;C;1800;1240;0;3600;2440;2340
Q193069027_3;Q193069027_3_4;D;1800;0;0;3600;1200;2340
Q193069027_3;Q193069027_3_5;E;3600;0;0;5400;1200;2340
Q193069027_3;Q193069027_3_6;F;3600;1240;0;5400;2440;2340
Q193069027_3;Q193069027_3_7;G;5400;1240;0;7200;2440;2340
Q193069027_3;Q193069027_3_8;H;5400;0;0;6600;1200;2200
Q193069027_3;Q193069027_3_9;I;6600;0;0;9000;1200;2000
Q193069027_3;Q193069027_3_10;J;7200;1240;0;9600;2440;1620
Q193069027_3;Q193069027_3_11;K;9000;0;0;11400;1200;1900
Q193069027_3;Q193069027_3_12;L;9600;1240;0;12000;2440;2460
P194060621;P194060621_1;A;0;1240;0;3200;2440;2935
P194060621;P194060621_2;B;0;0;0;2600;1200;2935
P194060621;P194060621_3;C;2600;0;0;5200;1200;2935
P194060621;P194060621_4;D;3200;1240;0;5800;2440;2935
P194060621;P194060621_5;E;5200;0;0;7800;1200;2935
P194060621;P194060621_6;F;5800;1240;0;9000;2440;2935
P194060621;P194060621_7;G;7800;0;0;11000;1200;2935
P194060621;P194060621_8;H;9000;1240;0;12200;2440;2935
P194060621;P194060621_9;I;11000;0;0;13400;1200;2835
P194060621;P194060621_10;J;12200;1240;0;13200;2440;2700
P194060617;P194060617_1;A;0;1240;0;3200;2440;2935
P194060617;P194060617_2;B;0;0;0;3200;1200;2935
P194060617;P194060617_3;C;3200;0;0;6400;1200;2935
P194060617;P194060617_4;D;3200;1240;0;6400;2440;2935
P194060617;P194060617_5;E;6400;1240;0;9600;2440;2935
P194060617;P194060617_6;F;6400;0;0;9000;1200;2935
P194060617;P194060617_7;G;9000;0;0;11600;1200;2935
P194060617;P194060617_8;H;9600;1240;0;12200;2440;2935
P194060617;P194060617_9;I;11600;0;0;13200;1200;2700
P194060617;P194060617_10;J;12200;1240;0;13200;2440;2700
P194060613;P194060613_1;A;0;1240;0;1000;2440;2700
P194060613;P194060613_2;B;0;0;0;2600;1200;2935
P194060613;P194060613_3;C;1000;1240;0;2600;2440;2700
P194060613;P194060613_4;D;2600;0;0;3600;1200;2700
P194060613;P194060613_5;E;2600;1240;0;4200;2440;2700
P194060613;P194060613_6;F;3600;0;0;5200;1200;2700
P194060613;P194060613_7;G;4200;1240;0;5800;2440;2700
P194060613;P194060613_8;H;5200;0;0;6800;1200;2700
P194060613;P194060613_9;I;5800;1240;0;9000;2440;2320
P194060613;P194060613_10;J;6800;0;0;10000;1200;2320
P194060613;P194060613_11;K;9000;1240;0;12200;2440;2320
P194060613;P194060613_12;L;10000;0;0;11600;1200;2700
P194060613;P194060613_13;M;11600;0;0;13200;1200;2700
P194060613;P194060613_14;N;12200;1240;0;13200;2440;2700
P194060611;P194060611_1;A;0;0;0;570;780;1771
P194060611;P194060611_2;B;0;1240;0;3200;2440;2320
P194060611;P194060611_3;C;570;0;0;3770;1200;2855
P194060611;P194060611_4;D;3200;1240;0;4200;2440;2700
P194060611;P194060611_5;E;3770;0;0;5370;1200;2700
P194060611;P194060611_6;F;4200;1240;0;7400;2440;2935
P194060611;P194060611_7;G;5370;0;0;6970;1200;2700
P194060611;P194060611_8;H;6970;0;0;10170;1200;2935
P194060611;P194060611_9;I;7400;1240;0;10600;2440;2935
P194060611;P194060611_10;J;10170;0;0;12770;1200;2935
P194060611;P194060611_11;K;10600;1240;0;13200;2440;2935
P194060611;P194060611_12;L;12770;0;0;13340;780;1771
Q194060611_1;Q194060611_1_1;A;0;1240;0;2600;2440;2935
Q194060611_1;Q194060611_1_2;B;0;0;0;2600;1200;2935
Q194060611_1;Q194060611_1_3;C;2600;0;0;4200;1200;2700
Q194060611_1;Q194060611_1_4;D;2600;1240;0;5000;2440;2360
Q194060611_1;Q194060611_1_5;E;4200;0;0;5200;1200;2700
Q194060611_1;Q194060611_1_6;F;5000;1240;0;6000;2440;2700
Q194060611_1;Q194060611_1_7;G;5200;0;0;6210;1206;1185
Q194060611_1;Q194060611_1_8;H;6000;1240;0;9200;2440;2320
Q194060611_1;Q194060611_1_9;I;6210;0;0;9410;1200;2320
Q194060611_1;Q194060611_1_10;J;9200;1240;0;12400;2440;2935
Q194060611_1;Q194060611_1_11;K;9410;0;0;12610;1200;2935
Q194060611_1;Q194060611_1_12;L;12400;1240;0;13400;2440;2700
Q194060611_1;Q194060611_1_13;M;12610;0;0;13180;780;1771
P194060603;P194060603_1;A;0;0;0;3200;1200;2935
P194060603;P194060603_2;B;0;1240;0;1000;2440;2700
P194060603;P194060603_3;C;1000;1240;0;3400;2440;2835
P194060603;P194060603_4;D;3200;0;0;5800;1200;2935
P194060603;P194060603_5;E;3400;1240;0;6000;2440;2935
P194060603;P194060603_6;F;5800;0;0;6800;1200;2700
P194060603;P194060603_7;G;6000;1240;0;7600;2440;2700
P194060603;P194060603_8;H;6800;0;0;8400;1200;2700
P194060603;P194060603_9;I;7600;1240;0;10800;2440;2320
P194060603;P194060603_10;J;8400;0;0;10000;1200;2700
P194060603;P194060603_11;K;10000;0;0;13200;1200;2935
P194060603;P194060603_12;L;10800;1240;0;13400;2440;2935
Q194060603_1;Q194060603_1_1;A;0;1240;0;3200;2440;2320
Q194060603_1;Q194060603_1_2;B;0;0;0;3200;1200;2935
Q194060603_1;Q194060603_1_3;C;3200;0;0;6400;1200;2935
Q194060603_1;Q194060603_1_4;D;3200;1240;0;6400;2440;2935
Q194060603_1;Q194060603_1_5;E;6400;1240;0;9000;2440;2935
Q194060603_1;Q194060603_1_6;F;6400;0;0;9000;1200;2935
Q194060603_1;Q194060603_1_7;G;9000;0;0;11600;1200;2935
Q194060603_1;Q194060603_1_8;H;9000;1240;0;11600;2440;2935
Q194060603_1;Q194060603_1_9;I;11600;1240;0;13200;2440;2700
Q194060603_1;Q194060603_1_10;J;11600;0;0;13200;1200;2700
Q194060603_2;Q194060603_2_1;A;0;0;0;3200;1200;2320
Q194060603_2;Q194060603_2_2;B;0;1240;0;3200;2440;2855
Q194060603_2;Q194060603_2_3;C;3200;1240;0;4200;2440;2700
Q194060603_2;Q194060603_2_4;D;3200;0;0;4200;1200;2700
Q194060603_2;Q194060603_2_5;E;4200;0;0;5200;1200;2700
Q194060603_2;Q194060603_2_6;F;4200;1240;0;7400;2440;2935
Q194060603_2;Q194060603_2_7;G;5200;0;0;8400;1200;2935
Q194060603_2;Q194060603_2_8;H;7400;1240;0;10600;2440;2935
Q194060603_2;Q194060603_2_9;I;8400;0;0;11600;1200;2935
Q194060603_2;Q194060603_2_10;J;10600;1240;0;13200;2440;2935
Q194060603_2;Q194060603_2_11;K;11600;0;0;13200;1200;2700
Q194060603_3;Q194060603_3_1;A;0;1240;0;2600;2440;2935
Q194060603_3;Q194060603_3_2;B;0;0;0;2600;1200;2935
Q194060603_3;Q194060603_3_3;C;2600;0;0;4200;1200;2700
Q194060603_3;Q194060603_3_4;D;2600;1240;0;4200;2440;2700
Q194060603_3;Q194060603_3_5;E;4200;1240;0;5200;2440;2700
Q194060603_3;Q194060603_3_6;F;4200;0;0;6800;1200;2935
Q194060603_3;Q194060603_3_7;G;5200;1240;0;7800;2440;2935
Q194060603_3;Q194060603_3_8;H;6800;0;0;9400;1200;2935
Q194060603_3;Q194060603_3_9;I;7800;1240;0;11000;2440;2935
Q194060603_3;Q194060603_3_10;J;9400;0;0;12600;1200;2935
Q194060603_3;Q194060603_3_11;K;11000;1240;0;12000;2440;2700
Q194060603_3;Q194060603_3_12;L;12000;1240;0;13000;2440;2700
Q194060603_3;Q194060603_3_13;M;12600;0;0;13170;780;1340
P194060601;P194060601_1;A;0;1240;0;3200;2440;2320
P194060601;P194060601_2;B;0;0;0;3200;1200;2855
P194060601;P194060601_3;C;3200;0;0;6400;1200;2320
P194060601;P194060601_4;D;3200;1240;0;6400;2440;2320
P194060601;P194060601_5;E;6400;1240;0;8000;2440;2700
P194060601;P194060601_6;F;6400;0;0;9000;1200;2935
P194060601;P194060601_7;G;8000;1240;0;9600;2440;2700
P194060601;P194060601_8;H;9000;0;0;10600;1200;2700
P194060601;P194060601_9;I;9600;1240;0;10600;2440;2520
P194060601;P194060601_10;J;10600;0;0;12200;1200;2700
P194060601;P194060601_11;K;10600;1240;0;13200;2440;2935
P194060601;P194060601_12;L;12200;0;0;13200;1200;2700
P193060621;P193060621_1;A;0;0;0;1000;1200;2700
P193060621;P193060621_2;B;0;1240;0;3200;2440;2935
P193060621;P193060621_3;C;1000;0;0;4200;1200;2935
P193060621;P193060621_4;D;3200;1240;0;5800;2440;2935
P193060621;P193060621_5;E;4200;0;0;6800;1200;2935
P193060621;P193060621_6;F;5800;1240;0;8200;2440;1905
P193060621;P193060621_7;G;6800;0;0;10000;1200;2320
P193060621;P193060621_8;H;8200;1240;0;9800;2440;2700
P193060621;P193060621_9;I;9800;1240;0;11400;2440;2700
P193060621;P193060621_10;J;10000;0;0;13200;1200;2855
P193060621;P193060621_11;K;11400;1240;0;12400;2440;2700
P193060621;P193060621_12;L;12400;1240;0;13400;2440;2700
P193060617;P193060617_1;A;0;1660;0;570;2440;1771
P193060617;P193060617_2;B;0;0;0;570;780;478
P193060617;P193060617_3;C;570;0;0;1570;1200;2700
P193060617;P193060617_4;D;570;1234;0;1580;2440;1185
P193060617;P193060617_5;E;1570;0;0;3170;1200;2700
P193060617;P193060617_6;F;1580;1240;0;4180;2440;2935
P193060617;P193060617_7;G;3170;0;0;5770;1200;2935
P193060617;P193060617_8;H;4180;1240;0;7380;2440;2935
P193060617;P193060617_9;I;5770;0;0;8970;1200;2320
P193060617;P193060617_10;J;7380;1240;0;10580;2440;2855
P193060617;P193060617_11;K;8970;0;0;10570;1200;2700
P193060617;P193060617_12;L;10570;0;0;13170;1200;2935
P193060617;P193060617_13;M;10580;1240;0;11580;2440;2700
P193060617;P193060617_14;N;11580;1240;0;13180;2440;2700
P193060613;P193060613_1;A;0;0;0;1200;2400;2360
P193060613;P193060613_2;B;1200;1240;0;4400;2440;2935
P193060613;P193060613_3;C;1200;0;0;3800;1200;2935
P193060613;P193060613_4;D;3800;0;0;6400;1200;2935
P193060613;P193060613_5;E;4400;1240;0;7600;2440;2935
P193060613;P193060613_6;F;6400;0;0;7400;1200;2700
P193060613;P193060613_7;G;7400;0;0;9000;1200;2700
P193060613;P193060613_8;H;7600;1240;0;10800;2440;2935
P193060613;P193060613_9;I;9000;0;0;12200;1200;2320
P193060613;P193060613_10;J;10800;1240;0;13400;2440;2935
P193060613;P193060613_11;K;12200;0;0;13200;1200;2700
P193060611;P193060611_1;A;0;1240;0;3200;2440;2855
P193060611;P193060611_2;B;0;0;0;2600;1200;2935
P193060611;P193060611_3;C;2600;0;0;5800;1200;2935
P193060611;P193060611_4;D;3200;1240;0;4800;2440;2700
P193060611;P193060611_5;E;4800;1240;0;8000;2440;2320
P193060611;P193060611_6;F;5800;0;0;8200;1200;975
P193060611;P193060611_7;G;8000;1240;0;9600;2440;2700
P193060611;P193060611_8;H;8200;0;0;9200;1200;2700
P193060611;P193060611_9;I;9200;0;0;12400;1200;2855
P193060611;P193060611_10;J;9600;1660;0;10170;2440;1340
P193060611;P193060611_11;K;10170;1240;0;13370;2440;2935
P193060611;P193060611_12;L;12400;0;0;13400;1200;2700
P193060603;P193060603_1;A;0;1240;0;3200;2440;2935
P193060603;P193060603_2;B;0;0;0;2600;1200;2935
P193060603;P193060603_3;C;2600;0;0;5200;1200;2935
P193060603;P193060603_4;D;3200;1240;0;4800;2440;2700
P193060603;P193060603_5;E;4800;1240;0;8000;2440;2855
P193060603;P193060603_6;F;5200;0;0;6800;1200;2700
P193060603;P193060603_7;G;6800;0;0;9400;1200;2935
P193060603;P193060603_8;H;8000;1240;0;10600;2440;2935
P193060603;P193060603_9;I;9400;0;0;12000;1200;2935
P193060603;P193060603_10;J;10600;1240;0;13200;2440;2935
P193060603;P193060603_11;K;12000;0;0;13000;1200;2700
P193060601;P193060601_1;A;0;1660;0;570;2440;478
P193060601;P193060601_2;B;0;0;0;570;780;1771
P193060601;P193060601_3;C;0;780;0;570;1560;478
P193060601;P193060601_4;D;570;0;0;1570;1200;2700
P193060601;P193060601_5;E;570;1240;0;2170;2440;2700
P193060601;P193060601_6;F;1570;0;0;2570;1200;2700
P193060601;P193060601_7;G;2170;1240;0;5370;2440;2855
P193060601;P193060601_8;H;2570;0;0;3570;1200;2700
P193060601;P193060601_9;I;3570;0;0;5170;1200;2700
P193060601;P193060601_10;J;5170;0;0;7770;1200;2935
P193060601;P193060601_11;K;5370;1240;0;8570;2440;2935
P193060601;P193060601_12;L;7770;0;0;9370;1200;2700
P193060601;P193060601_13;M;8570;1240;0;11770;2440;2320
P193060601;P193060601_14;N;9370;0;0;12570;1200;2320
P193060601;P193060601_15;O;11770;1240;0;13370;2440;2700
Q193060601_1;Q193060601_1_1;A;0;0;0;2600;1200;2935
Q193060601_1;Q193060601_1_2;B;0;1240;0;2600;2440;2935
Q193060601_1;Q193060601_1_3;C;2600;1240;0;5800;2440;2935
Q193060601_1;Q193060601_1_4;D;2600;0;0;4200;1200;2700
Q193060601_1;Q193060601_1_5;E;4200;0;0;7400;1200;2935
Q193060601_1;Q193060601_1_6;F;5800;1240;0;9000;2440;2935
Q193060601_1;Q193060601_1_7;G;7400;0;0;10600;1200;2935
Q193060601_1;Q193060601_1_8;H;9000;1240;0;11400;2440;975
Q193060601_1;Q193060601_1_9;I;10600;0;0;13200;1200;2935
Q193060601_1;Q193060601_1_10;J;11400;1234;0;12410;2440;1185
Q193060601_1;Q193060601_1_11;K;12410;1240;0;13410;2440;2700
P192060621;P192060621_1;A;0;0;0;3200;1200;2855
P192060621;P192060621_2;B;0;1240;0;3200;2440;2935
P192060621;P192060621_3;C;3200;1240;0;5800;2440;2935
P192060621;P192060621_4;D;3200;0;0;6400;1200;2855
P192060621;P192060621_5;E;5800;1240;0;7400;2440;2700
P192060621;P192060621_6;F;6400;0;0;9600;1200;2935
P192060621;P192060621_7;G;7400;1240;0;10600;2440;2935
P192060621;P192060621_8;H;9600;0;0;12800;1200;2935
P192060621;P192060621_9;I;10600;1240;0;13200;2440;2935
P192060617;P192060617_1;A;0;1240;0;3200;2440;2935
P192060617;P192060617_2;B;0;0;0;2600;1200;2935
P192060617;P192060617_3;C;2600;0;0;5000;1200;2835
P192060617;P192060617_4;D;3200;1240;0;4200;2440;2700
P192060617;P192060617_5;E;4200;1240;0;7400;2440;2320
P192060617;P192060617_6;F;5000;0;0;8200;1200;2855
P192060617;P192060617_7;G;7400;1240;0;9000;2440;2700
P192060617;P192060617_8;H;8200;0;0;9200;1200;2700
P192060617;P192060617_9;I;9000;1240;0;10600;2440;2700
P192060617;P192060617_10;J;9200;0;0;10200;1200;2700
P192060617;P192060617_11;K;10200;0;0;11800;1200;2700
P192060617;P192060617_12;L;10600;1240;0;13200;2440;2935
P192060617;P192060617_13;M;11800;0;0;13400;1200;2700
P192060613;P192060613_1;A;0;0;0;570;780;1771
P192060613;P192060613_2;B;0;1240;0;1000;2440;2700
P192060613;P192060613_3;C;570;0;0;2170;1200;2700
P192060613;P192060613_4;D;1000;1240;0;3600;2440;2935
P192060613;P192060613_5;E;2170;0;0;5370;1200;2935
P192060613;P192060613_6;F;3600;1240;0;6800;2440;2935
P192060613;P192060613_7;G;5370;0;0;7970;1200;2935
P192060613;P192060613_8;H;6800;1240;0;7800;2440;2700
P192060613;P192060613_9;I;7800;1240;0;11000;2440;2320
P192060613;P192060613_10;J;7970;0;0;11170;1200;2855
P192060613;P192060613_11;K;11000;1240;0;13400;2440;500
P192060613;P192060613_12;L;11170;0;0;12770;1200;2700
P192060613;P192060613_13;M;12770;0;0;13340;780;909
P192060611;P192060611_1;A;0;1240;0;3200;2440;2935
P192060611;P192060611_2;B;0;0;0;2600;1200;2935
P192060611;P192060611_3;C;2600;0;0;5800;1200;2935
P192060611;P192060611_4;D;3200;1240;0;5800;2440;2935
P192060611;P192060611_5;E;5800;0;0;8400;1200;2935
P192060611;P192060611_6;F;5800;1240;0;6800;2440;2700
P192060611;P192060611_7;G;6800;1240;0;10000;2440;2855
P192060611;P192060611_8;H;8400;0;0;11000;1200;2935
P192060611;P192060611_9;I;10000;1240;0;13200;2440;2935
P192060611;P192060611_10;J;11000;0;0;13400;1200;2835
P192060603;P192060603_1;A;0;1240;0;3200;2440;2320
P192060603;P192060603_2;B;0;0;0;1600;1200;2700
P192060603;P192060603_3;C;1600;0;0;2600;1200;2700
P192060603;P192060603_4;D;2600;0;0;4200;1200;2700
P192060603;P192060603_5;E;3200;1240;0;4800;2440;2700
P192060603;P192060603_6;F;4200;0;0;5200;1200;2700
P192060603;P192060603_7;G;4800;1660;0;5370;2440;1340
P192060603;P192060603_8;H;5200;0;0;8400;1200;2935
P192060603;P192060603_9;I;5370;1240;0;8570;2440;2935
P192060603;P192060603_10;J;8400;0;0;11600;1200;2935
P192060603;P192060603_11;K;8570;1240;0;11770;2440;2855
P192060603;P192060603_12;L;11600;0;0;12600;1200;2700
P192060603;P192060603_13;M;11770;1240;0;13370;2440;2700
Q192060603_1;Q192060603_1_1;A;0;0;0;3200;1200;2935
Q192060603_1;Q192060603_1_2;B;0;1240;0;2600;2440;2935
Q192060603_1;Q192060603_1_3;C;2600;1240;0;5800;2440;2935
Q192060603_1;Q192060603_1_4;D;3200;0;0;5800;1200;2935
Q192060603_1;Q192060603_1_5;E;5800;1240;0;9000;2440;2855
Q192060603_1;Q192060603_1_6;F;5800;0;0;8400;1200;2935
Q192060603_1;Q192060603_1_7;G;8400;0;0;11000;1200;2935
Q192060603_1;Q192060603_1_8;H;9000;1240;0;10000;2440;1815
Q192060603_1;Q192060603_1_9;I;10000;1240;0;13200;2440;2935
Q192060603_1;Q192060603_1_10;J;11000;0;0;12600;1200;2700
P192060601;P192060601_1;A;0;0;0;1000;1200;2700
P192060601;P192060601_2;B;0;1240;0;1000;2440;2700
P192060601;P192060601_3;C;1000;1240;0;2000;2440;930
P192060601;P192060601_4;D;1000;0;0;2600;1200;2700
P192060601;P192060601_5;E;2000;1240;0;3600;2440;2700
P192060601;P192060601_6;F;2600;0;0;4200;1200;1815
P192060601;P192060601_7;G;3600;1240;0;6800;2440;500
P192060601;P192060601_8;H;4200;0;0;5800;1200;2700
P192060601;P192060601_9;I;5800;0;0;7400;1200;2700
P192060601;P192060601_10;J;6800;1240;0;8400;2440;2700
P192060601;P192060601_11;K;7400;0;0;9000;1200;2700
P192060601;P192060601_12;L;8400;1240;0;10000;2440;2700
P192060601;P192060601_13;M;9000;0;0;11400;1200;1865
P192060601;P192060601_14;N;10000;1240;0;13200;2440;2320
P192060601;P192060601_15;O;11400;0;0;12400;1200;2700
P192060601;P192060601_16;P;12400;0;0;13400;1200;2700
Q192060601_1;Q192060601_1_1;A;0;1240;0;3200;2440;2935
Q192060601_1;Q192060601_1_2;B;0;0;0;2600;1200;2935
Q192060601_1;Q192060601_1_3;C;2600;0;0;5200;1200;2935
Q192060601_1;Q192060601_1_4;D;3200;1240;0;4800;2440;2700
Q192060601_1;Q192060601_1_5;E;4800;1240;0;8000;2440;2855
Q192060601_1;Q192060601_1_6;F;5200;0;0;6210;1206;1185
Q192060601_1;Q192060601_1_7;G;6210;0;0;8810;1200;2935
Q192060601_1;Q192060601_1_8;H;8000;1240;0;11200;2440;2935
Q192060601_1;Q192060601_1_9;I;8810;0;0;11410;1200;1490
Q192060601_1;Q192060601_1_10;J;11200;1240;0;12800;2440;2700
Q192060601_1;Q192060601_1_11;K;11410;0;0;12410;1200;2700
Q192060601_1;Q192060601_1_12;L;12410;0;0;13410;1200;930
Q192060601_1;Q192060601_1_13;M;12800;1660;0;13370;2440;478
P191060621;P191060621_1;A;0;0;0;1600;1200;2700
P191060621;P191060621_2;B;0;1240;0;3200;2440;2320
P191060621;P191060621_3;C;1600;0;0;4800;1200;2935
P191060621;P191060621_4;D;3200;1240;0;6400;2440;2935
P191060621;P191060621_5;E;4800;0;0;7200;1200;2835
P191060621;P191060621_6;F;6400;1240;0;7400;2440;2700
P191060621;P191060621_7;G;7200;0;0;10400;1200;2855
P191060621;P191060621_8;H;7400;1240;0;10600;2440;2935
P191060621;P191060621_9;I;10400;0;0;13000;1200;2935
P191060621;P191060621_10;J;10600;1240;0;12200;2440;2700
P191060621;P191060621_11;K;12200;1240;0;13200;2440;2700
P191060617;P191060617_1;A;0;0;0;2600;1200;2935
P191060617;P191060617_2;B;0;1240;0;2400;2440;975
P191060617;P191060617_3;C;2400;1240;0;3400;2440;2700
P191060617;P191060617_4;D;2600;0;0;5800;1200;2320
P191060617;P191060617_5;E;3400;1240;0;6600;2440;2855
P191060617;P191060617_6;F;5800;0;0;6370;780;1771
P191060617;P191060617_7;G;6370;0;0;7370;1200;2700
P191060617;P191060617_8;H;6600;1240;0;9200;2440;2935
P191060617;P191060617_9;I;7370;0;0;10570;1200;2935
P191060617;P191060617_10;J;9200;1240;0;12400;2440;2935
P191060617;P191060617_11;K;10570;0;0;13170;1200;2935
P191060617;P191060617_12;L;12400;1240;0;13400;2440;2700
P191060613;P191060613_1;A;0;1240;0;3200;2440;2935
P191060613;P191060613_2;B;0;0;0;2600;1200;2935
P191060613;P191060613_3;C;2600;0;0;4200;1200;2700
P191060613;P191060613_4;D;3200;1240;0;6400;2440;2855
P191060613;P191060613_5;E;4200;0;0;7400;1200;2935
P191060613;P191060613_6;F;6400;1240;0;8000;2440;2700
P191060613;P191060613_7;G;7400;0;0;10600;1200;2855
P191060613;P191060613_8;H;8000;1240;0;9600;2440;2700
P191060613;P191060613_9;I;9600;1240;0;12000;2440;1430
P191060613;P191060613_10;J;10600;0;0;13200;1200;2935
P191060613;P191060613_11;K;12000;1240;0;13000;2440;2700
P191060611;P191060611_1;A;0;1240;0;3200;2440;2935
P191060611;P191060611_2;B;0;0;0;3200;1200;2935
P191060611;P191060611_3;C;3200;0;0;4200;1200;1815
P191060611;P191060611_4;D;3200;1240;0;4800;2440;1815
P191060611;P191060611_5;E;4200;0;0;5800;1200;2700
P191060611;P191060611_6;F;4800;1660;0;5370;2440;909
P191060611;P191060611_7;G;5370;1240;0;6970;2440;2700
P191060611;P191060611_8;H;5800;0;0;9000;1200;2320
P191060611;P191060611_9;I;6970;1240;0;10170;2440;2935
P191060611;P191060611_10;J;9000;0;0;11600;1200;2935
P191060611;P191060611_11;K;10170;1240;0;13370;2440;2935
P191060611;P191060611_12;L;11600;0;0;12600;1200;1815
Q191060611_1;Q191060611_1_1;A;0;0;0;2600;1200;2935
Q191060611_1;Q191060611_1_2;B;0;1240;0;1000;2440;1815
Q191060611_1;Q191060611_1_3;C;1000;1240;0;4200;2440;2320
Q191060611_1;Q191060611_1_4;D;2600;0;0;5000;1200;1905
Q191060611_1;Q191060611_1_5;E;4200;1240;0;5800;2440;1815
Q191060611_1;Q191060611_1_6;F;5000;0;0;6000;1200;930
Q191060611_1;Q191060611_1_7;G;5800;1240;0;7400;2440;930
Q191060611_1;Q191060611_1_8;H;6000;0;0;9200;1200;500
P192069131;P192069131_1;A;0;0;0;2000;1200;2875
P192069131;P192069131_2;B;0;1200;0;2000;2400;2875
P192069131;P192069131_3;C;2000;1240;0;4000;2440;2875
P192069131;P192069131_4;D;2000;0;0;4000;1200;2875
P192069131;P192069131_5;E;4000;0;0;6000;1200;2875
P192069131;P192069131_6;F;4000;1200;0;6000;2400;2875
P192069131;P192069131_7;G;6000;1240;0;8000;2440;2875
P192069131;P192069131_8;H;6000;0;0;8000;1200;2875
P192069131;P192069131_9;I;8000;1240;0;10000;2440;2875
P192069131;P192069131_10;J;8000;0;0;10000;1200;2875
P192069131;P192069131_11;K;10000;0;0;12000;1200;2875
P192069131;P192069131_12;L;10000;1240;0;12000;2440;2875
P192069131;P192069131_13;M;12000;0;0;13200;2000;2875
P192069127;P192069127_1;A;0;0;0;1200;1200;2200
P192069127;P192069127_2;B;0;1240;0;1800;2440;2340
P192069127;P192069127_3;C;1200;0;0;3000;1200;2340
P192069127;P192069127_4;D;1800;1240;0;3600;2440;2340
P192069127;P192069127_5;E;3000;0;0;4800;1200;2340
P192069127;P192069127_6;F;3600;1240;0;5400;2440;2340
P192069127;P192069127_7;G;4800;0;0;7200;1200;2460
P192069127;P192069127_8;H;5400;1240;0;7800;2440;2460
P192069127;P192069127_9;I;7200;0;0;9000;1200;2340
P192069127;P192069127_10;J;7800;1240;0;9800;2440;2875
P192069127;P192069127_11;K;9000;0;0;11000;1200;2875
P192069127;P192069127_12;L;9800;1240;0;11600;2440;2340
P192069127;P192069127_13;M;11000;0;0;13400;1200;1620
P192069127;P192069127_14;N;11600;1240;0;13400;2440;2340
P192069011;P192069011_1;A;0;1240;0;2000;2440;2875
P192069011;P192069011_2;B;0;0;0;2400;1200;2460
P192069011;P192069011_3;C;2000;1240;0;4400;2440;2460
P192069011;P192069011_4;D;2400;0;0;4800;1200;2460
P192069011;P192069011_5;E;4400;1240;0;6800;2440;2460
P192069011;P192069011_6;F;4800;0;0;7200;1200;2460
P192069011;P192069011_7;G;6800;1240;0;9200;2440;2460
P192069011;P192069011_8;H;7200;0;0;9200;1200;2250
P192069011;P192069011_9;I;9200;0;0;11000;1200;2340
P192069011;P192069011_10;J;9200;1240;0;11000;2440;2340
P192069011;P192069011_11;K;11000;0;0;12200;2400;2460
P192069011;P192069011_12;L;12200;0;0;13400;2000;2250
P192069021;P192069021_1;A;0;0;0;1200;2400;1800
P192069021;P192069021_2;B;1200;0;0;2400;2400;2000
P192069021;P192069021_3;C;2400;0;0;3600;2400;2000
P192069021;P192069021_4;D;3600;0;0;4800;2400;2000
P192069021;P192069021_5;E;4800;0;0;6000;2400;1620
P192069021;P192069021_6;F;6000;0;0;7200;2400;1740
P192069021;P192069021_7;G;7200;0;0;8400;2400;1900
P192069021;P192069021_8;H;8400;0;0;9600;2400;1900
P192069021;P192069021_9;I;9600;0;0;10800;2400;2000
P192069021;P192069021_10;J;10800;1240;0;12600;2440;2340
P192069021;P192069021_11;K;10800;0;0;12600;1200;2340
P192069119;P192069119_1;A;0;0;0;2000;1200;2875
P192069119;P192069119_2;B;0;1200;0;2000;2400;2875
P192069119;P192069119_3;C;2000;1240;0;4000;2440;2875
P192069119;P192069119_4;D;2000;0;0;4000;1200;2875
P192069119;P192069119_5;E;4000;0;0;6000;1200;2875
P192069119;P192069119_6;F;4000;1240;0;6000;2440;2875
P192069119;P192069119_7;G;6000;1240;0;8000;2440;2875
P192069119;P192069119_8;H;6000;0;0;8000;1200;2875
P192069119;P192069119_9;I;8000;0;0;10000;1200;2875
P192069119;P192069119_10;J;8000;1240;0;10000;2440;2875
P192069119;P192069119_11;K;10000;1240;0;12000;2440;2875
P192069119;P192069119_12;L;10000;0;0;12000;1200;2875
P192069119;P192069119_13;M;12000;0;0;13200;2000;2875
P192069115;P192069115_1;A;0;0;0;1200;2400;2460
P192069115;P192069115_2;B;1200;40;0;2400;2440;2460
P192069115;P192069115_3;C;2400;0;0;3600;2400;2460
P192069115;P192069115_4;D;3600;0;0;4800;2400;1900
P192069115;P192069115_5;E;4800;0;0;6000;2400;2460
P192069115;P192069115_6;F;6000;0;0;7200;2400;2460
P192069115;P192069115_7;G;7200;1240;0;9000;2440;2340
P192069115;P192069115_8;H;7200;0;0;9000;1200;2340
P192069115;P192069115_9;I;9000;0;0;10800;1200;2340
P192069115;P192069115_10;J;9000;1240;0;10800;2440;2340
P192069115;P192069115_11;K;10800;1240;0;12600;2440;2340
P192069115;P192069115_12;L;10800;0;0;13200;1200;2460
P192069017;P192069017_1;A;0;0;0;1200;2400;1620
P192069017;P192069017_2;B;1200;0;0;2400;2400;2000
P192069017;P192069017_3;C;2400;0;0;3600;2400;1620
P192069017;P192069017_4;D;3600;0;0;4800;2400;2000
P192069017;P192069017_5;E;4800;0;0;6000;2400;2000
P192069017;P192069017_6;F;6000;0;0;7200;2400;1620
P192069017;P192069017_7;G;7200;0;0;8400;2400;1900
P192069017;P192069017_8;H;8400;0;0;9600;2400;2000
P192069017;P192069017_9;I;9600;0;0;10800;2400;2460
P192069017;P192069017_10;J;10800;0;0;12000;2400;2460
P192069017;P192069017_11;K;12000;0;0;13200;2400;2460
P192069015;P192069015_1;A;0;0;0;1200;2400;2460
P192069015;P192069015_2;B;1200;40;0;2400;2440;2460
P192069015;P192069015_3;C;2400;1240;0;4400;2440;2875
P192069015;P192069015_4;D;2400;0;0;4400;1200;2875
P192069015;P192069015_5;E;4400;0;0;6400;1200;2875
P192069015;P192069015_6;F;4400;1240;0;6400;2440;2875
P192069015;P192069015_7;G;6400;1240;0;8400;2440;2875
P192069015;P192069015_8;H;6400;0;0;8400;1200;2875
P192069015;P192069015_9;I;8400;0;0;9600;2400;2460
P192069015;P192069015_10;J;9600;0;0;10800;2400;2460
P192069015;P192069015_11;K;10800;0;0;12000;2400;2460
P192069015;P192069015_12;L;12000;0;0;13200;2400;2460
P192069013;P192069013_1;A;0;0;0;1200;2400;2000
P192069013;P192069013_2;B;1200;0;0;2400;2400;1620
P192069013;P192069013_3;C;2400;0;0;3600;2400;1900
P192069013;P192069013_4;D;3600;0;0;4800;2400;2460
P192069013;P192069013_5;E;4800;0;0;6000;2400;2000
P192069013;P192069013_6;F;6000;0;0;7200;2400;2460
P192069013;P192069013_7;G;7200;0;0;8400;2400;2460
P192069013;P192069013_8;H;8400;0;0;9600;2400;2460
P192069013;P192069013_9;I;9600;0;0;10800;2400;2500
P192069013;P192069013_10;J;10800;0;0;12000;2400;2460
P192069013;P192069013_11;K;12000;0;0;13200;2400;2460
P192069111;P192069111_1;A;0;1240;0;1800;2440;2340
P192069111;P192069111_2;B;0;0;0;1800;1200;2340
P192069111;P192069111_3;C;1800;0;0;3600;1200;2340
P192069111;P192069111_4;D;1800;1240;0;3000;2440;2200
P192069111;P192069111_5;E;3000;1240;0;4800;2440;2340
P192069111;P192069111_6;F;3600;0;0;5400;1200;2340
P192069111;P192069111_7;G;4800;1240;0;6600;2440;2340
P192069111;P192069111_8;H;5400;0;0;7200;1200;2340
P192069111;P192069111_9;I;6600;1240;0;8400;2440;2340
P192069111;P192069111_10;J;7200;0;0;9400;1200;1760
P192069111;P192069111_11;K;8400;1240;0;10200;2440;2340
P192069111;P192069111_12;L;9400;0;0;11400;1200;2875
P192069111;P192069111_13;M;10200;1240;0;12200;2440;2875
P192069111;P192069111_14;N;11400;0;0;13400;1200;2875
P192069111;P192069111_15;O;12200;1240;0;13400;2440;2200
P192069009;P192069009_1;A;0;40;0;1200;2440;2460
P192069009;P192069009_2;B;1200;0;0;2400;2400;2000
P192069009;P192069009_3;C;2400;0;0;3600;2400;2000
P192069009;P192069009_4;D;3600;0;0;4800;2400;2000
P192069009;P192069009_5;E;4800;0;0;6000;2400;1620
P192069009;P192069009_6;F;6000;0;0;7200;2400;1620
P192069009;P192069009_7;G;7200;0;0;8400;2400;1900
P192069009;P192069009_8;H;8400;0;0;9600;2400;2000
P192069009;P192069009_9;I;9600;0;0;10800;2400;2460
P192069009;P192069009_10;J;10800;0;0;12000;2400;1900
P192069009;P192069009_11;K;12000;0;0;13200;2400;2460
P192069107;P192069107_1;A;0;0;0;2000;1200;2875
P192069107;P192069107_2;B;0;1200;0;2000;2400;2875
P192069107;P192069107_3;C;2000;1240;0;4000;2440;2875
P192069107;P192069107_4;D;2000;0;0;4000;1200;2875
P192069107;P192069107_5;E;4000;1240;0;6000;2440;2875
P192069107;P192069107_6;F;4000;0;0;6000;1200;2875
P192069107;P192069107_7;G;6000;0;0;8000;1200;2875
P192069107;P192069107_8;H;6000;1240;0;8000;2440;2875
P192069107;P192069107_9;I;8000;1240;0;10000;2440;2875
P192069107;P192069107_10;J;8000;0;0;10000;1200;2875
P192069107;P192069107_11;K;10000;0;0;12000;1200;2875
P192069107;P192069107_12;L;10000;1240;0;12000;2440;2875
P192069107;P192069107_13;M;12000;0;0;13200;2000;2875
P192069007;P192069007_1;A;0;0;0;1800;1200;2340
P192069007;P192069007_2;B;0;1240;0;1800;2440;2340
P192069007;P192069007_3;C;1800;1640;0;2400;2440;560
P192069007;P192069007_4;D;1800;0;0;3600;1200;2340
P192069007;P192069007_5;E;2400;1240;0;4200;2440;2340
P192069007;P192069007_6;F;3600;0;0;5400;1200;2340
P192069007;P192069007_7;G;4200;1240;0;6000;2440;2340
P192069007;P192069007_8;H;5400;0;0;7200;1200;2340
P192069007;P192069007_9;I;6000;1240;0;7800;2440;2340
P192069007;P192069007_10;J;7200;0;0;9600;1200;2460
P192069007;P192069007_11;K;7800;1240;0;10200;2440;2460
P192069007;P192069007_12;L;9600;0;0;12000;1200;2460
P192069007;P192069007_13;M;10200;1240;0;12600;2440;2460
P192069105;P192069105_1;A;0;0;0;1200;2400;1900
P192069105;P192069105_2;B;1200;0;0;2400;2400;2000
P192069105;P192069105_3;C;2400;0;0;3600;2400;1620
P192069105;P192069105_4;D;3600;0;0;4800;2400;1620
P192069105;P192069105_5;E;4800;0;0;6000;2400;2460
P192069105;P192069105_6;F;6000;0;0;7200;2400;2460
P192069105;P192069105_7;G;7200;0;0;8400;2400;2460
P192069105;P192069105_8;H;8400;0;0;9600;2400;2000
P192069105;P192069105_9;I;9600;0;0;10800;2400;1620
P192069105;P192069105_10;J;10800;0;0;12000;2400;2460
P192069105;P192069105_11;K;12000;0;0;13200;2400;2460
P192069005;P192069005_1;A;0;0;0;1800;1200;2340
P192069005;P192069005_2;B;0;1240;0;1800;2440;2340
P192069005;P192069005_3;C;1800;1240;0;3600;2440;2340
P192069005;P192069005_4;D;1800;0;0;3600;1200;2340
P192069005;P192069005_5;E;3600;0;0;5400;1200;2340
P192069005;P192069005_6;F;3600;1240;0;5400;2440;2340
P192069005;P192069005_7;G;5400;0;0;6600;2400;2000
P192069005;P192069005_8;H;6600;0;0;7800;2400;1900
P192069005;P192069005_9;I;7800;1240;0;9600;2440;2340
P192069005;P192069005_10;J;7800;0;0;9600;1200;2340
P192069005;P192069005_11;K;9600;0;0;11400;1200;2340
P192069005;P192069005_12;L;9600;1240;0;12000;2440;2460
P192069003;P192069003_1;A;0;0;0;2000;1200;2875
P192069003;P192069003_2;B;0;1200;0;2000;2400;2875
P192069003;P192069003_3;C;2000;1240;0;4000;2440;2875
P192069003;P192069003_4;D;2000;0;0;4000;1200;2875
P192069003;P192069003_5;E;4000;0;0;6000;1200;2875
P192069003;P192069003_6;F;4000;1240;0;6000;2440;2875
P192069003;P192069003_7;G;6000;1240;0;8000;2440;2875
P192069003;P192069003_8;H;6000;0;0;8000;1200;2875
P192069003;P192069003_9;I;8000;0;0;10000;1200;2875
P192069003;P192069003_10;J;8000;1240;0;10000;2440;2875
P192069003;P192069003_11;K;10000;1240;0;12000;2440;2875
P192069003;P192069003_12;L;10000;0;0;12000;1200;2875
P192069003;P192069003_13;M;12000;0;0;13200;2000;2875
P192069101;P192069101_1;A;0;0;0;1200;2400;2460
P192069101;P192069101_2;B;1200;40;0;2400;2440;2460
P192069101;P192069101_3;C;2400;1240;0;4200;2440;2340
P192069101;P192069101_4;D;2400;0;0;4800;1200;2000
P192069101;P192069101_5;E;4200;1240;0;6600;2440;2000
P192069101;P192069101_6;F;4800;0;0;7200;1200;2000
P192069101;P192069101_7;G;6600;1240;0;9000;2440;1900
P192069101;P192069101_8;H;7200;0;0;9600;1200;2460
P192069101;P192069101_9;I;9000;1240;0;11400;2440;2460
P192069101;P192069101_10;J;9600;0;0;12000;1200;2460
P192069101;P192069101_11;K;12000;40;0;13200;2440;2460
P192069001;P192069001_1;A;0;0;0;2000;1200;2875
P192069001;P192069001_2;B;0;1200;0;2000;2400;2875
P192069001;P192069001_3;C;2000;1240;0;4000;2440;2875
P192069001;P192069001_4;D;2000;0;0;4000;1200;2875
P192069001;P192069001_5;E;4000;1240;0;6000;2440;2875
P192069001;P192069001_6;F;4000;0;0;6000;1200;2875
P192069001;P192069001_7;G;6000;0;0;8000;1200;2875
P192069001;P192069001_8;H;6000;1240;0;8000;2440;2875
P192069001;P192069001_9;I;8000;1240;0;10000;2440;2875
P192069001;P192069001_10;J;8000;0;0;10000;1200;2875
P192069001;P192069001_11;K;10000;0;0;12000;1200;2875
P192069001;P192069001_12;L;10000;1240;0;12000;2440;2875
P192069001;P192069001_13;M;12000;0;0;13200;2000;2875
P192069025;P192069025_1;A;0;0;0;1200;2400;1620
P192069025;P192069025_2;B;1200;40;0;2400;2440;1620
P192069025;P192069025_3;C;2400;0;0;3600;2400;2460
P192069025;P192069025_4;D;3600;0;0;4800;2400;2460
P192069025;P192069025_5;E;4800;0;0;6000;2400;2460
P192069025;P192069025_6;F;6000;0;0;7200;2400;2460
P192069025;P192069025_7;G;7200;0;0;8400;2400;2460
P192069025;P192069025_8;H;8400;0;0;9600;2400;2460
P192069025;P192069025_9;I;9600;0;0;10800;2400;2460
P192069025;P192069025_10;J;10800;0;0;12000;2400;2000
P192069025;P192069025_11;K;12000;0;0;13200;2400;2000
P192069027;P192069027_1;A;0;40;0;1200;2440;1900
P192069027;P192069027_2;B;1200;0;0;2400;2400;1900
P192069027;P192069027_3;C;2400;0;0;3600;2400;2000
P192069027;P192069027_4;D;3600;0;0;4800;2400;2000
P192069027;P192069027_5;E;4800;0;0;6000;2400;1620
P192069027;P192069027_6;F;6000;1240;0;7800;2440;2400
P192069027;P192069027_7;G;6000;0;0;7800;1200;2340
P192069027;P192069027_8;H;7800;0;0;9600;1200;2340
P192069027;P192069027_9;I;7800;1240;0;9600;2440;2340
P192069027;P192069027_10;J;9600;1240;0;11400;2440;2340
P192069027;P192069027_11;K;9600;0;0;11400;1200;2340
P192069027;P192069027_12;L;11400;0;0;13200;1200;2340
P192069027;P192069027_13;M;11400;1240;0;13200;2440;2340
P191069131;P191069131_1;A;0;0;0;2000;1200;2875
P191069131;P191069131_2;B;0;1200;0;2000;2400;2875
P191069131;P191069131_3;C;2000;1240;0;4000;2440;2875
P191069131;P191069131_4;D;2000;0;0;4000;1200;2875
P191069131;P191069131_5;E;4000;0;0;6000;1200;2875
P191069131;P191069131_6;F;4000;1240;0;6000;2440;2875
P191069131;P191069131_7;G;6000;1240;0;8000;2440;2875
P191069131;P191069131_8;H;6000;0;0;8000;1200;2875
P191069131;P191069131_9;I;8000;0;0;10000;1200;2875
P191069131;P191069131_10;J;8000;1240;0;10000;2440;2875
P191069131;P191069131_11;K;10000;1240;0;12000;2440;2875
P191069131;P191069131_12;L;10000;0;0;12000;1200;2875
P191069131;P191069131_13;M;12000;0;0;13200;2000;2875
P191069127;P191069127_1;A;0;0;0;1200;2400;1800
P191069127;P191069127_2;B;1200;1240;0;3000;2440;2340
P191069127;P191069127_3;C;1200;0;0;3000;1200;2340
P191069127;P191069127_4;D;3000;0;0;4800;1200;2340
P191069127;P191069127_5;E;3000;1240;0;4800;2440;2340
P191069127;P191069127_6;F;4800;1240;0;6600;2440;2340
P191069127;P191069127_7;G;4800;0;0;6600;1200;2340
P191069127;P191069127_8;H;6600;0;0;8400;1200;2340
P191069127;P191069127_9;I;6600;1240;0;8400;2440;2340
P191069127;P191069127_10;J;8400;1240;0;9600;2440;2200
P191069127;P191069127_11;K;8400;0;0;9600;1200;2200
P191069127;P191069127_12;L;9600;0;0;11400;1200;2340
P191069127;P191069127_13;M;9600;1240;0;12000;2440;2000
P191069127;P191069127_14;N;11400;0;0;13400;1200;2875
P191069127;P191069127_15;O;12000;1240;0;13200;2440;2200
P191069031;P191069031_1;A;0;0;0;1200;2400;2460
P191069031;P191069031_2;B;1200;40;0;2400;2440;2460
P191069031;P191069031_3;C;2400;0;0;3600;2400;1900
P191069031;P191069031_4;D;3600;0;0;4800;2400;1620
P191069031;P191069031_5;E;4800;0;0;6000;2400;2500
P191069031;P191069031_6;F;6000;0;0;7200;2400;2000
P191069031;P191069031_7;G;7200;0;0;8400;2400;2000
P191069031;P191069031_8;H;8400;0;0;9600;2400;2000
P191069031;P191069031_9;I;9600;0;0;10800;2400;2460
P191069031;P191069031_10;J;10800;0;0;12000;2400;2460
P191069031;P191069031_11;K;12000;0;0;13200;2400;2460
P191069125;P191069125_1;A;0;0;0;1800;1200;2340
P191069125;P191069125_2;B;0;1200;0;1800;2400;2340
P191069125;P191069125_3;C;1800;1240;0;3600;2440;2340
P191069125;P191069125_4;D;1800;0;0;3600;1200;2340
P191069125;P191069125_5;E;3600;0;0;5400;1200;2340
P191069125;P191069125_6;F;3600;1240;0;5400;2440;2340
P191069125;P191069125_7;G;5400;1240;0;7200;2440;2340
P191069125;P191069125_8;H;5400;0;0;7200;1200;2340
P191069125;P191069125_9;I;7200;0;0;9000;1200;2340
P191069125;P191069125_10;J;7200;1240;0;9000;2440;2340
P191069125;P191069125_11;K;9000;1240;0;10800;2440;2340
P191069125;P191069125_12;L;9000;0;0;10800;1200;2340
P191069125;P191069125_13;M;10800;0;0;12000;2400;1900
P191069125;P191069125_14;N;12000;0;0;13200;2400;1900
P191069011;P191069011_1;A;0;0;0;2000;1200;2875
P191069011;P191069011_2;B;0;1200;0;2000;2400;2875
P191069011;P191069011_3;C;2000;1240;0;4000;2440;2875
P191069011;P191069011_4;D;2000;0;0;4000;1200;2875
P191069011;P191069011_5;E;4000;0;0;6000;1200;2875
P191069011;P191069011_6;F;4000;1240;0;6000;2440;2875
P191069011;P191069011_7;G;6000;1240;0;8000;2440;2875
P191069011;P191069011_8;H;6000;0;0;8000;1200;2875
P191069011;P191069011_9;I;8000;0;0;10000;1200;2875
P191069011;P191069011_10;J;8000;1240;0;10000;2440;2875
P191069011;P191069011_11;K;10000;1240;0;12000;2440;2875
P191069011;P191069011_12;L;10000;0;0;12000;1200;2875
P191069011;P191069011_13;M;12000;0;0;13200;2400;2460
P191069113;P191069113_1;A;0;0;0;1200;2400;1620
P191069113;P191069113_2;B;1200;0;0;2400;2400;1620
P191069113;P191069113_3;C;2400;0;0;3600;2400;1620
P191069113;P191069113_4;D;3600;1240;0;5600;2440;2250
P191069113;P191069113_5;E;3600;0;0;5600;1200;2250
P191069113;P191069113_6;F;5600;0;0;7400;1200;2340
P191069113;P191069113_7;G;5600;1240;0;7400;2440;2340
P191069113;P191069113_8;H;7400;0;0;8600;2400;2460
P191069113;P191069113_9;I;8600;0;0;9800;2400;2460
P191069113;P191069113_10;J;9800;0;0;11000;2400;2460
P191069113;P191069113_11;K;11000;0;0;12200;2400;2460
P191069113;P191069113_12;L;12200;0;0;13400;2400;2460
P191069123;P191069123_1;A;0;0;0;1800;1200;2340
P191069123;P191069123_2;B;0;1240;0;2400;2440;1900
P191069123;P191069123_3;C;1800;0;0;4200;1200;2460
P191069123;P191069123_4;D;2400;1240;0;4200;2440;2340
P191069123;P191069123_5;E;4200;1240;0;6000;2440;2340
P191069123;P191069123_6;F;4200;0;0;6000;1200;2340
P191069123;P191069123_7;G;6000;0;0;7800;1200;2340
P191069123;P191069123_8;H;6000;1240;0;7800;2440;2340
P191069123;P191069123_9;I;7800;0;0;9000;2400;1900
P191069119;P191069119_1;A;0;0;0;1200;2400;2460
P191069119;P191069119_2;B;1200;0;0;2400;2400;2460
P191069119;P191069119_3;C;2400;0;0;4400;1200;2875
P191069119;P191069119_4;D;2400;1240;0;4400;2440;2875
P191069119;P191069119_5;E;4400;1240;0;6400;2440;2875
P191069119;P191069119_6;F;4400;0;0;6400;1200;2875
P191069119;P191069119_7;G;6400;0;0;7600;2400;2460
P191069119;P191069119_8;H;7600;0;0;8800;2400;2460
P191069119;P191069119_9;I;8800;0;0;10000;2400;2460
P191069119;P191069119_10;J;10000;0;0;11200;2400;2460
P191069119;P191069119_11;K;11200;0;0;12400;2400;2460
P191069019;P191069019_1;A;0;0;0;1200;2400;2000
P191069019;P191069019_2;B;1200;0;0;2400;2400;1620
P191069019;P191069019_3;C;2400;0;0;3600;2400;1620
P191069019;P191069019_4;D;3600;0;0;4800;2400;2000
P191069019;P191069019_5;E;4800;0;0;6000;2400;2000
P191069019;P191069019_6;F;6000;0;0;7200;2400;1620
P191069019;P191069019_7;G;7200;0;0;8400;2400;2000
P191069019;P191069019_8;H;8400;0;0;9600;2400;2460
P191069019;P191069019_9;I;9600;0;0;10800;2400;2460
P191069019;P191069019_10;J;10800;0;0;12000;2400;2460
P191069019;P191069019_11;K;12000;0;0;13200;2400;2460
P191069115;P191069115_1;A;0;0;0;1200;2400;2460
P191069115;P191069115_2;B;1200;1240;0;3000;2440;2340
P191069115;P191069115_3;C;1200;0;0;3000;1200;2340
P191069115;P191069115_4;D;3000;0;0;4800;1200;2340
P191069115;P191069115_5;E;3000;1240;0;4800;2440;2340
P191069115;P191069115_6;F;4800;1240;0;6600;2440;2340
P191069115;P191069115_7;G;4800;0;0;6000;1200;2200
P191069115;P191069115_8;H;6000;0;0;7800;1200;2340
P191069115;P191069115_9;I;6600;1240;0;9000;2440;2460
P191069115;P191069115_10;J;7800;0;0;10200;1200;1900
P191069115;P191069115_11;K;9000;1240;0;11400;2440;2460
P191069115;P191069115_12;L;10200;0;0;12600;1200;2460
P191069115;P191069115_13;M;11400;1240;0;13200;2440;2340
P191069015;P191069015_1;A;0;0;0;2000;1200;2875
P191069015;P191069015_2;B;0;1200;0;2000;2400;2875
P191069015;P191069015_3;C;2000;1240;0;4000;2440;2875
P191069015;P191069015_4;D;2000;0;0;4000;1200;2875
P191069015;P191069015_5;E;4000;0;0;6000;1200;2875
P191069015;P191069015_6;F;4000;1200;0;6000;2400;2875
P191069015;P191069015_7;G;6000;1240;0;8000;2440;2875
P191069015;P191069015_8;H;6000;0;0;8000;1200;2875
P191069015;P191069015_9;I;8000;1240;0;10000;2440;2875
P191069015;P191069015_10;J;8000;0;0;10000;1200;2875
P191069015;P191069015_11;K;10000;0;0;12000;1200;2875
P191069015;P191069015_12;L;10000;1240;0;12000;2440;2875
P191069015;P191069015_13;M;12000;0;0;13200;2000;2875
P191069013;P191069013_1;A;0;0;0;1200;2400;2000
P191069013;P191069013_2;B;1200;0;0;2400;2400;1620
P191069013;P191069013_3;C;2400;0;0;3600;2400;2000
P191069013;P191069013_4;D;3600;0;0;4800;2400;1620
P191069013;P191069013_5;E;4800;0;0;6000;2400;2000
P191069013;P191069013_6;F;6000;0;0;7200;2400;2460
P191069013;P191069013_7;G;7200;0;0;8400;2400;2460
P191069013;P191069013_8;H;8400;0;0;9600;2400;2460
P191069013;P191069013_9;I;9600;0;0;10800;2400;2460
P191069013;P191069013_10;J;10800;0;0;12000;2400;2460
P191069013;P191069013_11;K;12000;0;0;13200;2400;2460
P191069111;P191069111_1;A;0;0;0;2000;1200;2875
P191069111;P191069111_2;B;0;1200;0;2000;2400;2875
P191069111;P191069111_3;C;2000;1240;0;4000;2440;2875
P191069111;P191069111_4;D;2000;0;0;4000;1200;2875
P191069111;P191069111_5;E;4000;1240;0;5800;2440;2340
P191069111;P191069111_6;F;4000;0;0;5800;1200;2340
P191069111;P191069111_7;G;5800;0;0;7600;1200;2340
P191069111;P191069111_8;H;5800;1240;0;8000;2440;1760
P191069111;P191069111_9;I;7600;0;0;9400;1200;2340
P191069111;P191069111_10;J;8000;1240;0;9800;2440;2340
P191069111;P191069111_11;K;9400;0;0;11400;1200;2875
P191069111;P191069111_12;L;9800;1240;0;11800;2440;2875
P191069111;P191069111_13;M;11400;0;0;13400;1200;2875
P191069111;P191069111_14;N;11800;1240;0;13000;2440;2200
P191069009;P191069009_1;A;0;0;0;1200;2400;1620
P191069009;P191069009_2;B;1200;0;0;2400;2400;2000
P191069009;P191069009_3;C;2400;0;0;3600;2400;2000
P191069009;P191069009_4;D;3600;0;0;4800;2400;1900
P191069009;P191069009_5;E;4800;0;0;6000;2400;1900
P191069009;P191069009_6;F;6000;0;0;7200;2400;2460
P191069009;P191069009_7;G;7200;0;0;8400;2400;2460
P191069009;P191069009_8;H;8400;0;0;9600;2400;2000
P191069009;P191069009_9;I;9600;0;0;10800;2400;1620
P191069009;P191069009_10;J;10800;0;0;12000;2400;2460
P191069009;P191069009_11;K;12000;0;0;13200;2400;2460
P191069107;P191069107_1;A;0;0;0;2000;1200;2875
P191069107;P191069107_2;B;0;1200;0;2000;2400;2875
P191069107;P191069107_3;C;2000;1240;0;4000;2440;2875
P191069107;P191069107_4;D;2000;0;0;4000;1200;2875
P191069107;P191069107_5;E;4000;1240;0;6000;2440;2875
P191069107;P191069107_6;F;4000;0;0;6000;1200;2875
P191069107;P191069107_7;G;6000;0;0;8000;1200;2875
P191069107;P191069107_8;H;6000;1240;0;8000;2440;2875
P191069107;P191069107_9;I;8000;1240;0;10000;2440;2875
P191069107;P191069107_10;J;8000;0;0;10000;1200;2875
P191069107;P191069107_11;K;10000;0;0;12000;1200;2875
P191069107;P191069107_12;L;10000;1240;0;12000;2440;2875
P191069107;P191069107_13;M;12000;0;0;13200;2000;2875
P191069105;P191069105_1;A;0;0;0;1200;2400;2460
P191069105;P191069105_2;B;1200;40;0;2400;2440;2460
P191069105;P191069105_3;C;2400;0;0;3600;2400;2460
P191069105;P191069105_4;D;3600;40;0;4800;2440;2460
P191069105;P191069105_5;E;4800;0;0;6000;2400;1900
P191069105;P191069105_6;F;6000;0;0;7200;2400;2000
P191069105;P191069105_7;G;7200;0;0;8400;2400;1620
P191069105;P191069105_8;H;8400;0;0;9600;2400;2460
P191069105;P191069105_9;I;9600;0;0;10800;2400;2460
P191069105;P191069105_10;J;10800;0;0;12000;2400;2000
P191069105;P191069105_11;K;12000;0;0;13200;2400;2460
P191069005;P191069005_1;A;0;1240;0;1800;2440;2340
P191069005;P191069005_2;B;0;0;0;1800;1200;2340
P191069005;P191069005_3;C;1800;0;0;3600;1200;2340
P191069005;P191069005_4;D;1800;1240;0;3600;2440;2340
P191069005;P191069005_5;E;3600;1240;0;5400;2440;2340
P191069005;P191069005_6;F;3600;0;0;5400;1200;2340
P191069005;P191069005_7;G;5400;0;0;7200;1200;2340
P191069005;P191069005_8;H;5400;1240;0;7200;2440;2340
P191069005;P191069005_9;I;7200;1240;0;9000;2440;2340
P191069005;P191069005_10;J;7200;0;0;9000;1200;2340
P191069005;P191069005_11;K;9000;0;0;10800;1200;2340
P191069005;P191069005_12;L;9000;1240;0;10800;2440;2340
P191069005;P191069005_13;M;10800;1240;0;12600;2440;2340
P191069005;P191069005_14;N;10800;0;0;12600;1200;2340
P191069005;P191069005_15;O;12600;0;0;13400;600;560
Q191069005_1;Q191069005_1_1;A;0;0;0;1800;1200;2340
Q191069005_1;Q191069005_1_2;B;0;1240;0;1200;2440;2200
Q191069005_1;Q191069005_1_3;C;1200;1240;0;3000;2440;2340
Q191069005_1;Q191069005_1_4;D;1800;0;0;3600;1200;2340
Q191069005_1;Q191069005_1_5;E;3000;1240;0;5400;2440;2000
Q191069005_1;Q191069005_1_6;F;3600;0;0;6000;1200;1620
Q191069005_1;Q191069005_1_7;G;5400;1240;0;7800;2440;1620
Q191069005_1;Q191069005_1_8;H;6000;0;0;8400;1200;2000
Q191069005_1;Q191069005_1_9;I;7800;1240;0;10200;2440;1900
Q191069005_1;Q191069005_1_10;J;8400;0;0;10200;1200;2340
Q191069005_1;Q191069005_1_11;K;10200;0;0;11400;2400;2460
Q191069005_1;Q191069005_1_12;L;11400;0;0;12600;2400;2460
P191069003;P191069003_1;A;0;0;0;2000;1200;2875
P191069003;P191069003_2;B;0;1200;0;2000;2400;2875
P191069003;P191069003_3;C;2000;1240;0;4000;2440;2875
P191069003;P191069003_4;D;2000;0;0;4000;1200;2875
P191069003;P191069003_5;E;4000;1240;0;6000;2440;2875
P191069003;P191069003_6;F;4000;0;0;6000;1200;2875
P191069003;P191069003_7;G;6000;0;0;8000;1200;2875
P191069003;P191069003_8;H;6000;1240;0;8000;2440;2875
P191069003;P191069003_9;I;8000;1240;0;10000;2440;2875
P191069003;P191069003_10;J;8000;0;0;10000;1200;2875
P191069003;P191069003_11;K;10000;0;0;12000;1200;2875
P191069003;P191069003_12;L;10000;1240;0;12000;2440;2875
P191069003;P191069003_13;M;12000;0;0;13200;2000;2875
Q191069003_1;Q191069003_1_1;A;0;0;0;2000;1200;2875
Q191069003_1;Q191069003_1_2;B;0;1240;0;2000;2440;2875
Q191069003_1;Q191069003_1_3;C;2000;1240;0;4000;2440;2875
Q191069003_1;Q191069003_1_4;D;2000;0;0;4000;1200;2875
Q191069003_1;Q191069003_1_5;E;4000;0;0;6000;1200;2875
Q191069003_1;Q191069003_1_6;F;4000;1240;0;6000;2440;2875
Q191069003_1;Q191069003_1_7;G;6000;1240;0;8000;2440;2875
Q191069003_1;Q191069003_1_8;H;6000;0;0;8000;1200;2875
Q191069003_1;Q191069003_1_9;I;8000;0;0;10000;1200;2875
Q191069003_1;Q191069003_1_10;J;8000;1240;0;10000;2440;2875
Q191069003_1;Q191069003_1_11;K;10000;1240;0;12000;2440;2875
Q191069003_1;Q191069003_1_12;L;10000;0;0;12400;1200;2460
P191069101;P191069101_1;A;0;40;0;1200;2440;2460
P191069101;P191069101_2;B;1200;0;0;2400;2400;2460
P191069101;P191069101_3;C;2400;0;0;4400;1200;2250
P191069101;P191069101_4;D;2400;1240;0;4800;2440;2000
P191069101;P191069101_5;E;4400;0;0;6800;1200;2000
P191069101;P191069101_6;F;4800;1240;0;7200;2440;1900
P191069101;P191069101_7;G;6800;0;0;9200;1200;2460
P191069101;P191069101_8;H;7200;1240;0;9600;2440;2460
P191069101;P191069101_9;I;9200;0;0;11600;1200;2460
P191069101;P191069101_10;J;9600;1240;0;12000;2440;2460
P191069101;P191069101_11;K;12000;0;0;13200;2400;1620
Q191069101_1;Q191069101_1_1;A;0;0;0;1200;2400;1620
P194161107;P194161107_1;A;0;70;0;1600;2370;1000
P194161107;P194161107_2;B;1600;70;0;3200;2370;1955
P194161107;P194161107_3;C;3200;70;0;4800;2370;1955
P194161107;P194161107_4;D;4800;0;0;6400;2300;1955
P194161107;P194161107_5;E;6400;0;0;8000;2300;1955
P194161107;P194161107_6;F;8000;0;0;9600;2300;1955
P194161107;P194161107_7;G;9600;0;0;11200;2300;1955
P194161107;P194161107_8;H;11200;0;0;13500;1600;1955
P194161105;P194161105_1;A;0;70;0;1600;2370;1000
P194161105;P194161105_2;B;1600;70;0;3200;2370;1955
P194161105;P194161105_3;C;3200;0;0;4800;2300;1955
P194161105;P194161105_4;D;4800;0;0;6400;2300;1955
P194161105;P194161105_5;E;6400;0;0;8000;2300;1955
P194161105;P194161105_6;F;8000;0;0;9600;2300;1955
P194161105;P194161105_7;G;9600;0;0;11200;2300;1955
P194161105;P194161105_8;H;11200;0;0;13500;1600;1955
P194161103;P194161103_1;A;0;70;0;1600;2370;1000
P194161103;P194161103_2;B;1600;70;0;3200;2370;1955
P194161103;P194161103_3;C;3200;70;0;4800;2370;1955
P194161103;P194161103_4;D;4800;0;0;6400;2300;1955
P194161103;P194161103_5;E;6400;0;0;8000;2300;1955
P194161103;P194161103_6;F;8000;0;0;9600;2300;1955
P194161103;P194161103_7;G;9600;0;0;11200;2300;1955
P194161103;P194161103_8;H;11200;0;0;13500;1600;1955
P194161115;P194161115_1;A;0;70;0;1600;2370;1000
P194161115;P194161115_2;B;1600;70;0;3200;2370;1955
P194161115;P194161115_3;C;3200;70;0;4800;2370;1955
P194161115;P194161115_4;D;4800;0;0;6400;2300;1955
P194161115;P194161115_5;E;6400;0;0;8000;2300;1955
P194161115;P194161115_6;F;8000;0;0;9600;2300;1955
P194161115;P194161115_7;G;9600;0;0;11200;2300;1955
P194161115;P194161115_8;H;11200;0;0;13500;1600;1955
P194161101;P194161101_1;A;0;70;0;1600;2370;1000
P194161101;P194161101_2;B;1600;0;0;3200;2300;1955
P194161101;P194161101_3;C;3200;70;0;4800;2370;1955
P194161101;P194161101_4;D;4800;0;0;6400;2300;1955
P194161101;P194161101_5;E;6400;0;0;8000;2300;1955
P194161101;P194161101_6;F;8000;0;0;9600;2300;1955
P194161101;P194161101_7;G;9600;0;0;11200;2300;1955
P194161101;P194161101_8;H;11200;0;0;13500;1600;1955
P194161111;P194161111_1;A;0;70;0;1600;2370;1000
P194161111;P194161111_2;B;1600;70;0;3200;2370;1955
P194161111;P194161111_3;C;3200;70;0;4800;2370;1955
P194161111;P194161111_4;D;4800;0;0;6400;2300;1955
P194161111;P194161111_5;E;6400;0;0;8000;2300;1955
P194161111;P194161111_6;F;8000;0;0;9600;2300;1955
P194161111;P194161111_7;G;9600;0;0;11200;2300;1955
P194161111;P194161111_8;H;11200;0;0;13500;1600;1955
Q194161111_1;Q194161111_1_1;A;0;0;0;1600;2300;1000
Q194161111_1;Q194161111_1_2;B;1600;0;0;3200;2300;1955
Q194161111_1;Q194161111_1_3;C;3200;70;0;4800;2370;1955
Q194161111_1;Q194161111_1_4;D;4800;0;0;6400;2300;1955
Q194161111_1;Q194161111_1_5;E;6400;0;0;8000;2300;1955
Q194161111_1;Q194161111_1_6;F;8000;0;0;9600;2300;1955
Q194161111_1;Q194161111_1_7;G;9600;0;0;11200;2300;1955
Q194161111_1;Q194161111_1_8;H;11200;0;0;13500;1600;1955
P194161109;P194161109_1;A;0;70;0;1600;2370;1000
P194161109;P194161109_2;B;1600;0;0;3200;2300;1955
P194161109;P194161109_3;C;3200;0;0;4800;2300;1955
P194161109;P194161109_4;D;4800;0;0;6400;2300;1955
P194161109;P194161109_5;E;6400;0;0;8000;2300;1955
P194161109;P194161109_6;F;8000;0;0;9600;2300;1955
P194161109;P194161109_7;G;9600;0;0;11200;2300;1955
P194161109;P194161109_8;H;11200;0;0;13500;1600;1955
Q194161109_1;Q194161109_1_1;A;0;0;0;1600;2300;1000
Q194161109_1;Q194161109_1_2;B;1600;70;0;3200;2370;1955
Q194161109_1;Q194161109_1_3;C;3200;70;0;4800;2370;1955
Q194161109_1;Q194161109_1_4;D;4800;0;0;6400;2300;1955
Q194161109_1;Q194161109_1_5;E;6400;0;0;8000;2300;1955
Q194161109_1;Q194161109_1_6;F;8000;0;0;9600;2300;1955
Q194161109_1;Q194161109_1_7;G;9600;0;0;11200;2300;1955
Q194161109_1;Q194161109_1_8;H;11200;0;0;13500;1600;1955
Q194161109_2;Q194161109_2_1;A;0;0;0;1600;2300;1000
Q194161109_2;Q194161109_2_2;B;1600;0;0;3200;2300;1955
Q194161109_2;Q194161109_2_3;C;3200;0;0;4800;2300;1955
Q194161109_2;Q194161109_2_4;D;4800;0;0;6400;2300;1955
Q194161109_2;Q194161109_2_5;E;6400;0;0;8000;2300;1955
Q194161109_2;Q194161109_2_6;F;8000;0;0;9600;2300;1955
Q194161109_2;Q194161109_2_7;G;9600;0;0;11200;2300;1955
Q194161109_2;Q194161109_2_8;H;11200;0;0;13500;1600;1955
Q194161109_3;Q194161109_3_1;A;0;140;0;1600;2440;1000
Q194161109_3;Q194161109_3_2;B;1600;70;0;3200;2370;1955
Q194161109_3;Q194161109_3_3;C;3200;70;0;4800;2370;1955
Q194161109_3;Q194161109_3_4;D;4800;70;0;6400;2370;1955
Q194161109_3;Q194161109_3_5;E;6400;0;0;8000;2300;1955
Q194161109_3;Q194161109_3_6;F;8000;0;0;9600;2300;1955
Q194161109_3;Q194161109_3_7;G;9600;0;0;11200;2300;1955
Q194161109_3;Q194161109_3_8;H;11200;0;0;13500;1600;1955
P193161113;P193161113_1;A;0;70;0;1600;2370;1000
P193161113;P193161113_2;B;1600;140;0;3200;2440;1955
P193161113;P193161113_3;C;3200;70;0;4800;2370;1955
P193161113;P193161113_4;D;4800;70;0;6400;2370;1955
P193161113;P193161113_5;E;6400;0;0;8000;2300;1955
P193161113;P193161113_6;F;8000;0;0;9600;2300;1955
P193161113;P193161113_7;G;9600;0;0;11200;2300;1955
P193161113;P193161113_8;H;11200;0;0;13500;1600;1955
P193161107;P193161107_1;A;0;0;0;1600;2300;1000
P193161107;P193161107_2;B;1600;0;0;3200;2300;1955
P193161107;P193161107_3;C;3200;70;0;4800;2370;1955
P193161107;P193161107_4;D;4800;0;0;6400;2300;1955
P193161107;P193161107_5;E;6400;0;0;8000;2300;1955
P193161107;P193161107_6;F;8000;0;0;9600;2300;1955
P193161107;P193161107_7;G;9600;0;0;11200;2300;1955
P193161107;P193161107_8;H;11200;0;0;13500;1600;1955
P193161105;P193161105_1;A;0;70;0;1600;2370;1000
P193161105;P193161105_2;B;1600;70;0;3200;2370;1955
P193161105;P193161105_3;C;3200;70;0;4800;2370;1955
P193161105;P193161105_4;D;4800;0;0;6400;2300;1955
P193161105;P193161105_5;E;6400;0;0;8000;2300;1955
P193161105;P193161105_6;F;8000;0;0;9600;2300;1955
P193161105;P193161105_7;G;9600;0;0;11200;2300;1955
P193161105;P193161105_8;H;11200;0;0;13500;1600;1955
P193161103;P193161103_1;A;0;0;0;1600;2300;1000
P193161103;P193161103_2;B;1600;0;0;3200;2300;1955
P193161103;P193161103_3;C;3200;0;0;4800;2300;1955
P193161103;P193161103_4;D;4800;0;0;6400;2300;1955
P193161103;P193161103_5;E;6400;0;0;8000;2300;1955
P193161103;P193161103_6;F;8000;0;0;9600;2300;1955
P193161103;P193161103_7;G;9600;0;0;11200;2300;1955
P193161103;P193161103_8;H;11200;0;0;13500;1600;1955
P193161101;P193161101_1;A;0;0;0;1600;2300;1000
P193161101;P193161101_2;B;1600;0;0;3200;2300;1955
P193161101;P193161101_3;C;3200;70;0;4800;2370;1955
P193161101;P193161101_4;D;4800;0;0;6400;2300;1955
P193161101;P193161101_5;E;6400;0;0;8000;2300;1955
P193161101;P193161101_6;F;8000;0;0;9600;2300;1955
P193161101;P193161101_7;G;9600;0;0;11200;2300;1955
P193161101;P193161101_8;H;11200;0;0;13500;1600;1955
P193161111;P193161111_1;A;0;70;0;1600;2370;1000
P193161111;P193161111_2;B;1600;70;0;3200;2370;1955
P193161111;P193161111_3;C;3200;70;0;4800;2370;1955
P193161111;P193161111_4;D;4800;0;0;6400;2300;1955
P193161111;P193161111_5;E;6400;0;0;8000;2300;1955
P193161111;P193161111_6;F;8000;0;0;9600;2300;1955
P193161111;P193161111_7;G;9600;0;0;11200;2300;1955
P193161111;P193161111_8;H;11200;0;0;13500;1600;1955
P193161109;P193161109_1;A;0;0;0;1600;2300;1000
P193161109;P193161109_2;B;1600;70;0;3200;2370;1955
P193161109;P193161109_3;C;3200;70;0;4800;2370;1955
P193161109;P193161109_4;D;4800;0;0;6400;2300;1955
P193161109;P193161109_5;E;6400;0;0;8000;2300;1955
P193161109;P193161109_6;F;8000;0;0;9600;2300;1955
P193161109;P193161109_7;G;9600;0;0;11200;2300;1955
P193161109;P193161109_8;H;11200;0;0;13500;1600;1955
Q193161109_1;Q193161109_1_1;A;0;70;0;1600;2370;1000
Q193161109_1;Q193161109_1_2;B;1600;0;0;3200;2300;1955
Q193161109_1;Q193161109_1_3;C;3200;70;0;4800;2370;1955
Q193161109_1;Q193161109_1_4;D;4800;0;0;6400;2300;1955
Q193161109_1;Q193161109_1_5;E;6400;0;0;8000;2300;1955
Q193161109_1;Q193161109_1_6;F;8000;0;0;9600;2300;1955
Q193161109_1;Q193161109_1_7;G;9600;0;0;11200;2300;1955
Q193161109_1;Q193161109_1_8;H;11200;0;0;13500;1600;1955
P192161113;P192161113_1;A;0;0;0;1600;2300;1000
P192161113;P192161113_2;B;1600;0;0;3200;2300;1955
P192161113;P192161113_3;C;3200;0;0;4800;2300;1955
P192161113;P192161113_4;D;4800;0;0;6400;2300;1955
P192161113;P192161113_5;E;6400;0;0;8000;2300;1955
P192161113;P192161113_6;F;8000;0;0;9600;2300;1955
P192161113;P192161113_7;G;9600;0;0;11200;2300;1955
P192161113;P192161113_8;H;11200;0;0;13500;1600;1955
P192161107;P192161107_1;A;0;70;0;1600;2370;1000
P192161107;P192161107_2;B;1600;70;0;3200;2370;1955
P192161107;P192161107_3;C;3200;70;0;4800;2370;1955
P192161107;P192161107_4;D;4800;0;0;6400;2300;1955
P192161107;P192161107_5;E;6400;0;0;8000;2300;1955
P192161107;P192161107_6;F;8000;0;0;9600;2300;1955
P192161107;P192161107_7;G;9600;0;0;11200;2300;1955
P192161107;P192161107_8;H;11200;0;0;13500;1600;1955
P192161105;P192161105_1;A;0;70;0;1600;2370;1000
P192161105;P192161105_2;B;1600;0;0;3200;2300;1955
P192161105;P192161105_3;C;3200;0;0;4800;2300;1955
P192161105;P192161105_4;D;4800;0;0;6400;2300;1955
P192161105;P192161105_5;E;6400;0;0;8000;2300;1955
P192161105;P192161105_6;F;8000;0;0;9600;2300;1955
P192161105;P192161105_7;G;9600;0;0;11200;2300;1955
P192161105;P192161105_8;H;11200;0;0;13500;1600;1955
P192161103;P192161103_1;A;0;0;0;1600;2300;1000
P192161103;P192161103_2;B;1600;70;0;3200;2370;1955
P192161103;P192161103_3;C;3200;0;0;4800;2300;1955
P192161103;P192161103_4;D;4800;0;0;6400;2300;1955
P192161103;P192161103_5;E;6400;0;0;8000;2300;1955
P192161103;P192161103_6;F;8000;0;0;9600;2300;1955
P192161103;P192161103_7;G;9600;0;0;11200;2300;1955
P192161103;P192161103_8;H;11200;0;0;13500;1600;1955
P192161115;P192161115_1;A;0;0;0;1600;2300;1000
P192161115;P192161115_2;B;1600;0;0;3200;2300;1955
P192161115;P192161115_3;C;3200;0;0;4800;2300;1955
P192161115;P192161115_4;D;4800;0;0;6400;2300;1955
P192161115;P192161115_5;E;6400;0;0;8000;2300;1955
P192161115;P192161115_6;F;8000;0;0;9600;2300;1955
P192161115;P192161115_7;G;9600;0;0;11200;2300;1955
P192161115;P192161115_8;H;11200;0;0;13500;1600;1955
P192161101;P192161101_1;A;0;70;0;1600;2370;1000
P192161101;P192161101_2;B;1600;70;0;3200;2370;1955
P192161101;P192161101_3;C;3200;0;0;4800;2300;1955
P192161101;P192161101_4;D;4800;0;0;6400;2300;1955
P192161101;P192161101_5;E;6400;0;0;8000;2300;1955
P192161101;P192161101_6;F;8000;0;0;9600;2300;1955
P192161101;P192161101_7;G;9600;0;0;11200;2300;1955
P192161101;P192161101_8;H;11200;0;0;13500;1600;1000
P192161111;P192161111_1;A;0;70;0;1600;2370;1000
P192161111;P192161111_2;B;1600;70;0;3200;2370;1955
P192161111;P192161111_3;C;3200;0;0;4800;2300;1955
P192161111;P192161111_4;D;4800;0;0;6400;2300;1955
P192161111;P192161111_5;E;6400;0;0;8000;2300;1955
P192161111;P192161111_6;F;8000;0;0;9600;2300;1955
P192161111;P192161111_7;G;9600;0;0;11200;2300;1955
P192161111;P192161111_8;H;11200;0;0;13500;1600;1955
P192161109;P192161109_1;A;0;70;0;1600;2370;1000
P192161109;P192161109_2;B;1600;140;0;3200;2440;1955
P192161109;P192161109_3;C;3200;0;0;4800;2300;1955
P192161109;P192161109_4;D;4800;0;0;6400;2300;1955
P192161109;P192161109_5;E;6400;0;0;8000;2300;1955
P192161109;P192161109_6;F;8000;0;0;9600;2300;1955
P192161109;P192161109_7;G;9600;0;0;11200;2300;1955
P192161109;P192161109_8;H;11200;0;0;13500;1600;1955
P191161113;P191161113_1;A;0;140;0;1600;2440;1000
P191161113;P191161113_2;B;1600;70;0;3200;2370;1955
P191161113;P191161113_3;C;3200;70;0;4800;2370;1955
P191161113;P191161113_4;D;4800;70;0;6400;2370;1955
P191161113;P191161113_5;E;6400;0;0;8000;2300;1955
P191161113;P191161113_6;F;8000;0;0;9600;2300;1955
P191161113;P191161113_7;G;9600;0;0;11200;2300;1955
P191161113;P191161113_8;H;11200;0;0;13500;1600;1955
P191161107;P191161107_1;A;0;70;0;1600;2370;1000
P191161107;P191161107_2;B;1600;70;0;3200;2370;1955
P191161107;P191161107_3;C;3200;0;0;4800;2300;1955
P191161107;P191161107_4;D;4800;0;0;6400;2300;1955
P191161107;P191161107_5;E;6400;0;0;8000;2300;1955
P191161107;P191161107_6;F;8000;0;0;9600;2300;1955
P191161107;P191161107_7;G;9600;0;0;11200;2300;1955
P191161107;P191161107_8;H;11200;0;0;13500;1600;1955
P191161105;P191161105_1;A;0;0;0;1600;2300;1000
P191161105;P191161105_2;B;1600;70;0;3200;2370;1955
P191161105;P191161105_3;C;3200;70;0;4800;2370;1955
P191161105;P191161105_4;D;4800;0;0;6400;2300;1955
P191161105;P191161105_5;E;6400;0;0;8000;2300;1955
P191161105;P191161105_6;F;8000;0;0;9600;2300;1955
P191161105;P191161105_7;G;9600;0;0;11200;2300;1955
P191161105;P191161105_8;H;11200;0;0;13500;1600;1955
P191161103;P191161103_1;A;0;0;0;1600;2300;1000
P191161103;P191161103_2;B;1600;70;0;3200;2370;1955
P191161103;P191161103_3;C;3200;70;0;4800;2370;1955
P191161103;P191161103_4;D;4800;0;0;6400;2300;1955
P191161103;P191161103_5;E;6400;0;0;8000;2300;1955
P191161103;P191161103_6;F;8000;0;0;9600;2300;1955
P191161103;P191161103_7;G;9600;0;0;11200;2300;1955
P191161103;P191161103_8;H;11200;0;0;13500;1600;1955
P191161101;P191161101_1;A;0;70;0;1600;2370;1000
P191161101;P191161101_2;B;1600;70;0;3200;2370;1955
P191161101;P191161101_3;C;3200;70;0;4800;2370;1955
P191161101;P191161101_4;D;4800;0;0;6400;2300;1955
P191161101;P191161101_5;E;6400;0;0;8000;2300;1955
P191161101;P191161101_6;F;8000;0;0;9600;2300;1955
P191161101;P191161101_7;G;9600;0;0;11200;2300;1955
P191161101;P191161101_8;H;11200;0;0;13500;1600;1955
Q191161101_1;Q191161101_1_1;A;0;70;0;1600;2370;1000
Q191161101_1;Q191161101_1_2;B;1600;70;0;3200;2370;1955
Q191161101_1;Q191161101_1_3;C;3200;70;0;4800;2370;1955
Q191161101_1;Q191161101_1_4;D;4800;0;0;6400;2300;1955
Q191161101_1;Q191161101_1_5;E;6400;0;0;8000;2300;1955
Q191161101_1;Q191161101_1_6;F;8000;0;0;9600;2300;1955
Q191161101_1;Q191161101_1_7;G;9600;0;0;11200;2300;1955
Q191161101_1;Q191161101_1_8;H;11200;0;0;13500;1600;1955
P189161151;P189161151_1;A;0;0;0;1600;2300;1000
P189161151;P189161151_2;B;1600;70;0;3200;2370;1955
P189161151;P189161151_3;C;3200;0;0;4800;2300;1955
P189161151;P189161151_4;D;4800;0;0;6400;2300;1955
P189161151;P189161151_5;E;6400;0;0;8000;2300;1955
P189161151;P189161151_6;F;8000;0;0;9600;2300;1955
P189161151;P189161151_7;G;9600;0;0;11200;2300;1955
P189161151;P189161151_8;H;11200;0;0;13500;1600;1955
P189161153;P189161153_1;A;0;70;0;1600;2370;1000
P189161153;P189161153_2;B;1600;0;0;3200;2300;1955
P189161153;P189161153_3;C;3200;0;0;4800;2300;1955
P189161153;P189161153_4;D;4800;0;0;6400;2300;1955
P189161153;P189161153_5;E;6400;0;0;8000;2300;1955
P189161153;P189161153_6;F;8000;0;0;9600;2300;1955
P189161153;P189161153_7;G;9600;0;0;11200;2300;1955
P189161153;P189161153_8;H;11200;0;0;13500;1600;1955
P189161111;P189161111_1;A;0;0;0;1600;2300;1000
P189161111;P189161111_2;B;1600;70;0;3200;2370;1955
P189161111;P189161111_3;C;3200;0;0;4800;2300;1955
P189161111;P189161111_4;D;4800;0;0;6400;2300;1955
P189161111;P189161111_5;E;6400;0;0;8000;2300;1955
P189161111;P189161111_6;F;8000;0;0;9600;2300;1955
P189161111;P189161111_7;G;9600;0;0;11200;2300;1955
P189161111;P189161111_8;H;11200;0;0;13500;1600;1955
P189161109;P189161109_1;A;0;70;0;1600;2370;1000
P189161109;P189161109_2;B;1600;140;0;3200;2440;1955
P189161109;P189161109_3;C;3200;70;0;4800;2370;1955
P189161109;P189161109_4;D;4800;140;0;6400;2440;1955
P189161109;P189161109_5;E;6400;0;0;8000;2300;1955
P189161109;P189161109_6;F;8000;0;0;9600;2300;1955
P189161109;P189161109_7;G;9600;0;0;11200;2300;1955
P189161109;P189161109_8;H;11200;0;0;13500;1600;1955
P188161113;P188161113_1;A;0;0;0;1600;2300;1000
P188161113;P188161113_2;B;1600;70;0;3200;2370;1955
P188161113;P188161113_3;C;3200;0;0;4800;2300;1955
P188161113;P188161113_4;D;4800;70;0;6400;2370;1955
P188161113;P188161113_5;E;6400;0;0;8000;2300;1955
P188161113;P188161113_6;F;8000;0;0;9600;2300;1955
P188161113;P188161113_7;G;9600;0;0;11200;2300;1955
P188161113;P188161113_8;H;11200;0;0;13500;1600;1955
P188161107;P188161107_1;A;0;0;0;1600;2300;1000
P188161107;P188161107_2;B;1600;0;0;3200;2300;1955
P188161107;P188161107_3;C;3200;0;0;4800;2300;1955
P188161107;P188161107_4;D;4800;0;0;6400;2300;1955
P188161107;P188161107_5;E;6400;0;0;8000;2300;1955
P188161107;P188161107_6;F;8000;0;0;9600;2300;1955
P188161107;P188161107_7;G;9600;0;0;11200;2300;1955
P188161107;P188161107_8;H;11200;0;0;13500;1600;1955
P188161105;P188161105_1;A;0;0;0;1600;2300;1000
P188161105;P188161105_2;B;1600;70;0;3200;2370;1955
P188161105;P188161105_3;C;3200;70;0;4800;2370;1955
P188161105;P188161105_4;D;4800;0;0;6400;2300;1955
P188161105;P188161105_5;E;6400;0;0;8000;2300;1955
P188161105;P188161105_6;F;8000;0;0;9600;2300;1955
P188161105;P188161105_7;G;9600;0;0;11200;2300;1955
P188161105;P188161105_8;H;11200;0;0;13500;1600;1955
P188161103;P188161103_1;A;0;0;0;1600;2300;1000
P188161103;P188161103_2;B;1600;70;0;3200;2370;1955
P188161103;P188161103_3;C;3200;0;0;4800;2300;1955
P188161103;P188161103_4;D;4800;0;0;6400;2300;1955
P188161103;P188161103_5;E;6400;0;0;8000;2300;1955
P188161103;P188161103_6;F;8000;0;0;9600;2300;1955
P188161103;P188161103_7;G;9600;0;0;11200;2300;1955
P188161103;P188161103_8;H;11200;0;0;13500;1600;1955
P188161115;P188161115_1;A;0;70;0;1600;2370;1000
P188161115;P188161115_2;B;1600;70;0;3200;2370;1955
P188161115;P188161115_3;C;3200;0;0;4800;2300;1955
P188161115;P188161115_4;D;4800;0;0;6400;2300;1955
P188161115;P188161115_5;E;6400;0;0;8000;2300;1955
P188161115;P188161115_6;F;8000;0;0;9600;2300;1955
P188161115;P188161115_7;G;9600;0;0;11200;2300;1955
P188161115;P188161115_8;H;11200;0;0;13500;1600;1955
P188161101;P188161101_1;A;0;70;0;1600;2370;1000
P188161101;P188161101_2;B;1600;0;0;3200;2300;1955
P188161101;P188161101_3;C;3200;70;0;4800;2370;1955
P188161101;P188161101_4;D;4800;0;0;6400;2300;1955
P188161101;P188161101_5;E;6400;0;0;8000;2300;1955
P188161101;P188161101_6;F;8000;0;0;9600;2300;1955
P188161101;P188161101_7;G;9600;0;0;11200;2300;1955
P188161101;P188161101_8;H;11200;0;0;13500;1600;1000
P188161111;P188161111_1;A;0;0;0;1600;2300;1000
P188161111;P188161111_2;B;1600;0;0;3200;2300;1955
P188161111;P188161111_3;C;3200;70;0;4800;2370;1955
P188161111;P188161111_4;D;4800;0;0;6400;2300;1955
P188161111;P188161111_5;E;6400;0;0;8000;2300;1955
P188161111;P188161111_6;F;8000;0;0;9600;2300;1955
P188161111;P188161111_7;G;9600;0;0;11200;2300;1955
P188161111;P188161111_8;H;11200;0;0;13500;1600;1955
P188161109;P188161109_1;A;0;0;0;1600;2300;1000
P188161109;P188161109_2;B;1600;140;0;3200;2440;1955
P188161109;P188161109_3;C;3200;70;0;4800;2370;1955
P188161109;P188161109_4;D;4800;70;0;6400;2370;1955
P188161109;P188161109_5;E;6400;0;0;8000;2300;1955
P188161109;P188161109_6;F;8000;0;0;9600;2300;1955
P188161109;P188161109_7;G;9600;0;0;11200;2300;1955
P188161109;P188161109_8;H;11200;0;0;13500;1600;1955
P187161107;P187161107_1;A;0;70;0;1600;2370;1000
P187161107;P187161107_2;B;1600;70;0;3200;2370;1955
P187161107;P187161107_3;C;3200;0;0;4800;2300;1955
P187161107;P187161107_4;D;4800;0;0;6400;2300;1955
P187161107;P187161107_5;E;6400;0;0;8000;2300;1955
P187161107;P187161107_6;F;8000;0;0;9600;2300;1955
P187161107;P187161107_7;G;9600;0;0;11200;2300;1955
P187161107;P187161107_8;H;11200;0;0;13500;1600;1955
P187161105;P187161105_1;A;0;70;0;1600;2370;1000
P187161105;P187161105_2;B;1600;0;0;3200;2300;1955
P187161105;P187161105_3;C;3200;70;0;4800;2370;1955
P187161105;P187161105_4;D;4800;0;0;6400;2300;1955
P187161105;P187161105_5;E;6400;0;0;8000;2300;1955
P187161105;P187161105_6;F;8000;0;0;9600;2300;1955
P187161105;P187161105_7;G;9600;0;0;11200;2300;1955
P187161105;P187161105_8;H;11200;0;0;13500;1600;1955
P187161103;P187161103_1;A;0;70;0;1600;2370;1000
P187161103;P187161103_2;B;1600;70;0;3200;2370;1955
P187161103;P187161103_3;C;3200;0;0;4800;2300;1955
P187161103;P187161103_4;D;4800;0;0;6400;2300;1955
P187161103;P187161103_5;E;6400;0;0;8000;2300;1955
P187161103;P187161103_6;F;8000;0;0;9600;2300;1955
P187161103;P187161103_7;G;9600;0;0;11200;2300;1955
P187161103;P187161103_8;H;11200;0;0;13500;1600;1955
P187161115;P187161115_1;A;0;0;0;1600;2300;1000
P187161115;P187161115_2;B;1600;0;0;3200;2300;1955
P187161115;P187161115_3;C;3200;70;0;4800;2370;1955
P187161115;P187161115_4;D;4800;0;0;6400;2300;1955
P187161115;P187161115_5;E;6400;0;0;8000;2300;1955
P187161115;P187161115_6;F;8000;0;0;9600;2300;1955
P187161115;P187161115_7;G;9600;0;0;11200;2300;1955
P187161115;P187161115_8;H;11200;0;0;13500;1600;1955
P187161101;P187161101_1;A;0;70;0;1600;2370;1000
P187161101;P187161101_2;B;1600;70;0;3200;2370;1955
P187161101;P187161101_3;C;3200;70;0;4800;2370;1955
P187161101;P187161101_4;D;4800;0;0;6400;2300;1955
P187161101;P187161101_5;E;6400;0;0;8000;2300;1955
P187161101;P187161101_6;F;8000;0;0;9600;2300;1955
P187161101;P187161101_7;G;9600;0;0;11200;2300;1955
P187161101;P187161101_8;H;11200;0;0;13500;1600;1955
P187161111;P187161111_1;A;0;0;0;1600;2300;1000
P187161111;P187161111_2;B;1600;70;0;3200;2370;1955
P187161111;P187161111_3;C;3200;0;0;4800;2300;1955
P187161111;P187161111_4;D;4800;0;0;6400;2300;1955
P187161111;P187161111_5;E;6400;0;0;8000;2300;1955
P187161111;P187161111_6;F;8000;0;0;9600;2300;1955
P187161111;P187161111_7;G;9600;0;0;11200;2300;1955
P187161111;P187161111_8;H;11200;0;0;13500;1600;1955
P187161109;P187161109_1;A;0;0;0;1600;2300;1000
P187161109;P187161109_2;B;1600;70;0;3200;2370;1955
P187161109;P187161109_3;C;3200;0;0;4800;2300;1955
P187161109;P187161109_4;D;4800;0;0;6400;2300;1955
P187161109;P187161109_5;E;6400;0;0;8000;2300;1955
P187161109;P187161109_6;F;8000;0;0;9600;2300;1955
P187161109;P187161109_7;G;9600;0;0;11200;2300;1955
P187161109;P187161109_8;H;11200;0;0;13500;1600;1955
Q187161109_1;Q187161109_1_1;A;0;70;0;1600;2370;1000
Q187161109_1;Q187161109_1_2;B;1600;0;0;3200;2300;1955
Q187161109_1;Q187161109_1_3;C;3200;0;0;4800;2300;1955
Q187161109_1;Q187161109_1_4;D;4800;0;0;6400;2300;1955
Q187161109_1;Q187161109_1_5;E;6400;0;0;8000;2300;1955
Q187161109_1;Q187161109_1_6;F;8000;0;0;9600;2300;1955
Q187161109_1;Q187161109_1_7;G;9600;0;0;11200;2300;1955
Q187161109_1;Q187161109_1_8;H;11200;0;0;13500;1600;1955
P186161113;P186161113_1;A;0;0;0;1600;2300;1000
P186161113;P186161113_2;B;1600;0;0;3200;2300;1955
P186161113;P186161113_3;C;3200;70;0;4800;2370;1955
P186161113;P186161113_4;D;4800;0;0;6400;2300;1955
P186161113;P186161113_5;E;6400;0;0;8000;2300;1955
P186161113;P186161113_6;F;8000;0;0;9600;2300;1955
P186161113;P186161113_7;G;9600;0;0;11200;2300;1955
P186161113;P186161113_8;H;11200;0;0;13500;1600;1955
P186161107;P186161107_1;A;0;0;0;1600;2300;1000
P186161107;P186161107_2;B;1600;70;0;3200;2370;1955
P186161107;P186161107_3;C;3200;0;0;4800;2300;1955
P186161107;P186161107_4;D;4800;0;0;6400;2300;1955
P186161107;P186161107_5;E;6400;0;0;8000;2300;1955
P186161107;P186161107_6;F;8000;0;0;9600;2300;1955
P186161107;P186161107_7;G;9600;0;0;11200;2300;1955
P186161107;P186161107_8;H;11200;0;0;13500;1600;1955
P186161105;P186161105_1;A;0;0;0;1600;2300;1000
P186161105;P186161105_2;B;1600;70;0;3200;2370;1955
P186161105;P186161105_3;C;3200;70;0;4800;2370;1955
P186161105;P186161105_4;D;4800;0;0;6400;2300;1955
P186161105;P186161105_5;E;6400;0;0;8000;2300;1955
P186161105;P186161105_6;F;8000;0;0;9600;2300;1955
P186161105;P186161105_7;G;9600;0;0;11200;2300;1955
P186161105;P186161105_8;H;11200;0;0;13500;1600;1955
P186161103;P186161103_1;A;0;0;0;1600;2300;1000
P186161103;P186161103_2;B;1600;70;0;3200;2370;1955
P186161103;P186161103_3;C;3200;0;0;4800;2300;1955
P186161103;P186161103_4;D;4800;0;0;6400;2300;1955
P186161103;P186161103_5;E;6400;0;0;8000;2300;1955
P186161103;P186161103_6;F;8000;0;0;9600;2300;1955
P186161103;P186161103_7;G;9600;0;0;11200;2300;1955
P186161103;P186161103_8;H;11200;0;0;13500;1600;1955
P186161101;P186161101_1;A;0;70;0;1600;2370;1000
P186161101;P186161101_2;B;1600;70;0;3200;2370;1955
P186161101;P186161101_3;C;3200;0;0;4800;2300;1955
P186161101;P186161101_4;D;4800;0;0;6400;2300;1955
P186161101;P186161101_5;E;6400;0;0;8000;2300;1955
P186161101;P186161101_6;F;8000;0;0;9600;2300;1955
P186161101;P186161101_7;G;9600;0;0;11200;2300;1955
P186161101;P186161101_8;H;11200;0;0;13500;1600;1955
P186161111;P186161111_1;A;0;70;0;1600;2370;1000
P186161111;P186161111_2;B;1600;0;0;3200;2300;1955
P186161111;P186161111_3;C;3200;0;0;4800;2300;1955
P186161111;P186161111_4;D;4800;0;0;6400;2300;1955
P186161111;P186161111_5;E;6400;0;0;8000;2300;1955
P186161111;P186161111_6;F;8000;0;0;9600;2300;1955
P186161111;P186161111_7;G;9600;0;0;11200;2300;1955
P186161111;P186161111_8;H;11200;0;0;13500;1600;1955
P186161109;P186161109_1;A;0;0;0;1600;2300;1000
P186161109;P186161109_2;B;1600;70;0;3200;2370;1955
P186161109;P186161109_3;C;3200;0;0;4800;2300;1955
P186161109;P186161109_4;D;4800;0;0;6400;2300;1955
P186161109;P186161109_5;E;6400;0;0;8000;2300;1955
P186161109;P186161109_6;F;8000;0;0;9600;2300;1955
P186161109;P186161109_7;G;9600;0;0;11200;2300;1955
P186161109;P186161109_8;H;11200;0;0;13500;1600;1955
P185161113;P185161113_1;A;0;0;0;1600;2300;1000
P185161113;P185161113_2;B;1600;70;0;3200;2370;1955
P185161113;P185161113_3;C;3200;70;0;4800;2370;1955
P185161113;P185161113_4;D;4800;0;0;6400;2300;1955
P185161113;P185161113_5;E;6400;0;0;8000;2300;1955
P185161113;P185161113_6;F;8000;0;0;9600;2300;1955
P185161113;P185161113_7;G;9600;0;0;11200;2300;1955
P185161113;P185161113_8;H;11200;0;0;13500;1600;1955
P185161105;P185161105_1;A;0;70;0;1600;2370;1000
P185161105;P185161105_2;B;1600;0;0;3200;2300;1955
P185161105;P185161105_3;C;3200;70;0;4800;2370;1955
P185161105;P185161105_4;D;4800;0;0;6400;2300;1955
P185161105;P185161105_5;E;6400;0;0;8000;2300;1955
P185161105;P185161105_6;F;8000;0;0;9600;2300;1955
P185161105;P185161105_7;G;9600;0;0;11200;2300;1955
P185161105;P185161105_8;H;11200;0;0;13500;1600;1955
P185161103;P185161103_1;A;0;70;0;1600;2370;1000
P185161103;P185161103_2;B;1600;0;0;3200;2300;1955
P185161103;P185161103_3;C;3200;0;0;4800;2300;1955
P185161103;P185161103_4;D;4800;0;0;6400;2300;1955
P185161103;P185161103_5;E;6400;0;0;8000;2300;1955
P185161103;P185161103_6;F;8000;0;0;9600;2300;1955
P185161103;P185161103_7;G;9600;0;0;11200;2300;1955
P185161103;P185161103_8;H;11200;0;0;13500;1600;1955
P185161115;P185161115_1;A;0;70;0;1600;2370;1000
P185161115;P185161115_2;B;1600;70;0;3200;2370;1955
P185161115;P185161115_3;C;3200;70;0;4800;2370;1955
P185161115;P185161115_4;D;4800;0;0;6400;2300;1955
P185161115;P185161115_5;E;6400;0;0;8000;2300;1955
P185161115;P185161115_6;F;8000;0;0;9600;2300;1955
P185161115;P185161115_7;G;9600;0;0;11200;2300;1955
P185161115;P185161115_8;H;11200;0;0;13500;1600;1955
P185161101;P185161101_1;A;0;0;0;1600;2300;1000
P185161101;P185161101_2;B;1600;70;0;3200;2370;1955
P185161101;P185161101_3;C;3200;70;0;4800;2370;1955
P185161101;P185161101_4;D;4800;0;0;6400;2300;1955
P185161101;P185161101_5;E;6400;0;0;8000;2300;1955
P185161101;P185161101_6;F;8000;0;0;9600;2300;1955
P185161101;P185161101_7;G;9600;0;0;11200;2300;1955
P185161101;P185161101_8;H;11200;0;0;13500;1600;1955
P185161111;P185161111_1;A;0;70;0;1600;2370;1000
P185161111;P185161111_2;B;1600;0;0;3200;2300;1955
P185161111;P185161111_3;C;3200;0;0;4800;2300;1955
P185161111;P185161111_4;D;4800;0;0;6400;2300;1955
P185161111;P185161111_5;E;6400;0;0;8000;2300;1955
P185161111;P185161111_6;F;8000;0;0;9600;2300;1955
P185161111;P185161111_7;G;9600;0;0;11200;2300;1955
P185161111;P185161111_8;H;11200;0;0;13500;1600;1955
P185161109;P185161109_1;A;0;70;0;1600;2370;1000
P185161109;P185161109_2;B;1600;70;0;3200;2370;1955
P185161109;P185161109_3;C;3200;70;0;4800;2370;1955
P185161109;P185161109_4;D;4800;0;0;6400;2300;1955
P185161109;P185161109_5;E;6400;0;0;8000;2300;1955
P185161109;P185161109_6;F;8000;0;0;9600;2300;1955
P185161109;P185161109_7;G;9600;0;0;11200;2300;1955
P185161109;P185161109_8;H;11200;0;0;13500;1600;1955
P184161105;P184161105_1;A;0;140;0;1600;2440;1000
P184161105;P184161105_2;B;1600;0;0;3200;2300;1955
P184161105;P184161105_3;C;3200;70;0;4800;2370;1955
P184161105;P184161105_4;D;4800;70;0;6400;2370;1955
P184161105;P184161105_5;E;6400;0;0;8000;2300;1955
P184161105;P184161105_6;F;8000;0;0;9600;2300;1955
P184161105;P184161105_7;G;9600;0;0;11200;2300;1955
P184161105;P184161105_8;H;11200;0;0;13500;1600;1000
P240069111;P240069111_1;A;0;0;0;1200;1200;2200
P240069111;P240069111_2;B;0;1240;0;1200;2440;2200
P240069111;P240069111_3;C;1200;1240;0;2400;2440;2200
P240069111;P240069111_4;D;1200;0;0;2400;1200;2200
P240069111;P240069111_5;E;2400;0;0;3600;1200;2200
P240069111;P240069111_6;F;2400;1240;0;4200;2440;2340
P240069111;P240069111_7;G;3600;0;0;5400;1200;2340
P240069111;P240069111_8;H;4200;1240;0;6000;2440;2340
P240069111;P240069111_9;I;5400;0;0;7800;1200;1800
P240069111;P240069111_10;J;6000;1240;0;7800;2440;2340
P240069111;P240069111_11;K;7800;1240;0;9600;2440;2400
P240069111;P240069111_12;L;7800;0;0;9600;1200;2340
P240069111;P240069111_13;M;9600;0;0;11400;1200;2340
P240069111;P240069111_14;N;9600;1240;0;11400;2440;2340
P240069111;P240069111_15;O;11400;1240;0;13200;2440;2340
P240069111;P240069111_16;P;11400;0;0;13200;1200;2340
P240069107;P240069107_1;A;0;0;0;2000;1200;2875
P240069107;P240069107_2;B;0;1240;0;2000;2440;2875
P240069107;P240069107_3;C;2000;1240;0;4000;2440;2875
P240069107;P240069107_4;D;2000;0;0;4000;1200;2875
P240069107;P240069107_5;E;4000;0;0;6000;1200;2875
P240069107;P240069107_6;F;4000;1240;0;6000;2440;2875
P240069107;P240069107_7;G;6000;1240;0;8000;2440;2875
P240069107;P240069107_8;H;6000;0;0;8000;1200;2875
P240069107;P240069107_9;I;8000;0;0;10000;1200;2875
P240069107;P240069107_10;J;8000;1240;0;10000;2440;2875
P240069107;P240069107_11;K;10000;1240;0;12000;2440;2875
P240069107;P240069107_12;L;10000;0;0;12000;1200;2875
P240069107;P240069107_13;M;12000;0;0;13200;2000;2875
Q240069107_1;Q240069107_1_1;A;0;0;0;2000;1200;2875
Q240069107_1;Q240069107_1_2;B;0;1240;0;2000;2440;2875
Q240069107_1;Q240069107_1_3;C;2000;1240;0;4000;2440;2875
Q240069107_1;Q240069107_1_4;D;2000;0;0;4000;1200;2875
Q240069107_1;Q240069107_1_5;E;4000;0;0;6000;1200;2875
Q240069107_1;Q240069107_1_6;F;4000;1240;0;6000;2440;2875
Q240069107_1;Q240069107_1_7;G;6000;1240;0;8000;2440;2875
Q240069107_1;Q240069107_1_8;H;6000;0;0;8000;1200;2875
Q240069107_1;Q240069107_1_9;I;8000;0;0;10000;1200;2875
Q240069107_1;Q240069107_1_10;J;8000;1240;0;10000;2440;2875
Q240069107_1;Q240069107_1_11;K;10000;1240;0;12000;2440;2875
Q240069107_1;Q240069107_1_12;L;10000;0;0;12000;1200;2875
Q240069107_1;Q240069107_1_13;M;12000;0;0;13200;2000;2875
P240069005;P240069005_1;A;0;1240;0;1800;2440;2340
P240069005;P240069005_2;B;0;0;0;1800;1200;2340
P240069005;P240069005_3;C;1800;0;0;3600;1200;2340
P240069005;P240069005_4;D;1800;1240;0;3600;2440;2340
P240069005;P240069005_5;E;3600;1240;0;5400;2440;2340
P240069005;P240069005_6;F;3600;0;0;5400;1200;2340
P240069005;P240069005_7;G;5400;0;0;7200;1200;2340
P240069005;P240069005_8;H;5400;1240;0;7200;2440;2340
P240069005;P240069005_9;I;7200;1240;0;9000;2440;2340
P240069005;P240069005_10;J;7200;0;0;9000;1200;2340
P240069005;P240069005_11;K;9000;0;0;10800;1200;2340
P240069005;P240069005_12;L;9000;1240;0;10800;2440;2340
P240069005;P240069005_13;M;10800;1240;0;12600;2440;2340
P240069005;P240069005_14;N;10800;0;0;12600;1200;2340
Q240069005_1;Q240069005_1_1;A;0;1240;0;1800;2440;2340
Q240069005_1;Q240069005_1_2;B;0;0;0;1800;1200;2340
Q240069005_1;Q240069005_1_3;C;1800;0;0;3600;1200;2340
Q240069005_1;Q240069005_1_4;D;1800;1240;0;3600;2440;2340
Q240069005_1;Q240069005_1_5;E;3600;1240;0;5400;2440;2340
Q240069005_1;Q240069005_1_6;F;3600;0;0;5400;1200;2340
Q240069005_1;Q240069005_1_7;G;5400;0;0;7200;1200;2340
Q240069005_1;Q240069005_1_8;H;5400;1240;0;7200;2440;2340
Q240069005_1;Q240069005_1_9;I;7200;1240;0;9000;2440;2340
Q240069005_1;Q240069005_1_10;J;7200;0;0;9000;1200;2340
Q240069005_1;Q240069005_1_11;K;9000;0;0;10800;1200;2340
Q240069005_1;Q240069005_1_12;L;9000;1240;0;10800;2440;2340
Q240069005_1;Q240069005_1_13;M;10800;1240;0;12600;2440;2340
Q240069005_1;Q240069005_1_14;N;10800;0;0;12600;1200;2340
Q240069005_2;Q240069005_2_1;A;0;0;0;1800;1200;2340
Q240069005_2;Q240069005_2_2;B;0;1240;0;1800;2440;2340
Q240069005_2;Q240069005_2_3;C;1800;1240;0;3600;2440;2340
Q240069005_2;Q240069005_2_4;D;1800;0;0;3600;1200;2340
Q240069005_2;Q240069005_2_5;E;3600;0;0;5400;1200;2340
Q240069005_2;Q240069005_2_6;F;3600;1240;0;5400;2440;2340
Q240069005_2;Q240069005_2_7;G;5400;1240;0;7200;2440;2340
Q240069005_2;Q240069005_2_8;H;5400;0;0;7200;1200;2340
Q240069005_2;Q240069005_2_9;I;7200;0;0;9000;1200;2340
Q240069005_2;Q240069005_2_10;J;7200;1240;0;9000;2440;2340
Q240069005_2;Q240069005_2_11;K;9000;1240;0;10800;2440;2340
Q240069005_2;Q240069005_2_12;L;9000;0;0;10800;1200;2340
Q240069005_2;Q240069005_2_13;M;10800;0;0;12600;1200;2340
Q240069005_2;Q240069005_2_14;N;10800;1240;0;12600;2440;2340
Q240069005_3;Q240069005_3_1;A;0;1240;0;2200;2440;1760
Q240069005_3;Q240069005_3_2;B;0;0;0;1800;1200;2340
Q240069005_3;Q240069005_3_3;C;1800;0;0;3600;1200;2340
Q240069005_3;Q240069005_3_4;D;2200;1240;0;4000;2440;2340
Q240069005_3;Q240069005_3_5;E;3600;0;0;6000;1200;2460
Q240069005_3;Q240069005_3_6;F;4000;1240;0;6400;2440;2460
Q240069005_3;Q240069005_3_7;G;6000;0;0;8400;1200;2460
Q240069005_3;Q240069005_3_8;H;6400;1240;0;8800;2440;2460
Q240069005_3;Q240069005_3_9;I;8400;0;0;10800;1200;2460
Q240069005_3;Q240069005_3_10;J;8800;1240;0;11200;2440;2460
Q240069005_3;Q240069005_3_11;K;10800;0;0;13200;1200;2460
Q240069005_3;Q240069005_3_12;L;11200;1240;0;13000;2440;2340
Q240069005_4;Q240069005_4_1;A;0;0;0;1200;2400;1800
Q240069005_4;Q240069005_4_2;B;1200;1240;0;3400;2440;1760
Q240069005_4;Q240069005_4_3;C;1200;0;0;3000;1200;2340
Q240069005_4;Q240069005_4_4;D;3000;0;0;4800;1200;2340
Q240069005_4;Q240069005_4_5;E;3400;1240;0;5200;2440;2340
Q240069005_4;Q240069005_4_6;F;4800;0;0;6600;1200;2340
Q240069005_4;Q240069005_4_7;G;5200;1240;0;7000;2440;2340
Q240069005_4;Q240069005_4_8;H;6600;0;0;8400;1200;2340
Q240069005_4;Q240069005_4_9;I;7000;1240;0;8800;2440;2340
Q240069005_4;Q240069005_4_10;J;8400;0;0;10200;1200;2340
Q240069005_4;Q240069005_4_11;K;8800;1240;0;10600;2440;2340
Q240069005_4;Q240069005_4_12;L;10200;0;0;12000;1200;2340
Q240069005_4;Q240069005_4_13;M;10600;1240;0;12400;2440;2340
Q240069005_4;Q240069005_4_14;N;12000;0;0;13200;1200;2200
P240069003;P240069003_1;A;0;0;0;2000;1200;2875
P240069003;P240069003_2;B;0;1240;0;2000;2440;2875
P240069003;P240069003_3;C;2000;1240;0;4000;2440;2875
P240069003;P240069003_4;D;2000;0;0;4000;1200;2875
P240069003;P240069003_5;E;4000;0;0;6000;1200;2875
P240069003;P240069003_6;F;4000;1240;0;6000;2440;2875
P240069003;P240069003_7;G;6000;1240;0;8000;2440;2875
P240069003;P240069003_8;H;6000;0;0;8000;1200;2875
P240069003;P240069003_9;I;8000;0;0;10000;1200;2875
P240069003;P240069003_10;J;8000;1240;0;10000;2440;2875
P240069003;P240069003_11;K;10000;1240;0;12000;2440;2875
P240069003;P240069003_12;L;10000;0;0;12000;1200;2875
P240069003;P240069003_13;M;12000;0;0;13200;2000;2875
Q240069003_1;Q240069003_1_1;A;0;0;0;2000;1200;2875
Q240069003_1;Q240069003_1_2;B;0;1240;0;2000;2440;2875
Q240069003_1;Q240069003_1_3;C;2000;1240;0;4000;2440;2875
Q240069003_1;Q240069003_1_4;D;2000;0;0;4000;1200;2875
Q240069003_1;Q240069003_1_5;E;4000;0;0;6000;1200;2875
Q240069003_1;Q240069003_1_6;F;4000;1240;0;6000;2440;2875
Q240069003_1;Q240069003_1_7;G;6000;1240;0;8000;2440;2875
Q240069003_1;Q240069003_1_8;H;6000;0;0;8000;1200;2875
Q240069003_1;Q240069003_1_9;I;8000;0;0;10000;1200;2875
Q240069003_1;Q240069003_1_10;J;8000;1240;0;10000;2440;2875
Q240069003_1;Q240069003_1_11;K;10000;1240;0;12000;2440;2875
Q240069003_1;Q240069003_1_12;L;10000;0;0;12000;1200;2875
Q240069003_1;Q240069003_1_13;M;12000;0;0;13200;2000;2875
Q240069003_2;Q240069003_2_1;A;0;0;0;2000;1200;2875
Q240069003_2;Q240069003_2_2;B;0;1240;0;2000;2440;2875
Q240069003_2;Q240069003_2_3;C;2000;1240;0;4000;2440;2875
Q240069003_2;Q240069003_2_4;D;2000;0;0;4000;1200;2875
Q240069003_2;Q240069003_2_5;E;4000;0;0;6000;1200;2875
Q240069003_2;Q240069003_2_6;F;4000;1240;0;6000;2440;2875
Q240069003_2;Q240069003_2_7;G;6000;1240;0;8000;2440;2875
Q240069003_2;Q240069003_2_8;H;6000;0;0;8000;1200;2875
Q240069003_2;Q240069003_2_9;I;8000;0;0;10000;1200;2875
Q240069003_2;Q240069003_2_10;J;8000;1240;0;10000;2440;2875
Q240069003_2;Q240069003_2_11;K;10000;1240;0;12000;2440;2875
Q240069003_2;Q240069003_2_12;L;10000;0;0;12000;1200;2875
Q240069003_2;Q240069003_2_13;M;12000;0;0;13200;2000;2875
Q240069003_3;Q240069003_3_1;A;0;1240;0;2000;2440;2875
Q240069003_3;Q240069003_3_2;B;0;0;0;2000;1200;2875
Q240069003_3;Q240069003_3_3;C;2000;0;0;4000;1200;2875
Q240069003_3;Q240069003_3_4;D;2000;1240;0;4000;2440;2875
Q240069003_3;Q240069003_3_5;E;4000;1240;0;6000;2440;2875
Q240069003_3;Q240069003_3_6;F;4000;0;0;6000;1200;2875
Q240069003_3;Q240069003_3_7;G;6000;0;0;8000;1200;2875
Q240069003_3;Q240069003_3_8;H;6000;1240;0;8000;2440;2250
Q240069003_3;Q240069003_3_9;I;8000;1240;0;10000;2440;2875
Q240069003_3;Q240069003_3_10;J;8000;0;0;10000;1200;2875
Q240069003_3;Q240069003_3_11;K;10000;0;0;12000;1200;2875
Q240069003_3;Q240069003_3_12;L;10000;1240;0;12000;2440;2875
Q240069003_3;Q240069003_3_13;M;12000;0;0;13200;2000;2875
Q240069003_4;Q240069003_4_1;A;0;0;0;1200;2400;2460
Q240069003_4;Q240069003_4_2;B;1200;0;0;2400;2400;2460
Q240069003_4;Q240069003_4_3;C;2400;0;0;3600;2400;2460
Q240069003_4;Q240069003_4_4;D;3600;0;0;4800;2400;2460
Q240069003_4;Q240069003_4_5;E;4800;0;0;6000;2400;2460
Q240069003_4;Q240069003_4_6;F;6000;0;0;7200;2400;2460
Q240069003_4;Q240069003_4_7;G;7200;0;0;8400;2400;2460
Q240069003_4;Q240069003_4_8;H;8400;0;0;9600;2400;2460
Q240069003_4;Q240069003_4_9;I;9600;0;0;10800;2400;2460
Q240069003_4;Q240069003_4_10;J;10800;0;0;12000;2400;2460
Q240069003_4;Q240069003_4_11;K;12000;0;0;13200;2400;2460
Q240069003_5;Q240069003_5_1;A;0;0;0;1200;2400;2460
Q240069003_5;Q240069003_5_2;B;1200;0;0;2400;2400;2460
Q240069003_5;Q240069003_5_3;C;2400;0;0;3600;2400;2460
Q240069003_5;Q240069003_5_4;D;3600;0;0;4800;2400;2460
Q240069003_5;Q240069003_5_5;E;4800;0;0;6000;2400;2460
Q240069003_5;Q240069003_5_6;F;6000;0;0;7200;2400;2460
Q240069003_5;Q240069003_5_7;G;7200;0;0;8400;2400;2460
Q240069003_5;Q240069003_5_8;H;8400;0;0;9600;2400;2460
Q240069003_5;Q240069003_5_9;I;9600;0;0;10800;2400;2460
Q240069003_5;Q240069003_5_10;J;10800;0;0;12000;2400;2460
Q240069003_5;Q240069003_5_11;K;12000;0;0;13200;2400;2460
Q240069003_6;Q240069003_6_1;A;0;0;0;1200;2400;2460
Q240069003_6;Q240069003_6_2;B;1200;0;0;2400;2400;2460
Q240069003_6;Q240069003_6_3;C;2400;0;0;3600;2400;2460
Q240069003_6;Q240069003_6_4;D;3600;0;0;4800;2400;2460
Q240069003_6;Q240069003_6_5;E;4800;0;0;6000;2400;2460
Q240069003_6;Q240069003_6_6;F;6000;0;0;7200;2400;2460
Q240069003_6;Q240069003_6_7;G;7200;0;0;8400;2400;2460
Q240069003_6;Q240069003_6_8;H;8400;0;0;9600;2400;2460
Q240069003_6;Q240069003_6_9;I;9600;0;0;10800;2400;2460
Q240069003_6;Q240069003_6_10;J;10800;0;0;12000;2400;2460
Q240069003_6;Q240069003_6_11;K;12000;0;0;13200;2400;2460
P240069101;P240069101_1;A;0;0;0;1200;2400;2500
P240069101;P240069101_2;B;1200;0;0;2400;2400;2500
P240069101;P240069101_3;C;2400;0;0;3600;2400;2460
P240069101;P240069101_4;D;3600;0;0;4800;2400;2460
P240069101;P240069101_5;E;4800;0;0;6000;2400;2460
P240069101;P240069101_6;F;6000;0;0;7200;2400;2460
P240069101;P240069101_7;G;7200;0;0;8400;2400;2460
P240069101;P240069101_8;H;8400;0;0;9600;2400;2460
P240069101;P240069101_9;I;9600;0;0;10800;2400;2460
P240069101;P240069101_10;J;10800;0;0;12000;2400;2460
P240069101;P240069101_11;K;12000;0;0;13200;2400;2460
Q240069101_1;Q240069101_1_1;A;0;0;0;1200;2400;2000
Q240069101_1;Q240069101_1_2;B;1200;0;0;2400;2400;2000
Q240069101_1;Q240069101_1_3;C;2400;0;0;3600;2400;2000
Q240069101_1;Q240069101_1_4;D;3600;0;0;4800;2400;2000
Q240069101_1;Q240069101_1_5;E;4800;0;0;6000;2400;2000
Q240069101_1;Q240069101_1_6;F;6000;0;0;7200;2400;2000
Q240069101_1;Q240069101_1_7;G;7200;0;0;8400;2400;2000
Q240069101_1;Q240069101_1_8;H;8400;0;0;9600;2400;2000
Q240069101_1;Q240069101_1_9;I;9600;0;0;10800;2400;2000
Q240069101_1;Q240069101_1_10;J;10800;0;0;12000;2400;2000
Q240069101_1;Q240069101_1_11;K;12000;0;0;13200;2400;2000
Q240069101_2;Q240069101_2_1;A;0;0;0;1200;2400;2000
Q240069101_2;Q240069101_2_2;B;1200;0;0;2400;2400;2000
Q240069101_2;Q240069101_2_3;C;2400;0;0;3600;2400;2000
Q240069101_2;Q240069101_2_4;D;3600;0;0;4800;2400;2000
Q240069101_2;Q240069101_2_5;E;4800;0;0;6000;2400;2000
Q240069101_2;Q240069101_2_6;F;6000;0;0;7200;2400;2000
Q240069101_2;Q240069101_2_7;G;7200;0;0;8400;2400;2000
Q240069101_2;Q240069101_2_8;H;8400;0;0;9600;2400;2000
Q240069101_2;Q240069101_2_9;I;9600;0;0;10800;2400;2000
Q240069101_2;Q240069101_2_10;J;10800;0;0;12000;2400;2000
Q240069101_2;Q240069101_2_11;K;12000;0;0;13200;2400;2000
Q240069101_3;Q240069101_3_1;A;0;0;0;1200;2400;2000
Q240069101_3;Q240069101_3_2;B;1200;0;0;2400;2400;2000
Q240069101_3;Q240069101_3_3;C;2400;0;0;3600;2400;1900
Q240069101_3;Q240069101_3_4;D;3600;0;0;4800;2400;1900
Q240069101_3;Q240069101_3_5;E;4800;0;0;6000;2400;1900
Q240069101_3;Q240069101_3_6;F;6000;0;0;7200;2400;1900
Q240069101_3;Q240069101_3_7;G;7200;0;0;8400;2400;1900
Q240069101_3;Q240069101_3_8;H;8400;0;0;9600;2400;1900
Q240069101_3;Q240069101_3_9;I;9600;0;0;10800;2400;1900
Q240069101_3;Q240069101_3_10;J;10800;0;0;12000;2400;1900
Q240069101_3;Q240069101_3_11;K;12000;0;0;13200;2400;1900
Q240069101_4;Q240069101_4_1;A;0;0;0;1200;2400;1740
Q240069101_4;Q240069101_4_2;B;1200;0;0;2400;2400;1620
Q240069101_4;Q240069101_4_3;C;2400;0;0;3600;2400;1620
Q240069101_4;Q240069101_4_4;D;3600;0;0;4800;2400;1900
Q240069101_4;Q240069101_4_5;E;4800;0;0;6000;2400;1620
Q240069101_4;Q240069101_4_6;F;6000;0;0;7200;2400;1620
Q240069101_4;Q240069101_4_7;G;7200;0;0;8400;2400;1620
Q240069101_4;Q240069101_4_8;H;8400;0;0;9600;2400;1620
Q240069101_4;Q240069101_4_9;I;9600;0;0;10800;2400;1620
Q240069101_4;Q240069101_4_10;J;10800;0;0;12000;2400;1620
Q240069101_4;Q240069101_4_11;K;12000;0;0;13200;2400;1620
Q240069101_5;Q240069101_5_1;A;0;0;0;1200;2400;1620
Q240069101_5;Q240069101_5_2;B;1200;0;0;2400;2400;1620
Q240069101_5;Q240069101_5_3;C;2400;0;0;3600;2400;1620
Q240069101_5;Q240069101_5_4;D;3600;0;0;4800;2400;1620
Q240069101_5;Q240069101_5_5;E;4800;0;0;6000;2400;1620
Q240069101_5;Q240069101_5_6;F;6000;0;0;7200;2400;1620
Q240069101_5;Q240069101_5_7;G;7200;0;0;8400;2400;1620
Q240069101_5;Q240069101_5_8;H;8400;0;0;9600;2400;1620
Q240069101_5;Q240069101_5_9;I;9600;0;0;10800;2400;1620
Q240069101_5;Q240069101_5_10;J;10800;0;0;12000;2400;2460
Q240069101_5;Q240069101_5_11;K;12000;0;0;13200;2400;2460
Q240069101_6;Q240069101_6_1;A;0;0;0;2000;1200;2250
Q240069101_6;Q240069101_6_2;B;0;1240;0;2000;2440;2250
Q240069101_6;Q240069101_6_3;C;2000;0;0;3200;2400;2460
Q240069101_6;Q240069101_6_4;D;3200;0;0;4400;2400;2460
Q240069101_6;Q240069101_6_5;E;4400;0;0;5600;2400;2460
Q240069101_6;Q240069101_6_6;F;5600;0;0;6800;2400;2460
Q240069101_6;Q240069101_6_7;G;6800;0;0;8000;2400;2460
Q240069101_6;Q240069101_6_8;H;8000;0;0;9200;2400;2460
Q240069101_6;Q240069101_6_9;I;9200;0;0;10400;2400;2460
Q240069101_6;Q240069101_6_10;J;10400;0;0;11600;2400;2460
Q240069101_6;Q240069101_6_11;K;11600;1240;0;13400;2440;2340
Q240069101_6;Q240069101_6_12;L;11600;0;0;13400;1200;2340
Q240069101_7;Q240069101_7_1;A;0;0;0;1800;1200;2340
Q240069101_7;Q240069101_7_2;B;0;1240;0;2400;2440;2500
Q240069101_7;Q240069101_7_3;C;1800;0;0;4200;1200;1620
Q240069101_7;Q240069101_7_4;D;2400;1240;0;4800;2440;2000
Q240069101_7;Q240069101_7_5;E;4200;0;0;6600;1200;2000
Q240069101_7;Q240069101_7_6;F;4800;1240;0;7200;2440;1900
Q240069101_7;Q240069101_7_7;G;6600;0;0;9000;1200;1900
Q240069101_7;Q240069101_7_8;H;7200;1240;0;9600;2440;2460
Q240069101_7;Q240069101_7_9;I;9000;0;0;11400;1200;2460
Q240069101_7;Q240069101_7_10;J;9600;1240;0;12000;2440;2460
Q240069101_7;Q240069101_7_11;K;12000;0;0;13200;2400;2460
P210069001;P210069001_1;A;0;0;0;2000;1200;2875
P210069001;P210069001_2;B;0;1240;0;2000;2440;2875
P210069001;P210069001_3;C;2000;1240;0;4000;2440;2875
P210069001;P210069001_4;D;2000;0;0;4000;1200;2875
P210069001;P210069001_5;E;4000;0;0;6000;1200;2875
P210069001;P210069001_6;F;4000;1240;0;6000;2440;2875
P210069001;P210069001_7;G;6000;1240;0;8000;2440;2875
P210069001;P210069001_8;H;6000;0;0;8000;1200;2875
P210069001;P210069001_9;I;8000;0;0;10000;1200;2875
P210069001;P210069001_10;J;8000;1240;0;10400;2440;2460
P210069001;P210069001_11;K;10000;0;0;12400;1200;2460
P210069001;P210069001_12;L;10400;1240;0;12800;2440;2460
P210069027;P210069027_1;A;0;1240;0;2000;2440;2250
P210069027;P210069027_2;B;0;0;0;2400;1200;2460
P210069027;P210069027_3;C;2000;1240;0;4400;2440;2460
P210069027;P210069027_4;D;2400;0;0;4800;1200;2460
P210069027;P210069027_5;E;4400;1240;0;6800;2440;2460
P210069027;P210069027_6;F;4800;0;0;6600;1200;2340
P210069027;P210069027_7;G;6600;0;0;8400;1200;2340
P210069027;P210069027_8;H;6800;1240;0;8600;2440;2340
P210069027;P210069027_9;I;8400;0;0;10200;1200;2340
P210069027;P210069027_10;J;8600;1240;0;10400;2440;2340
P210069027;P210069027_11;K;10200;0;0;12000;1200;2340
P210069027;P210069027_12;L;10400;1240;0;12200;2440;2340
P210069027;P210069027_13;M;12000;0;0;12800;600;560
P210069027;P210069027_14;N;12200;640;0;13400;2440;2340
P209069011;P209069011_1;A;0;0;0;2000;1200;2875
P209069011;P209069011_2;B;0;1240;0;2000;2440;2875
P209069011;P209069011_3;C;2000;1240;0;4000;2440;2875
P209069011;P209069011_4;D;2000;0;0;4000;1200;2875
P209069011;P209069011_5;E;4000;0;0;6000;1200;2875
P209069011;P209069011_6;F;4000;1240;0;6000;2440;2875
P209069011;P209069011_7;G;6000;1240;0;8000;2440;2875
P209069011;P209069011_8;H;6000;0;0;8000;1200;2875
P209069011;P209069011_9;I;8000;0;0;10000;1200;2875
P209069011;P209069011_10;J;8000;1240;0;10000;2440;2875
P209069011;P209069011_11;K;10000;1240;0;12000;2440;2875
P209069011;P209069011_12;L;10000;0;0;12000;1200;2875
P209069011;P209069011_13;M;12000;0;0;13200;2000;2875
P209069123;P209069123_1;A;0;0;0;1200;2400;1900
P209069123;P209069123_2;B;1200;0;0;3000;1200;2340
P209069123;P209069123_3;C;1200;1240;0;3000;2440;2340
P209069123;P209069123_4;D;3000;1240;0;4800;2440;2340
P209069123;P209069123_5;E;3000;0;0;4200;1200;2200
P209069123;P209069123_6;F;4200;0;0;5400;1200;2200
P209069123;P209069123_7;G;4800;1240;0;6600;2440;2340
P209069123;P209069123_8;H;5400;0;0;7200;1200;2340
P209069123;P209069123_9;I;6600;1240;0;8400;2440;2340
P209069123;P209069123_10;J;7200;0;0;9000;1200;2340
P209069123;P209069123_11;K;8400;1240;0;10200;2440;2340
P209069123;P209069123_12;L;9000;0;0;11400;1200;2460
P209069123;P209069123_13;M;10200;1240;0;12000;2440;2340
P209069123;P209069123_14;N;11400;0;0;13200;1200;2340
P209069123;P209069123_15;O;12000;1240;0;13200;2440;2200
P209069121;P209069121_1;A;0;0;0;1200;2400;2000
P209069121;P209069121_2;B;1200;0;0;2400;2400;2000
P209069121;P209069121_3;C;2400;0;0;3600;2400;1620
P209069121;P209069121_4;D;3600;0;0;4800;2400;1620
P209069121;P209069121_5;E;4800;0;0;6000;2400;2000
P209069121;P209069121_6;F;6000;0;0;7200;2400;2000
P209069121;P209069121_7;G;7200;0;0;8400;2400;2000
P209069121;P209069121_8;H;8400;0;0;9600;2400;1620
P209069121;P209069121_9;I;9600;0;0;10800;2400;1900
P209069121;P209069121_10;J;10800;0;0;12000;2400;1900
P209069121;P209069121_11;K;12000;0;0;13200;2400;2460
P209069119;P209069119_1;A;0;0;0;2000;1200;2875
P209069119;P209069119_2;B;0;1240;0;2000;2440;2875
P209069119;P209069119_3;C;2000;1240;0;4000;2440;2875
P209069119;P209069119_4;D;2000;0;0;4000;1200;2875
P209069119;P209069119_5;E;4000;0;0;6000;1200;2875
P209069119;P209069119_6;F;4000;1240;0;6000;2440;2875
P209069119;P209069119_7;G;6000;1240;0;8000;2440;2875
P209069119;P209069119_8;H;6000;0;0;8000;1200;2875
P209069119;P209069119_9;I;8000;0;0;10000;1200;2875
P209069119;P209069119_10;J;8000;1240;0;10000;2440;2875
P209069119;P209069119_11;K;10000;1240;0;12000;2440;2875
P209069119;P209069119_12;L;10000;0;0;12000;1200;2875
P209069119;P209069119_13;M;12000;0;0;13200;2000;2875
P209069019;P209069019_1;A;0;1240;0;1800;2440;2340
P209069019;P209069019_2;B;0;0;0;2000;1200;2250
P209069019;P209069019_3;C;1800;1240;0;4200;2440;2460
P209069019;P209069019_4;D;2000;0;0;4400;1200;2460
P209069019;P209069019_5;E;4200;1240;0;6600;2440;2460
P209069019;P209069019_6;F;4400;0;0;6800;1200;2460
P209069019;P209069019_7;G;6600;1240;0;9000;2440;2460
P209069019;P209069019_8;H;6800;0;0;9200;1200;2460
P209069019;P209069019_9;I;9000;1240;0;11400;2440;2460
P209069019;P209069019_10;J;9200;0;0;11600;1200;2460
P209069019;P209069019_11;K;11400;1240;0;13200;2440;2340
P209069115;P209069115_1;A;0;0;0;1200;2400;2460
P209069115;P209069115_2;B;1200;0;0;2400;2400;1900
P209069115;P209069115_3;C;2400;0;0;3600;2400;2460
P209069115;P209069115_4;D;3600;1240;0;5400;2440;2340
P209069115;P209069115_5;E;3600;0;0;5400;1200;2340
P209069115;P209069115_6;F;5400;0;0;7200;1200;2340
P209069115;P209069115_7;G;5400;1240;0;7200;2440;2340
P209069115;P209069115_8;H;7200;1240;0;9000;2440;2340
P209069115;P209069115_9;I;7200;0;0;9000;1200;2340
P209069115;P209069115_10;J;9000;0;0;10800;1200;2400
P209069115;P209069115_11;K;9000;1240;0;11400;2440;2500
P209069115;P209069115_12;L;10800;0;0;13200;1200;2460
P209069115;P209069115_13;M;11400;1240;0;13200;2440;2340
P209069117;P209069117_1;A;0;0;0;1200;2400;1620
P209069117;P209069117_2;B;1200;0;0;2400;2400;2000
P209069117;P209069117_3;C;2400;0;0;3600;2400;2000
P209069117;P209069117_4;D;3600;0;0;4800;2400;2000
P209069117;P209069117_5;E;4800;0;0;6000;2400;2000
P209069117;P209069117_6;F;6000;0;0;7200;2400;1900
P209069117;P209069117_7;G;7200;0;0;8400;2400;1620
P209069117;P209069117_8;H;8400;0;0;9600;2400;1620
P209069117;P209069117_9;I;9600;0;0;10800;2400;2000
P209069117;P209069117_10;J;10800;0;0;12000;2400;2000
P209069117;P209069117_11;K;12000;0;0;13200;2400;2460
P209069015;P209069015_1;A;0;0;0;1200;2400;2460
P209069015;P209069015_2;B;1200;0;0;2400;2400;2460
P209069015;P209069015_3;C;2400;0;0;3600;2400;2460
P209069015;P209069015_4;D;3600;0;0;4800;2400;2460
P209069015;P209069015_5;E;4800;0;0;6800;1200;2875
P209069015;P209069015_6;F;4800;1240;0;6800;2440;2875
P209069015;P209069015_7;G;6800;1240;0;8800;2440;2875
P209069015;P209069015_8;H;6800;0;0;8800;1200;2875
P209069015;P209069015_9;I;8800;0;0;10800;1200;2875
P209069015;P209069015_10;J;8800;1240;0;10800;2440;2875
P209069015;P209069015_11;K;10800;0;0;12000;2400;2460
P209069015;P209069015_12;L;12000;0;0;13200;2400;2460
P209069013;P209069013_1;A;0;0;0;1200;2400;1900
P209069013;P209069013_2;B;1200;0;0;2400;2400;2460
P209069013;P209069013_3;C;2400;0;0;3600;2400;2460
P209069013;P209069013_4;D;3600;0;0;4800;2400;2460
P209069013;P209069013_5;E;4800;0;0;6000;2400;2000
P209069013;P209069013_6;F;6000;0;0;7200;2400;1620
P209069013;P209069013_7;G;7200;0;0;8400;2400;2460
P209069013;P209069013_8;H;8400;0;0;9600;2400;2460
P209069013;P209069013_9;I;9600;0;0;10800;2400;2460
P209069013;P209069013_10;J;10800;0;0;12000;2400;2460
P209069013;P209069013_11;K;12000;0;0;13200;2400;2460
P209069111;P209069111_1;A;0;1240;0;1200;2440;2200
P209069111;P209069111_2;B;0;0;0;1800;1200;2340
P209069111;P209069111_3;C;1200;1240;0;3000;2440;2340
P209069111;P209069111_4;D;1800;0;0;4000;1200;1760
P209069111;P209069111_5;E;3000;1240;0;5400;2440;1800
P209069111;P209069111_6;F;4000;0;0;5800;1200;2340
P209069111;P209069111_7;G;5400;1240;0;7200;2440;2340
P209069111;P209069111_8;H;5800;0;0;7600;1200;2340
P209069111;P209069111_9;I;7200;1240;0;9000;2440;2340
P209069111;P209069111_10;J;7600;0;0;9400;1200;2340
P209069111;P209069111_11;K;9000;1240;0;10800;2440;2340
P209069111;P209069111_12;L;9400;0;0;11400;1200;2875
P209069111;P209069111_13;M;10800;1240;0;12800;2440;2875
P209069111;P209069111_14;N;11400;0;0;13400;1200;2875
P209069009;P209069009_1;A;0;0;0;1200;2400;2460
P209069009;P209069009_2;B;1200;0;0;2400;2400;2000
P209069009;P209069009_3;C;2400;0;0;3600;2400;1900
P209069009;P209069009_4;D;3600;0;0;4800;2400;2000
P209069009;P209069009_5;E;4800;0;0;6000;2400;2000
P209069009;P209069009_6;F;6000;0;0;7200;2400;2460
P209069009;P209069009_7;G;7200;0;0;8400;2400;2000
P209069009;P209069009_8;H;8400;0;0;9600;2400;2460
P209069009;P209069009_9;I;9600;0;0;10800;2400;2460
P209069009;P209069009_10;J;10800;0;0;12000;2400;2460
P209069009;P209069009_11;K;12000;0;0;13200;2400;2460
P209069107;P209069107_1;A;0;0;0;2000;1200;2875
P209069107;P209069107_2;B;0;1240;0;2000;2440;2875
P209069107;P209069107_3;C;2000;1240;0;4000;2440;2875
P209069107;P209069107_4;D;2000;0;0;4000;1200;2875
P209069107;P209069107_5;E;4000;0;0;6000;1200;2875
P209069107;P209069107_6;F;4000;1240;0;6000;2440;2875
P209069107;P209069107_7;G;6000;1240;0;8000;2440;2875
P209069107;P209069107_8;H;6000;0;0;8000;1200;2875
P209069107;P209069107_9;I;8000;0;0;10000;1200;2875
P209069107;P209069107_10;J;8000;1240;0;10000;2440;2875
P209069107;P209069107_11;K;10000;1240;0;12000;2440;2875
P209069107;P209069107_12;L;10000;0;0;12000;1200;2875
P209069107;P209069107_13;M;12000;0;0;13200;2000;2875
P209069007;P209069007_1;A;0;0;0;1800;1200;2340
P209069007;P209069007_2;B;0;1240;0;2400;2440;2460
P209069007;P209069007_3;C;1800;0;0;4200;1200;1620
P209069007;P209069007_4;D;2400;1240;0;4800;2440;1900
P209069007;P209069007_5;E;4200;0;0;6600;1200;1620
P209069007;P209069007_6;F;4800;1240;0;6600;2440;2340
P209069007;P209069007_7;G;6600;0;0;7800;2400;1900
P209069007;P209069007_8;H;7800;0;0;9000;2400;1620
P209069007;P209069007_9;I;9000;1240;0;10800;2440;2340
P209069007;P209069007_10;J;9000;0;0;11400;1200;2000
P209069007;P209069007_11;K;10800;1240;0;13200;2440;1620
P209069105;P209069105_1;A;0;0;0;1200;2400;2000
P209069105;P209069105_2;B;1200;0;0;2400;2400;1900
P209069105;P209069105_3;C;2400;0;0;3600;2400;2460
P209069105;P209069105_4;D;3600;0;0;4800;2400;2460
P209069105;P209069105_5;E;4800;0;0;6000;2400;2460
P209069105;P209069105_6;F;6000;0;0;7200;2400;2460
P209069105;P209069105_7;G;7200;0;0;8400;2400;2460
P209069105;P209069105_8;H;8400;0;0;9600;2400;2000
P209069105;P209069105_9;I;9600;0;0;10800;2400;1620
P209069105;P209069105_10;J;10800;0;0;12000;2400;2460
P209069105;P209069105_11;K;12000;0;0;13200;2400;2460
P209069005;P209069005_1;A;0;0;0;1800;1200;2340
P209069005;P209069005_2;B;0;1240;0;1800;2440;2340
P209069005;P209069005_3;C;1800;1240;0;3600;2440;2340
P209069005;P209069005_4;D;1800;0;0;3600;1200;2340
P209069005;P209069005_5;E;3600;0;0;5400;1200;2340
P209069005;P209069005_6;F;3600;1240;0;5400;2440;2340
P209069005;P209069005_7;G;5400;1240;0;7200;2440;2340
P209069005;P209069005_8;H;5400;0;0;6600;1200;2200
P209069005;P209069005_9;I;6600;0;0;8400;1200;2340
P209069005;P209069005_10;J;7200;1240;0;9000;2440;2340
P209069005;P209069005_11;K;8400;0;0;10200;1200;2340
P209069005;P209069005_12;L;9000;1240;0;10800;2440;2340
P209069005;P209069005_13;M;10200;0;0;12000;1200;2340
P209069005;P209069005_14;N;10800;1240;0;12600;2440;2340
P209069005;P209069005_15;O;12000;0;0;13200;1200;2200
P209069003;P209069003_1;A;0;0;0;2000;1200;2875
P209069003;P209069003_2;B;0;1240;0;2000;2440;2875
P209069003;P209069003_3;C;2000;1240;0;4000;2440;2875
P209069003;P209069003_4;D;2000;0;0;4000;1200;2875
P209069003;P209069003_5;E;4000;0;0;6000;1200;2875
P209069003;P209069003_6;F;4000;1240;0;6000;2440;2875
P209069003;P209069003_7;G;6000;1240;0;8000;2440;2875
P209069003;P209069003_8;H;6000;0;0;8000;1200;2875
P209069003;P209069003_9;I;8000;0;0;10000;1200;2875
P209069003;P209069003_10;J;8000;1240;0;10000;2440;2875
P209069003;P209069003_11;K;10000;0;0;11200;2400;2460
P209069003;P209069003_12;L;11200;0;0;13200;1200;2875
P209069003;P209069003_13;M;11200;1240;0;13200;2440;2875
P209069101;P209069101_1;A;0;0;0;1200;2400;2000
P209069101;P209069101_2;B;1200;0;0;2400;2400;1900
P209069101;P209069101_3;C;2400;0;0;3600;2400;2460
P209069101;P209069101_4;D;3600;0;0;4800;2400;2460
P209069101;P209069101_5;E;4800;0;0;6000;2400;1900
P209069101;P209069101_6;F;6000;0;0;7200;2400;2000
P209069101;P209069101_7;G;7200;0;0;8400;2400;2000
P209069101;P209069101_8;H;8400;0;0;9600;2400;2460
P209069101;P209069101_9;I;9600;0;0;10800;2400;2460
P209069101;P209069101_10;J;10800;0;0;12000;2400;2460
P209069101;P209069101_11;K;12000;0;0;13200;2400;2460
P209069001;P209069001_1;A;0;0;0;2000;1200;2875
P209069001;P209069001_2;B;0;1240;0;2000;2440;2875
P209069001;P209069001_3;C;2000;1240;0;4000;2440;2875
P209069001;P209069001_4;D;2000;0;0;4000;1200;2875
P209069001;P209069001_5;E;4000;0;0;6000;1200;2875
P209069001;P209069001_6;F;4000;1240;0;6000;2440;2875
P209069001;P209069001_7;G;6000;1240;0;8000;2440;2875
P209069001;P209069001_8;H;6000;0;0;8000;1200;2875
P209069001;P209069001_9;I;8000;0;0;10000;1200;2875
P209069001;P209069001_10;J;8000;1240;0;10000;2440;2875
P209069001;P209069001_11;K;10000;0;0;11200;2400;2460
P209069001;P209069001_12;L;11200;0;0;13200;1200;2875
P209069001;P209069001_13;M;11200;1240;0;13200;2440;2875
P209069025;P209069025_1;A;0;0;0;1200;2400;1620
P209069025;P209069025_2;B;1200;0;0;2400;2400;2460
P209069025;P209069025_3;C;2400;0;0;3600;2400;2460
P209069025;P209069025_4;D;3600;0;0;4800;2400;2460
P209069025;P209069025_5;E;4800;0;0;6000;2400;2460
P209069025;P209069025_6;F;6000;0;0;7200;2400;2460
P209069025;P209069025_7;G;7200;0;0;8400;2400;2460
P209069025;P209069025_8;H;8400;0;0;9600;2400;2460
P209069025;P209069025_9;I;9600;0;0;10800;2400;2460
P209069025;P209069025_10;J;10800;0;0;12000;2400;2460
P209069025;P209069025_11;K;12000;0;0;13200;2400;1900
P209069027;P209069027_1;A;0;0;0;1800;1200;2340
P209069027;P209069027_2;B;0;1240;0;1800;2440;2340
P209069027;P209069027_3;C;1800;1240;0;3600;2440;2340
P209069027;P209069027_4;D;1800;0;0;3600;1200;2340
P209069027;P209069027_5;E;3600;0;0;5400;1200;2340
P209069027;P209069027_6;F;3600;1240;0;5400;2440;2340
P209069027;P209069027_7;G;5400;0;0;6600;2400;2460
P209069027;P209069027_8;H;6600;0;0;8400;1200;2340
P209069027;P209069027_9;I;6600;1240;0;8400;2440;2340
P209069027;P209069027_10;J;8400;1240;0;10200;2440;2340
P209069027;P209069027_11;K;8400;0;0;10200;1200;2340
P209069027;P209069027_12;L;10200;0;0;12000;1200;2340
P209069027;P209069027_13;M;10200;1240;0;12000;2440;2340
P209069027;P209069027_14;N;12000;0;0;13200;1800;2340
P208069131;P208069131_1;A;0;0;0;2000;1200;2875
P208069131;P208069131_2;B;0;1240;0;2000;2440;2875
P208069131;P208069131_3;C;2000;1240;0;4000;2440;2875
P208069131;P208069131_4;D;2000;0;0;4000;1200;2875
P208069131;P208069131_5;E;4000;0;0;6000;1200;2875
P208069131;P208069131_6;F;4000;1240;0;6000;2440;2875
P208069131;P208069131_7;G;6000;1240;0;8000;2440;2875
P208069131;P208069131_8;H;6000;0;0;8000;1200;2875
P208069131;P208069131_9;I;8000;0;0;10000;1200;2875
P208069131;P208069131_10;J;8000;1240;0;10000;2440;2875
P208069131;P208069131_11;K;10000;1240;0;12000;2440;2875
P208069131;P208069131_12;L;10000;0;0;12000;1200;2875
P208069131;P208069131_13;M;12000;0;0;13200;2000;2875
P208069127;P208069127_1;A;0;0;0;1200;2400;1900
P208069127;P208069127_2;B;1200;0;0;2400;2400;1620
P208069127;P208069127_3;C;2400;0;0;3600;2400;2500
P208069127;P208069127_4;D;3600;0;0;4800;2400;2000
P208069127;P208069127_5;E;4800;0;0;6000;2400;1900
P208069127;P208069127_6;F;6000;0;0;7200;2400;2000
P208069127;P208069127_7;G;7200;0;0;8400;2400;2000
P208069127;P208069127_8;H;8400;0;0;9600;2400;2000
P208069127;P208069127_9;I;9600;0;0;10800;2400;1620
P208069127;P208069127_10;J;10800;0;0;12000;2400;2460
P208069127;P208069127_11;K;12000;1240;0;13200;2440;2200
P208069127;P208069127_12;L;12000;0;0;13200;1200;2200
P208069011;P208069011_1;A;0;0;0;2000;1200;2875
P208069011;P208069011_2;B;0;1240;0;2000;2440;2875
P208069011;P208069011_3;C;2000;1240;0;4000;2440;2875
P208069011;P208069011_4;D;2000;0;0;4000;1200;2875
P208069011;P208069011_5;E;4000;0;0;6000;1200;2875
P208069011;P208069011_6;F;4000;1240;0;6000;2440;2875
P208069011;P208069011_7;G;6000;1240;0;8000;2440;2875
P208069011;P208069011_8;H;6000;0;0;8000;1200;2875
P208069011;P208069011_9;I;8000;0;0;10000;1200;2875
P208069011;P208069011_10;J;8000;1240;0;10000;2440;2875
P208069011;P208069011_11;K;10000;1240;0;12000;2440;2875
P208069011;P208069011_12;L;10000;0;0;12000;1200;2875
P208069011;P208069011_13;M;12000;0;0;13200;2000;2875
P208069123;P208069123_1;A;0;1240;0;1800;2440;2340
P208069123;P208069123_2;B;0;0;0;1800;1200;2340
P208069123;P208069123_3;C;1800;0;0;3600;1200;2340
P208069123;P208069123_4;D;1800;1240;0;3600;2440;2340
P208069123;P208069123_5;E;3600;1240;0;5400;2440;2340
P208069123;P208069123_6;F;3600;0;0;5400;1200;2340
P208069123;P208069123_7;G;5400;0;0;7200;1200;2340
P208069123;P208069123_8;H;5400;1240;0;7200;2440;2340
P208069123;P208069123_9;I;7200;1240;0;9000;2440;2340
P208069123;P208069123_10;J;7200;0;0;9600;1200;2500
P208069123;P208069123_11;K;9000;1240;0;11400;2440;2460
P208069123;P208069123_12;L;9600;0;0;12000;1200;2460
P208069123;P208069123_13;M;11400;1240;0;13200;2440;2340
P208069123;P208069123_14;N;12000;0;0;13200;1200;2200
P208069121;P208069121_1;A;0;0;0;1200;2400;2000
P208069121;P208069121_2;B;1200;0;0;2400;2400;1620
P208069121;P208069121_3;C;2400;0;0;3600;2400;1620
P208069121;P208069121_4;D;3600;0;0;4800;2400;1900
P208069121;P208069121_5;E;4800;0;0;6000;2400;2000
P208069121;P208069121_6;F;6000;0;0;7200;2400;2000
P208069121;P208069121_7;G;7200;0;0;8400;2400;2000
P208069121;P208069121_8;H;8400;0;0;9600;2400;2000
P208069121;P208069121_9;I;9600;0;0;10800;2400;1900
P208069121;P208069121_10;J;10800;0;0;12000;2400;1900
P208069121;P208069121_11;K;12000;0;0;13200;2400;2460
P208069021;P208069021_1;A;0;0;0;1200;2400;1800
P208069021;P208069021_2;B;1200;1240;0;3400;2440;1760
P208069021;P208069021_3;C;1200;0;0;3600;1200;1620
P208069021;P208069021_4;D;3400;1240;0;5800;2440;1620
P208069021;P208069021_5;E;3600;0;0;4400;600;560
P208069021;P208069021_6;F;4400;0;0;6200;1200;2340
P208069021;P208069021_7;G;5800;1240;0;7600;2440;2340
P208069021;P208069021_8;H;6200;0;0;8000;1200;2340
P208069021;P208069021_9;I;7600;1240;0;9400;2440;2340
P208069021;P208069021_10;J;8000;0;0;9800;1200;2340
P208069021;P208069021_11;K;9400;1240;0;11200;2440;2340
P208069021;P208069021_12;L;9800;0;0;11600;1200;2340
P208069021;P208069021_13;M;11200;1240;0;13200;2440;2250
P208069021;P208069021_14;N;11600;0;0;13400;1200;2340
P208069119;P208069119_1;A;0;0;0;2000;1200;2875
P208069119;P208069119_2;B;0;1240;0;2000;2440;2875
P208069119;P208069119_3;C;2000;1240;0;4000;2440;2875
P208069119;P208069119_4;D;2000;0;0;4000;1200;2875
P208069119;P208069119_5;E;4000;0;0;6000;1200;2875
P208069119;P208069119_6;F;4000;1240;0;6000;2440;2875
P208069119;P208069119_7;G;6000;1240;0;8000;2440;2875
P208069119;P208069119_8;H;6000;0;0;8000;1200;2875
P208069119;P208069119_9;I;8000;0;0;10000;1200;2875
P208069119;P208069119_10;J;8000;1240;0;10000;2440;2875
P208069119;P208069119_11;K;10000;1240;0;12000;2440;2875
P208069119;P208069119_12;L;10000;0;0;12000;1200;2875
P208069119;P208069119_13;M;12000;0;0;13200;2000;2875
P208069019;P208069019_1;A;0;0;0;1200;2400;1740
P208069019;P208069019_2;B;1200;1240;0;3200;2440;2250
P208069019;P208069019_3;C;1200;0;0;3600;1200;2460
P208069019;P208069019_4;D;3200;1240;0;5600;2440;2460
P208069019;P208069019_5;E;3600;0;0;6000;1200;2460
P208069019;P208069019_6;F;5600;1240;0;8000;2440;2460
P208069019;P208069019_7;G;6000;0;0;8400;1200;2460
P208069019;P208069019_8;H;8000;1240;0;10400;2440;2460
P208069019;P208069019_9;I;8400;0;0;10800;1200;2460
P208069019;P208069019_10;J;10400;1240;0;12800;2440;2460
P208069019;P208069019_11;K;10800;0;0;13200;1200;2460
P208069115;P208069115_1;A;0;0;0;1800;1200;2340
P208069115;P208069115_2;B;0;1240;0;1800;2440;2340
P208069115;P208069115_3;C;1800;0;0;3000;2400;2460
P208069115;P208069115_4;D;3000;0;0;4200;2400;2460
P208069115;P208069115_5;E;4200;0;0;5400;2400;1900
P208069115;P208069115_6;F;5400;0;0;6600;2400;2460
P208069115;P208069115_7;G;6600;0;0;7800;2400;2460
P208069115;P208069115_8;H;7800;0;0;9000;1200;2200
P208069115;P208069115_9;I;7800;1240;0;9600;2440;2340
P208069115;P208069115_10;J;9000;0;0;10800;1200;2340
P208069115;P208069115_11;K;9600;1240;0;11400;2440;2340
P208069115;P208069115_12;L;10800;0;0;12600;1200;2340
P208069115;P208069115_13;M;11400;1240;0;13200;2440;2340
P208069117;P208069117_1;A;0;0;0;1200;2400;2000
P208069117;P208069117_2;B;1200;0;0;2400;2400;2000
P208069117;P208069117_3;C;2400;0;0;3600;2400;1620
P208069117;P208069117_4;D;3600;0;0;4800;2400;1620
P208069117;P208069117_5;E;4800;0;0;6000;2400;1900
P208069117;P208069117_6;F;6000;0;0;7200;2400;2460
P208069117;P208069117_7;G;7200;0;0;8400;2400;2000
P208069117;P208069117_8;H;8400;0;0;9600;2400;2000
P208069117;P208069117_9;I;9600;0;0;10800;2400;1620
P208069117;P208069117_10;J;10800;0;0;12000;2400;2460
P208069117;P208069117_11;K;12000;0;0;13200;2400;2000
P208069015;P208069015_1;A;0;0;0;1200;2400;2460
P208069015;P208069015_2;B;1200;0;0;2400;2400;2460
P208069015;P208069015_3;C;2400;0;0;3600;2400;2460
P208069015;P208069015_4;D;3600;0;0;4800;2400;2460
P208069015;P208069015_5;E;4800;0;0;6600;1200;2340
P208069015;P208069015_6;F;4800;1240;0;6800;2440;2875
P208069015;P208069015_7;G;6600;0;0;8600;1200;2875
P208069015;P208069015_8;H;6800;1240;0;8800;2440;2875
P208069015;P208069015_9;I;8600;0;0;10600;1200;2875
P208069015;P208069015_10;J;8800;1240;0;10800;2440;2875
P208069015;P208069015_11;K;10600;0;0;12600;1200;2875
P208069015;P208069015_12;L;10800;1240;0;12800;2440;2875
P208069013;P208069013_1;A;0;0;0;1200;2400;1620
P208069013;P208069013_2;B;1200;0;0;2400;2400;2000
P208069013;P208069013_3;C;2400;0;0;3600;2400;1900
P208069013;P208069013_4;D;3600;0;0;4800;2400;2460
P208069013;P208069013_5;E;4800;0;0;6000;2400;2460
P208069013;P208069013_6;F;6000;0;0;7200;2400;2460
P208069013;P208069013_7;G;7200;0;0;8400;2400;2000
P208069013;P208069013_8;H;8400;0;0;9600;2400;1620
P208069013;P208069013_9;I;9600;0;0;10800;2400;1900
P208069013;P208069013_10;J;10800;0;0;12000;2400;2460
P208069013;P208069013_11;K;12000;0;0;13200;2400;2460
P208069111;P208069111_1;A;0;0;0;1800;1200;2340
P208069111;P208069111_2;B;0;1240;0;1800;2440;2340
P208069111;P208069111_3;C;1800;1240;0;3600;2440;2340
P208069111;P208069111_4;D;1800;0;0;3600;1200;2340
P208069111;P208069111_5;E;3600;0;0;5400;1200;2340
P208069111;P208069111_6;F;3600;1240;0;5600;2440;2875
P208069111;P208069111_7;G;5400;0;0;7200;1200;2340
P208069111;P208069111_8;H;5600;1240;0;7400;2440;2340
P208069111;P208069111_9;I;7200;0;0;9000;1200;2340
P208069111;P208069111_10;J;7400;1240;0;9200;2440;2340
P208069111;P208069111_11;K;9000;0;0;10800;1200;2340
P208069111;P208069111_12;L;9200;1240;0;10400;2440;2200
P208069111;P208069111_13;M;10400;1240;0;12800;2440;2460
P208069111;P208069111_14;N;10800;0;0;13200;1200;2460
P208069009;P208069009_1;A;0;0;0;1200;2400;2460
P208069009;P208069009_2;B;1200;0;0;2400;2400;1900
P208069009;P208069009_3;C;2400;0;0;3600;2400;2460
P208069009;P208069009_4;D;3600;0;0;4800;2400;2000
P208069009;P208069009_5;E;4800;0;0;6000;2400;2000
P208069009;P208069009_6;F;6000;0;0;7200;2400;1620
P208069009;P208069009_7;G;7200;0;0;8400;2400;2460
P208069009;P208069009_8;H;8400;0;0;9600;2400;2460
P208069009;P208069009_9;I;9600;0;0;10800;2400;2460
P208069009;P208069009_10;J;10800;0;0;12000;2400;2460
P208069009;P208069009_11;K;12000;0;0;13200;2400;2000
P208069107;P208069107_1;A;0;0;0;2000;1200;2875
P208069107;P208069107_2;B;0;1240;0;2000;2440;2875
P208069107;P208069107_3;C;2000;1240;0;4000;2440;2875
P208069107;P208069107_4;D;2000;0;0;4000;1200;2875
P208069107;P208069107_5;E;4000;0;0;6000;1200;2875
P208069107;P208069107_6;F;4000;1240;0;6000;2440;2875
P208069107;P208069107_7;G;6000;1240;0;8000;2440;2875
P208069107;P208069107_8;H;6000;0;0;8000;1200;2875
P208069107;P208069107_9;I;8000;0;0;10000;1200;2875
P208069107;P208069107_10;J;8000;1240;0;10000;2440;2875
P208069107;P208069107_11;K;10000;1240;0;12000;2440;2875
P208069107;P208069107_12;L;10000;0;0;12000;1200;2875
P208069107;P208069107_13;M;12000;0;0;13200;2000;2875
P208069105;P208069105_1;A;0;0;0;1200;2400;2000
P208069105;P208069105_2;B;1200;1240;0;3000;2440;2340
P208069105;P208069105_3;C;1200;0;0;3600;1200;2000
P208069105;P208069105_4;D;3000;1240;0;5400;2440;1620
P208069105;P208069105_5;E;3600;0;0;6000;1200;2460
P208069105;P208069105_6;F;5400;1240;0;7800;2440;2460
P208069105;P208069105_7;G;6000;0;0;8400;1200;1900
P208069105;P208069105_8;H;7800;1240;0;10200;2440;2460
P208069105;P208069105_9;I;8400;0;0;10800;1200;2460
P208069105;P208069105_10;J;10200;1240;0;12600;2440;2460
P208069105;P208069105_11;K;10800;0;0;13200;1200;2460
P208069005;P208069005_1;A;0;1240;0;1800;2440;2340
P208069005;P208069005_2;B;0;0;0;1800;1200;2340
P208069005;P208069005_3;C;1800;0;0;3600;1200;2340
P208069005;P208069005_4;D;1800;1240;0;3600;2440;2340
P208069005;P208069005_5;E;3600;1240;0;5400;2440;2340
P208069005;P208069005_6;F;3600;0;0;5400;1200;2340
P208069005;P208069005_7;G;5400;0;0;7200;1200;2340
P208069005;P208069005_8;H;5400;1240;0;7200;2440;2340
P208069005;P208069005_9;I;7200;0;0;8400;2400;2460
P208069005;P208069005_10;J;8400;0;0;9600;2400;2460
P208069005;P208069005_11;K;9600;1240;0;11400;2440;2340
P208069005;P208069005_12;L;9600;0;0;11400;1200;2340
P208069005;P208069005_13;M;11400;0;0;13200;1200;2340
P208069005;P208069005_14;N;11400;1240;0;13200;2440;2340
P208069003;P208069003_1;A;0;0;0;2000;1200;2875
P208069003;P208069003_2;B;0;1240;0;2000;2440;2875
P208069003;P208069003_3;C;2000;1240;0;4000;2440;2875
P208069003;P208069003_4;D;2000;0;0;4000;1200;2875
P208069003;P208069003_5;E;4000;0;0;6000;1200;2875
P208069003;P208069003_6;F;4000;1240;0;6000;2440;2875
P208069003;P208069003_7;G;6000;1240;0;8000;2440;2875
P208069003;P208069003_8;H;6000;0;0;8000;1200;2875
P208069003;P208069003_9;I;8000;0;0;10000;1200;2875
P208069003;P208069003_10;J;8000;1240;0;10000;2440;2875
P208069003;P208069003_11;K;10000;1240;0;12000;2440;2875
P208069003;P208069003_12;L;10000;0;0;12000;1200;2875
P208069003;P208069003_13;M;12000;0;0;13200;2000;2875
P208069101;P208069101_1;A;0;0;0;1200;2400;2000
P208069101;P208069101_2;B;1200;0;0;2400;2400;1620
P208069101;P208069101_3;C;2400;0;0;3600;2400;1620
P208069101;P208069101_4;D;3600;0;0;4800;2400;1900
P208069101;P208069101_5;E;4800;0;0;6000;2400;2000
P208069101;P208069101_6;F;6000;0;0;7200;2400;2460
P208069101;P208069101_7;G;7200;0;0;8400;2400;2460
P208069101;P208069101_8;H;8400;0;0;9600;2400;1620
P208069101;P208069101_9;I;9600;0;0;10800;2400;2460
P208069101;P208069101_10;J;10800;0;0;12000;2400;2460
P208069101;P208069101_11;K;12000;0;0;13200;2400;2460
P208069001;P208069001_1;A;0;0;0;2000;1200;2875
P208069001;P208069001_2;B;0;1240;0;2000;2440;2875
P208069001;P208069001_3;C;2000;1240;0;4000;2440;2875
P208069001;P208069001_4;D;2000;0;0;4000;1200;2875
P208069001;P208069001_5;E;4000;0;0;6000;1200;2875
P208069001;P208069001_6;F;4000;1240;0;6000;2440;2875
P208069001;P208069001_7;G;6000;1240;0;8000;2440;2875
P208069001;P208069001_8;H;6000;0;0;8000;1200;2875
P208069001;P208069001_9;I;8000;0;0;10000;1200;2875
P208069001;P208069001_10;J;8000;1240;0;10000;2440;2875
P208069001;P208069001_11;K;10000;1240;0;12000;2440;2875
P208069001;P208069001_12;L;10000;0;0;12000;1200;2875
P208069001;P208069001_13;M;12000;0;0;13200;2000;2875
Q208069001_1;Q208069001_1_1;A;0;0;0;2000;1200;2875
Q208069001_1;Q208069001_1_2;B;0;1240;0;2000;2440;2875
Q208069001_1;Q208069001_1_3;C;2000;1240;0;4000;2440;2875
Q208069001_1;Q208069001_1_4;D;2000;0;0;4000;1200;2875
Q208069001_1;Q208069001_1_5;E;4000;0;0;6000;1200;2875
Q208069001_1;Q208069001_1_6;F;4000;1240;0;6000;2440;2875
Q208069001_1;Q208069001_1_7;G;6000;1240;0;8000;2440;2875
Q208069001_1;Q208069001_1_8;H;6000;0;0;8000;1200;2875
Q208069001_1;Q208069001_1_9;I;8000;0;0;10000;1200;2875
Q208069001_1;Q208069001_1_10;J;8000;1240;0;10000;2440;2875
Q208069001_1;Q208069001_1_11;K;10000;1240;0;12000;2440;2875
Q208069001_1;Q208069001_1_12;L;10000;0;0;12000;1200;1460
Q208069001_1;Q208069001_1_13;M;12000;0;0;13200;2400;2460
P208069025;P208069025_1;A;0;0;0;1200;2400;1620
P208069025;P208069025_2;B;1200;0;0;2400;2400;2000
P208069025;P208069025_3;C;2400;0;0;3600;2400;2000
P208069025;P208069025_4;D;3600;0;0;4800;2400;2000
P208069025;P208069025_5;E;4800;0;0;6000;2400;1900
P208069025;P208069025_6;F;6000;0;0;7200;2400;1900
P208069025;P208069025_7;G;7200;0;0;8400;2400;2460
P208069025;P208069025_8;H;8400;0;0;9600;2400;2460
P208069025;P208069025_9;I;9600;0;0;10800;2400;2460
P208069025;P208069025_10;J;10800;0;0;12000;2400;2460
P208069025;P208069025_11;K;12000;0;0;13200;2400;2460
P208069027;P208069027_1;A;0;0;0;1800;1200;2340
P208069027;P208069027_2;B;0;1240;0;1800;2440;2340
P208069027;P208069027_3;C;1800;1240;0;3000;2440;2200
P208069027;P208069027_4;D;1800;0;0;3600;1200;2340
P208069027;P208069027_5;E;3000;1240;0;4800;2440;2340
P208069027;P208069027_6;F;3600;0;0;5400;1200;2340
P208069027;P208069027_7;G;4800;1240;0;7200;2440;2460
P208069027;P208069027_8;H;5400;0;0;7800;1200;2460
P208069027;P208069027_9;I;7200;1240;0;9000;2440;2340
P208069027;P208069027_10;J;7800;0;0;9800;1200;2250
P208069027;P208069027_11;K;9000;1240;0;11400;2440;2460
P208069027;P208069027_12;L;9800;0;0;12200;1200;2460
P208069027;P208069027_13;M;11400;1240;0;13200;2440;2340
P208069027;P208069027_14;N;12200;0;0;13400;1200;2200
Q208069027_1;Q208069027_1_1;A;0;0;0;1200;2400;2460
Q208069027_1;Q208069027_1_2;B;1200;0;0;2400;2400;2460
Q208069027_1;Q208069027_1_3;C;2400;0;0;3600;2400;2460
Q208069027_1;Q208069027_1_4;D;3600;0;0;4800;2400;1620
Q208069027_1;Q208069027_1_5;E;4800;0;0;6000;2400;1620
Q208069027_1;Q208069027_1_6;F;6000;0;0;7200;2400;1900
Q208069027_1;Q208069027_1_7;G;7200;0;0;8400;2400;2000
Q208069027_1;Q208069027_1_8;H;8400;0;0;9600;2400;2000
Q208069027_1;Q208069027_1_9;I;9600;0;0;10800;2400;2000
Q208069027_1;Q208069027_1_10;J;10800;0;0;12000;2400;2460
Q208069027_1;Q208069027_1_11;K;12000;0;0;13200;2400;2460
Q208069027_2;Q208069027_2_1;A;0;0;0;1800;1200;2340
Q208069027_2;Q208069027_2_2;B;0;1240;0;1800;2440;2340
Q208069027_2;Q208069027_2_3;C;1800;1240;0;3600;2440;2340
Q208069027_2;Q208069027_2_4;D;1800;0;0;3600;1200;2340
Q208069027_2;Q208069027_2_5;E;3600;0;0;5400;1200;2340
Q208069027_2;Q208069027_2_6;F;3600;1240;0;5400;2440;2340
Q208069027_2;Q208069027_2_7;G;5400;1240;0;7200;2440;2340
Q208069027_2;Q208069027_2_8;H;5400;0;0;7200;1200;2340
Q208069027_2;Q208069027_2_9;I;7200;0;0;9000;1200;2340
Q208069027_2;Q208069027_2_10;J;7200;1240;0;9000;2440;2340
Q208069027_2;Q208069027_2_11;K;9000;1240;0;10800;2440;2340
Q208069027_2;Q208069027_2_12;L;9000;0;0;11400;1200;2000
Q208069027_2;Q208069027_2_13;M;10800;1240;0;13200;2440;2000
Q208069027_2;Q208069027_2_14;N;11400;0;0;13200;1200;2340
Q208069027_3;Q208069027_3_1;A;0;0;0;1200;2400;1800
Q208069027_3;Q208069027_3_2;B;1200;1240;0;3400;2440;1760
Q208069027_3;Q208069027_3_3;C;1200;0;0;2400;1200;2200
Q208069027_3;Q208069027_3_4;D;2400;0;0;4200;1200;2340
Q208069027_3;Q208069027_3_5;E;3400;1240;0;5200;2440;2340
Q208069027_3;Q208069027_3_6;F;4200;0;0;6000;1200;2340
Q208069027_3;Q208069027_3_7;G;5200;1240;0;7000;2440;2340
Q208069027_3;Q208069027_3_8;H;6000;0;0;7800;1200;2340
Q208069027_3;Q208069027_3_9;I;7000;1240;0;9400;2440;1620
Q208069027_3;Q208069027_3_10;J;7800;0;0;10200;1200;1900
P240060605;P240060605_1;A;0;1240;0;3200;2440;2935
P240060605;P240060605_2;B;0;0;0;3200;1200;2935
P240060605;P240060605_3;C;3200;0;0;6400;1200;2935
P240060605;P240060605_4;D;3200;1240;0;6400;2440;2935
P240060605;P240060605_5;E;6400;1240;0;9600;2440;2935
P240060605;P240060605_6;F;6400;0;0;9600;1200;2935
P240060605;P240060605_7;G;9600;0;0;12200;1200;2935
P240060605;P240060605_8;H;9600;1240;0;12200;2440;2935
P240060605;P240060605_9;I;12200;0;0;13400;2400;2935
Q240060605_1;Q240060605_1_1;A;0;0;0;2600;1200;2935
Q240060605_1;Q240060605_1_2;B;0;1240;0;2400;2440;2935
Q240060605_1;Q240060605_1_3;C;2400;1240;0;5000;2440;2935
Q240060605_1;Q240060605_1_4;D;2600;0;0;5000;1200;2835
Q240060605_1;Q240060605_1_5;E;5000;1240;0;6800;2440;2935
Q240060605_1;Q240060605_1_6;F;5000;0;0;6800;1200;2935
Q240060605_1;Q240060605_1_7;G;6800;0;0;8600;1200;2935
Q240060605_1;Q240060605_1_8;H;6800;1240;0;8400;2440;2700
Q240060605_1;Q240060605_1_9;I;8400;1240;0;10000;2440;2700
Q240060605_1;Q240060605_1_10;J;8600;0;0;10200;1200;2700
Q240060605_1;Q240060605_1_11;K;10000;1240;0;11600;2440;2700
Q240060605_1;Q240060605_1_12;L;10200;0;0;11800;1200;2700
Q240060605_1;Q240060605_1_13;M;11600;1240;0;13200;2440;2700
Q240060605_1;Q240060605_1_14;N;11800;0;0;13400;1200;2700
Q240060605_2;Q240060605_2_1;A;0;1660;0;570;2440;478
Q240060605_2;Q240060605_2_2;B;0;0;0;1200;1600;2520
Q240060605_2;Q240060605_2_3;C;1200;620;0;2200;1820;2700
Q240060605_2;Q240060605_2_4;D;2200;1240;0;3200;2440;2700
Q240060605_2;Q240060605_2_5;E;2200;0;0;3800;1200;2700
Q240060605_2;Q240060605_2_6;F;3200;1240;0;4800;2440;2700
Q240060605_2;Q240060605_2_7;G;3800;0;0;5400;1200;2700
Q240060605_2;Q240060605_2_8;H;4800;1240;0;5800;2440;2700
Q240060605_2;Q240060605_2_9;I;5400;0;0;7000;1200;2700
Q240060605_2;Q240060605_2_10;J;5800;1240;0;8200;2440;2340
Q240060605_2;Q240060605_2_11;K;7000;0;0;8600;1200;2700
Q240060605_2;Q240060605_2_12;L;8200;1240;0;9800;2440;2700
Q240060605_2;Q240060605_2_13;M;8600;0;0;11000;1200;2835
Q240060605_2;Q240060605_2_14;N;9800;1240;0;11400;2440;2700
Q240060605_2;Q240060605_2_15;O;11000;0;0;13400;1200;975
P209060609;P209060609_1;A;0;1240;0;2600;2440;2935
P209060609;P209060609_2;B;0;0;0;3200;1200;2935
P209060609;P209060609_3;C;2600;1240;0;4200;2440;2700
P209060609;P209060609_4;D;3200;0;0;5000;1200;2935
P209060609;P209060609_5;E;4200;1240;0;6800;2440;2935
P209060609;P209060609_6;F;5000;0;0;7400;1200;2835
P209060609;P209060609_7;G;6800;1240;0;8400;2440;2700
P209060609;P209060609_8;H;7400;0;0;8400;1200;2700
P209060609;P209060609_9;I;8400;0;0;10000;1200;2700
P209060609;P209060609_10;J;8400;1240;0;10800;2440;2875
P209060609;P209060609_11;K;10000;0;0;11800;1200;2935
P209060609;P209060609_12;L;10800;1240;0;13400;2440;2935
P209060609;P209060609_13;M;11800;0;0;13400;1200;2700
P209060605;P209060605_1;A;0;0;0;1000;1200;2700
P209060605;P209060605_2;B;0;1240;0;1600;2440;2520
P209060605;P209060605_3;C;1000;0;0;3400;1200;2420
P209060605;P209060605_4;D;1600;1240;0;3200;2440;2700
P209060605;P209060605_5;E;3200;1240;0;4800;2440;2700
P209060605;P209060605_6;F;3400;0;0;3970;780;478
P209060605;P209060605_7;G;3970;0;0;5570;1200;2520
P209060605;P209060605_8;H;4800;1240;0;7400;2440;2935
P209060605;P209060605_9;I;5570;0;0;8170;1200;2935
P209060605;P209060605_10;J;7400;1240;0;9800;2440;2835
P209060605;P209060605_11;K;8170;0;0;9970;1200;2935
P209060605;P209060605_12;L;9800;1240;0;11400;2440;2700
P209060605;P209060605_13;M;9970;0;0;11570;1200;2700
P209060605;P209060605_14;N;11400;1240;0;13000;2440;2700
P209060605;P209060605_15;O;11570;0;0;12570;1200;2700
P208060619;P208060619_1;A;0;0;0;3200;1200;2935
P208060619;P208060619_2;B;0;1240;0;1600;2440;2700
P208060619;P208060619_3;C;1600;1240;0;4200;2440;2935
P208060619;P208060619_4;D;3200;0;0;6400;1200;2935
P208060619;P208060619_5;E;4200;1240;0;6600;2440;2935
P208060619;P208060619_6;F;6400;0;0;9600;1200;2935
P208060619;P208060619_7;G;6600;1240;0;8200;2440;2700
P208060619;P208060619_8;H;8200;1240;0;10800;2440;2935
P208060619;P208060619_9;I;9600;0;0;12000;1200;2835
P208060619;P208060619_10;J;10800;1240;0;13400;2440;2935
P208060619;P208060619_11;K;12000;0;0;13000;1200;2700
P208060609;P208060609_1;A;0;1240;0;2600;2440;2935
P208060609;P208060609_2;B;0;0;0;1800;1200;2935
P208060609;P208060609_3;C;1800;0;0;3400;1200;2700
P208060609;P208060609_4;D;2600;1240;0;5800;2440;2935
P208060609;P208060609_5;E;3400;0;0;5000;1200;2700
P208060609;P208060609_6;F;5000;0;0;6600;1200;2700
P208060609;P208060609_7;G;5800;1240;0;7400;2440;2700
P208060609;P208060609_8;H;6600;0;0;8200;1200;2700
P208060609;P208060609_9;I;7400;1240;0;9800;2440;2855
P208060609;P208060609_10;J;8200;0;0;10000;1200;2935
P208060609;P208060609_11;K;9800;1240;0;11400;2440;2700
P208060609;P208060609_12;L;10000;0;0;11600;1200;2700
P208060609;P208060609_13;M;11400;1240;0;12400;2440;2700
P208060609;P208060609_14;N;11600;0;0;13200;1200;2700
P208060609;P208060609_15;O;12400;1240;0;13400;2440;2700
P208060605;P208060605_1;A;0;0;0;1200;2400;2420
P208060605;P208060605_2;B;1200;1240;0;3800;2440;2935
P208060605;P208060605_3;C;1200;0;0;3000;1200;2935
P208060605;P208060605_4;D;3000;0;0;4600;1200;2700
P208060605;P208060605_5;E;3800;1240;0;6200;2440;2420
P208060605;P208060605_6;F;4600;0;0;7200;1200;2935
P208060605;P208060605_7;G;6200;1240;0;8600;2440;2875
P208060605;P208060605_8;H;7200;0;0;8800;1200;2700
P208060605;P208060605_9;I;8600;1240;0;10200;2440;2700
P208060605;P208060605_10;J;8800;0;0;11400;1200;2935
P208060605;P208060605_11;K;10200;1240;0;13400;2440;2935
P208060605;P208060605_12;L;11400;0;0;13000;1200;2520
P207060615;P207060615_1;A;0;0;0;1600;1200;2520
P207060615;P207060615_2;B;0;1240;0;3200;2440;2935
P207060615;P207060615_3;C;1600;0;0;4200;1200;2935
P207060615;P207060615_4;D;3200;1240;0;6400;2440;2935
P207060615;P207060615_5;E;4200;0;0;4770;780;909
P207060615;P207060615_6;F;4770;0;0;7970;1200;2935
P207060615;P207060615_7;G;6400;1240;0;8000;2440;2700
P207060615;P207060615_8;H;7970;0;0;9770;1200;2935
P207060615;P207060615_9;I;8000;1240;0;11200;2440;1490
P207060615;P207060615_10;J;9770;0;0;12170;1200;2835
P207060615;P207060615_11;K;11200;1240;0;12200;2440;2700
P207060615;P207060615_12;L;12200;0;0;13400;2400;1490
P207060609;P207060609_1;A;0;1240;0;3200;2440;2935
P207060609;P207060609_2;B;0;0;0;2600;1200;2935
P207060609;P207060609_3;C;2600;0;0;4200;1200;2700
P207060609;P207060609_4;D;3200;1240;0;4800;2440;2700
P207060609;P207060609_5;E;4200;0;0;5800;1200;2700
P207060609;P207060609_6;F;4800;1240;0;6400;2440;2520
P207060609;P207060609_7;G;5800;0;0;6370;780;478
P207060609;P207060609_8;H;6370;0;0;8170;1200;2935
P207060609;P207060609_9;I;6400;1240;0;9000;2440;2935
P207060609;P207060609_10;J;8170;0;0;11370;1200;2935
P207060609;P207060609_11;K;9000;1240;0;10000;2440;2700
P207060609;P207060609_12;L;10000;1240;0;11600;2440;2700
P207060609;P207060609_13;M;11370;0;0;13170;1200;2935
P207060609;P207060609_14;N;11600;1240;0;13200;2440;2700
P207060605;P207060605_1;A;0;0;0;1200;2400;2420
P207060605;P207060605_2;B;1200;0;0;2800;1200;2520
P207060605;P207060605_3;C;1200;1240;0;3600;2440;2420
P207060605;P207060605_4;D;2800;0;0;5200;1200;2855
P207060605;P207060605_5;E;3600;1240;0;5200;2440;2700
P207060605;P207060605_6;F;5200;1240;0;6800;2440;2700
P207060605;P207060605_7;G;5200;0;0;7800;1200;2935
P207060605;P207060605_8;H;6800;1240;0;7800;2440;2700
P207060605;P207060605_9;I;7800;0;0;9400;1200;2700
P207060605;P207060605_10;J;7800;1240;0;10400;2440;2935
P207060605;P207060605_11;K;9400;0;0;11200;1200;2935
P207060605;P207060605_12;L;10400;1240;0;12800;2440;2835
P207060605;P207060605_13;M;11200;0;0;12800;1200;2700
P206060619;P206060619_1;A;0;1240;0;3200;2440;2935
P206060619;P206060619_2;B;0;0;0;2400;1200;2835
P206060619;P206060619_3;C;2400;0;0;4000;1200;2700
P206060619;P206060619_4;D;3200;1240;0;5000;2440;2935
P206060619;P206060619_5;E;4000;0;0;6600;1200;2935
P206060619;P206060619_6;F;5000;1240;0;6600;2440;2700
P206060619;P206060619_7;G;6600;0;0;9800;1200;2935
P206060619;P206060619_8;H;6600;1240;0;9800;2440;2935
P206060619;P206060619_9;I;9800;1240;0;12400;2440;2935
P206060619;P206060619_10;J;9800;0;0;11400;1200;2700
P206060619;P206060619_11;K;11400;0;0;13200;1200;2935
P206060619;P206060619_12;L;12400;1240;0;13400;2440;2700
P206060609;P206060609_1;A;0;0;0;1200;2400;2835
P206060609;P206060609_2;B;1200;1240;0;2800;2440;2700
P206060609;P206060609_3;C;1200;0;0;3600;1200;2875
P206060609;P206060609_4;D;2800;1240;0;4400;2440;2700
P206060609;P206060609_5;E;3600;0;0;5200;1200;2700
P206060609;P206060609_6;F;4400;1240;0;7600;2440;2935
P206060609;P206060609_7;G;5200;0;0;7800;1200;2935
P206060609;P206060609_8;H;7600;1240;0;9200;2440;2700
P206060609;P206060609_9;I;7800;0;0;9600;1200;2935
P206060609;P206060609_10;J;9200;1240;0;10800;2440;2700
P206060609;P206060609_11;K;9600;0;0;12200;1200;2935
P206060609;P206060609_12;L;10800;1240;0;12400;2440;2520
P206060609;P206060609_13;M;12200;0;0;13200;1200;2700
P206060609;P206060609_14;N;12400;1240;0;13400;2440;1815
P206060605;P206060605_1;A;0;0;0;1200;2400;2420
P206060605;P206060605_2;B;1200;0;0;3800;1200;2935
P206060605;P206060605_3;C;1200;1240;0;3800;2440;2935
P206060605;P206060605_4;D;3800;1240;0;5400;2440;2700
P206060605;P206060605_5;E;3800;0;0;5400;1200;2700
P206060605;P206060605_6;F;5400;0;0;7000;1200;2700
P206060605;P206060605_7;G;5400;1240;0;7800;2440;2935
P206060605;P206060605_8;H;7000;0;0;9600;1200;2935
P206060605;P206060605_9;I;7800;1240;0;10200;2440;2835
P206060605;P206060605_10;J;9600;0;0;11400;1200;2935
P206060605;P206060605_11;K;10200;1240;0;11800;2440;2700
P206060605;P206060605_12;L;11400;0;0;13000;1200;2700
P206060605;P206060605_13;M;11800;1240;0;13400;2440;2700
P205060623;P205060623_1;A;0;1240;0;2600;2440;2935
P205060623;P205060623_2;B;0;0;0;3200;1200;2935
P205060623;P205060623_3;C;2600;1240;0;5800;2440;2935
P205060623;P205060623_4;D;3200;0;0;6400;1200;2935
P205060623;P205060623_5;E;5800;1240;0;9000;2440;2935
P205060623;P205060623_6;F;6400;0;0;8800;1200;2855
P205060623;P205060623_7;G;8800;0;0;12000;1200;2935
P205060623;P205060623_8;H;9000;1240;0;10600;2440;2520
P205060623;P205060623_9;I;10600;1240;0;13200;2440;2935
P205060623;P205060623_10;J;12000;0;0;13000;1200;2700
P205060615;P205060615_1;A;0;0;0;3200;1200;2935
P205060615;P205060615_2;B;0;1240;0;1600;2440;2520
P205060615;P205060615_3;C;1600;1240;0;4200;2440;2935
P205060615;P205060615_4;D;3200;0;0;5600;1200;2835
P205060615;P205060615_5;E;4200;1240;0;5800;2440;2700
P205060615;P205060615_6;F;5600;0;0;7400;1200;2935
P205060615;P205060615_7;G;5800;1240;0;7400;2440;2700
P205060615;P205060615_8;H;7400;0;0;8600;2400;2935
P205060615;P205060615_9;I;8600;0;0;10200;1200;2700
P205060615;P205060615_10;J;8600;1240;0;10200;2440;2700
P205060615;P205060615_11;K;10200;1240;0;12800;2440;2935
P205060615;P205060615_12;L;10200;0;0;13400;1200;2935
P205060607;P205060607_1;A;0;1240;0;1600;2440;2700
P205060607;P205060607_2;B;0;0;0;1600;1200;2700
P205060607;P205060607_3;C;1600;0;0;2800;2400;2420
P205060607;P205060607_4;D;2800;1240;0;4400;2440;2700
P205060607;P205060607_5;E;2800;0;0;3800;1200;2700
P205060607;P205060607_6;F;3800;0;0;6400;1200;2935
P205060607;P205060607_7;G;4400;1240;0;7600;2440;2935
P205060607;P205060607_8;H;6400;0;0;8200;1200;2935
P205060607;P205060607_9;I;7600;1240;0;10000;2440;2835
P205060607;P205060607_10;J;8200;0;0;9800;1200;2700
P205060607;P205060607_11;K;9800;0;0;12200;1200;2875
P205060607;P205060607_12;L;10000;1240;0;11600;2440;2700
P205060607;P205060607_13;M;11600;1240;0;13200;2440;2700
P205060607;P205060607_14;N;12200;0;0;13200;1200;2700
P205060605;P205060605_1;A;0;0;0;1600;1200;2700
P205060605;P205060605_2;B;0;1240;0;3200;2440;2935
P205060605;P205060605_3;C;1600;0;0;4200;1200;2935
P205060605;P205060605_4;D;3200;1240;0;6400;2440;2935
P205060605;P205060605_5;E;4200;0;0;6600;1200;2420
P205060605;P205060605_6;F;6400;1240;0;9000;2440;2935
P205060605;P205060605_7;G;6600;0;0;8400;1200;1490
P205060605;P205060605_8;H;8400;0;0;10000;1200;2700
P205060605;P205060605_9;I;9000;1240;0;10600;2440;2700
P205060605;P205060605_10;J;10000;0;0;11600;1200;2700
P205060605;P205060605_11;K;10600;1240;0;11600;2440;2700
P205060605;P205060605_12;L;11600;1660;0;12170;2440;909
P205060605;P205060605_13;M;11600;0;0;12800;1600;2700
P202060623;P202060623_1;A;0;1240;0;2600;2440;2935
P202060623;P202060623_2;B;0;0;0;1600;1200;2520
P202060623;P202060623_3;C;1600;0;0;4000;1200;2875
P202060623;P202060623_4;D;2600;1240;0;5800;2440;2935
P202060623;P202060623_5;E;4000;0;0;6400;1200;2935
P202060623;P202060623_6;F;5800;1240;0;7600;2440;2935
P202060623;P202060623_7;G;6400;0;0;9000;1200;2935
P202060623;P202060623_8;H;7600;1240;0;10200;2440;2935
P202060623;P202060623_9;I;9000;0;0;12200;1200;2935
P202060623;P202060623_10;J;10200;1240;0;13400;2440;2935
P202060623;P202060623_11;K;12200;0;0;13200;1200;2700
P202060619;P202060619_1;A;0;1240;0;1000;2440;2700
P202060619;P202060619_2;B;0;0;0;1600;1200;2700
P202060619;P202060619_3;C;1000;1240;0;2600;2440;2700
P202060619;P202060619_4;D;1600;0;0;3200;1200;2700
P202060619;P202060619_5;E;2600;1240;0;4200;2440;2700
P202060619;P202060619_6;F;3200;0;0;4800;1200;2700
P202060619;P202060619_7;G;4200;1240;0;5800;2440;2700
P202060619;P202060619_8;H;4800;0;0;7200;1200;2835
P202060619;P202060619_9;I;5800;1240;0;9000;2440;2935
P202060619;P202060619_10;J;7200;0;0;8800;1200;2700
P202060619;P202060619_11;K;8800;0;0;11400;1200;2935
P202060619;P202060619_12;L;9000;1240;0;10800;2440;2935
P202060619;P202060619_13;M;10800;1240;0;13200;2440;2815
P202060619;P202060619_14;N;11400;0;0;13200;1200;2935
P202060609;P202060609_1;A;0;0;0;3200;1200;2935
P202060609;P202060609_2;B;0;1240;0;2600;2440;2935
P202060609;P202060609_3;C;2600;1240;0;4200;2440;2520
P202060609;P202060609_4;D;3200;0;0;4800;1200;2700
P202060609;P202060609_5;E;4200;1240;0;6600;2440;2875
P202060609;P202060609_6;F;4800;0;0;6400;1200;2700
P202060609;P202060609_7;G;6400;0;0;9600;1200;2935
P202060609;P202060609_8;H;6600;1240;0;8400;2440;2935
P202060609;P202060609_9;I;8400;1240;0;11000;2440;2935
P202060609;P202060609_10;J;9600;0;0;11200;1200;2700
P202060609;P202060609_11;K;11000;1240;0;13400;2440;2420
P202060609;P202060609_12;L;11200;0;0;12800;1200;2520
P202060609;P202060609_13;M;12800;0;0;13370;780;909
P202060605;P202060605_1;A;0;1240;0;1000;2440;2700
P202060605;P202060605_2;B;0;0;0;1600;1200;2700
P202060605;P202060605_3;C;1000;1240;0;4200;2440;2935
P202060605;P202060605_4;D;1600;0;0;3200;1200;2700
P202060605;P202060605_5;E;3200;0;0;5800;1200;2935
P202060605;P202060605_6;F;4200;1240;0;6000;2440;2935
P202060605;P202060605_7;G;5800;0;0;7400;1200;2700
P202060605;P202060605_8;H;6000;1240;0;7000;2440;1815
P202060605;P202060605_9;I;7000;1240;0;9600;2440;1490
P202060605;P202060605_10;J;7400;0;0;10600;1200;2935
P202060605;P202060605_11;K;9600;1240;0;12000;2440;2835
P202060605;P202060605_12;L;10600;0;0;12200;1200;2700
P202060605;P202060605_13;M;12200;40;0;13400;2440;1945
P201060623;P201060623_1;A;0;1240;0;3200;2440;2935
P201060623;P201060623_2;B;0;0;0;1800;1200;2935
P201060623;P201060623_3;C;1800;0;0;3400;1200;2700
P201060623;P201060623_4;D;3200;1240;0;5800;2440;2935
P201060623;P201060623_5;E;3400;0;0;6600;1200;2935
P201060623;P201060623_6;F;5800;1240;0;9000;2440;2935
P201060623;P201060623_7;G;6600;0;0;9200;1200;2935
P201060623;P201060623_8;H;9000;1240;0;11600;2440;2935
P201060623;P201060623_9;I;9200;0;0;11000;1200;2935
P201060623;P201060623_10;J;11000;0;0;13400;1200;2420
P201060623;P201060623_11;K;11600;1240;0;13200;2440;2700
P201060609;P201060609_1;A;0;0;0;1200;2400;2835
P201060609;P201060609_2;B;1200;1240;0;2800;2440;2700
P201060609;P201060609_3;C;1200;0;0;2800;1200;2700
P201060609;P201060609_4;D;2800;0;0;4400;1200;2520
P201060609;P201060609_5;E;2800;1240;0;6000;2440;2935
P201060609;P201060609_6;F;4400;0;0;6000;1200;2700
P201060609;P201060609_7;G;6000;1240;0;7600;2440;2700
P201060609;P201060609_8;H;6000;0;0;8600;1200;2935
P201060609;P201060609_9;I;7600;1240;0;8600;2440;2700
P201060609;P201060609_10;J;8600;0;0;10400;1200;2935
P201060609;P201060609_11;K;8600;1240;0;10200;2440;2700
P201060609;P201060609_12;L;10200;1240;0;13400;2440;2935
P201060609;P201060609_13;M;10400;0;0;13000;1200;2935
P201060605;P201060605_1;A;0;0;0;1600;1200;2700
P201060605;P201060605_2;B;0;1240;0;1000;2440;2700
P201060605;P201060605_3;C;1000;1220;0;3400;2420;2815
P201060605;P201060605_4;D;1600;0;0;3200;1200;2700
P201060605;P201060605_5;E;3200;0;0;6400;1200;2935
P201060605;P201060605_6;F;3400;1240;0;6600;2440;2935
P201060605;P201060605_7;G;6400;0;0;9000;1200;2935
P201060605;P201060605_8;H;6600;1240;0;8400;2440;2935
P201060605;P201060605_9;I;8400;1240;0;10000;2440;2700
P201060605;P201060605_10;J;9000;0;0;10600;1200;2700
P201060605;P201060605_11;K;10000;1240;0;11600;2440;2700
P201060605;P201060605_12;L;10600;0;0;12200;1200;2700
P201060605;P201060605_13;M;11600;1240;0;13400;2440;1490
P201060605;P201060605_14;N;12200;0;0;13200;1200;930
P200060619;P200060619_1;A;0;0;0;1200;2400;2935
P200060619;P200060619_2;B;1200;1240;0;3800;2440;2935
P200060619;P200060619_3;C;1200;0;0;2800;1200;2700
P200060619;P200060619_4;D;2800;0;0;5200;1200;2855
P200060619;P200060619_5;E;3800;1240;0;4800;2440;2700
P200060619;P200060619_6;F;4800;1240;0;7200;2440;2935
P200060619;P200060619_7;G;5200;0;0;8400;1200;2935
P200060619;P200060619_8;H;7200;1240;0;9800;2440;2935
P200060619;P200060619_9;I;8400;0;0;11600;1200;2935
P200060619;P200060619_10;J;9800;1240;0;13000;2440;2935
P200060619;P200060619_11;K;11600;0;0;13400;1200;2935
P200060609;P200060609_1;A;0;0;0;1600;1200;2520
P200060609;P200060609_2;B;0;1240;0;2400;2440;2835
P200060609;P200060609_3;C;1600;0;0;3200;1200;2520
P200060609;P200060609_4;D;2400;1240;0;4800;2440;2835
P200060609;P200060609_5;E;3200;0;0;4800;1200;2700
P200060609;P200060609_6;F;4800;1240;0;6400;2440;2700
P200060609;P200060609_7;G;4800;0;0;5800;1200;2700
P200060609;P200060609_8;H;5800;0;0;7400;1200;2700
P200060609;P200060609_9;I;6400;1240;0;9600;2440;2935
P200060609;P200060609_10;J;7400;0;0;10000;1200;2935
P200060609;P200060609_11;K;9600;1240;0;12000;2440;2935
P200060609;P200060609_12;L;10000;0;0;11600;1200;2700
P200060609;P200060609_13;M;11600;0;0;13400;1200;2935
P200060609;P200060609_14;N;12000;1240;0;13000;2440;2700
P200060605;P200060605_1;A;0;0;0;1600;1200;2700
P200060605;P200060605_2;B;0;1240;0;2400;2440;2835
P200060605;P200060605_3;C;1600;0;0;4800;1200;2935
P200060605;P200060605_4;D;2400;1240;0;5600;2440;2935
P200060605;P200060605_5;E;4800;0;0;6400;1200;2700
P200060605;P200060605_6;F;5600;1240;0;8200;2440;2935
P200060605;P200060605_7;G;6400;0;0;8200;1200;2935
P200060605;P200060605_8;H;8200;1240;0;9800;2440;2700
P200060605;P200060605_9;I;8200;0;0;10800;1200;2935
P200060605;P200060605_10;J;9800;1240;0;11400;2440;2700
P200060605;P200060605_11;K;10800;0;0;11370;780;478
P200060605;P200060605_12;L;11370;0;0;12970;1200;2700
P200060605;P200060605_13;M;11400;1240;0;13000;2440;2700
P199060615;P199060615_1;A;0;1240;0;3200;2440;2935
P199060615;P199060615_2;B;0;0;0;1800;1200;2935
P199060615;P199060615_3;C;1800;0;0;3400;1200;2700
P199060615;P199060615_4;D;3200;1240;0;5600;2440;2835
P199060615;P199060615_5;E;3400;0;0;4400;1200;2700
P199060615;P199060615_6;F;4400;0;0;6800;1200;2855
P199060615;P199060615_7;G;5600;1240;0;8200;2440;2935
P199060615;P199060615_8;H;6800;0;0;10000;1200;2935
P199060615;P199060615_9;I;8200;1240;0;11400;2440;2935
P199060615;P199060615_10;J;10000;0;0;13200;1200;2935
P199060615;P199060615_11;K;11400;1240;0;13000;2440;2520
P199060609;P199060609_1;A;0;0;0;1200;2400;2420
P199060609;P199060609_2;B;1200;0;0;2800;1200;2700
P199060609;P199060609_3;C;1200;1240;0;2800;2440;2700
P199060609;P199060609_4;D;2800;1240;0;4600;2440;2935
P199060609;P199060609_5;E;2800;0;0;4400;1200;2700
P199060609;P199060609_6;F;4400;0;0;6000;1200;2700
P199060609;P199060609_7;G;4600;1240;0;7200;2440;2935
P199060609;P199060609_8;H;6000;0;0;9200;1200;2935
P199060609;P199060609_9;I;7200;1240;0;9000;2440;2935
P199060609;P199060609_10;J;9000;1240;0;10000;2440;2700
P199060609;P199060609_11;K;9200;0;0;10800;1200;2700
P199060609;P199060609_12;L;10000;1240;0;11600;2440;2700
P199060609;P199060609_13;M;10800;0;0;13400;1200;2935
P199060609;P199060609_14;N;11600;1240;0;13200;2440;2700
P199060605;P199060605_1;A;0;0;0;1200;2400;2935
P199060605;P199060605_2;B;1200;0;0;2800;1200;2700
P199060605;P199060605_3;C;1200;1240;0;3600;2440;2835
P199060605;P199060605_4;D;2800;0;0;3800;1200;2700
P199060605;P199060605_5;E;3600;1240;0;5200;2440;2700
P199060605;P199060605_6;F;3800;0;0;7000;1200;2935
P199060605;P199060605_7;G;5200;1240;0;7000;2440;2935
P199060605;P199060605_8;H;7000;1240;0;10200;2440;2935
P199060605;P199060605_9;I;7000;0;0;8600;1200;2700
P199060605;P199060605_10;J;8600;0;0;10200;1200;2700
P199060605;P199060605_11;K;10200;0;0;11800;1200;2520
P199060605;P199060605_12;L;10200;1240;0;13400;2440;2935
P199060605;P199060605_13;M;11800;0;0;13400;1200;2700
P198060623;P198060623_1;A;0;0;0;1600;1200;2700
P198060623;P198060623_2;B;0;1240;0;2400;2440;2875
P198060623;P198060623_3;C;1600;0;0;2600;1200;2700
P198060623;P198060623_4;D;2400;1240;0;5000;2440;2935
P198060623;P198060623_5;E;2600;0;0;5000;1200;2420
P198060623;P198060623_6;F;5000;0;0;6200;2400;2360
P198060623;P198060623_7;G;6200;0;0;8800;1200;2935
P198060623;P198060623_8;H;6200;1240;0;9400;2440;2935
P198060623;P198060623_9;I;8800;0;0;10600;1200;2935
P198060623;P198060623_10;J;9400;1240;0;11000;2440;2700
P198060623;P198060623_11;K;10600;0;0;11600;1200;930
P198060623;P198060623_12;L;11000;1660;0;11570;2440;478
P198060623;P198060623_13;M;11570;1240;0;13170;2440;2700
P198060623;P198060623_14;N;11600;0;0;13200;1200;2700
P198060615;P198060615_1;A;0;1240;0;2600;2440;2935
P198060615;P198060615_2;B;0;0;0;3200;1200;2935
P198060615;P198060615_3;C;2600;1240;0;4200;2440;2700
P198060615;P198060615_4;D;3200;0;0;5800;1200;2935
P198060615;P198060615_5;E;4200;1240;0;7400;2440;2935
P198060615;P198060615_6;F;5800;0;0;8200;1200;2835
P198060615;P198060615_7;G;7400;1240;0;9200;2440;2935
P198060615;P198060615_8;H;8200;0;0;9800;1200;2700
P198060615;P198060615_9;I;9200;1240;0;10800;2440;2700
P198060615;P198060615_10;J;9800;0;0;11400;1200;2700
P198060615;P198060615_11;K;10800;1240;0;11800;2440;2700
P198060615;P198060615_12;L;11400;0;0;13200;1200;2935
P198060615;P198060615_13;M;11800;1240;0;13400;2440;2700
P198060607;P198060607_1;A;0;1240;0;3200;2440;2935
P198060607;P198060607_2;B;0;0;0;2400;1200;2815
P198060607;P198060607_3;C;2400;0;0;4000;1200;2520
P198060607;P198060607_4;D;3200;1240;0;4800;2440;2700
P198060607;P198060607_5;E;4000;0;0;5000;1200;2700
P198060607;P198060607_6;F;4800;1240;0;6400;2440;2520
P198060607;P198060607_7;G;5000;0;0;8200;1200;2935
P198060607;P198060607_8;H;6400;1240;0;8800;2440;2935
P198060607;P198060607_9;I;8200;0;0;10000;1200;2935
P198060607;P198060607_10;J;8800;1240;0;10400;2440;2700
P198060607;P198060607_11;K;10000;0;0;12600;1200;2935
P198060607;P198060607_12;L;10400;1240;0;12000;2440;2700
P198060607;P198060607_13;M;12000;1240;0;13000;2440;930
P198060607;P198060607_14;N;12600;0;0;13170;780;478
P198060605;P198060605_1;A;0;0;0;3200;1200;2935
P198060605;P198060605_2;B;0;1240;0;1600;2440;1815
P198060605;P198060605_3;C;1600;1240;0;4200;2440;2935
P198060605;P198060605_4;D;3200;0;0;5600;1200;500
P198060605;P198060605_5;E;4200;1240;0;6000;2440;1490
P198060605;P198060605_6;F;5600;0;0;7200;1200;1815
P198060605;P198060605_7;G;6000;1240;0;7000;2440;930
P198060605;P198060605_8;H;7000;1240;0;8600;2440;2700
P198060605;P198060605_9;I;7200;0;0;10400;1200;1490
P194060615;P194060615_1;A;0;0;0;1600;1200;2520
P194060615;P194060615_2;B;0;1240;0;1000;2440;1815
P194060615;P194060615_3;C;1000;1240;0;2600;2440;2700
P194060615;P194060615_4;D;1600;0;0;3200;1200;2700
P194060615;P194060615_5;E;2600;1240;0;3600;2440;1815
P194060615;P194060615_6;F;3200;0;0;4800;1200;2700
P194060615;P194060615_7;G;3600;1240;0;6000;2440;2835
P194060615;P194060615_8;H;4800;0;0;8000;1200;2935
P194060615;P194060615_9;I;6000;1240;0;7600;2440;2700
P194060615;P194060615_10;J;7600;1240;0;9400;2440;2935
P194060615;P194060615_11;K;8000;0;0;9800;1200;2935
P194060615;P194060615_12;L;9400;1240;0;11800;2440;2875
P194060615;P194060615_13;M;9800;0;0;12400;1200;2935
P194060615;P194060615_14;N;11800;1240;0;13400;2440;2700
P194060615;P194060615_15;O;12400;0;0;13400;1200;2700
P194060609;P194060609_1;A;0;1240;0;1600;2440;2700
P194060609;P194060609_2;B;0;0;0;3200;1200;2935
P194060609;P194060609_3;C;1600;1240;0;4200;2440;2935
P194060609;P194060609_4;D;3200;0;0;5000;1200;2935
P194060609;P194060609_5;E;4200;1240;0;7400;2440;2935
P194060609;P194060609_6;F;5000;0;0;7600;1200;2935
P194060609;P194060609_7;G;7400;1240;0;9800;2440;2835
P194060609;P194060609_8;H;7600;0;0;9200;1200;2700
P194060609;P194060609_9;I;9200;0;0;11600;1200;2875
P194060609;P194060609_10;J;9800;1240;0;11400;2440;2700
P194060609;P194060609_11;K;11400;1240;0;13000;2440;2700
P194060609;P194060609_12;L;11600;0;0;13200;1200;2700
P193060623;P193060623_1;A;0;1240;0;3200;2440;2935
P193060623;P193060623_2;B;0;0;0;2600;1200;2935
P193060623;P193060623_3;C;2600;0;0;4400;1200;2935
P193060623;P193060623_4;D;3200;1240;0;4800;2440;2700
P193060623;P193060623_5;E;4400;0;0;6000;1200;2700
P193060623;P193060623_6;F;4800;1240;0;7200;2440;2935
P193060623;P193060623_7;G;6000;0;0;9200;1200;2935
P193060623;P193060623_8;H;7200;1240;0;9000;2440;2935
P193060623;P193060623_9;I;9000;1240;0;10800;2440;2935
P193060623;P193060623_10;J;9200;0;0;11600;1200;2835
P193060623;P193060623_11;K;10800;1240;0;13400;2440;2935
P193060623;P193060623_12;L;11600;0;0;13200;1200;2700
P193060619;P193060619_1;A;0;0;0;1200;2400;2340
P193060619;P193060619_2;B;1200;1240;0;4400;2440;2935
P193060619;P193060619_3;C;1200;0;0;2800;1200;2700
P193060619;P193060619_4;D;2800;0;0;4400;1200;2700
P193060619;P193060619_5;E;4400;0;0;6000;1200;2700
P193060619;P193060619_6;F;4400;1240;0;5400;2440;2700
P193060619;P193060619_7;G;5400;1240;0;8600;2440;2935
P193060619;P193060619_8;H;6000;0;0;7000;1200;2700
P193060619;P193060619_9;I;7000;0;0;8600;1200;2700
P193060619;P193060619_10;J;8600;1240;0;10200;2440;2700
P193060619;P193060619_11;K;8600;0;0;11800;1200;2935
P193060619;P193060619_12;L;10200;1240;0;11800;2440;2700
P193060619;P193060619_13;M;11800;0;0;13400;1200;2700
P193060619;P193060619_14;N;11800;1240;0;13400;2440;2700
P193060605;P193060605_1;A;0;1240;0;3200;2440;2935
P193060605;P193060605_2;B;0;0;0;1800;1200;2935
P193060605;P193060605_3;C;1800;0;0;3400;1200;2700
P193060605;P193060605_4;D;3200;1240;0;4800;2440;2520
P193060605;P193060605_5;E;3400;0;0;5800;1200;2835
P193060605;P193060605_6;F;4800;1240;0;6600;2440;2935
P193060605;P193060605_7;G;5800;0;0;7400;1200;2520
P193060605;P193060605_8;H;6600;1240;0;7600;2440;2700
P193060605;P193060605_9;I;7400;0;0;9000;1200;2700
P193060605;P193060605_10;J;7600;1240;0;8600;2440;2700
P193060605;P193060605_11;K;8600;1240;0;10200;2440;2700
P193060605;P193060605_12;L;9000;0;0;10800;1200;2935
P193060605;P193060605_13;M;10200;1240;0;11800;2440;2700
P193060605;P193060605_14;N;10800;0;0;12400;1200;2700
P193060605;P193060605_15;O;11800;1240;0;13400;2440;2700
P193060605;P193060605_16;P;12400;0;0;13400;1200;1815
P192060623;P192060623_1;A;0;0;0;3200;1200;2935
P192060623;P192060623_2;B;0;1240;0;3200;2440;2935
P192060623;P192060623_3;C;3200;1240;0;5800;2440;2935
P192060623;P192060623_4;D;3200;0;0;6400;1200;2935
P192060623;P192060623_5;E;5800;1240;0;8400;2440;2935
P192060623;P192060623_6;F;6400;0;0;8200;1200;2935
P192060623;P192060623_7;G;8200;0;0;11400;1200;2935
P192060623;P192060623_8;H;8400;1240;0;11000;2440;2935
P192060623;P192060623_9;I;11000;1240;0;13400;2440;2835
P192060623;P192060623_10;J;11400;0;0;13000;1200;2520
P192060619;P192060619_1;A;0;0;0;3200;1200;2935
P192060619;P192060619_2;B;0;1240;0;3200;2440;2935
P192060619;P192060619_3;C;3200;1240;0;4800;2440;2700
P192060619;P192060619_4;D;3200;0;0;6400;1200;2935
P192060619;P192060619_5;E;4800;1240;0;5800;2440;2700
P192060619;P192060619_6;F;5800;1240;0;7400;2440;2520
P192060619;P192060619_7;G;6400;0;0;8200;1200;2935
P192060619;P192060619_8;H;7400;1240;0;9000;2440;2700
P192060619;P192060619_9;I;8200;0;0;10600;1200;1905
P192060619;P192060619_10;J;9000;1240;0;12200;2440;2935
P192060619;P192060619_11;K;10600;0;0;12200;1200;2700
P192060619;P192060619_12;L;12200;0;0;13400;1600;2700
P192060619;P192060619_13;M;12200;1660;0;12770;2440;478
P192060605;P192060605_1;A;0;0;0;1000;1200;2700
P192060605;P192060605_2;B;0;1240;0;1600;2440;2700
P192060605;P192060605_3;C;1000;0;0;2600;1200;2700
P192060605;P192060605_4;D;1600;1240;0;4000;2440;2420
P192060605;P192060605_5;E;2600;0;0;4400;1200;2935
P192060605;P192060605_6;F;4000;1240;0;6400;2440;2795
P192060605;P192060605_7;G;4400;0;0;4970;780;478
P192060605;P192060605_8;H;4970;0;0;5970;1200;2700
P192060605;P192060605_9;I;5970;0;0;7570;1200;2700
P192060605;P192060605_10;J;6400;1240;0;8000;2440;2700
P192060605;P192060605_11;K;7570;0;0;9170;1200;2700
P192060605;P192060605_12;L;8000;1240;0;9600;2440;2700
P192060605;P192060605_13;M;9170;0;0;10970;1200;2935
P192060605;P192060605_14;N;9600;1240;0;11200;2440;2700
P192060605;P192060605_15;O;10970;0;0;13370;1200;2420
P192060605;P192060605_16;P;11200;1240;0;12800;2440;2700
P191060623;P191060623_1;A;0;1240;0;1600;2440;2520
P191060623;P191060623_2;B;0;0;0;3200;1200;2935
P191060623;P191060623_3;C;1600;1240;0;4800;2440;2935
P191060623;P191060623_4;D;3200;0;0;5800;1200;2935
P191060623;P191060623_5;E;4800;1240;0;8000;2440;2935
P191060623;P191060623_6;F;5800;0;0;9000;1200;2935
P191060623;P191060623_7;G;8000;1240;0;9800;2440;2935
P191060623;P191060623_8;H;9000;0;0;11400;1200;2835
P191060623;P191060623_9;I;9800;1240;0;11600;2440;2935
P191060623;P191060623_10;J;11400;0;0;13000;1200;2700
P191060623;P191060623_11;K;11600;1240;0;13200;2440;2700
P191060615;P191060615_1;A;0;0;0;3200;1200;2935
P191060615;P191060615_2;B;0;1240;0;1800;2440;2935
P191060615;P191060615_3;C;1800;1240;0;5000;2440;2935
P191060615;P191060615_4;D;3200;0;0;5600;1200;2835
P191060615;P191060615_5;E;5000;1240;0;7400;2440;2935
P191060615;P191060615_6;F;5600;0;0;7200;1200;2700
P191060615;P191060615_7;G;7200;0;0;8800;1200;2700
P191060615;P191060615_8;H;7400;1240;0;9000;2440;2700
P191060615;P191060615_9;I;8800;0;0;10400;1200;2700
P191060615;P191060615_10;J;9000;1240;0;10000;2440;2700
P191060615;P191060615_11;K;10000;1660;0;10570;2440;478
P191060615;P191060615_12;L;10400;0;0;12200;1200;2935
P191060615;P191060615_13;M;10570;1240;0;13170;2440;2935
P191060615;P191060615_14;N;12200;0;0;13200;1200;2700
P191060607;P191060607_1;A;0;0;0;3200;1200;2935
P191060607;P191060607_2;B;0;1240;0;3200;2440;2935
P191060607;P191060607_3;C;3200;0;0;4400;2400;2835
P191060607;P191060607_4;D;4400;0;0;6200;1200;2935
P191060607;P191060607_5;E;4400;1240;0;7600;2440;2935
P191060607;P191060607_6;F;6200;0;0;8800;1200;2935
P191060607;P191060607_7;G;7600;1240;0;9200;2440;2700
P191060607;P191060607_8;H;8800;0;0;10600;1200;2935
P191060607;P191060607_9;I;9200;1240;0;12400;2440;2935
P191060607;P191060607_10;J;10600;0;0;13000;1200;2795
P191060607;P191060607_11;K;12400;1240;0;13400;2440;1815
P191060605;P191060605_1;A;0;0;0;3200;1200;2935
P191060605;P191060605_2;B;0;1240;0;3200;2440;2935
P191060605;P191060605_3;C;3200;1240;0;4800;2440;2700
P191060605;P191060605_4;D;3200;0;0;4800;1200;2700
P191060605;P191060605_5;E;4800;0;0;6400;1200;2700
P191060605;P191060605_6;F;4800;1240;0;6400;2440;2700
P191060605;P191060605_7;G;6400;0;0;7600;2400;975
P191060605;P191060605_8;H;7600;0;0;10800;1200;2935
P191060605;P191060605_9;I;7600;1240;0;10200;2440;2935
P191060605;P191060605_10;J;10200;1240;0;11800;2440;2700
P191060605;P191060605_11;K;10800;0;0;11800;1200;1815
P191060605;P191060605_12;L;11800;1240;0;13400;2440;2700
P191060605;P191060605_13;M;11800;0;0;13400;1200;2700
P189060657;P189060657_1;A;0;0;0;3200;1200;2935
P189060657;P189060657_2;B;0;1240;0;3200;2440;2935
P189060657;P189060657_3;C;3200;1240;0;6400;2440;2935
P189060657;P189060657_4;D;3200;0;0;6400;1200;2935
P189060657;P189060657_5;E;6400;0;0;7600;2400;2420
P189060657;P189060657_6;F;7600;1240;0;10800;2440;2935
P189060657;P189060657_7;G;7600;0;0;9200;1200;2520
P189060657;P189060657_8;H;9200;0;0;11600;1200;2400
P189060657;P189060657_9;I;10800;1240;0;13400;2440;2935
P189060657;P189060657_10;J;11600;0;0;13400;1200;2935
P188060623;P188060623_1;A;0;0;0;3200;1200;2935
P188060623;P188060623_2;B;0;1240;0;3200;2440;2935
P188060623;P188060623_3;C;3200;1240;0;6400;2440;2935
P188060623;P188060623_4;D;3200;0;0;5600;1200;2935
P188060623;P188060623_5;E;5600;0;0;8200;1200;2935
P188060623;P188060623_6;F;6400;1240;0;9600;2440;2935
P188060623;P188060623_7;G;8200;0;0;10000;1200;2935
P188060623;P188060623_8;H;9600;1240;0;11400;2440;2935
P188060623;P188060623_9;I;10000;0;0;11600;1200;2700
P188060623;P188060623_10;J;11400;1240;0;13000;2440;2700
P188060623;P188060623_11;K;11600;0;0;13200;1200;2700
P188060619;P188060619_1;A;0;0;0;3200;1200;2935
P188060619;P188060619_2;B;0;1240;0;2600;2440;2935
P188060619;P188060619_3;C;2600;1240;0;5000;2440;2835
P188060619;P188060619_4;D;3200;0;0;4800;1200;2700
P188060619;P188060619_5;E;4800;0;0;6400;1200;2700
P188060619;P188060619_6;F;5000;1240;0;7400;2440;955
P188060619;P188060619_7;G;6400;0;0;8000;1200;2700
P188060619;P188060619_8;H;7400;1240;0;8400;2440;2700
P188060619;P188060619_9;I;8000;0;0;8570;780;478
P188060619;P188060619_10;J;8400;1240;0;11600;2440;2935
P188060619;P188060619_11;K;8570;0;0;11170;1200;2935
P188060619;P188060619_12;L;11170;0;0;12970;1200;2935
P188060619;P188060619_13;M;11600;1240;0;13200;2440;2700
P188060605;P188060605_1;A;0;0;0;1200;2400;2935
P188060605;P188060605_2;B;1200;0;0;2800;1200;2520
P188060605;P188060605_3;C;1200;1240;0;2200;2440;2700
P188060605;P188060605_4;D;2200;1240;0;4000;2440;2935
P188060605;P188060605_5;E;2800;0;0;4400;1200;2700
P188060605;P188060605_6;F;4000;1240;0;5600;2440;2700
P188060605;P188060605_7;G;4400;0;0;6800;1200;2835
P188060605;P188060605_8;H;5600;1240;0;8200;2440;2935
P188060605;P188060605_9;I;6800;0;0;9200;1200;2400
P188060605;P188060605_10;J;8200;1240;0;9800;2440;2700
P188060605;P188060605_11;K;9200;0;0;10200;1200;2700
P188060605;P188060605_12;L;9800;1240;0;13000;2440;2935
P188060605;P188060605_13;M;10200;0;0;11800;1200;2700
P188060605;P188060605_14;N;11800;0;0;13400;1200;2700
P187060619;P187060619_1;A;0;0;0;1600;1200;2520
P187060619;P187060619_2;B;0;1240;0;2600;2440;2935
P187060619;P187060619_3;C;1600;0;0;3200;1200;2700
P187060619;P187060619_4;D;2600;1240;0;5000;2440;2835
P187060619;P187060619_5;E;3200;0;0;4800;1200;2700
P187060619;P187060619_6;F;4800;0;0;7400;1200;2935
P187060619;P187060619_7;G;5000;1240;0;7400;2440;2835
P187060619;P187060619_8;H;7400;1240;0;9000;2440;2700
P187060619;P187060619_9;I;7400;0;0;9000;1200;2700
P187060619;P187060619_10;J;9000;0;0;12200;1200;2935
P187060619;P187060619_11;K;9000;1240;0;12200;2440;2935
P187060619;P187060619_12;L;12200;0;0;13400;2400;2935
P187060615;P187060615_1;A;0;0;0;1800;1200;2935
P187060615;P187060615_2;B;0;1240;0;1600;2440;2700
P187060615;P187060615_3;C;1600;1240;0;4800;2440;2935
P187060615;P187060615_4;D;1800;0;0;3600;1200;2935
P187060615;P187060615_5;E;3600;0;0;6800;1200;2935
P187060615;P187060615_6;F;4800;1240;0;8000;2440;2935
P187060615;P187060615_7;G;6800;0;0;8400;1200;2700
P187060615;P187060615_8;H;8000;1240;0;9000;2440;2700
P187060615;P187060615_9;I;8400;0;0;10000;1200;2700
P187060615;P187060615_10;J;9000;1240;0;10600;2440;2700
P187060615;P187060615_11;K;10000;0;0;11600;1200;2700
P187060615;P187060615_12;L;10600;1240;0;12400;2440;2935
P187060615;P187060615_13;M;11600;0;0;13400;1200;2935
P187060615;P187060615_14;N;12400;1240;0;13400;2440;2700
P187060609;P187060609_1;A;0;1240;0;3200;2440;2935
P187060609;P187060609_2;B;0;0;0;2400;1200;2420
P187060609;P187060609_3;C;2400;0;0;4000;1200;2700
P187060609;P187060609_4;D;3200;1240;0;5600;2440;2815
P187060609;P187060609_5;E;4000;0;0;6600;1200;2935
P187060609;P187060609_6;F;5600;1240;0;8200;2440;2935
P187060609;P187060609_7;G;6600;0;0;9000;1200;2815
P187060609;P187060609_8;H;8200;1240;0;11400;2440;2935
P187060609;P187060609_9;I;9000;0;0;10800;1200;2935
P187060609;P187060609_10;J;10800;0;0;12400;1200;2700
P187060609;P187060609_11;K;11400;1240;0;13000;2440;2700
P187060609;P187060609_12;L;12400;0;0;13400;1200;1815
P187060605;P187060605_1;A;0;0;0;2600;1200;2935
P187060605;P187060605_2;B;0;1240;0;3200;2440;2935
P187060605;P187060605_3;C;2600;0;0;5800;1200;2935
P187060605;P187060605_4;D;3200;1240;0;4800;2440;2700
P187060605;P187060605_5;E;4800;1240;0;8000;2440;2935
P187060605;P187060605_6;F;5800;0;0;8200;1200;2935
P187060605;P187060605_7;G;8000;1240;0;10600;2440;2935
P187060605;P187060605_8;H;8200;0;0;9800;1200;2700
P187060605;P187060605_9;I;9800;0;0;13000;1200;2935
P187060605;P187060605_10;J;10600;1240;0;12200;2440;2700
P187060605;P187060605_11;K;12200;1240;0;13200;2440;930
P186060623;P186060623_1;A;0;0;0;3200;1200;2935
P186060623;P186060623_2;B;0;1200;0;3200;2400;2935
P186060623;P186060623_3;C;3200;1240;0;6400;2440;2935
P186060623;P186060623_4;D;3200;0;0;4800;1200;2700
P186060623;P186060623_5;E;4800;0;0;6600;1200;2935
P186060623;P186060623_6;F;6400;1240;0;8800;2440;2935
P186060623;P186060623_7;G;6600;0;0;9000;1200;2835
P186060623;P186060623_8;H;8800;1240;0;10400;2440;2700
P186060623;P186060623_9;I;9000;0;0;10800;1200;2935
P186060623;P186060623_10;J;10400;1240;0;13000;2440;2935
P186060623;P186060623_11;K;10800;0;0;13400;1200;2935
P186060615;P186060615_1;A;0;0;0;1600;1200;2700
P186060615;P186060615_2;B;0;1240;0;1600;2440;2520
P186060615;P186060615_3;C;1600;1660;0;2170;2440;909
P186060615;P186060615_4;D;1600;0;0;2800;1600;2700
P186060615;P186060615_5;E;2170;1660;0;2740;2440;478
P186060615;P186060615_6;F;2800;0;0;4000;2400;2420
P186060615;P186060615_7;G;4000;1240;0;6600;2440;2935
P186060615;P186060615_8;H;4000;0;0;5800;1200;2935
P186060615;P186060615_9;I;5800;0;0;8200;1200;2420
P186060615;P186060615_10;J;6600;1240;0;7600;2440;2700
P186060615;P186060615_11;K;7600;1240;0;10800;2440;2935
P186060615;P186060615_12;L;8200;0;0;9800;1200;2700
P186060615;P186060615_13;M;9800;0;0;11400;1200;2700
P186060615;P186060615_14;N;10800;1240;0;12400;2440;2700
P186060615;P186060615_15;O;11400;0;0;13000;1200;2700
P186060615;P186060615_16;P;12400;1240;0;13400;2440;2700
P186060609;P186060609_1;A;0;0;0;1600;1200;2520
P186060609;P186060609_2;B;0;1240;0;2400;2440;2835
P186060609;P186060609_3;C;1600;0;0;3200;1200;2700
P186060609;P186060609_4;D;2400;1240;0;4800;2440;2855
P186060609;P186060609_5;E;3200;0;0;4800;1200;2700
P186060609;P186060609_6;F;4800;1240;0;6600;2440;2935
P186060609;P186060609_7;G;4800;0;0;7400;1200;2935
P186060609;P186060609_8;H;6600;1240;0;8200;2440;2700
P186060609;P186060609_9;I;7400;0;0;9200;1200;2935
P186060609;P186060609_10;J;8200;1240;0;9800;2440;2700
P186060609;P186060609_11;K;9200;0;0;11800;1200;2935
P186060609;P186060609_12;L;9800;1240;0;12200;2440;1905
P186060609;P186060609_13;M;12200;0;0;13400;2400;2400
P185060623;P185060623_1;A;0;0;0;1600;1200;2700
P185060623;P185060623_2;B;0;1240;0;3200;2440;2935
P185060623;P185060623_3;C;1600;0;0;4800;1200;2935
P185060623;P185060623_4;D;3200;1240;0;4200;2440;2700
P185060623;P185060623_5;E;4200;1240;0;5800;2440;2700
P185060623;P185060623_6;F;4800;0;0;7200;1200;2835
P185060623;P185060623_7;G;5800;1240;0;9000;2440;2935
P185060623;P185060623_8;H;7200;0;0;8800;1200;2520
P185060623;P185060623_9;I;8800;0;0;10400;1200;2700
P185060623;P185060623_10;J;9000;1240;0;10600;2440;2700
P185060623;P185060623_11;K;10400;0;0;13000;1200;2935
P185060623;P185060623_12;L;10600;1240;0;12400;2440;2935
P185060623;P185060623_13;M;12400;1240;0;13400;2440;1815
P185060619;P185060619_1;A;0;1240;0;3200;2440;2935
P185060619;P185060619_2;B;0;0;0;3200;1200;2935
P185060619;P185060619_3;C;3200;0;0;4400;2400;2935
P185060619;P185060619_4;D;4400;1240;0;6000;2440;2520
P185060619;P185060619_5;E;4400;0;0;6000;1200;2700
P185060619;P185060619_6;F;6000;0;0;9200;1200;2935
P185060619;P185060619_7;G;6000;1240;0;9200;2440;2935
P185060619;P185060619_8;H;9200;0;0;10400;2400;2420
P185060619;P185060619_9;I;10400;0;0;11600;2400;2420
P185060619;P185060619_10;J;11600;1240;0;13400;2440;2935
P185060619;P185060619_11;K;11600;0;0;13200;1200;2700
P185060609;P185060609_1;A;0;0;0;3200;1200;2935
P185060609;P185060609_2;B;0;1240;0;3200;2440;2935
P185060609;P185060609_3;C;3200;1240;0;6400;2440;2935
P185060609;P185060609_4;D;3200;0;0;4800;1200;2700
P185060609;P185060609_5;E;4800;0;0;7400;1200;2935
P185060609;P185060609_6;F;6400;1240;0;8000;2440;2700
P185060609;P185060609_7;G;7400;0;0;8400;1200;2700
P185060609;P185060609_8;H;8000;1240;0;9800;2440;2935
P185060609;P185060609_9;I;8400;0;0;11600;1200;2935
P185060609;P185060609_10;J;9800;1240;0;11400;2440;2700
P185060609;P185060609_11;K;11400;1240;0;13000;2440;2700
P185060609;P185060609_12;L;11600;0;0;13200;1200;2700
P185060605;P185060605_1;A;0;1240;0;3200;2440;2935
P185060605;P185060605_2;B;0;0;0;3200;1200;2935
P185060605;P185060605_3;C;3200;0;0;6400;1200;2935
P185060605;P185060605_4;D;3200;1240;0;4800;2440;2700
P185060605;P185060605_5;E;4800;1240;0;7200;2440;2420
P185060605;P185060605_6;F;6400;0;0;9000;1200;1490
P185060605;P185060605_7;G;7200;1240;0;9000;2440;2935
P185060605;P185060605_8;H;9000;0;0;10200;2400;2815
P185060605;P185060605_9;I;10200;0;0;11200;1200;1815
P185060605;P185060605_10;J;10200;1240;0;13400;2440;2935
P185060605;P185060605_11;K;11200;0;0;12800;1200;1815
P184060623;P184060623_1;A;0;0;0;3200;1200;2935
P184060623;P184060623_2;B;0;1240;0;3200;2440;2935
P184060623;P184060623_3;C;3200;1240;0;6400;2440;2935
P184060623;P184060623_4;D;3200;0;0;6400;1200;2935
P184060623;P184060623_5;E;6400;0;0;8000;1200;2520
P184060623;P184060623_6;F;6400;1240;0;8800;2440;2815
P184060623;P184060623_7;G;8000;0;0;11200;1200;2935
P184060623;P184060623_8;H;8800;1240;0;11400;2440;2935
P184060623;P184060623_9;I;11200;0;0;13000;1200;2935
P184060623;P184060623_10;J;11400;1240;0;13000;2440;2700
P184060615;P184060615_1;A;0;0;0;3200;1200;2935
P184060615;P184060615_2;B;0;1240;0;3200;2440;2935
P184060615;P184060615_3;C;3200;0;0;4400;2400;1490
P184060615;P184060615_4;D;4400;0;0;6000;1200;1815
P184060615;P184060615_5;E;4400;1240;0;6800;2440;500
P184060615;P184060615_6;F;6000;0;0;7600;1200;2700
P184060615;P184060615_7;G;6800;1240;0;8400;2440;930
P184060615;P184060615_8;H;7600;0;0;10200;1200;1490
P184060615;P184060615_9;I;8400;1240;0;9400;2440;1815
P184060615;P184060615_10;J;9400;1240;0;12600;2440;2935
P184060615;P184060615_11;K;10200;0;0;13400;1200;1490
P180065823;P180065823_1;A;0;0;0;2100;2400;2935
P180065823;P180065823_2;B;2100;0;0;4200;2400;2935
P180065823;P180065823_3;C;4200;0;0;6300;2400;2935
P180065823;P180065823_4;D;6300;0;0;7900;1200;2865
P180065823;P180065823_5;E;6300;1240;0;7900;2440;2865
P180065823;P180065823_6;F;7900;1231;0;8907;2440;2925
P180065823;P180065823_7;G;7900;0;0;8900;1200;2610
P180065823;P180065823_8;H;8900;0;0;10500;1200;2865
P180065823;P180065823_9;I;8907;1240;0;10507;2440;2865
P180065823;P180065823_10;J;10500;0;0;11500;1200;2835
P180065823;P180065823_11;K;10507;1231;0;11514;2440;2925
P180065823;P180065823_12;L;11500;0;0;12500;1200;2610
P180065823;P180065823_13;M;11514;1240;0;13114;2440;2865
P180065823;P180065823_14;N;12500;0;0;13500;1200;2835
P180065817;P180065817_1;A;0;0;0;2100;2400;2935
P180065817;P180065817_2;B;2100;0;0;4200;2400;2935
P180065817;P180065817_3;C;4200;0;0;6300;2400;2935
P180065817;P180065817_4;D;6300;0;0;8400;2400;2935
P180065817;P180065817_5;E;8400;0;0;10500;2400;2935
P180065817;P180065817_6;F;10500;0;0;12600;2400;2935
P180065815;P180065815_1;A;0;0;0;2100;2400;2935
P180065815;P180065815_2;B;2100;0;0;4200;2400;2935
P180065815;P180065815_3;C;4200;0;0;5800;1200;2865
P180065815;P180065815_4;D;4200;1231;0;5207;2440;2925
P180065815;P180065815_5;E;5207;1240;0;6207;2440;2385
P180065815;P180065815_6;F;5800;0;0;7400;1200;2865
P180065815;P180065815_7;G;6207;1240;0;7807;2440;2865
P180065815;P180065815_8;H;7400;0;0;8400;1200;2835
P180065815;P180065815_9;I;7807;1231;0;8814;2440;2925
P180065815;P180065815_10;J;8400;0;0;10000;1200;2865
P180065815;P180065815_11;K;8814;1240;0;9814;2440;1680
P180065815;P180065815_12;L;9814;1231;0;10821;2440;750
P180065815;P180065815_13;M;10821;0;0;12921;2400;2935
P180065813;P180065813_1;A;0;0;0;2100;2400;2935
P180065813;P180065813_2;B;2100;0;0;4200;2400;2935
P180065813;P180065813_3;C;4200;0;0;6300;2400;2935
P180065813;P180065813_4;D;6300;0;0;8400;2400;2935
P180065813;P180065813_5;E;8400;0;0;10500;2400;2935
P180065813;P180065813_6;F;10500;1231;0;11507;2440;2200
P180065813;P180065813_7;G;10500;0;0;11500;1200;2835
P180065813;P180065813_8;H;11500;0;0;13100;1200;2865
P180065813;P180065813_9;I;11507;1240;0;13107;2440;2865
P180065807;P180065807_1;A;0;0;0;2100;2400;2935
P180065807;P180065807_2;B;2100;0;0;4200;2400;2935
P180065807;P180065807_3;C;4200;0;0;6300;2400;2935
P180065807;P180065807_4;D;6300;0;0;8400;2400;2935
P180065807;P180065807_5;E;8400;0;0;9400;1200;2610
P180065807;P180065807_6;F;8400;1240;0;10000;2440;2865
P180065807;P180065807_7;G;9400;0;0;10400;1200;2385
P180065807;P180065807_8;H;10000;1240;0;11600;2440;2865
P180065807;P180065807_9;I;10400;0;0;11407;1209;2925
P180065807;P180065807_10;J;11407;0;0;12414;1209;2925
P180065807;P180065807_11;K;11600;1240;0;13200;2440;2865
P180065807;P180065807_12;L;12414;0;0;13414;1200;2610
P180065801;P180065801_1;A;0;0;0;2100;2400;2935
P180065801;P180065801_2;B;2100;0;0;4200;2400;2935
P180065801;P180065801_3;C;4200;0;0;6300;2400;2935
P180065801;P180065801_4;D;6300;0;0;8400;2400;2935
P180065801;P180065801_5;E;8400;0;0;10500;2400;2935
P180065801;P180065801_6;F;10500;1231;0;11507;2440;750
P180065801;P180065801_7;G;10500;0;0;11500;1200;2835
P180065801;P180065801_8;H;11500;0;0;13100;1200;2865
P180065801;P180065801_9;I;11507;1240;0;13107;2440;2865
P180065811;P180065811_1;A;0;0;0;2100;2400;2935
P180065811;P180065811_2;B;2100;0;0;4200;2400;2935
P180065811;P180065811_3;C;4200;0;0;6300;2400;2935
P180065811;P180065811_4;D;6300;0;0;8400;2400;2935
P180065811;P180065811_5;E;8400;0;0;10500;2400;2935
P180065811;P180065811_6;F;10500;1240;0;11500;2440;2835
P180065811;P180065811_7;G;10500;0;0;12100;1200;2865
P180065811;P180065811_8;H;11500;1240;0;13100;2440;2865
P180065811;P180065811_9;I;12100;0;0;13107;1209;2925
P179065825;P179065825_1;A;0;0;0;2100;2400;2935
P179065825;P179065825_2;B;2100;40;0;4200;2440;2935
P179065825;P179065825_3;C;4200;0;0;6300;2400;2935
P179065825;P179065825_4;D;6300;0;0;8400;2400;2935
P179065825;P179065825_5;E;8400;0;0;10500;2400;2935
P179065825;P179065825_6;F;10500;0;0;12100;1200;2865
P179065825;P179065825_7;G;10500;1240;0;12100;2440;2865
P179065825;P179065825_8;H;12100;1433;0;13309;2440;2925
P179065825;P179065825_9;I;12100;0;0;13300;1000;2835
P179065823;P179065823_1;A;0;0;0;2100;2400;2935
P179065823;P179065823_2;B;2100;0;0;4200;2400;2935
P179065823;P179065823_3;C;4200;0;0;6300;2400;2935
P179065823;P179065823_4;D;6300;0;0;7300;1200;2385
P179065823;P179065823_5;E;6300;1240;0;7300;2440;2835
P179065823;P179065823_6;F;7300;0;0;9400;2400;2935
P179065823;P179065823_7;G;9400;0;0;11500;2400;2935
P179065823;P179065823_8;H;11500;1240;0;13100;2440;2865
P179065823;P179065823_9;I;11500;0;0;13100;1200;2865
P179065817;P179065817_1;A;0;0;0;2100;2400;2935
P179065817;P179065817_2;B;2100;0;0;4200;2400;2935
P179065817;P179065817_3;C;4200;0;0;6300;2400;2935
P179065817;P179065817_4;D;6300;1231;0;7307;2440;2925
P179065817;P179065817_5;E;6300;0;0;7300;1200;2610
P179065817;P179065817_6;F;7300;0;0;8900;1200;2865
P179065817;P179065817_7;G;7307;1240;0;8307;2440;2835
P179065817;P179065817_8;H;8307;1240;0;9907;2440;2865
P179065817;P179065817_9;I;8900;0;0;9907;1209;2925
P179065817;P179065817_10;J;9907;0;0;12007;2400;2935
P179065817;P179065817_11;K;12007;1440;0;13207;2440;2385
P179065817;P179065817_12;L;12007;0;0;13014;1209;1475
P179065815;P179065815_1;A;0;1240;0;1600;2440;2865
P179065815;P179065815_2;B;0;0;0;1600;1200;2865
P179065815;P179065815_3;C;1600;0;0;3700;2400;2935
P179065815;P179065815_4;D;3700;0;0;5800;2400;2935
P179065815;P179065815_5;E;5800;0;0;7900;2400;2935
P179065815;P179065815_6;F;7900;0;0;10000;2400;2935
P179065815;P179065815_7;G;10000;0;0;12100;2400;2935
P179065815;P179065815_8;H;12100;1440;0;13300;2440;2835
P179065815;P179065815_9;I;12100;0;0;13300;1000;1680
P179065813;P179065813_1;A;0;0;0;2100;2400;2935
P179065813;P179065813_2;B;2100;0;0;4200;2400;2935
P179065813;P179065813_3;C;4200;0;0;6300;2400;2935
P179065813;P179065813_4;D;6300;0;0;7900;1200;2865
P179065813;P179065813_5;E;6300;1231;0;7307;2440;2925
P179065813;P179065813_6;F;7307;1240;0;8907;2440;2865
P179065813;P179065813_7;G;7900;0;0;8907;1209;2200
P179065813;P179065813_8;H;8907;0;0;11007;2400;2935
P179065813;P179065813_9;I;11007;0;0;13107;2400;2935
P179065807;P179065807_1;A;0;0;0;1600;1200;2865
P179065807;P179065807_2;B;0;1240;0;1000;2440;2385
P179065807;P179065807_3;C;1000;1240;0;2000;2440;2835
P179065807;P179065807_4;D;1600;0;0;2607;1209;2925
P179065807;P179065807_5;E;2000;1240;0;3600;2440;2865
P179065807;P179065807_6;F;2607;0;0;4207;1200;2865
P179065807;P179065807_7;G;3600;1240;0;4600;2440;2835
P179065807;P179065807_8;H;4207;0;0;5214;1209;1475
P179065807;P179065807_9;I;4600;1240;0;6200;2440;2865
P179065807;P179065807_10;J;5214;0;0;6814;1200;2865
P179065807;P179065807_11;K;6200;1240;0;7200;2440;2610
P179065807;P179065807_12;L;7200;0;0;9300;2400;2935
P179065807;P179065807_13;M;9300;0;0;11400;2400;2935
P179065807;P179065807_14;N;11400;0;0;13500;2400;2935
P179065801;P179065801_1;A;0;0;0;2100;2400;2935
P179065801;P179065801_2;B;2100;0;0;4200;2400;2935
P179065801;P179065801_3;C;4200;0;0;6300;2400;2935
P179065801;P179065801_4;D;6300;0;0;8400;2400;2935
P179065801;P179065801_5;E;8400;0;0;10500;2400;2935
P179065801;P179065801_6;F;10500;0;0;12600;2400;2935
P179065811;P179065811_1;A;0;0;0;2100;2400;2935
P179065811;P179065811_2;B;2100;0;0;3700;1200;2865
P179065811;P179065811_3;C;2100;1231;0;3107;2440;2925
P179065811;P179065811_4;D;3107;1240;0;4107;2440;2835
P179065811;P179065811_5;E;3700;0;0;4700;1200;2835
P179065811;P179065811_6;F;4107;1240;0;5707;2440;2865
P179065811;P179065811_7;G;4700;0;0;5707;1209;2925
P179065811;P179065811_8;H;5707;0;0;7807;2400;2935
P179065811;P179065811_9;I;7807;0;0;9907;2400;2935
P179065811;P179065811_10;J;9907;0;0;12007;2400;2935
P179065811;P179065811_11;K;12007;0;0;13207;1000;2385
P179065811;P179065811_12;L;12007;1240;0;13007;2440;975
P178065825;P178065825_1;A;0;0;0;2100;2400;2935
P178065825;P178065825_2;B;2100;0;0;4200;2400;2935
P178065825;P178065825_3;C;4200;0;0;6300;2400;2935
P178065825;P178065825_4;D;6300;0;0;7900;1200;2865
P178065825;P178065825_5;E;6300;1240;0;7900;2440;2865
P178065825;P178065825_6;F;7900;0;0;10000;2400;2935
P178065825;P178065825_7;G;10000;0;0;12100;2400;2935
P178065825;P178065825_8;H;12100;1440;0;13300;2440;2835
P178065825;P178065825_9;I;12100;0;0;13309;1007;2925
P178065823;P178065823_1;A;0;0;0;2100;2400;2935
P178065823;P178065823_2;B;2100;0;0;4200;2400;2935
P178065823;P178065823_3;C;4200;0;0;6300;2400;2935
P178065823;P178065823_4;D;6300;0;0;8400;2400;2935
P178065823;P178065823_5;E;8400;1240;0;10000;2440;2865
P178065823;P178065823_6;F;8400;0;0;10000;1200;2865
P178065823;P178065823_7;G;10000;0;0;12100;2400;2935
P178065823;P178065823_8;H;12100;1440;0;13300;2440;2385
P178065823;P178065823_9;I;12100;0;0;13309;1007;2925
P178065817;P178065817_1;A;0;0;0;2100;2400;2935
P178065817;P178065817_2;B;2100;1240;0;3700;2440;2865
P178065817;P178065817_3;C;2100;0;0;3100;1200;2835
P178065817;P178065817_4;D;3100;0;0;4700;1200;2865
P178065817;P178065817_5;E;3700;1240;0;4700;2440;2835
P178065817;P178065817_6;F;4700;0;0;6800;2400;2935
P178065817;P178065817_7;G;6800;0;0;8900;2400;2935
P178065817;P178065817_8;H;8900;0;0;11000;2400;2935
P178065817;P178065817_9;I;11000;0;0;13100;2400;2935
P178065815;P178065815_1;A;0;0;0;1600;1200;2865
P178065815;P178065815_2;B;0;1231;0;1007;2440;2925
P178065815;P178065815_3;C;1007;1240;0;2007;2440;2610
P178065815;P178065815_4;D;1600;0;0;2600;1200;1680
P178065815;P178065815_5;E;2007;1240;0;3607;2440;2865
P178065815;P178065815_6;F;2600;0;0;3607;1209;2925
P178065815;P178065815_7;G;3607;0;0;5707;2400;2935
P178065815;P178065815_8;H;5707;0;0;7807;2400;2935
P178065815;P178065815_9;I;7807;0;0;9907;2400;2935
P178065815;P178065815_10;J;9907;0;0;12007;2400;2935
P178065815;P178065815_11;K;12007;0;0;13207;1600;2865
P178065813;P178065813_1;A;0;0;0;2100;2400;2935
P178065813;P178065813_2;B;2100;0;0;4200;2400;2935
P178065813;P178065813_3;C;4200;0;0;5800;1200;2865
P178065813;P178065813_4;D;4200;1240;0;5200;2440;2835
P178065813;P178065813_5;E;5200;1240;0;6800;2440;2865
P178065813;P178065813_6;F;5800;0;0;6800;1200;2385
P178065813;P178065813_7;G;6800;0;0;8900;2400;2935
P178065813;P178065813_8;H;8900;0;0;11000;2400;2935
P178065813;P178065813_9;I;11000;0;0;13100;2400;2935
P178065807;P178065807_1;A;0;0;0;2100;2400;2935
P178065807;P178065807_2;B;2100;0;0;3700;1200;2865
P178065807;P178065807_3;C;2100;1231;0;3107;2440;2925
P178065807;P178065807_4;D;3107;1231;0;4114;2440;2925
P178065807;P178065807_5;E;3700;0;0;4700;1200;2835
P178065807;P178065807_6;F;4114;1240;0;5714;2440;2865
P178065807;P178065807_7;G;4700;0;0;6300;1200;2865
P178065807;P178065807_8;H;5714;1240;0;7314;2440;2865
P178065807;P178065807_9;I;6300;0;0;7300;1200;2610
P178065807;P178065807_10;J;7300;0;0;8307;1209;750
P178065807;P178065807_11;K;8307;0;0;10407;2400;2935
P178065807;P178065807_12;L;10407;0;0;12507;2400;2935
P178065801;P178065801_1;A;0;0;0;2100;2400;2935
P178065801;P178065801_2;B;2100;0;0;4200;2400;2935
P178065801;P178065801_3;C;4200;0;0;6300;2400;2935
P178065801;P178065801_4;D;6300;0;0;8400;2400;2935
P178065801;P178065801_5;E;8400;0;0;10500;2400;2935
P178065801;P178065801_6;F;10500;0;0;11507;1209;2200
P178065801;P178065801_7;G;10500;1240;0;12100;2440;2865
P178065801;P178065801_8;H;11507;0;0;13107;1200;2865
P178065801;P178065801_9;I;12100;1240;0;13100;2440;2835
P178065811;P178065811_1;A;0;0;0;2100;2400;2935
P178065811;P178065811_2;B;2100;0;0;4200;2400;2935
P178065811;P178065811_3;C;4200;1240;0;5200;2440;2610
P178065811;P178065811_4;D;4200;0;0;5800;1200;2865
P178065811;P178065811_5;E;5200;1240;0;6800;2440;2865
P178065811;P178065811_6;F;5800;0;0;6800;1200;2835
P178065811;P178065811_7;G;6800;0;0;8900;2400;2935
P178065811;P178065811_8;H;8900;0;0;11000;2400;2935
P178065811;P178065811_9;I;11000;0;0;13100;2400;2935
P177065825;P177065825_1;A;0;0;0;2100;2400;2935
P177065825;P177065825_2;B;2100;0;0;4200;2400;2935
P177065825;P177065825_3;C;4200;0;0;6300;2400;2935
P177065825;P177065825_4;D;6300;0;0;8400;2400;2935
P177065825;P177065825_5;E;8400;1240;0;10000;2440;2865
P177065825;P177065825_6;F;8400;0;0;9400;1200;2385
P177065825;P177065825_7;G;9400;0;0;10407;1209;2925
P177065825;P177065825_8;H;10000;1231;0;11007;2440;2200
P177065825;P177065825_9;I;10407;0;0;12007;1200;2865
P177065825;P177065825_10;J;11007;1240;0;12007;2440;2835
P177065825;P177065825_11;K;12007;0;0;13207;1600;2865
P177065823;P177065823_1;A;0;0;0;2100;2400;2935
P177065823;P177065823_2;B;2100;0;0;4200;2400;2935
P177065823;P177065823_3;C;4200;0;0;6300;2400;2935
P177065823;P177065823_4;D;6300;0;0;8400;2400;2935
P177065823;P177065823_5;E;8400;0;0;10500;2400;2935
P177065823;P177065823_6;F;10500;1240;0;11500;2440;2610
P177065823;P177065823_7;G;10500;0;0;12100;1200;2865
P177065823;P177065823_8;H;11500;1240;0;13100;2440;2865
P177065823;P177065823_9;I;12100;0;0;13107;1209;2925
P177065817;P177065817_1;A;0;1231;0;1007;2440;2925
P177065817;P177065817_2;B;0;0;0;1007;1209;2925
P177065817;P177065817_3;C;1007;0;0;3107;2400;2935
P177065817;P177065817_4;D;3107;0;0;5207;2400;2935
P177065817;P177065817_5;E;5207;0;0;7307;2400;2935
P177065817;P177065817_6;F;7307;0;0;9407;2400;2935
P177065817;P177065817_7;G;9407;0;0;11507;2400;2935
P177065817;P177065817_8;H;11507;1440;0;12707;2440;2610
P177065817;P177065817_9;I;11507;0;0;13107;1200;2865
P177065815;P177065815_1;A;0;0;0;2100;2400;2935
P177065815;P177065815_2;B;2100;1240;0;3100;2440;2835
P177065815;P177065815_3;C;2100;0;0;3100;1200;2610
P177065815;P177065815_4;D;3100;0;0;5200;2400;2935
P177065815;P177065815_5;E;5200;0;0;7300;2400;2935
P177065815;P177065815_6;F;7300;0;0;9400;2400;2935
P177065815;P177065815_7;G;9400;1240;0;11000;2440;2865
P177065815;P177065815_8;H;9400;0;0;11000;1200;2865
P177065815;P177065815_9;I;11000;0;0;13100;2400;2935
P177065813;P177065813_1;A;0;0;0;1000;1200;2835
P177065813;P177065813_2;B;0;1231;0;1007;2440;2925
P177065813;P177065813_3;C;1000;0;0;2600;1200;2865
P177065813;P177065813_4;D;1007;1240;0;2007;2440;2835
P177065813;P177065813_5;E;2007;1240;0;3607;2440;2865
P177065813;P177065813_6;F;2600;0;0;3607;1209;2200
P177065813;P177065813_7;G;3607;0;0;5707;2400;2935
P177065813;P177065813_8;H;5707;0;0;7807;2400;2935
P177065813;P177065813_9;I;7807;0;0;9907;2400;2935
P177065813;P177065813_10;J;9907;0;0;12007;2400;2935
P177065813;P177065813_11;K;12007;1440;0;13207;2440;1455
P177065807;P177065807_1;A;0;0;0;2100;2400;2935
P177065807;P177065807_2;B;2100;0;0;4200;2400;2935
P177065807;P177065807_3;C;4200;1240;0;5800;2440;2865
P177065807;P177065807_4;D;4200;0;0;5800;1200;2865
P177065807;P177065807_5;E;5800;0;0;7900;2400;2935
P177065807;P177065807_6;F;7900;0;0;10000;2400;2935
P177065807;P177065807_7;G;10000;0;0;12100;2400;2935
P177065807;P177065807_8;H;12100;1440;0;13300;2440;2835
P177065807;P177065807_9;I;12100;0;0;13300;1000;2835
Q177065807_1;Q177065807_1_1;A;0;0;0;1007;1209;2925
Q177065807_1;Q177065807_1_2;B;0;1240;0;1000;2440;2385
Q177065807_1;Q177065807_1_3;C;1000;1240;0;2600;2440;2865
Q177065807_1;Q177065807_1_4;D;1007;0;0;2014;1209;2925
Q177065807_1;Q177065807_1_5;E;2014;0;0;3614;1200;2865
Q177065807_1;Q177065807_1_6;F;3614;0;0;5714;2400;2935
Q177065807_1;Q177065807_1_7;G;5714;0;0;7814;2400;2935
Q177065807_1;Q177065807_1_8;H;7814;0;0;9914;2400;2935
Q177065807_1;Q177065807_1_9;I;9914;0;0;12014;2400;2935
P177065803;P177065803_1;A;0;0;0;1600;1200;2865
P177065803;P177065803_2;B;0;1231;0;1007;2440;1475
P177065803;P177065803_3;C;1007;1240;0;2007;2440;1905
P177065803;P177065803_4;D;1600;0;0;2600;1200;750
P177065803;P177065803_5;E;2600;0;0;4700;2400;2935
P177065803;P177065803_6;F;4700;0;0;6800;2400;2935
P177065803;P177065803_7;G;6800;0;0;8900;2400;2935
P166069127;P166069127_1;A;0;0;0;2000;1200;2875
P166069127;P166069127_2;B;0;1240;0;2000;2440;2875
P166069127;P166069127_3;C;2000;1240;0;4000;2440;2875
P166069127;P166069127_4;D;2000;0;0;4000;1200;2875
P166069127;P166069127_5;E;4000;0;0;6000;1200;2875
P166069127;P166069127_6;F;4000;1240;0;6000;2440;2875
P166069127;P166069127_7;G;6000;1240;0;8000;2440;2875
P166069127;P166069127_8;H;6000;0;0;8000;1200;2875
P166069127;P166069127_9;I;8000;0;0;9200;2400;2000
P166069127;P166069127_10;J;9200;1240;0;11000;2440;2340
P166069127;P166069127_11;K;9200;0;0;11200;1200;2875
P166069127;P166069127_12;L;11000;1240;0;12800;2440;2340
P166069127;P166069127_13;M;11200;0;0;13000;1200;2340
P166069011;P166069011_1;A;0;0;0;1200;2400;2460
P166069011;P166069011_2;B;1200;0;0;2400;2400;2460
P166069011;P166069011_3;C;2400;0;0;3600;2400;2460
P166069011;P166069011_4;D;3600;0;0;4800;2400;2460
P166069011;P166069011_5;E;4800;0;0;6800;1200;2250
P166069011;P166069011_6;F;4800;1240;0;6800;2440;2875
P166069011;P166069011_7;G;6800;1240;0;8800;2440;2875
P166069011;P166069011_8;H;6800;0;0;8800;1200;2875
P166069011;P166069011_9;I;8800;0;0;10000;2400;2460
P166069011;P166069011_10;J;10000;0;0;11200;2400;2460
P166069119;P166069119_1;A;0;0;0;2000;1200;2875
P166069119;P166069119_2;B;0;1240;0;2000;2440;2875
P166069119;P166069119_3;C;2000;1240;0;4000;2440;2875
P166069119;P166069119_4;D;2000;0;0;4000;1200;2875
P166069119;P166069119_5;E;4000;0;0;6000;1200;2875
P166069119;P166069119_6;F;4000;1240;0;6000;2440;2875
P166069119;P166069119_7;G;6000;1240;0;8000;2440;2875
P166069119;P166069119_8;H;6000;0;0;8000;1200;2875
P166069119;P166069119_9;I;8000;0;0;10000;1200;2875
P166069119;P166069119_10;J;8000;1240;0;10000;2440;2875
P166069119;P166069119_11;K;10000;1240;0;12000;2440;2875
P166069119;P166069119_12;L;10000;0;0;12000;1200;2875
P166069119;P166069119_13;M;12000;0;0;13200;2000;2875
P166069017;P166069017_1;A;0;1240;0;2000;2440;2250
P166069017;P166069017_2;B;0;0;0;2400;1200;2460
P166069017;P166069017_3;C;2000;1240;0;4400;2440;2460
P166069017;P166069017_4;D;2400;0;0;4200;1200;2340
P166069017;P166069017_5;E;4200;0;0;6600;1200;1620
P166069017;P166069017_6;F;4400;1240;0;6200;2440;2340
P166069017;P166069017_7;G;6200;1240;0;8000;2440;2340
P166069017;P166069017_8;H;6600;0;0;9000;1200;1900
P166069017;P166069017_9;I;8000;1240;0;9200;2440;2200
P166069017;P166069017_10;J;9000;0;0;11400;1200;2000
P166069017;P166069017_11;K;9200;1240;0;11600;2440;2000
P166069017;P166069017_12;L;11400;0;0;13200;1200;2340
P166069017;P166069017_13;M;11600;1240;0;13400;2440;2340
P166069015;P166069015_1;A;0;0;0;1200;2400;2460
P166069015;P166069015_2;B;1200;0;0;2400;2400;2460
P166069015;P166069015_3;C;2400;0;0;3600;2400;2460
P166069015;P166069015_4;D;3600;0;0;4800;2400;2460
P166069015;P166069015_5;E;4800;0;0;6000;2400;2460
P166069015;P166069015_6;F;6000;1240;0;8000;2440;2875
P166069015;P166069015_7;G;6000;0;0;8400;1200;2460
P166069015;P166069015_8;H;8000;1240;0;10400;2440;2460
P166069015;P166069015_9;I;8400;0;0;10800;1200;2460
P166069015;P166069015_10;J;10400;1240;0;12800;2440;2460
P166069015;P166069015_11;K;10800;0;0;13200;1200;2460
P166069013;P166069013_1;A;0;0;0;1200;2400;2000
P166069013;P166069013_2;B;1200;0;0;2400;2400;1620
P166069013;P166069013_3;C;2400;0;0;3600;2400;1900
P166069013;P166069013_4;D;3600;0;0;4800;2400;2000
P166069013;P166069013_5;E;4800;0;0;6000;2400;2000
P166069013;P166069013_6;F;6000;0;0;7200;2400;1620
P166069013;P166069013_7;G;7200;0;0;8400;2400;1900
P166069013;P166069013_8;H;8400;0;0;9600;2400;1900
P166069013;P166069013_9;I;9600;0;0;10800;2400;2000
P166069013;P166069013_10;J;10800;0;0;12000;2400;2460
P166069013;P166069013_11;K;12000;0;0;13200;2400;2460
P166069111;P166069111_1;A;0;0;0;1800;1200;2340
P166069111;P166069111_2;B;0;1200;0;1800;2400;2340
P166069111;P166069111_3;C;1800;1240;0;3600;2440;2340
P166069111;P166069111_4;D;1800;0;0;3600;1200;2340
P166069111;P166069111_5;E;3600;1240;0;5400;2440;2340
P166069111;P166069111_6;F;3600;0;0;5400;1200;2340
P166069111;P166069111_7;G;5400;0;0;7200;1200;2340
P166069111;P166069111_8;H;5400;1240;0;7200;2440;2340
P166069111;P166069111_9;I;7200;1240;0;9000;2440;2340
P166069111;P166069111_10;J;7200;0;0;9000;1200;2340
P166069111;P166069111_11;K;9000;0;0;10800;1200;2340
P166069111;P166069111_12;L;9000;1240;0;10800;2440;2340
P166069111;P166069111_13;M;10800;1240;0;12000;2440;2200
P166069111;P166069111_14;N;10800;0;0;11600;600;560
P166069111;P166069111_15;O;11600;0;0;13400;1200;2340
P166069009;P166069009_1;A;0;0;0;1200;2400;2000
P166069009;P166069009_2;B;1200;0;0;2400;2400;2460
P166069009;P166069009_3;C;2400;0;0;3600;2400;2460
P166069009;P166069009_4;D;3600;0;0;4800;2400;2460
P166069009;P166069009_5;E;4800;0;0;6000;2400;2460
P166069009;P166069009_6;F;6000;0;0;7200;2400;2460
P166069009;P166069009_7;G;7200;0;0;8400;2400;2460
P166069009;P166069009_8;H;8400;0;0;9600;2400;2460
P166069009;P166069009_9;I;9600;0;0;10800;2400;2000
P166069009;P166069009_10;J;10800;0;0;12000;2400;2000
P166069009;P166069009_11;K;12000;0;0;13200;2400;2000
P166069107;P166069107_1;A;0;1240;0;2000;2440;2875
P166069107;P166069107_2;B;0;0;0;2000;1200;2875
P166069107;P166069107_3;C;2000;0;0;4000;1200;2875
P166069107;P166069107_4;D;2000;1240;0;4000;2440;2875
P166069107;P166069107_5;E;4000;1240;0;6000;2440;2875
P166069107;P166069107_6;F;4000;0;0;6000;1200;2875
P166069107;P166069107_7;G;6000;0;0;8000;1200;2875
P166069107;P166069107_8;H;6000;1240;0;8000;2440;2875
P166069107;P166069107_9;I;8000;1240;0;10000;2440;2875
P166069107;P166069107_10;J;8000;0;0;10000;1200;2875
P166069107;P166069107_11;K;10000;0;0;12000;1200;2875
P166069107;P166069107_12;L;10000;1240;0;12000;2440;2875
P166069107;P166069107_13;M;12000;0;0;13200;2400;2460
P166069007;P166069007_1;A;0;0;0;1200;2400;1900
P166069007;P166069007_2;B;1200;0;0;2400;2400;1900
P166069007;P166069007_3;C;2400;0;0;3600;2400;1620
P166069007;P166069007_4;D;3600;0;0;4800;2400;2460
P166069007;P166069007_5;E;4800;0;0;6000;2400;2460
P166069007;P166069007_6;F;6000;1240;0;8000;2440;2250
P166069007;P166069007_7;G;6000;0;0;7800;1200;2340
P166069007;P166069007_8;H;7800;0;0;9600;1200;2340
P166069007;P166069007_9;I;8000;1240;0;9800;2440;2340
P166069007;P166069007_10;J;9600;0;0;11400;1200;2340
P166069007;P166069007_11;K;9800;1240;0;11600;2440;2340
P166069007;P166069007_12;L;11400;0;0;13200;1200;2340
P166069007;P166069007_13;M;11600;1240;0;13400;2440;2340
P166069105;P166069105_1;A;0;0;0;1200;2400;2000
P166069105;P166069105_2;B;1200;0;0;2400;2400;1620
P166069105;P166069105_3;C;2400;0;0;3600;2400;2000
P166069105;P166069105_4;D;3600;0;0;4800;2400;2000
P166069105;P166069105_5;E;4800;0;0;6000;2400;1900
P166069105;P166069105_6;F;6000;0;0;7200;2400;1900
P166069105;P166069105_7;G;7200;0;0;8400;2400;2460
P166069105;P166069105_8;H;8400;0;0;9600;2400;2460
P166069105;P166069105_9;I;9600;0;0;10800;2400;2460
P166069105;P166069105_10;J;10800;0;0;12000;2400;2460
P166069105;P166069105_11;K;12000;0;0;13200;2000;2250
P166069005;P166069005_1;A;0;0;0;1800;1200;2340
P166069005;P166069005_2;B;0;1240;0;1800;2440;2340
P166069005;P166069005_3;C;1800;0;0;3000;2400;2460
P166069005;P166069005_4;D;3000;0;0;4200;1200;2200
P166069005;P166069005_5;E;3000;1240;0;4800;2440;2340
P166069005;P166069005_6;F;4200;0;0;6000;1200;2340
P166069005;P166069005_7;G;4800;1240;0;6600;2440;2340
P166069005;P166069005_8;H;6000;0;0;8400;1200;2000
P166069005;P166069005_9;I;6600;1240;0;9000;2440;1900
P166069005;P166069005_10;J;8400;0;0;10800;1200;2460
P166069005;P166069005_11;K;9000;1240;0;11400;2440;2460
P166069005;P166069005_12;L;10800;0;0;13200;1200;2460
P166069005;P166069005_13;M;11400;1240;0;13200;2440;2340
P166069003;P166069003_1;A;0;0;0;2000;1200;2875
P166069003;P166069003_2;B;0;1240;0;2000;2440;2875
P166069003;P166069003_3;C;2000;1240;0;4000;2440;2875
P166069003;P166069003_4;D;2000;0;0;4000;1200;2875
P166069003;P166069003_5;E;4000;0;0;6000;1200;2875
P166069003;P166069003_6;F;4000;1240;0;6000;2440;2875
P166069003;P166069003_7;G;6000;1240;0;8000;2440;2875
P166069003;P166069003_8;H;6000;0;0;8000;1200;2875
P166069003;P166069003_9;I;8000;0;0;10000;1200;2875
P166069003;P166069003_10;J;8000;1240;0;10000;2440;2875
P166069003;P166069003_11;K;10000;1240;0;12000;2440;2875
P166069003;P166069003_12;L;10000;0;0;12000;1200;2875
P166069003;P166069003_13;M;12000;0;0;13200;2000;2875
P166069101;P166069101_1;A;0;0;0;1200;2400;1620
P166069101;P166069101_2;B;1200;0;0;2400;2400;2460
P166069101;P166069101_3;C;2400;0;0;3600;2400;2000
P166069101;P166069101_4;D;3600;0;0;4800;2400;2460
P166069101;P166069101_5;E;4800;0;0;6000;2400;2460
P166069101;P166069101_6;F;6000;0;0;7200;2400;2000
P166069101;P166069101_7;G;7200;0;0;8400;2400;2460
P166069101;P166069101_8;H;8400;0;0;9600;2400;2460
P166069101;P166069101_9;I;9600;0;0;11400;1200;2340
P166069101;P166069101_10;J;9600;1240;0;12000;2440;2460
P166069101;P166069101_11;K;12000;0;0;13200;2400;2460
P166069001;P166069001_1;A;0;0;0;2000;1200;2875
P166069001;P166069001_2;B;0;1240;0;2000;2440;2875
P166069001;P166069001_3;C;2000;1240;0;4000;2440;2875
P166069001;P166069001_4;D;2000;0;0;4000;1200;2875
P166069001;P166069001_5;E;4000;0;0;6000;1200;2875
P166069001;P166069001_6;F;4000;1240;0;6000;2440;2875
P166069001;P166069001_7;G;6000;1240;0;8000;2440;2875
P166069001;P166069001_8;H;6000;0;0;8000;1200;2875
P166069001;P166069001_9;I;8000;0;0;10000;1200;2875
P166069001;P166069001_10;J;8000;1240;0;10000;2440;2875
P166069001;P166069001_11;K;10000;1240;0;12000;2440;2875
P166069001;P166069001_12;L;10000;0;0;12000;1200;2875
P166069001;P166069001_13;M;12000;0;0;13200;2000;2875
P166069025;P166069025_1;A;0;0;0;1200;2400;2460
P166069025;P166069025_2;B;1200;0;0;2400;2400;2000
P166069025;P166069025_3;C;2400;0;0;3600;2400;2000
P166069025;P166069025_4;D;3600;0;0;4800;2400;2460
P166069025;P166069025_5;E;4800;0;0;6000;2400;2460
P166069025;P166069025_6;F;6000;0;0;7200;2400;2460
P166069025;P166069025_7;G;7200;0;0;8400;2400;2460
P166069025;P166069025_8;H;8400;0;0;9600;2400;2460
P166069025;P166069025_9;I;9600;0;0;11600;1200;2250
P166069025;P166069025_10;J;9600;1240;0;11600;2440;2250
P166069025;P166069025_11;K;11600;0;0;12800;2400;2460
P166069027;P166069027_1;A;0;0;0;1200;1200;2200
P166069027;P166069027_2;B;0;1240;0;1800;2440;2340
P166069027;P166069027_3;C;1200;0;0;3000;1200;2340
P166069027;P166069027_4;D;1800;1240;0;3000;2440;2200
P166069027;P166069027_5;E;3000;1240;0;4200;2440;2200
P166069027;P166069027_6;F;3000;0;0;4200;1200;2200
P166069027;P166069027_7;G;4200;0;0;6000;1200;2340
P166069027;P166069027_8;H;4200;1240;0;6000;2440;2340
P166069027;P166069027_9;I;6000;1240;0;7800;2440;2340
P166069027;P166069027_10;J;6000;0;0;7800;1200;2340
P166069027;P166069027_11;K;7800;0;0;9600;1200;2340
P166069027;P166069027_12;L;7800;1240;0;9600;2440;2340
P166069027;P166069027_13;M;9600;0;0;10800;2400;1900
P166069027;P166069027_14;N;10800;0;0;12000;2400;1900
P166069027;P166069027_15;O;12000;0;0;13200;2400;1900
P165069131;P165069131_1;A;0;0;0;2000;1200;2875
P165069131;P165069131_2;B;0;1240;0;2000;2440;2875
P165069131;P165069131_3;C;2000;1240;0;4000;2440;2875
P165069131;P165069131_4;D;2000;0;0;4000;1200;2875
P165069131;P165069131_5;E;4000;0;0;6000;1200;2875
P165069131;P165069131_6;F;4000;1240;0;6000;2440;2875
P165069131;P165069131_7;G;6000;1240;0;8000;2440;2875
P165069131;P165069131_8;H;6000;0;0;8000;1200;2875
P165069131;P165069131_9;I;8000;0;0;10000;1200;2875
P165069131;P165069131_10;J;8000;1240;0;10000;2440;2875
P165069131;P165069131_11;K;10000;1240;0;12000;2440;2875
P165069131;P165069131_12;L;10000;0;0;12000;1200;2875
P165069131;P165069131_13;M;12000;0;0;13200;2000;2875
P165069127;P165069127_1;A;0;0;0;1200;2400;1800
P165069127;P165069127_2;B;1200;1240;0;3000;2440;2340
P165069127;P165069127_3;C;1200;0;0;3600;1200;1900
P165069127;P165069127_4;D;3000;1240;0;5400;2440;2500
P165069127;P165069127_5;E;3600;0;0;5600;1200;2875
P165069127;P165069127_6;F;5400;1240;0;7800;2440;2000
P165069127;P165069127_7;G;5600;0;0;8000;1200;2000
P165069127;P165069127_8;H;7800;1240;0;10200;2440;2460
P165069127;P165069127_9;I;8000;0;0;10400;1200;1900
P165069127;P165069127_10;J;10200;1240;0;12600;2440;1900
P165069127;P165069127_11;K;10400;0;0;12200;1200;2340
P165069031;P165069031_1;A;0;0;0;1200;2400;1620
P165069031;P165069031_2;B;1200;0;0;2400;2400;1620
P165069031;P165069031_3;C;2400;0;0;3600;2400;1900
P165069031;P165069031_4;D;3600;0;0;4800;2400;2460
P165069031;P165069031_5;E;4800;0;0;6000;2400;1620
P165069031;P165069031_6;F;6000;0;0;7200;2400;1620
P165069031;P165069031_7;G;7200;0;0;8400;2400;2000
P165069031;P165069031_8;H;8400;0;0;9600;2400;2460
P165069031;P165069031_9;I;9600;0;0;10800;2400;2000
P165069031;P165069031_10;J;10800;0;0;12000;2400;1620
P165069031;P165069031_11;K;12000;0;0;13200;2400;1900
P165069011;P165069011_1;A;0;0;0;2000;1200;2875
P165069011;P165069011_2;B;0;1240;0;2000;2440;2875
P165069011;P165069011_3;C;2000;1240;0;4000;2440;2875
P165069011;P165069011_4;D;2000;0;0;4000;1200;2875
P165069011;P165069011_5;E;4000;0;0;6000;1200;2875
P165069011;P165069011_6;F;4000;1240;0;6000;2440;2875
P165069011;P165069011_7;G;6000;1240;0;8000;2440;2875
P165069011;P165069011_8;H;6000;0;0;8000;1200;2875
P165069011;P165069011_9;I;8000;0;0;10000;1200;2875
P165069011;P165069011_10;J;8000;1240;0;10000;2440;2875
P165069011;P165069011_11;K;10000;1240;0;12000;2440;2875
P165069011;P165069011_12;L;10000;0;0;12000;1200;2875
P165069011;P165069011_13;M;12000;0;0;13200;2000;2875
P165069113;P165069113_1;A;0;0;0;1200;2400;2460
P165069113;P165069113_2;B;1200;0;0;2400;2400;2460
P165069113;P165069113_3;C;2400;0;0;3600;2400;2460
P165069113;P165069113_4;D;3600;0;0;4800;2400;2460
P165069113;P165069113_5;E;4800;0;0;6000;2400;2460
P165069113;P165069113_6;F;6000;0;0;7200;2400;2460
P165069113;P165069113_7;G;7200;0;0;8400;2400;2000
P165069113;P165069113_8;H;8400;0;0;9600;2400;2000
P165069113;P165069113_9;I;9600;0;0;10800;2400;2460
P165069113;P165069113_10;J;10800;0;0;12000;2400;2460
P165069113;P165069113_11;K;12000;0;0;13200;2400;2000
P165069021;P165069021_1;A;0;0;0;1800;1200;2340
P165069021;P165069021_2;B;0;1240;0;1200;2440;2200
P165069021;P165069021_3;C;1200;1240;0;2400;2440;2200
P165069021;P165069021_4;D;1800;0;0;3000;1200;2200
P165069021;P165069021_5;E;2400;1240;0;4200;2440;2340
P165069021;P165069021_6;F;3000;0;0;4800;1200;2340
P165069021;P165069021_7;G;4200;1240;0;6000;2440;2340
P165069021;P165069021_8;H;4800;0;0;6600;1200;2340
P165069021;P165069021_9;I;6000;1240;0;7800;2440;2340
P165069021;P165069021_10;J;6600;0;0;8400;1200;2340
P165069021;P165069021_11;K;7800;1240;0;9600;2440;2340
P165069021;P165069021_12;L;8400;0;0;10200;1200;2340
P165069021;P165069021_13;M;9600;1240;0;11400;2440;2340
P165069021;P165069021_14;N;10200;0;0;12000;1200;2340
P165069021;P165069021_15;O;11400;1240;0;13200;2440;2340
P165069021;P165069021_16;P;12000;0;0;13200;1200;2200
P165069119;P165069119_1;A;0;0;0;2000;1200;2875
P165069119;P165069119_2;B;0;1240;0;2000;2440;2875
P165069119;P165069119_3;C;2000;1240;0;4000;2440;2875
P165069119;P165069119_4;D;2000;0;0;4000;1200;2875
P165069119;P165069119_5;E;4000;0;0;6000;1200;2875
P165069119;P165069119_6;F;4000;1240;0;6000;2440;2875
P165069119;P165069119_7;G;6000;1240;0;8000;2440;2875
P165069119;P165069119_8;H;6000;0;0;8000;1200;2875
P165069119;P165069119_9;I;8000;0;0;10000;1200;2875
P165069119;P165069119_10;J;8000;1240;0;10000;2440;2875
P165069119;P165069119_11;K;10000;1240;0;12000;2440;2875
P165069119;P165069119_12;L;10000;0;0;12000;1200;2875
P165069119;P165069119_13;M;12000;0;0;13200;2000;2875
P165069019;P165069019_1;A;0;0;0;1200;2400;1620
P165069019;P165069019_2;B;1200;0;0;2400;2400;1900
P165069019;P165069019_3;C;2400;0;0;3600;2400;1900
P165069019;P165069019_4;D;3600;0;0;4800;2400;1740
P165069019;P165069019_5;E;4800;0;0;6000;2400;2000
P165069019;P165069019_6;F;6000;0;0;7200;2400;2000
P165069019;P165069019_7;G;7200;0;0;8400;2400;2460
P165069019;P165069019_8;H;8400;0;0;9600;2400;2460
P165069019;P165069019_9;I;9600;0;0;10800;2400;2460
P165069019;P165069019_10;J;10800;0;0;12000;2400;2460
P165069019;P165069019_11;K;12000;0;0;13200;2400;2460
P165069115;P165069115_1;A;0;1240;0;1800;2440;2340
P165069115;P165069115_2;B;0;0;0;1800;1200;2340
P165069115;P165069115_3;C;1800;0;0;3600;1200;2340
P165069115;P165069115_4;D;1800;1240;0;3600;2440;2340
P165069115;P165069115_5;E;3600;1240;0;5400;2440;2340
P165069115;P165069115_6;F;3600;0;0;5400;1200;2340
P165069115;P165069115_7;G;5400;0;0;7200;1200;2340
P165069115;P165069115_8;H;5400;1240;0;7200;2440;2340
P165069115;P165069115_9;I;7200;1240;0;9000;2440;2340
P165069115;P165069115_10;J;7200;0;0;9600;1200;1900
P165069115;P165069115_11;K;9000;1240;0;10200;2440;2200
P165069115;P165069115_12;L;9600;0;0;11400;1200;2340
P165069115;P165069115_13;M;10200;1240;0;12000;2440;2340
P165069115;P165069115_14;N;11400;0;0;13200;1200;2340
P165069115;P165069115_15;O;12000;1240;0;13200;2440;2200
P165069017;P165069017_1;A;0;0;0;2200;1200;1760
P165069017;P165069017_2;B;0;1240;0;2400;2440;1620
P165069017;P165069017_3;C;2200;0;0;4000;1200;2340
P165069017;P165069017_4;D;2400;1240;0;4200;2440;2340
P165069017;P165069017_5;E;4000;0;0;6400;1200;2460
P165069017;P165069017_6;F;4200;1240;0;6600;2440;2460
P165069017;P165069017_7;G;6400;0;0;8800;1200;2460
P165069017;P165069017_8;H;6600;1240;0;9000;2440;2460
P165069017;P165069017_9;I;8800;0;0;11200;1200;2000
P165069017;P165069017_10;J;9000;1240;0;11400;2440;2000
P165069017;P165069017_11;K;11200;0;0;13000;1200;2340
P165069017;P165069017_12;L;11400;1240;0;13200;2440;2340
P165069015;P165069015_1;A;0;1240;0;2000;2440;2875
P165069015;P165069015_2;B;0;0;0;2000;1200;2875
P165069015;P165069015_3;C;2000;0;0;4000;1200;2875
P165069015;P165069015_4;D;2000;1240;0;4000;2440;2875
P165069015;P165069015_5;E;4000;0;0;5200;2400;2460
P165069015;P165069015_6;F;5200;0;0;6400;2400;2460
P165069015;P165069015_7;G;6400;1240;0;8400;2440;2250
P165069015;P165069015_8;H;6400;0;0;8800;1200;2460
P165069015;P165069015_9;I;8400;1240;0;10800;2440;2460
P165069015;P165069015_10;J;8800;0;0;11200;1200;2460
P165069015;P165069015_11;K;10800;1240;0;13200;2440;2460
P165069015;P165069015_12;L;11200;0;0;13200;1200;2875
P165069013;P165069013_1;A;0;0;0;1200;2400;1900
P165069013;P165069013_2;B;1200;0;0;2400;2400;2460
P165069013;P165069013_3;C;2400;0;0;3600;2400;1620
P165069013;P165069013_4;D;3600;0;0;4800;2400;2000
P165069013;P165069013_5;E;4800;0;0;6000;2400;1900
P165069013;P165069013_6;F;6000;1240;0;8000;2440;2250
P165069013;P165069013_7;G;6000;0;0;8400;1200;2460
P165069013;P165069013_8;H;8000;1240;0;10400;2440;2460
P165069013;P165069013_9;I;8400;0;0;10800;1200;2460
P165069013;P165069013_10;J;10400;1240;0;12800;2440;2460
P165069013;P165069013_11;K;10800;0;0;13200;1200;2000
P165069111;P165069111_1;A;0;0;0;1800;1200;2340
P165069111;P165069111_2;B;0;1240;0;1800;2440;2340
P165069111;P165069111_3;C;1800;1240;0;3600;2440;2340
P165069111;P165069111_4;D;1800;0;0;3600;1200;2340
P165069111;P165069111_5;E;3600;0;0;5400;1200;2340
P165069111;P165069111_6;F;3600;1240;0;5400;2440;2340
P165069111;P165069111_7;G;5400;1240;0;6600;2440;2200
P165069111;P165069111_8;H;5400;0;0;7200;1200;2340
P165069111;P165069111_9;I;6600;1240;0;8600;2440;2875
P165069111;P165069111_10;J;7200;0;0;9200;1200;2875
P165069111;P165069111_11;K;8600;1240;0;10600;2440;2875
P165069111;P165069111_12;L;9200;0;0;11200;1200;2875
P165069111;P165069111_13;M;10600;1240;0;12600;2440;2875
P165069111;P165069111_14;N;11200;0;0;13200;1200;2875
P165069009;P165069009_1;A;0;0;0;1200;2400;1620
P165069009;P165069009_2;B;1200;0;0;2400;2400;1900
P165069009;P165069009_3;C;2400;0;0;3600;2400;1900
P165069009;P165069009_4;D;3600;0;0;4800;2400;2000
P165069009;P165069009_5;E;4800;0;0;6000;2400;2000
P165069009;P165069009_6;F;6000;0;0;7200;2400;1620
P165069009;P165069009_7;G;7200;0;0;9000;1200;2340
P165069009;P165069009_8;H;7200;1240;0;9600;2440;1900
P165069009;P165069009_9;I;9000;0;0;11400;1200;2000
P165069009;P165069009_10;J;9600;1240;0;12000;2440;1620
P165069009;P165069009_11;K;12000;0;0;13200;2400;2460
P165069107;P165069107_1;A;0;0;0;2000;1200;2875
P165069107;P165069107_2;B;0;1240;0;2000;2440;2875
P165069107;P165069107_3;C;2000;1240;0;4000;2440;2875
P165069107;P165069107_4;D;2000;0;0;4000;1200;2875
P165069107;P165069107_5;E;4000;0;0;6000;1200;2875
P165069107;P165069107_6;F;4000;1240;0;6000;2440;2875
P165069107;P165069107_7;G;6000;1240;0;8000;2440;2875
P165069107;P165069107_8;H;6000;0;0;8000;1200;2875
P165069107;P165069107_9;I;8000;0;0;10000;1200;2875
P165069107;P165069107_10;J;8000;1240;0;10000;2440;2875
P165069107;P165069107_11;K;10000;1240;0;12000;2440;2875
P165069107;P165069107_12;L;10000;0;0;12000;1200;2875
P165069107;P165069107_13;M;12000;0;0;13200;2000;2875
P165069007;P165069007_1;A;0;0;0;1800;1200;2400
P165069007;P165069007_2;B;0;1240;0;1800;2440;2340
P165069007;P165069007_3;C;1800;1240;0;3600;2440;2340
P165069007;P165069007_4;D;1800;0;0;3600;1200;2340
P165069007;P165069007_5;E;3600;0;0;5400;1200;2340
P165069007;P165069007_6;F;3600;1240;0;5400;2440;2340
P165069007;P165069007_7;G;5400;1240;0;7200;2440;2340
P165069007;P165069007_8;H;5400;0;0;7200;1200;2340
P165069007;P165069007_9;I;7200;0;0;9000;1200;2340
P165069007;P165069007_10;J;7200;1240;0;9000;2440;2340
P165069007;P165069007_11;K;9000;1240;0;10800;2440;2340
P165069007;P165069007_12;L;9000;0;0;10200;1200;2200
P165069007;P165069007_13;M;10200;0;0;12600;1200;2460
P165069007;P165069007_14;N;10800;1240;0;13200;2440;2460
P165069105;P165069105_1;A;0;0;0;1200;2400;2460
P165069105;P165069105_2;B;1200;0;0;2400;2400;1900
P165069105;P165069105_3;C;2400;0;0;3600;2400;2000
P165069105;P165069105_4;D;3600;0;0;4800;2400;2000
P165069105;P165069105_5;E;4800;0;0;6000;2400;2460
P165069105;P165069105_6;F;6000;0;0;7200;2400;1620
P165069105;P165069105_7;G;7200;0;0;8400;2400;2460
P165069105;P165069105_8;H;8400;0;0;9600;2400;2460
P165069105;P165069105_9;I;9600;0;0;10800;2400;2460
P165069105;P165069105_10;J;10800;0;0;12000;2400;2460
P165069105;P165069105_11;K;12000;0;0;13200;2400;2460
P165069005;P165069005_1;A;0;0;0;1200;1200;2200
P165069005;P165069005_2;B;0;1240;0;1200;2440;2200
P165069005;P165069005_3;C;1200;1240;0;3000;2440;2340
P165069005;P165069005_4;D;1200;0;0;3000;1200;2340
P165069005;P165069005_5;E;3000;0;0;4800;1200;2340
P165069005;P165069005_6;F;3000;1240;0;4800;2440;2340
P165069005;P165069005_7;G;4800;1240;0;6600;2440;2340
P165069005;P165069005_8;H;4800;0;0;6600;1200;2340
P165069005;P165069005_9;I;6600;0;0;8400;1200;2340
P165069005;P165069005_10;J;6600;1240;0;7800;2440;2200
P165069005;P165069005_11;K;7800;1240;0;10200;2440;1800
P165069005;P165069005_12;L;8400;0;0;10200;1200;2340
P165069005;P165069005_13;M;10200;1240;0;12000;2440;2340
P165069005;P165069005_14;N;10200;0;0;12000;1200;2340
P165069005;P165069005_15;O;12000;0;0;13200;2400;2000
P165069003;P165069003_1;A;0;0;0;2000;1200;2875
P165069003;P165069003_2;B;0;1240;0;2000;2440;2875
P165069003;P165069003_3;C;2000;1240;0;4000;2440;2875
P165069003;P165069003_4;D;2000;0;0;4000;1200;2875
P165069003;P165069003_5;E;4000;0;0;6000;1200;2875
P165069003;P165069003_6;F;4000;1240;0;6000;2440;2875
P165069003;P165069003_7;G;6000;1240;0;8000;2440;2875
P165069003;P165069003_8;H;6000;0;0;8000;1200;2875
P165069003;P165069003_9;I;8000;0;0;10000;1200;2875
P165069003;P165069003_10;J;8000;1240;0;10000;2440;2875
P165069003;P165069003_11;K;10000;0;0;11200;2400;2460
P165069003;P165069003_12;L;11200;0;0;12400;2400;2460
P165069001;P165069001_1;A;0;0;0;2000;1200;2875
P165069001;P165069001_2;B;0;1240;0;2000;2440;2875
P165069001;P165069001_3;C;2000;1240;0;4000;2440;2875
P165069001;P165069001_4;D;2000;0;0;4000;1200;2875
P165069001;P165069001_5;E;4000;0;0;6000;1200;2875
P165069001;P165069001_6;F;4000;1240;0;6000;2440;2875
P165069001;P165069001_7;G;6000;1240;0;8000;2440;2875
P165069001;P165069001_8;H;6000;0;0;8000;1200;2875
P165069001;P165069001_9;I;8000;0;0;10000;1200;2875
P165069001;P165069001_10;J;8000;1240;0;10000;2440;2875
P165069001;P165069001_11;K;10000;1240;0;12000;2440;2875
P165069001;P165069001_12;L;10000;0;0;12000;1200;2875
P165069001;P165069001_13;M;12000;0;0;13200;2000;2875
Q165069001_1;Q165069001_1_1;A;0;0;0;2000;1200;2875
Q165069001_1;Q165069001_1_2;B;0;1240;0;2000;2440;2875
Q165069001_1;Q165069001_1_3;C;2000;1240;0;4000;2440;2875
Q165069001_1;Q165069001_1_4;D;2000;0;0;4000;1200;2875
Q165069001_1;Q165069001_1_5;E;4000;0;0;6000;1200;2875
Q165069001_1;Q165069001_1_6;F;4000;1240;0;6000;2440;2875
Q165069001_1;Q165069001_1_7;G;6000;1240;0;8000;2440;2875
Q165069001_1;Q165069001_1_8;H;6000;0;0;8000;1200;2875
Q165069001_1;Q165069001_1_9;I;8000;0;0;10000;1200;2875
Q165069001_1;Q165069001_1_10;J;8000;1240;0;10000;2440;2875
Q165069001_1;Q165069001_1_11;K;10000;1240;0;12000;2440;2875
Q165069001_1;Q165069001_1_12;L;10000;0;0;12000;1200;1460
Q165069001_1;Q165069001_1_13;M;12000;0;0;13200;2400;2460
P165069025;P165069025_1;A;0;0;0;1200;2400;1900
P165069025;P165069025_2;B;1200;0;0;2400;2400;2500
P165069025;P165069025_3;C;2400;0;0;3600;2400;1620
P165069025;P165069025_4;D;3600;0;0;4800;2400;2000
P165069025;P165069025_5;E;4800;0;0;6000;2400;2000
P165069025;P165069025_6;F;6000;0;0;7200;2400;2460
P165069025;P165069025_7;G;7200;0;0;8400;2400;1900
P165069025;P165069025_8;H;8400;0;0;9600;2400;2460
P165069025;P165069025_9;I;9600;0;0;11600;1200;2250
P165069025;P165069025_10;J;9600;1240;0;12000;2440;2460
P165069025;P165069025_11;K;12000;0;0;13200;2400;2460
Q165069025_1;Q165069025_1_1;A;0;0;0;1200;2400;2460
Q165069025_1;Q165069025_1_2;B;1200;0;0;2400;2400;2460
Q165069025_1;Q165069025_1_3;C;2400;0;0;3600;2400;1620
Q165069025_1;Q165069025_1_4;D;3600;0;0;4800;2400;1900
Q165069025_1;Q165069025_1_5;E;4800;0;0;6000;2400;2460
Q165069025_1;Q165069025_1_6;F;6000;0;0;7200;2400;2000
Q165069025_1;Q165069025_1_7;G;7200;0;0;8400;2400;2000
Q165069025_1;Q165069025_1_8;H;8400;0;0;9600;2400;2460
P180161113;P180161113_1;A;0;0;0;1600;2300;1000
P180161113;P180161113_2;B;1600;70;0;3200;2370;1955
P180161113;P180161113_3;C;3200;0;0;4800;2300;1955
P180161113;P180161113_4;D;4800;0;0;6400;2300;1955
P180161113;P180161113_5;E;6400;0;0;8000;2300;1955
P180161113;P180161113_6;F;8000;0;0;9600;2300;1955
P180161113;P180161113_7;G;9600;0;0;11200;2300;1955
P180161113;P180161113_8;H;11200;0;0;13500;1600;1955
P180161107;P180161107_1;A;0;70;0;1600;2370;1000
P180161107;P180161107_2;B;1600;70;0;3200;2370;1955
P180161107;P180161107_3;C;3200;70;0;4800;2370;1955
P180161107;P180161107_4;D;4800;0;0;6400;2300;1955
P180161107;P180161107_5;E;6400;0;0;8000;2300;1955
P180161107;P180161107_6;F;8000;0;0;9600;2300;1955
P180161107;P180161107_7;G;9600;0;0;11200;2300;1955
P180161107;P180161107_8;H;11200;0;0;13500;1600;1955
P180161105;P180161105_1;A;0;0;0;1600;2300;1000
P180161105;P180161105_2;B;1600;0;0;3200;2300;1955
P180161105;P180161105_3;C;3200;70;0;4800;2370;1955
P180161105;P180161105_4;D;4800;0;0;6400;2300;1955
P180161105;P180161105_5;E;6400;0;0;8000;2300;1955
P180161105;P180161105_6;F;8000;0;0;9600;2300;1955
P180161105;P180161105_7;G;9600;0;0;11200;2300;1955
P180161105;P180161105_8;H;11200;0;0;13500;1600;1955
P180161103;P180161103_1;A;0;70;0;1600;2370;1000
P180161103;P180161103_2;B;1600;0;0;3200;2300;1955
P180161103;P180161103_3;C;3200;0;0;4800;2300;1955
P180161103;P180161103_4;D;4800;0;0;6400;2300;1955
P180161103;P180161103_5;E;6400;0;0;8000;2300;1955
P180161103;P180161103_6;F;8000;0;0;9600;2300;1955
P180161103;P180161103_7;G;9600;0;0;11200;2300;1955
P180161103;P180161103_8;H;11200;0;0;13500;1600;1955
P180161115;P180161115_1;A;0;0;0;1600;2300;1000
P180161115;P180161115_2;B;1600;70;0;3200;2370;1955
P180161115;P180161115_3;C;3200;70;0;4800;2370;1955
P180161115;P180161115_4;D;4800;0;0;6400;2300;1955
P180161115;P180161115_5;E;6400;0;0;8000;2300;1955
P180161115;P180161115_6;F;8000;0;0;9600;2300;1955
P180161115;P180161115_7;G;9600;0;0;11200;2300;1955
P180161115;P180161115_8;H;11200;0;0;13500;1600;1955
P180161101;P180161101_1;A;0;70;0;1600;2370;1000
P180161101;P180161101_2;B;1600;70;0;3200;2370;1955
P180161101;P180161101_3;C;3200;0;0;4800;2300;1955
P180161101;P180161101_4;D;4800;0;0;6400;2300;1955
P180161101;P180161101_5;E;6400;0;0;8000;2300;1955
P180161101;P180161101_6;F;8000;0;0;9600;2300;1955
P180161101;P180161101_7;G;9600;0;0;11200;2300;1955
P180161101;P180161101_8;H;11200;0;0;13500;1600;1955
P180161111;P180161111_1;A;0;70;0;1600;2370;1000
P180161111;P180161111_2;B;1600;70;0;3200;2370;1955
P180161111;P180161111_3;C;3200;0;0;4800;2300;1955
P180161111;P180161111_4;D;4800;0;0;6400;2300;1955
P180161111;P180161111_5;E;6400;0;0;8000;2300;1955
P180161111;P180161111_6;F;8000;0;0;9600;2300;1955
P180161111;P180161111_7;G;9600;0;0;11200;2300;1955
P180161111;P180161111_8;H;11200;0;0;13500;1600;1955
P180161109;P180161109_1;A;0;70;0;1600;2370;1000
P180161109;P180161109_2;B;1600;140;0;3200;2440;1955
P180161109;P180161109_3;C;3200;70;0;4800;2370;1955
P180161109;P180161109_4;D;4800;70;0;6400;2370;1955
P180161109;P180161109_5;E;6400;0;0;8000;2300;1955
P180161109;P180161109_6;F;8000;0;0;9600;2300;1955
P180161109;P180161109_7;G;9600;0;0;11200;2300;1955
P180161109;P180161109_8;H;11200;0;0;13500;1600;1955
P179161113;P179161113_1;A;0;70;0;1600;2370;1000
P179161113;P179161113_2;B;1600;70;0;3200;2370;1955
P179161113;P179161113_3;C;3200;0;0;4800;2300;1955
P179161113;P179161113_4;D;4800;70;0;6400;2370;1955
P179161113;P179161113_5;E;6400;0;0;8000;2300;1955
P179161113;P179161113_6;F;8000;0;0;9600;2300;1955
P179161113;P179161113_7;G;9600;0;0;11200;2300;1955
P179161113;P179161113_8;H;11200;0;0;13500;1600;1955
P179161107;P179161107_1;A;0;70;0;1600;2370;1000
P179161107;P179161107_2;B;1600;70;0;3200;2370;1955
P179161107;P179161107_3;C;3200;70;0;4800;2370;1955
P179161107;P179161107_4;D;4800;0;0;6400;2300;1955
P179161107;P179161107_5;E;6400;0;0;8000;2300;1955
P179161107;P179161107_6;F;8000;0;0;9600;2300;1955
P179161107;P179161107_7;G;9600;0;0;11200;2300;1955
P179161107;P179161107_8;H;11200;0;0;13500;1600;1955
P179161105;P179161105_1;A;0;0;0;1600;2300;1000
P179161105;P179161105_2;B;1600;70;0;3200;2370;1955
P179161105;P179161105_3;C;3200;0;0;4800;2300;1955
P179161105;P179161105_4;D;4800;0;0;6400;2300;1955
P179161105;P179161105_5;E;6400;0;0;8000;2300;1955
P179161105;P179161105_6;F;8000;0;0;9600;2300;1955
P179161105;P179161105_7;G;9600;0;0;11200;2300;1955
P179161105;P179161105_8;H;11200;0;0;13500;1600;1955
P179161103;P179161103_1;A;0;70;0;1600;2370;1000
P179161103;P179161103_2;B;1600;70;0;3200;2370;1955
P179161103;P179161103_3;C;3200;70;0;4800;2370;1955
P179161103;P179161103_4;D;4800;0;0;6400;2300;1955
P179161103;P179161103_5;E;6400;0;0;8000;2300;1955
P179161103;P179161103_6;F;8000;0;0;9600;2300;1955
P179161103;P179161103_7;G;9600;0;0;11200;2300;1955
P179161103;P179161103_8;H;11200;0;0;13500;1600;1955
P179161101;P179161101_1;A;0;70;0;1600;2370;1000
P179161101;P179161101_2;B;1600;0;0;3200;2300;1955
P179161101;P179161101_3;C;3200;0;0;4800;2300;1955
P179161101;P179161101_4;D;4800;0;0;6400;2300;1955
P179161101;P179161101_5;E;6400;0;0;8000;2300;1955
P179161101;P179161101_6;F;8000;0;0;9600;2300;1955
P179161101;P179161101_7;G;9600;0;0;11200;2300;1955
P179161101;P179161101_8;H;11200;0;0;13500;1600;1955
P179161111;P179161111_1;A;0;70;0;1600;2370;1000
P179161111;P179161111_2;B;1600;70;0;3200;2370;1955
P179161111;P179161111_3;C;3200;70;0;4800;2370;1955
P179161111;P179161111_4;D;4800;0;0;6400;2300;1955
P179161111;P179161111_5;E;6400;0;0;8000;2300;1955
P179161111;P179161111_6;F;8000;0;0;9600;2300;1955
P179161111;P179161111_7;G;9600;0;0;11200;2300;1955
P179161111;P179161111_8;H;11200;0;0;13500;1600;1955
P179161109;P179161109_1;A;0;70;0;1600;2370;1000
P179161109;P179161109_2;B;1600;70;0;3200;2370;1955
P179161109;P179161109_3;C;3200;70;0;4800;2370;1955
P179161109;P179161109_4;D;4800;0;0;6400;2300;1955
P179161109;P179161109_5;E;6400;0;0;8000;2300;1955
P179161109;P179161109_6;F;8000;0;0;9600;2300;1955
P179161109;P179161109_7;G;9600;0;0;11200;2300;1955
P179161109;P179161109_8;H;11200;0;0;13500;1600;1955
Q179161109_1;Q179161109_1_1;A;0;70;0;1600;2370;1000
Q179161109_1;Q179161109_1_2;B;1600;70;0;3200;2370;1955
Q179161109_1;Q179161109_1_3;C;3200;70;0;4800;2370;1955
Q179161109_1;Q179161109_1_4;D;4800;70;0;6400;2370;1955
Q179161109_1;Q179161109_1_5;E;6400;0;0;8000;2300;1955
Q179161109_1;Q179161109_1_6;F;8000;0;0;9600;2300;1955
Q179161109_1;Q179161109_1_7;G;9600;0;0;11200;2300;1955
Q179161109_1;Q179161109_1_8;H;11200;0;0;13500;1600;1955
P178161113;P178161113_1;A;0;70;0;1600;2370;1000
P178161113;P178161113_2;B;1600;70;0;3200;2370;1955
P178161113;P178161113_3;C;3200;70;0;4800;2370;1955
P178161113;P178161113_4;D;4800;0;0;6400;2300;1955
P178161113;P178161113_5;E;6400;0;0;8000;2300;1955
P178161113;P178161113_6;F;8000;0;0;9600;2300;1955
P178161113;P178161113_7;G;9600;0;0;11200;2300;1955
P178161113;P178161113_8;H;11200;0;0;13500;1600;1955
P178161107;P178161107_1;A;0;70;0;1600;2370;1000
P178161107;P178161107_2;B;1600;70;0;3200;2370;1955
P178161107;P178161107_3;C;3200;70;0;4800;2370;1955
P178161107;P178161107_4;D;4800;0;0;6400;2300;1955
P178161107;P178161107_5;E;6400;0;0;8000;2300;1955
P178161107;P178161107_6;F;8000;0;0;9600;2300;1955
P178161107;P178161107_7;G;9600;0;0;11200;2300;1955
P178161107;P178161107_8;H;11200;0;0;13500;1600;1955
P178161105;P178161105_1;A;0;70;0;1600;2370;1000
P178161105;P178161105_2;B;1600;70;0;3200;2370;1955
P178161105;P178161105_3;C;3200;0;0;4800;2300;1955
P178161105;P178161105_4;D;4800;0;0;6400;2300;1955
P178161105;P178161105_5;E;6400;0;0;8000;2300;1955
P178161105;P178161105_6;F;8000;0;0;9600;2300;1955
P178161105;P178161105_7;G;9600;0;0;11200;2300;1955
P178161105;P178161105_8;H;11200;0;0;13500;1600;1955
P178161103;P178161103_1;A;0;0;0;1600;2300;1000
P178161103;P178161103_2;B;1600;0;0;3200;2300;1955
P178161103;P178161103_3;C;3200;70;0;4800;2370;1955
P178161103;P178161103_4;D;4800;0;0;6400;2300;1955
P178161103;P178161103_5;E;6400;0;0;8000;2300;1955
P178161103;P178161103_6;F;8000;0;0;9600;2300;1955
P178161103;P178161103_7;G;9600;0;0;11200;2300;1955
P178161103;P178161103_8;H;11200;0;0;13500;1600;1955
P178161115;P178161115_1;A;0;0;0;1600;2300;1000
P178161115;P178161115_2;B;1600;70;0;3200;2370;1955
P178161115;P178161115_3;C;3200;0;0;4800;2300;1955
P178161115;P178161115_4;D;4800;0;0;6400;2300;1955
P178161115;P178161115_5;E;6400;0;0;8000;2300;1955
P178161115;P178161115_6;F;8000;0;0;9600;2300;1955
P178161115;P178161115_7;G;9600;0;0;11200;2300;1955
P178161115;P178161115_8;H;11200;0;0;13500;1600;1955
P178161101;P178161101_1;A;0;70;0;1600;2370;1000
P178161101;P178161101_2;B;1600;0;0;3200;2300;1955
P178161101;P178161101_3;C;3200;0;0;4800;2300;1955
P178161101;P178161101_4;D;4800;0;0;6400;2300;1955
P178161101;P178161101_5;E;6400;0;0;8000;2300;1955
P178161101;P178161101_6;F;8000;0;0;9600;2300;1955
P178161101;P178161101_7;G;9600;0;0;11200;2300;1955
P178161101;P178161101_8;H;11200;0;0;13500;1600;1000
P178161111;P178161111_1;A;0;0;0;1600;2300;1000
P178161111;P178161111_2;B;1600;0;0;3200;2300;1955
P178161111;P178161111_3;C;3200;70;0;4800;2370;1955
P178161111;P178161111_4;D;4800;0;0;6400;2300;1955
P178161111;P178161111_5;E;6400;0;0;8000;2300;1955
P178161111;P178161111_6;F;8000;0;0;9600;2300;1955
P178161111;P178161111_7;G;9600;0;0;11200;2300;1955
P178161111;P178161111_8;H;11200;0;0;13500;1600;1955
P178161109;P178161109_1;A;0;0;0;1600;2300;1000
P178161109;P178161109_2;B;1600;0;0;3200;2300;1955
P178161109;P178161109_3;C;3200;70;0;4800;2370;1955
P178161109;P178161109_4;D;4800;0;0;6400;2300;1955
P178161109;P178161109_5;E;6400;0;0;8000;2300;1955
P178161109;P178161109_6;F;8000;0;0;9600;2300;1955
P178161109;P178161109_7;G;9600;0;0;11200;2300;1955
P178161109;P178161109_8;H;11200;0;0;13500;1600;1955
P177161113;P177161113_1;A;0;0;0;1600;2300;1000
P177161113;P177161113_2;B;1600;0;0;3200;2300;1955
P177161113;P177161113_3;C;3200;0;0;4800;2300;1955
P177161113;P177161113_4;D;4800;0;0;6400;2300;1955
P177161113;P177161113_5;E;6400;0;0;8000;2300;1955
P177161113;P177161113_6;F;8000;0;0;9600;2300;1955
P177161113;P177161113_7;G;9600;0;0;11200;2300;1955
P177161113;P177161113_8;H;11200;0;0;13500;1600;1955
P177161107;P177161107_1;A;0;0;0;1600;2300;1000
P177161107;P177161107_2;B;1600;70;0;3200;2370;1955
P177161107;P177161107_3;C;3200;70;0;4800;2370;1955
P177161107;P177161107_4;D;4800;0;0;6400;2300;1955
P177161107;P177161107_5;E;6400;0;0;8000;2300;1955
P177161107;P177161107_6;F;8000;0;0;9600;2300;1955
P177161107;P177161107_7;G;9600;0;0;11200;2300;1955
P177161107;P177161107_8;H;11200;0;0;13500;1600;1955
P177161105;P177161105_1;A;0;70;0;1600;2370;1000
P177161105;P177161105_2;B;1600;0;0;3200;2300;1955
P177161105;P177161105_3;C;3200;0;0;4800;2300;1955
P177161105;P177161105_4;D;4800;0;0;6400;2300;1955
P177161105;P177161105_5;E;6400;0;0;8000;2300;1955
P177161105;P177161105_6;F;8000;0;0;9600;2300;1955
P177161105;P177161105_7;G;9600;0;0;11200;2300;1955
P177161105;P177161105_8;H;11200;0;0;13500;1600;1955
P177161103;P177161103_1;A;0;70;0;1600;2370;1000
P177161103;P177161103_2;B;1600;70;0;3200;2370;1955
P177161103;P177161103_3;C;3200;0;0;4800;2300;1955
P177161103;P177161103_4;D;4800;0;0;6400;2300;1955
P177161103;P177161103_5;E;6400;0;0;8000;2300;1955
P177161103;P177161103_6;F;8000;0;0;9600;2300;1955
P177161103;P177161103_7;G;9600;0;0;11200;2300;1955
P177161103;P177161103_8;H;11200;0;0;13500;1600;1955
P177161101;P177161101_1;A;0;70;0;1600;2370;1000
P177161101;P177161101_2;B;1600;0;0;3200;2300;1955
P177161101;P177161101_3;C;3200;0;0;4800;2300;1955
P177161101;P177161101_4;D;4800;0;0;6400;2300;1955
P177161101;P177161101_5;E;6400;0;0;8000;2300;1955
P177161101;P177161101_6;F;8000;0;0;9600;2300;1955
P177161101;P177161101_7;G;9600;0;0;11200;2300;1955
P177161101;P177161101_8;H;11200;0;0;13500;1600;1955
Q177161101_1;Q177161101_1_1;A;0;0;0;1600;2300;1000
Q177161101_1;Q177161101_1_2;B;1600;70;0;3200;2370;1955
Q177161101_1;Q177161101_1_3;C;3200;0;0;4800;2300;1955
Q177161101_1;Q177161101_1_4;D;4800;0;0;6400;2300;1955
Q177161101_1;Q177161101_1_5;E;6400;0;0;8000;2300;1955
Q177161101_1;Q177161101_1_6;F;8000;0;0;9600;2300;1955
Q177161101_1;Q177161101_1_7;G;9600;0;0;11200;2300;1955
Q177161101_1;Q177161101_1_8;H;11200;0;0;13500;1600;1955
P175161111;P175161111_1;A;0;70;0;1600;2370;1000
P175161111;P175161111_2;B;1600;70;0;3200;2370;1955
P175161111;P175161111_3;C;3200;0;0;4800;2300;1955
P175161111;P175161111_4;D;4800;0;0;6400;2300;1955
P175161111;P175161111_5;E;6400;0;0;8000;2300;1955
P175161111;P175161111_6;F;8000;0;0;9600;2300;1955
P175161111;P175161111_7;G;9600;0;0;11200;2300;1955
P175161111;P175161111_8;H;11200;0;0;13500;1600;1955
P175161109;P175161109_1;A;0;70;0;1600;2370;1000
P175161109;P175161109_2;B;1600;70;0;3200;2370;1955
P175161109;P175161109_3;C;3200;70;0;4800;2370;1955
P175161109;P175161109_4;D;4800;0;0;6400;2300;1955
P175161109;P175161109_5;E;6400;0;0;8000;2300;1955
P175161109;P175161109_6;F;8000;0;0;9600;2300;1955
P175161109;P175161109_7;G;9600;0;0;11200;2300;1955
P174161107;P174161107_1;A;0;0;0;1600;2300;1000
P174161107;P174161107_2;B;1600;70;0;3200;2370;1955
P174161107;P174161107_3;C;3200;70;0;4800;2370;1955
P174161107;P174161107_4;D;4800;0;0;6400;2300;1955
P174161107;P174161107_5;E;6400;0;0;8000;2300;1955
P174161107;P174161107_6;F;8000;0;0;9600;2300;1955
P174161107;P174161107_7;G;9600;0;0;11200;2300;1955
P174161107;P174161107_8;H;11200;0;0;13500;1600;1955
P174161105;P174161105_1;A;0;70;0;1600;2370;1000
P174161105;P174161105_2;B;1600;0;0;3200;2300;1955
P174161105;P174161105_3;C;3200;70;0;4800;2370;1955
P174161105;P174161105_4;D;4800;0;0;6400;2300;1955
P174161105;P174161105_5;E;6400;0;0;8000;2300;1955
P174161105;P174161105_6;F;8000;0;0;9600;2300;1955
P174161105;P174161105_7;G;9600;0;0;11200;2300;1955
P174161105;P174161105_8;H;11200;0;0;13500;1600;1955
P174161103;P174161103_1;A;0;0;0;1600;2300;1000
P174161103;P174161103_2;B;1600;0;0;3200;2300;1955
P174161103;P174161103_3;C;3200;70;0;4800;2370;1955
P174161103;P174161103_4;D;4800;0;0;6400;2300;1955
P174161103;P174161103_5;E;6400;0;0;8000;2300;1955
P174161103;P174161103_6;F;8000;0;0;9600;2300;1955
P174161103;P174161103_7;G;9600;0;0;11200;2300;1955
P174161103;P174161103_8;H;11200;0;0;13500;1600;1955
P174161115;P174161115_1;A;0;0;0;1600;2300;1000
P174161115;P174161115_2;B;1600;0;0;3200;2300;1955
P174161115;P174161115_3;C;3200;70;0;4800;2370;1955
P174161115;P174161115_4;D;4800;0;0;6400;2300;1955
P174161115;P174161115_5;E;6400;0;0;8000;2300;1955
P174161115;P174161115_6;F;8000;0;0;9600;2300;1955
P174161115;P174161115_7;G;9600;0;0;11200;2300;1955
P174161115;P174161115_8;H;11200;0;0;13500;1600;1955
P174161101;P174161101_1;A;0;70;0;1600;2370;1000
P174161101;P174161101_2;B;1600;70;0;3200;2370;1955
P174161101;P174161101_3;C;3200;0;0;4800;2300;1955
P174161101;P174161101_4;D;4800;0;0;6400;2300;1955
P174161101;P174161101_5;E;6400;0;0;8000;2300;1955
P174161101;P174161101_6;F;8000;0;0;9600;2300;1955
P174161101;P174161101_7;G;9600;0;0;11200;2300;1955
P174161101;P174161101_8;H;11200;0;0;13500;1600;1955
P174161111;P174161111_1;A;0;0;0;1600;2300;1000
P174161111;P174161111_2;B;1600;0;0;3200;2300;1955
P174161111;P174161111_3;C;3200;0;0;4800;2300;1955
P174161111;P174161111_4;D;4800;0;0;6400;2300;1955
P174161111;P174161111_5;E;6400;0;0;8000;2300;1955
P174161111;P174161111_6;F;8000;0;0;9600;2300;1955
P174161111;P174161111_7;G;9600;0;0;11200;2300;1955
P174161111;P174161111_8;H;11200;0;0;13500;1600;1955
P174161109;P174161109_1;A;0;70;0;1600;2370;1000
P174161109;P174161109_2;B;1600;70;0;3200;2370;1955
P174161109;P174161109_3;C;3200;0;0;4800;2300;1955
P174161109;P174161109_4;D;4800;0;0;6400;2300;1955
P174161109;P174161109_5;E;6400;0;0;8000;2300;1955
P174161109;P174161109_6;F;8000;0;0;9600;2300;1955
P174161109;P174161109_7;G;9600;0;0;11200;2300;1955
P174161109;P174161109_8;H;11200;0;0;13500;1600;1955
Q174161109_1;Q174161109_1_1;A;0;420;0;2300;2020;1000
Q174161109_1;Q174161109_1_2;B;2300;0;0;4600;1600;1955
Q174161109_1;Q174161109_1_3;C;4600;70;0;6200;2370;1955
Q174161109_1;Q174161109_1_4;D;6200;0;0;7800;2300;1955
Q174161109_1;Q174161109_1_5;E;7800;0;0;9400;2300;1955
Q174161109_1;Q174161109_1_6;F;9400;0;0;11000;2300;1955
Q174161109_1;Q174161109_1_7;G;11000;0;0;12600;2300;1000
P173161113;P173161113_1;A;0;70;0;1600;2370;1000
P173161113;P173161113_2;B;1600;70;0;3200;2370;1955
P173161113;P173161113_3;C;3200;70;0;4800;2370;1955
P173161113;P173161113_4;D;4800;0;0;6400;2300;1955
P173161113;P173161113_5;E;6400;0;0;8000;2300;1955
P173161113;P173161113_6;F;8000;0;0;9600;2300;1955
P173161113;P173161113_7;G;9600;0;0;11200;2300;1955
P173161113;P173161113_8;H;11200;0;0;13500;1600;1955
P173161107;P173161107_1;A;0;0;0;1600;2300;1000
P173161107;P173161107_2;B;1600;70;0;3200;2370;1955
P173161107;P173161107_3;C;3200;0;0;4800;2300;1955
P173161107;P173161107_4;D;4800;0;0;6400;2300;1955
P173161107;P173161107_5;E;6400;0;0;8000;2300;1955
P173161107;P173161107_6;F;8000;0;0;9600;2300;1955
P173161107;P173161107_7;G;9600;0;0;11200;2300;1955
P173161107;P173161107_8;H;11200;0;0;13500;1600;1955
P173161105;P173161105_1;A;0;0;0;1600;2300;1000
P173161105;P173161105_2;B;1600;70;0;3200;2370;1955
P173161105;P173161105_3;C;3200;0;0;4800;2300;1955
P173161105;P173161105_4;D;4800;0;0;6400;2300;1955
P173161105;P173161105_5;E;6400;0;0;8000;2300;1955
P173161105;P173161105_6;F;8000;0;0;9600;2300;1955
P173161105;P173161105_7;G;9600;0;0;11200;2300;1955
P173161105;P173161105_8;H;11200;0;0;13500;1600;1955
P173161103;P173161103_1;A;0;0;0;1600;2300;1000
P173161103;P173161103_2;B;1600;70;0;3200;2370;1955
P173161103;P173161103_3;C;3200;70;0;4800;2370;1955
P173161103;P173161103_4;D;4800;0;0;6400;2300;1955
P173161103;P173161103_5;E;6400;0;0;8000;2300;1955
P173161103;P173161103_6;F;8000;0;0;9600;2300;1955
P173161103;P173161103_7;G;9600;0;0;11200;2300;1955
P173161103;P173161103_8;H;11200;0;0;13500;1600;1955
P173161115;P173161115_1;A;0;0;0;1600;2300;1000
P173161115;P173161115_2;B;1600;70;0;3200;2370;1955
P173161115;P173161115_3;C;3200;70;0;4800;2370;1955
P173161115;P173161115_4;D;4800;0;0;6400;2300;1955
P173161115;P173161115_5;E;6400;0;0;8000;2300;1955
P173161115;P173161115_6;F;8000;0;0;9600;2300;1955
P173161115;P173161115_7;G;9600;0;0;11200;2300;1955
P173161115;P173161115_8;H;11200;0;0;13500;1600;1955
P173161101;P173161101_1;A;0;0;0;2300;1600;1000
P173161101;P173161101_2;B;2300;0;0;4600;1600;1955
P173161101;P173161101_3;C;4600;70;0;6200;2370;1955
P173161101;P173161101_4;D;6200;0;0;7800;2300;1955
P173161101;P173161101_5;E;7800;0;0;9400;2300;1955
P173161101;P173161101_6;F;9400;0;0;11000;2300;1955
P173161111;P173161111_1;A;0;0;0;1600;2300;1000
P173161111;P173161111_2;B;1600;70;0;3200;2370;1955
P173161111;P173161111_3;C;3200;70;0;4800;2370;1955
P173161111;P173161111_4;D;4800;0;0;6400;2300;1955
P173161111;P173161111_5;E;6400;0;0;8000;2300;1955
P173161111;P173161111_6;F;8000;0;0;9600;2300;1955
P173161111;P173161111_7;G;9600;0;0;11200;2300;1955
P173161111;P173161111_8;H;11200;0;0;13500;1600;1955
P173161109;P173161109_1;A;0;0;0;1600;2300;1000
P173161109;P173161109_2;B;1600;70;0;3200;2370;1955
P173161109;P173161109_3;C;3200;0;0;4800;2300;1955
P173161109;P173161109_4;D;4800;0;0;6400;2300;1955
P173161109;P173161109_5;E;6400;0;0;8000;2300;1955
P173161109;P173161109_6;F;8000;0;0;9600;2300;1955
P173161109;P173161109_7;G;9600;0;0;11200;2300;1955
P173161109;P173161109_8;H;11200;0;0;13500;1600;1955
P172161113;P172161113_1;A;0;70;0;1600;2370;1000
P172161113;P172161113_2;B;1600;0;0;3200;2300;1955
P172161113;P172161113_3;C;3200;70;0;4800;2370;1955
P172161113;P172161113_4;D;4800;0;0;6400;2300;1955
P172161113;P172161113_5;E;6400;0;0;8000;2300;1955
P172161113;P172161113_6;F;8000;0;0;9600;2300;1955
P172161113;P172161113_7;G;9600;0;0;11200;2300;1955
P172161113;P172161113_8;H;11200;0;0;13500;1600;1955
P172161107;P172161107_1;A;0;0;0;1600;2300;1000
P172161107;P172161107_2;B;1600;70;0;3200;2370;1955
P172161107;P172161107_3;C;3200;70;0;4800;2370;1955
P172161107;P172161107_4;D;4800;0;0;6400;2300;1955
P172161107;P172161107_5;E;6400;0;0;8000;2300;1955
P172161107;P172161107_6;F;8000;0;0;9600;2300;1955
P172161107;P172161107_7;G;9600;0;0;11200;2300;1955
P172161107;P172161107_8;H;11200;0;0;13500;1600;1955
P172161105;P172161105_1;A;0;70;0;1600;2370;1000
P172161105;P172161105_2;B;1600;70;0;3200;2370;1955
P172161105;P172161105_3;C;3200;0;0;4800;2300;1955
P172161105;P172161105_4;D;4800;0;0;6400;2300;1955
P172161105;P172161105_5;E;6400;0;0;8000;2300;1955
P172161105;P172161105_6;F;8000;0;0;9600;2300;1955
P172161105;P172161105_7;G;9600;0;0;11200;2300;1955
P172161105;P172161105_8;H;11200;0;0;13500;1600;1955
P172161103;P172161103_1;A;0;0;0;1600;2300;1000
P172161103;P172161103_2;B;1600;70;0;3200;2370;1955
P172161103;P172161103_3;C;3200;0;0;4800;2300;1955
P172161103;P172161103_4;D;4800;0;0;6400;2300;1955
P172161103;P172161103_5;E;6400;0;0;8000;2300;1955
P172161103;P172161103_6;F;8000;0;0;9600;2300;1955
P172161103;P172161103_7;G;9600;0;0;11200;2300;1955
P172161103;P172161103_8;H;11200;0;0;13500;1600;1955
P172161101;P172161101_1;A;0;70;0;1600;2370;1000
P172161101;P172161101_2;B;1600;70;0;3200;2370;1955
P172161101;P172161101_3;C;3200;0;0;4800;2300;1955
P172161101;P172161101_4;D;4800;0;0;6400;2300;1955
P172161101;P172161101_5;E;6400;0;0;8000;2300;1955
P172161101;P172161101_6;F;8000;0;0;9600;2300;1955
P172161101;P172161101_7;G;9600;0;0;11200;2300;1955
P172161101;P172161101_8;H;11200;0;0;13500;1600;1955
P172161111;P172161111_1;A;0;0;0;1600;2300;1000
P172161111;P172161111_2;B;1600;70;0;3200;2370;1955
P172161111;P172161111_3;C;3200;70;0;4800;2370;1955
P172161111;P172161111_4;D;4800;0;0;6400;2300;1955
P172161111;P172161111_5;E;6400;0;0;8000;2300;1955
P172161111;P172161111_6;F;8000;0;0;9600;2300;1955
P172161111;P172161111_7;G;9600;0;0;11200;2300;1955
P172161111;P172161111_8;H;11200;0;0;13500;1600;1955
P172161109;P172161109_1;A;0;70;0;1600;2370;1000
P172161109;P172161109_2;B;1600;0;0;3200;2300;1955
P172161109;P172161109_3;C;3200;0;0;4800;2300;1955
P172161109;P172161109_4;D;4800;0;0;6400;2300;1955
P172161109;P172161109_5;E;6400;0;0;8000;2300;1955
P172161109;P172161109_6;F;8000;0;0;9600;2300;1955
P172161109;P172161109_7;G;9600;0;0;11200;2300;1955
P172161109;P172161109_8;H;11200;0;0;13500;1600;1955
P171161113;P171161113_1;A;0;0;0;1600;2300;1000
P171161113;P171161113_2;B;1600;70;0;3200;2370;1955
P171161113;P171161113_3;C;3200;70;0;4800;2370;1955
P171161113;P171161113_4;D;4800;0;0;6400;2300;1955
P171161113;P171161113_5;E;6400;0;0;8000;2300;1955
P171161113;P171161113_6;F;8000;0;0;9600;2300;1955
P171161113;P171161113_7;G;9600;0;0;11200;2300;1955
P171161113;P171161113_8;H;11200;0;0;13500;1600;1955
P171161107;P171161107_1;A;0;70;0;1600;2370;1000
P171161107;P171161107_2;B;1600;70;0;3200;2370;1955
P171161107;P171161107_3;C;3200;0;0;4800;2300;1955
P171161107;P171161107_4;D;4800;0;0;6400;2300;1955
P171161107;P171161107_5;E;6400;0;0;8000;2300;1955
P171161107;P171161107_6;F;8000;0;0;9600;2300;1955
P171161107;P171161107_7;G;9600;0;0;11200;2300;1955
P171161107;P171161107_8;H;11200;0;0;13500;1600;1955
Q171161107_1;Q171161107_1_1;A;0;70;0;1600;2370;1000
Q171161107_1;Q171161107_1_2;B;1600;70;0;3200;2370;1955
Q171161107_1;Q171161107_1_3;C;3200;70;0;4800;2370;1955
Q171161107_1;Q171161107_1_4;D;4800;0;0;6400;2300;1955
Q171161107_1;Q171161107_1_5;E;6400;0;0;8000;2300;1955
Q171161107_1;Q171161107_1_6;F;8000;0;0;9600;2300;1955
Q171161107_1;Q171161107_1_7;G;9600;0;0;11200;2300;1955
Q171161107_1;Q171161107_1_8;H;11200;0;0;13500;1600;1955
P180064013;P180064013_1;A;0;40;0;2200;2440;2995
P180064013;P180064013_2;B;2200;0;0;4400;2400;2995
P180064013;P180064013_3;C;4400;0;0;6070;1200;2995
P180064013;P180064013_4;D;6070;0;0;8270;2400;2995
P180064013;P180064013_5;E;8270;0;0;10470;2400;2995
P180064013;P180064013_6;F;10470;0;0;12670;2400;2995
P180064011;P180064011_1;A;0;0;0;2200;2400;2995
P180064011;P180064011_2;B;2200;40;0;4400;2440;2995
P180064011;P180064011_3;C;4400;0;0;6600;2400;2995
P180064011;P180064011_4;D;6600;40;0;8800;2440;2995
P180064011;P180064011_5;E;8800;0;0;11000;2400;2995
P180064011;P180064011_6;F;11000;40;0;13200;2440;2995
P180063903;P180063903_1;A;0;0;0;2200;2400;2935
P180063903;P180063903_2;B;2200;0;0;4400;2400;2995
P180063903;P180063903_3;C;4400;0;0;6600;2400;2995
P180063903;P180063903_4;D;6600;0;0;8800;2400;2995
P180063903;P180063903_5;E;8800;0;0;11000;2400;2995
P180063903;P180063903_6;F;11000;0;0;13200;2400;2995
P180064009;P180064009_1;A;0;0;0;2200;2400;2935
P180064009;P180064009_2;B;2200;0;0;4400;2400;2995
P180064009;P180064009_3;C;4400;0;0;6600;2400;2995
P180064009;P180064009_4;D;6600;0;0;8800;2400;2995
P180064009;P180064009_5;E;8800;0;0;11000;2400;2995
P180064009;P180064009_6;F;11000;1240;0;12670;2440;2995
P180064009;P180064009_7;G;11000;0;0;12670;1200;1520
P180064007;P180064007_1;A;0;0;0;2200;2400;2995
P180064007;P180064007_2;B;2200;40;0;4400;2440;2995
P180064007;P180064007_3;C;4400;0;0;6600;2400;2995
P180064007;P180064007_4;D;6600;0;0;8800;2400;2995
P180064007;P180064007_5;E;8800;0;0;11000;2400;2995
P180064007;P180064007_6;F;11000;0;0;13200;2400;2995
P180064005;P180064005_1;A;0;0;0;2200;2400;2995
P180064005;P180064005_2;B;2200;40;0;4400;2440;2995
P180064005;P180064005_3;C;4400;0;0;6600;2400;2995
P180064005;P180064005_4;D;6600;40;0;8800;2440;2995
P180064005;P180064005_5;E;8800;0;0;11000;2400;2995
P180064005;P180064005_6;F;11000;40;0;13200;2440;2995
P180064003;P180064003_1;A;0;0;0;1010;1206;1085
P180064003;P180064003_2;B;0;1240;0;1670;2440;1520
P180064003;P180064003_3;C;1670;0;0;3870;2400;2995
P180064003;P180064003_4;D;3870;0;0;6070;2400;2995
P180064003;P180064003_5;E;6070;0;0;8270;2400;2995
P180064003;P180064003_6;F;8270;0;0;10470;2400;2995
P180064003;P180064003_7;G;10470;0;0;12670;2400;2995
P179064013;P179064013_1;A;0;0;0;2200;2400;2995
P179064013;P179064013_2;B;2200;40;0;4400;2440;2995
P179064013;P179064013_3;C;4400;0;0;6600;2400;2995
P179064013;P179064013_4;D;6600;0;0;8800;2400;2995
P179064013;P179064013_5;E;8800;0;0;11000;2400;2995
P179064013;P179064013_6;F;11000;0;0;13200;2400;2995
P179064011;P179064011_1;A;0;0;0;2200;2400;2995
P179064011;P179064011_2;B;2200;40;0;4400;2440;2995
P179064011;P179064011_3;C;4400;0;0;6600;2400;2995
P179064011;P179064011_4;D;6600;40;0;8800;2440;2995
P179064011;P179064011_5;E;8800;0;0;11000;2400;2995
P179064011;P179064011_6;F;11000;40;0;13200;2440;2995
P179063903;P179063903_1;A;0;0;0;2200;2400;2935
P179063903;P179063903_2;B;2200;0;0;4400;2400;2935
P179063903;P179063903_3;C;4400;0;0;6600;2400;2995
P179063903;P179063903_4;D;6600;0;0;8800;2400;2995
P179063903;P179063903_5;E;8800;0;0;10470;1200;2995
P179063903;P179063903_6;F;8800;1240;0;10470;2440;1520
P179063903;P179063903_7;G;10470;0;0;12670;2400;2995
P179064007;P179064007_1;A;0;0;0;2200;2400;2995
P179064007;P179064007_2;B;2200;40;0;4400;2440;2995
P179064007;P179064007_3;C;4400;0;0;6600;2400;2995
P179064007;P179064007_4;D;6600;40;0;8800;2440;2995
P179064007;P179064007_5;E;8800;0;0;11000;2400;2995
P179064007;P179064007_6;F;11000;0;0;13200;2400;2995
P179064005;P179064005_1;A;0;0;0;2200;2400;2995
P179064005;P179064005_2;B;2200;0;0;4400;2400;2995
P179064005;P179064005_3;C;4400;0;0;6600;2400;2995
P179064005;P179064005_4;D;6600;0;0;8800;2400;2995
P179064005;P179064005_5;E;8800;0;0;11000;2400;2995
P179064005;P179064005_6;F;11000;0;0;13200;2400;2995
P179064003;P179064003_1;A;0;0;0;1010;1206;1455
P179064003;P179064003_2;B;0;1240;0;1670;2440;2995
P179064003;P179064003_3;C;1010;0;0;2680;1200;2995
P179064003;P179064003_4;D;2680;0;0;4880;2400;2935
P179064003;P179064003_5;E;4880;0;0;7080;2400;2995
P179064003;P179064003_6;F;7080;0;0;9280;2400;2995
P179064003;P179064003_7;G;9280;0;0;11480;2400;2995
P178064013;P178064013_1;A;0;0;0;2200;2400;2995
P178064013;P178064013_2;B;2200;40;0;4400;2440;2995
P178064013;P178064013_3;C;4400;0;0;6600;2400;2995
P178064013;P178064013_4;D;6600;40;0;8800;2440;2995
P178064013;P178064013_5;E;8800;0;0;11000;2400;2995
P178064013;P178064013_6;F;11000;0;0;13200;2400;2995
P178064011;P178064011_1;A;0;0;0;2200;2400;2995
P178064011;P178064011_2;B;2200;0;0;4400;2400;2995
P178064011;P178064011_3;C;4400;0;0;6600;2400;2995
P178064011;P178064011_4;D;6600;0;0;8800;2400;2995
P178064011;P178064011_5;E;8800;0;0;11000;2400;2995
P178064011;P178064011_6;F;11000;0;0;13200;2400;2995
P178063903;P178063903_1;A;0;0;0;2200;2400;2995
P178063903;P178063903_2;B;2200;40;0;4400;2440;2995
P178063903;P178063903_3;C;4400;0;0;6600;2400;2995
P178063903;P178063903_4;D;6600;40;0;8800;2440;2995
P178063903;P178063903_5;E;8800;0;0;11000;2400;2995
P178063903;P178063903_6;F;11000;40;0;13200;2440;2995
P178064009;P178064009_1;A;0;0;0;2200;2400;2935
P178064009;P178064009_2;B;2200;0;0;4400;2400;2995
P178064009;P178064009_3;C;4400;0;0;6070;1200;2995
P178064009;P178064009_4;D;4400;1240;0;6070;2440;1520
P178064009;P178064009_5;E;6070;0;0;8270;2400;2995
P178064009;P178064009_6;F;8270;0;0;10470;2400;2995
P178064009;P178064009_7;G;10470;0;0;12670;2400;2995
P178064007;P178064007_1;A;0;0;0;2200;2400;2935
P178064007;P178064007_2;B;2200;0;0;4400;2400;2995
P178064007;P178064007_3;C;4400;0;0;6600;2400;2995
P178064007;P178064007_4;D;6600;0;0;8800;2400;2995
P178064007;P178064007_5;E;8800;0;0;11000;2400;2995
P178064007;P178064007_6;F;11000;0;0;13200;2400;2995
P178064005;P178064005_1;A;0;0;0;2200;2400;2995
P178064005;P178064005_2;B;2200;40;0;4400;2440;2995
P178064005;P178064005_3;C;4400;0;0;6600;2400;2995
P178064005;P178064005_4;D;6600;40;0;8800;2440;2995
P178064005;P178064005_5;E;8800;0;0;11000;2400;2995
P178064005;P178064005_6;F;11000;40;0;13200;2440;2995
P178064001;P178064001_1;A;0;0;0;2200;2400;2935
P178064001;P178064001_2;B;2200;0;0;4400;2400;2995
P178064001;P178064001_3;C;4400;0;0;6600;2400;2995
P178064001;P178064001_4;D;6600;0;0;8800;2400;2995
P178064001;P178064001_5;E;8800;0;0;11000;2400;2995
P178064001;P178064001_6;F;11000;0;0;13200;2400;2995
P177064013;P177064013_1;A;0;0;0;2200;2400;2995
P177064013;P177064013_2;B;2200;40;0;4400;2440;2995
P177064013;P177064013_3;C;4400;1240;0;6070;2440;2995
P177064013;P177064013_4;D;4400;0;0;6070;1200;2995
P177064013;P177064013_5;E;6070;0;0;8270;2400;2995
P177064013;P177064013_6;F;8270;0;0;10470;2400;2995
P177064013;P177064013_7;G;10470;0;0;12670;2400;2995
P177064011;P177064011_1;A;0;0;0;2200;2400;2995
P177064011;P177064011_2;B;2200;0;0;4400;2400;2995
P177064011;P177064011_3;C;4400;0;0;6600;2400;2995
P177064011;P177064011_4;D;6600;0;0;8800;2400;2995
P177064011;P177064011_5;E;8800;0;0;11000;2400;2995
P177064011;P177064011_6;F;11000;0;0;13200;2400;2995
P177063903;P177063903_1;A;0;0;0;2200;2400;2995
P177063903;P177063903_2;B;2200;40;0;4400;2440;2995
P177063903;P177063903_3;C;4400;0;0;6600;2400;2995
P177063903;P177063903_4;D;6600;40;0;8800;2440;2995
P177063903;P177063903_5;E;8800;0;0;11000;2400;2995
P177063903;P177063903_6;F;11000;0;0;13200;2400;2935
P177064009;P177064009_1;A;0;0;0;2200;2400;2935
P177064009;P177064009_2;B;2200;0;0;4400;2400;2995
P177064009;P177064009_3;C;4400;0;0;6600;2400;2995
P177064009;P177064009_4;D;6600;0;0;8800;2400;2995
P177064009;P177064009_5;E;8800;0;0;11000;2400;2995
P177064009;P177064009_6;F;11000;0;0;13200;2400;2995
P175064007;P175064007_1;A;0;0;0;1670;1200;2995
P175064007;P175064007_2;B;0;1240;0;1670;2440;1520
P175064007;P175064007_3;C;1670;0;0;3870;2400;2995
P175064007;P175064007_4;D;3870;0;0;6070;2400;2995
P175064007;P175064007_5;E;6070;0;0;8270;2400;2995
P175064007;P175064007_6;F;8270;0;0;10470;2400;2935
P175064007;P175064007_7;G;10470;0;0;12670;2400;2995
P175064001;P175064001_1;A;0;0;0;2200;2400;2995
P175064001;P175064001_2;B;2200;40;0;4400;2440;2995
P175064001;P175064001_3;C;4400;0;0;6600;2400;2995
P175064001;P175064001_4;D;6600;40;0;8800;2440;2995
P175064001;P175064001_5;E;8800;0;0;11000;2400;2995
P175064001;P175064001_6;F;11000;40;0;13200;2440;2995
P174064013;P174064013_1;A;0;0;0;2200;2400;2995
P174064013;P174064013_2;B;2200;40;0;4400;2440;2995
P174064013;P174064013_3;C;4400;0;0;6600;2400;2995
P174064013;P174064013_4;D;6600;0;0;8800;2400;2995
P174064013;P174064013_5;E;8800;0;0;11000;2400;2995
P174064013;P174064013_6;F;11000;0;0;13200;2400;2995
P174064011;P174064011_1;A;0;0;0;2200;2400;2995
P174064011;P174064011_2;B;2200;40;0;4400;2440;2995
P174064011;P174064011_3;C;4400;0;0;6600;2400;2935
P174064011;P174064011_4;D;6600;0;0;8800;2400;2995
P174064011;P174064011_5;E;8800;0;0;11000;2400;2995
P174064011;P174064011_6;F;11000;0;0;13200;2400;2995
P174063903;P174063903_1;A;0;0;0;2200;2400;2995
P174063903;P174063903_2;B;2200;40;0;4400;2440;2995
P174063903;P174063903_3;C;4400;0;0;6600;2400;2995
P174063903;P174063903_4;D;6600;40;0;8800;2440;2995
P174063903;P174063903_5;E;8800;0;0;11000;2400;2995
P174063903;P174063903_6;F;11000;40;0;13200;2440;2995
P174064009;P174064009_1;A;0;0;0;1670;1200;2995
P174064009;P174064009_2;B;0;1240;0;1670;2440;2995
P174064009;P174064009_3;C;1670;0;0;3870;2400;2935
P174064009;P174064009_4;D;3870;0;0;6070;2400;2995
P174064009;P174064009_5;E;6070;0;0;8270;2400;2995
P174064009;P174064009_6;F;8270;0;0;10470;2400;2995
P174064009;P174064009_7;G;10470;0;0;12670;2400;2995
P174064007;P174064007_1;A;0;0;0;2200;2400;2995
P174064007;P174064007_2;B;2200;40;0;4400;2440;2995
P174064007;P174064007_3;C;4400;0;0;6600;2400;2935
P174064007;P174064007_4;D;6600;0;0;8800;2400;2995
P174064007;P174064007_5;E;8800;0;0;11000;2400;2995
P174064007;P174064007_6;F;11000;0;0;13200;2400;2995
P174064005;P174064005_1;A;0;0;0;2200;2400;2995
P174064005;P174064005_2;B;2200;40;0;4400;2440;2995
P174064005;P174064005_3;C;4400;0;0;6600;2400;2995
P174064005;P174064005_4;D;6600;40;0;8800;2440;2995
P174064005;P174064005_5;E;8800;0;0;11000;2400;2995
P174064005;P174064005_6;F;11000;40;0;13200;2440;2995
P174064001;P174064001_1;A;0;0;0;1670;1200;2995
P174064001;P174064001_2;B;1670;0;0;3870;2400;2995
P174064001;P174064001_3;C;3870;0;0;6070;2400;2995
P174064001;P174064001_4;D;6070;0;0;8270;2400;2935
P174064001;P174064001_5;E;8270;0;0;10470;2400;2995
P174064001;P174064001_6;F;10470;0;0;12670;2400;2995
P173064013;P173064013_1;A;0;0;0;2200;2400;2995
P173064013;P173064013_2;B;2200;40;0;4400;2440;2995
P173064013;P173064013_3;C;4400;0;0;6600;2400;2995
P173064013;P173064013_4;D;6600;0;0;8800;2400;2995
P173064013;P173064013_5;E;8800;0;0;11000;2400;2995
P173064013;P173064013_6;F;11000;0;0;13200;2400;2995
P173063903;P173063903_1;A;0;0;0;2200;2400;2995
P173063903;P173063903_2;B;2200;40;0;4400;2440;2995
P173063903;P173063903_3;C;4400;0;0;6600;2400;2995
P173063903;P173063903_4;D;6600;40;0;8800;2440;2995
P173063903;P173063903_5;E;8800;0;0;11000;2400;2995
P173063903;P173063903_6;F;11000;40;0;13200;2440;2995
P173064009;P173064009_1;A;0;0;0;2200;2400;2935
P173064009;P173064009_2;B;2200;0;0;4400;2400;2935
P173064009;P173064009_3;C;4400;0;0;6600;2400;2995
P173064009;P173064009_4;D;6600;0;0;8800;2400;2995
P173064009;P173064009_5;E;8800;0;0;11000;2400;2995
P173064009;P173064009_6;F;11000;0;0;13200;2400;2995
P173064007;P173064007_1;A;0;0;0;1670;1200;2995
P173064007;P173064007_2;B;0;1240;0;1670;2440;2995
P173064007;P173064007_3;C;1670;0;0;3870;2400;2995
P173064007;P173064007_4;D;3870;0;0;6070;2400;2995
P173064007;P173064007_5;E;6070;0;0;8270;2400;2995
P173064007;P173064007_6;F;8270;0;0;10470;2400;2995
P173064007;P173064007_7;G;10470;0;0;12670;2400;2995
P173064005;P173064005_1;A;0;0;0;2200;2400;2995
P173064005;P173064005_2;B;2200;40;0;4400;2440;2995
P173064005;P173064005_3;C;4400;0;0;6600;2400;2995
P173064005;P173064005_4;D;6600;0;0;8800;2400;2935
P173064005;P173064005_5;E;8800;0;0;11000;2400;2995
P173064005;P173064005_6;F;11000;0;0;13200;2400;2995
P173064003;P173064003_1;A;0;0;0;1010;1206;1085
P173064003;P173064003_2;B;0;1240;0;1670;2440;2995
P173064003;P173064003_3;C;1670;0;0;3870;2400;2995
P173064003;P173064003_4;D;3870;0;0;6070;2400;2995
P173064003;P173064003_5;E;6070;0;0;8270;2400;2995
P173064003;P173064003_6;F;8270;0;0;10470;2400;2995
P173064003;P173064003_7;G;10470;0;0;12670;2400;2995
P172064013;P172064013_1;A;0;0;0;2200;2400;2995
P172064013;P172064013_2;B;2200;0;0;4400;2400;2995
P172064013;P172064013_3;C;4400;0;0;6600;2400;2995
P172064013;P172064013_4;D;6600;0;0;8800;2400;2995
P172064013;P172064013_5;E;8800;0;0;11000;2400;2995
P172064013;P172064013_6;F;11000;0;0;13200;2400;2995
P172064011;P172064011_1;A;0;0;0;2200;2400;2995
P172064011;P172064011_2;B;2200;40;0;4400;2440;2995
P172064011;P172064011_3;C;4400;0;0;6600;2400;2995
P172064011;P172064011_4;D;6600;0;0;8800;2400;2995
P172064011;P172064011_5;E;8800;0;0;11000;2400;2995
P172064011;P172064011_6;F;11000;0;0;13200;2400;2995
P172063903;P172063903_1;A;0;40;0;2200;2440;2995
P172063903;P172063903_2;B;2200;0;0;4400;2400;2995
P172063903;P172063903_3;C;4400;40;0;6600;2440;2995
P172063903;P172063903_4;D;6600;0;0;8800;2400;2995
P172063903;P172063903_5;E;8800;40;0;11000;2440;2995
P172063903;P172063903_6;F;11000;0;0;13200;2400;2995
P172064009;P172064009_1;A;0;0;0;1010;1206;970
P172064009;P172064009_2;B;0;1240;0;1670;2440;2995
P172064009;P172064009_3;C;1010;0;0;2680;1200;2995
P172064009;P172064009_4;D;1670;1240;0;3340;2440;1520
P172064009;P172064009_5;E;3340;0;0;5540;2400;2935
P172064009;P172064009_6;F;5540;0;0;7740;2400;2935
P172064009;P172064009_7;G;7740;0;0;9940;2400;2995
P172064009;P172064009_8;H;9940;0;0;12140;2400;2995
P172064007;P172064007_1;A;0;40;0;2200;2440;2995
P172064007;P172064007_2;B;2200;0;0;4400;2400;2995
P172064007;P172064007_3;C;4400;40;0;6600;2440;2995
P172064007;P172064007_4;D;6600;0;0;8800;2400;2995
P172064007;P172064007_5;E;8800;0;0;11000;2400;2995
P172064007;P172064007_6;F;11000;0;0;13200;2400;2995
P172064005;P172064005_1;A;0;0;0;2200;2400;2935
P172064005;P172064005_2;B;2200;0;0;4400;2400;2995
P172064005;P172064005_3;C;4400;0;0;6600;2400;2995
P172064005;P172064005_4;D;6600;0;0;8800;2400;2995
P172064005;P172064005_5;E;8800;0;0;11000;2400;2995
P172064005;P172064005_6;F;11000;0;0;13200;2400;2995
P172064003;P172064003_1;A;0;0;0;1010;1206;2910
P172064003;P172064003_2;B;0;1234;0;1010;2440;485
P172064003;P172064003_3;C;1010;0;0;3210;2400;2995
P172064003;P172064003_4;D;3210;0;0;5410;2400;2995
P172064003;P172064003_5;E;5410;0;0;7610;2400;2995
P172064003;P172064003_6;F;7610;0;0;9810;2400;2995
P172064003;P172064003_7;G;9810;0;0;12010;2400;2995
P172064003;P172064003_8;H;12010;0;0;13210;1670;1520
P171064013;P171064013_1;A;0;40;0;2200;2440;2995
P171064013;P171064013_2;B;2200;0;0;4400;2400;2995
P171064013;P171064013_3;C;4400;40;0;6600;2440;2995
P171064013;P171064013_4;D;6600;0;0;8800;2400;2995
P171064013;P171064013_5;E;8800;0;0;11000;2400;2995
P171064013;P171064013_6;F;11000;0;0;13200;2400;2995
P171063903;P171063903_1;A;0;0;0;2200;2400;2935
P171063903;P171063903_2;B;2200;0;0;4400;2400;2995
P171063903;P171063903_3;C;4400;0;0;6600;2400;2995
P171063903;P171063903_4;D;6600;0;0;8800;2400;2995
P171063903;P171063903_5;E;8800;0;0;11000;2400;2995
P171063903;P171063903_6;F;11000;0;0;13200;2400;2995
P171064009;P171064009_1;A;0;0;0;2200;2400;2995
P171064009;P171064009_2;B;2200;40;0;4400;2440;2995
P171064009;P171064009_3;C;4400;0;0;6600;2400;2995
P171064009;P171064009_4;D;6600;40;0;8800;2440;2995
P171064009;P171064009_5;E;8800;0;0;11000;2400;2995
P171064009;P171064009_6;F;11000;40;0;13200;2440;2995
P171064007;P171064007_1;A;0;0;0;1670;1200;2995
P171064007;P171064007_2;B;0;1240;0;1670;2440;2995
P171064007;P171064007_3;C;1670;0;0;3870;2400;2935
P171064007;P171064007_4;D;3870;0;0;6070;2400;2995
P171064007;P171064007_5;E;6070;0;0;8270;2400;2995
P171064007;P171064007_6;F;8270;0;0;10470;2400;2995
P171064007;P171064007_7;G;10470;0;0;12670;2400;2995
P171064005;P171064005_1;A;0;0;0;2200;2400;2935
P171064005;P171064005_2;B;2200;0;0;4400;2400;2995
P171064005;P171064005_3;C;4400;0;0;6600;2400;2935
P171064005;P171064005_4;D;6600;0;0;8800;2400;2995
P171064005;P171064005_5;E;8800;0;0;11000;2400;2995
P171064005;P171064005_6;F;11000;0;0;13200;2400;2995
P171064001;P171064001_1;A;0;0;0;2200;2400;2995
P171064001;P171064001_2;B;2200;40;0;4400;2440;2995
P171064001;P171064001_3;C;4400;0;0;6600;2400;2995
P171064001;P171064001_4;D;6600;40;0;8800;2440;2995
P171064001;P171064001_5;E;8800;0;0;11000;2400;2995
P171064001;P171064001_6;F;11000;40;0;13200;2440;2995
P170064013;P170064013_1;A;0;0;0;2200;2400;2935
P170064013;P170064013_2;B;2200;0;0;4400;2400;2995
P170064013;P170064013_3;C;4400;0;0;6600;2400;2995
P170064013;P170064013_4;D;6600;0;0;8800;2400;2995
P170064013;P170064013_5;E;8800;0;0;11000;2400;2995
P170064013;P170064013_6;F;11000;1240;0;12670;2440;2995
P170064013;P170064013_7;G;11000;0;0;12670;1200;2995
P170064011;P170064011_1;A;0;0;0;2200;2400;2995
P170064011;P170064011_2;B;2200;40;0;4400;2440;2995
P170064011;P170064011_3;C;4400;0;0;6600;2400;2995
P170064011;P170064011_4;D;6600;40;0;8800;2440;2995
P170064011;P170064011_5;E;8800;0;0;11000;2400;2995
P170064011;P170064011_6;F;11000;0;0;13200;2400;2995
P170063903;P170063903_1;A;0;0;0;2200;2400;2995
P170063903;P170063903_2;B;2200;0;0;4400;2400;2995
P170063903;P170063903_3;C;4400;0;0;6600;2400;2995
P170063903;P170063903_4;D;6600;0;0;8800;2400;2995
P170063903;P170063903_5;E;8800;0;0;11000;2400;2995
P170063903;P170063903_6;F;11000;0;0;13200;2400;2995
P170064009;P170064009_1;A;0;0;0;2200;2400;2935
P170064009;P170064009_2;B;2200;0;0;4400;2400;2995
P170064009;P170064009_3;C;4400;0;0;6600;2400;2995
P170064009;P170064009_4;D;6600;0;0;8800;2400;2995
P170064009;P170064009_5;E;8800;0;0;11000;2400;2995
P170064009;P170064009_6;F;11000;0;0;13200;2400;2995
P168063951;P168063951_1;A;0;0;0;2200;2400;2995
P168063951;P168063951_2;B;2200;40;0;4400;2440;2995
P168063951;P168063951_3;C;4400;0;0;6600;2400;2995
P168063951;P168063951_4;D;6600;40;0;8800;2440;2995
P168063951;P168063951_5;E;8800;0;0;11000;2400;2995
P168063951;P168063951_6;F;11000;1240;0;12670;2440;2995
P168063951;P168063951_7;G;11000;0;0;12670;1200;1520
P168063953;P168063953_1;A;0;0;0;2200;2400;2935
P168063953;P168063953_2;B;2200;0;0;4400;2400;2995
P168063953;P168063953_3;C;4400;0;0;6600;2400;2995
P168063953;P168063953_4;D;6600;0;0;8800;2400;2995
P168063953;P168063953_5;E;8800;0;0;11000;2400;2995
P168063953;P168063953_6;F;11000;0;0;13200;2400;2995
P168064005;P168064005_1;A;0;0;0;2200;2400;2995
P168064005;P168064005_2;B;2200;40;0;4400;2440;2995
P168064005;P168064005_3;C;4400;0;0;6600;2400;2995
P168064005;P168064005_4;D;6600;40;0;8800;2440;2995
P168064005;P168064005_5;E;8800;0;0;11000;2400;2995
P168064005;P168064005_6;F;11000;40;0;13200;2440;2995
P167064013;P167064013_1;A;0;0;0;2200;2400;2995
P167064013;P167064013_2;B;2200;40;0;4400;2440;2995
P167064013;P167064013_3;C;4400;0;0;6600;2400;2995
P167064013;P167064013_4;D;6600;0;0;8800;2400;2995
P167064013;P167064013_5;E;8800;0;0;11000;2400;2995
P167064013;P167064013_6;F;11000;0;0;13200;2400;2995
P167064011;P167064011_1;A;0;0;0;2200;2400;2935
P167064011;P167064011_2;B;2200;1240;0;3870;2440;2995
P167064011;P167064011_3;C;2200;0;0;3870;1200;2995
P167064011;P167064011_4;D;3870;0;0;6070;2400;2995
P167064011;P167064011_5;E;6070;0;0;8270;2400;2995
P167064011;P167064011_6;F;8270;0;0;10470;2400;2995
P167064011;P167064011_7;G;10470;0;0;12670;2400;2995
P167063903;P167063903_1;A;0;0;0;2200;2400;2995
P167063903;P167063903_2;B;2200;40;0;4400;2440;2995
P167063903;P167063903_3;C;4400;0;0;6600;2400;2995
P167063903;P167063903_4;D;6600;40;0;8800;2440;2995
P167063903;P167063903_5;E;8800;0;0;11000;2400;2995
P167063903;P167063903_6;F;11000;40;0;13200;2440;2995
P167064009;P167064009_1;A;0;0;0;2200;2400;2935
P167064009;P167064009_2;B;2200;0;0;4400;2400;2995
P167064009;P167064009_3;C;4400;0;0;6600;2400;2995
P167064009;P167064009_4;D;6600;0;0;8800;2400;2995
P167064009;P167064009_5;E;8800;0;0;11000;2400;2995
P167064009;P167064009_6;F;11000;0;0;13200;2400;2995
P167064007;P167064007_1;A;0;0;0;2200;2400;2995
P167064007;P167064007_2;B;2200;40;0;4400;2440;2995
P167064007;P167064007_3;C;4400;0;0;6600;2400;2995
P167064007;P167064007_4;D;6600;40;0;8800;2440;2995
P167064007;P167064007_5;E;8800;0;0;11000;2400;2995
P167064007;P167064007_6;F;11000;1240;0;12670;2440;2995
P167064007;P167064007_7;G;11000;0;0;12670;1200;2995
P167064005;P167064005_1;A;0;0;0;2200;2400;2995
P167064005;P167064005_2;B;2200;40;0;4400;2440;2995
P167064005;P167064005_3;C;4400;0;0;6600;2400;2995
P167064005;P167064005_4;D;6600;0;0;8800;2400;2935
P167064005;P167064005_5;E;8800;0;0;11000;2400;2995
P167064005;P167064005_6;F;11000;0;0;13200;2400;2995
P167064001;P167064001_1;A;0;0;0;2200;2400;2995
P167064001;P167064001_2;B;2200;40;0;4400;2440;2995
P167064001;P167064001_3;C;4400;0;0;6600;2400;2995
P167064001;P167064001_4;D;6600;40;0;8800;2440;2995
P167064001;P167064001_5;E;8800;0;0;11000;2400;2995
P167064001;P167064001_6;F;11000;40;0;13200;2440;2995
P166064013;P166064013_1;A;0;0;0;2200;2400;2995
P166064013;P166064013_2;B;2200;40;0;4400;2440;2995
P166064013;P166064013_3;C;4400;0;0;6600;2400;2995
P166064013;P166064013_4;D;6600;0;0;8800;2400;2995
P166064013;P166064013_5;E;8800;0;0;11000;2400;2995
P166064013;P166064013_6;F;11000;0;0;13200;2400;2995
P166064011;P166064011_1;A;0;0;0;2200;2400;2935
P166064011;P166064011_2;B;2200;0;0;4400;2400;2995
P166064011;P166064011_3;C;4400;0;0;6600;2400;2995
P166064011;P166064011_4;D;6600;0;0;8800;2400;2995
P166064011;P166064011_5;E;8800;0;0;11000;2400;2995
P166064011;P166064011_6;F;11000;0;0;13200;2400;2995
P166063903;P166063903_1;A;0;0;0;2200;2400;2995
P166063903;P166063903_2;B;2200;40;0;4400;2440;2995
P166063903;P166063903_3;C;4400;0;0;6600;2400;2995
P166063903;P166063903_4;D;6600;40;0;8800;2440;2995
P166063903;P166063903_5;E;8800;0;0;11000;2400;2995
P166063903;P166063903_6;F;11000;40;0;13200;2440;2995
P166064009;P166064009_1;A;0;0;0;2200;2400;2935
P166064009;P166064009_2;B;2200;0;0;4400;2400;2995
P166064009;P166064009_3;C;4400;0;0;6600;2400;2995
P166064009;P166064009_4;D;6600;1240;0;8270;2440;2995
P166064009;P166064009_5;E;6600;0;0;8270;1200;2995
P166064009;P166064009_6;F;8270;0;0;10470;2400;2995
P166064009;P166064009_7;G;10470;0;0;12670;2400;2995
P166064007;P166064007_1;A;0;0;0;2200;2400;2995
P166064007;P166064007_2;B;2200;40;0;4400;2440;2995
P166064007;P166064007_3;C;4400;0;0;6600;2400;2995
P166064007;P166064007_4;D;6600;40;0;8800;2440;2995
P166064007;P166064007_5;E;8800;0;0;11000;2400;2995
P166064007;P166064007_6;F;11000;0;0;13200;2400;2995
P166064005;P166064005_1;A;0;0;0;2200;2400;2995
P166064005;P166064005_2;B;2200;0;0;4400;2400;2935
P166064005;P166064005_3;C;4400;0;0;6600;2400;2995
P166064005;P166064005_4;D;6600;0;0;8800;2400;2995
P166064005;P166064005_5;E;8800;0;0;11000;2400;2995
P166064005;P166064005_6;F;11000;0;0;13200;2400;2995
P166064003;P166064003_1;A;0;0;0;1010;1206;2170
P166064003;P166064003_2;B;0;1240;0;1670;2440;2995
P166064003;P166064003_3;C;1670;0;0;3870;2400;2995
P166064003;P166064003_4;D;3870;0;0;6070;2400;2995
P166064003;P166064003_5;E;6070;0;0;8270;2400;2995
P166064003;P166064003_6;F;8270;0;0;10470;2400;2995
P166064003;P166064003_7;G;10470;0;0;12670;2400;2995
P165064013;P165064013_1;A;0;0;0;2200;2400;2995
P165064013;P165064013_2;B;2200;40;0;4400;2440;2995
P165064013;P165064013_3;C;4400;0;0;6600;2400;2995
P165064013;P165064013_4;D;6600;0;0;8800;2400;2995
P165064013;P165064013_5;E;8800;0;0;11000;2400;2995
P165064013;P165064013_6;F;11000;0;0;13200;2400;2995
Q165064013_1;Q165064013_1_1;A;0;0;0;2200;2400;2995
Q165064013_1;Q165064013_1_2;B;2200;0;0;4400;2400;2995
Q165064013_1;Q165064013_1_3;C;4400;0;0;6600;2400;2935
Q165064013_1;Q165064013_1_4;D;6600;0;0;8800;2400;2995
Q165064013_1;Q165064013_1_5;E;8800;0;0;11000;2400;2995
Q165064013_1;Q165064013_1_6;F;11000;0;0;13200;2400;2995
P165064011;P165064011_1;A;0;0;0;2200;2400;2995
P165064011;P165064011_2;B;2200;40;0;4400;2440;2995
P165064011;P165064011_3;C;4400;0;0;6600;2400;2995
P165064011;P165064011_4;D;6600;40;0;8800;2440;2995
P165064011;P165064011_5;E;8800;0;0;11000;2400;2995
P165064011;P165064011_6;F;11000;40;0;13200;2440;2995
Q165064011_1;Q165064011_1_1;A;0;0;0;2200;2400;1490
Q165064011_1;Q165064011_1_2;B;2200;0;0;4400;2400;2995
Q165064011_1;Q165064011_1_3;C;4400;0;0;6600;2400;2995
Q165064011_1;Q165064011_1_4;D;6600;1240;0;8270;2440;2995
Q165064011_1;Q165064011_1_5;E;8270;0;0;10470;2400;2995
Q165064011_1;Q165064011_1_6;F;10470;0;0;12670;2400;2995
Q165064011_2;Q165064011_2_1;A;0;0;0;2200;2400;2995
Q165064011_2;Q165064011_2_2;B;2200;0;0;4400;2400;2995
Q165064011_2;Q165064011_2_3;C;4400;0;0;6600;2400;2995
P240063909;P240063909_1;A;0;0;0;1670;1200;2995
P240063909;P240063909_2;B;0;1240;0;1670;2440;2995
P240063909;P240063909_3;C;1670;1240;0;3340;2440;2995
P240063909;P240063909_4;D;1670;0;0;3340;1200;2995
P240063909;P240063909_5;E;3340;0;0;5010;1200;2995
P240063909;P240063909_6;F;3340;1240;0;5010;2440;2995
P240063909;P240063909_7;G;5010;1240;0;6680;2440;2995
P240063909;P240063909_8;H;5010;0;0;6680;1200;2995
P240063909;P240063909_9;I;6680;0;0;8350;1200;2995
P240063909;P240063909_10;J;6680;1240;0;8350;2440;2995
P240063909;P240063909_11;K;8350;1240;0;10020;2440;2995
P240063909;P240063909_12;L;8350;0;0;10020;1200;2995
P240063909;P240063909_13;M;10020;0;0;11690;1200;2995
P240063909;P240063909_14;N;10020;1240;0;11690;2440;2995
P240063909;P240063909_15;O;11690;1240;0;13360;2440;2995
P240063909;P240063909_16;P;11690;0;0;13360;1200;2995
Q240063909_1;Q240063909_1_1;A;0;0;0;1670;1200;2995
Q240063909_1;Q240063909_1_2;B;0;1240;0;1670;2440;2995
Q240063909_1;Q240063909_1_3;C;1670;1240;0;3340;2440;2995
Q240063909_1;Q240063909_1_4;D;1670;0;0;3340;1200;2995
Q240063909_1;Q240063909_1_5;E;3340;0;0;5010;1200;2995
Q240063909_1;Q240063909_1_6;F;3340;1240;0;5010;2440;2995
Q240063909_1;Q240063909_1_7;G;5010;1240;0;6680;2440;2995
Q240063909_1;Q240063909_1_8;H;5010;0;0;6680;1200;2995
Q240063909_1;Q240063909_1_9;I;6680;0;0;8350;1200;2995
Q240063909_1;Q240063909_1_10;J;6680;1240;0;8350;2440;2995
Q240063909_1;Q240063909_1_11;K;8350;1240;0;10020;2440;2995
Q240063909_1;Q240063909_1_12;L;8350;0;0;10020;1200;1520
P240063903;P240063903_1;A;0;0;0;2200;2400;2995
P240063903;P240063903_2;B;2200;0;0;4400;2400;2995
P240063903;P240063903_3;C;4400;0;0;6600;2400;2995
P240063903;P240063903_4;D;6600;0;0;8800;2400;2995
P240063903;P240063903_5;E;8800;0;0;11000;2400;2995
P240063903;P240063903_6;F;11000;0;0;13200;2400;2995
Q240063903_1;Q240063903_1_1;A;0;0;0;2200;2400;2995
Q240063903_1;Q240063903_1_2;B;2200;0;0;4400;2400;2995
Q240063903_1;Q240063903_1_3;C;4400;0;0;6600;2400;2995
Q240063903_1;Q240063903_1_4;D;6600;0;0;8800;2400;2995
Q240063903_1;Q240063903_1_5;E;8800;0;0;11000;2400;2995
Q240063903_1;Q240063903_1_6;F;11000;0;0;13200;2400;2995
P240064009;P240064009_1;A;0;0;0;1670;1200;2995
P240064009;P240064009_2;B;0;1200;0;1670;2400;2995
P240064009;P240064009_3;C;1670;0;0;3870;2400;2935
P240064009;P240064009_4;D;3870;0;0;6070;2400;2995
P240064009;P240064009_5;E;6070;0;0;8270;2400;2995
P240064009;P240064009_6;F;8270;0;0;10470;2400;2995
P240064009;P240064009_7;G;10470;0;0;12670;2400;2995
P210064007;P210064007_1;A;0;0;0;2200;2400;2995
P210064007;P210064007_2;B;2200;40;0;4400;2440;2995
P210064007;P210064007_3;C;4400;0;0;6600;2400;2995
P210064007;P210064007_4;D;6600;40;0;8800;2440;2995
P210064007;P210064007_5;E;8800;0;0;11000;2400;2995
P210064007;P210064007_6;F;11000;0;0;13200;2400;2995
P210064005;P210064005_1;A;0;0;0;2200;2400;2995
P210064005;P210064005_2;B;2200;0;0;4400;2400;2995
P210064005;P210064005_3;C;4400;0;0;6600;2400;2995
P210064005;P210064005_4;D;6600;0;0;8800;2400;2995
P210064005;P210064005_5;E;8800;0;0;11000;2400;2995
P210064005;P210064005_6;F;11000;0;0;13200;2400;2995
P210064001;P210064001_1;A;0;0;0;2200;2400;2995
P210064001;P210064001_2;B;2200;0;0;4400;2400;1490
P210064001;P210064001_3;C;4400;0;0;6600;2400;2995
P210064001;P210064001_4;D;6600;0;0;8800;2400;2995
P210064001;P210064001_5;E;8800;0;0;11000;2400;2995
P210064001;P210064001_6;F;11000;0;0;13200;2400;2995
P209063909;P209063909_1;A;0;0;0;1670;1200;2995
P209063909;P209063909_2;B;0;1240;0;1670;2440;2995
P209063909;P209063909_3;C;1670;1240;0;3340;2440;2995
P209063909;P209063909_4;D;1670;0;0;3340;1200;2995
P209063909;P209063909_5;E;3340;0;0;5010;1200;2995
P209063909;P209063909_6;F;3340;1240;0;5010;2440;2995
P209063909;P209063909_7;G;5010;1240;0;6680;2440;2995
P209063909;P209063909_8;H;5010;0;0;6680;1200;2995
P209063909;P209063909_9;I;6680;0;0;8350;1200;2995
P209063909;P209063909_10;J;6680;1240;0;8350;2440;2995
P209063909;P209063909_11;K;8350;1240;0;10020;2440;2995
P209063909;P209063909_12;L;8350;0;0;10020;1200;2995
P209063909;P209063909_13;M;10020;0;0;11690;1200;2995
P209063909;P209063909_14;N;10020;1240;0;11690;2440;2995
P209063909;P209063909_15;O;11690;1240;0;13360;2440;2995
P209063909;P209063909_16;P;11690;0;0;13360;1200;2995
P209064013;P209064013_1;A;0;0;0;1670;1200;2995
P209064013;P209064013_2;B;1670;0;0;3870;2400;2995
P209064013;P209064013_3;C;3870;0;0;6070;2400;2995
P209064013;P209064013_4;D;6070;0;0;8270;2400;2995
P209064013;P209064013_5;E;8270;0;0;10470;2400;2995
P209064013;P209064013_6;F;10470;0;0;12670;2400;2995
P209064011;P209064011_1;A;0;0;0;2200;2400;2995
P209064011;P209064011_2;B;2200;0;0;4400;2400;2995
P209064011;P209064011_3;C;4400;0;0;6600;2400;2995
P209064011;P209064011_4;D;6600;0;0;8800;2400;2995
P209064011;P209064011_5;E;8800;0;0;11000;2400;2995
P209064011;P209064011_6;F;11000;0;0;13200;2400;2995
P209063903;P209063903_1;A;0;0;0;2200;2400;2935
P209063903;P209063903_2;B;2200;0;0;4400;2400;2995
P209063903;P209063903_3;C;4400;0;0;6600;2400;2995
P209063903;P209063903_4;D;6600;0;0;8800;2400;2995
P209063903;P209063903_5;E;8800;0;0;11000;2400;2995
P209063903;P209063903_6;F;11000;0;0;13200;2400;2995
P209063919;P209063919_1;A;0;0;0;1670;1200;2995
P209063919;P209063919_2;B;0;1200;0;1670;2400;2995
P209063919;P209063919_3;C;1670;1240;0;3340;2440;2995
P209063919;P209063919_4;D;1670;0;0;3340;1200;2995
P209063919;P209063919_5;E;3340;0;0;5010;1200;2995
P209063919;P209063919_6;F;3340;1200;0;5010;2400;2995
P209063919;P209063919_7;G;5010;1240;0;6680;2440;2995
P209063919;P209063919_8;H;5010;0;0;6680;1200;2995
P209063919;P209063919_9;I;6680;0;0;8350;1200;2995
P209063919;P209063919_10;J;6680;1240;0;8350;2440;2995
P209063919;P209063919_11;K;8350;1240;0;10020;2440;2995
P209063919;P209063919_12;L;8350;0;0;10020;1200;2995
P209063919;P209063919_13;M;10020;0;0;11690;1200;2995
P209063919;P209063919_14;N;10020;1240;0;11690;2440;2995
P209063919;P209063919_15;O;11690;1240;0;13360;2440;2995
P209063919;P209063919_16;P;11690;0;0;13360;1200;2995
P209064009;P209064009_1;A;0;0;0;2200;2400;2995
P209064009;P209064009_2;B;2200;0;0;4400;2400;2995
P209064009;P209064009_3;C;4400;0;0;6070;1200;2995
P209064009;P209064009_4;D;4400;1240;0;6070;2440;1520
P209064009;P209064009_5;E;6070;0;0;8270;2400;2995
P209064009;P209064009_6;F;8270;0;0;10470;2400;2995
P209064009;P209064009_7;G;10470;0;0;12670;2400;2995
P209064007;P209064007_1;A;0;0;0;2200;2400;2995
P209064007;P209064007_2;B;2200;0;0;4400;2400;2995
P209064007;P209064007_3;C;4400;0;0;6600;2400;2995
P209064007;P209064007_4;D;6600;0;0;8800;2400;2995
P209064007;P209064007_5;E;8800;0;0;11000;2400;2995
P209064007;P209064007_6;F;11000;0;0;13200;2400;2995
P209064005;P209064005_1;A;0;0;0;2200;2400;2995
P209064005;P209064005_2;B;2200;0;0;4400;2400;2995
P209064005;P209064005_3;C;4400;0;0;6600;2400;2995
P209064005;P209064005_4;D;6600;0;0;8800;2400;2995
P209064005;P209064005_5;E;8800;0;0;11000;2400;2995
P209064005;P209064005_6;F;11000;0;0;13200;2400;2995
P209064001;P209064001_1;A;0;0;0;1670;1200;2995
P209064001;P209064001_2;B;0;1240;0;1670;2440;1520
P209064001;P209064001_3;C;1670;0;0;3870;2400;1490
P209064001;P209064001_4;D;3870;0;0;6070;2400;2995
P209064001;P209064001_5;E;6070;0;0;8270;2400;2995
P209064001;P209064001_6;F;8270;0;0;10470;2400;2995
P209064001;P209064001_7;G;10470;0;0;12670;2400;2995
P208063909;P208063909_1;A;0;0;0;1670;1200;2995
P208063909;P208063909_2;B;0;1200;0;1670;2400;2995
P208063909;P208063909_3;C;1670;1240;0;3340;2440;2995
P208063909;P208063909_4;D;1670;0;0;3340;1200;2995
P208063909;P208063909_5;E;3340;0;0;5010;1200;2995
P208063909;P208063909_6;F;3340;1200;0;5010;2400;2995
P208063909;P208063909_7;G;5010;1240;0;6680;2440;2995
P208063909;P208063909_8;H;5010;0;0;6680;1200;2995
P208063909;P208063909_9;I;6680;0;0;8350;1200;2995
P208063909;P208063909_10;J;6680;1200;0;8350;2400;2995
P208063909;P208063909_11;K;8350;1240;0;10020;2440;2995
P208063909;P208063909_12;L;8350;0;0;10020;1200;2995
P208063909;P208063909_13;M;10020;0;0;11690;1200;2995
P208063909;P208063909_14;N;10020;1240;0;11690;2440;2995
P208063909;P208063909_15;O;11690;1240;0;13360;2440;2995
P208063909;P208063909_16;P;11690;0;0;13360;1200;2995
P208064013;P208064013_1;A;0;0;0;2200;2400;2995
P208064013;P208064013_2;B;2200;0;0;4400;2400;2995
P208064013;P208064013_3;C;4400;0;0;6600;2400;2995
P208064013;P208064013_4;D;6600;0;0;8800;2400;2995
P208064013;P208064013_5;E;8800;0;0;11000;2400;2995
P208064013;P208064013_6;F;11000;0;0;13200;2400;2995
P208064011;P208064011_1;A;0;0;0;2200;2400;2995
P208064011;P208064011_2;B;2200;0;0;4400;2400;2995
P208064011;P208064011_3;C;4400;0;0;6600;2400;2995
P208064011;P208064011_4;D;6600;0;0;8800;2400;2995
P208064011;P208064011_5;E;8800;0;0;11000;2400;2995
P208064011;P208064011_6;F;11000;0;0;13200;2400;2995
P208063903;P208063903_1;A;0;0;0;2200;2400;1490
P208063903;P208063903_2;B;2200;0;0;4400;2400;2995
P208063903;P208063903_3;C;4400;0;0;6070;1200;2995
P208063903;P208063903_4;D;4400;1240;0;6070;2440;1520
P208063903;P208063903_5;E;6070;0;0;8270;2400;2995
P208063903;P208063903_6;F;8270;0;0;10470;2400;2995
P208063903;P208063903_7;G;10470;0;0;12670;2400;2995
P208063919;P208063919_1;A;0;0;0;1670;1200;2995
P208063919;P208063919_2;B;0;1200;0;1670;2400;2995
P208063919;P208063919_3;C;1670;1240;0;3340;2440;2995
P208063919;P208063919_4;D;1670;0;0;3340;1200;2995
P208063919;P208063919_5;E;3340;0;0;5010;1200;2995
P208063919;P208063919_6;F;3340;1240;0;5010;2440;2995
P208063919;P208063919_7;G;5010;1240;0;6680;2440;2995
P208063919;P208063919_8;H;5010;0;0;6680;1200;2995
P208063919;P208063919_9;I;6680;0;0;8350;1200;2995
P208063919;P208063919_10;J;6680;1240;0;8350;2440;2995
P208063919;P208063919_11;K;8350;1240;0;10020;2440;2995
P208063919;P208063919_12;L;8350;0;0;10020;1200;2995
P208063919;P208063919_13;M;10020;0;0;11690;1200;2995
P208063919;P208063919_14;N;10020;1240;0;11690;2440;2995
P208063919;P208063919_15;O;11690;1240;0;13360;2440;2995
P208063919;P208063919_16;P;11690;0;0;13360;1200;2995
P208064009;P208064009_1;A;0;0;0;2200;2400;2995
P208064009;P208064009_2;B;2200;0;0;4400;2400;2995
P208064009;P208064009_3;C;4400;0;0;6600;2400;2995
P208064009;P208064009_4;D;6600;0;0;8800;2400;2995
P208064009;P208064009_5;E;8800;0;0;11000;2400;2995
P208064009;P208064009_6;F;11000;0;0;13200;2400;2995
P208064007;P208064007_1;A;0;0;0;2200;2400;2995
P208064007;P208064007_2;B;2200;0;0;4400;2400;2995
P208064007;P208064007_3;C;4400;0;0;6600;2400;2995
P208064007;P208064007_4;D;6600;0;0;8800;2400;2995
P208064007;P208064007_5;E;8800;0;0;11000;2400;2995
P208064007;P208064007_6;F;11000;0;0;13200;2400;2995
P208064005;P208064005_1;A;0;0;0;2200;2400;2935
P208064005;P208064005_2;B;2200;0;0;4400;2400;2995
P208064005;P208064005_3;C;4400;0;0;6600;2400;2995
P208064005;P208064005_4;D;6600;1240;0;8270;2440;2995
P208064005;P208064005_5;E;8270;0;0;10470;2400;2995
P208064005;P208064005_6;F;10470;0;0;12670;2400;2995
P208064003;P208064003_1;A;0;0;0;1010;1206;1085
P208064003;P208064003_2;B;1010;0;0;3210;2400;2995
P208064003;P208064003_3;C;3210;0;0;5410;2400;2995
P208064003;P208064003_4;D;5410;0;0;7610;2400;2995
P208064003;P208064003_5;E;7610;0;0;9810;2400;2995
P208064003;P208064003_6;F;9810;0;0;12010;2400;2995
P207063909;P207063909_1;A;0;0;0;1670;1200;2995
P207063909;P207063909_2;B;0;1200;0;1670;2400;2995
P207063909;P207063909_3;C;1670;1240;0;3340;2440;2995
P207063909;P207063909_4;D;1670;0;0;3340;1200;2995
P207063909;P207063909_5;E;3340;0;0;5010;1200;2995
P207063909;P207063909_6;F;3340;1200;0;5010;2400;2995
P207063909;P207063909_7;G;5010;1240;0;6680;2440;2995
P207063909;P207063909_8;H;5010;0;0;6680;1200;2995
P207063909;P207063909_9;I;6680;0;0;8350;1200;2995
P207063909;P207063909_10;J;6680;1240;0;8350;2440;2995
P207063909;P207063909_11;K;8350;1240;0;10020;2440;2995
P207063909;P207063909_12;L;8350;0;0;10020;1200;2995
P207063909;P207063909_13;M;10020;0;0;11690;1200;2995
P207063909;P207063909_14;N;10020;1240;0;11690;2440;2995
P207063909;P207063909_15;O;11690;1240;0;13360;2440;2995
P207063909;P207063909_16;P;11690;0;0;13360;1200;2995
P207064013;P207064013_1;A;0;0;0;2200;2400;2995
P207064013;P207064013_2;B;2200;0;0;4400;2400;2995
P207064013;P207064013_3;C;4400;0;0;6600;2400;2995
P207064013;P207064013_4;D;6600;0;0;8800;2400;2995
P207064013;P207064013_5;E;8800;0;0;11000;2400;2995
P207064013;P207064013_6;F;11000;0;0;13200;2400;2995
P207064011;P207064011_1;A;0;0;0;2200;2400;2995
P207064011;P207064011_2;B;2200;0;0;4400;2400;2995
P207064011;P207064011_3;C;4400;0;0;6600;2400;2995
P207064011;P207064011_4;D;6600;0;0;8800;2400;2995
P207064011;P207064011_5;E;8800;0;0;11000;2400;2995
P207064011;P207064011_6;F;11000;0;0;13200;2400;2995
P207063903;P207063903_1;A;0;0;0;2200;2400;1490
P207063903;P207063903_2;B;2200;0;0;4400;2400;2995
P207063903;P207063903_3;C;4400;0;0;6070;1200;2995
P207063903;P207063903_4;D;4400;1240;0;6070;2440;1520
P207063903;P207063903_5;E;6070;0;0;8270;2400;2995
P207063903;P207063903_6;F;8270;0;0;10470;2400;2995
P207063903;P207063903_7;G;10470;0;0;12670;2400;2995
P207063919;P207063919_1;A;0;0;0;1670;1200;2995
P207063919;P207063919_2;B;0;1240;0;1670;2440;2995
P207063919;P207063919_3;C;1670;1240;0;3340;2440;2995
P207063919;P207063919_4;D;1670;0;0;3340;1200;2995
P207063919;P207063919_5;E;3340;0;0;5010;1200;2995
P207063919;P207063919_6;F;3340;1240;0;5010;2440;2995
P207063919;P207063919_7;G;5010;1240;0;6680;2440;2995
P207063919;P207063919_8;H;5010;0;0;6680;1200;2995
P207063919;P207063919_9;I;6680;0;0;8350;1200;2995
P207063919;P207063919_10;J;6680;1240;0;8350;2440;2995
P207063919;P207063919_11;K;8350;1240;0;10020;2440;2995
P207063919;P207063919_12;L;8350;0;0;10020;1200;2995
P207063919;P207063919_13;M;10020;0;0;11690;1200;2995
P207063919;P207063919_14;N;10020;1240;0;11690;2440;2995
P207063919;P207063919_15;O;11690;1240;0;13360;2440;2995
P207063919;P207063919_16;P;11690;0;0;13360;1200;2995
P207064009;P207064009_1;A;0;0;0;2200;2400;2995
P207064009;P207064009_2;B;2200;0;0;4400;2400;2995
P207064009;P207064009_3;C;4400;0;0;6600;2400;2995
P207064009;P207064009_4;D;6600;0;0;8800;2400;2995
P207064009;P207064009_5;E;8800;0;0;11000;2400;2995
P207064009;P207064009_6;F;11000;0;0;13200;2400;2995
P207064007;P207064007_1;A;0;0;0;2200;2400;2995
P207064007;P207064007_2;B;2200;0;0;4400;2400;2995
P207064007;P207064007_3;C;4400;0;0;6600;2400;2995
P207064007;P207064007_4;D;6600;0;0;8800;2400;2995
P207064007;P207064007_5;E;8800;0;0;11000;2400;2995
P207064007;P207064007_6;F;11000;0;0;13200;2400;2995
P207064005;P207064005_1;A;0;0;0;1670;1200;2995
P207064005;P207064005_2;B;0;1240;0;1670;2440;2995
P207064005;P207064005_3;C;1670;0;0;3870;2400;1490
P207064005;P207064005_4;D;3870;0;0;6070;2400;2995
P207064005;P207064005_5;E;6070;0;0;8270;2400;2995
P207064005;P207064005_6;F;8270;0;0;10470;2400;2995
P207064005;P207064005_7;G;10470;0;0;12670;2400;2995
P207064003;P207064003_1;A;0;0;0;1010;1206;1455
P207064003;P207064003_2;B;1010;0;0;3210;2400;2995
P207064003;P207064003_3;C;3210;0;0;5410;2400;2995
P207064003;P207064003_4;D;5410;0;0;7610;2400;2995
P207064003;P207064003_5;E;7610;0;0;9810;2400;2995
P207064003;P207064003_6;F;9810;0;0;12010;2400;2995
P206064013;P206064013_1;A;0;0;0;2200;2400;2995
P206064013;P206064013_2;B;2200;0;0;4400;2400;2995
P206064013;P206064013_3;C;4400;0;0;6600;2400;2995
P206064013;P206064013_4;D;6600;0;0;8800;2400;2995
P206064013;P206064013_5;E;8800;0;0;11000;2400;2995
P206064013;P206064013_6;F;11000;0;0;13200;2400;2995
P206064011;P206064011_1;A;0;0;0;2200;2400;2995
P206064011;P206064011_2;B;2200;0;0;4400;2400;2995
P206064011;P206064011_3;C;4400;0;0;6600;2400;2995
P206064011;P206064011_4;D;6600;0;0;8800;2400;2995
P206064011;P206064011_5;E;8800;0;0;11000;2400;2995
P206064011;P206064011_6;F;11000;0;0;13200;2400;2995
P206063903;P206063903_1;A;0;0;0;2200;2400;1490
P206063903;P206063903_2;B;2200;0;0;4400;2400;2995
P206063903;P206063903_3;C;4400;0;0;6070;1200;2995
P206063903;P206063903_4;D;4400;1240;0;6070;2440;1520
P206063903;P206063903_5;E;6070;0;0;8270;2400;2995
P206063903;P206063903_6;F;8270;0;0;10470;2400;2995
P206063903;P206063903_7;G;10470;0;0;12670;2400;2995
P206063919;P206063919_1;A;0;0;0;1670;1200;2995
P206063919;P206063919_2;B;0;1200;0;1670;2400;2995
P206063919;P206063919_3;C;1670;1240;0;3340;2440;2995
P206063919;P206063919_4;D;1670;0;0;3340;1200;2995
P206063919;P206063919_5;E;3340;0;0;5010;1200;2995
P206063919;P206063919_6;F;3340;1240;0;5010;2440;2995
P206063919;P206063919_7;G;5010;1240;0;6680;2440;2995
P206063919;P206063919_8;H;5010;0;0;6680;1200;2995
P206063919;P206063919_9;I;6680;0;0;8350;1200;2995
P206063919;P206063919_10;J;6680;1240;0;8350;2440;2995
P206063919;P206063919_11;K;8350;1240;0;10020;2440;2995
P206063919;P206063919_12;L;8350;0;0;10020;1200;2995
P206063919;P206063919_13;M;10020;0;0;11690;1200;2995
P206063919;P206063919_14;N;10020;1240;0;11690;2440;2995
P206063919;P206063919_15;O;11690;1240;0;13360;2440;2995
P206063919;P206063919_16;P;11690;0;0;13360;1200;2995
P206064009;P206064009_1;A;0;0;0;2200;2400;2995
P206064009;P206064009_2;B;2200;0;0;4400;2400;2995
P206064009;P206064009_3;C;4400;0;0;6600;2400;2995
P206064009;P206064009_4;D;6600;0;0;8800;2400;2995
P206064009;P206064009_5;E;8800;0;0;11000;2400;2995
P206064009;P206064009_6;F;11000;0;0;13200;2400;2995
P206064007;P206064007_1;A;0;0;0;2200;2400;2995
P206064007;P206064007_2;B;2200;0;0;4400;2400;2995
P206064007;P206064007_3;C;4400;0;0;6600;2400;2995
P206064007;P206064007_4;D;6600;0;0;8800;2400;2995
P206064007;P206064007_5;E;8800;0;0;11000;2400;2995
P206064007;P206064007_6;F;11000;0;0;13200;2400;2995
P206064005;P206064005_1;A;0;0;0;2200;2400;2935
P206064005;P206064005_2;B;2200;0;0;4400;2400;2995
P206064005;P206064005_3;C;4400;0;0;6600;2400;2995
P206064005;P206064005_4;D;6600;1240;0;8270;2440;2995
P206064005;P206064005_5;E;8270;0;0;10470;2400;2995
P206064005;P206064005_6;F;10470;0;0;12670;2400;2995
P206064001;P206064001_1;A;0;0;0;2200;2400;2995
P206064001;P206064001_2;B;2200;0;0;4400;2400;2995
P206064001;P206064001_3;C;4400;0;0;6600;2400;2995
P206064001;P206064001_4;D;6600;0;0;8800;2400;2995
P206064001;P206064001_5;E;8800;0;0;11000;2400;2995
P206064001;P206064001_6;F;11000;0;0;13200;2400;2995
P205063909;P205063909_1;A;0;0;0;1670;1200;2995
P205063909;P205063909_2;B;0;1200;0;1670;2400;2995
P205063909;P205063909_3;C;1670;1240;0;3340;2440;2995
P205063909;P205063909_4;D;1670;0;0;3340;1200;2995
P205063909;P205063909_5;E;3340;0;0;5010;1200;2995
P205063909;P205063909_6;F;3340;1200;0;5010;2400;2995
P205063909;P205063909_7;G;5010;1240;0;6680;2440;2995
P205063909;P205063909_8;H;5010;0;0;6680;1200;2995
P205063909;P205063909_9;I;6680;1240;0;8350;2440;2995
P205063909;P205063909_10;J;6680;0;0;8350;1200;2995
P205063909;P205063909_11;K;8350;0;0;10020;1200;2995
P205063909;P205063909_12;L;8350;1240;0;10020;2440;2995
P205063909;P205063909_13;M;10020;1240;0;11690;2440;2995
P205063909;P205063909_14;N;10020;0;0;11690;1200;2995
P205063909;P205063909_15;O;11690;0;0;13360;1200;2995
P205063909;P205063909_16;P;11690;1240;0;13360;2440;2995
P205064013;P205064013_1;A;0;0;0;2200;2400;2995
P205064013;P205064013_2;B;2200;0;0;4400;2400;2995
P205064013;P205064013_3;C;4400;0;0;6070;1200;2995
P205064013;P205064013_4;D;4400;1240;0;6070;2440;1520
P205064013;P205064013_5;E;6070;0;0;8270;2400;2995
P205064013;P205064013_6;F;8270;0;0;10470;2400;2995
P205064013;P205064013_7;G;10470;0;0;12670;2400;2995
P205064011;P205064011_1;A;0;0;0;2200;2400;2995
P205064011;P205064011_2;B;2200;0;0;4400;2400;2995
P205064011;P205064011_3;C;4400;0;0;6600;2400;2995
P205064011;P205064011_4;D;6600;0;0;8800;2400;2995
P205064011;P205064011_5;E;8800;0;0;11000;2400;2995
P205064011;P205064011_6;F;11000;0;0;13200;2400;2995
P205063903;P205063903_1;A;0;0;0;2200;2400;1490
P205063903;P205063903_2;B;2200;0;0;4400;2400;2995
P205063903;P205063903_3;C;4400;0;0;6600;2400;2995
P205063903;P205063903_4;D;6600;0;0;8800;2400;2995
P205063903;P205063903_5;E;8800;0;0;11000;2400;2995
P205063903;P205063903_6;F;11000;0;0;13200;2400;2995
P205063919;P205063919_1;A;0;0;0;1670;1200;2995
P205063919;P205063919_2;B;0;1200;0;1670;2400;2995
P205063919;P205063919_3;C;1670;1240;0;3340;2440;2995
P205063919;P205063919_4;D;1670;0;0;3340;1200;2995
P205063919;P205063919_5;E;3340;0;0;5010;1200;2995
P205063919;P205063919_6;F;3340;1200;0;5010;2400;2995
P205063919;P205063919_7;G;5010;1240;0;6680;2440;2995
P205063919;P205063919_8;H;5010;0;0;6680;1200;2995
P205063919;P205063919_9;I;6680;1240;0;8350;2440;2995
P205063919;P205063919_10;J;6680;0;0;8350;1200;2995
P205063919;P205063919_11;K;8350;0;0;10020;1200;2995
P205063919;P205063919_12;L;8350;1240;0;10020;2440;2995
P205063919;P205063919_13;M;10020;1240;0;11690;2440;2995
P205063919;P205063919_14;N;10020;0;0;11690;1200;2995
P205063919;P205063919_15;O;11690;0;0;13360;1200;2995
P205063919;P205063919_16;P;11690;1240;0;13360;2440;2995
P205064009;P205064009_1;A;0;0;0;2200;2400;2995
P205064009;P205064009_2;B;2200;0;0;4400;2400;2995
P205064009;P205064009_3;C;4400;0;0;6600;2400;2995
P205064009;P205064009_4;D;6600;0;0;8800;2400;2995
P205064009;P205064009_5;E;8800;0;0;10470;1200;2995
P205064009;P205064009_6;F;8800;1240;0;10470;2440;2995
P205064009;P205064009_7;G;10470;0;0;12670;2400;2995
P203064007;P203064007_1;A;0;0;0;2200;2400;2995
P203064007;P203064007_2;B;2200;0;0;4400;2400;2995
P203064007;P203064007_3;C;4400;0;0;6600;2400;2995
P203064007;P203064007_4;D;6600;0;0;8800;2400;2995
P203064007;P203064007_5;E;8800;0;0;11000;2400;2995
P203064007;P203064007_6;F;11000;0;0;13200;2400;2995
P203064005;P203064005_1;A;0;0;0;2200;2400;2995
P203064005;P203064005_2;B;2200;0;0;4400;2400;2995
P203064005;P203064005_3;C;4400;0;0;6600;2400;2995
P203064005;P203064005_4;D;6600;0;0;8800;2400;2995
P203064005;P203064005_5;E;8800;0;0;11000;2400;2995
P203064005;P203064005_6;F;11000;0;0;13200;2400;2995
Q203064005_1;Q203064005_1_1;A;0;0;0;2200;2400;2935
Q203064005_1;Q203064005_1_2;B;2200;0;0;4400;2400;2995
Q203064005_1;Q203064005_1_3;C;4400;0;0;6600;2400;2995
Q203064005_1;Q203064005_1_4;D;6600;0;0;8800;2400;2995
Q203064005_1;Q203064005_1_5;E;8800;0;0;11000;2400;2995
Q203064005_1;Q203064005_1_6;F;11000;0;0;13200;2400;2995
P203064001;P203064001_1;A;0;0;0;2200;2400;2995
P203064001;P203064001_2;B;2200;0;0;4400;2400;2995
P203064001;P203064001_3;C;4400;0;0;6600;2400;2995
P203064001;P203064001_4;D;6600;0;0;8800;2400;2995
P203064001;P203064001_5;E;8800;0;0;11000;2400;2995
P203064001;P203064001_6;F;11000;0;0;13200;2400;2995
Q203064001_1;Q203064001_1_1;A;0;0;0;2200;2400;2995
Q203064001_1;Q203064001_1_2;B;2200;0;0;4400;2400;2995
Q203064001_1;Q203064001_1_3;C;4400;0;0;6600;2400;2995
Q203064001_1;Q203064001_1_4;D;6600;0;0;8800;2400;2995
Q203064001_1;Q203064001_1_5;E;8800;0;0;10470;1200;2995
Q203064001_1;Q203064001_1_6;F;8800;1240;0;10470;2440;1520
Q203064001_1;Q203064001_1_7;G;10470;0;0;12670;2400;2995
P202063909;P202063909_1;A;0;0;0;1670;1200;2995
P202063909;P202063909_2;B;0;1200;0;1670;2400;2995
P202063909;P202063909_3;C;1670;1240;0;3340;2440;2995
P202063909;P202063909_4;D;1670;0;0;3340;1200;2995
P202063909;P202063909_5;E;3340;1240;0;5010;2440;2995
P202063909;P202063909_6;F;3340;0;0;5010;1200;2995
P202063909;P202063909_7;G;5010;0;0;6680;1200;2995
P202063909;P202063909_8;H;5010;1240;0;6680;2440;2995
P202063909;P202063909_9;I;6680;1240;0;8350;2440;2995
P202063909;P202063909_10;J;6680;0;0;8350;1200;2995
P202063909;P202063909_11;K;8350;0;0;10020;1200;2995
P202063909;P202063909_12;L;8350;1240;0;10020;2440;2995
P202063909;P202063909_13;M;10020;1240;0;11690;2440;2995
P202063909;P202063909_14;N;10020;0;0;11690;1200;2995
P202063909;P202063909_15;O;11690;0;0;13360;1200;2995
P202063909;P202063909_16;P;11690;1240;0;13360;2440;2995
P202064013;P202064013_1;A;0;0;0;2200;2400;2995
P202064013;P202064013_2;B;2200;0;0;4400;2400;2995
P202064013;P202064013_3;C;4400;0;0;6600;2400;2995
P202064013;P202064013_4;D;6600;0;0;8800;2400;2995
P202064013;P202064013_5;E;8800;0;0;11000;2400;2995
P202064013;P202064013_6;F;11000;0;0;13200;2400;2995
P202064011;P202064011_1;A;0;0;0;2200;2400;2995
P202064011;P202064011_2;B;2200;0;0;4400;2400;2995
P202064011;P202064011_3;C;4400;0;0;6600;2400;2995
P202064011;P202064011_4;D;6600;0;0;8800;2400;2995
P202064011;P202064011_5;E;8800;0;0;11000;2400;2995
P202064011;P202064011_6;F;11000;0;0;13200;2400;2995
P202063903;P202063903_1;A;0;0;0;1670;1200;2995
P202063903;P202063903_2;B;0;1240;0;1670;2440;1520
P202063903;P202063903_3;C;1670;0;0;3870;2400;2995
P202063903;P202063903_4;D;3870;0;0;6070;2400;2995
P202063903;P202063903_5;E;6070;0;0;8270;2400;2995
P202063903;P202063903_6;F;8270;0;0;10470;2400;2995
P202063903;P202063903_7;G;10470;0;0;12670;2400;2995
P202063919;P202063919_1;A;0;0;0;1670;1200;2995
P202063919;P202063919_2;B;0;1200;0;1670;2400;2995
P202063919;P202063919_3;C;1670;1240;0;3340;2440;2995
P202063919;P202063919_4;D;1670;0;0;3340;1200;2995
P202063919;P202063919_5;E;3340;0;0;5010;1200;2995
P202063919;P202063919_6;F;3340;1200;0;5010;2400;2995
P202063919;P202063919_7;G;5010;1240;0;6680;2440;2995
P202063919;P202063919_8;H;5010;0;0;6680;1200;2995
P202063919;P202063919_9;I;6680;0;0;8350;1200;2995
P202063919;P202063919_10;J;6680;1200;0;8350;2400;2995
P202063919;P202063919_11;K;8350;1240;0;10020;2440;2995
P202063919;P202063919_12;L;8350;0;0;10020;1200;2995
P202063919;P202063919_13;M;10020;1240;0;11690;2440;2995
P202063919;P202063919_14;N;10020;0;0;11690;1200;2995
P202063919;P202063919_15;O;11690;0;0;13360;1200;2995
P202063919;P202063919_16;P;11690;1240;0;13360;2440;2995
P202064009;P202064009_1;A;0;0;0;2200;2400;2935
P202064009;P202064009_2;B;2200;0;0;4400;2400;2995
P202064009;P202064009_3;C;4400;0;0;6600;2400;2995
P202064009;P202064009_4;D;6600;0;0;8800;2400;2995
P202064009;P202064009_5;E;8800;0;0;11000;2400;2995
P202064009;P202064009_6;F;11000;0;0;13200;2400;2995
P202064007;P202064007_1;A;0;0;0;2200;2400;2995
P202064007;P202064007_2;B;2200;0;0;4400;2400;2995
P202064007;P202064007_3;C;4400;0;0;6600;2400;2995
P202064007;P202064007_4;D;6600;0;0;8800;2400;2995
P202064007;P202064007_5;E;8800;0;0;11000;2400;2995
P202064007;P202064007_6;F;11000;0;0;13200;2400;2995
P202064005;P202064005_1;A;0;0;0;2200;2400;2995
P202064005;P202064005_2;B;2200;0;0;4400;2400;2995
P202064005;P202064005_3;C;4400;0;0;6600;2400;2995
P202064005;P202064005_4;D;6600;0;0;8800;2400;2995
P202064005;P202064005_5;E;8800;0;0;10470;1200;2995
P202064005;P202064005_6;F;8800;1240;0;10470;2440;1520
P202064005;P202064005_7;G;10470;0;0;12670;2400;2995
P202064001;P202064001_1;A;0;0;0;2200;2400;2995
P202064001;P202064001_2;B;2200;0;0;4400;2400;2995
P202064001;P202064001_3;C;4400;0;0;6600;2400;2995
P202064001;P202064001_4;D;6600;0;0;8800;2400;2995
P202064001;P202064001_5;E;8800;0;0;11000;2400;2995
P202064001;P202064001_6;F;11000;0;0;13200;2400;2995
P201063909;P201063909_1;A;0;0;0;1670;1200;2995
P201063909;P201063909_2;B;0;1200;0;1670;2400;2995
P201063909;P201063909_3;C;1670;1240;0;3340;2440;2995
P201063909;P201063909_4;D;1670;0;0;3340;1200;2995
P201063909;P201063909_5;E;3340;0;0;5010;1200;2995
P201063909;P201063909_6;F;3340;1200;0;5010;2400;2995
P201063909;P201063909_7;G;5010;1240;0;6680;2440;2995
P201063909;P201063909_8;H;5010;0;0;6680;1200;2995
P201063909;P201063909_9;I;6680;1240;0;8350;2440;2995
P201063909;P201063909_10;J;6680;0;0;8350;1200;2995
P201063909;P201063909_11;K;8350;0;0;10020;1200;2995
P201063909;P201063909_12;L;8350;1240;0;10020;2440;2995
P201063909;P201063909_13;M;10020;1240;0;11690;2440;2995
P201063909;P201063909_14;N;10020;0;0;11690;1200;2995
P201063909;P201063909_15;O;11690;0;0;13360;1200;2995
P201063909;P201063909_16;P;11690;1240;0;13360;2440;2995
P201064013;P201064013_1;A;0;0;0;2200;2400;2995
P201064013;P201064013_2;B;2200;0;0;4400;2400;2995
P201064013;P201064013_3;C;4400;0;0;6600;2400;2995
P201064013;P201064013_4;D;6600;0;0;8800;2400;2995
P201064013;P201064013_5;E;8800;0;0;11000;2400;2995
P201064013;P201064013_6;F;11000;0;0;13200;2400;2995
P201064011;P201064011_1;A;0;0;0;2200;2400;2995
P201064011;P201064011_2;B;2200;0;0;4400;2400;2995
P201064011;P201064011_3;C;4400;0;0;6600;2400;2995
P201064011;P201064011_4;D;6600;0;0;8800;2400;2995
P201064011;P201064011_5;E;8800;0;0;11000;2400;2995
P201064011;P201064011_6;F;11000;0;0;13200;2400;2995
P201063903;P201063903_1;A;0;0;0;2200;2400;2935
P201063903;P201063903_2;B;2200;0;0;4400;2400;2995
P201063903;P201063903_3;C;4400;0;0;6600;2400;2995
P201063903;P201063903_4;D;6600;0;0;8800;2400;2995
P201063903;P201063903_5;E;8800;0;0;11000;2400;2995
P201063903;P201063903_6;F;11000;1240;0;12670;2440;2995
P201063903;P201063903_7;G;11000;0;0;12670;1200;2995
P201063919;P201063919_1;A;0;0;0;1670;1200;2995
P201063919;P201063919_2;B;0;1200;0;1670;2400;2995
P201063919;P201063919_3;C;1670;1240;0;3340;2440;2995
P201063919;P201063919_4;D;1670;0;0;3340;1200;2995
P201063919;P201063919_5;E;3340;0;0;5010;1200;2995
P201063919;P201063919_6;F;3340;1200;0;5010;2400;2995
P201063919;P201063919_7;G;5010;1240;0;6680;2440;2995
P201063919;P201063919_8;H;5010;0;0;6680;1200;2995
P201063919;P201063919_9;I;6680;1240;0;8350;2440;2995
P201063919;P201063919_10;J;6680;0;0;8350;1200;2995
P201063919;P201063919_11;K;8350;0;0;10020;1200;2995
P201063919;P201063919_12;L;8350;1240;0;10020;2440;2995
P201063919;P201063919_13;M;10020;1240;0;11690;2440;2995
P201063919;P201063919_14;N;10020;0;0;11690;1200;2995
P201063919;P201063919_15;O;11690;0;0;13360;1200;2995
P201063919;P201063919_16;P;11690;1240;0;13360;2440;2995
P201064009;P201064009_1;A;0;0;0;2200;2400;2995
P201064009;P201064009_2;B;2200;0;0;4400;2400;2995
P201064009;P201064009_3;C;4400;0;0;6600;2400;2995
P201064009;P201064009_4;D;6600;0;0;8800;2400;2995
P201064009;P201064009_5;E;8800;0;0;11000;2400;2995
P201064009;P201064009_6;F;11000;0;0;13200;2400;2995
P201064007;P201064007_1;A;0;0;0;2200;2400;2995
P201064007;P201064007_2;B;2200;0;0;4400;2400;2995
P201064007;P201064007_3;C;4400;0;0;6600;2400;2995
P201064007;P201064007_4;D;6600;0;0;8800;2400;2995
P201064007;P201064007_5;E;8800;0;0;11000;2400;2995
P201064007;P201064007_6;F;11000;0;0;13200;2400;2995
Q201064007_1;Q201064007_1_1;A;0;0;0;2200;2400;2995
Q201064007_1;Q201064007_1_2;B;2200;0;0;4400;2400;2995
Q201064007_1;Q201064007_1_3;C;4400;0;0;6600;2400;2995
Q201064007_1;Q201064007_1_4;D;6600;0;0;8800;2400;2995
Q201064007_1;Q201064007_1_5;E;8800;0;0;11000;2400;2995
Q201064007_1;Q201064007_1_6;F;11000;0;0;13200;2400;2995
P201064005;P201064005_1;A;0;0;0;2200;2400;1490
P201064005;P201064005_2;B;2200;0;0;4400;2400;2995
P201064005;P201064005_3;C;4400;0;0;6600;2400;2995
P201064005;P201064005_4;D;6600;0;0;8800;2400;2995
P201064005;P201064005_5;E;8800;0;0;10470;1200;2995
P201064005;P201064005_6;F;8800;1240;0;10470;2440;1520
P201064005;P201064005_7;G;10470;0;0;12670;2400;2995
P201064003;P201064003_1;A;0;0;0;2200;2400;2995
P201064003;P201064003_2;B;2200;0;0;4400;2400;2995
P201064003;P201064003_3;C;4400;0;0;6600;2400;2995
P201064003;P201064003_4;D;6600;0;0;8800;2400;2995
P201064003;P201064003_5;E;8800;0;0;11000;2400;2995
P201064003;P201064003_6;F;11000;0;0;13200;2400;2995
P200063909;P200063909_1;A;0;0;0;1670;1200;2995
P200063909;P200063909_2;B;0;1200;0;1670;2400;2995
P200063909;P200063909_3;C;1670;1240;0;3340;2440;2995
P200063909;P200063909_4;D;1670;0;0;3340;1200;2995
P200063909;P200063909_5;E;3340;0;0;5010;1200;2995
P200063909;P200063909_6;F;3340;1240;0;5010;2440;2995
P200063909;P200063909_7;G;5010;1240;0;6680;2440;2995
P200063909;P200063909_8;H;5010;0;0;6680;1200;2995
P200063909;P200063909_9;I;6680;0;0;8350;1200;2995
P200063909;P200063909_10;J;6680;1240;0;8350;2440;2995
P200063909;P200063909_11;K;8350;1240;0;10020;2440;2995
P200063909;P200063909_12;L;8350;0;0;10020;1200;2995
P200063909;P200063909_13;M;10020;0;0;11690;1200;2995
P200063909;P200063909_14;N;10020;1240;0;11690;2440;2995
P200063909;P200063909_15;O;11690;1240;0;13360;2440;2995
P200063909;P200063909_16;P;11690;0;0;13360;1200;2995
P200064013;P200064013_1;A;0;0;0;2200;2400;2995
P200064013;P200064013_2;B;2200;0;0;4400;2400;2995
P200064013;P200064013_3;C;4400;0;0;6600;2400;2995
P200064013;P200064013_4;D;6600;0;0;8800;2400;2995
P200064013;P200064013_5;E;8800;0;0;11000;2400;2995
P200064013;P200064013_6;F;11000;0;0;13200;2400;2995
P200064011;P200064011_1;A;0;0;0;2200;2400;2995
P200064011;P200064011_2;B;2200;0;0;4400;2400;2995
P200064011;P200064011_3;C;4400;0;0;6600;2400;2995
P200064011;P200064011_4;D;6600;0;0;8800;2400;2995
P200064011;P200064011_5;E;8800;0;0;11000;2400;2995
P200064011;P200064011_6;F;11000;0;0;13200;2400;2995
P200063903;P200063903_1;A;0;0;0;2200;2400;2935
P200063903;P200063903_2;B;2200;0;0;4400;2400;2995
P200063903;P200063903_3;C;4400;0;0;6600;2400;2995
P200063903;P200063903_4;D;6600;0;0;8800;2400;2995
P200063903;P200063903_5;E;8800;0;0;11000;2400;2995
P200063903;P200063903_6;F;11000;1240;0;12670;2440;2995
P200063903;P200063903_7;G;11000;0;0;12670;1200;1520
P200063919;P200063919_1;A;0;0;0;1670;1200;2995
P200063919;P200063919_2;B;0;1200;0;1670;2400;2995
P200063919;P200063919_3;C;1670;1240;0;3340;2440;2995
P200063919;P200063919_4;D;1670;0;0;3340;1200;2995
P200063919;P200063919_5;E;3340;0;0;5010;1200;2995
P200063919;P200063919_6;F;3340;1200;0;5010;2400;2995
P200063919;P200063919_7;G;5010;1240;0;6680;2440;2995
P200063919;P200063919_8;H;5010;0;0;6680;1200;2995
P200063919;P200063919_9;I;6680;0;0;8350;1200;2995
P200063919;P200063919_10;J;6680;1240;0;8350;2440;2995
P200063919;P200063919_11;K;8350;1240;0;10020;2440;2995
P200063919;P200063919_12;L;8350;0;0;10020;1200;2995
P200063919;P200063919_13;M;10020;0;0;11690;1200;2995
P200063919;P200063919_14;N;10020;1240;0;11690;2440;2995
P200063919;P200063919_15;O;11690;1240;0;13360;2440;2995
P200063919;P200063919_16;P;11690;0;0;13360;1200;2995
P200064009;P200064009_1;A;0;0;0;2200;2400;2995
P200064009;P200064009_2;B;2200;0;0;4400;2400;2995
P200064009;P200064009_3;C;4400;0;0;6600;2400;2995
P200064009;P200064009_4;D;6600;0;0;8800;2400;2995
P200064009;P200064009_5;E;8800;0;0;11000;2400;2995
P200064009;P200064009_6;F;11000;0;0;13200;2400;2995
P200064007;P200064007_1;A;0;0;0;2200;2400;2995
P200064007;P200064007_2;B;2200;0;0;4400;2400;2995
P200064007;P200064007_3;C;4400;0;0;6600;2400;2995
P200064007;P200064007_4;D;6600;0;0;8800;2400;2995
P200064007;P200064007_5;E;8800;0;0;11000;2400;2995
P200064007;P200064007_6;F;11000;0;0;13200;2400;2995
P200064005;P200064005_1;A;0;0;0;2200;2400;2995
P200064005;P200064005_2;B;2200;0;0;4400;2400;2995
P200064005;P200064005_3;C;4400;0;0;6600;2400;2995
P200064005;P200064005_4;D;6600;0;0;8800;2400;2995
P200064005;P200064005_5;E;8800;0;0;11000;2400;2995
P200064005;P200064005_6;F;11000;0;0;13200;2400;2995
P200064003;P200064003_1;A;0;0;0;1010;1206;970
P200064003;P200064003_2;B;0;1240;0;1670;2440;2995
P200064003;P200064003_3;C;1010;0;0;2680;1200;1520
P200064003;P200064003_4;D;2680;0;0;4880;2400;1490
P200064003;P200064003_5;E;4880;0;0;7080;2400;2995
P200064003;P200064003_6;F;7080;0;0;9280;2400;2995
P200064003;P200064003_7;G;9280;0;0;11480;2400;2995
P199063909;P199063909_1;A;0;0;0;1670;1200;2995
P199063909;P199063909_2;B;0;1200;0;1670;2400;2995
P199063909;P199063909_3;C;1670;1240;0;3340;2440;2995
P199063909;P199063909_4;D;1670;0;0;3340;1200;2995
P199063909;P199063909_5;E;3340;0;0;5010;1200;2995
P199063909;P199063909_6;F;3340;1200;0;5010;2400;2995
P199063909;P199063909_7;G;5010;1240;0;6680;2440;2995
P199063909;P199063909_8;H;5010;0;0;6680;1200;2995
P199063909;P199063909_9;I;6680;1240;0;8350;2440;2995
P199063909;P199063909_10;J;6680;0;0;8350;1200;2995
P199063909;P199063909_11;K;8350;0;0;10020;1200;2995
P199063909;P199063909_12;L;8350;1240;0;10020;2440;2995
P199063909;P199063909_13;M;10020;1240;0;11690;2440;2995
P199063909;P199063909_14;N;10020;0;0;11690;1200;2995
P199063909;P199063909_15;O;11690;0;0;13360;1200;2995
P199063909;P199063909_16;P;11690;1240;0;13360;2440;2995
P199064013;P199064013_1;A;0;0;0;2200;2400;2995
P199064013;P199064013_2;B;2200;0;0;4400;2400;2995
P199064013;P199064013_3;C;4400;0;0;6600;2400;2995
P199064013;P199064013_4;D;6600;0;0;8800;2400;2995
P199064013;P199064013_5;E;8800;0;0;11000;2400;2995
P199064013;P199064013_6;F;11000;0;0;13200;2400;2995
P199064011;P199064011_1;A;0;0;0;2200;2400;2995
P199064011;P199064011_2;B;2200;0;0;4400;2400;2995
P199064011;P199064011_3;C;4400;0;0;6600;2400;2995
P199064011;P199064011_4;D;6600;0;0;8800;2400;2995
P199064011;P199064011_5;E;8800;0;0;11000;2400;2995
P199064011;P199064011_6;F;11000;0;0;13200;2400;2995
P199063903;P199063903_1;A;0;0;0;2200;2400;2995
P199063903;P199063903_2;B;2200;0;0;4400;2400;2995
P199063903;P199063903_3;C;4400;0;0;6600;2400;2995
P199063903;P199063903_4;D;6600;0;0;8800;2400;2995
P199063903;P199063903_5;E;8800;0;0;11000;2400;2995
P199063903;P199063903_6;F;11000;0;0;13200;2400;2995
P199063919;P199063919_1;A;0;0;0;1670;1200;2995
P199063919;P199063919_2;B;0;1200;0;1670;2400;2995
P199063919;P199063919_3;C;1670;1240;0;3340;2440;2995
P199063919;P199063919_4;D;1670;0;0;3340;1200;2995
P199063919;P199063919_5;E;3340;0;0;5010;1200;2995
P199063919;P199063919_6;F;3340;1240;0;5010;2440;2995
P199063919;P199063919_7;G;5010;1240;0;6680;2440;2995
P199063919;P199063919_8;H;5010;0;0;6680;1200;2995
P199063919;P199063919_9;I;6680;0;0;8350;1200;2995
P199063919;P199063919_10;J;6680;1240;0;8350;2440;2995
P199063919;P199063919_11;K;8350;1240;0;10020;2440;2995
P199063919;P199063919_12;L;8350;0;0;10020;1200;2995
P199063919;P199063919_13;M;10020;0;0;11690;1200;2995
P199063919;P199063919_14;N;10020;1240;0;11690;2440;2995
P199063919;P199063919_15;O;11690;1240;0;13360;2440;2995
P199063919;P199063919_16;P;11690;0;0;13360;1200;2995
P199064009;P199064009_1;A;0;0;0;1670;1200;2995
P199064009;P199064009_2;B;0;1240;0;1670;2440;2995
P199064009;P199064009_3;C;1670;0;0;3870;2400;2935
P199064009;P199064009_4;D;3870;0;0;6070;2400;2995
P199064009;P199064009_5;E;6070;0;0;8270;2400;2995
P199064009;P199064009_6;F;8270;0;0;10470;2400;2995
P199064009;P199064009_7;G;10470;0;0;12670;2400;2995
P199064007;P199064007_1;A;0;0;0;2200;2400;2995
P199064007;P199064007_2;B;2200;0;0;4400;2400;2995
P199064007;P199064007_3;C;4400;0;0;6600;2400;2995
P199064007;P199064007_4;D;6600;0;0;8800;2400;2995
P199064007;P199064007_5;E;8800;0;0;11000;2400;2995
P199064007;P199064007_6;F;11000;0;0;13200;2400;2995
P199064005;P199064005_1;A;0;0;0;2200;2400;2995
P199064005;P199064005_2;B;2200;0;0;4400;2400;2995
P199064005;P199064005_3;C;4400;0;0;6600;2400;2995
P199064005;P199064005_4;D;6600;0;0;8800;2400;2995
P199064005;P199064005_5;E;8800;0;0;11000;2400;2995
P199064005;P199064005_6;F;11000;0;0;13200;2400;2995
P199064001;P199064001_1;A;0;0;0;2200;2400;1490
P199064001;P199064001_2;B;2200;0;0;4400;2400;2995
P199064001;P199064001_3;C;4400;0;0;6070;1200;2995
P199064001;P199064001_4;D;6070;0;0;8270;2400;2995
P199064001;P199064001_5;E;8270;0;0;10470;2400;2995
P199064001;P199064001_6;F;10470;0;0;12670;2400;2995
P198064013;P198064013_1;A;0;0;0;2200;2400;2995
P198064013;P198064013_2;B;2200;0;0;4400;2400;2995
P198064013;P198064013_3;C;4400;0;0;6600;2400;2995
P198064013;P198064013_4;D;6600;0;0;8800;2400;2995
P198064013;P198064013_5;E;8800;0;0;11000;2400;2995
P198064013;P198064013_6;F;11000;0;0;13200;2400;2995
P198064011;P198064011_1;A;0;0;0;2200;2400;2995
P198064011;P198064011_2;B;2200;0;0;4400;2400;2995
P198064011;P198064011_3;C;4400;0;0;6600;2400;2995
P198064011;P198064011_4;D;6600;0;0;8800;2400;2995
P198064011;P198064011_5;E;8800;0;0;11000;2400;2995
P198064011;P198064011_6;F;11000;0;0;13200;2400;2995
Q198064011_1;Q198064011_1_1;A;0;0;0;2200;2400;2995
Q198064011_1;Q198064011_1_2;B;2200;0;0;4400;2400;2995
Q198064011_1;Q198064011_1_3;C;4400;0;0;6600;2400;2995
Q198064011_1;Q198064011_1_4;D;6600;0;0;8800;2400;2995
Q198064011_1;Q198064011_1_5;E;8800;0;0;11000;2400;2995
Q198064011_1;Q198064011_1_6;F;11000;0;0;13200;2400;2995
P198063903;P198063903_1;A;0;0;0;1670;1200;2995
P198063903;P198063903_2;B;0;1240;0;1670;2440;2995
P198063903;P198063903_3;C;1670;0;0;3870;2400;2995
P198063903;P198063903_4;D;3870;0;0;6070;2400;2935
P198063903;P198063903_5;E;6070;0;0;8270;2400;2995
P198063903;P198063903_6;F;8270;0;0;10470;2400;2995
P198063903;P198063903_7;G;10470;0;0;12670;2400;2995
P198063919;P198063919_1;A;0;0;0;1670;1200;2995
P198063919;P198063919_2;B;0;1200;0;1670;2400;2995
P198063919;P198063919_3;C;1670;1240;0;3340;2440;2995
P198063919;P198063919_4;D;1670;0;0;3340;1200;2995
P198063919;P198063919_5;E;3340;1240;0;5010;2440;2995
P198063919;P198063919_6;F;3340;0;0;5010;1200;2995
P198063919;P198063919_7;G;5010;0;0;6680;1200;2995
P198063919;P198063919_8;H;5010;1240;0;6680;2440;2995
P198063919;P198063919_9;I;6680;1240;0;8350;2440;2995
P198063919;P198063919_10;J;6680;0;0;8350;1200;2995
P198063919;P198063919_11;K;8350;0;0;10020;1200;2995
P198063919;P198063919_12;L;8350;1240;0;10020;2440;2995
P198063919;P198063919_13;M;10020;1240;0;11690;2440;2995
P198063919;P198063919_14;N;10020;0;0;11690;1200;2995
P198063919;P198063919_15;O;11690;0;0;13360;1200;2995
P198063919;P198063919_16;P;11690;1240;0;13360;2440;2995
Q198063919_1;Q198063919_1_1;A;0;0;0;1670;1200;2995
Q198063919_1;Q198063919_1_2;B;0;1240;0;1670;2440;2995
Q198063919_1;Q198063919_1_3;C;1670;1240;0;3340;2440;2995
Q198063919_1;Q198063919_1_4;D;1670;0;0;3340;1200;2995
Q198063919_1;Q198063919_1_5;E;3340;0;0;5010;1200;2995
Q198063919_1;Q198063919_1_6;F;3340;1240;0;5010;2440;2995
Q198063919_1;Q198063919_1_7;G;5010;1240;0;6680;2440;2995
Q198063919_1;Q198063919_1_8;H;5010;0;0;6680;1200;2995
Q198063919_1;Q198063919_1_9;I;6680;0;0;8350;1200;2995
Q198063919_1;Q198063919_1_10;J;6680;1240;0;8350;2440;2995
Q198063919_1;Q198063919_1_11;K;8350;1240;0;10020;2440;2995
Q198063919_1;Q198063919_1_12;L;8350;0;0;10020;1200;2995
Q198063919_1;Q198063919_1_13;M;10020;0;0;11690;1200;2995
Q198063919_1;Q198063919_1_14;N;10020;1240;0;11690;2440;2995
Q198063919_1;Q198063919_1_15;O;11690;1240;0;13360;2440;2995
Q198063919_1;Q198063919_1_16;P;11690;0;0;13360;1200;2995
P198064009;P198064009_1;A;0;0;0;2200;2400;1490
P198064009;P198064009_2;B;2200;0;0;4400;2400;2995
P198064009;P198064009_3;C;4400;0;0;6600;2400;2995
P198064009;P198064009_4;D;6600;1240;0;8270;2440;2995
P198064009;P198064009_5;E;6600;0;0;8270;1200;1520
P198064009;P198064009_6;F;8270;0;0;10470;2400;2995
P198064009;P198064009_7;G;10470;0;0;12670;2400;2995
Q198064009_1;Q198064009_1_1;A;0;0;0;2200;2400;2995
Q198064009_1;Q198064009_1_2;B;2200;0;0;4400;2400;2995
Q198064009_1;Q198064009_1_3;C;4400;0;0;6600;2400;2995
Q198064009_1;Q198064009_1_4;D;6600;0;0;8800;2400;2995
Q198064009_1;Q198064009_1_5;E;8800;0;0;11000;2400;2995
Q198064009_1;Q198064009_1_6;F;11000;0;0;13200;2400;2995
Q198064009_2;Q198064009_2_1;A;0;0;0;2200;2400;2995
Q198064009_2;Q198064009_2_2;B;2200;0;0;4400;2400;2995
Q198064009_2;Q198064009_2_3;C;4400;0;0;6600;2400;2995
Q198064009_2;Q198064009_2_4;D;6600;0;0;8800;2400;2995
Q198064009_2;Q198064009_2_5;E;8800;0;0;11000;2400;2995
P180060621;P180060621_1;A;0;1240;0;1600;2440;2700
P180060621;P180060621_2;B;0;0;0;3200;1200;2855
P180060621;P180060621_3;C;1600;1240;0;4200;2440;2935
P180060621;P180060621_4;D;3200;0;0;4800;1200;2700
P180060621;P180060621_5;E;4200;1240;0;6600;2440;1905
P180060621;P180060621_6;F;4800;0;0;7400;1200;2935
P180060621;P180060621_7;G;6600;1240;0;7600;2440;2700
P180060621;P180060621_8;H;7400;0;0;10600;1200;2855
P180060621;P180060621_9;I;7600;1660;0;8170;2440;1771
P180060621;P180060621_10;J;8170;1240;0;10570;2440;500
P180060621;P180060621_11;K;10570;1240;0;12170;2440;2700
P180060621;P180060621_12;L;10600;0;0;13200;1200;2935
P180060621;P180060621_13;M;12170;1240;0;13170;2440;2700
P180060617;P180060617_1;A;0;1240;0;3200;2440;2935
P180060617;P180060617_2;B;0;0;0;3200;1200;2935
P180060617;P180060617_3;C;3200;0;0;6400;1200;2855
P180060617;P180060617_4;D;3200;1240;0;4800;2440;2700
P180060617;P180060617_5;E;4800;1240;0;7400;2440;2935
P180060617;P180060617_6;F;6400;0;0;9000;1200;2935
P180060617;P180060617_7;G;7400;1240;0;10600;2440;2855
P180060617;P180060617_8;H;9000;0;0;10000;1200;2700
P180060617;P180060617_9;I;10000;0;0;12600;1200;2935
P180060617;P180060617_10;J;10600;1240;0;13200;2440;2935
P180060617;P180060617_11;K;12600;0;0;13170;780;909
P180060613;P180060613_1;A;0;0;0;3200;1200;2935
P180060613;P180060613_2;B;0;1240;0;3200;2440;2935
P180060613;P180060613_3;C;3200;1240;0;4800;2440;2700
P180060613;P180060613_4;D;3200;0;0;6400;1200;2320
P180060613;P180060613_5;E;4800;1240;0;6400;2440;2700
P180060613;P180060613_6;F;6400;0;0;7410;1206;1185
P180060613;P180060613_7;G;6400;1240;0;7400;2440;2700
P180060613;P180060613_8;H;7400;1240;0;9000;2440;2700
P180060613;P180060613_9;I;7410;0;0;10610;1200;2935
P180060613;P180060613_10;J;9000;1240;0;12200;2440;2935
P180060613;P180060613_11;K;10610;0;0;13210;1200;2935
P180060613;P180060613_12;L;12200;1240;0;13200;2440;2700
P180060611;P180060611_1;A;0;0;0;1000;1200;2700
P180060611;P180060611_2;B;0;1240;0;1600;2440;2700
P180060611;P180060611_3;C;1000;0;0;4200;1200;2855
P180060611;P180060611_4;D;1600;1240;0;4800;2440;2935
P180060611;P180060611_5;E;4200;0;0;6600;1200;975
P180060611;P180060611_6;F;4800;1240;0;5800;2440;2700
P180060611;P180060611_7;G;5800;1240;0;9000;2440;2855
P180060611;P180060611_8;H;6600;0;0;9200;1200;2935
P180060611;P180060611_9;I;9000;1240;0;11600;2440;2935
P180060611;P180060611_10;J;9200;0;0;11800;1200;2935
P180060611;P180060611_11;K;11600;1240;0;13200;2440;2700
P180060611;P180060611_12;L;11800;0;0;12370;780;478
P180060611;P180060611_13;M;12370;0;0;13370;1200;930
P180060603;P180060603_1;A;0;0;0;3200;1200;2935
P180060603;P180060603_2;B;0;1240;0;2600;2440;2935
P180060603;P180060603_3;C;2600;1240;0;4200;2440;2700
P180060603;P180060603_4;D;3200;0;0;6400;1200;2320
P180060603;P180060603_5;E;4200;1240;0;6800;2440;2935
P180060603;P180060603_6;F;6400;0;0;9000;1200;2935
P180060603;P180060603_7;G;6800;1240;0;10000;2440;2935
P180060603;P180060603_8;H;9000;0;0;12200;1200;2935
P180060603;P180060603_9;I;10000;1240;0;13200;2440;2935
P180060603;P180060603_10;J;12200;0;0;13200;1200;2700
P180060601;P180060601_1;A;0;1240;0;3200;2440;2935
P180060601;P180060601_2;B;0;0;0;2600;1200;2935
P180060601;P180060601_3;C;2600;0;0;5200;1200;2935
P180060601;P180060601_4;D;3200;1240;0;5600;2440;2835
P180060601;P180060601_5;E;5200;0;0;8400;1200;2320
P180060601;P180060601_6;F;5600;1240;0;8800;2440;2320
P180060601;P180060601_7;G;8400;0;0;11600;1200;2855
P180060601;P180060601_8;H;8800;1240;0;10400;2440;2700
P180060601;P180060601_9;I;10400;1240;0;12000;2440;2700
P180060601;P180060601_10;J;11600;0;0;13200;1200;2700
P180060601;P180060601_11;K;12000;1240;0;13000;2440;2700
P179060621;P179060621_1;A;0;1240;0;1000;2440;2700
P179060621;P179060621_2;B;0;0;0;570;780;1771
P179060621;P179060621_3;C;570;0;0;1570;1200;2700
P179060621;P179060621_4;D;1000;1240;0;3600;2440;2935
P179060621;P179060621_5;E;1570;0;0;4770;1200;2935
P179060621;P179060621_6;F;3600;1240;0;5200;2440;2700
P179060621;P179060621_7;G;4770;0;0;6370;1200;2700
P179060621;P179060621_8;H;5200;1240;0;8400;2440;2320
P179060621;P179060621_9;I;6370;0;0;7370;1200;2700
P179060621;P179060621_10;J;7370;0;0;9970;1200;2935
P179060621;P179060621_11;K;8400;1240;0;11600;2440;2935
P179060621;P179060621_12;L;9970;0;0;13170;1200;2935
P179060621;P179060621_13;M;11600;1240;0;13200;2440;2700
P179060617;P179060617_1;A;0;0;0;2600;1200;2935
P179060617;P179060617_2;B;0;1240;0;3200;2440;2935
P179060617;P179060617_3;C;2600;0;0;5000;1200;2835
P179060617;P179060617_4;D;3200;1240;0;5800;2440;2935
P179060617;P179060617_5;E;5000;0;0;8200;1200;2320
P179060617;P179060617_6;F;5800;1240;0;9000;2440;2855
P179060617;P179060617_7;G;8200;0;0;9200;1200;2700
P179060617;P179060617_8;H;9000;1240;0;10000;2440;2700
P179060617;P179060617_9;I;9200;0;0;9770;780;1340
P179060617;P179060617_10;J;9770;0;0;12370;1200;2935
P179060617;P179060617_11;K;10000;1240;0;13200;2440;2935
P179060617;P179060617_12;L;12370;0;0;13370;1200;2700
P179060613;P179060613_1;A;0;1240;0;1000;2440;2700
P179060613;P179060613_2;B;0;0;0;1010;1206;1185
P179060613;P179060613_3;C;1000;1240;0;2600;2440;2700
P179060613;P179060613_4;D;1010;0;0;4210;1200;2855
P179060613;P179060613_5;E;2600;1240;0;5800;2440;2935
P179060613;P179060613_6;F;4210;0;0;6810;1200;2935
P179060613;P179060613_7;G;5800;1240;0;7400;2440;2700
P179060613;P179060613_8;H;6810;0;0;9210;1200;1430
P179060613;P179060613_9;I;7400;1240;0;10600;2440;2855
P179060613;P179060613_10;J;9210;0;0;11810;1200;2935
P179060613;P179060613_11;K;10600;1240;0;13200;2440;2935
P179060613;P179060613_12;L;11810;0;0;13410;1200;2700
P179060611;P179060611_1;A;0;1240;0;3200;2440;2855
P179060611;P179060611_2;B;0;0;0;570;780;478
P179060611;P179060611_3;C;570;0;0;1570;1200;2700
P179060611;P179060611_4;D;1570;0;0;2570;1200;2520
P179060611;P179060611_5;E;2570;0;0;5770;1200;2855
P179060611;P179060611_6;F;3200;1240;0;4800;2440;2700
P179060611;P179060611_7;G;4800;1240;0;8000;2440;2935
P179060611;P179060611_8;H;5770;0;0;7370;1200;2700
P179060611;P179060611_9;I;7370;0;0;10570;1200;2935
P179060611;P179060611_10;J;8000;1240;0;9000;2440;2700
P179060611;P179060611_11;K;9000;1240;0;11600;2440;2935
P179060611;P179060611_12;L;10570;0;0;13170;1200;2935
P179060611;P179060611_13;M;11600;1240;0;13200;2440;2700
P179060603;P179060603_1;A;0;0;0;3200;1200;2935
P179060603;P179060603_2;B;0;1240;0;3200;2440;2855
P179060603;P179060603_3;C;3200;1240;0;5800;2440;2935
P179060603;P179060603_4;D;3200;0;0;5800;1200;2935
P179060603;P179060603_5;E;5800;0;0;9000;1200;2935
P179060603;P179060603_6;F;5800;1240;0;9000;2440;2935
P179060603;P179060603_7;G;9000;1240;0;12200;2440;2935
P179060603;P179060603_8;H;9000;0;0;12200;1200;2935
P179060603;P179060603_9;I;12200;0;0;13400;2400;2835
P179060601;P179060601_1;A;0;1660;0;570;2440;478
P179060601;P179060601_2;B;0;0;0;570;780;1771
P179060601;P179060601_3;C;0;780;0;570;1560;478
P179060601;P179060601_4;D;570;0;0;1570;1200;2700
P179060601;P179060601_5;E;570;1240;0;1570;2440;2700
P179060601;P179060601_6;F;1570;1240;0;4770;2440;2320
P179060601;P179060601_7;G;1570;0;0;3170;1200;2700
P179060601;P179060601_8;H;3170;0;0;4770;1200;2700
P179060601;P179060601_9;I;4770;0;0;5770;1200;2700
P179060601;P179060601_10;J;4770;1240;0;5770;2440;2700
P179060601;P179060601_11;K;5770;1240;0;7370;2440;2700
P179060601;P179060601_12;L;5770;0;0;8370;1200;2935
P179060601;P179060601_13;M;7370;1240;0;9970;2440;2935
P179060601;P179060601_14;N;8370;0;0;9970;1200;2700
P179060601;P179060601_15;O;9970;0;0;13170;1200;2320
P179060601;P179060601_16;P;9970;1240;0;13170;2440;2855
P178060621;P178060621_1;A;0;0;0;3200;1200;2935
P178060621;P178060621_2;B;0;1240;0;2600;2440;2935
P178060621;P178060621_3;C;2600;1240;0;5200;2440;2935
P178060621;P178060621_4;D;3200;0;0;6400;1200;2935
P178060621;P178060621_5;E;5200;1240;0;8400;2440;2855
P178060621;P178060621_6;F;6400;0;0;7400;1200;2700
P178060621;P178060621_7;G;7400;0;0;10600;1200;2935
P178060621;P178060621_8;H;8400;1240;0;11600;2440;2935
P178060621;P178060621_9;I;10600;0;0;13200;1200;2935
P178060621;P178060621_10;J;11600;1240;0;13200;2440;2700
P178060617;P178060617_1;A;0;0;0;2600;1200;2935
P178060617;P178060617_2;B;0;1240;0;1000;2440;2700
P178060617;P178060617_3;C;1000;1240;0;4200;2440;2855
P178060617;P178060617_4;D;2600;0;0;4200;1200;2700
P178060617;P178060617_5;E;4200;1240;0;7400;2440;2855
P178060617;P178060617_6;F;4200;0;0;5200;1200;2700
P178060617;P178060617_7;G;5200;0;0;5770;780;1340
P178060617;P178060617_8;H;5770;0;0;8370;1200;2935
P178060617;P178060617_9;I;7400;1240;0;8400;2440;2700
P178060617;P178060617_10;J;8370;0;0;11570;1200;2935
P178060617;P178060617_11;K;8400;1240;0;11600;2440;2935
P178060617;P178060617_12;L;11570;0;0;13170;1200;2700
P178060617;P178060617_13;M;11600;1240;0;13200;2440;2700
P178060613;P178060613_1;A;0;0;0;2600;1200;2935
P178060613;P178060613_2;B;0;1240;0;2400;2440;2835
P178060613;P178060613_3;C;2400;1240;0;4000;2440;2700
P178060613;P178060613_4;D;2600;0;0;5200;1200;2935
P178060613;P178060613_5;E;4000;1240;0;5000;2440;2700
P178060613;P178060613_6;F;5000;1240;0;8200;2440;2855
P178060613;P178060613_7;G;5200;0;0;6200;1200;2700
P178060613;P178060613_8;H;6200;0;0;9400;1200;2855
P178060613;P178060613_9;I;8200;1240;0;11400;2440;2935
P178060613;P178060613_10;J;9400;0;0;12600;1200;2935
P178060613;P178060613_11;K;11400;1240;0;12400;2440;2700
P178060613;P178060613_12;L;12400;1240;0;13400;2440;1815
P178060611;P178060611_1;A;0;0;0;2600;1200;2935
P178060611;P178060611_2;B;0;1240;0;1600;2440;2700
P178060611;P178060611_3;C;1600;1240;0;4800;2440;2320
P178060611;P178060611_4;D;2600;0;0;5000;1200;1430
P178060611;P178060611_5;E;4800;1240;0;8000;2440;2935
P178060611;P178060611_6;F;5000;0;0;8200;1200;2935
P178060611;P178060611_7;G;8000;1240;0;10600;2440;2935
P178060611;P178060611_8;H;8200;0;0;10800;1200;1490
P178060611;P178060611_9;I;10600;1240;0;12200;2440;2700
P178060611;P178060611_10;J;10800;0;0;11800;1200;2700
P178060611;P178060611_11;K;11800;0;0;13400;1200;1815
P178060611;P178060611_12;L;12200;1240;0;13200;2440;930
P178060603;P178060603_1;A;0;1240;0;3200;2440;2320
P178060603;P178060603_2;B;0;0;0;570;780;1771
P178060603;P178060603_3;C;570;0;0;3770;1200;2935
P178060603;P178060603_4;D;3200;1240;0;6400;2440;2935
P178060603;P178060603_5;E;3770;0;0;6970;1200;2935
P178060603;P178060603_6;F;6400;1240;0;9600;2440;2935
P178060603;P178060603_7;G;6970;0;0;10170;1200;2935
P178060603;P178060603_8;H;9600;1240;0;12200;2440;2935
P178060603;P178060603_9;I;10170;0;0;13370;1200;2935
P178060603;P178060603_10;J;12200;1240;0;13200;2440;2700
P178060601;P178060601_1;A;0;0;0;1600;1200;1815
P178060601;P178060601_2;B;0;1240;0;1600;2440;2700
P178060601;P178060601_3;C;1600;1240;0;3200;2440;2700
P178060601;P178060601_4;D;1600;0;0;3200;1200;2700
P178060601;P178060601_5;E;3200;0;0;4800;1200;2700
P178060601;P178060601_6;F;3200;1240;0;4800;2440;1815
P178060601;P178060601_7;G;4800;0;0;6000;2400;1410
P178060601;P178060601_8;H;6000;0;0;9200;1200;500
P178060601;P178060601_9;I;6000;1240;0;7000;2440;2700
P178060601;P178060601_10;J;7000;1240;0;9600;2440;2935
P178060601;P178060601_11;K;9200;0;0;11800;1200;2935
P178060601;P178060601_12;L;9600;1240;0;12200;2440;2935
P178060601;P178060601_13;M;11800;0;0;13400;1200;2700
P178060601;P178060601_14;N;12200;1240;0;13200;2440;2700
Q178060601_1;Q178060601_1_1;A;0;1240;0;1000;2440;2520
Q178060601_1;Q178060601_1_2;B;0;0;0;1600;1200;2700
Q178060601_1;Q178060601_1_3;C;1000;1240;0;4200;2440;2320
Q178060601_1;Q178060601_1_4;D;1600;0;0;2600;1200;2700
Q178060601_1;Q178060601_1_5;E;2600;0;0;4200;1200;2700
Q178060601_1;Q178060601_1_6;F;4200;0;0;7400;1200;2320
Q178060601_1;Q178060601_1_7;G;4200;1660;0;4770;2440;478
Q178060601_1;Q178060601_1_8;H;4770;1240;0;7970;2440;2855
Q178060601_1;Q178060601_1_9;I;7400;0;0;8400;1200;2700
Q178060601_1;Q178060601_1_10;J;7970;1240;0;11170;2440;2935
Q178060601_1;Q178060601_1_11;K;8400;0;0;10800;1200;2835
Q178060601_1;Q178060601_1_12;L;10800;0;0;13400;1200;2935
Q178060601_1;Q178060601_1_13;M;11170;1240;0;12770;2440;2700
P177060621;P177060621_1;A;0;0;0;3200;1200;2935
P177060621;P177060621_2;B;0;1240;0;3200;2440;2855
P177060621;P177060621_3;C;3200;1240;0;4800;2440;2700
P177060621;P177060621_4;D;3200;0;0;6400;1200;2935
P177060621;P177060621_5;E;4800;1240;0;8000;2440;2935
P177060621;P177060621_6;F;6400;0;0;9600;1200;2935
P177060621;P177060621_7;G;8000;1240;0;10600;2440;2935
P177060621;P177060621_8;H;9600;0;0;12200;1200;2935
P177060621;P177060621_9;I;10600;1240;0;13200;2440;2935
P177060621;P177060621_10;J;12200;0;0;13200;1200;2700
P177060617;P177060617_1;A;0;1240;0;1600;2440;2700
P177060617;P177060617_2;B;0;0;0;1000;1200;2700
P177060617;P177060617_3;C;1000;0;0;1570;780;1340
P177060617;P177060617_4;D;1570;0;0;3170;1200;2700
P177060617;P177060617_5;E;1600;1240;0;2600;2440;2700
P177060617;P177060617_6;F;2600;1240;0;5800;2440;2320
P177060617;P177060617_7;G;3170;0;0;6370;1200;2855
P177060617;P177060617_8;H;5800;1234;0;6810;2440;2370
P177060617;P177060617_9;I;6370;0;0;7370;1200;2700
P177060617;P177060617_10;J;6810;1240;0;10010;2440;2935
P177060617;P177060617_11;K;7370;0;0;10570;1200;2935
P177060617;P177060617_12;L;10010;1240;0;13210;2440;2935
P177060617;P177060617_13;M;10570;0;0;13170;1200;2935
P177060613;P177060613_1;A;0;0;0;3200;1200;2935
P177060613;P177060613_2;B;0;1240;0;2600;2440;2935
P177060613;P177060613_3;C;2600;1240;0;5200;2440;2935
P177060613;P177060613_4;D;3200;0;0;5800;1200;2935
P177060613;P177060613_5;E;5200;1240;0;7600;2440;2835
P177060613;P177060613_6;F;5800;0;0;9000;1200;2320
P177060613;P177060613_7;G;7600;1240;0;9200;2440;2700
P177060613;P177060613_8;H;9000;0;0;10600;1200;2700
P177060613;P177060613_9;I;9200;1240;0;12400;2440;2855
P177060613;P177060613_10;J;10600;0;0;11600;1200;2700
P177060613;P177060613_11;K;11600;0;0;13200;1200;2700
P177060613;P177060613_12;L;12400;1240;0;13400;2440;2700
P177060611;P177060611_1;A;0;1240;0;3200;2440;2935
P177060611;P177060611_2;B;0;0;0;3200;1200;2935
P177060611;P177060611_3;C;3200;0;0;6400;1200;2935
P177060611;P177060611_4;D;3200;1240;0;5800;2440;2935
P177060611;P177060611_5;E;5800;1240;0;8400;2440;2935
P177060611;P177060611_6;F;6400;0;0;9600;1200;2320
P177060611;P177060611_7;G;8400;1240;0;10000;2440;1815
P177060611;P177060611_8;H;9600;0;0;11200;1200;2700
P177060611;P177060611_9;I;10000;1240;0;13200;2440;2400
P177060611;P177060611_10;J;11200;0;0;12800;1200;1815
P177060611;P177060611_11;K;12800;0;0;13370;780;1771
Q177060611_1;Q177060611_1_1;A;0;0;0;1000;1200;1815
Q177060611_1;Q177060611_1_2;B;0;1240;0;1000;2440;1815
Q177060611_1;Q177060611_1_3;C;1000;0;0;2200;2400;500
Q177060611_1;Q177060611_1_4;D;2200;0;0;2770;780;1340
Q177060611_1;Q177060611_1_5;E;2200;1240;0;3200;2440;1815
Q177060611_1;Q177060611_1_6;F;2770;0;0;5970;1200;2855
Q177060611_1;Q177060611_1_7;G;3200;1240;0;4200;2440;1815
Q177060611_1;Q177060611_1_8;H;4200;1240;0;7400;2440;2935
Q177060611_1;Q177060611_1_9;I;5970;0;0;9170;1200;2320
Q177060611_1;Q177060611_1_10;J;7400;1240;0;9000;2440;1815
Q177060611_1;Q177060611_1_11;K;9000;1240;0;11600;2440;2935
Q177060611_1;Q177060611_1_12;L;9170;0;0;11770;1200;1490
Q177060611_1;Q177060611_1_13;M;11600;1240;0;12600;2440;1815
Q177060611_1;Q177060611_1_14;N;11770;0;0;13370;1200;2700
Q177060611_2;Q177060611_2_1;A;0;0;0;1000;1200;1815
Q177060611_2;Q177060611_2_2;B;0;1240;0;1600;2440;930
Q177060611_2;Q177060611_2_3;C;1000;0;0;4200;1200;500
P168069059;P168069059_1;A;0;0;0;1200;2400;2460
P168069059;P168069059_2;B;1200;0;0;2400;2400;2460
P168069059;P168069059_3;C;2400;0;0;3600;2400;2460
P168069059;P168069059_4;D;3600;0;0;4800;2400;1800
P168069059;P168069059_5;E;4800;0;0;6000;2400;2000
P168069059;P168069059_6;F;6000;0;0;8000;1200;2875
P168069059;P168069059_7;G;6000;1240;0;8000;2440;2875
P168069059;P168069059_8;H;8000;1240;0;10000;2440;2875
P168069059;P168069059_9;I;8000;0;0;10000;1200;2875
P168069059;P168069059_10;J;10000;0;0;12000;1200;2875
P168069059;P168069059_11;K;10000;1240;0;11800;2440;2340
P168069059;P168069059_12;L;11800;1240;0;13000;2440;2200
P168069059;P168069059_13;M;12000;0;0;13200;1200;2200
P168069053;P168069053_1;A;0;0;0;1800;1200;2340
P168069053;P168069053_2;B;0;1240;0;1800;2440;2340
P168069053;P168069053_3;C;1800;1240;0;3600;2440;2340
P168069053;P168069053_4;D;1800;0;0;3600;1200;2340
P168069053;P168069053_5;E;3600;0;0;5400;1200;2340
P168069053;P168069053_6;F;3600;1240;0;5400;2440;2340
P168069053;P168069053_7;G;5400;1240;0;7200;2440;2340
P168069053;P168069053_8;H;5400;0;0;7200;1200;2340
P168069053;P168069053_9;I;7200;0;0;9000;1200;2340
P168069053;P168069053_10;J;7200;1240;0;9600;2440;1620
P168069053;P168069053_11;K;9000;0;0;11400;1200;1900
P168069053;P168069053_12;L;9600;1240;0;11600;2440;2875
P168069053;P168069053_13;M;11400;0;0;13400;1200;2875
P168069053;P168069053_14;N;11600;1240;0;13400;2440;2340
P168069057;P168069057_1;A;0;0;0;2000;1200;2875
P168069057;P168069057_2;B;0;1240;0;1800;2440;2340
P168069057;P168069057_3;C;1800;1240;0;3600;2440;2340
P168069057;P168069057_4;D;2000;0;0;3800;1200;2340
P168069057;P168069057_5;E;3600;1240;0;4800;2440;2200
P168069057;P168069057_6;F;3800;0;0;6200;1200;2000
P168069057;P168069057_7;G;4800;1240;0;7200;2440;1620
P168069057;P168069057_8;H;6200;0;0;8600;1200;1900
P168069057;P168069057_9;I;7200;1240;0;9200;2440;2250
P168069057;P168069057_10;J;8600;0;0;11000;1200;2460
P168069057;P168069057_11;K;9200;1240;0;11600;2440;2460
P168069057;P168069057_12;L;11000;0;0;13400;1200;2460
P168069057;P168069057_13;M;11600;1240;0;13400;2440;2340
P168069051;P168069051_1;A;0;1240;0;2000;2440;2250
P168069051;P168069051_2;B;0;0;0;1800;1200;2340
P168069051;P168069051_3;C;1800;0;0;3600;1200;2340
P168069051;P168069051_4;D;2000;1240;0;4000;2440;2875
P168069051;P168069051_5;E;3600;0;0;5600;1200;2875
P168069051;P168069051_6;F;4000;1240;0;6400;2440;2000
P168069051;P168069051_7;G;5600;0;0;7800;1200;1760
P168069051;P168069051_8;H;6400;1240;0;8800;2440;2460
P168069051;P168069051_9;I;7800;0;0;10200;1200;2460
P168069051;P168069051_10;J;8800;1240;0;10000;2440;2200
P168069051;P168069051_11;K;10000;1240;0;12000;2440;2875
P168069051;P168069051_12;L;10200;0;0;12200;1200;2875
P168069051;P168069051_13;M;12200;40;0;13400;2440;2000
P168069061;P168069061_1;A;0;0;0;1200;2400;2460
P168069061;P168069061_2;B;1200;0;0;2400;2400;2460
P168069061;P168069061_3;C;2400;0;0;3600;2400;2460
P168069061;P168069061_4;D;3600;1240;0;5400;2440;2340
P168069061;P168069061_5;E;3600;0;0;5400;1200;2340
P168069061;P168069061_6;F;5400;0;0;7200;1200;2340
P168069061;P168069061_7;G;5400;1240;0;7200;2440;2340
P168069061;P168069061_8;H;7200;0;0;8400;2400;1900
P168069061;P168069061_9;I;8400;0;0;9600;2400;1620
P168069061;P168069061_10;J;9600;0;0;10800;2400;2460
P168069061;P168069061_11;K;10800;0;0;12000;2400;2460
P168069061;P168069061_12;L;12000;0;0;13200;2400;2460
P168069055;P168069055_1;A;0;0;0;1200;2400;1620
P168069055;P168069055_2;B;1200;0;0;3000;1200;2340
P168069055;P168069055_3;C;1200;1240;0;3200;2440;2875
P168069055;P168069055_4;D;3000;0;0;5400;1200;1900
P168069055;P168069055_5;E;3200;1240;0;5600;2440;2460
P168069055;P168069055_6;F;5400;0;0;7800;1200;2460
P168069055;P168069055_7;G;5600;1240;0;8000;2440;2460
P168069055;P168069055_8;H;7800;0;0;9600;1200;2340
P168069055;P168069055_9;I;8000;1240;0;9800;2440;2340
P168069055;P168069055_10;J;9600;0;0;12000;1200;1620
P168069055;P168069055_11;K;9800;1240;0;11800;2440;2875
P168069055;P168069055_12;L;12000;440;0;13200;2440;2875
P168069001;P168069001_1;A;0;0;0;2000;1200;2875
P168069001;P168069001_2;B;0;1240;0;2000;2440;2875
P168069001;P168069001_3;C;2000;1240;0;4000;2440;2875
P168069001;P168069001_4;D;2000;0;0;4000;1200;2875
P168069001;P168069001_5;E;4000;0;0;6000;1200;2875
P168069001;P168069001_6;F;4000;1240;0;6000;2440;2875
P168069001;P168069001_7;G;6000;1240;0;8000;2440;2875
P168069001;P168069001_8;H;6000;0;0;8000;1200;2875
P168069001;P168069001_9;I;8000;0;0;10000;1200;2875
P168069001;P168069001_10;J;8000;1240;0;10000;2440;2875
P168069001;P168069001_11;K;10000;1240;0;12000;2440;2875
P168069001;P168069001_12;L;10000;0;0;12000;1200;2875
P168069001;P168069001_13;M;12000;0;0;13200;2000;2875
P168069025;P168069025_1;A;0;0;0;1200;2400;2000
P168069025;P168069025_2;B;1200;1240;0;3000;2440;2340
P168069025;P168069025_3;C;1200;0;0;3600;1200;2460
P168069025;P168069025_4;D;3000;1240;0;5400;2440;2460
P168069025;P168069025_5;E;3600;0;0;6000;1200;2460
P168069025;P168069025_6;F;5400;1240;0;7800;2440;2460
P168069025;P168069025_7;G;6000;0;0;8400;1200;2460
P168069025;P168069025_8;H;7800;1240;0;10200;2440;2460
P168069025;P168069025_9;I;8400;0;0;10800;1200;2460
P168069025;P168069025_10;J;10200;1240;0;12600;2440;2460
P168069025;P168069025_11;K;10800;0;0;13200;1200;2000
P168069027;P168069027_1;A;0;0;0;2000;1200;2250
P168069027;P168069027_2;B;0;1240;0;1800;2440;2340
P168069027;P168069027_3;C;1800;1240;0;4200;2440;2000
P168069027;P168069027_4;D;2000;0;0;4400;1200;2000
P168069027;P168069027_5;E;4200;1240;0;6600;2440;2000
P168069027;P168069027_6;F;4400;0;0;6800;1200;2000
P168069027;P168069027_7;G;6600;1240;0;9000;2440;1900
P168069027;P168069027_8;H;6800;0;0;9200;1200;1900
P168069027;P168069027_9;I;9000;1240;0;11400;2440;1900
P168069027;P168069027_10;J;9200;0;0;11600;1200;1620
P168069027;P168069027_11;K;11400;1240;0;13200;2440;2340
P168069027;P168069027_12;L;11600;0;0;13400;1200;2340
P167069131;P167069131_1;A;0;0;0;2000;1200;2875
P167069131;P167069131_2;B;0;1240;0;2000;2440;2875
P167069131;P167069131_3;C;2000;1240;0;4000;2440;2875
P167069131;P167069131_4;D;2000;0;0;4000;1200;2875
P167069131;P167069131_5;E;4000;0;0;6000;1200;2875
P167069131;P167069131_6;F;4000;1240;0;6000;2440;2875
P167069131;P167069131_7;G;6000;1240;0;8000;2440;2875
P167069131;P167069131_8;H;6000;0;0;8000;1200;2875
P167069131;P167069131_9;I;8000;0;0;10000;1200;2875
P167069131;P167069131_10;J;8000;1240;0;10000;2440;2875
P167069131;P167069131_11;K;10000;1240;0;12000;2440;2875
P167069131;P167069131_12;L;10000;0;0;12000;1200;2875
P167069131;P167069131_13;M;12000;0;0;13200;2000;2875
P167069127;P167069127_1;A;0;0;0;1200;2400;1620
P167069127;P167069127_2;B;1200;1240;0;3000;2440;2340
P167069127;P167069127_3;C;1200;0;0;3000;1200;2340
P167069127;P167069127_4;D;3000;0;0;4800;1200;2340
P167069127;P167069127_5;E;3000;1240;0;4800;2440;2340
P167069127;P167069127_6;F;4800;1240;0;6600;2440;2340
P167069127;P167069127_7;G;4800;0;0;6600;1200;2340
P167069127;P167069127_8;H;6600;0;0;8400;1200;2340
P167069127;P167069127_9;I;6600;1240;0;7800;2440;2200
P167069127;P167069127_10;J;7800;1240;0;9000;2440;2200
P167069127;P167069127_11;K;8400;0;0;10800;1200;2000
P167069127;P167069127_12;L;9000;1240;0;11400;2440;1620
P167069127;P167069127_13;M;10800;0;0;12800;1200;2875
P167069127;P167069127_14;N;11400;1240;0;13400;2440;2875
P167069011;P167069011_1;A;0;0;0;1200;2400;2460
P167069011;P167069011_2;B;1200;1240;0;3200;2440;2875
P167069011;P167069011_3;C;1200;0;0;3200;1200;2875
P167069011;P167069011_4;D;3200;0;0;5200;1200;2875
P167069011;P167069011_5;E;3200;1240;0;5200;2440;2875
P167069011;P167069011_6;F;5200;1240;0;7200;2440;2875
P167069011;P167069011_7;G;5200;0;0;7200;1200;2875
P167069011;P167069011_8;H;7200;0;0;9200;1200;2875
P167069011;P167069011_9;I;7200;1240;0;9600;2440;2460
P167069011;P167069011_10;J;9200;0;0;11600;1200;2460
P167069011;P167069011_11;K;9600;1240;0;12000;2440;2460
P167069011;P167069011_12;L;12000;0;0;13200;2400;2460
P167069119;P167069119_1;A;0;0;0;2000;1200;2875
P167069119;P167069119_2;B;0;1240;0;2000;2440;2875
P167069119;P167069119_3;C;2000;1240;0;4000;2440;2875
P167069119;P167069119_4;D;2000;0;0;4000;1200;2875
P167069119;P167069119_5;E;4000;0;0;6000;1200;2875
P167069119;P167069119_6;F;4000;1240;0;6000;2440;2875
P167069119;P167069119_7;G;6000;1240;0;8000;2440;2875
P167069119;P167069119_8;H;6000;0;0;8000;1200;2875
P167069119;P167069119_9;I;8000;0;0;10000;1200;2875
P167069119;P167069119_10;J;8000;1240;0;10000;2440;2875
P167069119;P167069119_11;K;10000;1240;0;12000;2440;2875
P167069119;P167069119_12;L;10000;0;0;12000;1200;2875
P167069119;P167069119_13;M;12000;0;0;13200;2000;2875
P167069019;P167069019_1;A;0;0;0;1200;2400;2000
P167069019;P167069019_2;B;1200;0;0;2400;2400;1620
P167069019;P167069019_3;C;2400;0;0;3600;2400;1900
P167069019;P167069019_4;D;3600;1240;0;5600;2440;2250
P167069019;P167069019_5;E;3600;0;0;6000;1200;1900
P167069019;P167069019_6;F;5600;1240;0;8000;2440;2460
P167069019;P167069019_7;G;6000;0;0;8400;1200;2000
P167069019;P167069019_8;H;8000;1240;0;10400;2440;2460
P167069019;P167069019_9;I;8400;0;0;10800;1200;2460
P167069019;P167069019_10;J;10400;1240;0;12800;2440;2500
P167069019;P167069019_11;K;10800;0;0;13200;1200;2000
P167069115;P167069115_1;A;0;0;0;1800;1200;2340
P167069115;P167069115_2;B;0;1240;0;1800;2440;2340
P167069115;P167069115_3;C;1800;1240;0;3000;2440;2200
P167069115;P167069115_4;D;1800;0;0;3600;1200;2340
P167069115;P167069115_5;E;3000;1240;0;4800;2440;2340
P167069115;P167069115_6;F;3600;0;0;5400;1200;2340
P167069115;P167069115_7;G;4800;1240;0;6600;2440;2340
P167069115;P167069115_8;H;5400;0;0;7200;1200;2340
P167069115;P167069115_9;I;6600;1240;0;8400;2440;2340
P167069115;P167069115_10;J;7200;0;0;9000;1200;2340
P167069115;P167069115_11;K;8400;1240;0;9600;2440;2200
P167069115;P167069115_12;L;9000;0;0;9800;600;560
P167069115;P167069115_13;M;9600;1240;0;12000;2440;1900
P167069115;P167069115_14;N;9800;0;0;12200;1200;2460
P167069115;P167069115_15;O;12000;1240;0;13200;2440;2200
P167069115;P167069115_16;P;12200;0;0;13400;1200;2200
P167069017;P167069017_1;A;0;0;0;1200;2400;1620
P167069017;P167069017_2;B;1200;0;0;2400;2400;2000
P167069017;P167069017_3;C;2400;0;0;4200;1200;2340
P167069017;P167069017_4;D;2400;1240;0;4200;2440;2340
P167069017;P167069017_5;E;4200;1240;0;6000;2440;2340
P167069017;P167069017_6;F;4200;0;0;6000;1200;2340
P167069017;P167069017_7;G;6000;0;0;7200;2400;2460
P167069017;P167069017_8;H;7200;1240;0;9000;2440;2340
P167069017;P167069017_9;I;7200;0;0;9600;1200;2460
P167069017;P167069017_10;J;9000;1240;0;11400;2440;2460
P167069017;P167069017_11;K;9600;0;0;12000;1200;2460
P167069017;P167069017_12;L;11400;1240;0;13200;2440;2340
P167069017;P167069017_13;M;12000;0;0;13200;1200;2200
P167069015;P167069015_1;A;0;0;0;1200;2400;2460
P167069015;P167069015_2;B;1200;1240;0;3200;2440;2875
P167069015;P167069015_3;C;1200;0;0;3200;1200;2875
P167069015;P167069015_4;D;3200;0;0;5200;1200;2875
P167069015;P167069015_5;E;3200;1240;0;5200;2440;2875
P167069015;P167069015_6;F;5200;0;0;6400;2400;2460
P167069015;P167069015_7;G;6400;0;0;7600;2400;2460
P167069015;P167069015_8;H;7600;0;0;8800;2400;2460
P167069015;P167069015_9;I;8800;0;0;10000;2400;2460
P167069015;P167069015_10;J;10000;0;0;11200;2400;2460
P167069015;P167069015_11;K;11200;0;0;12400;2400;2460
P167069013;P167069013_1;A;0;0;0;1200;2400;1620
P167069013;P167069013_2;B;1200;0;0;2400;2400;2000
P167069013;P167069013_3;C;2400;0;0;3600;2400;1900
P167069013;P167069013_4;D;3600;0;0;4800;2400;1620
P167069013;P167069013_5;E;4800;0;0;6000;2400;2000
P167069013;P167069013_6;F;6000;0;0;7200;2400;2000
P167069013;P167069013_7;G;7200;0;0;8400;2400;1900
P167069013;P167069013_8;H;8400;0;0;9600;2400;1900
P167069013;P167069013_9;I;9600;0;0;10800;2400;2460
P167069013;P167069013_10;J;10800;0;0;12000;2400;2460
P167069013;P167069013_11;K;12000;0;0;13200;2400;2460
P167069111;P167069111_1;A;0;0;0;1800;1200;2340
P167069111;P167069111_2;B;0;1240;0;1800;2440;2340
P167069111;P167069111_3;C;1800;1240;0;3600;2440;2340
P167069111;P167069111_4;D;1800;0;0;3600;1200;2340
P167069111;P167069111_5;E;3600;0;0;5400;1200;2340
P167069111;P167069111_6;F;3600;1240;0;5600;2440;2875
P167069111;P167069111_7;G;5400;0;0;7400;1200;2875
P167069111;P167069111_8;H;5600;1240;0;7600;2440;2875
P167069111;P167069111_9;I;7400;0;0;9400;1200;2875
P167069111;P167069111_10;J;7600;1240;0;9600;2440;2875
P167069111;P167069111_11;K;9400;0;0;11400;1200;2875
P167069111;P167069111_12;L;9600;1240;0;11600;2440;2875
P167069111;P167069111_13;M;11400;0;0;13400;1200;2875
P167069111;P167069111_14;N;11600;1240;0;13400;2440;2340
P167069009;P167069009_1;A;0;0;0;1200;2400;2460
P167069009;P167069009_2;B;1200;0;0;2400;2400;2460
P167069009;P167069009_3;C;2400;0;0;3600;2400;2460
P167069009;P167069009_4;D;3600;1240;0;5600;2440;2250
P167069009;P167069009_5;E;3600;0;0;6000;1200;2000
P167069009;P167069009_6;F;5600;1240;0;8000;2440;2000
P167069009;P167069009_7;G;6000;0;0;8400;1200;2000
P167069009;P167069009_8;H;8000;1240;0;10400;2440;2460
P167069009;P167069009_9;I;8400;0;0;10800;1200;2460
P167069009;P167069009_10;J;10400;1240;0;12800;2440;1900
P167069009;P167069009_11;K;10800;0;0;13200;1200;1900
P167069107;P167069107_1;A;0;0;0;2000;1200;2875
P167069107;P167069107_2;B;0;1240;0;2000;2440;2875
P167069107;P167069107_3;C;2000;1240;0;4000;2440;2875
P167069107;P167069107_4;D;2000;0;0;4000;1200;2875
P167069107;P167069107_5;E;4000;0;0;6000;1200;2875
P167069107;P167069107_6;F;4000;1240;0;6000;2440;2875
P167069107;P167069107_7;G;6000;1240;0;8000;2440;2875
P167069107;P167069107_8;H;6000;0;0;8000;1200;2875
P167069107;P167069107_9;I;8000;0;0;10000;1200;2875
P167069107;P167069107_10;J;8000;1240;0;10000;2440;2875
P167069107;P167069107_11;K;10000;1240;0;12000;2440;2875
P167069107;P167069107_12;L;10000;0;0;12000;1200;2875
P167069107;P167069107_13;M;12000;0;0;13200;2000;2875
P167069007;P167069007_1;A;0;0;0;1200;2400;1620
P167069007;P167069007_2;B;1200;0;0;2400;2400;1900
P167069007;P167069007_3;C;2400;0;0;4200;1200;2340
P167069007;P167069007_4;D;2400;1240;0;4200;2440;2340
P167069007;P167069007_5;E;4200;1240;0;6000;2440;2340
P167069007;P167069007_6;F;4200;0;0;6000;1200;2340
P167069007;P167069007_7;G;6000;0;0;7800;1200;2340
P167069007;P167069007_8;H;6000;1240;0;7800;2440;2340
P167069007;P167069007_9;I;7800;1240;0;9600;2440;2340
P167069007;P167069007_10;J;7800;0;0;9600;1200;2340
P167069007;P167069007_11;K;9600;0;0;10800;1200;2200
P167069007;P167069007_12;L;9600;1240;0;12000;2440;2460
P167069007;P167069007_13;M;10800;0;0;13200;1200;2460
P167069007;P167069007_14;N;12000;1240;0;13200;2440;2200
P167069105;P167069105_1;A;0;0;0;1200;2400;1620
P167069105;P167069105_2;B;1200;0;0;2400;2400;2000
P167069105;P167069105_3;C;2400;0;0;4200;1200;2340
P167069105;P167069105_4;D;2400;1240;0;4800;2440;2000
P167069105;P167069105_5;E;4200;0;0;6600;1200;1900
P167069105;P167069105_6;F;4800;1240;0;7200;2440;2460
P167069105;P167069105_7;G;6600;0;0;9000;1200;2460
P167069105;P167069105_8;H;7200;1240;0;9600;2440;2460
P167069105;P167069105_9;I;9000;0;0;11400;1200;2460
P167069105;P167069105_10;J;9600;1240;0;11600;2440;2250
P167069105;P167069105_11;K;11600;0;0;12800;2400;2460
P167069005;P167069005_1;A;0;0;0;1200;2400;1800
P167069005;P167069005_2;B;1200;0;0;2400;2400;2460
P167069005;P167069005_3;C;2400;1240;0;4200;2440;2340
P167069005;P167069005_4;D;2400;0;0;4800;1200;2460
P167069005;P167069005_5;E;4200;1240;0;6000;2440;2340
P167069005;P167069005_6;F;4800;0;0;6600;1200;2340
P167069005;P167069005_7;G;6000;1240;0;7800;2440;2340
P167069005;P167069005_8;H;6600;0;0;8400;1200;2340
P167069005;P167069005_9;I;7800;1240;0;9600;2440;2340
P167069005;P167069005_10;J;8400;0;0;10200;1200;2340
P167069005;P167069005_11;K;9600;1240;0;12000;2440;1900
P167069005;P167069005_12;L;10200;0;0;12000;1200;2340
P167069005;P167069005_13;M;12000;0;0;13200;2400;1620
P167069003;P167069003_1;A;0;0;0;2000;1200;2875
P167069003;P167069003_2;B;0;1240;0;2000;2440;2875
P167069003;P167069003_3;C;2000;1240;0;4000;2440;2875
P167069003;P167069003_4;D;2000;0;0;4000;1200;2875
P167069003;P167069003_5;E;4000;0;0;6000;1200;2875
P167069003;P167069003_6;F;4000;1240;0;6000;2440;2875
P167069003;P167069003_7;G;6000;1240;0;8000;2440;2875
P167069003;P167069003_8;H;6000;0;0;8000;1200;2875
P167069003;P167069003_9;I;8000;0;0;9200;2400;2460
P167069003;P167069003_10;J;9200;0;0;10400;2400;2460
P167069003;P167069003_11;K;10400;0;0;11600;2400;2460
P167069003;P167069003_12;L;11600;0;0;12800;2400;2460
P167069101;P167069101_1;A;0;0;0;1200;2400;2000
P167069101;P167069101_2;B;1200;0;0;2400;2400;2000
P167069101;P167069101_3;C;2400;0;0;3600;2400;2000
P167069101;P167069101_4;D;3600;0;0;4800;2400;1900
P167069101;P167069101_5;E;4800;0;0;6000;2400;2460
P167069101;P167069101_6;F;6000;0;0;7200;2400;1740
P167069101;P167069101_7;G;7200;0;0;8400;2400;2460
P167069101;P167069101_8;H;8400;0;0;9600;2400;2460
P167069101;P167069101_9;I;9600;0;0;10800;2400;2460
P167069101;P167069101_10;J;10800;0;0;12000;2400;2500
P167069101;P167069101_11;K;12000;0;0;13200;2400;2460
P167069001;P167069001_1;A;0;0;0;2000;1200;2875
P167069001;P167069001_2;B;0;1240;0;2000;2440;2875
P167069001;P167069001_3;C;2000;1240;0;4000;2440;2875
P167069001;P167069001_4;D;2000;0;0;4000;1200;2875
P167069001;P167069001_5;E;4000;0;0;6000;1200;2875
P167069001;P167069001_6;F;4000;1240;0;6000;2440;2875
P167069001;P167069001_7;G;6000;1240;0;8000;2440;2875
P167069001;P167069001_8;H;6000;0;0;8000;1200;2875
P167069001;P167069001_9;I;8000;0;0;10000;1200;2875
P167069001;P167069001_10;J;8000;1240;0;10000;2440;2875
P167069001;P167069001_11;K;10000;1240;0;12000;2440;2875
P167069001;P167069001_12;L;10000;0;0;12000;1200;2875
P167069001;P167069001_13;M;12000;0;0;13200;2000;2875
Q167069001_1;Q167069001_1_1;A;0;0;0;2000;1200;2875
Q167069001_1;Q167069001_1_2;B;0;1240;0;2000;2440;2875
Q167069001_1;Q167069001_1_3;C;2000;1240;0;4000;2440;2875
Q167069001_1;Q167069001_1_4;D;2000;0;0;4000;1200;2875
Q167069001_1;Q167069001_1_5;E;4000;0;0;6000;1200;2875
Q167069001_1;Q167069001_1_6;F;4000;1240;0;6000;2440;2875
Q167069001_1;Q167069001_1_7;G;6000;1240;0;8000;2440;2875
Q167069001_1;Q167069001_1_8;H;6000;0;0;8000;1200;2875
Q167069001_1;Q167069001_1_9;I;8000;0;0;10000;1200;2875
Q167069001_1;Q167069001_1_10;J;8000;1240;0;10000;2440;2875
Q167069001_1;Q167069001_1_11;K;10000;1240;0;12000;2440;2875
Q167069001_1;Q167069001_1_12;L;10000;0;0;12000;1200;2875
P167069025;P167069025_1;A;0;0;0;1800;1200;2340
P167069025;P167069025_2;B;0;1240;0;2400;2440;2460
P167069025;P167069025_3;C;1800;0;0;4200;1200;2460
P167069025;P167069025_4;D;2400;1240;0;4800;2440;2000
P167069025;P167069025_5;E;4200;0;0;6600;1200;2000
P167069025;P167069025_6;F;4800;1240;0;7200;2440;2000
P167069025;P167069025_7;G;6600;0;0;9000;1200;2460
P167069025;P167069025_8;H;7200;1240;0;9600;2440;1900
P167069025;P167069025_9;I;9000;0;0;11400;1200;1900
P167069025;P167069025_10;J;9600;1240;0;12000;2440;1900
P167069025;P167069025_11;K;12000;0;0;13200;2400;2000
P167069027;P167069027_1;A;0;0;0;2200;1200;1760
P167069027;P167069027_2;B;0;1240;0;1200;2440;2200
P167069027;P167069027_3;C;1200;1240;0;3000;2440;2340
P167069027;P167069027_4;D;2200;0;0;4000;1200;2340
P167069027;P167069027_5;E;3000;1240;0;4800;2440;2340
P167069027;P167069027_6;F;4000;0;0;6400;1200;1620
P167069027;P167069027_7;G;4800;1240;0;7200;2440;2460
P167069027;P167069027_8;H;6400;0;0;8800;1200;2460
P167069027;P167069027_9;I;7200;1240;0;9600;2440;2460
P167069027;P167069027_10;J;8800;0;0;11200;1200;2460
P167069027;P167069027_11;K;9600;1240;0;12000;2440;2460
P167069027;P167069027_12;L;11200;0;0;13000;1200;2340
P167069027;P167069027_13;M;12000;1240;0;13200;2440;2200
Q167069027_1;Q167069027_1_1;A;0;0;0;1200;2400;2000
Q167069027_1;Q167069027_1_2;B;1200;0;0;2400;2400;2000
Q167069027_1;Q167069027_1_3;C;2400;0;0;3600;2400;1900
Q167069027_1;Q167069027_1_4;D;3600;0;0;4800;2400;1620
Q167069027_1;Q167069027_1_5;E;4800;0;0;6000;2400;2460
Q167069027_1;Q167069027_1_6;F;6000;0;0;7800;1200;2340
Q167069027_1;Q167069027_1_7;G;6000;1240;0;7800;2440;2340
Q167069027_1;Q167069027_1_8;H;7800;1240;0;9600;2440;2340
Q167069027_1;Q167069027_1_9;I;7800;0;0;9600;1200;2340
Q167069027_1;Q167069027_1_10;J;9600;0;0;11400;1200;2340
Q167069027_1;Q167069027_1_11;K;9600;1240;0;11400;2440;2340
Q167069027_1;Q167069027_1_12;L;11400;1240;0;13200;2440;2340
Q167069027_1;Q167069027_1_13;M;11400;0;0;13200;1200;2340
Q167069027_2;Q167069027_2_1;A;0;0;0;1800;1200;2340
Q167069027_2;Q167069027_2_2;B;0;1240;0;1800;2440;2340
Q167069027_2;Q167069027_2_3;C;1800;1240;0;3600;2440;2340
Q167069027_2;Q167069027_2_4;D;1800;0;0;3000;1200;2200
Q167069027_2;Q167069027_2_5;E;3000;0;0;4200;1200;2200
Q167069027_2;Q167069027_2_6;F;3600;1240;0;6000;2440;2000
Q167069027_2;Q167069027_2_7;G;4200;0;0;6600;1200;1900
P194064013;P194064013_1;A;0;0;0;2200;2400;2995
P194064013;P194064013_2;B;2200;40;0;4400;2440;2995
P194064013;P194064013_3;C;4400;0;0;6600;2400;2995
P194064013;P194064013_4;D;6600;40;0;8800;2440;2995
P194064013;P194064013_5;E;8800;0;0;11000;2400;2995
P194064013;P194064013_6;F;11000;40;0;13200;2440;2995
Q194064013_1;Q194064013_1_1;A;0;0;0;2200;2400;2995
Q194064013_1;Q194064013_1_2;B;2200;0;0;4400;2400;2995
Q194064013_1;Q194064013_1_3;C;4400;0;0;6600;2400;2995
Q194064013_1;Q194064013_1_4;D;6600;0;0;8800;2400;2995
Q194064013_1;Q194064013_1_5;E;8800;0;0;11000;2400;2995
Q194064013_1;Q194064013_1_6;F;11000;0;0;13200;2400;2995
P194064011;P194064011_1;A;0;0;0;2200;2400;2935
P194064011;P194064011_2;B;2200;0;0;4400;2400;2995
P194064011;P194064011_3;C;4400;0;0;6600;2400;2995
P194064011;P194064011_4;D;6600;0;0;8800;2400;2995
P194064011;P194064011_5;E;8800;0;0;11000;2400;2995
P194064011;P194064011_6;F;11000;0;0;13200;2400;2995
P194063903;P194063903_1;A;0;0;0;1670;1200;2995
P194063903;P194063903_2;B;0;1240;0;1670;2440;2995
P194063903;P194063903_3;C;1670;0;0;3870;2400;2995
P194063903;P194063903_4;D;3870;0;0;6070;2400;2995
P194063903;P194063903_5;E;6070;0;0;8270;2400;2995
P194063903;P194063903_6;F;8270;0;0;10470;2400;2995
P194063903;P194063903_7;G;10470;0;0;12670;2400;2995
P194063919;P194063919_1;A;0;0;0;1670;1200;2995
P194063919;P194063919_2;B;0;1200;0;1670;2400;2995
P194063919;P194063919_3;C;1670;1240;0;3340;2440;2995
P194063919;P194063919_4;D;1670;0;0;3340;1200;2995
P194063919;P194063919_5;E;3340;0;0;5010;1200;2995
P194063919;P194063919_6;F;3340;1200;0;5010;2400;2995
P194063919;P194063919_7;G;5010;1240;0;6680;2440;2995
P194063919;P194063919_8;H;5010;0;0;6680;1200;2995
P194063919;P194063919_9;I;6680;0;0;8350;1200;2995
P194063919;P194063919_10;J;6680;1200;0;8350;2400;2995
P194063919;P194063919_11;K;8350;1240;0;10020;2440;2995
P194063919;P194063919_12;L;8350;0;0;10020;1200;2995
P194063919;P194063919_13;M;10020;1240;0;11690;2440;2995
P194063919;P194063919_14;N;10020;0;0;11690;1200;2995
P194063919;P194063919_15;O;11690;0;0;13360;1200;2995
P194063919;P194063919_16;P;11690;1240;0;13360;2440;2995
P194064009;P194064009_1;A;0;0;0;2200;2400;2935
P194064009;P194064009_2;B;2200;0;0;4400;2400;2995
P194064009;P194064009_3;C;4400;0;0;6600;2400;2995
P194064009;P194064009_4;D;6600;0;0;8800;2400;2995
P194064009;P194064009_5;E;8800;0;0;11000;2400;2995
P194064009;P194064009_6;F;11000;0;0;13200;2400;2995
P194064007;P194064007_1;A;0;0;0;2200;2400;2995
P194064007;P194064007_2;B;2200;0;0;4400;2400;2995
P194064007;P194064007_3;C;4400;0;0;6600;2400;2995
P194064007;P194064007_4;D;6600;0;0;8800;2400;2995
P194064007;P194064007_5;E;8800;0;0;11000;2400;2995
P194064007;P194064007_6;F;11000;0;0;13200;2400;2995
P194064005;P194064005_1;A;0;0;0;2200;2400;2995
P194064005;P194064005_2;B;2200;40;0;4400;2440;2995
P194064005;P194064005_3;C;4400;0;0;6600;2400;2995
P194064005;P194064005_4;D;6600;40;0;8800;2440;2995
P194064005;P194064005_5;E;8800;0;0;11000;2400;2995
P194064005;P194064005_6;F;11000;40;0;13200;2440;2995
P194064003;P194064003_1;A;0;0;0;1010;1206;1085
P194064003;P194064003_2;B;0;1240;0;1670;2440;2995
P194064003;P194064003_3;C;1010;0;0;2680;1200;2995
P194064003;P194064003_4;D;1670;1240;0;3340;2440;1520
P194064003;P194064003_5;E;3340;0;0;5540;2400;2995
P194064003;P194064003_6;F;5540;0;0;7740;2400;2995
P194064003;P194064003_7;G;7740;0;0;9940;2400;2995
P194064003;P194064003_8;H;9940;0;0;12140;2400;2935
P193063909;P193063909_1;A;0;0;0;1670;1200;2995
P193063909;P193063909_2;B;0;1200;0;1670;2400;2995
P193063909;P193063909_3;C;1670;1240;0;3340;2440;2995
P193063909;P193063909_4;D;1670;0;0;3340;1200;2995
P193063909;P193063909_5;E;3340;0;0;5010;1200;2995
P193063909;P193063909_6;F;3340;1200;0;5010;2400;2995
P193063909;P193063909_7;G;5010;1240;0;6680;2440;2995
P193063909;P193063909_8;H;5010;0;0;6680;1200;2995
P193063909;P193063909_9;I;6680;0;0;8350;1200;2995
P193063909;P193063909_10;J;6680;1200;0;8350;2400;2995
P193063909;P193063909_11;K;8350;1240;0;10020;2440;2995
P193063909;P193063909_12;L;8350;0;0;10020;1200;2995
P193063909;P193063909_13;M;10020;0;0;11690;1200;2995
P193063909;P193063909_14;N;10020;1200;0;11690;2400;2995
P193063909;P193063909_15;O;11690;1240;0;13360;2440;2995
P193063909;P193063909_16;P;11690;0;0;13360;1200;2995
P193064013;P193064013_1;A;0;0;0;2200;2400;2995
P193064013;P193064013_2;B;2200;40;0;4400;2440;2995
P193064013;P193064013_3;C;4400;0;0;6600;2400;2995
P193064013;P193064013_4;D;6600;40;0;8800;2440;2995
P193064013;P193064013_5;E;8800;0;0;11000;2400;2995
P193064013;P193064013_6;F;11000;40;0;13200;2440;2995
P193064011;P193064011_1;A;0;0;0;2200;2400;2995
P193064011;P193064011_2;B;2200;0;0;4400;2400;2995
P193064011;P193064011_3;C;4400;0;0;6600;2400;2995
P193064011;P193064011_4;D;6600;0;0;8800;2400;2995
P193064011;P193064011_5;E;8800;0;0;11000;2400;2995
P193064011;P193064011_6;F;11000;0;0;13200;2400;2995
P193063903;P193063903_1;A;0;0;0;2200;2400;2995
P193063903;P193063903_2;B;2200;0;0;4400;2400;2995
P193063903;P193063903_3;C;4400;0;0;6600;2400;2995
P193063903;P193063903_4;D;6600;0;0;8800;2400;2995
P193063903;P193063903_5;E;8800;0;0;11000;2400;2995
P193063903;P193063903_6;F;11000;0;0;13200;2400;2995
P193063919;P193063919_1;A;0;0;0;1670;1200;2995
P193063919;P193063919_2;B;0;1200;0;1670;2400;2995
P193063919;P193063919_3;C;1670;1240;0;3340;2440;2995
P193063919;P193063919_4;D;1670;0;0;3340;1200;2995
P193063919;P193063919_5;E;3340;0;0;5010;1200;2995
P193063919;P193063919_6;F;3340;1200;0;5010;2400;2995
P193063919;P193063919_7;G;5010;1240;0;6680;2440;2995
P193063919;P193063919_8;H;5010;0;0;6680;1200;2995
P193063919;P193063919_9;I;6680;0;0;8350;1200;2995
P193063919;P193063919_10;J;6680;1240;0;8350;2440;2995
P193063919;P193063919_11;K;8350;1240;0;10020;2440;2995
P193063919;P193063919_12;L;8350;0;0;10020;1200;2995
P193063919;P193063919_13;M;10020;0;0;11690;1200;2995
P193063919;P193063919_14;N;10020;1240;0;11690;2440;2995
P193063919;P193063919_15;O;11690;1240;0;13360;2440;2995
P193063919;P193063919_16;P;11690;0;0;13360;1200;2995
P193064009;P193064009_1;A;0;0;0;2200;2400;2995
P193064009;P193064009_2;B;2200;40;0;4400;2440;2995
P193064009;P193064009_3;C;4400;0;0;6600;2400;2995
P193064009;P193064009_4;D;6600;40;0;8800;2440;2995
P193064009;P193064009_5;E;8800;0;0;11000;2400;2995
P193064009;P193064009_6;F;11000;40;0;13200;2440;2995
P193064007;P193064007_1;A;0;0;0;2200;2400;2935
P193064007;P193064007_2;B;2200;0;0;4400;2400;2995
P193064007;P193064007_3;C;4400;0;0;6600;2400;2995
P193064007;P193064007_4;D;6600;1240;0;8270;2440;2995
P193064007;P193064007_5;E;6600;0;0;8270;1200;2995
P193064007;P193064007_6;F;8270;0;0;10470;2400;2995
P193064007;P193064007_7;G;10470;0;0;12670;2400;2995
P193064005;P193064005_1;A;0;0;0;2200;2400;2995
P193064005;P193064005_2;B;2200;40;0;4400;2440;2995
P193064005;P193064005_3;C;4400;0;0;6600;2400;2995
P193064005;P193064005_4;D;6600;0;0;8800;2400;2995
P193064005;P193064005_5;E;8800;0;0;11000;2400;2995
P193064005;P193064005_6;F;11000;0;0;13200;2400;2995
P193064003;P193064003_1;A;0;0;0;1010;1206;485
P193064003;P193064003_2;B;0;1240;0;1670;2440;2995
P193064003;P193064003_3;C;1670;0;0;3870;2400;2995
P193064003;P193064003_4;D;3870;0;0;6070;2400;2995
P193064003;P193064003_5;E;6070;0;0;8270;2400;2995
P193064003;P193064003_6;F;8270;0;0;10470;2400;2995
P193064003;P193064003_7;G;10470;0;0;12670;2400;2995
P192063909;P192063909_1;A;0;0;0;1670;1200;2995
P192063909;P192063909_2;B;0;1200;0;1670;2400;2995
P192063909;P192063909_3;C;1670;1240;0;3340;2440;2995
P192063909;P192063909_4;D;1670;0;0;3340;1200;2995
P192063909;P192063909_5;E;3340;0;0;5010;1200;2995
P192063909;P192063909_6;F;3340;1200;0;5010;2400;2995
P192063909;P192063909_7;G;5010;1240;0;6680;2440;2995
P192063909;P192063909_8;H;5010;0;0;6680;1200;2995
P192063909;P192063909_9;I;6680;0;0;8350;1200;2995
P192063909;P192063909_10;J;6680;1240;0;8350;2440;2995
P192063909;P192063909_11;K;8350;1240;0;10020;2440;2995
P192063909;P192063909_12;L;8350;0;0;10020;1200;2995
P192063909;P192063909_13;M;10020;0;0;11690;1200;2995
P192063909;P192063909_14;N;10020;1240;0;11690;2440;2995
P192063909;P192063909_15;O;11690;1240;0;13360;2440;2995
P192063909;P192063909_16;P;11690;0;0;13360;1200;2995
P192064013;P192064013_1;A;0;0;0;2200;2400;2995
P192064013;P192064013_2;B;2200;40;0;4400;2440;2995
P192064013;P192064013_3;C;4400;0;0;6600;2400;2995
P192064013;P192064013_4;D;6600;40;0;8800;2440;2995
P192064013;P192064013_5;E;8800;0;0;11000;2400;2995
P192064013;P192064013_6;F;11000;0;0;13200;2400;2995
P192064011;P192064011_1;A;0;0;0;2200;2400;2995
P192064011;P192064011_2;B;2200;40;0;4400;2440;2995
P192064011;P192064011_3;C;4400;0;0;6600;2400;2995
P192064011;P192064011_4;D;6600;40;0;8800;2440;2995
P192064011;P192064011_5;E;8800;0;0;11000;2400;2995
P192064011;P192064011_6;F;11000;0;0;13200;2400;2995
P192063903;P192063903_1;A;0;0;0;2200;2400;2995
P192063903;P192063903_2;B;2200;0;0;4400;2400;2995
P192063903;P192063903_3;C;4400;0;0;6600;2400;2995
P192063903;P192063903_4;D;6600;0;0;8800;2400;2995
P192063903;P192063903_5;E;8800;0;0;11000;2400;2995
P192063903;P192063903_6;F;11000;0;0;13200;2400;2995
P192063919;P192063919_1;A;0;0;0;1670;1200;2995
P192063919;P192063919_2;B;0;1200;0;1670;2400;2995
P192063919;P192063919_3;C;1670;1240;0;3340;2440;2995
P192063919;P192063919_4;D;1670;0;0;3340;1200;2995
P192063919;P192063919_5;E;3340;0;0;5010;1200;2995
P192063919;P192063919_6;F;3340;1240;0;5010;2440;2995
P192063919;P192063919_7;G;5010;1240;0;6680;2440;2995
P192063919;P192063919_8;H;5010;0;0;6680;1200;2995
P192063919;P192063919_9;I;6680;0;0;8350;1200;2995
P192063919;P192063919_10;J;6680;1240;0;8350;2440;2995
P192063919;P192063919_11;K;8350;1240;0;10020;2440;2995
P192063919;P192063919_12;L;8350;0;0;10020;1200;2995
P192063919;P192063919_13;M;10020;0;0;11690;1200;2995
P192063919;P192063919_14;N;10020;1240;0;11690;2440;2995
P192063919;P192063919_15;O;11690;1240;0;13360;2440;2995
P192063919;P192063919_16;P;11690;0;0;13360;1200;2995
P192064009;P192064009_1;A;0;0;0;2200;2400;2995
P192064009;P192064009_2;B;2200;40;0;4400;2440;2995
P192064009;P192064009_3;C;4400;0;0;6600;2400;2995
P192064009;P192064009_4;D;6600;40;0;8800;2440;2995
P192064009;P192064009_5;E;8800;0;0;11000;2400;2995
P192064009;P192064009_6;F;11000;40;0;13200;2440;2995
P192064007;P192064007_1;A;0;0;0;2200;2400;2935
P192064007;P192064007_2;B;2200;0;0;4400;2400;2995
P192064007;P192064007_3;C;4400;0;0;6600;2400;2995
P192064007;P192064007_4;D;6600;1240;0;8270;2440;2995
P192064007;P192064007_5;E;6600;0;0;8270;1200;2995
P192064007;P192064007_6;F;8270;0;0;10470;2400;2995
P192064007;P192064007_7;G;10470;0;0;12670;2400;2995
P192064005;P192064005_1;A;0;0;0;2200;2400;2995
P192064005;P192064005_2;B;2200;40;0;4400;2440;2995
P192064005;P192064005_3;C;4400;0;0;6600;2400;2995
P192064005;P192064005_4;D;6600;0;0;8800;2400;2995
P192064005;P192064005_5;E;8800;0;0;11000;2400;2995
P192064005;P192064005_6;F;11000;0;0;13200;2400;2995
P192064001;P192064001_1;A;0;0;0;1670;1200;2995
P192064001;P192064001_2;B;0;1240;0;1670;2440;2995
P192064001;P192064001_3;C;1670;0;0;3870;2400;2995
P192064001;P192064001_4;D;3870;0;0;6070;2400;2995
P192064001;P192064001_5;E;6070;0;0;8270;2400;2995
P192064001;P192064001_6;F;8270;0;0;10470;2400;2995
P192064001;P192064001_7;G;10470;0;0;12670;2400;2995
P191063909;P191063909_1;A;0;0;0;1670;1200;2995
P191063909;P191063909_2;B;0;1200;0;1670;2400;2995
P191063909;P191063909_3;C;1670;1240;0;3340;2440;2995
P191063909;P191063909_4;D;1670;0;0;3340;1200;2995
P191063909;P191063909_5;E;3340;0;0;5010;1200;2995
P191063909;P191063909_6;F;3340;1240;0;5010;2440;2995
P191063909;P191063909_7;G;5010;1240;0;6680;2440;2995
P191063909;P191063909_8;H;5010;0;0;6680;1200;2995
P191063909;P191063909_9;I;6680;0;0;8350;1200;2995
P191063909;P191063909_10;J;6680;1240;0;8350;2440;2995
P191063909;P191063909_11;K;8350;1240;0;10020;2440;2995
P191063909;P191063909_12;L;8350;0;0;10020;1200;2995
P191063909;P191063909_13;M;10020;0;0;11690;1200;2995
P191063909;P191063909_14;N;10020;1240;0;11690;2440;2995
P191063909;P191063909_15;O;11690;1240;0;13360;2440;2995
P191063909;P191063909_16;P;11690;0;0;13360;1200;2995
P191064013;P191064013_1;A;0;0;0;2200;2400;2995
P191064013;P191064013_2;B;2200;40;0;4400;2440;2995
P191064013;P191064013_3;C;4400;0;0;6600;2400;2995
P191064013;P191064013_4;D;6600;40;0;8800;2440;2995
P191064013;P191064013_5;E;8800;0;0;11000;2400;2995
P191064013;P191064013_6;F;11000;0;0;13200;2400;2995
P191064011;P191064011_1;A;0;0;0;2200;2400;2995
P191064011;P191064011_2;B;2200;40;0;4400;2440;2995
P191064011;P191064011_3;C;4400;0;0;6600;2400;2995
P191064011;P191064011_4;D;6600;40;0;8800;2440;2995
P191064011;P191064011_5;E;8800;0;0;11000;2400;2995
P191064011;P191064011_6;F;11000;0;0;13200;2400;2995
P191063903;P191063903_1;A;0;0;0;2200;2400;2995
P191063903;P191063903_2;B;2200;40;0;4400;2440;2995
P191063903;P191063903_3;C;4400;0;0;6600;2400;2995
P191063903;P191063903_4;D;6600;0;0;8800;2400;2995
P191063903;P191063903_5;E;8800;0;0;11000;2400;2995
P191063903;P191063903_6;F;11000;0;0;13200;2400;2995
P191063919;P191063919_1;A;0;0;0;1670;1200;2995
P191063919;P191063919_2;B;0;1200;0;1670;2400;2995
P191063919;P191063919_3;C;1670;1240;0;3340;2440;2995
P191063919;P191063919_4;D;1670;0;0;3340;1200;2995
P191063919;P191063919_5;E;3340;0;0;5010;1200;2995
P191063919;P191063919_6;F;3340;1200;0;5010;2400;2995
P191063919;P191063919_7;G;5010;1240;0;6680;2440;2995
P191063919;P191063919_8;H;5010;0;0;6680;1200;2995
P191063919;P191063919_9;I;6680;1240;0;8350;2440;2995
P191063919;P191063919_10;J;6680;0;0;8350;1200;2995
P191063919;P191063919_11;K;8350;0;0;10020;1200;2995
P191063919;P191063919_12;L;8350;1240;0;10020;2440;2995
P191063919;P191063919_13;M;10020;1240;0;11690;2440;2995
P191063919;P191063919_14;N;10020;0;0;11690;1200;2995
P191063919;P191063919_15;O;11690;0;0;13360;1200;2995
P191063919;P191063919_16;P;11690;1240;0;13360;2440;2995
P191064009;P191064009_1;A;0;0;0;1670;1200;2995
P191064009;P191064009_2;B;0;1240;0;1670;2440;2995
P191064009;P191064009_3;C;1670;0;0;3870;2400;2935
P191064009;P191064009_4;D;3870;0;0;6070;2400;2995
P191064009;P191064009_5;E;6070;0;0;8270;2400;2995
P191064009;P191064009_6;F;8270;0;0;10470;2400;2995
P191064009;P191064009_7;G;10470;0;0;12670;2400;2995
P189063951;P189063951_1;A;0;0;0;2200;2400;2995
P189063951;P189063951_2;B;2200;40;0;4400;2440;2995
P189063951;P189063951_3;C;4400;0;0;6600;2400;2995
P189063951;P189063951_4;D;6600;40;0;8800;2440;2995
P189063951;P189063951_5;E;8800;0;0;11000;2400;2995
P189063951;P189063951_6;F;11000;0;0;13200;2400;2995
P189063953;P189063953_1;A;0;40;0;2200;2440;2995
P189063953;P189063953_2;B;2200;0;0;4400;2400;2995
P189063953;P189063953_3;C;4400;40;0;6600;2440;2995
P189063953;P189063953_4;D;6600;0;0;8800;2400;2995
P189063953;P189063953_5;E;8800;0;0;11000;2400;2995
P189063953;P189063953_6;F;11000;0;0;13200;2400;2995
P189064007;P189064007_1;A;0;0;0;2200;2400;2935
P189064007;P189064007_2;B;2200;0;0;4400;2400;2995
P189064007;P189064007_3;C;4400;0;0;6600;2400;2995
P189064007;P189064007_4;D;6600;0;0;8800;2400;2995
P189064007;P189064007_5;E;8800;0;0;11000;2400;2995
P189064007;P189064007_6;F;11000;0;0;13200;2400;2995
P189064005;P189064005_1;A;0;0;0;2200;2400;2995
P189064005;P189064005_2;B;2200;40;0;4400;2440;2995
P189064005;P189064005_3;C;4400;0;0;6600;2400;2995
P189064005;P189064005_4;D;6600;40;0;8800;2440;2995
P189064005;P189064005_5;E;8800;0;0;11000;2400;2995
P189064005;P189064005_6;F;11000;40;0;13200;2440;2995
P189064001;P189064001_1;A;0;0;0;1670;1200;2995
P189064001;P189064001_2;B;0;1240;0;1670;2440;2995
P189064001;P189064001_3;C;1670;0;0;3870;2400;2995
P189064001;P189064001_4;D;3870;0;0;6070;2400;2995
P189064001;P189064001_5;E;6070;0;0;8270;2400;2995
P189064001;P189064001_6;F;8270;0;0;10470;2400;2995
P189064001;P189064001_7;G;10470;0;0;12670;2400;2995
P188063909;P188063909_1;A;0;0;0;1670;1200;2995
P188063909;P188063909_2;B;0;1200;0;1670;2400;2995
P188063909;P188063909_3;C;1670;1240;0;3340;2440;2995
P188063909;P188063909_4;D;1670;0;0;3340;1200;2995
P188063909;P188063909_5;E;3340;0;0;5010;1200;2995
P188063909;P188063909_6;F;3340;1240;0;5010;2440;2995
P188063909;P188063909_7;G;5010;1240;0;6680;2440;2995
P188063909;P188063909_8;H;5010;0;0;6680;1200;2995
P188063909;P188063909_9;I;6680;0;0;8350;1200;2995
P188063909;P188063909_10;J;6680;1240;0;8350;2440;2995
P188063909;P188063909_11;K;8350;1240;0;10020;2440;2995
P188063909;P188063909_12;L;8350;0;0;10020;1200;2995
P188063909;P188063909_13;M;10020;0;0;11690;1200;2995
P188063909;P188063909_14;N;10020;1240;0;11690;2440;2995
P188063909;P188063909_15;O;11690;1240;0;13360;2440;2995
P188063909;P188063909_16;P;11690;0;0;13360;1200;2995
P188064013;P188064013_1;A;0;0;0;2200;2400;2995
P188064013;P188064013_2;B;2200;40;0;4400;2440;2995
P188064013;P188064013_3;C;4400;0;0;6600;2400;2995
P188064013;P188064013_4;D;6600;0;0;8800;2400;2995
P188064013;P188064013_5;E;8800;0;0;11000;2400;2995
P188064013;P188064013_6;F;11000;0;0;13200;2400;2995
P188064011;P188064011_1;A;0;0;0;2200;2400;2995
P188064011;P188064011_2;B;2200;40;0;4400;2440;2995
P188064011;P188064011_3;C;4400;0;0;6600;2400;2995
P188064011;P188064011_4;D;6600;40;0;8800;2440;2995
P188064011;P188064011_5;E;8800;0;0;11000;2400;2995
P188064011;P188064011_6;F;11000;0;0;13200;2400;2995
P188063903;P188063903_1;A;0;0;0;2200;2400;2995
P188063903;P188063903_2;B;2200;0;0;4400;2400;2995
P188063903;P188063903_3;C;4400;0;0;6600;2400;2995
P188063903;P188063903_4;D;6600;0;0;8800;2400;2995
P188063903;P188063903_5;E;8800;0;0;11000;2400;2995
P188063903;P188063903_6;F;11000;0;0;13200;2400;2995
P188063919;P188063919_1;A;0;0;0;1670;1200;2995
P188063919;P188063919_2;B;0;1200;0;1670;2400;2995
P188063919;P188063919_3;C;1670;1240;0;3340;2440;2995
P188063919;P188063919_4;D;1670;0;0;3340;1200;2995
P188063919;P188063919_5;E;3340;0;0;5010;1200;2995
P188063919;P188063919_6;F;3340;1240;0;5010;2440;2995
P188063919;P188063919_7;G;5010;1240;0;6680;2440;2995
P188063919;P188063919_8;H;5010;0;0;6680;1200;2995
P188063919;P188063919_9;I;6680;0;0;8350;1200;2995
P188063919;P188063919_10;J;6680;1240;0;8350;2440;2995
P188063919;P188063919_11;K;8350;1240;0;10020;2440;2995
P188063919;P188063919_12;L;8350;0;0;10020;1200;2995
P188063919;P188063919_13;M;10020;0;0;11690;1200;2995
P188063919;P188063919_14;N;10020;1240;0;11690;2440;2995
P188063919;P188063919_15;O;11690;1240;0;13360;2440;2995
P188063919;P188063919_16;P;11690;0;0;13360;1200;2995
P188064009;P188064009_1;A;0;0;0;2200;2400;2995
P188064009;P188064009_2;B;2200;40;0;4400;2440;2995
P188064009;P188064009_3;C;4400;0;0;6600;2400;2995
P188064009;P188064009_4;D;6600;40;0;8800;2440;2995
P188064009;P188064009_5;E;8800;0;0;11000;2400;2995
P188064009;P188064009_6;F;11000;40;0;13200;2440;2995
P188064007;P188064007_1;A;0;0;0;2200;2400;2995
P188064007;P188064007_2;B;2200;1240;0;3870;2440;2995
P188064007;P188064007_3;C;2200;0;0;3870;1200;2995
P188064007;P188064007_4;D;3870;0;0;6070;2400;2995
P188064007;P188064007_5;E;6070;0;0;8270;2400;2995
P188064007;P188064007_6;F;8270;0;0;10470;2400;2995
P188064007;P188064007_7;G;10470;0;0;12670;2400;2995
P188064005;P188064005_1;A;0;0;0;2200;2400;2935
P188064005;P188064005_2;B;2200;0;0;4400;2400;2995
P188064005;P188064005_3;C;4400;0;0;6600;2400;2995
P188064005;P188064005_4;D;6600;0;0;8800;2400;2995
P188064005;P188064005_5;E;8800;0;0;11000;2400;2995
P188064005;P188064005_6;F;11000;0;0;13200;2400;2995
P188064001;P188064001_1;A;0;0;0;2200;2400;2995
P188064001;P188064001_2;B;2200;40;0;4400;2440;2995
P188064001;P188064001_3;C;4400;0;0;6600;2400;2995
P188064001;P188064001_4;D;6600;40;0;8800;2440;2995
P188064001;P188064001_5;E;8800;0;0;11000;2400;2995
P188064001;P188064001_6;F;11000;40;0;13200;2440;2995
P187063909;P187063909_1;A;0;0;0;1670;1200;2995
P187063909;P187063909_2;B;0;1200;0;1670;2400;2995
P187063909;P187063909_3;C;1670;1240;0;3340;2440;2995
P187063909;P187063909_4;D;1670;0;0;3340;1200;2995
P187063909;P187063909_5;E;3340;0;0;5010;1200;2995
P187063909;P187063909_6;F;3340;1240;0;5010;2440;2995
P187063909;P187063909_7;G;5010;1240;0;6680;2440;2995
P187063909;P187063909_8;H;5010;0;0;6680;1200;2995
P187063909;P187063909_9;I;6680;0;0;8350;1200;2995
P187063909;P187063909_10;J;6680;1240;0;8350;2440;2995
P187063909;P187063909_11;K;8350;1240;0;10020;2440;2995
P187063909;P187063909_12;L;8350;0;0;10020;1200;2995
P187063909;P187063909_13;M;10020;0;0;11690;1200;2995
P187063909;P187063909_14;N;10020;1240;0;11690;2440;2995
P187063909;P187063909_15;O;11690;1240;0;13360;2440;2995
P187063909;P187063909_16;P;11690;0;0;13360;1200;2995
P187064013;P187064013_1;A;0;0;0;2200;2400;2995
P187064013;P187064013_2;B;2200;40;0;4400;2440;2995
P187064013;P187064013_3;C;4400;0;0;6600;2400;2995
P187064013;P187064013_4;D;6600;0;0;8800;2400;2995
P187064013;P187064013_5;E;8800;0;0;11000;2400;2995
P187064013;P187064013_6;F;11000;0;0;13200;2400;2995
P187064011;P187064011_1;A;0;0;0;2200;2400;2995
P187064011;P187064011_2;B;2200;40;0;4400;2440;2995
P187064011;P187064011_3;C;4400;1240;0;6070;2440;2995
P187064011;P187064011_4;D;4400;0;0;6070;1200;2995
P187064011;P187064011_5;E;6070;0;0;8270;2400;2995
P187064011;P187064011_6;F;8270;0;0;10470;2400;2995
P187064011;P187064011_7;G;10470;0;0;12670;2400;2995
P187063903;P187063903_1;A;0;40;0;2200;2440;2995
P187063903;P187063903_2;B;2200;0;0;4400;2400;2995
P187063903;P187063903_3;C;4400;0;0;6600;2400;2995
P187063903;P187063903_4;D;6600;0;0;8800;2400;2995
P187063903;P187063903_5;E;8800;0;0;11000;2400;2995
P187063903;P187063903_6;F;11000;0;0;13200;2400;2995
P187063919;P187063919_1;A;0;0;0;1670;1200;2995
P187063919;P187063919_2;B;0;1200;0;1670;2400;2995
P187063919;P187063919_3;C;1670;1240;0;3340;2440;2995
P187063919;P187063919_4;D;1670;0;0;3340;1200;2995
P187063919;P187063919_5;E;3340;0;0;5010;1200;2995
P187063919;P187063919_6;F;3340;1200;0;5010;2400;2995
P187063919;P187063919_7;G;5010;1240;0;6680;2440;2995
P187063919;P187063919_8;H;5010;0;0;6680;1200;2995
P187063919;P187063919_9;I;6680;0;0;8350;1200;2995
P187063919;P187063919_10;J;6680;1240;0;8350;2440;2995
P187063919;P187063919_11;K;8350;1240;0;10020;2440;2995
P187063919;P187063919_12;L;8350;0;0;10020;1200;2995
P187063919;P187063919_13;M;10020;0;0;11690;1200;2995
P187063919;P187063919_14;N;10020;1240;0;11690;2440;2995
P187063919;P187063919_15;O;11690;1240;0;13360;2440;2995
P187063919;P187063919_16;P;11690;0;0;13360;1200;2995
P187064009;P187064009_1;A;0;0;0;2200;2400;2995
P187064009;P187064009_2;B;2200;40;0;4400;2440;2995
P187064009;P187064009_3;C;4400;0;0;6600;2400;2995
P187064009;P187064009_4;D;6600;40;0;8800;2440;2995
P187064009;P187064009_5;E;8800;0;0;11000;2400;2995
P187064009;P187064009_6;F;11000;40;0;13200;2440;2995
P187064007;P187064007_1;A;0;0;0;2200;2400;2935
P187064007;P187064007_2;B;2200;0;0;4400;2400;2995
P187064007;P187064007_3;C;4400;0;0;6070;1200;2995
P187064007;P187064007_4;D;4400;1240;0;6070;2440;2995
P187064007;P187064007_5;E;6070;0;0;8270;2400;2995
P187064007;P187064007_6;F;8270;0;0;10470;2400;2995
P187064007;P187064007_7;G;10470;0;0;12670;2400;2995
P187064005;P187064005_1;A;0;0;0;2200;2400;2995
P187064005;P187064005_2;B;2200;40;0;4400;2440;2995
P187064005;P187064005_3;C;4400;0;0;6600;2400;2995
P187064005;P187064005_4;D;6600;0;0;8800;2400;2995
P187064005;P187064005_5;E;8800;0;0;11000;2400;2995
P187064005;P187064005_6;F;11000;0;0;13200;2400;2935
P187064003;P187064003_1;A;0;0;0;2200;2400;2995
P187064003;P187064003_2;B;2200;40;0;4400;2440;2995
P187064003;P187064003_3;C;4400;0;0;6600;2400;2995
P187064003;P187064003_4;D;6600;40;0;8800;2440;2995
P187064003;P187064003_5;E;8800;0;0;11000;2400;2995
P187064003;P187064003_6;F;11000;40;0;13200;2440;2995
P186063909;P186063909_1;A;0;0;0;1670;1200;2995
P186063909;P186063909_2;B;0;1200;0;1670;2400;2995
P186063909;P186063909_3;C;1670;1240;0;3340;2440;2995
P186063909;P186063909_4;D;1670;0;0;3340;1200;2995
P186063909;P186063909_5;E;3340;0;0;5010;1200;2995
P186063909;P186063909_6;F;3340;1240;0;5010;2440;2995
P186063909;P186063909_7;G;5010;1240;0;6680;2440;2995
P186063909;P186063909_8;H;5010;0;0;6680;1200;2995
P186063909;P186063909_9;I;6680;0;0;8350;1200;2995
P186063909;P186063909_10;J;6680;1240;0;8350;2440;2995
P186063909;P186063909_11;K;8350;1240;0;10020;2440;2995
P186063909;P186063909_12;L;8350;0;0;10020;1200;2995
P186063909;P186063909_13;M;10020;0;0;11690;1200;2995
P186063909;P186063909_14;N;10020;1240;0;11690;2440;2995
P186063909;P186063909_15;O;11690;1240;0;13360;2440;2995
P186063909;P186063909_16;P;11690;0;0;13360;1200;2995
P186064013;P186064013_1;A;0;0;0;2200;2400;2995
P186064013;P186064013_2;B;2200;40;0;4400;2440;2995
P186064013;P186064013_3;C;4400;0;0;6600;2400;2995
P186064013;P186064013_4;D;6600;0;0;8800;2400;2995
P186064013;P186064013_5;E;8800;0;0;11000;2400;2995
P186064013;P186064013_6;F;11000;0;0;13200;2400;2995
P186064011;P186064011_1;A;0;0;0;2200;2400;2995
P186064011;P186064011_2;B;2200;40;0;4400;2440;2995
P186064011;P186064011_3;C;4400;0;0;6600;2400;2995
P186064011;P186064011_4;D;6600;0;0;8800;2400;2995
P186064011;P186064011_5;E;8800;0;0;11000;2400;2995
P186064011;P186064011_6;F;11000;0;0;13200;2400;2995
P186063903;P186063903_1;A;0;0;0;2200;2400;2995
P186063903;P186063903_2;B;2200;1240;0;3870;2440;2995
P186063903;P186063903_3;C;2200;0;0;3870;1200;2995
P186063903;P186063903_4;D;3870;0;0;6070;2400;2995
P186063903;P186063903_5;E;6070;0;0;8270;2400;2995
P186063903;P186063903_6;F;8270;0;0;10470;2400;2995
P186063903;P186063903_7;G;10470;0;0;12670;2400;2995
P186063919;P186063919_1;A;0;0;0;1670;1200;2995
P186063919;P186063919_2;B;0;1200;0;1670;2400;2995
P186063919;P186063919_3;C;1670;1240;0;3340;2440;2995
P186063919;P186063919_4;D;1670;0;0;3340;1200;2995
P186063919;P186063919_5;E;3340;0;0;5010;1200;2995
P186063919;P186063919_6;F;3340;1200;0;5010;2400;2995
P186063919;P186063919_7;G;5010;1240;0;6680;2440;2995
P186063919;P186063919_8;H;5010;0;0;6680;1200;2995
P186063919;P186063919_9;I;6680;0;0;8350;1200;2995
P186063919;P186063919_10;J;6680;1240;0;8350;2440;2995
P186063919;P186063919_11;K;8350;1240;0;10020;2440;2995
P186063919;P186063919_12;L;8350;0;0;10020;1200;2995
P186063919;P186063919_13;M;10020;0;0;11690;1200;2995
P186063919;P186063919_14;N;10020;1240;0;11690;2440;2995
P186063919;P186063919_15;O;11690;1240;0;13360;2440;2995
P186063919;P186063919_16;P;11690;0;0;13360;1200;2995
P186064009;P186064009_1;A;0;0;0;2200;2400;2995
P186064009;P186064009_2;B;2200;40;0;4400;2440;2995
P186064009;P186064009_3;C;4400;0;0;6600;2400;2995
P186064009;P186064009_4;D;6600;40;0;8800;2440;2995
P186064009;P186064009_5;E;8800;0;0;11000;2400;2995
P186064009;P186064009_6;F;11000;40;0;13200;2440;2995
P186064007;P186064007_1;A;0;0;0;2200;2400;2995
P186064007;P186064007_2;B;2200;0;0;4400;2400;2995
P186064007;P186064007_3;C;4400;0;0;6600;2400;2995
P186064007;P186064007_4;D;6600;0;0;8800;2400;2995
P186064007;P186064007_5;E;8800;0;0;11000;2400;2995
P186064007;P186064007_6;F;11000;0;0;13200;2400;2995
P186064005;P186064005_1;A;0;0;0;2200;2400;2935
P186064005;P186064005_2;B;2200;0;0;4400;2400;2995
P186064005;P186064005_3;C;4400;0;0;6600;2400;2995
P186064005;P186064005_4;D;6600;0;0;8800;2400;2995
P186064005;P186064005_5;E;8800;0;0;11000;2400;2995
P186064005;P186064005_6;F;11000;0;0;13200;2400;2995
P186064003;P186064003_1;A;0;0;0;1010;1206;970
P186064003;P186064003_2;B;0;1240;0;1670;2440;2995
P186064003;P186064003_3;C;1010;0;0;2680;1200;1520
P186064003;P186064003_4;D;2680;0;0;4880;2400;2995
P186064003;P186064003_5;E;4880;0;0;7080;2400;2995
P186064003;P186064003_6;F;7080;0;0;9280;2400;2995
P186064003;P186064003_7;G;9280;0;0;11480;2400;2995
P185063909;P185063909_1;A;0;0;0;1670;1200;2995
P185063909;P185063909_2;B;0;1200;0;1670;2400;2995
P185063909;P185063909_3;C;1670;1240;0;3340;2440;2995
P185063909;P185063909_4;D;1670;0;0;3340;1200;2995
P185063909;P185063909_5;E;3340;0;0;5010;1200;2995
P185063909;P185063909_6;F;3340;1200;0;5010;2400;2995
P185063909;P185063909_7;G;5010;1240;0;6680;2440;2995
P185063909;P185063909_8;H;5010;0;0;6680;1200;2995
P185063909;P185063909_9;I;6680;1240;0;8350;2440;2995
P185063909;P185063909_10;J;6680;0;0;8350;1200;2995
P185063909;P185063909_11;K;8350;0;0;10020;1200;2995
P185063909;P185063909_12;L;8350;1240;0;10020;2440;2995
P185063909;P185063909_13;M;10020;1240;0;11690;2440;2995
P185063909;P185063909_14;N;10020;0;0;11690;1200;2995
P185063909;P185063909_15;O;11690;0;0;13360;1200;2995
P185063909;P185063909_16;P;11690;1240;0;13360;2440;2995
P185064013;P185064013_1;A;0;0;0;2200;2400;2995
P185064013;P185064013_2;B;2200;40;0;4400;2440;2995
P185064013;P185064013_3;C;4400;0;0;6600;2400;2995
P185064013;P185064013_4;D;6600;40;0;8800;2440;2995
P185064013;P185064013_5;E;8800;0;0;11000;2400;2995
P185064013;P185064013_6;F;11000;0;0;13200;2400;2995
P185064011;P185064011_1;A;0;0;0;2200;2400;2935
P185064011;P185064011_2;B;2200;0;0;4400;2400;2995
P185064011;P185064011_3;C;4400;0;0;6600;2400;2995
P185064011;P185064011_4;D;6600;0;0;8800;2400;2995
P185064011;P185064011_5;E;8800;0;0;11000;2400;2995
P185064011;P185064011_6;F;11000;0;0;13200;2400;2995
P185063903;P185063903_1;A;0;0;0;2200;2400;2995
P185063903;P185063903_2;B;2200;0;0;4400;2400;2995
P185063903;P185063903_3;C;4400;0;0;6600;2400;2995
P185063903;P185063903_4;D;6600;0;0;8800;2400;2995
P185063903;P185063903_5;E;8800;0;0;11000;2400;2995
P185063903;P185063903_6;F;11000;0;0;13200;2400;2995
P185063919;P185063919_1;A;0;0;0;1670;1200;2995
P185063919;P185063919_2;B;0;1200;0;1670;2400;2995
P185063919;P185063919_3;C;1670;1240;0;3340;2440;2995
P185063919;P185063919_4;D;1670;0;0;3340;1200;2995
P185063919;P185063919_5;E;3340;0;0;5010;1200;2995
P185063919;P185063919_6;F;3340;1240;0;5010;2440;2995
P185063919;P185063919_7;G;5010;1240;0;6680;2440;2995
P185063919;P185063919_8;H;5010;0;0;6680;1200;2995
P185063919;P185063919_9;I;6680;0;0;8350;1200;2995
P185063919;P185063919_10;J;6680;1240;0;8350;2440;2995
P185063919;P185063919_11;K;8350;1240;0;10020;2440;2995
P185063919;P185063919_12;L;8350;0;0;10020;1200;2995
P185063919;P185063919_13;M;10020;0;0;11690;1200;2995
P185063919;P185063919_14;N;10020;1240;0;11690;2440;2995
P185063919;P185063919_15;O;11690;1240;0;13360;2440;2995
P185063919;P185063919_16;P;11690;0;0;13360;1200;2995
P185064009;P185064009_1;A;0;0;0;2200;2400;2995
P185064009;P185064009_2;B;2200;40;0;4400;2440;2995
P185064009;P185064009_3;C;4400;0;0;6600;2400;2995
P185064009;P185064009_4;D;6600;40;0;8800;2440;2995
P185064009;P185064009_5;E;8800;0;0;11000;2400;2995
P185064009;P185064009_6;F;11000;40;0;13200;2440;2995
P185064007;P185064007_1;A;0;0;0;1670;1200;2995
P185064007;P185064007_2;B;0;1240;0;1670;2440;2995
P185064007;P185064007_3;C;1670;0;0;3870;2400;2995
P185064007;P185064007_4;D;3870;0;0;6070;2400;2995
P185064007;P185064007_5;E;6070;0;0;8270;2400;2995
P185064007;P185064007_6;F;8270;0;0;10470;2400;2995
P185064007;P185064007_7;G;10470;0;0;12670;2400;2995
P185064005;P185064005_1;A;0;40;0;2200;2440;2995
P185064005;P185064005_2;B;2200;0;0;4400;2400;2995
P185064005;P185064005_3;C;4400;0;0;6600;2400;2995
P185064005;P185064005_4;D;6600;0;0;8800;2400;2995
P185064005;P185064005_5;E;8800;0;0;11000;2400;2995
P185064005;P185064005_6;F;11000;0;0;13200;2400;2995
P185064001;P185064001_1;A;0;40;0;2200;2440;2935
P185064001;P185064001_2;B;2200;0;0;4400;2400;2995
P185064001;P185064001_3;C;4400;0;0;6600;2400;2995
P185064001;P185064001_4;D;6600;0;0;8800;2400;2995
P185064001;P185064001_5;E;8800;0;0;11000;2400;2995
P185064001;P185064001_6;F;11000;0;0;13200;2400;2995
P184063909;P184063909_1;A;0;0;0;1670;1200;2995
P184063909;P184063909_2;B;0;1240;0;1670;2440;2995
P184063909;P184063909_3;C;1670;1240;0;3340;2440;2995
P184063909;P184063909_4;D;1670;0;0;3340;1200;2995
P184063909;P184063909_5;E;3340;0;0;5010;1200;2995
P184063909;P184063909_6;F;3340;1240;0;5010;2440;2995
P184063909;P184063909_7;G;5010;1240;0;6680;2440;2995
P184063909;P184063909_8;H;5010;0;0;6680;1200;2995
P184063909;P184063909_9;I;6680;0;0;8350;1200;1520
P184064013;P184064013_1;A;0;0;0;1670;1200;2995
P184064013;P184064013_2;B;0;1240;0;1670;2440;1520
P184064013;P184064013_3;C;1670;0;0;3870;2400;2995
P184064013;P184064013_4;D;3870;0;0;6070;2400;2995
P184064013;P184064013_5;E;6070;0;0;8270;2400;2995
P184064013;P184064013_6;F;8270;0;0;10470;2400;2995
P184064013;P184064013_7;G;10470;0;0;12670;2400;2995
P184064011;P184064011_1;A;0;0;0;2200;2400;2995
P184064011;P184064011_2;B;2200;40;0;4400;2440;2995
P184064011;P184064011_3;C;4400;0;0;6600;2400;1520
P180069217;P180069217_1;A;0;0;0;1200;2400;2500
P180069217;P180069217_2;B;1200;0;0;2400;2400;2500
P180069217;P180069217_3;C;2400;0;0;3600;2400;1620
P180069217;P180069217_4;D;3600;0;0;4800;2400;2500
P180069217;P180069217_5;E;4800;0;0;6000;2400;2500
P180069217;P180069217_6;F;6000;0;0;7200;2400;2500
P180069217;P180069217_7;G;7200;0;0;8400;2400;1900
P180069217;P180069217_8;H;8400;0;0;9600;2400;2500
P180069217;P180069217_9;I;9600;0;0;10800;2400;2500
P180069217;P180069217_10;J;10800;0;0;12000;2400;2500
P180069217;P180069217_11;K;12000;0;0;13200;2400;2500
P180069215;P180069215_1;A;0;0;0;1200;2400;1620
P180069215;P180069215_2;B;1200;0;0;2400;2400;1620
P180069215;P180069215_3;C;2400;1240;0;4200;2440;2400
P180069215;P180069215_4;D;2400;0;0;4800;1200;1900
P180069215;P180069215_5;E;4200;1240;0;6600;2440;2500
P180069215;P180069215_6;F;4800;0;0;7200;1200;1900
P180069215;P180069215_7;G;6600;1240;0;9000;2440;1900
P180069215;P180069215_8;H;7200;0;0;9600;1200;2500
P180069215;P180069215_9;I;9000;1240;0;11400;2440;2500
P180069215;P180069215_10;J;9600;0;0;12000;1200;2500
P180069215;P180069215_11;K;12000;40;0;13200;2440;2500
P180069211;P180069211_1;A;0;0;0;1200;2400;2380
P180069211;P180069211_2;B;1200;0;0;2400;2400;1620
P180069211;P180069211_3;C;2400;0;0;3600;2400;2500
P180069211;P180069211_4;D;3600;0;0;4800;2400;2500
P180069211;P180069211_5;E;4800;0;0;6000;2400;2500
P180069211;P180069211_6;F;6000;0;0;7200;2400;2500
P180069211;P180069211_7;G;7200;0;0;8400;2400;2500
P180069211;P180069211_8;H;8400;0;0;9600;2400;1900
P180069211;P180069211_9;I;9600;0;0;10800;2400;2500
P180069211;P180069211_10;J;10800;0;0;12000;2400;2500
P180069211;P180069211_11;K;12000;0;0;13200;2400;2500
P180069207;P180069207_1;A;0;0;0;1200;2400;2500
P180069207;P180069207_2;B;1200;0;0;2400;2400;2500
P180069207;P180069207_3;C;2400;0;0;3600;2400;2500
P180069207;P180069207_4;D;3600;0;0;4800;2400;1900
P180069207;P180069207_5;E;4800;0;0;6000;2400;1900
P180069207;P180069207_6;F;6000;0;0;7200;2400;2500
P180069207;P180069207_7;G;7200;0;0;8400;2400;2500
P180069207;P180069207_8;H;8400;0;0;9600;2400;2500
P180069207;P180069207_9;I;9600;0;0;10800;2400;2500
P180069207;P180069207_10;J;10800;0;0;12000;2400;2500
P180069207;P180069207_11;K;12000;0;0;13200;2400;2000
P180069307;P180069307_1;A;0;0;0;1200;2400;2500
P180069307;P180069307_2;B;1200;0;0;2400;2400;2855
P180069307;P180069307_3;C;2400;0;0;2970;780;478
P180069307;P180069307_4;D;2400;1240;0;4800;2440;2500
P180069307;P180069307_5;E;2970;0;0;5370;1200;2500
P180069307;P180069307_6;F;4800;1240;0;7200;2440;2500
P180069307;P180069307_7;G;5370;0;0;7770;1200;2500
P180069307;P180069307_8;H;7200;1240;0;9600;2440;2500
P180069307;P180069307_9;I;7770;0;0;9570;1200;2400
P180069307;P180069307_10;J;9570;0;0;11970;1200;2500
P180069307;P180069307_11;K;9600;1240;0;12000;2440;2500
P180069307;P180069307_12;L;12000;0;0;13200;2400;2500
P180069305;P180069305_1;A;0;0;0;1200;2400;2500
P180069305;P180069305_2;B;1200;0;0;2400;2400;2500
P180069305;P180069305_3;C;2400;0;0;3600;2400;1900
P180069305;P180069305_4;D;3600;0;0;4800;2400;1900
P180069305;P180069305_5;E;4800;0;0;6000;2400;2855
P180069305;P180069305_6;F;6000;0;0;7200;2400;2855
P180069305;P180069305_7;G;7200;0;0;8400;2400;2500
P180069305;P180069305_8;H;8400;0;0;9600;2400;2500
P180069305;P180069305_9;I;9600;0;0;10800;2400;2855
P180069305;P180069305_10;J;10800;0;0;12000;2400;2855
P180069305;P180069305_11;K;12000;0;0;13200;2400;2500
P180069203;P180069203_1;A;0;0;0;1200;2400;1800
P180069203;P180069203_2;B;1200;0;0;2400;2400;1620
P180069203;P180069203_3;C;2400;0;0;3600;2400;1620
P180069203;P180069203_4;D;3600;0;0;4800;2400;2500
P180069203;P180069203_5;E;4800;0;0;6000;2400;2500
P180069203;P180069203_6;F;6000;0;0;7200;2400;2500
P180069203;P180069203_7;G;7200;0;0;8400;2400;2500
P180069203;P180069203_8;H;8400;0;0;9600;2400;2500
P180069203;P180069203_9;I;9600;0;0;10800;2400;2500
P180069203;P180069203_10;J;10800;0;0;12000;2400;2500
P180069203;P180069203_11;K;12000;0;0;13200;2400;2500
P180069201;P180069201_1;A;0;0;0;1200;2400;1800
P180069201;P180069201_2;B;1200;0;0;2400;2400;2500
P180069201;P180069201_3;C;2400;0;0;3600;2400;2500
P180069201;P180069201_4;D;3600;0;0;4800;2400;2500
P180069201;P180069201_5;E;4800;0;0;6000;2400;2500
P180069201;P180069201_6;F;6000;0;0;7200;2400;1900
P180069201;P180069201_7;G;7200;0;0;8400;2400;1900
P180069201;P180069201_8;H;8400;0;0;9600;2400;1620
P180069201;P180069201_9;I;9600;0;0;10800;2400;1620
P180069201;P180069201_10;J;10800;0;0;12000;2400;2000
P180069201;P180069201_11;K;12000;0;0;13200;2400;2500
P180069319;P180069319_1;A;0;0;0;1200;2400;1620
P180069319;P180069319_2;B;1200;40;0;2400;2440;1620
P180069319;P180069319_3;C;2400;0;0;3600;2400;2500
P180069319;P180069319_4;D;3600;0;0;4800;2400;2500
P180069319;P180069319_5;E;4800;0;0;6000;2400;2500
P180069319;P180069319_6;F;6000;0;0;7200;2400;2500
P180069319;P180069319_7;G;7200;0;0;8400;2400;2500
P180069319;P180069319_8;H;8400;0;0;9600;2400;2500
P180069319;P180069319_9;I;9600;0;0;10800;2400;2500
P180069319;P180069319_10;J;10800;0;0;12000;2400;2500
P180069319;P180069319_11;K;12000;0;0;13200;2400;2500
P180069219;P180069219_1;A;0;0;0;1200;2400;1620
P180069219;P180069219_2;B;1200;0;0;2400;2400;2500
P180069219;P180069219_3;C;2400;0;0;3600;2400;2500
P180069219;P180069219_4;D;3600;0;0;4800;2400;2500
P180069219;P180069219_5;E;4800;0;0;6000;2400;2500
P180069219;P180069219_6;F;6000;0;0;7200;2400;2500
P180069219;P180069219_7;G;7200;0;0;8400;2400;1900
P180069219;P180069219_8;H;8400;0;0;9600;2400;2855
P180069219;P180069219_9;I;9600;0;0;10800;2400;2500
P180069219;P180069219_10;J;10800;0;0;12000;2400;2500
P180069219;P180069219_11;K;12000;0;0;13200;2400;2855
P179069217;P179069217_1;A;0;0;0;1200;2400;1620
P179069217;P179069217_2;B;1200;0;0;2400;2400;1620
P179069217;P179069217_3;C;2400;1240;0;4200;2440;2400
P179069217;P179069217_4;D;2400;0;0;4800;1200;1900
P179069217;P179069217_5;E;4200;1240;0;6600;2440;1900
P179069217;P179069217_6;F;4800;0;0;7200;1200;2500
P179069217;P179069217_7;G;6600;1240;0;9000;2440;2500
P179069217;P179069217_8;H;7200;0;0;9600;1200;2500
P179069217;P179069217_9;I;9000;1240;0;11400;2440;2500
P179069217;P179069217_10;J;9600;0;0;12000;1200;2500
P179069217;P179069217_11;K;12000;40;0;13200;2440;2500
P179069215;P179069215_1;A;0;0;0;1200;2400;2500
P179069215;P179069215_2;B;1200;0;0;2400;2400;2000
P179069215;P179069215_3;C;2400;0;0;3600;2400;1900
P179069215;P179069215_4;D;3600;0;0;4800;2400;2500
P179069215;P179069215_5;E;4800;0;0;6000;2400;2500
P179069215;P179069215_6;F;6000;0;0;7200;2400;2500
P179069215;P179069215_7;G;7200;0;0;8400;2400;2500
P179069215;P179069215_8;H;8400;0;0;9600;2400;2500
P179069215;P179069215_9;I;9600;0;0;10800;2400;2500
P179069215;P179069215_10;J;10800;0;0;12000;2400;2500
P179069215;P179069215_11;K;12000;0;0;13200;2400;1900
P179069211;P179069211_1;A;0;0;0;1200;2400;1800
P179069211;P179069211_2;B;1200;0;0;2400;2400;1620
P179069211;P179069211_3;C;2400;0;0;3600;2400;1620
P179069211;P179069211_4;D;3600;0;0;4800;2400;2000
P179069211;P179069211_5;E;4800;0;0;6000;2400;2855
P179069211;P179069211_6;F;6000;0;0;7200;2400;1900
P179069211;P179069211_7;G;7200;0;0;8400;2400;2500
P179069211;P179069211_8;H;8400;0;0;9600;2400;1900
P179069211;P179069211_9;I;9600;0;0;10800;2400;2500
P179069211;P179069211_10;J;10800;0;0;12000;2400;2500
P179069211;P179069211_11;K;12000;0;0;13200;2400;2500
P179069207;P179069207_1;A;0;0;0;1200;2400;1620
P179069207;P179069207_2;B;1200;0;0;2400;2400;1900
P179069207;P179069207_3;C;2400;0;0;2970;780;909
P179069207;P179069207_4;D;2400;1240;0;4800;2440;2500
P179069207;P179069207_5;E;2970;0;0;5370;1200;2500
P179069207;P179069207_6;F;4800;1240;0;7200;2440;2500
P179069207;P179069207_7;G;5370;0;0;7770;1200;2500
P179069207;P179069207_8;H;7200;1240;0;9600;2440;2500
P179069207;P179069207_9;I;7770;0;0;10170;1200;2500
P179069207;P179069207_10;J;9600;1240;0;12000;2440;2500
P179069207;P179069207_11;K;10170;0;0;12570;1200;2500
P179069307;P179069307_1;A;0;0;0;1200;2400;2855
P179069307;P179069307_2;B;1200;40;0;2400;2440;2855
P179069307;P179069307_3;C;2400;0;0;3600;2400;2500
P179069307;P179069307_4;D;3600;0;0;4800;2400;2500
P179069307;P179069307_5;E;4800;0;0;6000;2400;2500
P179069307;P179069307_6;F;6000;0;0;7200;2400;2500
P179069307;P179069307_7;G;7200;0;0;8400;2400;1900
P179069307;P179069307_8;H;8400;0;0;9600;2400;1900
P179069307;P179069307_9;I;9600;0;0;10800;2400;2500
P179069307;P179069307_10;J;10800;0;0;12000;2400;2500
P179069307;P179069307_11;K;12000;0;0;13200;2400;2500
P179069305;P179069305_1;A;0;0;0;1200;2400;2855
P179069305;P179069305_2;B;1200;0;0;2400;2400;2500
P179069305;P179069305_3;C;2400;0;0;3600;2400;2500
P179069305;P179069305_4;D;3600;0;0;4800;2400;1900
P179069305;P179069305_5;E;4800;0;0;6000;2400;1900
P179069305;P179069305_6;F;6000;0;0;7200;2400;2500
P179069305;P179069305_7;G;7200;0;0;8400;2400;2500
P179069305;P179069305_8;H;8400;0;0;9600;2400;2500
P179069305;P179069305_9;I;9600;0;0;10800;2400;2500
P179069305;P179069305_10;J;10800;0;0;12000;2400;2500
P179069305;P179069305_11;K;12000;0;0;13200;2400;2500
P179069203;P179069203_1;A;0;0;0;1200;2400;2000
P179069203;P179069203_2;B;1200;0;0;2400;2400;1620
P179069203;P179069203_3;C;2400;0;0;3600;2400;1620
P179069203;P179069203_4;D;3600;0;0;4800;2400;1620
P179069203;P179069203_5;E;4800;0;0;6000;2400;1620
P179069203;P179069203_6;F;6000;0;0;7200;2400;1620
P179069203;P179069203_7;G;7200;0;0;8400;2400;2500
P179069203;P179069203_8;H;8400;0;0;9600;2400;2500
P179069203;P179069203_9;I;9600;0;0;10800;2400;2500
P179069203;P179069203_10;J;10800;0;0;12000;2400;2500
P179069203;P179069203_11;K;12000;0;0;13200;2400;2500
P179069201;P179069201_1;A;0;0;0;1200;2400;2500
P179069201;P179069201_2;B;1200;0;0;2400;2400;2500
P179069201;P179069201_3;C;2400;0;0;3600;2400;2500
P179069201;P179069201_4;D;3600;0;0;4800;2400;2500
P179069201;P179069201_5;E;4800;0;0;6000;2400;2500
P179069201;P179069201_6;F;6000;0;0;7200;2400;2500
P179069201;P179069201_7;G;7200;0;0;8400;2400;2500
P179069201;P179069201_8;H;8400;0;0;9600;2400;1900
P179069201;P179069201_9;I;9600;0;0;10800;2400;2000
P179069201;P179069201_10;J;10800;0;0;12600;1200;2400
P179069201;P179069201_11;K;10800;1240;0;13200;2440;1620
P179069319;P179069319_1;A;0;0;0;1200;2400;2500
P179069319;P179069319_2;B;1200;0;0;2400;2400;2500
P179069319;P179069319_3;C;2400;0;0;3600;2400;2855
P179069319;P179069319_4;D;3600;0;0;4800;2400;2855
P179069319;P179069319_5;E;4800;0;0;6000;2400;1620
P179069319;P179069319_6;F;6000;0;0;7200;2400;2500
P179069319;P179069319_7;G;7200;0;0;8400;2400;2500
P179069319;P179069319_8;H;8400;0;0;9600;2400;2500
P179069319;P179069319_9;I;9600;0;0;10800;2400;2500
P179069319;P179069319_10;J;10800;0;0;12000;2400;2500
P179069319;P179069319_11;K;12000;0;0;13200;2400;2500
P179069219;P179069219_1;A;0;0;0;1200;2400;1900
P179069219;P179069219_2;B;1200;0;0;2400;2400;1620
P179069219;P179069219_3;C;2400;0;0;3600;2400;2855
P179069219;P179069219_4;D;3600;0;0;4800;2400;2500
P179069219;P179069219_5;E;4800;0;0;6000;2400;2500
P179069219;P179069219_6;F;6000;0;0;7200;2400;2500
P179069219;P179069219_7;G;7200;0;0;8400;2400;2500
P179069219;P179069219_8;H;8400;0;0;9600;2400;2500
P179069219;P179069219_9;I;9600;0;0;10800;2400;2500
P179069219;P179069219_10;J;10800;0;0;12000;2400;2855
P179069219;P179069219_11;K;12000;0;0;13200;2400;2500
P178069217;P178069217_1;A;0;0;0;1200;2400;2500
P178069217;P178069217_2;B;1200;0;0;2400;2400;2500
P178069217;P178069217_3;C;2400;0;0;3600;2400;1450
P178069217;P178069217_4;D;3600;0;0;4800;2400;1620
P178069217;P178069217_5;E;4800;0;0;6000;2400;1620
P178069217;P178069217_6;F;6000;0;0;7200;2400;1900
P178069217;P178069217_7;G;7200;0;0;8400;2400;1900
P178069217;P178069217_8;H;8400;0;0;9600;2400;2500
P178069217;P178069217_9;I;9600;0;0;10800;2400;2500
P178069217;P178069217_10;J;10800;0;0;12000;2400;2500
P178069217;P178069217_11;K;12000;0;0;13200;2400;2500
P178069215;P178069215_1;A;0;0;0;1200;2400;1620
P178069215;P178069215_2;B;1200;0;0;2400;2400;2500
P178069215;P178069215_3;C;2400;0;0;3600;2400;2500
P178069215;P178069215_4;D;3600;0;0;4800;2400;1900
P178069215;P178069215_5;E;4800;0;0;6000;2400;2500
P178069215;P178069215_6;F;6000;0;0;7200;2400;2500
P178069215;P178069215_7;G;7200;0;0;8400;2400;2500
P178069215;P178069215_8;H;8400;0;0;9600;2400;2500
P178069215;P178069215_9;I;9600;0;0;10800;2400;2500
P178069215;P178069215_10;J;10800;0;0;12000;2400;2500
P178069215;P178069215_11;K;12000;0;0;13200;2400;2855
P178069211;P178069211_1;A;0;0;0;1200;2400;1800
P178069211;P178069211_2;B;1200;0;0;2400;2400;2000
P178069211;P178069211_3;C;2400;0;0;3600;2400;2500
P178069211;P178069211_4;D;3600;0;0;4800;2400;2500
P178069211;P178069211_5;E;4800;0;0;6000;2400;2500
P178069211;P178069211_6;F;6000;0;0;7200;2400;2500
P178069211;P178069211_7;G;7200;0;0;8400;2400;2500
P178069211;P178069211_8;H;8400;0;0;9600;2400;2500
P178069211;P178069211_9;I;9600;0;0;10800;2400;2500
P178069211;P178069211_10;J;10800;0;0;12000;2400;1900
P178069211;P178069211_11;K;12000;0;0;13200;2400;1900
P178069207;P178069207_1;A;0;0;0;1200;2400;1620
P178069207;P178069207_2;B;1200;0;0;2400;2400;2500
P178069207;P178069207_3;C;2400;0;0;3600;2400;2500
P178069207;P178069207_4;D;3600;0;0;4800;2400;2500
P178069207;P178069207_5;E;4800;0;0;6000;2400;2500
P178069207;P178069207_6;F;6000;0;0;7200;2400;1620
P178069207;P178069207_7;G;7200;0;0;8400;2400;2000
P178069207;P178069207_8;H;8400;0;0;9600;2400;2500
P178069207;P178069207_9;I;9600;0;0;10800;2400;2500
P178069207;P178069207_10;J;10800;0;0;12000;2400;2500
P178069207;P178069207_11;K;12000;0;0;13200;2400;2500
P178069307;P178069307_1;A;0;0;0;1200;2400;2855
P178069307;P178069307_2;B;1200;0;0;2400;2400;2500
P178069307;P178069307_3;C;2400;0;0;3600;2400;2500
P178069307;P178069307_4;D;3600;0;0;4800;2400;2500
P178069307;P178069307_5;E;4800;0;0;6000;2400;2500
P178069307;P178069307_6;F;6000;0;0;7200;2400;2500
P178069307;P178069307_7;G;7200;0;0;8400;2400;2500
P178069307;P178069307_8;H;8400;0;0;9600;2400;2500
P178069307;P178069307_9;I;9600;0;0;10800;2400;2500
P178069307;P178069307_10;J;10800;0;0;12000;2400;1900
P178069307;P178069307_11;K;12000;0;0;13200;2400;2500
P178069305;P178069305_1;A;0;0;0;1800;1200;2400
P178069305;P178069305_2;B;0;1240;0;2400;2440;2500
P178069305;P178069305_3;C;1800;0;0;4200;1200;2500
P178069305;P178069305_4;D;2400;1240;0;4800;2440;2500
P178069305;P178069305_5;E;4200;0;0;6600;1200;2500
P178069305;P178069305_6;F;4800;1240;0;7200;2440;1900
P178069305;P178069305_7;G;6600;0;0;9000;1200;2500
P178069305;P178069305_8;H;7200;1240;0;9600;2440;2855
P178069305;P178069305_9;I;9000;0;0;11400;1200;2855
P178069305;P178069305_10;J;9600;1240;0;12000;2440;2500
P178069305;P178069305_11;K;12000;0;0;13200;2400;2500
P178069203;P178069203_1;A;0;0;0;1200;2400;1620
P178069203;P178069203_2;B;1200;0;0;2400;2400;1620
P178069203;P178069203_3;C;2400;0;0;3600;2400;1620
P178069203;P178069203_4;D;3600;0;0;4800;2400;1620
P178069203;P178069203_5;E;4800;0;0;6000;2400;1620
P178069203;P178069203_6;F;6000;0;0;7200;2400;2000
P178069203;P178069203_7;G;7200;0;0;8400;2400;2500
P178069203;P178069203_8;H;8400;0;0;9600;2400;2500
P178069203;P178069203_9;I;9600;0;0;10800;2400;2500
P178069203;P178069203_10;J;10800;0;0;12000;2400;2500
P178069203;P178069203_11;K;12000;0;0;13200;2400;2500
P178069201;P178069201_1;A;0;0;0;1200;2400;2500
P178069201;P178069201_2;B;1200;0;0;2400;2400;2500
P178069201;P178069201_3;C;2400;0;0;3600;2400;2500
P178069201;P178069201_4;D;3600;0;0;4800;2400;2500
P178069201;P178069201_5;E;4800;0;0;6000;2400;2500
P178069201;P178069201_6;F;6000;0;0;7200;2400;1900
P178069201;P178069201_7;G;7200;0;0;8400;2400;1900
P178069201;P178069201_8;H;8400;0;0;9600;2400;1620
P178069201;P178069201_9;I;9600;0;0;10800;2400;1620
P178069201;P178069201_10;J;10800;0;0;12000;2400;2500
P178069201;P178069201_11;K;12000;0;0;13200;2400;2500
P178069319;P178069319_1;A;0;0;0;1200;2400;2855
P178069319;P178069319_2;B;1200;0;0;2400;2400;2500
P178069319;P178069319_3;C;2400;0;0;3600;2400;1900
P178069319;P178069319_4;D;3600;0;0;4800;2400;2500
P178069319;P178069319_5;E;4800;0;0;6000;2400;2500
P178069319;P178069319_6;F;6000;0;0;7200;2400;2500
P178069319;P178069319_7;G;7200;0;0;8400;2400;1620
P178069319;P178069319_8;H;8400;0;0;9600;2400;2855
P178069319;P178069319_9;I;9600;0;0;10800;2400;2500
P178069319;P178069319_10;J;10800;0;0;12000;2400;2500
P178069319;P178069319_11;K;12000;0;0;13200;2400;2500
P178069219;P178069219_1;A;0;0;0;1200;2400;2500
P178069219;P178069219_2;B;1200;0;0;2400;2400;2000
P178069219;P178069219_3;C;2400;0;0;3600;2400;2500
P178069219;P178069219_4;D;3600;0;0;4800;2400;2500
P178069219;P178069219_5;E;4800;0;0;6000;2400;2500
P178069219;P178069219_6;F;6000;0;0;7200;2400;2500
P178069219;P178069219_7;G;7200;0;0;8400;2400;2500
P178069219;P178069219_8;H;8400;0;0;9600;2400;2500
P178069219;P178069219_9;I;9600;0;0;10800;2400;2500
P178069219;P178069219_10;J;10800;0;0;12000;2400;2500
P178069219;P178069219_11;K;12000;0;0;13200;2400;2500
Q178069219_1;Q178069219_1_1;A;0;0;0;1200;2400;2550
Q178069219_1;Q178069219_1_2;B;1200;0;0;2400;2400;1620
Q178069219_1;Q178069219_1_3;C;2400;0;0;3600;2400;1900
Q178069219_1;Q178069219_1_4;D;3600;0;0;4800;2400;2500
Q178069219_1;Q178069219_1_5;E;4800;0;0;6000;2400;2500
Q178069219_1;Q178069219_1_6;F;6000;0;0;7200;2400;2500
Q178069219_1;Q178069219_1_7;G;7200;0;0;8400;2400;2500
Q178069219_1;Q178069219_1_8;H;8400;0;0;9600;2400;2500
Q178069219_1;Q178069219_1_9;I;9600;0;0;10800;2400;1900
Q178069219_1;Q178069219_1_10;J;10800;0;0;12000;2400;2855
Q178069219_1;Q178069219_1_11;K;12000;0;0;13200;2400;1620
P177069217;P177069217_1;A;0;0;0;1200;2400;2500
P177069217;P177069217_2;B;1200;1660;0;1770;2440;1340
P177069217;P177069217_3;C;1200;0;0;3600;1200;1800
P177069217;P177069217_4;D;1770;1240;0;4170;2440;1900
P177069217;P177069217_5;E;3600;0;0;6000;1200;1620
P177069217;P177069217_6;F;4170;1240;0;6570;2440;1620
P177069217;P177069217_7;G;6000;0;0;8400;1200;2500
P177069217;P177069217_8;H;6570;1240;0;8970;2440;2500
P177069217;P177069217_9;I;8400;0;0;10800;1200;1620
P177069217;P177069217_10;J;8970;1240;0;11370;2440;1900
P177069217;P177069217_11;K;10800;0;0;13200;1200;2500
P177069217;P177069217_12;L;11370;1240;0;13170;2440;2400
P177069215;P177069215_1;A;0;0;0;1200;2400;2500
P177069215;P177069215_2;B;1200;0;0;2400;2400;2500
P177069215;P177069215_3;C;2400;0;0;3600;2400;2500
P177069215;P177069215_4;D;3600;0;0;4800;2400;2500
P177069215;P177069215_5;E;4800;0;0;6000;2400;2500
P177069215;P177069215_6;F;6000;0;0;7200;2400;2500
P177069215;P177069215_7;G;7200;0;0;8400;2400;2855
P177069215;P177069215_8;H;8400;0;0;9600;2400;2500
P177069215;P177069215_9;I;9600;0;0;10800;2400;2500
P177069215;P177069215_10;J;10800;0;0;12000;2400;2500
P177069215;P177069215_11;K;12000;0;0;13200;2400;2500
P177069211;P177069211_1;A;0;0;0;1200;2400;1620
P177069211;P177069211_2;B;1200;0;0;2400;2400;1620
P177069211;P177069211_3;C;2400;0;0;3600;2400;1620
P177069211;P177069211_4;D;3600;0;0;4800;2400;1900
P177069211;P177069211_5;E;4800;0;0;6000;2400;1900
P177069211;P177069211_6;F;6000;0;0;7200;2400;2500
P177069211;P177069211_7;G;7200;0;0;8400;2400;2500
P177069211;P177069211_8;H;8400;0;0;9600;2400;2000
P177069211;P177069211_9;I;9600;0;0;10800;2400;2500
P177069211;P177069211_10;J;10800;0;0;12000;2400;2500
P177069211;P177069211_11;K;12000;0;0;13200;2400;2500
P177069207;P177069207_1;A;0;0;0;1200;2400;2500
P177069207;P177069207_2;B;1200;0;0;2400;2400;2500
P177069207;P177069207_3;C;2400;0;0;3600;2400;2500
P177069207;P177069207_4;D;3600;0;0;4800;2400;2830
P177069207;P177069207_5;E;4800;0;0;6000;2400;1620
P177069207;P177069207_6;F;6000;0;0;7200;2400;2500
P177069207;P177069207_7;G;7200;0;0;8400;2400;2500
P177069207;P177069207_8;H;8400;0;0;9600;2400;2500
P177069207;P177069207_9;I;9600;0;0;10800;2400;2500
P177069207;P177069207_10;J;10800;0;0;12000;2400;2500
P177069207;P177069207_11;K;12000;0;0;13200;2400;2500
P177069307;P177069307_1;A;0;0;0;1200;2400;2855
P177069307;P177069307_2;B;1200;0;0;2400;2400;2500
P177069307;P177069307_3;C;2400;0;0;3600;2400;2500
P177069307;P177069307_4;D;3600;0;0;4800;2400;2500
P177069307;P177069307_5;E;4800;0;0;6000;2400;2500
P177069307;P177069307_6;F;6000;0;0;7200;2400;2500
P177069307;P177069307_7;G;7200;0;0;8400;2400;2500
P177069307;P177069307_8;H;8400;0;0;9600;2400;2500
P177069307;P177069307_9;I;9600;0;0;10800;2400;2500
P177069307;P177069307_10;J;10800;0;0;12000;2400;1900
P177069307;P177069307_11;K;12000;0;0;13200;2400;1900
P177069305;P177069305_1;A;0;0;0;1200;2400;2855
P177069305;P177069305_2;B;1200;0;0;2400;2400;2855
P177069305;P177069305_3;C;2400;0;0;3600;2400;2855
P177069305;P177069305_4;D;3600;0;0;4800;2400;2855
P177069305;P177069305_5;E;4800;0;0;6000;2400;2855
P177069305;P177069305_6;F;6000;0;0;7200;2400;2500
P177069305;P177069305_7;G;7200;0;0;8400;2400;2500
P177069305;P177069305_8;H;8400;0;0;9600;2400;2500
P177069305;P177069305_9;I;9600;0;0;10800;2400;2500
P177069305;P177069305_10;J;10800;0;0;12000;2400;2500
P177069305;P177069305_11;K;12000;0;0;13200;2400;1900
Q177069305_1;Q177069305_1_1;A;0;0;0;1200;2400;2500
Q177069305_1;Q177069305_1_2;B;1200;0;0;2400;2400;2500
Q177069305_1;Q177069305_1_3;C;2400;0;0;3600;2400;2500
Q177069305_1;Q177069305_1_4;D;3600;0;0;4800;2400;2500
Q177069305_1;Q177069305_1_5;E;4800;0;0;6000;2400;2500
Q177069305_1;Q177069305_1_6;F;6000;0;0;7200;2400;2500
Q177069305_1;Q177069305_1_7;G;7200;0;0;8400;2400;2500
Q177069305_1;Q177069305_1_8;H;8400;0;0;9600;2400;2500
Q177069305_1;Q177069305_1_9;I;9600;0;0;10800;2400;2500
Q177069305_1;Q177069305_1_10;J;10800;0;0;12000;2400;2500
Q177069305_1;Q177069305_1_11;K;12000;0;0;13200;2400;2500
Q177069305_2;Q177069305_2_1;A;0;0;0;1800;1200;2400
Q177069305_2;Q177069305_2_2;B;0;1240;0;2400;2440;1900
Q177069305_2;Q177069305_2_3;C;1800;0;0;4200;1200;1900
Q177069305_2;Q177069305_2_4;D;2400;1240;0;4800;2440;2500
Q177069305_2;Q177069305_2_5;E;4200;0;0;6600;1200;2500
Q177069305_2;Q177069305_2_6;F;4800;1240;0;7200;2440;2500
Q177069305_2;Q177069305_2_7;G;6600;0;0;9000;1200;2500
Q177069305_2;Q177069305_2_8;H;7200;1240;0;9600;2440;2500
Q177069305_2;Q177069305_2_9;I;9000;0;0;11400;1200;1900
Q177069305_2;Q177069305_2_10;J;9600;1240;0;12000;2440;2500
Q177069305_2;Q177069305_2_11;K;12000;0;0;13200;2400;2500
P177069203;P177069203_1;A;0;0;0;1200;2400;1620
P177069203;P177069203_2;B;1200;0;0;2400;2400;1620
P177069203;P177069203_3;C;2400;0;0;3600;2400;1620
P177069203;P177069203_4;D;3600;0;0;4800;2400;2000
P177069203;P177069203_5;E;4800;0;0;6000;2400;1800
P177069203;P177069203_6;F;6000;0;0;7200;2400;1620
P177069203;P177069203_7;G;7200;0;0;8400;2400;1620
P177069203;P177069203_8;H;8400;0;0;9600;2400;1620
P177069203;P177069203_9;I;9600;0;0;10800;2400;1450
P177069203;P177069203_10;J;10800;0;0;12000;2400;2500
P177069203;P177069203_11;K;12000;0;0;13200;2400;2500
P177069201;P177069201_1;A;0;0;0;1200;2400;2500
P177069201;P177069201_2;B;1200;0;0;2400;2400;2500
P177069201;P177069201_3;C;2400;0;0;3600;2400;1620
P177069201;P177069201_4;D;3600;0;0;4800;2400;2500
P177069201;P177069201_5;E;4800;0;0;6000;2400;2500
P177069201;P177069201_6;F;6000;0;0;7200;2400;2500
P177069201;P177069201_7;G;7200;0;0;8400;2400;2500
P177069201;P177069201_8;H;8400;0;0;9600;2400;2500
P177069201;P177069201_9;I;9600;0;0;10800;2400;1900
P177069201;P177069201_10;J;10800;0;0;12000;2400;1620
P177069201;P177069201_11;K;12000;0;0;13200;2400;1620
Q177069201_1;Q177069201_1_1;A;0;0;0;1200;2400;1620
Q177069201_1;Q177069201_1_2;B;1200;0;0;2400;2400;2500
Q177069201_1;Q177069201_1_3;C;2400;0;0;3600;2400;2500
Q177069201_1;Q177069201_1_4;D;3600;0;0;4800;2400;2500
Q177069201_1;Q177069201_1_5;E;4800;0;0;6000;2400;2500
Q177069201_1;Q177069201_1_6;F;6000;1240;0;7800;2440;2400
Q177069201_1;Q177069201_1_7;G;6000;0;0;8400;1200;2500
Q177069201_1;Q177069201_1_8;H;7800;1240;0;10200;2440;2500
Q177069201_1;Q177069201_1_9;I;8400;0;0;10800;1200;2500
Q177069201_1;Q177069201_1_10;J;10200;1240;0;12600;2440;2500
Q177069201_1;Q177069201_1_11;K;10800;0;0;13200;1200;1900
Q177069201_2;Q177069201_2_1;A;0;0;0;1200;2400;1620
P240161409;P240161409_1;A;0;20;0;1200;2420;2835
P240161409;P240161409_2;B;1200;20;0;2400;2420;2835
P240161409;P240161409_3;C;2400;0;0;3600;2400;2835
P240161409;P240161409_4;D;3600;0;0;4800;2400;2835
P240161409;P240161409_5;E;4800;0;0;6000;2400;2835
P240161409;P240161409_6;F;6000;0;0;7200;2400;2835
P240161409;P240161409_7;G;7200;0;0;8400;2400;2835
P240161409;P240161409_8;H;8400;0;0;9600;2400;2835
P240161409;P240161409_9;I;9600;0;0;11200;1200;2700
P240161409;P240161409_10;J;9600;1240;0;11200;2440;2700
P240161409;P240161409_11;K;11200;0;0;12400;2400;2835
P240161409;P240161409_12;L;12400;0;0;13400;1200;2700
P240161409;P240161409_13;M;12400;1240;0;13400;2440;2700
Q240161409_1;Q240161409_1_1;A;0;1240;0;1600;2440;2700
Q240161409_1;Q240161409_1_2;B;0;20;0;2400;1220;2835
Q240161409_1;Q240161409_1_3;C;1600;1230;0;4000;2430;2835
Q240161409_1;Q240161409_1_4;D;2400;0;0;4800;1200;2835
Q240161409_1;Q240161409_1_5;E;4000;1240;0;6400;2440;1905
Q240161409_1;Q240161409_1_6;F;4800;0;0;5800;1200;2865
Q240161409_1;Q240161409_1_7;G;5800;0;0;7700;1200;2865
Q240161409_1;Q240161409_1_8;H;6400;1240;0;8300;2440;2865
Q240161409_1;Q240161409_1_9;I;7700;0;0;9600;1200;1455
Q240161409_1;Q240161409_1_10;J;8300;1240;0;9300;2440;2865
Q240161409_1;Q240161409_1_11;K;9300;1240;0;10900;2440;2700
P240161403;P240161403_1;A;0;1240;0;1200;2440;2752
P240161403;P240161403_2;B;0;0;0;1200;1200;2752
P240161403;P240161403_3;C;1200;0;0;2400;1200;2752
P240161403;P240161403_4;D;1200;1220;0;2400;2420;2752
P240161403;P240161403_5;E;2400;1240;0;3600;2440;2752
P240161403;P240161403_6;F;2400;0;0;3600;1200;2752
P240161403;P240161403_7;G;3600;0;0;4800;1200;2752
P240161403;P240161403_8;H;3600;1240;0;4800;2440;2752
P240161403;P240161403_9;I;4800;1240;0;6000;2440;2752
P240161403;P240161403_10;J;4800;0;0;6000;1200;2752
P240161403;P240161403_11;K;6000;0;0;7200;1200;2752
P240161403;P240161403_12;L;6000;1240;0;7200;2440;2752
P240161403;P240161403_13;M;7200;1240;0;8400;2440;2752
P240161403;P240161403_14;N;7200;0;0;8400;1200;2752
P240161403;P240161403_15;O;8400;0;0;9600;1200;2752
P240161403;P240161403_16;P;8400;1240;0;9600;2440;2752
P240161403;P240161403_17;Q;9600;1240;0;10800;2440;2752
P240161403;P240161403_18;R;9600;0;0;10800;1200;2752
P240161403;P240161403_19;S;10800;0;0;12000;1200;2752
P240161403;P240161403_20;T;10800;1240;0;12000;2440;2752
P240161403;P240161403_21;U;12000;1240;0;13200;2440;2752
P240161403;P240161403_22;V;12000;0;0;13200;1200;2752
Q240161403_1;Q240161403_1_1;A;0;45;0;1320;2395;1000
Q240161403_1;Q240161403_1_2;B;1320;0;0;2640;2350;2910
Q240161403_1;Q240161403_1_3;C;2640;0;0;3960;2350;2910
Q240161403_1;Q240161403_1_4;D;3960;0;0;5280;2350;2910
Q240161403_1;Q240161403_1_5;E;5280;0;0;6600;2350;2910
Q240161403_1;Q240161403_1_6;F;6600;0;0;7920;2350;2910
Q240161403_1;Q240161403_1_7;G;7920;0;0;9240;2350;2910
Q240161403_1;Q240161403_1_8;H;9240;0;0;10560;2350;2910
Q240161403_1;Q240161403_1_9;I;10560;0;0;11880;2350;2910
Q240161403_1;Q240161403_1_10;J;11880;0;0;13200;2350;2910
Q240161403_2;Q240161403_2_1;A;0;90;0;1320;2440;2910
Q240161403_2;Q240161403_2_2;B;1320;45;0;2640;2395;2910
Q240161403_2;Q240161403_2_3;C;2640;45;0;3960;2395;2910
Q240161403_2;Q240161403_2_4;D;3960;620;0;5160;1820;2752
Q240161403_2;Q240161403_2_5;E;5160;620;0;6360;1820;2752
Q240161403_2;Q240161403_2_6;F;6360;1240;0;7560;2440;2752
Q240161403_2;Q240161403_2_7;G;6360;0;0;7560;1200;2752
Q240161403_2;Q240161403_2_8;H;7560;0;0;8760;1200;2752
Q240161403_2;Q240161403_2_9;I;7560;1240;0;8760;2440;2752
Q240161403_2;Q240161403_2_10;J;8760;1240;0;9960;2440;2752
Q240161403_2;Q240161403_2_11;K;8760;0;0;9960;1200;2752
Q240161403_2;Q240161403_2_12;L;9960;0;0;11160;1200;2752
Q240161403_2;Q240161403_2_13;M;9960;1240;0;11160;2440;2752
Q240161403_2;Q240161403_2_14;N;11160;1240;0;12360;2440;2752
Q240161403_2;Q240161403_2_15;O;11160;0;0;12360;1200;2752
P210161401;P210161401_1;A;0;0;0;1200;1200;2752
P210161401;P210161401_2;B;0;1200;0;1200;2400;2752
P210161401;P210161401_3;C;1200;1240;0;2400;2440;2752
P210161401;P210161401_4;D;1200;0;0;2400;1200;2752
P210161401;P210161401_5;E;2400;0;0;3720;2350;2910
P210161401;P210161401_6;F;3720;0;0;5040;2350;1000
P210161401;P210161401_7;G;5040;1240;0;6240;2440;2752
P210161401;P210161401_8;H;5040;0;0;6240;1200;2752
P210161401;P210161401_9;I;6240;0;0;7440;1200;2752
P210161401;P210161401_10;J;6240;1240;0;7440;2440;2064
P209161415;P209161415_1;A;0;0;0;1200;2400;2835
P209161415;P209161415_2;B;1200;0;0;2400;2400;2835
P209161415;P209161415_3;C;2400;0;0;3600;2400;2835
P209161415;P209161415_4;D;3600;0;0;4800;2400;2835
P209161415;P209161415_5;E;4800;0;0;6000;2400;2835
P209161415;P209161415_6;F;6000;0;0;7200;2400;2835
P209161415;P209161415_7;G;7200;0;0;8400;2400;2835
P209161415;P209161415_8;H;8400;0;0;10000;1200;2700
P209161415;P209161415_9;I;8400;1240;0;10000;2440;2700
P209161415;P209161415_10;J;10000;1240;0;11900;2440;2865
P209161415;P209161415_11;K;10000;0;0;12400;1200;2835
P209161415;P209161415_12;L;11900;1240;0;13500;2440;2700
P209161415;P209161415_13;M;12400;0;0;13400;1200;2700
P209161411;P209161411_1;A;0;0;0;1200;1200;2752
P209161411;P209161411_2;B;0;1240;0;1200;2440;2752
P209161411;P209161411_3;C;1200;1240;0;2400;2440;2752
P209161411;P209161411_4;D;1200;0;0;2400;1200;2752
P209161411;P209161411_5;E;2400;0;0;3720;2350;2910
P209161411;P209161411_6;F;3720;0;0;5040;2350;2910
P209161411;P209161411_7;G;5040;0;0;6360;2350;2910
P209161411;P209161411_8;H;6360;0;0;7680;2350;2910
P209161411;P209161411_9;I;7680;0;0;9000;2350;2910
P209161411;P209161411_10;J;9000;1240;0;10200;2440;2752
P209161411;P209161411_11;K;9000;0;0;10200;1200;2752
P209161411;P209161411_12;L;10200;0;0;11400;1200;2752
P209161411;P209161411_13;M;10200;1240;0;11400;2440;2752
P209161411;P209161411_14;N;11400;1240;0;12600;2440;2752
P209161411;P209161411_15;O;11400;0;0;12600;1200;2752
P209161409;P209161409_1;A;0;0;0;1200;2400;2835
P209161409;P209161409_2;B;1200;0;0;2400;2400;2835
P209161409;P209161409_3;C;2400;0;0;4000;1200;2700
P209161409;P209161409_4;D;2400;1240;0;4300;2440;2865
P209161409;P209161409_5;E;4000;0;0;5000;1200;2700
P209161409;P209161409_6;F;4300;1240;0;5300;2440;2865
P209161409;P209161409_7;G;5000;0;0;7400;1200;2835
P209161409;P209161409_8;H;5300;1240;0;7700;2440;2835
P209161409;P209161409_9;I;7400;0;0;9800;1200;2835
P209161409;P209161409_10;J;7700;1240;0;10100;2440;2835
P209161409;P209161409_11;K;9800;0;0;12200;1200;2835
P209161409;P209161409_12;L;10100;1240;0;12500;2440;2835
P209161409;P209161409_13;M;12200;0;0;13200;1200;2700
P209161409;P209161409_14;N;12500;1240;0;13500;2440;2160
P209161407;P209161407_1;A;0;0;0;1200;1200;2752
P209161407;P209161407_2;B;0;1240;0;1200;2440;2752
P209161407;P209161407_3;C;1200;1240;0;2400;2440;2752
P209161407;P209161407_4;D;1200;0;0;2400;1200;2752
P209161407;P209161407_5;E;2400;0;0;3600;1200;2752
P209161407;P209161407_6;F;2400;1240;0;3600;2440;2752
P209161407;P209161407_7;G;3600;0;0;4920;2350;2910
P209161407;P209161407_8;H;4920;0;0;6120;1200;2752
P209161407;P209161407_9;I;4920;1240;0;6120;2440;2752
P209161407;P209161407_10;J;6120;1240;0;7320;2440;2752
P209161407;P209161407_11;K;6120;0;0;7320;1200;2752
P209161407;P209161407_12;L;7320;0;0;8520;1200;2752
P209161407;P209161407_13;M;7320;1240;0;8520;2440;2752
P209161407;P209161407_14;N;8520;1240;0;9720;2440;2752
P209161407;P209161407_15;O;8520;0;0;9720;1200;2752
P209161407;P209161407_16;P;9720;0;0;10920;1200;2752
P209161407;P209161407_17;Q;9720;1240;0;10920;2440;2752
P209161407;P209161407_18;R;10920;1240;0;12120;2440;2752
P209161407;P209161407_19;S;10920;0;0;12120;1200;2752
P209161407;P209161407_20;T;12120;0;0;13440;2350;2910
P209161403;P209161403_1;A;0;1240;0;1600;2440;2700
P209161403;P209161403_2;B;0;0;0;1900;1200;2865
P209161403;P209161403_3;C;1600;1240;0;4000;2440;2835
P209161403;P209161403_4;D;1900;0;0;3500;1200;2700
P209161403;P209161403_5;E;3500;0;0;5100;1200;2700
P209161403;P209161403_6;F;4000;1240;0;6400;2440;2835
P209161403;P209161403_7;G;5100;0;0;7500;1200;2835
P209161403;P209161403_8;H;6400;1240;0;8800;2440;2835
P209161403;P209161403_9;I;7500;0;0;9900;1200;2835
P209161403;P209161403_10;J;8800;1240;0;10700;2440;2160
P209161403;P209161403_11;K;9900;0;0;10900;1200;2520
P209161403;P209161403_12;L;10700;1240;0;13100;2440;2835
P209161403;P209161403_13;M;10900;0;0;11900;1200;2160
P209161403;P209161403_14;N;11900;0;0;13500;1200;1815
P209161401;P209161401_1;A;0;0;0;1200;1200;2752
P209161401;P209161401_2;B;0;1240;0;1200;2440;2752
P209161401;P209161401_3;C;1200;1240;0;2400;2440;2752
P209161401;P209161401_4;D;1200;0;0;2400;1200;2752
P209161401;P209161401_5;E;2400;0;0;3720;2350;2910
P209161401;P209161401_6;F;3720;0;0;5040;2350;2910
P209161401;P209161401_7;G;5040;0;0;6360;2350;2910
P209161401;P209161401_8;H;6360;0;0;7680;2350;2910
P209161401;P209161401_9;I;7680;0;0;9000;2350;2910
P209161401;P209161401_10;J;9000;0;0;10320;2350;2910
P209161401;P209161401_11;K;10320;0;0;11640;2350;1955
P209161401;P209161401_12;L;11640;1240;0;12840;2440;2752
P209161401;P209161401_13;M;11640;0;0;12840;1200;2752
P208161411;P208161411_1;A;0;1240;0;1200;2440;2752
P208161411;P208161411_2;B;0;0;0;1200;1200;2752
P208161411;P208161411_3;C;1200;0;0;2400;1200;2752
P208161411;P208161411_4;D;1200;1240;0;2400;2440;2752
P208161411;P208161411_5;E;2400;1240;0;3600;2440;2752
P208161411;P208161411_6;F;2400;0;0;3600;1200;2752
P208161411;P208161411_7;G;3600;0;0;4800;1200;2752
P208161411;P208161411_8;H;3600;1240;0;4800;2440;2752
P208161411;P208161411_9;I;4800;1240;0;6000;2440;2752
P208161411;P208161411_10;J;4800;0;0;6000;1200;2752
P208161411;P208161411_11;K;6000;0;0;7200;1200;2752
P208161411;P208161411_12;L;6000;1240;0;7200;2440;2752
P208161411;P208161411_13;M;7200;0;0;8520;2350;2910
P208161411;P208161411_14;N;8520;0;0;9720;1200;2752
P208161411;P208161411_15;O;8520;1240;0;9720;2440;2752
P208161411;P208161411_16;P;9720;1240;0;10920;2440;2752
P208161411;P208161411_17;Q;9720;0;0;10920;1200;2752
P208161411;P208161411_18;R;10920;0;0;12120;1200;2752
P208161411;P208161411_19;S;10920;1240;0;12120;2440;2752
P208161411;P208161411_20;T;12120;1240;0;13320;2440;2752
P208161411;P208161411_21;U;12120;0;0;13320;1200;2752
P208161409;P208161409_1;A;0;20;0;1200;2420;2835
P208161409;P208161409_2;B;1200;0;0;2800;1200;2700
P208161409;P208161409_3;C;1200;1220;0;3600;2420;2835
P208161409;P208161409_4;D;2800;10;0;4700;1210;2865
P208161409;P208161409_5;E;3600;1240;0;4600;2440;2700
P208161409;P208161409_6;F;4600;1240;0;6200;2440;2700
P208161409;P208161409_7;G;4700;0;0;5700;1200;2865
P208161409;P208161409_8;H;5700;0;0;8100;1200;2835
P208161409;P208161409_9;I;6200;1240;0;8600;2440;2835
P208161409;P208161409_10;J;8100;0;0;10500;1200;2835
P208161409;P208161409_11;K;8600;1240;0;11000;2440;2835
P208161409;P208161409_12;L;10500;0;0;12100;1200;2700
P208161409;P208161409_13;M;11000;1240;0;13400;2440;2835
P208161409;P208161409_14;N;12100;0;0;13100;1200;2340
P208161407;P208161407_1;A;0;1240;0;1200;2440;2752
P208161407;P208161407_2;B;0;0;0;1200;1200;2752
P208161407;P208161407_3;C;1200;0;0;2400;1200;2752
P208161407;P208161407_4;D;1200;1240;0;2400;2440;2752
P208161407;P208161407_5;E;2400;1240;0;3600;2440;2752
P208161407;P208161407_6;F;2400;0;0;3600;1200;2752
P208161407;P208161407_7;G;3600;0;0;4920;2350;2910
P208161407;P208161407_8;H;4920;0;0;6240;2350;2910
P208161407;P208161407_9;I;6240;0;0;7560;2350;2910
P208161407;P208161407_10;J;7560;0;0;8880;2350;2910
P208161407;P208161407_11;K;8880;0;0;10200;2350;2910
P208161407;P208161407_12;L;10200;0;0;11520;2350;2910
P208161407;P208161407_13;M;11520;0;0;12840;2350;2910
P208161403;P208161403_1;A;0;0;0;1200;2400;2835
P208161403;P208161403_2;B;1200;0;0;2400;2400;2835
P208161403;P208161403_3;C;2400;0;0;4300;1200;2865
P208161403;P208161403_4;D;2400;1240;0;4300;2440;2865
P208161403;P208161403_5;E;4300;1240;0;5900;2440;2700
P208161403;P208161403_6;F;4300;0;0;5300;1200;2700
P208161403;P208161403_7;G;5300;0;0;7700;1200;2835
P208161403;P208161403_8;H;5900;1240;0;8300;2440;2835
P208161403;P208161403_9;I;7700;0;0;10100;1200;2835
P208161403;P208161403_10;J;8300;1240;0;10700;2440;2835
P208161403;P208161403_11;K;10100;0;0;12500;1200;2835
P208161403;P208161403_12;L;10700;1240;0;12300;2440;2700
P208161403;P208161403_13;M;12300;1440;0;13500;2440;2160
P208161401;P208161401_1;A;0;0;0;1200;1200;2752
P208161401;P208161401_2;B;0;1240;0;1200;2440;2752
P208161401;P208161401_3;C;1200;1240;0;2400;2440;2752
P208161401;P208161401_4;D;1200;0;0;2400;1200;2752
P208161401;P208161401_5;E;2400;0;0;3720;2350;2910
P208161401;P208161401_6;F;3720;0;0;5040;2350;2910
P208161401;P208161401_7;G;5040;0;0;6360;2350;2910
P208161401;P208161401_8;H;6360;1240;0;7560;2440;2752
P208161401;P208161401_9;I;6360;0;0;7560;1200;2752
P208161401;P208161401_10;J;7560;0;0;8760;1200;2752
P208161401;P208161401_11;K;7560;1240;0;8760;2440;2752
P208161401;P208161401_12;L;8760;1240;0;9960;2440;2752
P208161401;P208161401_13;M;8760;0;0;9960;1200;2752
P208161401;P208161401_14;N;9960;0;0;11160;1200;2752
P208161401;P208161401_15;O;9960;1240;0;11160;2440;688
P208161401;P208161401_16;P;11160;0;0;12480;2350;2910
P207161415;P207161415_1;A;0;0;0;1200;2400;2835
P207161415;P207161415_2;B;1200;0;0;2400;2400;2835
P207161415;P207161415_3;C;2400;0;0;3600;2400;2835
P207161415;P207161415_4;D;3600;0;0;4800;2400;2835
P207161415;P207161415_5;E;4800;0;0;6400;1200;2700
P207161415;P207161415_6;F;4800;1240;0;6400;2440;2700
P207161415;P207161415_7;G;6400;1240;0;8300;2440;2865
P207161415;P207161415_8;H;6400;0;0;8800;1200;2835
P207161415;P207161415_9;I;8300;1240;0;10700;2440;2835
P207161415;P207161415_10;J;8800;0;0;11200;1200;2835
P207161415;P207161415_11;K;10700;1240;0;13100;2440;2835
P207161415;P207161415_12;L;11200;0;0;12200;1200;2520
P207161415;P207161415_13;M;12200;0;0;13200;1200;2865
P207161411;P207161411_1;A;0;1240;0;1200;2440;2752
P207161411;P207161411_2;B;0;0;0;1200;1200;2752
P207161411;P207161411_3;C;1200;0;0;2400;1200;2752
P207161411;P207161411_4;D;1200;1240;0;2400;2440;2752
P207161411;P207161411_5;E;2400;1240;0;3600;2440;2752
P207161411;P207161411_6;F;2400;0;0;3600;1200;2752
P207161411;P207161411_7;G;3600;0;0;4800;1200;2752
P207161411;P207161411_8;H;3600;1240;0;4800;2440;2752
P207161411;P207161411_9;I;4800;1240;0;6000;2440;2752
P207161411;P207161411_10;J;4800;0;0;6000;1200;2752
P207161411;P207161411_11;K;6000;0;0;7200;1200;2752
P207161411;P207161411_12;L;6000;1240;0;7200;2440;2752
P207161411;P207161411_13;M;7200;1240;0;8400;2440;2752
P207161411;P207161411_14;N;7200;0;0;8400;1200;2752
P207161411;P207161411_15;O;8400;0;0;9600;1200;2752
P207161411;P207161411_16;P;8400;1240;0;9600;2440;2752
P207161411;P207161411_17;Q;9600;0;0;10920;2350;2910
P207161411;P207161411_18;R;10920;0;0;12240;2350;2910
P207161411;P207161411_19;S;12240;1240;0;13440;2440;2752
P207161411;P207161411_20;T;12240;0;0;13440;1200;2752
P207161425;P207161425_1;A;0;1240;0;1200;2440;2752
P207161425;P207161425_2;B;0;0;0;1200;1200;2752
P207161425;P207161425_3;C;1200;0;0;2400;1200;2752
P207161425;P207161425_4;D;1200;1220;0;2400;2420;2752
P207161425;P207161425_5;E;2400;1240;0;3600;2440;2752
P207161425;P207161425_6;F;2400;0;0;3600;1200;2752
P207161425;P207161425_7;G;3600;0;0;4800;1200;2752
P207161425;P207161425_8;H;3600;1240;0;4800;2440;2752
P207161425;P207161425_9;I;4800;1240;0;6000;2440;2752
P207161425;P207161425_10;J;4800;0;0;6000;1200;2752
P207161425;P207161425_11;K;6000;0;0;7200;1200;2752
P207161425;P207161425_12;L;6000;1240;0;7200;2440;2752
P207161425;P207161425_13;M;7200;1240;0;8400;2440;2752
P207161425;P207161425_14;N;7200;0;0;8400;1200;2752
P207161425;P207161425_15;O;8400;0;0;9720;2350;2910
P207161425;P207161425_16;P;9720;0;0;11040;2350;2910
P207161425;P207161425_17;Q;11040;0;0;12360;2350;2910
P207161409;P207161409_1;A;0;0;0;1200;2400;2835
P207161409;P207161409_2;B;1200;1240;0;2800;2440;2700
P207161409;P207161409_3;C;1200;0;0;3600;1200;2835
P207161409;P207161409_4;D;2800;1240;0;4700;2440;2865
P207161409;P207161409_5;E;3600;0;0;4600;1200;2340
P207161409;P207161409_6;F;4600;0;0;7000;1200;2835
P207161409;P207161409_7;G;4700;1240;0;7100;2440;2835
P207161409;P207161409_8;H;7000;0;0;9400;1200;2835
P207161409;P207161409_9;I;7100;1240;0;8700;2440;2700
P207161409;P207161409_10;J;8700;1240;0;11100;2440;2835
P207161409;P207161409_11;K;9400;0;0;11800;1200;2835
P207161409;P207161409_12;L;11100;1240;0;13500;2440;2835
P207161409;P207161409_13;M;11800;0;0;13400;1200;2700
P207161407;P207161407_1;A;0;45;0;1320;2395;1000
P207161407;P207161407_2;B;1320;45;0;2640;2395;2910
P207161407;P207161407_3;C;2640;0;0;3960;2350;2910
P207161407;P207161407_4;D;3960;0;0;5160;1200;2752
P207161407;P207161407_5;E;3960;1240;0;5160;2440;2752
P207161407;P207161407_6;F;5160;1240;0;6360;2440;2752
P207161407;P207161407_7;G;5160;0;0;6360;1200;2752
P207161407;P207161407_8;H;6360;0;0;7680;2350;2910
P207161407;P207161407_9;I;7680;0;0;9000;2350;2910
P207161407;P207161407_10;J;9000;0;0;10320;2350;2910
P207161407;P207161407_11;K;10320;0;0;11640;2350;2910
P207161407;P207161407_12;L;11640;0;0;12960;2350;2910
P207161405;P207161405_1;A;0;1660;0;570;2440;1771
P207161405;P207161405_2;B;0;0;0;570;780;1771
P207161405;P207161405_3;C;0;780;0;570;1560;1771
P207161405;P207161405_4;D;570;0;0;1140;780;1771
P207161405;P207161405_5;E;570;1240;0;2970;2440;2835
P207161405;P207161405_6;F;1140;0;0;2140;1200;2520
P207161405;P207161405_7;G;2140;0;0;4040;1200;2865
P207161405;P207161405_8;H;2970;1240;0;4570;2440;2700
P207161405;P207161405_9;I;4040;0;0;5040;1200;2160
P207161405;P207161405_10;J;4570;1240;0;6970;2440;2835
P207161405;P207161405_11;K;5040;0;0;7440;1200;2835
P207161405;P207161405_12;L;6970;1240;0;9370;2440;2835
P207161405;P207161405_13;M;7440;0;0;9840;1200;2835
P207161405;P207161405_14;N;9370;1240;0;11770;2440;975
P207161405;P207161405_15;O;9840;0;0;11440;1200;2700
P207161405;P207161405_16;P;11440;0;0;12440;1200;1815
P207161405;P207161405_17;Q;11770;1240;0;13370;2440;1815
P207161401;P207161401_1;A;0;1240;0;1200;2440;2752
P207161401;P207161401_2;B;0;0;0;1200;1200;2752
P207161401;P207161401_3;C;1200;0;0;2400;1200;2752
P207161401;P207161401_4;D;1200;1240;0;2400;2440;2752
P207161401;P207161401_5;E;2400;1240;0;3600;2440;2752
P207161401;P207161401_6;F;2400;0;0;3600;1200;2752
P207161401;P207161401_7;G;3600;0;0;4800;1200;2752
P207161401;P207161401_8;H;3600;1240;0;4800;2440;2752
P207161401;P207161401_9;I;4800;1240;0;6000;2440;2752
P207161401;P207161401_10;J;4800;0;0;6000;1200;2752
P207161401;P207161401_11;K;6000;0;0;7200;1200;2752
P207161401;P207161401_12;L;6000;1240;0;7200;2440;2752
P207161401;P207161401_13;M;7200;0;0;8520;2350;2910
P207161401;P207161401_14;N;8520;0;0;9720;1200;2752
P207161401;P207161401_15;O;8520;1240;0;9720;2440;2752
P207161401;P207161401_16;P;9720;1240;0;10920;2440;2752
P207161401;P207161401_17;Q;9720;0;0;10920;1200;2752
P207161401;P207161401_18;R;10920;0;0;12120;1200;2752
P207161401;P207161401_19;S;10920;1240;0;12120;2440;2752
P207161401;P207161401_20;T;12120;0;0;13440;2350;2910
P206161411;P206161411_1;A;0;1240;0;1200;2440;2752
P206161411;P206161411_2;B;0;0;0;1200;1200;2752
P206161411;P206161411_3;C;1200;0;0;2400;1200;2752
P206161411;P206161411_4;D;1200;1240;0;2400;2440;2752
P206161411;P206161411_5;E;2400;0;0;3720;2350;2910
P206161411;P206161411_6;F;3720;0;0;4920;1200;2752
P206161411;P206161411_7;G;3720;1240;0;4920;2440;2752
P206161411;P206161411_8;H;4920;1240;0;6120;2440;2752
P206161411;P206161411_9;I;4920;0;0;6120;1200;2752
P206161411;P206161411_10;J;6120;0;0;7320;1200;2752
P206161411;P206161411_11;K;6120;1240;0;7320;2440;2752
P206161411;P206161411_12;L;7320;1240;0;8520;2440;2752
P206161411;P206161411_13;M;7320;0;0;8520;1200;2752
P206161411;P206161411_14;N;8520;0;0;9720;1200;2752
P206161411;P206161411_15;O;8520;1240;0;9720;2440;2752
P206161411;P206161411_16;P;9720;1240;0;10920;2440;2752
P206161411;P206161411_17;Q;9720;0;0;10920;1200;2752
P206161411;P206161411_18;R;10920;0;0;12120;1200;2752
P206161411;P206161411_19;S;10920;1240;0;12120;2440;2752
P206161411;P206161411_20;T;12120;0;0;13440;2350;2910
P206161409;P206161409_1;A;0;1240;0;1900;2440;2865
P206161409;P206161409_2;B;0;0;0;2400;1200;2835
P206161409;P206161409_3;C;1900;1240;0;3500;2440;2700
P206161409;P206161409_4;D;2400;0;0;3400;1200;2700
P206161409;P206161409_5;E;3400;0;0;5800;1200;2835
P206161409;P206161409_6;F;3500;1240;0;5900;2440;2835
P206161409;P206161409_7;G;5800;0;0;8200;1200;2835
P206161409;P206161409_8;H;5900;1240;0;8300;2440;2835
P206161409;P206161409_9;I;8200;0;0;10600;1200;2835
P206161409;P206161409_10;J;8300;1240;0;9900;2440;2700
P206161409;P206161409_11;K;9900;1240;0;10900;2440;2865
P206161409;P206161409_12;L;10600;0;0;12500;1200;2865
P206161409;P206161409_13;M;10900;1240;0;13300;2440;2835
P206161409;P206161409_14;N;12500;0;0;13500;1200;2700
P206161407;P206161407_1;A;0;0;0;1200;1200;2752
P206161407;P206161407_2;B;0;1240;0;1200;2440;2752
P206161407;P206161407_3;C;1200;1240;0;2400;2440;2752
P206161407;P206161407_4;D;1200;0;0;2400;1200;2752
P206161407;P206161407_5;E;2400;0;0;3720;2350;2910
P206161407;P206161407_6;F;3720;0;0;5040;2350;2910
P206161407;P206161407_7;G;5040;0;0;6360;2350;2910
P206161407;P206161407_8;H;6360;0;0;7680;2350;2910
P206161407;P206161407_9;I;7680;0;0;9000;2350;2910
P206161407;P206161407_10;J;9000;0;0;10320;2350;2910
P206161407;P206161407_11;K;10320;0;0;11640;2350;2910
P206161407;P206161407_12;L;11640;0;0;12960;2350;2910
P206161403;P206161403_1;A;0;0;0;1600;1200;2700
P206161403;P206161403_2;B;0;1240;0;1000;2440;2865
P206161403;P206161403_3;C;1000;1240;0;3400;2440;2835
P206161403;P206161403_4;D;1600;0;0;4000;1200;2835
P206161403;P206161403_5;E;3400;1240;0;5800;2440;2835
P206161403;P206161403_6;F;4000;0;0;5900;1200;2865
P206161403;P206161403_7;G;5800;1240;0;8200;2440;2835
P206161403;P206161403_8;H;5900;0;0;8300;1200;2835
P206161403;P206161403_9;I;8200;1240;0;9800;2440;2700
P206161403;P206161403_10;J;8300;0;0;9900;1200;2700
P206161403;P206161403_11;K;9800;1240;0;12200;2440;2835
P206161403;P206161403_12;L;9900;0;0;10900;1200;2340
P206161403;P206161403_13;M;10900;0;0;13300;1200;1905
P206161403;P206161403_14;N;12200;1240;0;13200;2440;2520
P206161401;P206161401_1;A;0;0;0;1320;2350;2910
P206161401;P206161401_2;B;1320;0;0;2640;2350;2910
P206161401;P206161401_3;C;2640;0;0;3840;1200;2752
P206161401;P206161401_4;D;2640;1240;0;3840;2440;2752
P206161401;P206161401_5;E;3840;1240;0;5040;2440;2752
P206161401;P206161401_6;F;3840;0;0;5040;1200;2752
P206161401;P206161401_7;G;5040;0;0;6240;1200;2752
P206161401;P206161401_8;H;5040;1240;0;6240;2440;2752
P206161401;P206161401_9;I;6240;1240;0;7440;2440;2752
P206161401;P206161401_10;J;6240;0;0;7440;1200;2752
P206161401;P206161401_11;K;7440;0;0;8640;1200;2752
P206161401;P206161401_12;L;7440;1240;0;8640;2440;2752
P206161401;P206161401_13;M;8640;1240;0;9840;2440;2752
P206161401;P206161401_14;N;8640;0;0;9840;1200;2752
P206161401;P206161401_15;O;9840;0;0;11160;2350;2910
P206161401;P206161401_16;P;11160;0;0;12480;2350;2910
P205161415;P205161415_1;A;0;0;0;1200;2400;2835
P205161415;P205161415_2;B;1200;0;0;2400;2400;2835
P205161415;P205161415_3;C;2400;0;0;3600;2400;2835
P205161415;P205161415_4;D;3600;0;0;4800;2400;2835
P205161415;P205161415_5;E;4800;1240;0;6400;2440;2700
P205161415;P205161415_6;F;4800;0;0;6700;1200;2865
P205161415;P205161415_7;G;6400;1240;0;8000;2440;2700
P205161415;P205161415_8;H;6700;0;0;9100;1200;2835
P205161415;P205161415_9;I;8000;1240;0;10400;2440;2835
P205161415;P205161415_10;J;9100;0;0;11500;1200;2835
P205161415;P205161415_11;K;10400;1240;0;12800;2440;2835
P205161415;P205161415_12;L;11500;0;0;13100;1200;2700
P205161411;P205161411_1;A;0;0;0;1200;1200;2752
P205161411;P205161411_2;B;0;1240;0;1200;2440;2752
P205161411;P205161411_3;C;1200;1240;0;2400;2440;2752
P205161411;P205161411_4;D;1200;0;0;2400;1200;2752
P205161411;P205161411_5;E;2400;0;0;3600;1200;2752
P205161411;P205161411_6;F;2400;1240;0;3600;2440;2752
P205161411;P205161411_7;G;3600;1240;0;4800;2440;2752
P205161411;P205161411_8;H;3600;0;0;4800;1200;2752
P205161411;P205161411_9;I;4800;0;0;6120;2350;2910
P205161411;P205161411_10;J;6120;1240;0;7320;2440;2752
P205161411;P205161411_11;K;6120;0;0;7320;1200;2752
P205161411;P205161411_12;L;7320;0;0;8520;1200;2752
P205161411;P205161411_13;M;7320;1240;0;8520;2440;2752
P205161411;P205161411_14;N;8520;1240;0;9720;2440;2752
P205161411;P205161411_15;O;8520;0;0;9720;1200;2752
P205161411;P205161411_16;P;9720;0;0;10920;1200;2752
P205161411;P205161411_17;Q;9720;1240;0;10920;2440;2752
P205161411;P205161411_18;R;10920;0;0;12240;2350;2910
P205161411;P205161411_19;S;12240;0;0;13440;1200;2752
P205161411;P205161411_20;T;12240;1240;0;13440;2440;2752
P205161409;P205161409_1;A;0;1240;0;1900;2440;2865
P205161409;P205161409_2;B;0;0;0;1000;1200;2520
P205161409;P205161409_3;C;1000;0;0;2000;1200;2520
P205161409;P205161409_4;D;1900;1240;0;4300;2440;2835
P205161409;P205161409_5;E;2000;0;0;4400;1200;2835
P205161409;P205161409_6;F;4300;1240;0;6700;2440;2835
P205161409;P205161409_7;G;4400;0;0;6800;1200;2835
P205161409;P205161409_8;H;6700;1240;0;9100;2440;2835
P205161409;P205161409_9;I;6800;0;0;8400;1200;2700
P205161409;P205161409_10;J;8400;0;0;10000;1200;2700
P205161409;P205161409_11;K;9100;1240;0;11500;2440;2835
P205161409;P205161409_12;L;10000;0;0;12400;1200;2835
P205161409;P205161409_13;M;11500;1240;0;13400;2440;2865
P205161409;P205161409_14;N;12400;0;0;13400;1200;2520
P205161407;P205161407_1;A;0;1240;0;1200;2440;2752
P205161407;P205161407_2;B;0;0;0;1200;1200;2752
P205161407;P205161407_3;C;1200;0;0;2400;1200;2752
P205161407;P205161407_4;D;1200;1240;0;2400;2440;2752
P205161407;P205161407_5;E;2400;1240;0;3600;2440;2752
P205161407;P205161407_6;F;2400;0;0;3600;1200;2752
P205161407;P205161407_7;G;3600;0;0;4800;1200;2752
P205161407;P205161407_8;H;3600;1240;0;4800;2440;2752
P205161407;P205161407_9;I;4800;1240;0;6000;2440;2752
P205161407;P205161407_10;J;4800;0;0;6000;1200;2752
P205161407;P205161407_11;K;6000;0;0;7200;1200;2752
P205161407;P205161407_12;L;6000;1240;0;7200;2440;2752
P205161407;P205161407_13;M;7200;1240;0;8400;2440;2752
P205161407;P205161407_14;N;7200;0;0;8400;1200;2752
P205161407;P205161407_15;O;8400;0;0;9600;1200;2752
P205161407;P205161407_16;P;8400;1240;0;9600;2440;2752
P205161407;P205161407_17;Q;9600;0;0;10920;2350;2910
P205161407;P205161407_18;R;10920;0;0;12240;2350;2910
P205161407;P205161407_19;S;12240;1240;0;13440;2440;2752
P205161407;P205161407_20;T;12240;0;0;13440;1200;2752
P205161403;P205161403_1;A;0;0;0;1320;2350;1000
P205161403;P205161403_2;B;1320;45;0;2640;2395;2910
P205161403;P205161403_3;C;2640;45;0;3960;2395;2910
P205161403;P205161403_4;D;3960;0;0;5280;2350;2910
P205161403;P205161403_5;E;5280;0;0;6600;2350;2910
P205161403;P205161403_6;F;6600;0;0;7920;2350;2910
P205161403;P205161403_7;G;7920;0;0;9240;2350;2910
P205161403;P205161403_8;H;9240;0;0;10560;2350;2910
P205161403;P205161403_9;I;10560;0;0;11880;2350;2910
P205161403;P205161403_10;J;11880;0;0;13200;2350;2910
P203161401;P203161401_1;A;0;0;0;1200;1200;2752
P203161401;P203161401_2;B;0;1200;0;1200;2400;2752
P203161401;P203161401_3;C;1200;1240;0;2400;2440;2752
P203161401;P203161401_4;D;1200;0;0;2400;1200;2752
P203161401;P203161401_5;E;2400;0;0;3600;1200;2752
P203161401;P203161401_6;F;2400;1200;0;3600;2400;2752
P203161401;P203161401_7;G;3600;1240;0;4800;2440;2752
P203161401;P203161401_8;H;3600;0;0;4800;1200;2752
P203161401;P203161401_9;I;4800;0;0;6000;1200;2752
P203161401;P203161401_10;J;4800;1200;0;6000;2400;2752
P203161401;P203161401_11;K;6000;1240;0;7200;2440;2752
P203161401;P203161401_12;L;6000;0;0;7200;1200;2752
P203161401;P203161401_13;M;7200;0;0;8400;1200;2752
P203161401;P203161401_14;N;7200;1200;0;8400;2400;2752
P203161401;P203161401_15;O;8400;1240;0;9600;2440;2752
P203161401;P203161401_16;P;8400;0;0;9600;1200;2752
P203161401;P203161401_17;Q;9600;0;0;10800;1200;2752
P203161401;P203161401_18;R;9600;1240;0;10800;2440;2752
P203161401;P203161401_19;S;10800;0;0;12120;2350;2910
P203161401;P203161401_20;T;12120;0;0;13440;2350;2910
P202161415;P202161415_1;A;0;0;0;1200;2400;2835
P202161415;P202161415_2;B;1200;0;0;2400;2400;2835
P202161415;P202161415_3;C;2400;0;0;3600;2400;2835
P202161415;P202161415_4;D;3600;0;0;5200;1200;2700
P202161415;P202161415_5;E;3600;1240;0;6000;2440;2835
P202161415;P202161415_6;F;5200;0;0;6200;1200;2340
P202161415;P202161415_7;G;6000;1240;0;7000;2440;2865
P202161415;P202161415_8;H;6200;0;0;8600;1200;2835
P202161415;P202161415_9;I;7000;1240;0;9400;2440;2835
P202161415;P202161415_10;J;8600;0;0;11000;1200;2835
P202161415;P202161415_11;K;9400;1240;0;11800;2440;2835
P202161415;P202161415_12;L;11000;0;0;13400;1200;2835
P202161415;P202161415_13;M;11800;1240;0;13400;2440;2700
P202161411;P202161411_1;A;0;0;0;1320;2350;2910
P202161411;P202161411_2;B;1320;1240;0;2520;2440;2752
P202161411;P202161411_3;C;1320;0;0;2520;1200;2752
P202161411;P202161411_4;D;2520;0;0;3720;1200;2752
P202161411;P202161411_5;E;2520;1240;0;3720;2440;2752
P202161411;P202161411_6;F;3720;1240;0;4920;2440;2752
P202161411;P202161411_7;G;3720;0;0;4920;1200;2752
P202161411;P202161411_8;H;4920;0;0;6120;1200;2752
P202161411;P202161411_9;I;4920;1240;0;6120;2440;2752
P202161411;P202161411_10;J;6120;1240;0;7320;2440;2752
P202161411;P202161411_11;K;6120;0;0;7320;1200;2752
P202161411;P202161411_12;L;7320;0;0;8520;1200;2752
P202161411;P202161411_13;M;7320;1240;0;8520;2440;2752
P202161411;P202161411_14;N;8520;1240;0;9720;2440;2752
P202161411;P202161411_15;O;8520;0;0;9720;1200;2752
P202161411;P202161411_16;P;9720;0;0;10920;1200;2752
P202161411;P202161411_17;Q;9720;1240;0;10920;2440;2752
P202161411;P202161411_18;R;10920;1240;0;12120;2440;2752
P202161411;P202161411_19;S;10920;0;0;12120;1200;2752
P202161411;P202161411_20;T;12120;0;0;13320;1200;2752
P202161411;P202161411_21;U;12120;1240;0;13320;2440;2752
P202161425;P202161425_1;A;0;45;0;1320;2395;1000
P202161425;P202161425_2;B;1320;45;0;2640;2395;2910
P202161425;P202161425_3;C;2640;45;0;3960;2395;2910
P202161425;P202161425_4;D;3960;0;0;5280;2350;2910
P202161425;P202161425_5;E;5280;0;0;6600;2350;2910
P202161425;P202161425_6;F;6600;0;0;7800;1200;2752
P202161425;P202161425_7;G;6600;1240;0;7800;2440;2752
P202161425;P202161425_8;H;7800;0;0;9120;2350;2910
P202161425;P202161425_9;I;9120;0;0;10440;2350;2910
P202161425;P202161425_10;J;10440;0;0;11760;2350;2910
P202161425;P202161425_11;K;11760;0;0;13080;2350;2910
P202161409;P202161409_1;A;0;1240;0;1000;2440;2700
P202161409;P202161409_2;B;0;0;0;1600;1200;2700
P202161409;P202161409_3;C;1000;1240;0;2000;2440;2865
P202161409;P202161409_4;D;1600;0;0;2600;1200;2700
P202161409;P202161409_5;E;2000;1240;0;4400;2440;2835
P202161409;P202161409_6;F;2600;0;0;5000;1200;2835
P202161409;P202161409_7;G;4400;1240;0;6800;2440;2835
P202161409;P202161409_8;H;5000;0;0;7400;1200;2835
P202161409;P202161409_9;I;6800;1240;0;8400;2440;2700
P202161409;P202161409_10;J;7400;0;0;8400;1200;2865
P202161409;P202161409_11;K;8400;0;0;10000;1200;2700
P202161409;P202161409_12;L;8400;1240;0;10000;2440;2700
P202161409;P202161409_13;M;10000;1240;0;11600;2440;2700
P202161409;P202161409_14;N;10000;0;0;12400;1200;2835
P202161409;P202161409_15;O;11600;1240;0;13500;2440;2865
P202161409;P202161409_16;P;12400;0;0;13400;1200;2700
P202161407;P202161407_1;A;0;1240;0;1200;2440;2752
P202161407;P202161407_2;B;0;0;0;1200;1200;2752
P202161407;P202161407_3;C;1200;0;0;2400;1200;2752
P202161407;P202161407_4;D;1200;1240;0;2400;2440;2752
P202161407;P202161407_5;E;2400;1240;0;3600;2440;2752
P202161407;P202161407_6;F;2400;0;0;3600;1200;2752
P202161407;P202161407_7;G;3600;0;0;4800;1200;2752
P202161407;P202161407_8;H;3600;1240;0;4800;2440;2752
P202161407;P202161407_9;I;4800;1240;0;6000;2440;2752
P202161407;P202161407_10;J;4800;0;0;6000;1200;2752
P202161407;P202161407_11;K;6000;0;0;7200;1200;2752
P202161407;P202161407_12;L;6000;1240;0;7200;2440;2752
P202161407;P202161407_13;M;7200;1240;0;8400;2440;2752
P202161407;P202161407_14;N;7200;0;0;8400;1200;2752
P202161407;P202161407_15;O;8400;0;0;9720;2350;2910
P202161407;P202161407_16;P;9720;1240;0;10920;2440;2752
P202161407;P202161407_17;Q;9720;0;0;10920;1200;2752
P202161407;P202161407_18;R;10920;0;0;12120;1200;2752
P202161407;P202161407_19;S;10920;1240;0;12120;2440;2752
P202161407;P202161407_20;T;12120;0;0;13440;2350;2910
P202161403;P202161403_1;A;0;0;0;1200;2400;2835
P202161403;P202161403_2;B;1200;620;0;3100;1820;2865
P202161403;P202161403_3;C;3100;1240;0;5000;2440;2865
P202161403;P202161403_4;D;3100;0;0;5500;1200;2835
P202161403;P202161403_5;E;5000;1240;0;6900;2440;2865
P202161403;P202161403_6;F;5500;0;0;7100;1200;2700
P202161403;P202161403_7;G;6900;1240;0;8500;2440;2700
P202161403;P202161403_8;H;7100;0;0;8100;1200;2865
P202161403;P202161403_9;I;8100;0;0;10500;1200;2835
P202161403;P202161403_10;J;8500;1240;0;10900;2440;2835
P202161403;P202161403_11;K;10500;0;0;12400;1200;2865
P202161403;P202161403_12;L;10900;1240;0;13300;2440;2835
P202161403;P202161403_13;M;12400;0;0;13400;1200;2520
P202161401;P202161401_1;A;0;0;0;1320;2350;1000
P202161401;P202161401_2;B;1320;45;0;2640;2395;2910
P202161401;P202161401_3;C;2640;0;0;3960;2350;2910
P202161401;P202161401_4;D;3960;0;0;5280;2350;2910
P202161401;P202161401_5;E;5280;0;0;6600;2350;2910
P202161401;P202161401_6;F;6600;0;0;7920;2350;2910
P202161401;P202161401_7;G;7920;0;0;9240;2350;2910
P202161401;P202161401_8;H;9240;0;0;10560;2350;2910
P202161401;P202161401_9;I;10560;0;0;11760;1200;2752
P202161401;P202161401_10;J;10560;1240;0;11760;2440;2752
P202161401;P202161401_11;K;11760;1240;0;12960;2440;2752
P202161401;P202161401_12;L;11760;0;0;12960;1200;2752
P201161415;P201161415_1;A;0;0;0;1200;2400;2835
P201161415;P201161415_2;B;1200;0;0;2400;2400;2835
P201161415;P201161415_3;C;2400;0;0;3600;2400;2835
P201161415;P201161415_4;D;3600;0;0;4800;2400;2835
P201161415;P201161415_5;E;4800;0;0;6000;2400;2835
P201161415;P201161415_6;F;6000;0;0;7200;2400;2835
P201161415;P201161415_7;G;7200;0;0;8400;2400;2835
P201161415;P201161415_8;H;8400;0;0;9600;2400;2835
P201161415;P201161415_9;I;9600;0;0;10800;2400;2835
P201161415;P201161415_10;J;10800;0;0;12000;2400;2835
P201161415;P201161415_11;K;12000;0;0;13200;2400;2835
P201161411;P201161411_1;A;0;0;0;1200;1200;2752
P201161411;P201161411_2;B;0;1200;0;1200;2400;2752
P201161411;P201161411_3;C;1200;1240;0;2400;2440;2752
P201161411;P201161411_4;D;1200;0;0;2400;1200;2752
P201161411;P201161411_5;E;2400;0;0;3600;1200;2752
P201161411;P201161411_6;F;2400;1200;0;3600;2400;2752
P201161411;P201161411_7;G;3600;1240;0;4800;2440;2752
P201161411;P201161411_8;H;3600;0;0;4800;1200;2752
P201161411;P201161411_9;I;4800;0;0;6000;1200;2752
P201161411;P201161411_10;J;4800;1200;0;6000;2400;2752
P201161411;P201161411_11;K;6000;1240;0;7200;2440;2752
P201161411;P201161411_12;L;6000;0;0;7200;1200;2752
P201161411;P201161411_13;M;7200;0;0;8400;1200;2752
P201161411;P201161411_14;N;7200;1200;0;8400;2400;2752
P201161411;P201161411_15;O;8400;1240;0;9600;2440;2752
P201161411;P201161411_16;P;8400;0;0;9600;1200;2752
P201161411;P201161411_17;Q;9600;0;0;10800;1200;2752
P201161411;P201161411_18;R;9600;1240;0;10800;2440;2752
P201161411;P201161411_19;S;10800;1240;0;12000;2440;2752
P201161411;P201161411_20;T;10800;0;0;12000;1200;2752
P201161411;P201161411_21;U;12000;0;0;13320;2350;2910
P201161409;P201161409_1;A;0;0;0;1600;1200;2700
P201161409;P201161409_2;B;0;1240;0;1600;2440;2700
P201161409;P201161409_3;C;1600;0;0;2800;2400;2835
P201161409;P201161409_4;D;2800;0;0;4000;2400;2835
P201161409;P201161409_5;E;4000;1240;0;5000;2440;2700
P201161409;P201161409_6;F;4000;0;0;6400;1200;2835
P201161409;P201161409_7;G;5000;1240;0;6600;2440;2700
P201161409;P201161409_8;H;6400;0;0;8300;1200;2865
P201161409;P201161409_9;I;6600;1240;0;8200;2440;2700
P201161409;P201161409_10;J;8200;1240;0;9200;2440;2865
P201161409;P201161409_11;K;8300;0;0;9300;1200;2865
P201161409;P201161409_12;L;9200;1240;0;10800;2440;2700
P201161409;P201161409_13;M;9300;0;0;10900;1200;2700
P201161409;P201161409_14;N;10800;1240;0;13200;2440;2835
P201161409;P201161409_15;O;10900;0;0;13300;1200;2835
P201161407;P201161407_1;A;0;0;0;1200;1200;2752
P201161407;P201161407_2;B;0;1240;0;1200;2440;2752
P201161407;P201161407_3;C;1200;1240;0;2400;2440;2752
P201161407;P201161407_4;D;1200;0;0;2400;1200;2752
P201161407;P201161407_5;E;2400;0;0;3600;1200;2752
P201161407;P201161407_6;F;2400;1240;0;3600;2440;2752
P201161407;P201161407_7;G;3600;0;0;4920;2350;2910
P201161407;P201161407_8;H;4920;0;0;6120;1200;2752
P201161407;P201161407_9;I;4920;1240;0;6120;2440;2752
P201161407;P201161407_10;J;6120;0;0;7440;2350;2910
P201161407;P201161407_11;K;7440;0;0;8760;2350;2910
P201161407;P201161407_12;L;8760;0;0;10080;2350;2910
P201161407;P201161407_13;M;10080;0;0;11400;2350;2910
P201161407;P201161407_14;N;11400;0;0;12720;2350;2910
Q201161407_1;Q201161407_1_1;A;0;0;0;1200;1200;2752
Q201161407_1;Q201161407_1_2;B;0;1240;0;1200;2440;2752
Q201161407_1;Q201161407_1_3;C;1200;1240;0;2400;2440;2752
Q201161407_1;Q201161407_1_4;D;1200;0;0;2400;1200;2752
Q201161407_1;Q201161407_1_5;E;2400;0;0;3600;1200;2752
Q201161407_1;Q201161407_1_6;F;2400;1240;0;3600;2440;2752
Q201161407_1;Q201161407_1_7;G;3600;1240;0;4800;2440;2752
Q201161407_1;Q201161407_1_8;H;3600;0;0;4800;1200;2752
Q201161407_1;Q201161407_1_9;I;4800;0;0;6000;1200;2752
Q201161407_1;Q201161407_1_10;J;4800;1240;0;6000;2440;2752
Q201161407_1;Q201161407_1_11;K;6000;1240;0;7200;2440;2752
Q201161407_1;Q201161407_1_12;L;6000;0;0;7200;1200;2752
Q201161407_1;Q201161407_1_13;M;7200;0;0;8400;1200;2752
Q201161407_1;Q201161407_1_14;N;7200;1240;0;8400;2440;2752
Q201161407_1;Q201161407_1_15;O;8400;1240;0;9600;2440;2752
Q201161407_1;Q201161407_1_16;P;8400;0;0;9600;1200;2752
Q201161407_1;Q201161407_1_17;Q;9600;0;0;10800;1200;2752
Q201161407_1;Q201161407_1_18;R;9600;1240;0;10800;2440;2752
Q201161407_1;Q201161407_1_19;S;10800;0;0;12120;2350;2910
Q201161407_1;Q201161407_1_20;T;12120;0;0;13440;2350;2910
P201161403;P201161403_1;A;0;0;0;1200;2400;2835
P201161403;P201161403_2;B;1200;0;0;2800;1200;2700
P201161403;P201161403_3;C;1200;1240;0;2200;2440;2700
P201161403;P201161403_4;D;2200;1240;0;4600;2440;2835
P201161403;P201161403_5;E;2800;0;0;5200;1200;2835
P201161403;P201161403_6;F;4600;1240;0;6500;2440;2865
P201161403;P201161403_7;G;5200;0;0;7100;1200;2865
P201161403;P201161403_8;H;6500;1240;0;8900;2440;2835
P201161403;P201161403_9;I;7100;0;0;9500;1200;2835
P201161403;P201161403_10;J;8900;1240;0;9900;2440;2160
P201161403;P201161403_11;K;9500;0;0;11100;1200;2700
P201161403;P201161403_12;L;9900;1240;0;12300;2440;2835
P201161403;P201161403_13;M;11100;0;0;13500;1200;2835
P201161403;P201161403_14;N;12300;1440;0;13500;2440;2340
P201161401;P201161401_1;A;0;620;0;1200;1820;2752
P201161401;P201161401_2;B;1200;45;0;2520;2395;2910
P201161401;P201161401_3;C;2520;45;0;3840;2395;2910
P201161401;P201161401_4;D;3840;0;0;5160;2350;2910
P201161401;P201161401_5;E;5160;1240;0;6360;2440;2752
P201161401;P201161401_6;F;5160;0;0;6360;1200;2752
P201161401;P201161401_7;G;6360;0;0;7680;2350;2910
P201161401;P201161401_8;H;7680;0;0;9000;2350;2910
P201161401;P201161401_9;I;9000;0;0;10320;2350;2910
P201161401;P201161401_10;J;10320;1240;0;11520;2440;2752
P201161401;P201161401_11;K;10320;0;0;11520;1200;2752
P201161401;P201161401_12;L;11520;0;0;12720;1200;2752
P201161401;P201161401_13;M;11520;1240;0;12720;2440;2752
P200161415;P200161415_1;A;0;0;0;1200;2400;2835
P200161415;P200161415_2;B;1200;0;0;2400;2400;2835
P200161415;P200161415_3;C;2400;0;0;3600;2400;2835
P200161415;P200161415_4;D;3600;0;0;4800;2400;2835
P200161415;P200161415_5;E;4800;0;0;6000;2400;2835
P200161415;P200161415_6;F;6000;0;0;7200;2400;2835
P200161415;P200161415_7;G;7200;0;0;8400;2400;2835
P200161415;P200161415_8;H;8400;0;0;9600;2400;2835
P200161415;P200161415_9;I;9600;0;0;11500;1200;2865
P200161415;P200161415_10;J;9600;1240;0;12000;2440;2835
P200161415;P200161415_11;K;11500;0;0;13100;1200;2700
P200161415;P200161415_12;L;12000;1240;0;13000;2440;2700
P200161411;P200161411_1;A;0;0;0;1200;1200;2752
P200161411;P200161411_2;B;0;1200;0;1200;2400;2752
P200161411;P200161411_3;C;1200;1240;0;2400;2440;2752
P200161411;P200161411_4;D;1200;0;0;2400;1200;2752
P200161411;P200161411_5;E;2400;0;0;3600;1200;2752
P200161411;P200161411_6;F;2400;1200;0;3600;2400;2752
P200161411;P200161411_7;G;3600;1240;0;4800;2440;2752
P200161411;P200161411_8;H;3600;0;0;4800;1200;2752
P200161411;P200161411_9;I;4800;0;0;6000;1200;2752
P200161411;P200161411_10;J;4800;1240;0;6000;2440;2752
P200161411;P200161411_11;K;6000;1240;0;7200;2440;2752
P200161411;P200161411_12;L;6000;0;0;7200;1200;2752
P200161411;P200161411_13;M;7200;0;0;8400;1200;2752
P200161411;P200161411_14;N;7200;1240;0;8400;2440;2752
P200161411;P200161411_15;O;8400;0;0;9720;2350;2910
P200161411;P200161411_16;P;9720;0;0;11040;2350;2910
P200161411;P200161411_17;Q;11040;1240;0;12240;2440;2752
P200161411;P200161411_18;R;11040;0;0;12240;1200;2752
P200161411;P200161411_19;S;12240;0;0;13440;1200;2752
P200161411;P200161411_20;T;12240;1240;0;13440;2440;2064
P200161425;P200161425_1;A;0;1240;0;1200;2440;2752
P200161425;P200161425_2;B;0;20;0;1200;1220;2752
P200161425;P200161425_3;C;1200;0;0;2400;1200;2752
P200161425;P200161425_4;D;1200;1240;0;2400;2440;2752
P200161425;P200161425_5;E;2400;1240;0;3600;2440;2752
P200161425;P200161425_6;F;2400;0;0;3600;1200;2752
P200161425;P200161425_7;G;3600;0;0;4800;1200;2752
P200161425;P200161425_8;H;3600;1240;0;4800;2440;2752
P200161425;P200161425_9;I;4800;1240;0;6000;2440;2752
P200161425;P200161425_10;J;4800;0;0;6000;1200;2752
P200161425;P200161425_11;K;6000;0;0;7200;1200;2752
P200161425;P200161425_12;L;6000;1240;0;7200;2440;2752
P200161425;P200161425_13;M;7200;0;0;8520;2350;2910
P200161425;P200161425_14;N;8520;0;0;9840;2350;2910
P200161425;P200161425_15;O;9840;0;0;11160;2350;2910
P200161425;P200161425_16;P;11160;0;0;12480;2350;2910
P200161409;P200161409_1;A;0;0;0;1200;2400;2835
P200161409;P200161409_2;B;1200;0;0;2400;2400;2835
P200161409;P200161409_3;C;2400;0;0;3600;2400;2835
P200161409;P200161409_4;D;3600;0;0;4800;2400;2835
P200161409;P200161409_5;E;4800;0;0;6000;2400;2835
P200161409;P200161409_6;F;6000;1240;0;7900;2440;2865
P200161409;P200161409_7;G;6000;0;0;7600;1200;2700
P200161409;P200161409_8;H;7600;0;0;8600;1200;2340
P200161409;P200161409_9;I;7900;1240;0;10300;2440;2835
P200161409;P200161409_10;J;8600;0;0;11000;1200;2835
P200161409;P200161409_11;K;10300;1240;0;11900;2440;2700
P200161409;P200161409_12;L;11000;0;0;13400;1200;2835
P200161409;P200161409_13;M;11900;1240;0;13500;2440;2700
P200161407;P200161407_1;A;0;1240;0;1200;2440;2752
P200161407;P200161407_2;B;0;0;0;1200;1200;2752
P200161407;P200161407_3;C;1200;0;0;2520;2350;2910
P200161407;P200161407_4;D;2520;1240;0;3720;2440;2752
P200161407;P200161407_5;E;2520;0;0;3720;1200;2752
P200161407;P200161407_6;F;3720;0;0;4920;1200;2752
P200161407;P200161407_7;G;3720;1240;0;4920;2440;2752
P200161407;P200161407_8;H;4920;1240;0;6120;2440;2752
P200161407;P200161407_9;I;4920;0;0;6120;1200;2752
P200161407;P200161407_10;J;6120;0;0;7320;1200;2752
P200161407;P200161407_11;K;6120;1240;0;7320;2440;2752
P200161407;P200161407_12;L;7320;1240;0;8520;2440;2752
P200161407;P200161407_13;M;7320;0;0;8520;1200;2752
P200161407;P200161407_14;N;8520;0;0;9720;1200;2752
P200161407;P200161407_15;O;8520;1240;0;9720;2440;2752
P200161407;P200161407_16;P;9720;1240;0;10920;2440;2752
P200161407;P200161407_17;Q;9720;0;0;10920;1200;2752
P200161407;P200161407_18;R;10920;0;0;12120;1200;2752
P200161407;P200161407_19;S;10920;1240;0;12120;2440;1376
P200161407;P200161407_20;T;12120;0;0;13440;2350;2910
P200161405;P200161405_1;A;0;1660;0;570;2440;1771
P200161405;P200161405_2;B;0;0;0;570;780;1771
P200161405;P200161405_3;C;0;780;0;570;1560;1771
P200161405;P200161405_4;D;570;0;0;1140;780;1771
P200161405;P200161405_5;E;570;780;0;1140;1560;1771
P200161405;P200161405_6;F;1140;1240;0;2740;2440;2700
P200161405;P200161405_7;G;1140;0;0;3540;1200;2835
P200161405;P200161405_8;H;2740;1240;0;5140;2440;2835
P200161405;P200161405_9;I;3540;0;0;5940;1200;2835
P200161405;P200161405_10;J;5140;1240;0;7040;2440;2865
P200161405;P200161405_11;K;5940;0;0;6940;1200;2700
P200161405;P200161405_12;L;6940;0;0;7940;1200;2865
P200161405;P200161405_13;M;7040;1240;0;9440;2440;2835
P200161405;P200161405_14;N;7940;0;0;10340;1200;2835
P200161405;P200161405_15;O;9440;1240;0;11840;2440;2835
P200161405;P200161405_16;P;10340;0;0;12740;1200;2835
P200161405;P200161405_17;Q;11840;1240;0;13440;2440;2700
P200161401;P200161401_1;A;0;90;0;1320;2440;1000
P200161401;P200161401_2;B;1320;0;0;2640;2350;2910
P200161401;P200161401_3;C;2640;90;0;3960;2440;2910
P200161401;P200161401_4;D;3960;45;0;5280;2395;2910
P200161401;P200161401_5;E;5280;45;0;6600;2395;2910
P200161401;P200161401_6;F;6600;0;0;7920;2350;2910
P200161401;P200161401_7;G;7920;0;0;9240;2350;2910
P200161401;P200161401_8;H;9240;0;0;10440;1200;2752
P200161401;P200161401_9;I;9240;1240;0;10440;2440;2752
P200161401;P200161401_10;J;10440;1240;0;11640;2440;2752
P200161401;P200161401_11;K;10440;0;0;11640;1200;2752
P200161401;P200161401_12;L;11640;0;0;12840;1200;2752
P200161401;P200161401_13;M;11640;1240;0;12840;2440;2752
P199161411;P199161411_1;A;0;0;0;1200;1200;2752
P199161411;P199161411_2;B;0;1200;0;1200;2400;2752
P199161411;P199161411_3;C;1200;1240;0;2400;2440;2752
P199161411;P199161411_4;D;1200;0;0;2400;1200;2752
P199161411;P199161411_5;E;2400;0;0;3720;2350;2910
P199161411;P199161411_6;F;3720;0;0;4920;1200;2752
P199161411;P199161411_7;G;3720;1240;0;4920;2440;2752
P199161411;P199161411_8;H;4920;1240;0;6120;2440;2752
P199161411;P199161411_9;I;4920;0;0;6120;1200;2752
P199161411;P199161411_10;J;6120;0;0;7320;1200;688
P199161411;P199161411_11;K;7320;0;0;8640;2350;2910
P199161411;P199161411_12;L;8640;0;0;9960;2350;2910
P199161411;P199161411_13;M;9960;0;0;11280;2350;2910
P199161411;P199161411_14;N;11280;0;0;12600;2350;2910
P199161409;P199161409_1;A;0;0;0;1200;2400;2835
P199161409;P199161409_2;B;1200;0;0;2200;1200;2520
P199161409;P199161409_3;C;1200;1240;0;2800;2440;2700
P199161409;P199161409_4;D;2200;0;0;3200;1200;2340
P199161409;P199161409_5;E;2800;1240;0;4700;2440;2865
P199161409;P199161409_6;F;3200;0;0;5600;1200;2835
P199161409;P199161409_7;G;4700;1240;0;7100;2440;2835
P199161409;P199161409_8;H;5600;0;0;8000;1200;2835
P199161409;P199161409_9;I;7100;1240;0;9500;2440;2835
P199161409;P199161409_10;J;8000;0;0;9000;1200;2520
P199161409;P199161409_11;K;9000;0;0;10900;1200;2865
P199161409;P199161409_12;L;9500;1240;0;11100;2440;2700
P199161409;P199161409_13;M;10900;0;0;11900;1200;2340
P199161409;P199161409_14;N;11100;1240;0;13500;2440;2835
P199161409;P199161409_15;O;11900;0;0;13500;1200;2700
P199161407;P199161407_1;A;0;45;0;1320;2395;2910
P199161407;P199161407_2;B;1320;0;0;2520;1200;2752
P199161407;P199161407_3;C;1320;1240;0;2520;2440;2752
P199161407;P199161407_4;D;2520;1240;0;3720;2440;2752
P199161407;P199161407_5;E;2520;0;0;3720;1200;2752
P199161407;P199161407_6;F;3720;0;0;5040;2350;2910
P199161407;P199161407_7;G;5040;0;0;6360;2350;2910
P199161407;P199161407_8;H;6360;0;0;7680;2350;2910
P199161407;P199161407_9;I;7680;0;0;9000;2350;2910
P199161407;P199161407_10;J;9000;0;0;10320;2350;2910
P199161407;P199161407_11;K;10320;0;0;11640;2350;2910
P199161407;P199161407_12;L;11640;0;0;12960;2350;1955
P199161403;P199161403_1;A;0;1240;0;1600;2440;2700
P199161403;P199161403_2;B;0;0;0;2400;1200;2835
P199161403;P199161403_3;C;1600;1240;0;4000;2440;2835
P199161403;P199161403_4;D;2400;0;0;4800;1200;2835
P199161403;P199161403_5;E;4000;1240;0;5000;2440;2520
P199161403;P199161403_6;F;4800;0;0;5800;1200;2340
P199161403;P199161403_7;G;5000;1240;0;6600;2440;2700
P199161403;P199161403_8;H;5800;0;0;8200;1200;2835
P199161403;P199161403_9;I;6600;1240;0;9000;2440;2835
P199161403;P199161403_10;J;8200;0;0;10600;1200;2835
P199161403;P199161403_11;K;9000;1240;0;10900;2440;2865
P199161403;P199161403_12;L;10600;0;0;12200;1200;2700
P199161403;P199161403_13;M;10900;1240;0;13300;2440;2835
P199161403;P199161403_14;N;12200;0;0;13200;1200;2160
P199161401;P199161401_1;A;0;0;0;1200;1200;2752
P199161401;P199161401_2;B;0;1240;0;1200;2440;2752
P199161401;P199161401_3;C;1200;1240;0;2400;2440;2752
P199161401;P199161401_4;D;1200;0;0;2400;1200;2752
P199161401;P199161401_5;E;2400;0;0;3600;1200;2752
P199161401;P199161401_6;F;2400;1240;0;3600;2440;2752
P199161401;P199161401_7;G;3600;1240;0;4800;2440;2752
P199161401;P199161401_8;H;3600;0;0;4800;1200;2752
P199161401;P199161401_9;I;4800;0;0;6000;1200;2752
P199161401;P199161401_10;J;4800;1240;0;6000;2440;2752
P199161401;P199161401_11;K;6000;1240;0;7200;2440;2752
P199161401;P199161401_12;L;6000;0;0;7200;1200;2752
P199161401;P199161401_13;M;7200;0;0;8400;1200;2752
P199161401;P199161401_14;N;7200;1240;0;8400;2440;2752
P199161401;P199161401_15;O;8400;1240;0;9600;2440;2752
P199161401;P199161401_16;P;8400;0;0;9600;1200;2752
P199161401;P199161401_17;Q;9600;0;0;10800;1200;2752
P199161401;P199161401_18;R;9600;1240;0;10800;2440;2752
P199161401;P199161401_19;S;10800;1240;0;12000;2440;2752
P199161401;P199161401_20;T;10800;0;0;12000;1200;2064
P199161401;P199161401_21;U;12000;0;0;13320;2350;2910
Q199161401_1;Q199161401_1_1;A;0;0;0;1200;1200;2752
Q199161401_1;Q199161401_1_2;B;0;1240;0;1200;2440;2752
Q199161401_1;Q199161401_1_3;C;1200;1240;0;2400;2440;2752
Q199161401_1;Q199161401_1_4;D;1200;0;0;2400;1200;2752
Q199161401_1;Q199161401_1_5;E;2400;0;0;3600;1200;2752
Q199161401_1;Q199161401_1_6;F;2400;1240;0;3600;2440;2752
Q199161401_1;Q199161401_1_7;G;3600;1240;0;4800;2440;2752
Q199161401_1;Q199161401_1_8;H;3600;0;0;4800;1200;2752
Q199161401_1;Q199161401_1_9;I;4800;0;0;6000;1200;2752
Q199161401_1;Q199161401_1_10;J;4800;1240;0;6000;2440;2752
Q199161401_1;Q199161401_1_11;K;6000;1240;0;7200;2440;2752
Q199161401_1;Q199161401_1_12;L;6000;0;0;7200;1200;2752
Q199161401_1;Q199161401_1_13;M;7200;0;0;8400;1200;2752
Q199161401_1;Q199161401_1_14;N;7200;1240;0;8400;2440;2752
Q199161401_1;Q199161401_1_15;O;8400;1240;0;9600;2440;2752
Q199161401_1;Q199161401_1_16;P;8400;0;0;9600;1200;2752
Q199161401_1;Q199161401_1_17;Q;9600;0;0;10800;1200;1376
Q199161401_1;Q199161401_1_18;R;10800;0;0;12120;2350;2910
Q199161401_1;Q199161401_1_19;S;12120;0;0;13440;2350;2910
P198161415;P198161415_1;A;0;0;0;1200;2400;2835
P198161415;P198161415_2;B;1200;0;0;2400;2400;2835
P198161415;P198161415_3;C;2400;0;0;3600;2400;2835
P198161415;P198161415_4;D;3600;0;0;4800;2400;2835
P198161415;P198161415_5;E;4800;0;0;6000;2400;2835
P198161415;P198161415_6;F;6000;0;0;7200;2400;2835
P198161415;P198161415_7;G;7200;0;0;8400;2400;2835
P198161415;P198161415_8;H;8400;1240;0;10300;2440;2865
P198161415;P198161415_9;I;8400;0;0;10000;1200;2700
P198161415;P198161415_10;J;10000;0;0;12400;1200;2835
P198161415;P198161415_11;K;10300;1240;0;11900;2440;2700
P198161415;P198161415_12;L;11900;1240;0;13500;2440;2700
P198161415;P198161415_13;M;12400;0;0;13400;1200;2700
P198161411;P198161411_1;A;0;0;0;1200;1200;2752
P198161411;P198161411_2;B;0;1240;0;1200;2440;2752
P198161411;P198161411_3;C;1200;1240;0;2400;2440;2752
P198161411;P198161411_4;D;1200;0;0;2400;1200;2752
P198161411;P198161411_5;E;2400;0;0;3600;1200;2752
P198161411;P198161411_6;F;2400;1240;0;3600;2440;2752
P198161411;P198161411_7;G;3600;1240;0;4800;2440;2752
P198161411;P198161411_8;H;3600;0;0;4800;1200;2752
P198161411;P198161411_9;I;4800;0;0;6000;1200;2752
P198161411;P198161411_10;J;4800;1240;0;6000;2440;2752
P198161411;P198161411_11;K;6000;1240;0;7200;2440;2752
P198161411;P198161411_12;L;6000;0;0;7200;1200;2752
P198161411;P198161411_13;M;7200;0;0;8400;1200;2752
P198161411;P198161411_14;N;7200;1240;0;8400;2440;2752
P198161411;P198161411_15;O;8400;1240;0;9600;2440;2752
P198161411;P198161411_16;P;8400;0;0;9600;1200;2752
P198161411;P198161411_17;Q;9600;0;0;10800;1200;2752
P198161411;P198161411_18;R;9600;1240;0;10800;2440;2064
P198161411;P198161411_19;S;10800;0;0;12120;2350;2910
P198161411;P198161411_20;T;12120;0;0;13440;2350;2910
P198161409;P198161409_1;A;0;0;0;1200;2400;2835
P198161409;P198161409_2;B;1200;0;0;2400;2400;2835
P198161409;P198161409_3;C;2400;0;0;3600;2400;2835
P198161409;P198161409_4;D;3600;0;0;4800;2400;2835
P198161409;P198161409_5;E;4800;1240;0;5800;2440;2160
P198161409;P198161409_6;F;4800;0;0;6700;1200;2865
P198161409;P198161409_7;G;5800;1240;0;8200;2440;2835
P198161409;P198161409_8;H;6700;0;0;9100;1200;2835
P198161409;P198161409_9;I;8200;1240;0;10600;2440;2835
P198161409;P198161409_10;J;9100;0;0;11500;1200;2835
P198161409;P198161409_11;K;10600;1240;0;13000;2440;2835
P198161409;P198161409_12;L;11500;0;0;13400;1200;2865
Q198161409_1;Q198161409_1_1;A;0;0;0;1600;1200;1815
Q198161409_1;Q198161409_1_2;B;0;1240;0;1000;2440;1635
Q198161409_1;Q198161409_1_3;C;1000;1240;0;3400;2440;1905
Q198161409_1;Q198161409_1_4;D;1600;0;0;3200;1200;1815
Q198161409_1;Q198161409_1_5;E;3200;0;0;5600;1200;2835
Q198161409_1;Q198161409_1_6;F;3400;1240;0;5800;2440;2835
Q198161409_1;Q198161409_1_7;G;5600;0;0;6600;1200;1635
Q198161409_1;Q198161409_1_8;H;5800;1240;0;6800;2440;1815
Q198161409_1;Q198161409_1_9;I;6600;0;0;7600;1200;750
Q198161409_1;Q198161409_1_10;J;6800;1240;0;8400;2440;2700
Q198161409_1;Q198161409_1_11;K;7600;0;0;9200;1200;1815
P198161407;P198161407_1;A;0;0;0;1320;2350;1000
P198161407;P198161407_2;B;1320;45;0;2640;2395;2910
P198161407;P198161407_3;C;2640;0;0;3960;2350;2910
P198161407;P198161407_4;D;3960;0;0;5280;2350;2910
P198161407;P198161407_5;E;5280;0;0;6600;2350;2910
P198161407;P198161407_6;F;6600;0;0;7920;2350;2910
P198161407;P198161407_7;G;7920;0;0;9240;2350;2910
P198161407;P198161407_8;H;9240;0;0;10560;2350;2910
P198161407;P198161407_9;I;10560;0;0;11880;2350;2910
P198161407;P198161407_10;J;11880;0;0;13200;2350;2910
P198161403;P198161403_1;A;0;0;0;1200;1200;2752
P198161403;P198161403_2;B;0;1240;0;1200;2440;2752
P198161403;P198161403_3;C;1200;1240;0;2400;2440;2064
P198161403;P198161403_4;D;1200;0;0;2400;1200;2752
P198161403;P198161403_5;E;2400;0;0;3720;2350;2910
P198161403;P198161403_6;F;3720;1240;0;4920;2440;2752
P198161403;P198161403_7;G;3720;0;0;4920;1200;2752
P198161403;P198161403_8;H;4920;0;0;6120;1200;2752
P198161403;P198161403_9;I;4920;1240;0;6120;2440;2752
P198161403;P198161403_10;J;6120;1240;0;7320;2440;2752
P198161403;P198161403_11;K;6120;0;0;7320;1200;2752
P198161403;P198161403_12;L;7320;0;0;8520;1200;2752
P198161403;P198161403_13;M;7320;1240;0;8520;2440;2752
P198161403;P198161403_14;N;8520;1240;0;9720;2440;2752
P198161403;P198161403_15;O;8520;0;0;9720;1200;2752
P198161403;P198161403_16;P;9720;0;0;10920;1200;2752
P198161403;P198161403_17;Q;9720;1240;0;10920;2440;2752
P198161403;P198161403_18;R;10920;1240;0;12120;2440;2752
P198161403;P198161403_19;S;10920;0;0;12120;1200;2752
P198161403;P198161403_20;T;12120;0;0;13320;1200;2752
P198161403;P198161403_21;U;12120;1240;0;13320;2440;2752
Q198161403_1;Q198161403_1_1;A;0;0;0;1320;2350;1000
Q198161403_1;Q198161403_1_2;B;1320;1240;0;2520;2440;2752
P194161411;P194161411_1;A;0;45;0;1320;2395;1000
P194161411;P194161411_2;B;1320;0;0;2640;2350;2910
P194161411;P194161411_3;C;2640;0;0;3960;2350;2910
P194161411;P194161411_4;D;3960;0;0;5280;2350;2910
P194161411;P194161411_5;E;5280;0;0;6600;2350;2910
P194161411;P194161411_6;F;6600;0;0;7920;2350;2910
P194161411;P194161411_7;G;7920;0;0;9240;2350;2910
P194161411;P194161411_8;H;9240;0;0;10560;2350;2910
P194161411;P194161411_9;I;10560;1240;0;11760;2440;2752
P194161411;P194161411_10;J;10560;0;0;11760;1200;2752
P194161411;P194161411_11;K;11760;0;0;12960;1200;2752
P194161411;P194161411_12;L;11760;1240;0;12960;2440;2752
P194161409;P194161409_1;A;0;1240;0;1000;2440;2700
P194161409;P194161409_2;B;0;0;0;1000;1200;2700
P194161409;P194161409_3;C;1000;0;0;2000;1200;2340
P194161409;P194161409_4;D;1000;1240;0;2600;2440;2700
P194161409;P194161409_5;E;2000;0;0;4400;1200;2835
P194161409;P194161409_6;F;2600;1240;0;5000;2440;2835
P194161409;P194161409_7;G;4400;0;0;6000;1200;2700
P194161409;P194161409_8;H;5000;1240;0;6600;2440;2700
P194161409;P194161409_9;I;6000;0;0;7900;1200;2865
P194161409;P194161409_10;J;6600;1240;0;8500;2440;2865
P194161409;P194161409_11;K;7900;0;0;9500;1200;2700
P194161409;P194161409_12;L;8500;1240;0;10100;2440;2700
P194161409;P194161409_13;M;9500;0;0;11100;1200;2700
P194161409;P194161409_14;N;10100;1240;0;12500;2440;2835
P194161409;P194161409_15;O;11100;0;0;13500;1200;2835
P194161409;P194161409_16;P;12500;1240;0;13500;2440;2160
P194161407;P194161407_1;A;0;0;0;1200;1200;2752
P194161407;P194161407_2;B;0;1240;0;1200;2440;2752
P194161407;P194161407_3;C;1200;1240;0;2400;2440;2752
P194161407;P194161407_4;D;1200;0;0;2400;1200;2752
P194161407;P194161407_5;E;2400;0;0;3600;1200;2752
P194161407;P194161407_6;F;2400;1240;0;3600;2440;2752
P194161407;P194161407_7;G;3600;1240;0;4800;2440;2752
P194161407;P194161407_8;H;3600;0;0;4800;1200;2752
P194161407;P194161407_9;I;4800;0;0;6000;1200;2752
P194161407;P194161407_10;J;4800;1240;0;6000;2440;2752
P194161407;P194161407_11;K;6000;1240;0;7200;2440;2752
P194161407;P194161407_12;L;6000;0;0;7200;1200;2752
P194161407;P194161407_13;M;7200;0;0;8400;1200;2752
P194161407;P194161407_14;N;7200;1240;0;8400;2440;2752
P194161407;P194161407_15;O;8400;1240;0;9600;2440;2752
P194161407;P194161407_16;P;8400;0;0;9600;1200;2752
P194161407;P194161407_17;Q;9600;0;0;10920;2350;2910
P194161407;P194161407_18;R;10920;0;0;12240;2350;2910
P194161407;P194161407_19;S;12240;0;0;13440;1200;2752
P194161407;P194161407_20;T;12240;1240;0;13440;2440;2752
P194161403;P194161403_1;A;0;0;0;1200;2400;2835
P194161403;P194161403_2;B;1200;0;0;2400;2400;2835
P194161403;P194161403_3;C;2400;1240;0;4300;2440;2865
P194161403;P194161403_4;D;2400;0;0;4300;1200;2865
P194161403;P194161403_5;E;4300;0;0;5300;1200;2865
P194161403;P194161403_6;F;4300;1240;0;6700;2440;2835
P194161403;P194161403_7;G;5300;0;0;7700;1200;2835
P194161403;P194161403_8;H;6700;1240;0;9100;2440;2835
P194161403;P194161403_9;I;7700;0;0;8700;1200;2700
P194161403;P194161403_10;J;8700;0;0;10300;1200;2700
P194161403;P194161403_11;K;9100;1240;0;10700;2440;2700
P194161403;P194161403_12;L;10300;0;0;11300;1200;2340
P194161403;P194161403_13;M;10700;1240;0;12300;2440;2700
P194161403;P194161403_14;N;11300;0;0;12300;1200;2865
P194161403;P194161403_15;O;12300;0;0;13500;2400;1905
P194161401;P194161401_1;A;0;0;0;1200;1200;2752
P194161401;P194161401_2;B;0;1240;0;1200;2440;2752
P194161401;P194161401_3;C;1200;1240;0;2400;2440;2752
P194161401;P194161401_4;D;1200;0;0;2400;1200;2752
P194161401;P194161401_5;E;2400;0;0;3600;1200;2752
P194161401;P194161401_6;F;2400;1240;0;3600;2440;2752
P194161401;P194161401_7;G;3600;1240;0;4800;2440;2752
P194161401;P194161401_8;H;3600;0;0;4800;1200;2752
P194161401;P194161401_9;I;4800;0;0;6120;2350;2910
P194161401;P194161401_10;J;6120;0;0;7440;2350;2910
P194161401;P194161401_11;K;7440;0;0;8760;2350;2910
P194161401;P194161401_12;L;8760;0;0;10080;2350;2910
P194161401;P194161401_13;M;10080;0;0;11400;2350;2910
P194161401;P194161401_14;N;11400;0;0;12720;2350;2910
Q194161401_1;Q194161401_1_1;A;0;0;0;1320;2350;2910
Q194161401_1;Q194161401_1_2;B;1320;0;0;2640;2350;2910
Q194161401_1;Q194161401_1_3;C;2640;0;0;3840;1200;2752
Q194161401_1;Q194161401_1_4;D;2640;1240;0;3840;2440;2752
Q194161401_1;Q194161401_1_5;E;3840;1240;0;5040;2440;2752
Q194161401_1;Q194161401_1_6;F;3840;0;0;5040;1200;2752
Q194161401_1;Q194161401_1_7;G;5040;0;0;6240;1200;2752
Q194161401_1;Q194161401_1_8;H;5040;1240;0;6240;2440;2752
Q194161401_1;Q194161401_1_9;I;6240;1240;0;7440;2440;2752
Q194161401_1;Q194161401_1_10;J;6240;0;0;7440;1200;2752
Q194161401_1;Q194161401_1_11;K;7440;0;0;8640;1200;2752
Q194161401_1;Q194161401_1_12;L;7440;1240;0;8640;2440;2752
Q194161401_1;Q194161401_1_13;M;8640;1240;0;9840;2440;2752
Q194161401_1;Q194161401_1_14;N;8640;0;0;9840;1200;2752
Q194161401_1;Q194161401_1_15;O;9840;0;0;11160;2350;2910
Q194161401_1;Q194161401_1_16;P;11160;0;0;12480;2350;2910
P193161415;P193161415_1;A;0;0;0;1200;2400;2835
P193161415;P193161415_2;B;1200;0;0;2400;2400;2835
P193161415;P193161415_3;C;2400;0;0;3600;2400;2835
P193161415;P193161415_4;D;3600;0;0;4800;2400;2835
P193161415;P193161415_5;E;4800;0;0;6000;2400;2835
P193161415;P193161415_6;F;6000;0;0;7200;2400;2835
P193161415;P193161415_7;G;7200;0;0;8400;2400;2835
P193161415;P193161415_8;H;8400;0;0;9600;2400;2835
P193161415;P193161415_9;I;9600;0;0;10800;2400;2835
P193161415;P193161415_10;J;10800;1240;0;11800;2440;2160
P193161415;P193161415_11;K;10800;0;0;13200;1200;2835
P193161415;P193161415_12;L;11800;1240;0;13400;2440;2700
P193161411;P193161411_1;A;0;0;0;1200;1200;2752
P193161411;P193161411_2;B;0;1200;0;1200;2400;2752
P193161411;P193161411_3;C;1200;1240;0;2400;2440;2752
P193161411;P193161411_4;D;1200;0;0;2400;1200;2752
P193161411;P193161411_5;E;2400;0;0;3600;1200;2752
P193161411;P193161411_6;F;2400;1200;0;3600;2400;2752
P193161411;P193161411_7;G;3600;1240;0;4800;2440;2752
P193161411;P193161411_8;H;3600;0;0;4800;1200;2752
P193161411;P193161411_9;I;4800;0;0;6000;1200;2752
P193161411;P193161411_10;J;4800;1200;0;6000;2400;2752
P193161411;P193161411_11;K;6000;1240;0;7200;2440;2752
P193161411;P193161411_12;L;6000;0;0;7200;1200;2752
P193161411;P193161411_13;M;7200;0;0;8520;2350;2910
P193161411;P193161411_14;N;8520;1240;0;9720;2440;2752
P193161411;P193161411_15;O;8520;0;0;9720;1200;2752
P193161411;P193161411_16;P;9720;0;0;10920;1200;2752
P193161411;P193161411_17;Q;9720;1240;0;10920;2440;2752
P193161411;P193161411_18;R;10920;1240;0;12120;2440;2752
P193161411;P193161411_19;S;10920;0;0;12120;1200;2752
P193161411;P193161411_20;T;12120;0;0;13320;1200;2752
P193161411;P193161411_21;U;12120;1240;0;13320;2440;2752
P193161425;P193161425_1;A;0;0;0;1200;1200;2752
P193161425;P193161425_2;B;0;1240;0;1200;2440;2752
P193161425;P193161425_3;C;1200;1240;0;2400;2440;2752
P193161425;P193161425_4;D;1200;20;0;2400;1220;2752
P193161425;P193161425_5;E;2400;0;0;3600;1200;2752
P193161425;P193161425_6;F;2400;1240;0;3600;2440;2752
P193161425;P193161425_7;G;3600;0;0;4920;2350;2910
P193161425;P193161425_8;H;4920;0;0;6240;2350;2910
P193161425;P193161425_9;I;6240;0;0;7560;2350;2910
P193161425;P193161425_10;J;7560;0;0;8880;2350;2910
P193161425;P193161425_11;K;8880;0;0;10200;2350;2910
P193161425;P193161425_12;L;10200;0;0;11520;2350;2910
P193161425;P193161425_13;M;11520;1240;0;12720;2440;2752
P193161425;P193161425_14;N;11520;0;0;12720;1200;2752
P193161409;P193161409_1;A;0;0;0;1200;2400;2835
P193161409;P193161409_2;B;1200;0;0;2400;2400;2835
P193161409;P193161409_3;C;2400;0;0;4300;1200;2865
P193161409;P193161409_4;D;2400;1240;0;4800;2440;2835
P193161409;P193161409_5;E;4300;0;0;6700;1200;2835
P193161409;P193161409_6;F;4800;1240;0;7200;2440;2835
P193161409;P193161409_7;G;6700;0;0;9100;1200;2835
P193161409;P193161409_8;H;7200;1240;0;8200;2440;2700
P193161409;P193161409_9;I;8200;1240;0;10600;2440;2835
P193161409;P193161409_10;J;9100;0;0;10700;1200;2700
P193161409;P193161409_11;K;10600;1240;0;11600;2440;2865
P193161409;P193161409_12;L;10700;0;0;11700;1200;2865
P193161409;P193161409_13;M;11600;1240;0;13500;2440;2865
P193161409;P193161409_14;N;11700;0;0;13300;1200;2700
P193161407;P193161407_1;A;0;620;0;1200;1820;2752
P193161407;P193161407_2;B;1200;90;0;2520;2440;2910
P193161407;P193161407_3;C;2520;0;0;3840;2350;2910
P193161407;P193161407_4;D;3840;0;0;5160;2350;2910
P193161407;P193161407_5;E;5160;0;0;6480;2350;2910
P193161407;P193161407_6;F;6480;0;0;7800;2350;2910
P193161407;P193161407_7;G;7800;0;0;9120;2350;2910
P193161407;P193161407_8;H;9120;0;0;10320;1200;2752
P193161407;P193161407_9;I;9120;1240;0;10320;2440;2752
P193161407;P193161407_10;J;10320;1240;0;11520;2440;2752
P193161407;P193161407_11;K;10320;0;0;11520;1200;2752
P193161407;P193161407_12;L;11520;0;0;12720;1200;2752
P193161407;P193161407_13;M;11520;1240;0;12720;2440;2752
P193161405;P193161405_1;A;0;1660;0;570;2440;1771
P193161405;P193161405_2;B;0;0;0;570;780;1771
P193161405;P193161405_3;C;0;830;0;570;1610;1771
P193161405;P193161405_4;D;570;0;0;1140;780;1771
P193161405;P193161405_5;E;570;1240;0;2970;2440;2835
P193161405;P193161405_6;F;1140;0;0;2740;1200;2700
P193161405;P193161405_7;G;2740;0;0;4640;1200;2865
P193161405;P193161405_8;H;2970;1240;0;4570;2440;2700
P193161405;P193161405_9;I;4570;1240;0;5570;2440;2700
P193161405;P193161405_10;J;4640;0;0;7040;1200;2835
P193161405;P193161405_11;K;5570;1240;0;7970;2440;2835
P193161405;P193161405_12;L;7040;0;0;9440;1200;2835
P193161405;P193161405_13;M;7970;1240;0;9870;2440;2160
P193161405;P193161405_14;N;9440;0;0;11040;1200;2700
P193161405;P193161405_15;O;9870;1240;0;10870;2440;2520
P193161405;P193161405_16;P;10870;1240;0;13270;2440;2835
P193161405;P193161405_17;Q;11040;0;0;13440;1200;2835
P193161401;P193161401_1;A;0;0;0;1200;1200;2752
P193161401;P193161401_2;B;0;1240;0;1200;2440;2752
P193161401;P193161401_3;C;1200;1240;0;2400;2440;2752
P193161401;P193161401_4;D;1200;0;0;2400;1200;2752
P193161401;P193161401_5;E;2400;0;0;3600;1200;2752
P193161401;P193161401_6;F;2400;1240;0;3600;2440;2752
P193161401;P193161401_7;G;3600;1240;0;4800;2440;2752
P193161401;P193161401_8;H;3600;0;0;4800;1200;2752
P193161401;P193161401_9;I;4800;0;0;6000;1200;2752
P193161401;P193161401_10;J;4800;1240;0;6000;2440;2752
P193161401;P193161401_11;K;6000;1240;0;7200;2440;2752
P193161401;P193161401_12;L;6000;0;0;7200;1200;2752
P193161401;P193161401_13;M;7200;0;0;8400;1200;2752
P193161401;P193161401_14;N;7200;1240;0;8400;2440;2752
P193161401;P193161401_15;O;8400;1240;0;9600;2440;2752
P193161401;P193161401_16;P;8400;0;0;9600;1200;2752
P193161401;P193161401_17;Q;9600;0;0;10800;1200;2752
P193161401;P193161401_18;R;9600;1240;0;10800;2440;2064
P193161401;P193161401_19;S;10800;0;0;12120;2350;2910
P193161401;P193161401_20;T;12120;0;0;13440;2350;2910
Q193161401_1;Q193161401_1_1;A;0;0;0;1200;1200;2752
Q193161401_1;Q193161401_1_2;B;0;1200;0;1200;2400;2752
Q193161401_1;Q193161401_1_3;C;1200;1240;0;2400;2440;2752
Q193161401_1;Q193161401_1_4;D;1200;0;0;2400;1200;2752
Q193161401_1;Q193161401_1_5;E;2400;1240;0;3600;2440;2752
Q193161401_1;Q193161401_1_6;F;2400;0;0;3600;1200;2752
Q193161401_1;Q193161401_1_7;G;3600;0;0;4800;1200;2752
Q193161401_1;Q193161401_1_8;H;3600;1240;0;4800;2440;2752
Q193161401_1;Q193161401_1_9;I;4800;1240;0;6000;2440;2752
Q193161401_1;Q193161401_1_10;J;4800;0;0;6000;1200;2752
Q193161401_1;Q193161401_1_11;K;6000;0;0;7320;2350;2910
Q193161401_1;Q193161401_1_12;L;7320;0;0;8640;2350;2910
Q193161401_1;Q193161401_1_13;M;8640;0;0;9840;1200;2752
Q193161401_1;Q193161401_1_14;N;8640;1240;0;9840;2440;2752
Q193161401_1;Q193161401_1_15;O;9840;1240;0;11040;2440;2752
Q193161401_1;Q193161401_1_16;P;9840;0;0;11040;1200;2752
Q193161401_1;Q193161401_1_17;Q;11040;0;0;12240;1200;2752
Q193161401_1;Q193161401_1_18;R;11040;1240;0;12240;2440;1376
P192161415;P192161415_1;A;0;0;0;1200;2400;2835
P192161415;P192161415_2;B;1200;0;0;2400;2400;2835
P192161415;P192161415_3;C;2400;0;0;3600;2400;2835
P192161415;P192161415_4;D;3600;0;0;4800;2400;2835
P192161415;P192161415_5;E;4800;0;0;6000;2400;2835
P192161415;P192161415_6;F;6000;0;0;7900;1200;2865
P192161415;P192161415_7;G;6000;1240;0;8400;2440;2835
P192161415;P192161415_8;H;7900;0;0;10300;1200;2835
P192161415;P192161415_9;I;8400;1240;0;10800;2440;2835
P192161415;P192161415_10;J;10300;0;0;12700;1200;2835
P192161415;P192161415_11;K;10800;1240;0;13200;2440;2835
P192161411;P192161411_1;A;0;620;0;1200;1820;2752
P192161411;P192161411_2;B;1200;1240;0;2400;2440;2752
P192161411;P192161411_3;C;1200;0;0;2400;1200;2752
P192161411;P192161411_4;D;2400;0;0;3720;2350;2910
P192161411;P192161411_5;E;3720;0;0;5040;2350;2910
P192161411;P192161411_6;F;5040;0;0;6360;2350;2910
P192161411;P192161411_7;G;6360;0;0;7680;2350;2910
P192161411;P192161411_8;H;7680;0;0;9000;2350;2910
P192161411;P192161411_9;I;9000;1240;0;10200;2440;2752
P192161411;P192161411_10;J;9000;0;0;10200;1200;2752
P192161411;P192161411_11;K;10200;0;0;11400;1200;2752
P192161411;P192161411_12;L;10200;1240;0;11400;2440;2752
P192161411;P192161411_13;M;11400;1240;0;12600;2440;2752
P192161411;P192161411_14;N;11400;0;0;12600;1200;2752
P192161409;P192161409_1;A;0;0;0;1200;2400;2835
P192161409;P192161409_2;B;1200;0;0;2800;1200;2700
P192161409;P192161409_3;C;1200;1240;0;2200;2440;2340
P192161409;P192161409_4;D;2200;1240;0;4600;2440;2835
P192161409;P192161409_5;E;2800;0;0;5200;1200;2835
P192161409;P192161409_6;F;4600;1240;0;6500;2440;2865
P192161409;P192161409_7;G;5200;0;0;6200;1200;2520
P192161409;P192161409_8;H;6200;0;0;7800;1200;2700
P192161409;P192161409_9;I;6500;1240;0;7500;2440;2865
P192161409;P192161409_10;J;7500;1240;0;9900;2440;2835
P192161409;P192161409_11;K;7800;0;0;9400;1200;2700
P192161409;P192161409_12;L;9400;0;0;11000;1200;2700
P192161409;P192161409_13;M;9900;1240;0;12300;2440;2835
P192161409;P192161409_14;N;11000;0;0;13400;1200;2835
P192161409;P192161409_15;O;12300;1440;0;13500;2440;2700
P192161407;P192161407_1;A;0;0;0;1200;1200;2752
P192161407;P192161407_2;B;0;1240;0;1200;2440;2752
P192161407;P192161407_3;C;1200;1240;0;2400;2440;2752
P192161407;P192161407_4;D;1200;0;0;2400;1200;2752
P192161407;P192161407_5;E;2400;0;0;3720;2350;2910
P192161407;P192161407_6;F;3720;0;0;5040;2350;2910
P192161407;P192161407_7;G;5040;0;0;6240;1200;2752
P192161407;P192161407_8;H;5040;1240;0;6240;2440;2752
P192161407;P192161407_9;I;6240;1240;0;7440;2440;2752
P192161407;P192161407_10;J;6240;0;0;7440;1200;2752
P192161407;P192161407_11;K;7440;0;0;8640;1200;2752
P192161407;P192161407_12;L;7440;1240;0;8640;2440;2752
P192161407;P192161407_13;M;8640;1240;0;9840;2440;2752
P192161407;P192161407_14;N;8640;0;0;9840;1200;2752
P192161407;P192161407_15;O;9840;0;0;11040;1200;2752
P192161407;P192161407_16;P;9840;1240;0;11040;2440;2752
P192161407;P192161407_17;Q;11040;1240;0;12240;2440;2752
P192161407;P192161407_18;R;11040;0;0;12240;1200;2752
P192161407;P192161407_19;S;12240;0;0;13440;1200;2752
P192161407;P192161407_20;T;12240;1240;0;13440;2440;2752
P192161403;P192161403_1;A;0;0;0;1600;1200;2700
P192161403;P192161403_2;B;0;1240;0;2400;2440;2835
P192161403;P192161403_3;C;1600;0;0;4000;1200;2835
P192161403;P192161403_4;D;2400;1240;0;4800;2440;2835
P192161403;P192161403_5;E;4000;0;0;6400;1200;2835
P192161403;P192161403_6;F;4800;1240;0;5800;2440;2340
P192161403;P192161403_7;G;5800;1240;0;8200;2440;2835
P192161403;P192161403_8;H;6400;0;0;8300;1200;2865
P192161403;P192161403_9;I;8200;1240;0;9200;2440;930
P192161403;P192161403_10;J;8300;0;0;10700;1200;2835
P192161403;P192161403_11;K;9200;1240;0;11600;2440;2835
P192161403;P192161403_12;L;10700;0;0;13100;1200;2835
P192161403;P192161403_13;M;11600;1240;0;13200;2440;2700
P192161401;P192161401_1;A;0;0;0;1320;2350;2910
P192161401;P192161401_2;B;1320;90;0;2640;2440;2910
P192161401;P192161401_3;C;2640;1240;0;3840;2440;2752
P192161401;P192161401_4;D;2640;0;0;3840;1200;2752
P192161401;P192161401_5;E;3840;0;0;5040;1200;2752
P192161401;P192161401_6;F;3840;1240;0;5040;2440;2752
P192161401;P192161401_7;G;5040;1240;0;6240;2440;2752
P192161401;P192161401_8;H;5040;0;0;6240;1200;2752
P192161401;P192161401_9;I;6240;0;0;7560;2350;2910
P192161401;P192161401_10;J;7560;0;0;8880;2350;2910
P192161401;P192161401_11;K;8880;0;0;10200;2350;2910
P192161401;P192161401_12;L;10200;0;0;11520;2350;2910
P192161401;P192161401_13;M;11520;0;0;12840;2350;2910
P191161415;P191161415_1;A;0;0;0;1200;2400;2835
P191161415;P191161415_2;B;1200;0;0;2400;2400;2835
P191161415;P191161415_3;C;2400;0;0;3600;2400;2835
P191161415;P191161415_4;D;3600;0;0;4800;2400;2835
P191161415;P191161415_5;E;4800;0;0;6000;2400;2835
P191161415;P191161415_6;F;6000;1240;0;7600;2440;2700
P191161415;P191161415_7;G;6000;0;0;7900;1200;2865
P191161415;P191161415_8;H;7600;1240;0;10000;2440;2835
P191161415;P191161415_9;I;7900;0;0;10300;1200;2835
P191161415;P191161415_10;J;10000;1240;0;12400;2440;2835
P191161415;P191161415_11;K;10300;0;0;11900;1200;2700
P191161415;P191161415_12;L;11900;0;0;13500;1200;1815
P191161415;P191161415_13;M;12400;1240;0;13400;2440;2700
P191161411;P191161411_1;A;0;0;0;1320;2350;2910
P191161411;P191161411_2;B;1320;90;0;2640;2440;2910
P191161411;P191161411_3;C;2640;0;0;3960;2350;2910
P191161411;P191161411_4;D;3960;1240;0;5160;2440;2752
P191161411;P191161411_5;E;3960;0;0;5160;1200;2752
P191161411;P191161411_6;F;5160;0;0;6360;1200;2752
P191161411;P191161411_7;G;5160;1240;0;6360;2440;1376
P191161411;P191161411_8;H;6360;0;0;7680;2350;2910
P191161411;P191161411_9;I;7680;0;0;9000;2350;2910
P191161411;P191161411_10;J;9000;0;0;10320;2350;2910
P191161411;P191161411_11;K;10320;0;0;11640;2350;2910
P191161411;P191161411_12;L;11640;0;0;12960;2350;2910
P191161409;P191161409_1;A;0;0;0;1200;2400;2835
P191161409;P191161409_2;B;1200;0;0;3100;1200;2865
P191161409;P191161409_3;C;1200;1220;0;2200;2420;2865
P191161409;P191161409_4;D;2200;1240;0;3200;2440;2520
P191161409;P191161409_5;E;3100;0;0;5500;1200;2835
P191161409;P191161409_6;F;3200;1240;0;5600;2440;2835
P191161409;P191161409_7;G;5500;0;0;7900;1200;2835
P191161409;P191161409_8;H;5600;1240;0;8000;2440;2835
P191161409;P191161409_9;I;7900;0;0;10300;1200;2835
P191161409;P191161409_10;J;8000;1240;0;10400;2440;2835
P191161409;P191161409_11;K;10300;0;0;11900;1200;2700
P191161409;P191161409_12;L;10400;1240;0;12300;2440;2865
P191161409;P191161409_13;M;11900;0;0;13500;1200;2700
P191161409;P191161409_14;N;12300;1440;0;13500;2440;2160
P191161407;P191161407_1;A;0;0;0;1200;1200;2752
P191161407;P191161407_2;B;0;1200;0;1200;2400;2752
P191161407;P191161407_3;C;1200;1240;0;2400;2440;2752
P191161407;P191161407_4;D;1200;0;0;2400;1200;2752
P191161407;P191161407_5;E;2400;0;0;3720;2350;2910
P191161407;P191161407_6;F;3720;0;0;4920;1200;2752
P191161407;P191161407_7;G;3720;1240;0;4920;2440;2752
P191161407;P191161407_8;H;4920;1240;0;6120;2440;2752
P191161407;P191161407_9;I;4920;0;0;6120;1200;2752
P191161407;P191161407_10;J;6120;0;0;7320;1200;2752
P191161407;P191161407_11;K;6120;1240;0;7320;2440;2752
P191161407;P191161407_12;L;7320;1240;0;8520;2440;2752
P191161407;P191161407_13;M;7320;0;0;8520;1200;2752
P191161407;P191161407_14;N;8520;0;0;9720;1200;2752
P191161407;P191161407_15;O;8520;1240;0;9720;2440;2752
P191161407;P191161407_16;P;9720;1240;0;10920;2440;2752
P191161407;P191161407_17;Q;9720;0;0;10920;1200;2752
P191161407;P191161407_18;R;10920;0;0;12240;2350;2910
P191161407;P191161407_19;S;12240;1240;0;13440;2440;2752
P191161407;P191161407_20;T;12240;0;0;13440;1200;2752
P191161403;P191161403_1;A;0;45;0;1320;2395;1000
P191161403;P191161403_2;B;1320;45;0;2640;2395;2910
P191161403;P191161403_3;C;2640;45;0;3960;2395;2910
P191161403;P191161403_4;D;3960;45;0;5280;2395;2910
P191161403;P191161403_5;E;5280;90;0;6600;2440;2910
P191161403;P191161403_6;F;6600;0;0;7920;2350;2910
P191161403;P191161403_7;G;7920;0;0;9120;1200;2752
P191161403;P191161403_8;H;7920;1240;0;9120;2440;2752
P191161403;P191161403_9;I;9120;1240;0;10320;2440;2752
P191161403;P191161403_10;J;9120;0;0;10320;1200;2752
P191161403;P191161403_11;K;10320;0;0;11520;1200;2752
P191161403;P191161403_12;L;10320;1240;0;11520;2440;2752
P191161403;P191161403_13;M;11520;1240;0;12720;2440;2752
P191161403;P191161403_14;N;11520;0;0;12720;1200;2752
P189161451;P189161451_1;A;0;0;0;1200;1200;2752
P189161451;P189161451_2;B;0;1200;0;1200;2400;2752
P189161451;P189161451_3;C;1200;1240;0;2400;2440;2752
P189161451;P189161451_4;D;1200;0;0;2400;1200;2752
P189161451;P189161451_5;E;2400;0;0;3600;1200;2752
P189161451;P189161451_6;F;2400;1200;0;3600;2400;2752
P189161451;P189161451_7;G;3600;1240;0;4800;2440;2752
P189161451;P189161451_8;H;3600;0;0;4800;1200;2752
P189161451;P189161451_9;I;4800;0;0;6000;1200;2752
P189161451;P189161451_10;J;4800;1240;0;6000;2440;2752
P189161451;P189161451_11;K;6000;0;0;7320;2350;2910
P189161451;P189161451_12;L;7320;0;0;8520;1200;2752
P189161451;P189161451_13;M;7320;1240;0;8520;2440;2064
P189161451;P189161451_14;N;8520;0;0;9840;2350;2910
P189161451;P189161451_15;O;9840;0;0;11160;2350;2910
P189161451;P189161451_16;P;11160;0;0;12480;2350;1955
P189161401;P189161401_1;A;0;0;0;1200;1200;2752
P189161401;P189161401_2;B;0;1240;0;1200;2440;2752
P189161401;P189161401_3;C;1200;1240;0;2400;2440;2752
P189161401;P189161401_4;D;1200;0;0;2400;1200;2752
P189161401;P189161401_5;E;2400;0;0;3600;1200;2752
P189161401;P189161401_6;F;2400;1240;0;3600;2440;2752
P189161401;P189161401_7;G;3600;1240;0;4800;2440;2752
P189161401;P189161401_8;H;3600;0;0;4800;1200;2752
P189161401;P189161401_9;I;4800;0;0;6120;2350;2910
P189161401;P189161401_10;J;6120;0;0;7440;2350;2910
P189161401;P189161401_11;K;7440;0;0;8760;2350;1955
P189161401;P189161401_12;L;8760;1240;0;9960;2440;2752
P189161401;P189161401_13;M;8760;0;0;9960;1200;2752
P189161401;P189161401_14;N;9960;0;0;11160;1200;2752
P189161401;P189161401_15;O;9960;1240;0;11160;2440;2752
P189161401;P189161401_16;P;11160;1240;0;12360;2440;2752
P189161401;P189161401_17;Q;11160;0;0;12360;1200;2752
P188161415;P188161415_1;A;0;0;0;1200;2400;2835
P188161415;P188161415_2;B;1200;0;0;2400;2400;2835
P188161415;P188161415_3;C;2400;0;0;3600;2400;2835
P188161415;P188161415_4;D;3600;1240;0;5200;2440;2700
P188161415;P188161415_5;E;3600;0;0;5500;1200;2865
P188161415;P188161415_6;F;5200;1240;0;6200;2440;2865
P188161415;P188161415_7;G;5500;0;0;7400;1200;2865
P188161415;P188161415_8;H;6200;1240;0;8600;2440;2835
P188161415;P188161415_9;I;7400;0;0;9000;1200;2700
P188161415;P188161415_10;J;8600;1240;0;10200;2440;2700
P188161415;P188161415_11;K;9000;0;0;10000;1200;2700
P188161415;P188161415_12;L;10000;0;0;11000;1200;2520
P188161415;P188161415_13;M;10200;1240;0;11800;2440;2700
P188161415;P188161415_14;N;11000;0;0;13400;1200;2835
P188161415;P188161415_15;O;11800;1240;0;13400;2440;2700
P188161411;P188161411_1;A;0;0;0;1200;1200;2752
P188161411;P188161411_2;B;0;1240;0;1200;2440;2752
P188161411;P188161411_3;C;1200;1240;0;2400;2440;2752
P188161411;P188161411_4;D;1200;0;0;2400;1200;2752
P188161411;P188161411_5;E;2400;0;0;3600;1200;2752
P188161411;P188161411_6;F;2400;1240;0;3600;2440;2752
P188161411;P188161411_7;G;3600;1240;0;4800;2440;2752
P188161411;P188161411_8;H;3600;0;0;4800;1200;2752
P188161411;P188161411_9;I;4800;0;0;6000;1200;2752
P188161411;P188161411_10;J;4800;1240;0;6000;2440;2752
P188161411;P188161411_11;K;6000;1240;0;7200;2440;2752
P188161411;P188161411_12;L;6000;0;0;7200;1200;2752
P188161411;P188161411_13;M;7200;0;0;8400;1200;2752
P188161411;P188161411_14;N;7200;1240;0;8400;2440;2752
P188161411;P188161411_15;O;8400;1240;0;9600;2440;2752
P188161411;P188161411_16;P;8400;0;0;9600;1200;2752
P188161411;P188161411_17;Q;9600;0;0;10920;2350;2910
P188161411;P188161411_18;R;10920;0;0;12240;2350;2910
P188161411;P188161411_19;S;12240;0;0;13440;1200;2752
P188161411;P188161411_20;T;12240;1240;0;13440;2440;2752
P188161425;P188161425_1;A;0;0;0;1200;1200;2752
P188161425;P188161425_2;B;0;1240;0;1200;2440;2752
P188161425;P188161425_3;C;1200;0;0;2520;2350;2910
P188161425;P188161425_4;D;2520;0;0;3840;2350;2910
P188161425;P188161425_5;E;3840;0;0;5160;2350;2910
P188161425;P188161425_6;F;5160;0;0;6360;1200;2752
P188161425;P188161425_7;G;5160;1240;0;6360;2440;2752
P188161425;P188161425_8;H;6360;1240;0;7560;2440;2752
P188161425;P188161425_9;I;6360;0;0;7560;1200;2752
P188161425;P188161425_10;J;7560;0;0;8760;1200;2752
P188161425;P188161425_11;K;7560;1240;0;8760;2440;2752
P188161425;P188161425_12;L;8760;1240;0;9960;2440;2752
P188161425;P188161425_13;M;8760;0;0;9960;1200;2752
P188161425;P188161425_14;N;9960;0;0;11160;1200;2752
P188161425;P188161425_15;O;9960;1240;0;11160;2440;2752
P188161425;P188161425_16;P;11160;1240;0;12360;2440;2752
P188161425;P188161425_17;Q;11160;0;0;12360;1200;2752
P188161409;P188161409_1;A;0;0;0;1200;2400;2835
P188161409;P188161409_2;B;1200;0;0;2400;2400;2835
P188161409;P188161409_3;C;2400;0;0;4000;1200;2700
P188161409;P188161409_4;D;2400;1240;0;3400;2440;2520
P188161409;P188161409_5;E;3400;1240;0;5300;2440;2865
P188161409;P188161409_6;F;4000;0;0;5000;1200;2865
P188161409;P188161409_7;G;5000;0;0;7400;1200;2835
P188161409;P188161409_8;H;5300;1240;0;7700;2440;2835
P188161409;P188161409_9;I;7400;0;0;9800;1200;2835
P188161409;P188161409_10;J;7700;1240;0;10100;2440;2835
P188161409;P188161409_11;K;9800;0;0;12200;1200;2835
P188161409;P188161409_12;L;10100;1240;0;12500;2440;2835
P188161409;P188161409_13;M;12200;0;0;13200;1200;2340
P188161409;P188161409_14;N;12500;1240;0;13500;2440;2340
P188161407;P188161407_1;A;0;0;0;1320;2350;2910
P188161407;P188161407_2;B;1320;1240;0;2520;2440;2752
P188161407;P188161407_3;C;1320;0;0;2520;1200;2752
P188161407;P188161407_4;D;2520;0;0;3840;2350;2910
P188161407;P188161407_5;E;3840;1240;0;5040;2440;2752
P188161407;P188161407_6;F;3840;0;0;5040;1200;2752
P188161407;P188161407_7;G;5040;0;0;6240;1200;2752
P188161407;P188161407_8;H;5040;1240;0;6240;2440;2752
P188161407;P188161407_9;I;6240;1240;0;7440;2440;2752
P188161407;P188161407_10;J;6240;0;0;7440;1200;2752
P188161407;P188161407_11;K;7440;0;0;8640;1200;2752
P188161407;P188161407_12;L;7440;1240;0;8640;2440;2752
P188161407;P188161407_13;M;8640;1240;0;9840;2440;2752
P188161407;P188161407_14;N;8640;0;0;9840;1200;2752
P188161407;P188161407_15;O;9840;0;0;11040;1200;2752
P188161407;P188161407_16;P;9840;1240;0;11040;2440;2752
P188161407;P188161407_17;Q;11040;1240;0;12240;2440;2752
P188161407;P188161407_18;R;11040;0;0;12240;1200;2752
P188161407;P188161407_19;S;12240;0;0;13440;1200;2752
P188161407;P188161407_20;T;12240;1240;0;13440;2440;2752
P188161403;P188161403_1;A;0;40;0;1200;2440;2835
P188161403;P188161403_2;B;1200;0;0;2400;2400;2835
P188161403;P188161403_3;C;2400;0;0;4300;1200;2865
P188161403;P188161403_4;D;2400;1240;0;4000;2440;2700
P188161403;P188161403_5;E;4000;1240;0;5000;2440;2340
P188161403;P188161403_6;F;4300;0;0;5900;1200;2700
P188161403;P188161403_7;G;5000;1240;0;6600;2440;2700
P188161403;P188161403_8;H;5900;0;0;8300;1200;2835
P188161403;P188161403_9;I;6600;1240;0;8200;2440;2700
P188161403;P188161403_10;J;8200;1240;0;10600;2440;2835
P188161403;P188161403_11;K;8300;0;0;10700;1200;2835
P188161403;P188161403_12;L;10600;1240;0;12200;2440;2700
P188161403;P188161403_13;M;10700;0;0;13100;1200;2835
P188161403;P188161403_14;N;12200;1240;0;13200;2440;2520
P188161401;P188161401_1;A;0;0;0;1200;1200;2752
P188161401;P188161401_2;B;0;1220;0;1200;2420;2752
P188161401;P188161401_3;C;1200;0;0;2520;2350;2910
P188161401;P188161401_4;D;2520;0;0;3840;2350;2910
P188161401;P188161401_5;E;3840;0;0;5160;2350;2910
P188161401;P188161401_6;F;5160;0;0;6480;2350;2910
P188161401;P188161401_7;G;6480;0;0;7800;2350;2910
P188161401;P188161401_8;H;7800;0;0;9000;1200;2752
P188161401;P188161401_9;I;7800;1240;0;9000;2440;2752
P188161401;P188161401_10;J;9000;1240;0;10200;2440;2752
P188161401;P188161401_11;K;9000;0;0;10200;1200;2752
P188161401;P188161401_12;L;10200;0;0;11520;2350;2910
P188161401;P188161401_13;M;11520;0;0;12840;2350;2910
P187161415;P187161415_1;A;0;0;0;1200;2400;2835
P187161415;P187161415_2;B;1200;0;0;2400;2400;2835
P187161415;P187161415_3;C;2400;0;0;3600;2400;2835
P187161415;P187161415_4;D;3600;0;0;4800;2400;2835
P187161415;P187161415_5;E;4800;0;0;6000;2400;2835
P187161415;P187161415_6;F;6000;0;0;7200;2400;2835
P187161415;P187161415_7;G;7200;0;0;8400;2400;2835
P187161415;P187161415_8;H;8400;0;0;9600;2400;2835
P187161415;P187161415_9;I;9600;0;0;10800;2400;2835
P187161415;P187161415_10;J;10800;0;0;12000;2400;2835
P187161415;P187161415_11;K;12000;0;0;13200;2400;2835
P187161411;P187161411_1;A;0;0;0;1320;2350;2910
P187161411;P187161411_2;B;1320;1240;0;2520;2440;2752
P187161411;P187161411_3;C;1320;0;0;2520;1200;2752
P187161411;P187161411_4;D;2520;0;0;3720;1200;2752
P187161411;P187161411_5;E;2520;1240;0;3720;2440;2752
P187161411;P187161411_6;F;3720;1240;0;4920;2440;2752
P187161411;P187161411_7;G;3720;0;0;4920;1200;2752
P187161411;P187161411_8;H;4920;0;0;6240;2350;2910
P187161411;P187161411_9;I;6240;0;0;7560;2350;2910
P187161411;P187161411_10;J;7560;0;0;8880;2350;2910
P187161411;P187161411_11;K;8880;0;0;10200;2350;2910
P187161411;P187161411_12;L;10200;0;0;11520;2350;2910
P187161411;P187161411_13;M;11520;1240;0;12720;2440;2752
P187161411;P187161411_14;N;11520;0;0;12720;1200;2752
P187161409;P187161409_1;A;0;0;0;1200;2400;2835
P187161409;P187161409_2;B;1200;1240;0;3100;2440;2865
P187161409;P187161409_3;C;1200;0;0;2200;1200;2520
P187161409;P187161409_4;D;2200;0;0;3200;1200;2520
P187161409;P187161409_5;E;3100;1240;0;5500;2440;2835
P187161409;P187161409_6;F;3200;0;0;5600;1200;2835
P187161409;P187161409_7;G;5500;1240;0;7900;2440;2835
P187161409;P187161409_8;H;5600;0;0;7200;1200;2700
P187161409;P187161409_9;I;7200;0;0;9600;1200;2835
P187161409;P187161409_10;J;7900;1240;0;10300;2440;2835
P187161409;P187161409_11;K;9600;0;0;11200;1200;2700
P187161409;P187161409_12;L;10300;1240;0;12200;2440;2865
P187161409;P187161409_13;M;11200;0;0;12200;1200;2865
P187161409;P187161409_14;N;12200;0;0;13400;2400;2835
P187161407;P187161407_1;A;0;0;0;1200;1200;2752
P187161407;P187161407_2;B;0;1240;0;1200;2440;2752
P187161407;P187161407_3;C;1200;1240;0;2400;2440;2752
P187161407;P187161407_4;D;1200;0;0;2400;1200;2752
P187161407;P187161407_5;E;2400;0;0;3720;2350;2910
P187161407;P187161407_6;F;3720;0;0;5040;2350;2910
P187161407;P187161407_7;G;5040;0;0;6240;1200;2752
P187161407;P187161407_8;H;5040;1240;0;6240;2440;2752
P187161407;P187161407_9;I;6240;1240;0;7440;2440;2752
P187161407;P187161407_10;J;6240;0;0;7440;1200;2752
P187161407;P187161407_11;K;7440;0;0;8640;1200;2752
P187161407;P187161407_12;L;7440;1240;0;8640;2440;2752
P187161407;P187161407_13;M;8640;1240;0;9840;2440;2752
P187161407;P187161407_14;N;8640;0;0;9840;1200;2752
P187161407;P187161407_15;O;9840;0;0;11040;1200;2752
P187161407;P187161407_16;P;9840;1240;0;11040;2440;2752
P187161407;P187161407_17;Q;11040;1240;0;12240;2440;2752
P187161407;P187161407_18;R;11040;0;0;12240;1200;2752
P187161407;P187161407_19;S;12240;0;0;13440;1200;2752
P187161407;P187161407_20;T;12240;1240;0;13440;2440;2752
P187161403;P187161403_1;A;0;0;0;1200;2400;2835
P187161403;P187161403_2;B;1200;0;0;2400;2400;2835
P187161403;P187161403_3;C;2400;1240;0;4000;2440;2700
P187161403;P187161403_4;D;2400;0;0;4300;1200;2865
P187161403;P187161403_5;E;4000;1240;0;5600;2440;2700
P187161403;P187161403_6;F;4300;0;0;5300;1200;2520
P187161403;P187161403_7;G;5300;0;0;7700;1200;2835
P187161403;P187161403_8;H;5600;1240;0;8000;2440;2835
P187161403;P187161403_9;I;7700;0;0;10100;1200;2835
P187161403;P187161403_10;J;8000;1240;0;10400;2440;1905
P187161403;P187161403_11;K;10100;0;0;11700;1200;2700
P187161403;P187161403_12;L;10400;1240;0;12300;2440;2160
P187161403;P187161403_13;M;11700;0;0;13300;1200;2700
P187161403;P187161403_14;N;12300;1440;0;13500;2440;2520
P187161401;P187161401_1;A;0;0;0;1200;1200;2752
P187161401;P187161401_2;B;0;1240;0;1200;2440;2752
P187161401;P187161401_3;C;1200;0;0;2520;2350;2910
P187161401;P187161401_4;D;2520;0;0;3840;2350;2910
P187161401;P187161401_5;E;3840;0;0;5160;2350;2910
P187161401;P187161401_6;F;5160;0;0;6480;2350;2910
P187161401;P187161401_7;G;6480;1240;0;7680;2440;2752
P187161401;P187161401_8;H;6480;0;0;7680;1200;2752
P187161401;P187161401_9;I;7680;0;0;8880;1200;2752
P187161401;P187161401_10;J;7680;1240;0;8880;2440;2752
P187161401;P187161401_11;K;8880;1240;0;10080;2440;2752
P187161401;P187161401_12;L;8880;0;0;10080;1200;2064
P187161401;P187161401_13;M;10080;0;0;11400;2350;2910
P187161401;P187161401_14;N;11400;0;0;12720;2350;2910
P186161415;P186161415_1;A;0;0;0;1200;2400;2835
P186161415;P186161415_2;B;1200;0;0;2400;2400;2835
P186161415;P186161415_3;C;2400;0;0;3600;2400;2835
P186161415;P186161415_4;D;3600;0;0;4800;2400;2835
P186161415;P186161415_5;E;4800;0;0;6000;2400;2835
P186161415;P186161415_6;F;6000;1240;0;7000;2440;2865
P186161415;P186161415_7;G;6000;0;0;8400;1200;2835
P186161415;P186161415_8;H;7000;1240;0;9400;2440;2835
P186161415;P186161415_9;I;8400;0;0;10000;1200;2700
P186161415;P186161415_10;J;9400;1240;0;11800;2440;2835
P186161415;P186161415_11;K;10000;0;0;12400;1200;1905
P186161415;P186161415_12;L;11800;1240;0;13400;2440;2700
P186161415;P186161415_13;M;12400;0;0;13400;1200;2520
P186161411;P186161411_1;A;0;0;0;1200;1200;2752
P186161411;P186161411_2;B;0;1200;0;1200;2400;2752
P186161411;P186161411_3;C;1200;1240;0;2400;2440;2752
P186161411;P186161411_4;D;1200;0;0;2400;1200;2752
P186161411;P186161411_5;E;2400;0;0;3600;1200;2752
P186161411;P186161411_6;F;2400;1200;0;3600;2400;2752
P186161411;P186161411_7;G;3600;1240;0;4800;2440;2752
P186161411;P186161411_8;H;3600;0;0;4800;1200;2752
P186161411;P186161411_9;I;4800;0;0;6000;1200;2752
P186161411;P186161411_10;J;4800;1200;0;6000;2400;2752
P186161411;P186161411_11;K;6000;0;0;7320;2350;2910
P186161411;P186161411_12;L;7320;0;0;8520;1200;2752
P186161411;P186161411_13;M;7320;1240;0;8520;2440;2752
P186161411;P186161411_14;N;8520;1240;0;9720;2440;2752
P186161411;P186161411_15;O;8520;0;0;9720;1200;2752
P186161411;P186161411_16;P;9720;0;0;10920;1200;2752
P186161411;P186161411_17;Q;9720;1240;0;10920;2440;2752
P186161411;P186161411_18;R;10920;1240;0;12120;2440;2752
P186161411;P186161411_19;S;10920;0;0;12120;1200;2752
P186161411;P186161411_20;T;12120;0;0;13440;2350;2910
P186161425;P186161425_1;A;0;0;0;1200;1200;2752
P186161425;P186161425_2;B;0;1240;0;1200;2440;2752
P186161425;P186161425_3;C;1200;1240;0;2400;2440;2752
P186161425;P186161425_4;D;1200;0;0;2400;1200;2752
P186161425;P186161425_5;E;2400;0;0;3600;1200;2752
P186161425;P186161425_6;F;2400;1240;0;3600;2440;2752
P186161425;P186161425_7;G;3600;1240;0;4800;2440;2752
P186161425;P186161425_8;H;3600;0;0;4800;1200;2752
P186161425;P186161425_9;I;4800;0;0;6000;1200;2752
P186161425;P186161425_10;J;4800;1240;0;6000;2440;2752
P186161425;P186161425_11;K;6000;1240;0;7200;2440;2752
P186161425;P186161425_12;L;6000;0;0;7200;1200;2752
P186161425;P186161425_13;M;7200;0;0;8400;1200;2752
P186161425;P186161425_14;N;7200;1240;0;8400;2440;2752
P186161425;P186161425_15;O;8400;1240;0;9600;2440;2752
P186161425;P186161425_16;P;8400;0;0;9600;1200;2752
P186161425;P186161425_17;Q;9600;0;0;10920;2350;2910
P186161425;P186161425_18;R;10920;0;0;12240;2350;2910
P186161425;P186161425_19;S;12240;0;0;13440;1200;2752
P186161425;P186161425_20;T;12240;1240;0;13440;2440;2752
P186161409;P186161409_1;A;0;0;0;1200;2400;2835
P186161409;P186161409_2;B;1200;0;0;3100;1200;2865
P186161409;P186161409_3;C;1200;1240;0;2800;2440;2700
P186161409;P186161409_4;D;2800;1240;0;5200;2440;2835
P186161409;P186161409_5;E;3100;0;0;5500;1200;2835
P186161409;P186161409_6;F;5200;1240;0;7600;2440;2835
P186161409;P186161409_7;G;5500;0;0;6500;1200;2160
P186161409;P186161409_8;H;6500;0;0;8900;1200;2835
P186161409;P186161409_9;I;7600;1240;0;10000;2440;2835
P186161409;P186161409_10;J;8900;0;0;11300;1200;2835
P186161409;P186161409_11;K;10000;1240;0;12400;2440;2835
P186161409;P186161409_12;L;11300;0;0;13200;1200;2865
P186161409;P186161409_13;M;12400;1240;0;13400;2440;2700
P186161407;P186161407_1;A;0;0;0;1320;2350;2910
P186161407;P186161407_2;B;1320;0;0;2640;2350;2910
P186161407;P186161407_3;C;2640;0;0;3840;1200;2752
P186161407;P186161407_4;D;2640;1240;0;3840;2440;2752
P186161407;P186161407_5;E;3840;0;0;5160;2350;2910
P186161407;P186161407_6;F;5160;0;0;6480;2350;2910
P186161407;P186161407_7;G;6480;1240;0;7680;2440;2752
P186161407;P186161407_8;H;6480;0;0;7680;1200;2752
P186161407;P186161407_9;I;7680;0;0;9000;2350;2910
P186161407;P186161407_10;J;9000;0;0;10320;2350;2910
P186161407;P186161407_11;K;10320;0;0;11640;2350;2910
P186161407;P186161407_12;L;11640;0;0;12960;2350;2910
P186161405;P186161405_1;A;0;0;0;570;780;1771
P186161405;P186161405_2;B;0;780;0;570;1560;1771
P186161405;P186161405_3;C;0;1660;0;570;2440;1771
P186161405;P186161405_4;D;570;1660;0;1140;2440;1771
P186161405;P186161405_5;E;570;0;0;1140;780;909
P186161405;P186161405_6;F;1140;0;0;2740;1200;2700
P186161405;P186161405_7;G;1140;1240;0;3540;2440;2835
P186161405;P186161405_8;H;2740;0;0;4640;1200;2865
P186161405;P186161405_9;I;3540;1240;0;5140;2440;2700
P186161405;P186161405_10;J;4640;0;0;7040;1200;2835
P186161405;P186161405_11;K;5140;1240;0;7540;2440;2835
P186161405;P186161405_12;L;7040;0;0;9440;1200;2835
P186161405;P186161405_13;M;7540;1240;0;9940;2440;2835
P186161405;P186161405_14;N;9440;0;0;11840;1200;2835
P186161405;P186161405_15;O;9940;1240;0;10940;2440;2160
P186161405;P186161405_16;P;10940;1240;0;12540;2440;1815
P186161405;P186161405_17;Q;11840;0;0;12840;1200;1815
P186161401;P186161401_1;A;0;0;0;1320;2350;2910
P186161401;P186161401_2;B;1320;1240;0;2520;2440;2752
P186161401;P186161401_3;C;1320;0;0;2520;1200;2752
P186161401;P186161401_4;D;2520;0;0;3720;1200;2752
P186161401;P186161401_5;E;2520;1240;0;3720;2440;2752
P186161401;P186161401_6;F;3720;1240;0;4920;2440;2752
P186161401;P186161401_7;G;3720;0;0;4920;1200;2752
P186161401;P186161401_8;H;4920;0;0;6120;1200;2752
P186161401;P186161401_9;I;4920;1240;0;6120;2440;2752
P186161401;P186161401_10;J;6120;1240;0;7320;2440;2752
P186161401;P186161401_11;K;6120;0;0;7320;1200;2752
P186161401;P186161401_12;L;7320;0;0;8520;1200;2752
P186161401;P186161401_13;M;7320;1240;0;8520;2440;2752
P186161401;P186161401_14;N;8520;0;0;9840;2350;2910
P186161401;P186161401_15;O;9840;0;0;11160;2350;2910
P186161401;P186161401_16;P;11160;0;0;12480;2350;1955
P185161411;P185161411_1;A;0;0;0;1200;1200;2752
P185161411;P185161411_2;B;0;1200;0;1200;2400;2752
P185161411;P185161411_3;C;1200;1240;0;2400;2440;2752
P185161411;P185161411_4;D;1200;0;0;2400;1200;2752
P185161411;P185161411_5;E;2400;1240;0;3600;2440;2752
P185161411;P185161411_6;F;2400;0;0;3600;1200;2752
P185161411;P185161411_7;G;3600;0;0;4800;1200;2752
P185161411;P185161411_8;H;3600;1240;0;4800;2440;2752
P185161411;P185161411_9;I;4800;1240;0;6000;2440;2752
P185161411;P185161411_10;J;6000;0;0;7320;2350;2910
P185161411;P185161411_11;K;7320;0;0;8640;2350;2910
P185161411;P185161411_12;L;8640;0;0;9960;2350;2910
P185161411;P185161411_13;M;9960;0;0;11280;2350;2910
P185161411;P185161411_14;N;11280;0;0;12600;2350;1955
P185161409;P185161409_1;A;0;0;0;1200;2400;2835
P185161409;P185161409_2;B;1200;1240;0;3100;2440;2865
P185161409;P185161409_3;C;1200;0;0;3600;1200;2835
P185161409;P185161409_4;D;3100;1240;0;5500;2440;2835
P185161409;P185161409_5;E;3600;0;0;6000;1200;2835
P185161409;P185161409_6;F;5500;1240;0;6500;2440;2520
P185161409;P185161409_7;G;6000;0;0;7600;1200;2700
P185161409;P185161409_8;H;6500;1240;0;8400;2440;2865
P185161409;P185161409_9;I;7600;0;0;8600;1200;2865
P185161409;P185161409_10;J;8400;1240;0;10000;2440;2700
P185161409;P185161409_11;K;8600;0;0;11000;1200;2835
P185161409;P185161409_12;L;10000;1240;0;12400;2440;2835
P185161409;P185161409_13;M;11000;0;0;13400;1200;2835
P185161409;P185161409_14;N;12400;1240;0;13400;2440;2700
P185161407;P185161407_1;A;0;0;0;1200;1200;2752
P185161407;P185161407_2;B;0;1240;0;1200;2440;2752
P185161407;P185161407_3;C;1200;1240;0;2400;2440;2752
P185161407;P185161407_4;D;1200;0;0;2400;1200;2752
P185161407;P185161407_5;E;2400;0;0;3600;1200;2752
P185161407;P185161407_6;F;2400;1240;0;3600;2440;2752
P185161407;P185161407_7;G;3600;1240;0;4800;2440;2752
P185161407;P185161407_8;H;3600;0;0;4800;1200;2752
P185161407;P185161407_9;I;4800;0;0;6000;1200;2752
P185161407;P185161407_10;J;4800;1240;0;6000;2440;2752
P185161407;P185161407_11;K;6000;1240;0;7200;2440;2752
P185161407;P185161407_12;L;6000;0;0;7200;1200;2752
P185161407;P185161407_13;M;7200;0;0;8400;1200;2752
P185161407;P185161407_14;N;7200;1240;0;8400;2440;2752
P185161407;P185161407_15;O;8400;1240;0;9600;2440;2752
P185161407;P185161407_16;P;8400;0;0;9600;1200;2752
P185161407;P185161407_17;Q;9600;0;0;10800;1200;2752
P185161407;P185161407_18;R;9600;1240;0;10800;2440;2752
P185161407;P185161407_19;S;10800;1240;0;12000;2440;2752
P185161407;P185161407_20;T;10800;0;0;12000;1200;2752
P185161407;P185161407_21;U;12000;0;0;13320;2350;2910
P185161403;P185161403_1;A;0;0;0;1600;1200;2700
P185161403;P185161403_2;B;0;1240;0;2400;2440;2835
P185161403;P185161403_3;C;1600;0;0;4000;1200;2835
P185161403;P185161403_4;D;2400;1240;0;3400;2440;2340
P185161403;P185161403_5;E;3400;1240;0;5300;2440;2160
P185161403;P185161403_6;F;4000;0;0;5600;1200;2700
P185161403;P185161403_7;G;5300;1240;0;7700;2440;2835
P185161403;P185161403_8;H;5600;0;0;8000;1200;2835
P185161403;P185161403_9;I;7700;1240;0;10100;2440;2835
P185161403;P185161403_10;J;8000;0;0;9600;1200;2700
P185161403;P185161403_11;K;9600;0;0;12000;1200;2835
P185161403;P185161403_12;L;10100;1240;0;11700;2440;2700
P185161403;P185161403_13;M;11700;1240;0;12700;2440;930
P185161401;P185161401_1;A;0;0;0;1200;1200;2752
P185161401;P185161401_2;B;0;1200;0;1200;2400;2752
P185161401;P185161401_3;C;1200;1240;0;2400;2440;2752
P185161401;P185161401_4;D;1200;0;0;2400;1200;2752
P185161401;P185161401_5;E;2400;0;0;3600;1200;2752
P185161401;P185161401_6;F;2400;1240;0;3600;2440;2752
P185161401;P185161401_7;G;3600;1240;0;4800;2440;2752
P185161401;P185161401_8;H;3600;0;0;4800;1200;2752
P185161401;P185161401_9;I;4800;0;0;6000;1200;2752
P185161401;P185161401_10;J;4800;1240;0;6000;2440;2752
P185161401;P185161401_11;K;6000;0;0;7320;2350;2910
P185161401;P185161401_12;L;7320;0;0;8640;2350;2910
P185161401;P185161401_13;M;8640;0;0;9960;2350;2910
P185161401;P185161401_14;N;9960;0;0;11280;2350;2910
P185161401;P185161401_15;O;11280;1240;0;12480;2440;2752
P185161401;P185161401_16;P;11280;0;0;12480;1200;2752
P184161415;P184161415_1;A;0;0;0;1200;2400;2835
P184161415;P184161415_2;B;1200;40;0;2400;2440;2835
P184161415;P184161415_3;C;2400;0;0;3600;2400;2835
P184161415;P184161415_4;D;3600;0;0;4800;2400;2835
P184161415;P184161415_5;E;4800;1240;0;5800;2440;2520
P184161415;P184161415_6;F;4800;0;0;6400;1200;2700
P184161415;P184161415_7;G;5800;1240;0;8200;2440;2835
P184161415;P184161415_8;H;6400;0;0;8800;1200;2835
P184161415;P184161415_9;I;8200;1240;0;9200;2440;1455
P184161415;P184161415_10;J;8800;0;0;10700;1200;2865
P184161415;P184161415_11;K;9200;1240;0;11600;2440;2835
P184161415;P184161415_12;L;10700;0;0;12300;1200;1815
P184161411;P184161411_1;A;0;0;0;1200;1200;2752
P184161411;P184161411_2;B;0;1240;0;1200;2440;2064
P184161411;P184161411_3;C;1200;1240;0;2400;2440;2752
P184161411;P184161411_4;D;1200;0;0;2400;1200;2752
P184161411;P184161411_5;E;2400;0;0;3600;1200;2752
P184161411;P184161411_6;F;2400;1240;0;3600;2440;2752
P184161411;P184161411_7;G;3600;1240;0;4800;2440;2752
P184161411;P184161411_8;H;3600;0;0;4800;1200;2752
P184161411;P184161411_9;I;4800;0;0;6000;1200;2752
P184161411;P184161411_10;J;4800;1240;0;6000;2440;2752
P184161411;P184161411_11;K;6000;0;0;7320;2350;1955
P184161411;P184161411_12;L;7320;0;0;8640;2350;2910
P184161411;P184161411_13;M;8640;0;0;9960;2350;2910
P184161411;P184161411_14;N;9960;0;0;11280;2350;1955
P184161411;P184161411_15;O;11280;1240;0;12480;2440;2752
P184161411;P184161411_16;P;11280;0;0;12480;1200;1376
P180064605;P180064605_1;A;0;0;0;2000;1200;2705
P180064605;P180064605_2;B;0;1200;0;2000;2400;2705
P180064605;P180064605_3;C;2000;0;0;3200;2400;2835
P180064605;P180064605_4;D;3200;0;0;5200;1200;2765
P180064605;P180064605_5;E;3200;1240;0;5100;2440;2865
P180064605;P180064605_6;F;5100;1240;0;7000;2440;2865
P180064605;P180064605_7;G;5200;0;0;6200;1200;2865
P180064605;P180064605_8;H;6200;0;0;7800;1200;2520
P180064605;P180064605_9;I;7000;1660;0;7570;2440;1771
P180064605;P180064605_10;J;7570;1240;0;9570;2440;2745
P180064605;P180064605_11;K;7800;0;0;9800;1200;2705
P180064605;P180064605_12;L;9570;1240;0;11570;2440;2710
P180064605;P180064605_13;M;9800;0;0;11800;1200;2710
P180064605;P180064605_14;N;11570;1240;0;13470;2440;2865
P180064605;P180064605_15;O;11800;0;0;13400;1200;2520
P180064601;P180064601_1;A;0;0;0;1900;1200;2865
P180064601;P180064601_2;B;0;1200;0;1900;2400;2865
P180064601;P180064601_3;C;1900;1240;0;3900;2440;2855
P180064601;P180064601_4;D;1900;0;0;3900;1200;2855
P180064601;P180064601_5;E;3900;0;0;5900;1200;2855
P180064601;P180064601_6;F;3900;1240;0;6300;2440;2835
P180064601;P180064601_7;G;5900;0;0;8100;1200;2875
P180064601;P180064601_8;H;6300;1240;0;8100;2440;2355
P180064601;P180064601_9;I;8100;1240;0;9900;2440;2355
P180064601;P180064601_10;J;8100;0;0;9900;1200;2355
P180064601;P180064601_11;K;9900;0;0;11700;1200;2355
P180064601;P180064601_12;L;9900;1240;0;11700;2440;2355
P180064601;P180064601_13;M;11700;1240;0;13500;2440;2355
P180064601;P180064601_14;N;11700;0;0;13500;1200;2355
P179064613;P179064613_1;A;0;0;0;1200;2400;2835
P179064613;P179064613_2;B;1200;1240;0;3200;2440;2705
P179064613;P179064613_3;C;1200;0;0;2800;1200;2865
P179064613;P179064613_4;D;2800;0;0;3370;780;1771
P179064613;P179064613_5;E;3200;1240;0;5600;2440;2835
P179064613;P179064613_6;F;3370;0;0;5370;1200;2705
P179064613;P179064613_7;G;5370;0;0;7370;1200;2705
P179064613;P179064613_8;H;5600;1240;0;7600;2440;2705
P179064613;P179064613_9;I;7370;0;0;9370;1200;2705
P179064613;P179064613_10;J;7600;1240;0;9500;2440;2865
P179064613;P179064613_11;K;9370;0;0;11270;1200;2865
P179064613;P179064613_12;L;9500;1240;0;11400;2440;2865
P179064613;P179064613_13;M;11270;0;0;12870;1200;2700
P179064613;P179064613_14;N;11400;1240;0;13400;2440;2710
P179064613;P179064613_15;O;12870;0;0;13440;780;1340
P179064611;P179064611_1;A;0;1240;0;2000;2440;2710
P179064611;P179064611_2;B;0;0;0;2000;1200;2705
P179064611;P179064611_3;C;2000;0;0;4000;1200;2705
P179064611;P179064611_4;D;2000;1200;0;4000;2400;2705
P179064611;P179064611_5;E;4000;0;0;6000;1200;2745
P179064611;P179064611_6;F;4000;1240;0;5900;2440;2865
P179064611;P179064611_7;G;5900;1240;0;7500;2440;2520
P179064611;P179064611_8;H;6000;0;0;8000;1200;2705
P179064611;P179064611_9;I;7500;1240;0;9100;2440;2865
P179064611;P179064611_10;J;8000;0;0;9900;1200;2865
P179064611;P179064611_11;K;9100;1240;0;11500;2440;2835
P179064611;P179064611_12;L;9900;0;0;10900;1200;1455
P179064611;P179064611_13;M;10900;0;0;13300;1200;2835
P179064611;P179064611_14;N;11500;1240;0;13400;2440;2865
P179064609;P179064609_1;A;0;0;0;2200;1200;2875
P179064609;P179064609_2;B;0;1200;0;2200;2400;2875
P179064609;P179064609_3;C;2200;1240;0;4000;2440;2355
P179064609;P179064609_4;D;2200;0;0;4000;1200;2355
P179064609;P179064609_5;E;4000;0;0;5800;1200;2355
P179064609;P179064609_6;F;4000;1240;0;5800;2440;2355
P179064609;P179064609_7;G;5800;1240;0;8000;2440;2460
P179064609;P179064609_8;H;5800;0;0;7600;1200;2355
P179064609;P179064609_9;I;7600;0;0;9400;1200;2355
P179064609;P179064609_10;J;8000;1240;0;9800;2440;2355
P179064609;P179064609_11;K;9400;0;0;11200;1200;2355
P179064609;P179064609_12;L;9800;1240;0;11600;2440;2355
P179064609;P179064609_13;M;11200;0;0;13400;1200;2875
P179064609;P179064609_14;N;11600;1240;0;13400;2440;2355
P179064605;P179064605_1;A;0;1240;0;2000;2440;2705
P179064605;P179064605_2;B;0;0;0;2000;1200;2705
P179064605;P179064605_3;C;2000;0;0;4000;1200;2705
P179064605;P179064605_4;D;2000;1240;0;4000;2440;2705
P179064605;P179064605_5;E;4000;1240;0;5600;2440;2520
P179064605;P179064605_6;F;4000;0;0;6000;1200;2710
P179064605;P179064605_7;G;5600;1660;0;6170;2440;1771
P179064605;P179064605_8;H;6000;0;0;8000;1200;2705
P179064605;P179064605_9;I;6170;1240;0;8170;2440;2705
P179064605;P179064605_10;J;8000;0;0;10000;1200;2705
P179064605;P179064605_11;K;8170;1240;0;10070;2440;2865
P179064605;P179064605_12;L;10000;0;0;11900;1200;2865
P179064605;P179064605_13;M;10070;1240;0;12070;2440;2745
P179064605;P179064605_14;N;11900;0;0;13500;1200;2520
P179064605;P179064605_15;O;12070;1240;0;13070;2440;1455
P179064603;P179064603_1;A;0;0;0;1600;1200;2700
P179064603;P179064603_2;B;0;1200;0;1600;2400;2700
P179064603;P179064603_3;C;1600;1240;0;3200;2440;2700
P179064603;P179064603_4;D;1600;0;0;3200;1200;2700
P179064603;P179064603_5;E;3200;0;0;4800;1200;1815
P179064603;P179064603_6;F;3200;1240;0;5400;2440;2265
P179064603;P179064603_7;G;4800;0;0;6800;1200;2855
P179064603;P179064603_8;H;5400;1240;0;7600;2440;2265
P179064603;P179064603_9;I;6800;0;0;9000;1200;2875
P179064603;P179064603_10;J;7600;1240;0;9800;2440;2875
P179064603;P179064603_11;K;9000;0;0;10900;1200;2865
P179064603;P179064603_12;L;9800;1240;0;11600;2440;2355
P179064603;P179064603_13;M;10900;0;0;12700;1200;2355
P179064603;P179064603_14;N;11600;1240;0;13400;2440;2355
P178064611;P178064611_1;A;0;40;0;1200;2440;2835
P178064611;P178064611_2;B;1200;0;0;3100;1200;2865
P178064611;P178064611_3;C;1200;1240;0;3200;2440;2710
P178064611;P178064611_4;D;3100;0;0;5100;1200;2705
P178064611;P178064611_5;E;3200;1240;0;5200;2440;2705
P178064611;P178064611_6;F;5100;0;0;7100;1200;2705
P178064611;P178064611_7;G;5200;1240;0;7600;2440;2835
P178064611;P178064611_8;H;7100;0;0;9500;1200;2835
P178064611;P178064611_9;I;7600;1240;0;9600;2440;2765
P178064611;P178064611_10;J;9500;0;0;11400;1200;2865
P178064611;P178064611_11;K;9600;1240;0;11200;2440;2700
P178064611;P178064611_12;L;11200;1240;0;12800;2440;2865
P178064611;P178064611_13;M;11400;0;0;13300;1200;2865
P178064611;P178064611_14;N;12800;1660;0;13370;2440;1771
P178064607;P178064607_1;A;0;0;0;1800;1200;2355
P178064607;P178064607_2;B;0;1240;0;2000;2440;2855
P178064607;P178064607_3;C;1800;0;0;4200;1200;1905
P178064607;P178064607_4;D;2000;1240;0;4200;2440;2875
P178064607;P178064607_5;E;4200;1240;0;6000;2440;2355
P178064607;P178064607_6;F;4200;0;0;6000;1200;2355
P178064607;P178064607_7;G;6000;0;0;8000;1200;2855
P178064607;P178064607_8;H;6000;1240;0;7800;2440;2355
P178064607;P178064607_9;I;7800;1240;0;9600;2440;2355
P178064607;P178064607_10;J;8000;0;0;9800;1200;2355
P178064607;P178064607_11;K;9600;1240;0;11800;2440;2875
P178064607;P178064607_12;L;9800;0;0;12000;1200;2875
P178064607;P178064607_13;M;12000;240;0;13200;2440;2265
P178064605;P178064605_1;A;0;0;0;1000;1200;2865
P178064605;P178064605_2;B;0;1240;0;2000;2440;2745
P178064605;P178064605_3;C;1000;0;0;3000;1200;2760
P178064605;P178064605_4;D;2000;1240;0;3900;2440;2865
P178064605;P178064605_5;E;3000;0;0;4600;1200;2520
P178064605;P178064605_6;F;3900;1240;0;5900;2440;2710
P178064605;P178064605_7;G;4600;0;0;6600;1200;2705
P178064605;P178064605_8;H;5900;1240;0;7900;2440;2705
P178064605;P178064605_9;I;6600;0;0;8600;1200;2705
P178064605;P178064605_10;J;7900;1240;0;9500;2440;2865
P178064605;P178064605_11;K;8600;0;0;9170;780;1771
P178064605;P178064605_12;L;9170;0;0;11570;1200;2835
P178064605;P178064605_13;M;9500;1240;0;11500;2440;2705
P178064605;P178064605_14;N;11500;1240;0;13500;2440;2710
P178064605;P178064605_15;O;11570;0;0;13470;1200;2865
P177064613;P177064613_1;A;0;1240;0;2000;2440;2705
P177064613;P177064613_2;B;0;0;0;2000;1200;2705
P177064613;P177064613_3;C;2000;0;0;4000;1200;2705
P177064613;P177064613_4;D;2000;1240;0;4000;2440;2745
P177064613;P177064613_5;E;4000;0;0;5600;1200;2700
P177064613;P177064613_6;F;4000;1240;0;6400;2440;2835
P177064613;P177064613_7;G;5600;0;0;7500;1200;2865
P177064613;P177064613_8;H;6400;1240;0;8300;2440;2865
P177064613;P177064613_9;I;7500;0;0;9900;1200;2835
P177064613;P177064613_10;J;8300;1240;0;10300;2440;2705
P177064613;P177064613_11;K;9900;0;0;11900;1200;2710
P177064613;P177064613_12;L;10300;1240;0;12300;2440;2255
P177064613;P177064613_13;M;11900;0;0;13500;1200;2700
P177064613;P177064613_14;N;12300;1660;0;12870;2440;1340
P177064611;P177064611_1;A;0;0;0;1000;1200;2865
P177064611;P177064611_2;B;0;1240;0;1600;2440;2865
P177064611;P177064611_3;C;1000;0;0;3000;1200;2710
P177064611;P177064611_4;D;1600;1240;0;3600;2440;2255
P177064611;P177064611_5;E;3000;0;0;4900;1200;2865
P177064611;P177064611_6;F;3600;1240;0;5500;2440;2865
P177064611;P177064611_7;G;4900;0;0;7300;1200;2835
P177064611;P177064611_8;H;5500;1240;0;7400;2440;2865
P177064611;P177064611_9;I;7300;0;0;9200;1200;2865
P177064611;P177064611_10;J;7400;1240;0;9400;2440;2745
P177064611;P177064611_11;K;9200;0;0;11200;1200;2705
P177064611;P177064611_12;L;9400;1240;0;11400;2440;2705
P177064611;P177064611_13;M;11200;0;0;13200;1200;2705
P177064611;P177064611_14;N;11400;1240;0;13400;2440;2705
P177064607;P177064607_1;A;0;0;0;2200;1200;2265
P177064607;P177064607_2;B;0;1240;0;1800;2440;2355
P177064607;P177064607_3;C;1800;1240;0;3600;2440;2355
P177064607;P177064607_4;D;2200;0;0;4000;1200;2355
P177064607;P177064607_5;E;3600;1240;0;5400;2440;2355
P177064607;P177064607_6;F;4000;0;0;5800;1200;2355
P177064607;P177064607_7;G;5400;1240;0;7200;2440;2355
P177064607;P177064607_8;H;5800;0;0;7700;1200;2865
P177064607;P177064607_9;I;7200;1240;0;9200;2440;2855
P177064607;P177064607_10;J;7700;0;0;9900;1200;2875
P177064607;P177064607_11;K;9200;1240;0;11000;2440;2355
P177064607;P177064607_12;L;9900;0;0;11700;1200;2355
P177064607;P177064607_13;M;11000;1240;0;12800;2440;2355
P177064607;P177064607_14;N;11700;0;0;13500;1200;2355
P177064605;P177064605_1;A;0;1240;0;2000;2440;2705
P177064605;P177064605_2;B;0;0;0;1600;1200;2700
P177064605;P177064605_3;C;1600;0;0;3200;1200;2520
P177064605;P177064605_4;D;2000;1660;0;2570;2440;1771
P177064605;P177064605_5;E;2570;1240;0;4570;2440;2745
P177064605;P177064605_6;F;3200;0;0;5600;1200;2835
P177064605;P177064605_7;G;4570;1240;0;6970;2440;1905
P177064605;P177064605_8;H;5600;0;0;7600;1200;2705
P177064605;P177064605_9;I;6970;1240;0;8970;2440;2705
P177064605;P177064605_10;J;7600;0;0;9600;1200;2705
P177064605;P177064605_11;K;8970;1240;0;10970;2440;2705
P177064605;P177064605_12;L;9600;0;0;11600;1200;2710
P177064605;P177064605_13;M;10970;1240;0;12570;2440;2865
P177064605;P177064605_14;N;11600;0;0;13500;1200;2865
P177064605;P177064605_15;O;12570;1660;0;13140;2440;909
P175064653;P175064653_1;A;0;0;0;1000;1200;1455
P175064653;P175064653_2;B;0;1240;0;1900;2440;2865
P175064653;P175064653_3;C;1000;0;0;2900;1200;2865
P175064653;P175064653_4;D;1900;1240;0;3900;2440;2765
P175064653;P175064653_5;E;2900;0;0;4900;1200;2705
P175064653;P175064653_6;F;3900;1240;0;5900;2440;1800
P175064653;P175064653_7;G;4900;0;0;5470;780;478
P175064653;P175064653_8;H;5470;0;0;7070;1200;1635
P175064653;P175064653_9;I;5900;1240;0;7800;2440;2160
P175064653;P175064653_10;J;7070;0;0;9470;1200;1905
P175064653;P175064653_11;K;7800;1240;0;10000;2440;2460
P175064653;P175064653_12;L;9470;0;0;11670;1200;2875
P175064653;P175064653_13;M;10000;1240;0;12200;2440;2875
P175064653;P175064653_14;N;12200;0;0;13400;2200;2875
P175064651;P175064651_1;A;0;0;0;1800;1200;2355
P175064651;P175064651_2;B;0;1200;0;1800;2400;2355
P175064651;P175064651_3;C;1800;1240;0;3600;2440;2355
P175064651;P175064651_4;D;1800;0;0;3600;1200;2355
P175064651;P175064651_5;E;3600;0;0;5400;1200;2355
P175064651;P175064651_6;F;3600;1200;0;5400;2400;2355
P175064651;P175064651_7;G;5400;1240;0;7200;2440;2355
P175064651;P175064651_8;H;5400;0;0;7200;1200;2355
P175064651;P175064651_9;I;7200;1240;0;9100;2440;2865
P175064651;P175064651_10;J;7200;0;0;9100;1200;2865
P175064651;P175064651_11;K;9100;0;0;11100;1200;2855
P175064651;P175064651_12;L;9100;1240;0;11100;2440;2855
P175064651;P175064651_13;M;11100;0;0;12300;2400;1905
P175064651;P175064651_14;N;12300;0;0;13500;2200;2875
P175064601;P175064601_1;A;0;0;0;1800;1200;2355
P175064601;P175064601_2;B;0;1240;0;1800;2440;2355
P175064601;P175064601_3;C;1800;1240;0;3600;2440;2355
P175064601;P175064601_4;D;1800;0;0;3600;1200;2355
P175064601;P175064601_5;E;3600;0;0;5800;1200;2875
P175064601;P175064601_6;F;3600;1240;0;5600;2440;2855
P175064601;P175064601_7;G;5600;1240;0;7500;2440;2160
P175064601;P175064601_8;H;5800;0;0;7600;1200;2355
P175064601;P175064601_9;I;7500;1240;0;9500;2440;2855
P175064601;P175064601_10;J;7600;0;0;9400;1200;2355
P175064601;P175064601_11;K;9400;0;0;11200;1200;2355
P175064601;P175064601_12;L;9500;1240;0;11300;2440;1200
P175064601;P175064601_13;M;11200;0;0;13400;1200;2265
P174064613;P174064613_1;A;0;0;0;2000;1200;2710
P174064613;P174064613_2;B;0;1200;0;2000;2400;2710
P174064613;P174064613_3;C;2000;1240;0;4000;2440;2705
P174064613;P174064613_4;D;2000;0;0;4000;1200;2705
P174064613;P174064613_5;E;4000;0;0;6000;1200;2705
P174064613;P174064613_6;F;4000;1240;0;6000;2440;2745
P174064613;P174064613_7;G;6000;1240;0;7600;2440;2865
P174064613;P174064613_8;H;6000;0;0;7900;1200;2865
P174064613;P174064613_9;I;7600;1240;0;9500;2440;2865
P174064613;P174064613_10;J;7900;0;0;9800;1200;1455
P174064613;P174064613_11;K;9500;1240;0;11500;2440;2705
P174064613;P174064613_12;L;9800;0;0;12200;1200;2835
P174064613;P174064613_13;M;11500;1660;0;12070;2440;1771
P174064613;P174064613_14;N;12070;1240;0;13070;2440;1455
P174064607;P174064607_1;A;0;0;0;1800;1200;2355
P174064607;P174064607_2;B;0;1200;0;1800;2400;2355
P174064607;P174064607_3;C;1800;1240;0;3600;2440;2355
P174064607;P174064607_4;D;1800;0;0;3600;1200;2355
P174064607;P174064607_5;E;3600;0;0;5400;1200;2355
P174064607;P174064607_6;F;3600;1240;0;5400;2440;1200
P174064607;P174064607_7;G;5400;1240;0;7600;2440;2875
P174064607;P174064607_8;H;5400;0;0;7400;1200;2855
P174064607;P174064607_9;I;7400;0;0;9600;1200;2265
P174064607;P174064607_10;J;7600;1240;0;9500;2440;1455
P174064607;P174064607_11;K;9500;1240;0;11900;2440;975
P174064605;P174064605_1;A;0;0;0;1200;2400;2835
P174064605;P174064605_2;B;1200;1240;0;2800;2440;2700
P174064605;P174064605_3;C;1200;0;0;2800;1200;2520
P174064605;P174064605_4;D;2800;0;0;4800;1200;2710
P174064605;P174064605_5;E;2800;1240;0;4800;2440;2705
P174064605;P174064605_6;F;4800;1240;0;6800;2440;2705
P174064605;P174064605_7;G;4800;0;0;6800;1200;2705
P174064605;P174064605_8;H;6800;0;0;8000;2400;2835
P174064605;P174064605_9;I;8000;1240;0;9600;2440;2520
P174064605;P174064605_10;J;8000;0;0;9900;1200;2865
P174064605;P174064605_11;K;9600;1240;0;11500;2440;2865
P174064605;P174064605_12;L;9900;0;0;10470;780;1771
P174064605;P174064605_13;M;10470;0;0;11470;1200;1455
P174064605;P174064605_14;N;11470;0;0;13470;1200;2705
P174064605;P174064605_15;O;11500;1240;0;13500;2440;2705
P173064613;P173064613_1;A;0;1240;0;2000;2440;2745
P173064613;P173064613_2;B;0;0;0;2000;1200;2705
P173064613;P173064613_3;C;2000;0;0;4000;1200;2705
P173064613;P173064613_4;D;2000;1240;0;4400;2440;2835
P173064613;P173064613_5;E;4000;0;0;6000;1200;2765
P173064613;P173064613_6;F;4400;1240;0;6000;2440;2340
P173064613;P173064613_7;G;6000;1240;0;7900;2440;2865
P173064613;P173064613_8;H;6000;0;0;7900;1200;2865
P173064613;P173064613_9;I;7900;0;0;9500;1200;2865
P173064613;P173064613_10;J;7900;1240;0;9900;2440;2745
P173064613;P173064613_11;K;9500;0;0;11500;1200;2705
P173064613;P173064613_12;L;9900;1240;0;11900;2440;2705
P173064613;P173064613_13;M;11500;0;0;13500;1200;2705
P173064613;P173064613_14;N;11900;1240;0;13500;2440;2700
P173064611;P173064611_1;A;0;1240;0;2000;2440;2710
P173064611;P173064611_2;B;0;0;0;1900;1200;2865
P173064611;P173064611_3;C;1900;0;0;3500;1200;2520
P173064611;P173064611_4;D;2000;1240;0;4000;2440;2710
P173064611;P173064611_5;E;3500;0;0;5400;1200;2865
P173064611;P173064611_6;F;4000;1240;0;5900;2440;2865
P173064611;P173064611_7;G;5400;0;0;6400;1200;2865
P173064611;P173064611_8;H;5900;1660;0;6470;2440;1771
P173064611;P173064611_9;I;6400;0;0;8800;1200;2835
P173064611;P173064611_10;J;6470;1240;0;8470;2440;2705
P173064611;P173064611_11;K;8470;1240;0;10470;2440;2705
P173064611;P173064611_12;L;8800;0;0;10800;1200;2705
P173064611;P173064611_13;M;10470;1240;0;12470;2440;2705
P173064611;P173064611_14;N;10800;0;0;13200;1200;2835
P173064607;P173064607_1;A;0;0;0;2000;1200;2855
P173064607;P173064607_2;B;0;1240;0;1800;2440;2355
P173064607;P173064607_3;C;1800;1240;0;3600;2440;2355
P173064607;P173064607_4;D;2000;0;0;3800;1200;2355
P173064607;P173064607_5;E;3600;1240;0;5400;2440;2355
P173064607;P173064607_6;F;3800;0;0;5600;1200;2355
P173064607;P173064607_7;G;5400;1240;0;7200;2440;2355
P173064607;P173064607_8;H;5600;0;0;7400;1200;2355
P173064607;P173064607_9;I;7200;1240;0;9400;2440;2875
P173064607;P173064607_10;J;7400;0;0;9600;1200;2875
P173064607;P173064607_11;K;9400;1240;0;11600;2440;2875
P173064607;P173064607_12;L;9600;0;0;11600;1200;2855
P173064607;P173064607_13;M;11600;1240;0;13400;2440;2355
P173064607;P173064607_14;N;11600;0;0;13400;1200;2355
P172064613;P172064613_1;A;0;0;0;1900;1200;2865
P172064613;P172064613_2;B;0;1240;0;2000;2440;2750
P172064613;P172064613_3;C;1900;0;0;3500;1200;2865
P172064613;P172064613_4;D;2000;1240;0;4000;2440;2705
P172064613;P172064613_5;E;3500;0;0;5500;1200;2705
P172064613;P172064613_6;F;4000;1240;0;6000;2440;2705
P172064613;P172064613_7;G;5500;0;0;7500;1200;2705
P172064613;P172064613_8;H;6000;1240;0;8400;2440;2835
P172064613;P172064613_9;I;7500;0;0;9400;1200;2865
P172064613;P172064613_10;J;8400;1240;0;10400;2440;2710
P172064613;P172064613_11;K;9400;0;0;11000;1200;2700
P172064613;P172064613_12;L;10400;1240;0;12300;2440;2865
P172064613;P172064613_13;M;11000;0;0;11570;780;1771
P172064613;P172064613_14;N;11570;0;0;13470;1200;2865
P172064613;P172064613_15;O;12300;1440;0;13500;2440;1455
P172064611;P172064611_1;A;0;1240;0;2000;2440;2705
P172064611;P172064611_2;B;0;0;0;2000;1200;2705
P172064611;P172064611_3;C;2000;0;0;4000;1200;2705
P172064611;P172064611_4;D;2000;1200;0;4000;2400;2705
P172064611;P172064611_5;E;4000;1240;0;6000;2440;2705
P172064611;P172064611_6;F;4000;0;0;6400;1200;2835
P172064611;P172064611_7;G;6000;1240;0;8400;2440;2835
P172064611;P172064611_8;H;6400;0;0;8000;1200;2700
P172064611;P172064611_9;I;8000;0;0;9600;1200;2340
P172064611;P172064611_10;J;8400;1240;0;10300;2440;2865
P172064611;P172064611_11;K;9600;0;0;11600;1200;2770
P172064611;P172064611_12;L;10300;1240;0;12300;2440;2745
P172064611;P172064611_13;M;11600;0;0;13500;1200;2865
P172064611;P172064611_14;N;12300;1440;0;13500;2440;1455
P172064609;P172064609_1;A;0;0;0;2200;1200;2460
P172064609;P172064609_2;B;0;1240;0;2400;2440;2835
P172064609;P172064609_3;C;2200;0;0;4100;1200;2865
P172064609;P172064609_4;D;2400;1240;0;4300;2440;2865
P172064609;P172064609_5;E;4100;0;0;5900;1200;2355
P172064609;P172064609_6;F;4300;1240;0;6100;2440;2355
P172064609;P172064609_7;G;5900;0;0;8100;1200;2460
P172064609;P172064609_8;H;6100;1240;0;7900;2440;2355
P172064609;P172064609_9;I;7900;1240;0;9700;2440;2355
P172064609;P172064609_10;J;8100;0;0;9900;1200;2355
P172064609;P172064609_11;K;9700;1240;0;11500;2440;2355
P172064609;P172064609_12;L;9900;0;0;11700;1200;2355
P172064609;P172064609_13;M;11500;1240;0;13500;2440;2855
P172064609;P172064609_14;N;11700;0;0;13500;1200;2355
P172064605;P172064605_1;A;0;1240;0;2000;2440;2705
P172064605;P172064605_2;B;0;0;0;2000;1200;2710
P172064605;P172064605_3;C;2000;0;0;4000;1200;2705
P172064605;P172064605_4;D;2000;1240;0;4400;2440;2835
P172064605;P172064605_5;E;4000;0;0;5900;1200;2865
P172064605;P172064605_6;F;4400;1240;0;6000;2440;2340
P172064605;P172064605_7;G;5900;0;0;6470;780;1771
P172064605;P172064605_8;H;6000;1240;0;8000;2440;2705
P172064605;P172064605_9;I;6470;0;0;8470;1200;2705
P172064605;P172064605_10;J;8000;1240;0;10000;2440;2705
P172064605;P172064605_11;K;8470;0;0;10470;1200;2710
P172064605;P172064605_12;L;10000;1240;0;11600;2440;2520
P172064605;P172064605_13;M;10470;0;0;12370;1200;2865
P172064605;P172064605_14;N;11600;1240;0;13500;2440;2160
P172064605;P172064605_15;O;12370;0;0;13370;1200;750
P172064603;P172064603_1;A;0;0;0;1600;1200;2700
P172064603;P172064603_2;B;0;1200;0;1600;2400;2700
P172064603;P172064603_3;C;1600;1240;0;3200;2440;2700
P172064603;P172064603_4;D;1600;0;0;3200;1200;2700
P172064603;P172064603_5;E;3200;0;0;4800;1200;2700
P172064603;P172064603_6;F;3200;1200;0;4800;2400;1815
P172064603;P172064603_7;G;4800;1240;0;7000;2440;2875
P172064603;P172064603_8;H;4800;0;0;6800;1200;2855
P172064603;P172064603_9;I;6800;0;0;8700;1200;2865
P172064603;P172064603_10;J;7000;1240;0;8800;2440;2355
P172064603;P172064603_11;K;8700;0;0;10900;1200;2875
P172064603;P172064603_12;L;8800;1240;0;11000;2440;2265
P172064603;P172064603_13;M;10900;0;0;12700;1200;2355
P172064603;P172064603_14;N;11000;1240;0;12800;2440;2355
P171064611;P171064611_1;A;0;0;0;570;780;1771
P171064611;P171064611_2;B;0;840;0;1200;2440;2865
P171064611;P171064611_3;C;570;0;0;1140;780;1340
P171064611;P171064611_4;D;1200;0;0;2400;2400;2835
P171064611;P171064611_5;E;2400;0;0;4300;1200;2865
P171064611;P171064611_6;F;2400;1240;0;4300;2440;2865
P171064611;P171064611_7;G;4300;1240;0;5300;2440;2160
P171064611;P171064611_8;H;4300;0;0;5900;1200;2520
P171064611;P171064611_9;I;5300;1240;0;7700;2440;2835
P171064611;P171064611_10;J;5900;0;0;7900;1200;2750
P171064611;P171064611_11;K;7700;1240;0;9700;2440;2705
P171064611;P171064611_12;L;7900;0;0;9900;1200;2705
P171064611;P171064611_13;M;9700;1240;0;11600;2440;2865
P171064611;P171064611_14;N;9900;0;0;11900;1200;2705
P171064611;P171064611_15;O;11600;1240;0;13500;2440;2865
P171064611;P171064611_16;P;11900;0;0;13500;1200;2520
P171064607;P171064607_1;A;0;1240;0;1800;2440;2355
P171064607;P171064607_2;B;0;0;0;1800;1200;2355
P171064607;P171064607_3;C;1800;0;0;3600;1200;2355
P171064607;P171064607_4;D;1800;1240;0;3800;2440;2855
P171064607;P171064607_5;E;3600;0;0;5800;1200;2875
P171064607;P171064607_6;F;3800;1240;0;6000;2440;2875
P171064607;P171064607_7;G;5800;0;0;7600;1200;2355
P171064607;P171064607_8;H;6000;1240;0;7800;2440;2355
P171064607;P171064607_9;I;7600;0;0;9400;1200;2355
P171064607;P171064607_10;J;7800;1240;0;9600;2440;2355
P171064607;P171064607_11;K;9400;0;0;11200;1200;2355
P171064607;P171064607_12;L;9600;1240;0;11400;2440;2355
P171064607;P171064607_13;M;11200;0;0;13400;1200;2460
P171064607;P171064607_14;N;11400;1240;0;13300;2440;2865
P171064605;P171064605_1;A;0;1240;0;2000;2440;2705
P171064605;P171064605_2;B;0;0;0;2000;1200;2705
P171064605;P171064605_3;C;2000;0;0;4000;1200;2705
P171064605;P171064605_4;D;2000;1240;0;4000;2440;2705
P171064605;P171064605_5;E;4000;1240;0;6000;2440;2705
P171064605;P171064605_6;F;4000;0;0;6000;1200;2705
P171064605;P171064605_7;G;6000;0;0;8000;1200;2765
P171064605;P171064605_8;H;6000;1240;0;8400;2440;2835
P171064605;P171064605_9;I;8000;0;0;9600;1200;2520
P171064605;P171064605_10;J;8400;1240;0;10400;2440;2705
P171064605;P171064605_11;K;9600;0;0;11600;1200;2745
P171064605;P171064605_12;L;10400;1240;0;12400;2440;2705
P171064605;P171064605_13;M;11600;0;0;13500;1200;2865
P171064605;P171064605_14;N;12400;1240;0;13400;2440;1455
P170064613;P170064613_1;A;0;0;0;1600;1200;2340
P170064613;P170064613_2;B;0;1240;0;1900;2440;2865
P170064613;P170064613_3;C;1600;0;0;3500;1200;2865
P170064613;P170064613_4;D;1900;1240;0;3900;2440;2705
P170064613;P170064613_5;E;3500;0;0;5500;1200;2710
P170064613;P170064613_6;F;3900;1240;0;5900;2440;2710
P170064613;P170064613_7;G;5500;0;0;7900;1200;2835
P170064613;P170064613_8;H;5900;1240;0;7500;2440;2865
P170064613;P170064613_9;I;7500;1660;0;8070;2440;1771
P170064613;P170064613_10;J;7900;0;0;10300;1200;2835
P170064613;P170064613_11;K;8070;1240;0;10070;2440;2760
P170064613;P170064613_12;L;10070;1240;0;12070;2440;2705
P170064613;P170064613_13;M;10300;0;0;12200;1200;2865
P170064613;P170064613_14;N;12070;1660;0;12640;2440;909
P170064613;P170064613_15;O;12200;0;0;13400;1600;2520
P170064611;P170064611_1;A;0;1240;0;2000;2440;2710
P170064611;P170064611_2;B;0;0;0;2000;1200;2705
P170064611;P170064611_3;C;2000;0;0;4000;1200;2705
P170064611;P170064611_4;D;2000;1240;0;3900;2440;2865
P170064611;P170064611_5;E;3900;1240;0;5900;2440;2705
P170064611;P170064611_6;F;4000;0;0;6000;1200;2745
P170064611;P170064611_7;G;5900;1240;0;7500;2440;2700
P170064611;P170064611_8;H;6000;0;0;7600;1200;2160
P170064611;P170064611_9;I;7500;1240;0;9500;2440;2255
P170064611;P170064611_10;J;7600;0;0;9500;1200;2865
P170064611;P170064611_11;K;9500;1240;0;11400;2440;1455
P170064611;P170064611_12;L;9500;0;0;10500;1200;1455
P170064611;P170064611_13;M;10500;0;0;11070;780;1340
P170064611;P170064611_14;N;11070;0;0;13470;1200;2835
P170064611;P170064611_15;O;11400;1240;0;13400;2440;1800
P170064607;P170064607_1;A;0;0;0;1800;1200;2355
P170064607;P170064607_2;B;0;1200;0;1800;2400;2355
P170064607;P170064607_3;C;1800;1240;0;3600;2440;2355
P170064607;P170064607_4;D;1800;0;0;3800;1200;2855
P170064607;P170064607_5;E;3600;1240;0;5800;2440;2875
P170064607;P170064607_6;F;3800;0;0;5600;1200;2355
P170064607;P170064607_7;G;5600;0;0;7400;1200;2355
P170064607;P170064607_8;H;5800;1240;0;7600;2440;2355
P170064607;P170064607_9;I;7400;0;0;9200;1200;2355
P170064607;P170064607_10;J;7600;1240;0;9400;2440;2355
P170064607;P170064607_11;K;9200;0;0;11000;1200;2355
P170064607;P170064607_12;L;9400;1240;0;11200;2440;2355
P170064607;P170064607_13;M;11000;0;0;13200;1200;2875
P170064607;P170064607_14;N;11200;1240;0;13400;2440;2875
P170064605;P170064605_1;A;0;1240;0;2000;2440;2705
P170064605;P170064605_2;B;0;0;0;2000;1200;2705
P170064605;P170064605_3;C;2000;0;0;3200;2400;2835
P170064605;P170064605_4;D;3200;1240;0;5200;2440;2705
P170064605;P170064605_5;E;3200;0;0;5200;1200;2705
P170064605;P170064605_6;F;5200;0;0;7200;1200;2705
P170064605;P170064605_7;G;5200;1240;0;7200;2440;2705
P170064605;P170064605_8;H;7200;1240;0;9200;2440;2705
P170064605;P170064605_9;I;7200;0;0;9200;1200;2710
P170064605;P170064605_10;J;9200;0;0;11200;1200;2295
P170064605;P170064605_11;K;9200;1240;0;11600;2440;2835
P170064605;P170064605_12;L;11200;0;0;13100;1200;2865
P170064605;P170064605_13;M;11600;1240;0;13500;2440;2865
P168064601;P168064601_1;A;0;40;0;1200;2440;2835
P168064601;P168064601_2;B;1200;0;0;3200;1200;2855
P168064601;P168064601_3;C;1200;1240;0;3200;2440;2855
P168064601;P168064601_4;D;3200;1240;0;5400;2440;2875
P168064601;P168064601_5;E;3200;0;0;5100;1200;2865
P168064601;P168064601_6;F;5100;0;0;7000;1200;2865
P168064601;P168064601_7;G;5400;1240;0;7200;2440;2355
P168064601;P168064601_8;H;7000;0;0;8800;1200;2355
P168064601;P168064601_9;I;7200;1240;0;9000;2440;2355
P168064601;P168064601_10;J;8800;0;0;10600;1200;2355
P168064601;P168064601_11;K;9000;1240;0;11200;2440;2265
P168064601;P168064601_12;L;10600;0;0;12600;1200;2855
P168064601;P168064601_13;M;11200;1240;0;13400;2440;2460
P167064613;P167064613_1;A;0;1240;0;1900;2440;2865
P167064613;P167064613_2;B;0;0;0;1600;1200;2520
P167064613;P167064613_3;C;1600;0;0;2600;1200;2865
P167064613;P167064613_4;D;1900;1240;0;3500;2440;2520
P167064613;P167064613_5;E;2600;0;0;3170;780;1771
P167064613;P167064613_6;F;3170;0;0;4770;1200;2340
P167064613;P167064613_7;G;3500;1240;0;5500;2440;2705
P167064613;P167064613_8;H;4770;0;0;6770;1200;2705
P167064613;P167064613_9;I;5500;1240;0;7500;2440;2750
P167064613;P167064613_10;J;6770;0;0;8670;1200;2865
P167064613;P167064613_11;K;7500;1240;0;9900;2440;2835
P167064613;P167064613_12;L;8670;0;0;9240;780;1771
P167064613;P167064613_13;M;9240;0;0;10840;1200;2520
P167064613;P167064613_14;N;9900;1240;0;11900;2440;2710
P167064613;P167064613_15;O;10840;0;0;13240;1200;2835
P167064613;P167064613_16;P;11900;1240;0;13500;2440;2340
P167064611;P167064611_1;A;0;1240;0;2000;2440;2705
P167064611;P167064611_2;B;0;0;0;2000;1200;2705
P167064611;P167064611_3;C;2000;0;0;4000;1200;2705
P167064611;P167064611_4;D;2000;1200;0;4000;2400;2705
P167064611;P167064611_5;E;4000;1240;0;6000;2440;2705
P167064611;P167064611_6;F;4000;0;0;6000;1200;2705
P167064611;P167064611_7;G;6000;0;0;7600;1200;2340
P167064611;P167064611_8;H;6000;1240;0;8000;2440;2705
P167064611;P167064611_9;I;7600;0;0;9500;1200;2865
P167064611;P167064611_10;J;8000;1240;0;9900;2440;2865
P167064611;P167064611_11;K;9500;0;0;11400;1200;2865
P167064611;P167064611_12;L;9900;1240;0;10900;2440;1455
P167064611;P167064611_13;M;10900;1660;0;11470;2440;909
P167064611;P167064611_14;N;11400;0;0;13400;1200;2705
P167064611;P167064611_15;O;11470;1240;0;13470;2440;2705
P167064607;P167064607_1;A;0;0;0;2200;1200;2265
P167064607;P167064607_2;B;0;1240;0;2000;2440;2855
P167064607;P167064607_3;C;2000;1240;0;4200;2440;2875
P167064607;P167064607_4;D;2200;0;0;4000;1200;2355
P167064607;P167064607_5;E;4000;0;0;5800;1200;2355
P167064607;P167064607_6;F;4200;1240;0;6000;2440;2355
P167064607;P167064607_7;G;5800;0;0;7600;1200;2355
P167064607;P167064607_8;H;6000;1240;0;7800;2440;2355
P167064607;P167064607_9;I;7600;0;0;9500;1200;2865
P167064607;P167064607_10;J;7800;1240;0;9600;2440;2355
P167064607;P167064607_11;K;9500;0;0;11700;1200;2875
P167064607;P167064607_12;L;9600;1240;0;11600;2440;2855
P167064607;P167064607_13;M;11600;1240;0;13400;2440;2355
P167064607;P167064607_14;N;11700;0;0;13500;1200;2355
P167064605;P167064605_1;A;0;0;0;1200;2400;2835
P167064605;P167064605_2;B;1200;1240;0;3200;2440;2765
P167064605;P167064605_3;C;1200;0;0;3600;1200;2835
P167064605;P167064605_4;D;3200;1240;0;4800;2440;2520
P167064605;P167064605_5;E;3600;0;0;5500;1200;2865
P167064605;P167064605_6;F;4800;1240;0;6700;2440;2865
P167064605;P167064605_7;G;5500;0;0;7500;1200;2710
P167064605;P167064605_8;H;6700;1240;0;8700;2440;2705
P167064605;P167064605_9;I;7500;0;0;9500;1200;2705
P167064605;P167064605_10;J;8700;1240;0;10700;2440;2705
P167064605;P167064605_11;K;9500;0;0;11500;1200;2705
P167064605;P167064605_12;L;10700;1240;0;12700;2440;2745
P167064605;P167064605_13;M;11500;0;0;13400;1200;2865
P167064605;P167064605_14;N;12700;1660;0;13270;2440;909
P166064611;P166064611_1;A;0;0;0;1900;1200;2865
P166064611;P166064611_2;B;0;1240;0;2400;2440;2835
P166064611;P166064611_3;C;1900;0;0;3900;1200;2765
P166064611;P166064611_4;D;2400;1240;0;4000;2440;2520
P166064611;P166064611_5;E;3900;0;0;5500;1200;2865
P166064611;P166064611_6;F;4000;1240;0;5000;2440;2865
P166064611;P166064611_7;G;5000;1240;0;7000;2440;2705
P166064611;P166064611_8;H;5500;0;0;7500;1200;2705
P166064611;P166064611_9;I;7000;1240;0;9000;2440;2710
P166064611;P166064611_10;J;7500;0;0;9500;1200;2745
P166064611;P166064611_11;K;9000;1240;0;11000;2440;2705
P166064611;P166064611_12;L;9500;0;0;11900;1200;2835
P166064611;P166064611_13;M;11000;1240;0;12900;2440;2865
P166064611;P166064611_14;N;11900;0;0;13500;1200;2700
P166064611;P166064611_15;O;12900;1660;0;13470;2440;478
P166064607;P166064607_1;A;0;0;0;2200;1200;2460
P166064607;P166064607_2;B;0;1240;0;2400;2440;1905
P166064607;P166064607_3;C;2200;0;0;4000;1200;2355
P166064607;P166064607_4;D;2400;1240;0;4200;2440;2355
P166064607;P166064607_5;E;4000;0;0;5800;1200;2355
P166064607;P166064607_6;F;4200;1240;0;6000;2440;2355
P166064607;P166064607_7;G;5800;0;0;7600;1200;2355
P166064607;P166064607_8;H;6000;1240;0;8000;2440;2855
P166064607;P166064607_9;I;7600;0;0;9800;1200;2875
P166064607;P166064607_10;J;8000;1240;0;9800;2440;2355
P166064607;P166064607_11;K;9800;1240;0;11600;2440;2355
P166064607;P166064607_12;L;9800;0;0;11700;1200;2865
P166064607;P166064607_13;M;11600;1240;0;13400;2440;2355
P166064607;P166064607_14;N;11700;0;0;13500;1200;2355
P166064605;P166064605_1;A;0;0;0;1900;1200;2865
P166064605;P166064605_2;B;0;1240;0;2000;2440;2705
P166064605;P166064605_3;C;1900;0;0;3900;1200;2705
P166064605;P166064605_4;D;2000;1240;0;4000;2440;2710
P166064605;P166064605_5;E;3900;0;0;5900;1200;2705
P166064605;P166064605_6;F;4000;1240;0;6400;2440;2835
P166064605;P166064605_7;G;5900;0;0;7800;1200;2865
P166064605;P166064605_8;H;6400;1240;0;8300;2440;2865
P166064605;P166064605_9;I;7800;0;0;9400;1200;2340
P166064605;P166064605_10;J;8300;1240;0;10300;2440;2705
P166064605;P166064605_11;K;9400;0;0;11400;1200;2705
P166064605;P166064605_12;L;10300;1240;0;12300;2440;2705
P166064605;P166064605_13;M;11400;0;0;13400;1200;2705
P166064605;P166064605_14;N;12300;1440;0;13500;2440;1455
P166064601;P166064601_1;A;0;1240;0;2000;2440;2855
P166064601;P166064601_2;B;0;0;0;1800;1200;2355
P166064601;P166064601_3;C;1800;0;0;3600;1200;2355
P166064601;P166064601_4;D;2000;1240;0;3800;2440;2355
P166064601;P166064601_5;E;3600;0;0;5400;1200;2355
P166064601;P166064601_6;F;3800;1240;0;5700;2440;2865
P166064601;P166064601_7;G;5400;0;0;7600;1200;2875
P166064601;P166064601_8;H;5700;1240;0;7500;2440;2355
P166064601;P166064601_9;I;7500;1240;0;9300;2440;2355
P166064601;P166064601_10;J;7600;0;0;9400;1200;2355
P166064601;P166064601_11;K;9300;1240;0;11500;2440;2875
P166064601;P166064601_12;L;9400;0;0;11600;1200;2875
P166064601;P166064601_13;M;11500;1240;0;13500;2440;2855
P166064601;P166064601_14;N;11600;0;0;13400;1200;2355
Q166064601_1;Q166064601_1_1;A;0;0;0;2200;1200;1655
Q166064601_1;Q166064601_1_2;B;0;1240;0;1800;2440;2355
Q166064601_1;Q166064601_1_3;C;1800;1240;0;3600;2440;2355
Q166064601_1;Q166064601_1_4;D;2200;0;0;4000;1200;2355
Q166064601_1;Q166064601_1_5;E;3600;1240;0;5400;2440;2355
Q166064601_1;Q166064601_1_6;F;4000;0;0;6200;1200;2265
Q166064601_1;Q166064601_1_7;G;5400;1240;0;7600;2440;1460
Q166064601_1;Q166064601_1_8;H;6200;0;0;8600;1200;975
P165064613;P165064613_1;A;0;0;0;1900;1200;2865
P165064613;P165064613_2;B;0;1200;0;1900;2400;2865
P165064613;P165064613_3;C;1900;1240;0;3900;2440;2750
P165064613;P165064613_4;D;1900;0;0;3500;1200;2700
P165064613;P165064613_5;E;3500;0;0;5500;1200;2710
P165064613;P165064613_6;F;3900;1240;0;5500;2440;2865
P165064613;P165064613_7;G;5500;0;0;7500;1200;2255
P165064613;P165064613_8;H;5500;1240;0;7900;2440;2835
P165064613;P165064613_9;I;7500;0;0;9500;1200;2745
P165064613;P165064613_10;J;7900;1240;0;9900;2440;2705
P165064613;P165064613_11;K;9500;0;0;11500;1200;2705
P165064613;P165064613_12;L;9900;1240;0;11900;2440;2705
P165064613;P165064613_13;M;11500;0;0;13400;1200;2865
P165064613;P165064613_14;N;11900;1240;0;13500;2440;2520
P165064611;P165064611_1;A;0;0;0;1000;1200;1455
P165064611;P165064611_2;B;0;1240;0;2400;2440;2835
P165064611;P165064611_3;C;1000;0;0;2600;1200;2160
P165064611;P165064611_4;D;2400;1240;0;4300;2440;2160
P165064611;P165064611_5;E;2600;0;0;4600;1200;2710
P165064611;P165064611_6;F;4300;1240;0;6300;2440;2705
P165064611;P165064611_7;G;4600;0;0;6600;1200;2705
P165064611;P165064611_8;H;6300;1240;0;8300;2440;2705
P165064611;P165064611_9;I;6600;0;0;9000;1200;2835
P165064611;P165064611_10;J;8300;1240;0;10300;2440;2705
P165064611;P165064611_11;K;9000;0;0;10600;1200;2520
P165064611;P165064611_12;L;10300;1240;0;12200;2440;2865
P165064611;P165064611_13;M;10600;0;0;12500;1200;1455
P180061903;P180061903_1;A;0;0;0;1200;2400;2385
P180061903;P180061903_2;B;1200;0;0;2400;2400;2385
P180061903;P180061903_3;C;2400;0;0;3600;2400;2580
P180061903;P180061903_4;D;3600;1240;0;4600;2440;2835
P180061903;P180061903_5;E;3600;0;0;6000;1200;2775
P180061903;P180061903_6;F;4600;1240;0;5600;2440;2835
P180061903;P180061903_7;G;5600;1240;0;8000;2440;2385
P180061903;P180061903_8;H;6000;0;0;8400;1200;2385
P180061903;P180061903_9;I;8000;1240;0;10400;2440;2385
P180061903;P180061903_10;J;8400;0;0;10800;1200;2385
P180061903;P180061903_11;K;10400;1240;0;12800;2440;2385
P180061903;P180061903_12;L;10800;0;0;13200;1200;2385
P179061913;P179061913_1;A;0;0;0;1200;2400;2775
P179061913;P179061913_2;B;1200;0;0;2400;2400;2775
P179061913;P179061913_3;C;2400;0;0;3600;2400;2775
P179061913;P179061913_4;D;3600;0;0;4800;2400;2385
P179061913;P179061913_5;E;4800;0;0;6000;2400;2580
P179061913;P179061913_6;F;6000;0;0;7200;2400;2775
P179061913;P179061913_7;G;7200;0;0;8200;1200;2835
P179061913;P179061913_8;H;7200;1240;0;9600;2440;2775
P179061913;P179061913_9;I;8200;0;0;10600;1200;2775
P179061913;P179061913_10;J;9600;1240;0;12000;2440;2775
P179061913;P179061913_11;K;10600;0;0;13000;1200;2385
P179061913;P179061913_12;L;12000;1240;0;13000;2440;2505
P179061909;P179061909_1;A;0;0;0;1200;2400;2580
P179061909;P179061909_2;B;1200;0;0;2400;2400;2385
P179061909;P179061909_3;C;2400;0;0;3600;2400;2385
P179061909;P179061909_4;D;3600;0;0;4800;2400;2385
P179061909;P179061909_5;E;4800;0;0;6000;2400;2385
P179061909;P179061909_6;F;6000;0;0;7200;2400;2580
P179061909;P179061909_7;G;7200;0;0;8200;1200;2835
P179061909;P179061909_8;H;7200;1240;0;8200;2440;2835
P179061909;P179061909_9;I;8200;0;0;9400;2400;2775
P179061909;P179061909_10;J;9400;0;0;10600;2400;2775
P179061909;P179061909_11;K;10600;0;0;11800;2400;2385
P179061909;P179061909_12;L;11800;0;0;13000;2400;2385
P179061903;P179061903_1;A;0;0;0;1200;2400;2775
P179061903;P179061903_2;B;1200;0;0;2400;2400;2775
P179061903;P179061903_3;C;2400;0;0;3600;2400;2775
P179061903;P179061903_4;D;3600;0;0;4800;2400;2775
P179061903;P179061903_5;E;4800;0;0;6000;2400;2775
P179061903;P179061903_6;F;6000;1240;0;7000;2440;2835
P179061903;P179061903_7;G;6000;0;0;8400;1200;2385
P179061903;P179061903_8;H;7000;1240;0;9400;2440;2580
P179061903;P179061903_9;I;8400;0;0;10800;1200;2385
P179061903;P179061903_10;J;9400;1240;0;10400;2440;2835
P179061903;P179061903_11;K;10400;1240;0;12800;2440;2775
P179061903;P179061903_12;L;10800;0;0;13200;1200;2580
P178061913;P178061913_1;A;0;0;0;1200;2400;2385
P178061913;P178061913_2;B;1200;40;0;2400;2440;2385
P178061913;P178061913_3;C;2400;0;0;3600;2400;2580
P178061913;P178061913_4;D;3600;0;0;4800;2400;2775
P178061913;P178061913_5;E;4800;0;0;6000;2400;2775
P178061913;P178061913_6;F;6000;0;0;7200;2400;2775
P178061913;P178061913_7;G;7200;0;0;8400;2400;1410
P178061913;P178061913_8;H;8400;1240;0;9400;2440;2835
P178061913;P178061913_9;I;8400;0;0;9400;1200;2835
P178061913;P178061913_10;J;9400;0;0;10400;1200;2505
P178061913;P178061913_11;K;9400;1240;0;10400;2440;2505
P178061913;P178061913_12;L;10400;1240;0;11400;2440;2505
P178061913;P178061913_13;M;10400;0;0;11400;1200;2505
P178061913;P178061913_14;N;11400;0;0;12400;1200;2505
P178061913;P178061913_15;O;11400;1240;0;12400;2440;2505
P178061913;P178061913_16;P;12400;1240;0;13400;2440;2505
P178061913;P178061913_17;Q;12400;0;0;13400;1200;2505
P178061911;P178061911_1;A;0;0;0;1200;2400;2775
P178061911;P178061911_2;B;1200;0;0;2400;2400;2775
P178061911;P178061911_3;C;2400;1240;0;3400;2440;2835
P178061911;P178061911_4;D;2400;0;0;4800;1200;2775
P178061911;P178061911_5;E;3400;1240;0;5800;2440;2775
P178061911;P178061911_6;F;4800;0;0;7200;1200;2385
P178061911;P178061911_7;G;5800;1240;0;8200;2440;2385
P178061911;P178061911_8;H;7200;0;0;9600;1200;2385
P178061911;P178061911_9;I;8200;1240;0;10600;2440;2385
P178061911;P178061911_10;J;9600;0;0;12000;1200;2385
P178061911;P178061911_11;K;10600;1240;0;13000;2440;2385
P178061903;P178061903_1;A;0;0;0;1200;2400;2145
P178061903;P178061903_2;B;1200;0;0;2400;2400;2385
P178061903;P178061903_3;C;2400;0;0;3600;2400;2385
P178061903;P178061903_4;D;3600;0;0;4800;2400;2385
P178061903;P178061903_5;E;4800;0;0;6000;2400;2580
P178061903;P178061903_6;F;6000;0;0;7200;2400;2385
P178061903;P178061903_7;G;7200;0;0;8400;2400;2385
P178061903;P178061903_8;H;8400;0;0;9600;2400;2385
P178061903;P178061903_9;I;9600;0;0;10800;2400;2385
P178061903;P178061903_10;J;10800;0;0;12000;2400;2775
P178061903;P178061903_11;K;12000;0;0;13200;2400;2775
P177061913;P177061913_1;A;0;0;0;1200;2400;2775
P177061913;P177061913_2;B;1200;0;0;2400;2400;2775
P177061913;P177061913_3;C;2400;0;0;3600;2400;2775
P177061913;P177061913_4;D;3600;0;0;4800;2400;2775
P177061913;P177061913_5;E;4800;0;0;6000;2400;2775
P177061913;P177061913_6;F;6000;0;0;7000;1200;2835
P177061913;P177061913_7;G;6000;1240;0;7000;2440;2835
P177061913;P177061913_8;H;7000;0;0;8200;2400;2775
P177061913;P177061913_9;I;8200;0;0;9400;2400;2385
P177061913;P177061913_10;J;9400;1240;0;10400;2440;2835
P177061913;P177061913_11;K;9400;0;0;11800;1200;2340
P177061913;P177061913_12;L;10400;1240;0;11400;2440;2835
P177061913;P177061913_13;M;11400;1240;0;12400;2440;2505
P177061913;P177061913_14;N;11800;0;0;12800;1200;2505
P177061913;P177061913_15;O;12400;1240;0;13400;2440;2505
P177061911;P177061911_1;A;0;0;0;1200;2400;2775
P177061911;P177061911_2;B;1200;40;0;2400;2440;2775
P177061911;P177061911_3;C;2400;0;0;3600;2400;2775
P177061911;P177061911_4;D;3600;0;0;4800;2400;2775
P177061911;P177061911_5;E;4800;0;0;6000;2400;2775
P177061911;P177061911_6;F;6000;0;0;7200;2400;2775
P177061911;P177061911_7;G;7200;0;0;8400;2400;2775
P177061911;P177061911_8;H;8400;0;0;9600;2400;2580
P177061911;P177061911_9;I;9600;0;0;10800;2400;2385
P177061911;P177061911_10;J;10800;0;0;12000;2400;2385
P177061911;P177061911_11;K;12000;0;0;13200;2400;2385
P177061909;P177061909_1;A;0;0;0;1200;2400;2385
P177061909;P177061909_2;B;1200;0;0;2400;2400;2385
P177061909;P177061909_3;C;2400;0;0;3600;2400;2775
P177061909;P177061909_4;D;3600;0;0;4800;2400;2775
P177061909;P177061909_5;E;4800;0;0;6000;2400;2775
P177061909;P177061909_6;F;6000;0;0;7200;2400;2385
P177061909;P177061909_7;G;7200;1240;0;8200;2440;2835
P177061909;P177061909_8;H;7200;0;0;9600;1200;2775
P177061909;P177061909_9;I;8200;1660;0;8770;2440;1340
P177061909;P177061909_10;J;8770;1660;0;9340;2440;1340
P177061909;P177061909_11;K;9340;1660;0;9910;2440;1340
P177061909;P177061909_12;L;9600;0;0;10170;780;1340
P177061909;P177061909_13;M;9600;780;0;10170;1560;1340
P177061909;P177061909_14;N;9910;1660;0;10480;2440;1340
P177061909;P177061909_15;O;10170;0;0;10740;780;1340
P177061909;P177061909_16;P;10170;780;0;10740;1560;1340
P177061909;P177061909_17;Q;10480;1660;0;11050;2440;1340
P177061909;P177061909_18;R;10740;0;0;11310;780;1340
P177061909;P177061909_19;S;10740;780;0;11310;1560;1340
P177061909;P177061909_20;T;11050;1660;0;11620;2440;1340
P177061909;P177061909_21;U;11310;0;0;11910;800;1596
P177061909;P177061909_22;V;11310;800;0;11910;1600;1596
P177061909;P177061909_23;W;11620;1640;0;12220;2440;1596
P177061909;P177061909_24;X;11910;0;0;12510;800;1596
P177061909;P177061909_25;Y;11910;800;0;12480;1580;1340
P177061909;P177061909_26;Z;12220;1660;0;12790;2440;1340
P177061909;P177061909_27;AA;12480;800;0;13050;1580;1340
P177061909;P177061909_28;AB;12510;0;0;13080;780;1340
P177061909;P177061909_29;AC;12790;1660;0;13360;2440;1340
P177061903;P177061903_1;A;0;0;0;1000;1200;2835
P177061903;P177061903_2;B;0;1240;0;2400;2440;2385
P177061903;P177061903_3;C;1000;0;0;3400;1200;2385
P177061903;P177061903_4;D;2400;1240;0;4800;2440;2580
P177061903;P177061903_5;E;3400;0;0;5800;1200;2580
P177061903;P177061903_6;F;4800;1240;0;7200;2440;2385
P177061903;P177061903_7;G;5800;0;0;8200;1200;2580
P177061903;P177061903_8;H;7200;1240;0;9600;2440;2775
P177061903;P177061903_9;I;8200;0;0;10600;1200;2385
P177061903;P177061903_10;J;9600;1240;0;12000;2440;2385
P177061903;P177061903_11;K;10600;0;0;13000;1200;2385
P177061903;P177061903_12;L;12000;1240;0;13000;2440;1905
P175061951;P175061951_1;A;0;0;0;1200;2400;2385
P175061951;P175061951_2;B;1200;0;0;2400;2400;2775
P175061951;P175061951_3;C;2400;0;0;3600;2400;2775
P175061951;P175061951_4;D;3600;0;0;4800;2400;2775
P175061951;P175061951_5;E;4800;0;0;6000;2400;2775
P175061951;P175061951_6;F;6000;0;0;7200;2400;2775
P175061951;P175061951_7;G;7200;0;0;8400;2400;2385
P175061951;P175061951_8;H;8400;0;0;9600;2400;2385
P175061951;P175061951_9;I;9600;0;0;10800;2400;2385
P175061951;P175061951_10;J;10800;0;0;12000;2400;2385
P175061951;P175061951_11;K;12000;0;0;13200;2400;2385
P174061913;P174061913_1;A;0;0;0;1200;2400;2580
P174061913;P174061913_2;B;1200;1240;0;2200;2440;2835
P174061913;P174061913_3;C;1200;0;0;2200;1200;2835
P174061913;P174061913_4;D;2200;0;0;3400;2400;2385
P174061913;P174061913_5;E;3400;0;0;4600;2400;2385
P174061913;P174061913_6;F;4600;0;0;5800;2400;2775
P174061913;P174061913_7;G;5800;0;0;7000;2400;2775
P174061913;P174061913_8;H;7000;0;0;8200;2400;2775
P174061913;P174061913_9;I;8200;1240;0;9200;2440;2835
P174061913;P174061913_10;J;8200;0;0;9200;1200;975
P174061913;P174061913_11;K;9200;0;0;10210;1206;385
P174061913;P174061913_12;L;9200;1240;0;10200;2440;2505
P174061913;P174061913_13;M;10200;1240;0;11200;2440;2505
P174061913;P174061913_14;N;10210;0;0;11210;1200;2505
P174061913;P174061913_15;O;11200;1240;0;12200;2440;2505
P174061913;P174061913_16;P;11210;0;0;12210;1200;2505
P174061913;P174061913_17;Q;12200;1240;0;13200;2440;2505
P174061913;P174061913_18;R;12210;0;0;13210;1200;2505
P174061909;P174061909_1;A;0;0;0;1200;2400;2775
P174061909;P174061909_2;B;1200;0;0;2400;2400;2385
P174061909;P174061909_3;C;2400;0;0;3400;1200;2835
P174061909;P174061909_4;D;2400;1240;0;3400;2440;1905
P174061909;P174061909_5;E;3400;0;0;4600;2400;2775
P174061909;P174061909_6;F;4600;0;0;5800;2400;2775
P174061909;P174061909_7;G;5800;0;0;7000;2400;2775
P174061909;P174061909_8;H;7000;0;0;8200;2400;2385
P174061909;P174061909_9;I;8200;1660;0;8770;2440;1340
P174061909;P174061909_10;J;8200;0;0;8800;800;1596
P174061909;P174061909_11;K;8200;800;0;8800;1600;1596
P174061909;P174061909_12;L;8770;1640;0;9370;2440;1596
P174061909;P174061909_13;M;8800;0;0;9400;800;1596
P174061909;P174061909_14;N;8800;800;0;9400;1600;1596
P174061909;P174061909_15;O;9370;1640;0;9970;2440;1596
P174061909;P174061909_16;P;9400;0;0;9970;780;1340
P174061909;P174061909_17;Q;9400;860;0;9970;1640;1340
P174061909;P174061909_18;R;9970;0;0;10540;780;1340
P174061909;P174061909_19;S;9970;780;0;10540;1560;1340
P174061909;P174061909_20;T;9970;1660;0;10540;2440;1340
P174061909;P174061909_21;U;10540;1660;0;11110;2440;1340
P174061909;P174061909_22;V;10540;0;0;11110;780;1340
P174061909;P174061909_23;W;10540;780;0;11110;1560;1340
P174061909;P174061909_24;X;11110;0;0;11680;780;1340
P174061909;P174061909_25;Y;11110;780;0;11680;1560;1340
P174061909;P174061909_26;Z;11110;1660;0;11680;2440;1340
P174061909;P174061909_27;AA;11680;1660;0;12250;2440;1340
P174061909;P174061909_28;AB;11680;0;0;12280;800;1596
P174061909;P174061909_29;AC;11680;800;0;12280;1600;1596
P174061909;P174061909_30;AD;12250;1640;0;12850;2440;1596
P174061909;P174061909_31;AE;12280;0;0;12850;780;1340
P174061909;P174061909_32;AF;12280;860;0;12850;1640;1340
P174061909;P174061909_33;AG;12850;0;0;13420;780;1340
P174061909;P174061909_34;AH;12850;780;0;13420;1560;1340
P174061909;P174061909_35;AI;12850;1660;0;13420;2440;1340
P174061903;P174061903_1;A;0;0;0;1200;2400;2775
P174061903;P174061903_2;B;1200;40;0;2400;2440;2775
P174061903;P174061903_3;C;2400;0;0;3600;2400;2775
P174061903;P174061903_4;D;3600;40;0;4800;2440;2580
P174061903;P174061903_5;E;4800;0;0;6000;2400;2385
P174061903;P174061903_6;F;6000;0;0;7200;2400;2385
P174061903;P174061903_7;G;7200;0;0;8400;2400;2385
P174061903;P174061903_8;H;8400;0;0;9600;2400;2385
P174061903;P174061903_9;I;9600;0;0;10800;2400;2385
P174061903;P174061903_10;J;10800;0;0;12000;2400;2580
P174061903;P174061903_11;K;12000;0;0;13200;2400;2385
P173061913;P173061913_1;A;0;0;0;1200;2400;2775
P173061913;P173061913_2;B;1200;0;0;2400;2400;2775
P173061913;P173061913_3;C;2400;0;0;3600;2400;2385
P173061913;P173061913_4;D;3600;1240;0;4600;2440;2835
P173061913;P173061913_5;E;3600;0;0;6000;1200;2775
P173061913;P173061913_6;F;4600;1240;0;7000;2440;2775
P173061913;P173061913_7;G;6000;0;0;8400;1200;2775
P173061913;P173061913_8;H;7000;1240;0;9400;2440;2775
P173061913;P173061913_9;I;8400;0;0;10800;1200;2775
P173061913;P173061913_10;J;9400;1240;0;11800;2440;2580
P173061913;P173061913_11;K;10800;0;0;11800;1200;2835
P173061913;P173061913_12;L;11800;0;0;13000;1000;2505
P173061913;P173061913_13;M;11800;1240;0;12800;2440;2505
P173061911;P173061911_1;A;0;0;0;1200;2400;2580
P173061911;P173061911_2;B;1200;0;0;2400;2400;2775
P173061911;P173061911_3;C;2400;0;0;3600;2400;2775
P173061911;P173061911_4;D;3600;0;0;4800;2400;2145
P173061911;P173061911_5;E;4800;0;0;6000;2400;2385
P173061911;P173061911_6;F;6000;0;0;7200;2400;2385
P173061911;P173061911_7;G;7200;0;0;8400;2400;2385
P173061911;P173061911_8;H;8400;0;0;9600;2400;2385
P173061911;P173061911_9;I;9600;0;0;10800;2400;2385
P173061911;P173061911_10;J;10800;1240;0;11800;2440;2835
P173061911;P173061911_11;K;10800;0;0;13200;1200;2775
P173061911;P173061911_12;L;11800;1240;0;12800;2440;1905
P173061903;P173061903_1;A;0;0;0;1200;2400;2385
P173061903;P173061903_2;B;1200;0;0;2400;2400;2385
P173061903;P173061903_3;C;2400;0;0;3600;2400;2385
P173061903;P173061903_4;D;3600;0;0;4800;2400;2775
P173061903;P173061903_5;E;4800;0;0;6000;2400;2775
P173061903;P173061903_6;F;6000;0;0;7200;2400;2775
P173061903;P173061903_7;G;7200;0;0;8400;2400;2775
P173061903;P173061903_8;H;8400;0;0;9600;2400;2775
P173061903;P173061903_9;I;9600;0;0;10800;2400;2385
P173061903;P173061903_10;J;10800;0;0;12000;2400;2385
P173061903;P173061903_11;K;12000;0;0;13200;2400;2385
P172061913;P172061913_1;A;0;40;0;1200;2440;2775
P172061913;P172061913_2;B;1200;0;0;2400;2400;2385
P172061913;P172061913_3;C;2400;0;0;3600;2400;2580
P172061913;P172061913_4;D;3600;0;0;4600;1200;2835
P172061913;P172061913_5;E;3600;1240;0;4600;2440;2835
P172061913;P172061913_6;F;4600;0;0;5800;2400;2145
P172061913;P172061913_7;G;5800;0;0;7000;2400;2775
P172061913;P172061913_8;H;7000;0;0;8200;2400;2775
P172061913;P172061913_9;I;8200;0;0;9200;1200;2835
P172061913;P172061913_10;J;8200;1240;0;9200;2440;2505
P172061913;P172061913_11;K;9200;1240;0;10200;2440;2505
P172061913;P172061913_12;L;9200;0;0;10200;1200;2505
P172061913;P172061913_13;M;10200;0;0;11200;1200;2505
P172061913;P172061913_14;N;10200;1240;0;11200;2440;2505
P172061913;P172061913_15;O;11200;1240;0;12200;2440;2505
P172061913;P172061913_16;P;11200;0;0;12200;1200;2505
P172061913;P172061913_17;Q;12200;0;0;13400;1000;2505
P172061913;P172061913_18;R;12200;1440;0;13400;2440;2505
P172061909;P172061909_1;A;0;0;0;1000;1200;2835
P172061909;P172061909_2;B;0;1240;0;2400;2440;2775
P172061909;P172061909_3;C;1000;0;0;3400;1200;2775
P172061909;P172061909_4;D;2400;1240;0;4800;2440;2775
P172061909;P172061909_5;E;3400;0;0;5800;1200;2385
P172061909;P172061909_6;F;4800;1240;0;7200;2440;2385
P172061909;P172061909_7;G;5800;0;0;6800;1200;2835
P172061909;P172061909_8;H;6800;0;0;9200;1200;2775
P172061909;P172061909_9;I;7200;1240;0;9600;2440;2580
P172061909;P172061909_10;J;9200;0;0;11600;1200;2385
P172061909;P172061909_11;K;9600;1240;0;10600;2440;975
P172061909;P172061909_12;L;10600;1660;0;11170;2440;1340
P172061909;P172061909_13;M;11170;1660;0;11740;2440;1340
P172061909;P172061909_14;N;11600;0;0;12170;780;1340
P172061909;P172061909_15;O;11600;780;0;12170;1560;1340
P172061909;P172061909_16;P;11740;1660;0;12310;2440;1340
P172061909;P172061909_17;Q;12170;0;0;12740;780;1340
P172061909;P172061909_18;R;12170;780;0;12740;1560;1340
P172061909;P172061909_19;S;12310;1660;0;12880;2440;1340
P172061909;P172061909_20;T;12740;0;0;13310;780;1340
P172061909;P172061909_21;U;12740;780;0;13310;1560;1340
P172061909;P172061909_22;V;12880;1660;0;13450;2440;1340
P172061903;P172061903_1;A;0;0;0;1200;2400;2580
P172061903;P172061903_2;B;1200;0;0;2400;2400;2385
P172061903;P172061903_3;C;2400;0;0;3600;2400;2385
P172061903;P172061903_4;D;3600;0;0;4800;2400;2385
P172061903;P172061903_5;E;4800;0;0;6000;2400;2385
P172061903;P172061903_6;F;6000;0;0;7200;2400;2385
P172061903;P172061903_7;G;7200;0;0;8400;2400;2385
P172061903;P172061903_8;H;8400;0;0;9600;2400;2385
P172061903;P172061903_9;I;9600;0;0;10800;2400;2385
P172061903;P172061903_10;J;10800;0;0;12000;2400;2580
P172061903;P172061903_11;K;12000;0;0;13200;2400;2775
P171061913;P171061913_1;A;0;0;0;1200;2400;2775
P171061913;P171061913_2;B;1200;40;0;2400;2440;2775
P171061913;P171061913_3;C;2400;0;0;3600;2400;2775
P171061913;P171061913_4;D;3600;40;0;4800;2440;2775
P171061913;P171061913_5;E;4800;0;0;6000;2400;2580
P171061913;P171061913_6;F;6000;1240;0;7000;2440;2835
P171061913;P171061913_7;G;6000;0;0;8400;1200;2385
P171061913;P171061913_8;H;7000;1240;0;9400;2440;2385
P171061913;P171061913_9;I;8400;0;0;10800;1200;2385
P171061913;P171061913_10;J;9400;1240;0;11800;2440;2385
P171061913;P171061913_11;K;10800;0;0;11800;1200;2835
P171061913;P171061913_12;L;11800;0;0;13006;1010;285
P171061911;P171061911_1;A;0;0;0;1200;2400;2775
P171061911;P171061911_2;B;1200;40;0;2400;2440;2775
P171061911;P171061911_3;C;2400;0;0;3600;2400;2775
P171061911;P171061911_4;D;3600;0;0;4800;2400;2775
P171061911;P171061911_5;E;4800;0;0;6000;2400;2775
P171061911;P171061911_6;F;6000;0;0;7200;2400;2775
P171061911;P171061911_7;G;7200;0;0;8400;2400;2385
P171061911;P171061911_8;H;8400;0;0;9600;2400;2385
P171061911;P171061911_9;I;9600;1240;0;10600;2440;2835
P171061911;P171061911_10;J;9600;0;0;10600;1200;975
P171061911;P171061911_11;K;10600;0;0;11800;2400;2775
P171061911;P171061911_12;L;11800;0;0;13000;2400;2580
P171061903;P171061903_1;A;0;0;0;1200;2400;2775
P171061903;P171061903_2;B;1200;0;0;2400;2400;2580
P171061903;P171061903_3;C;2400;0;0;3600;2400;2385
P171061903;P171061903_4;D;3600;0;0;4800;2400;2580
P171061903;P171061903_5;E;4800;0;0;6000;2400;2385
P171061903;P171061903_6;F;6000;0;0;7200;2400;2385
P171061903;P171061903_7;G;7200;0;0;8400;2400;2385
P171061903;P171061903_8;H;8400;0;0;9600;2400;2385
P171061903;P171061903_9;I;9600;0;0;10800;2400;2385
P171061903;P171061903_10;J;10800;0;0;12000;2400;2580
P171061903;P171061903_11;K;12000;0;0;13200;2400;2775
P170061913;P170061913_1;A;0;0;0;1200;2400;2775
P170061913;P170061913_2;B;1200;40;0;2400;2440;2775
P170061913;P170061913_3;C;2400;0;0;3600;2400;2775
P170061913;P170061913_4;D;3600;40;0;4800;2440;2775
P170061913;P170061913_5;E;4800;0;0;6000;2400;2775
P170061913;P170061913_6;F;6000;0;0;7000;1200;2835
P170061913;P170061913_7;G;6000;1240;0;8400;2440;2775
P170061913;P170061913_8;H;7000;0;0;9400;1200;2775
P170061913;P170061913_9;I;8400;1240;0;9400;2440;2835
P170061913;P170061913_10;J;9400;1240;0;10400;2440;2505
P170061913;P170061913_11;K;9400;0;0;10400;1200;2505
P170061913;P170061913_12;L;10400;0;0;11400;1200;2505
P170061913;P170061913_13;M;10400;1240;0;11400;2440;2505
P170061913;P170061913_14;N;11400;1240;0;12400;2440;2505
P170061913;P170061913_15;O;11400;0;0;12400;1200;2505
P170061913;P170061913_16;P;12400;0;0;13400;1200;2505
P170061913;P170061913_17;Q;12400;1240;0;13400;2440;2505
P170061911;P170061911_1;A;0;1240;0;1000;2440;2835
P170061911;P170061911_2;B;0;0;0;2400;1200;2385
P170061911;P170061911_3;C;1000;1240;0;3400;2440;2385
P170061911;P170061911_4;D;2400;0;0;4800;1200;2385
P170061911;P170061911_5;E;3400;1240;0;5800;2440;2385
P170061911;P170061911_6;F;4800;0;0;7200;1200;2385
P170061911;P170061911_7;G;5800;1240;0;8200;2440;2145
P170061911;P170061911_8;H;7200;0;0;8200;1200;2835
P170061911;P170061911_9;I;8200;0;0;9400;2400;2775
P170061911;P170061911_10;J;9400;0;0;10600;2400;2775
P170061911;P170061911_11;K;10600;0;0;11800;2400;2775
P170061911;P170061911_12;L;11800;0;0;13000;2400;2775
P170061909;P170061909_1;A;0;1240;0;1000;2440;1905
P170061909;P170061909_2;B;0;0;0;2400;1200;2385
P170061909;P170061909_3;C;1000;1240;0;3400;2440;2775
P170061909;P170061909_4;D;2400;0;0;4800;1200;2385
P170061909;P170061909_5;E;3400;1240;0;5800;2440;2385
P170061909;P170061909_6;F;4800;0;0;7200;1200;2775
P170061909;P170061909_7;G;5800;1240;0;8200;2440;2775
P170061909;P170061909_8;H;7200;0;0;9600;1200;2775
P170061909;P170061909_9;I;8200;1240;0;9200;2440;1905
P170061909;P170061909_10;J;9200;1200;0;10000;1800;1596
P170061909;P170061909_11;K;9200;1840;0;10000;2440;1596
P170061909;P170061909_12;L;9600;0;0;10400;600;1596
P170061909;P170061909_13;M;9600;600;0;10400;1200;1596
P170061909;P170061909_14;N;10000;1660;0;10570;2440;1340
P170061909;P170061909_15;O;10400;0;0;10970;780;1340
P170061909;P170061909_16;P;10400;780;0;10970;1560;1340
P170061909;P170061909_17;Q;10570;1660;0;11140;2440;1340
P170061909;P170061909_18;R;10970;0;0;11540;780;1340
P170061909;P170061909_19;S;10970;780;0;11540;1560;1340
P170061909;P170061909_20;T;11140;1660;0;11710;2440;1340
P170061909;P170061909_21;U;11540;0;0;12110;780;1340
P170061909;P170061909_22;V;11540;780;0;12110;1560;1340
P170061909;P170061909_23;W;11710;1660;0;12280;2440;1340
P170061909;P170061909_24;X;12110;0;0;12710;800;1596
P170061909;P170061909_25;Y;12110;800;0;12680;1580;1340
P170061909;P170061909_26;Z;12280;1640;0;12880;2440;1596
P170061909;P170061909_27;AA;12680;800;0;13480;1400;1596
P170061909;P170061909_28;AB;12710;0;0;13310;800;1596
P170061909;P170061909_29;AC;12880;1640;0;13480;2440;1596
P170061903;P170061903_1;A;0;0;0;1200;2400;2385
P170061903;P170061903_2;B;1200;0;0;2400;2400;2385
P170061903;P170061903_3;C;2400;0;0;3600;2400;2580
P170061903;P170061903_4;D;3600;0;0;4800;2400;2775
P170061903;P170061903_5;E;4800;0;0;6000;2400;2775
P170061903;P170061903_6;F;6000;0;0;7200;2400;2775
P170061903;P170061903_7;G;7200;0;0;8400;2400;2775
P170061903;P170061903_8;H;8400;0;0;9600;2400;2580
P170061903;P170061903_9;I;9600;0;0;10800;2400;2385
P170061903;P170061903_10;J;10800;0;0;12000;2400;2385
P170061903;P170061903_11;K;12000;0;0;13200;2400;2385
P168061951;P168061951_1;A;0;0;0;1200;2400;2385
P168061951;P168061951_2;B;1200;0;0;2200;1200;2835
P168061951;P168061951_3;C;1200;1240;0;2200;2440;2835
P168061951;P168061951_4;D;2200;0;0;3400;2400;2775
P168061951;P168061951_5;E;3400;0;0;4600;2400;2775
P168061951;P168061951_6;F;4600;0;0;5800;2400;2775
P168061951;P168061951_7;G;5800;0;0;7000;2400;2385
P168061951;P168061951_8;H;7000;0;0;8200;2400;2385
P168061951;P168061951_9;I;8200;0;0;9400;2400;2385
P168061951;P168061951_10;J;9400;0;0;10600;2400;2385
P168061951;P168061951_11;K;10600;0;0;11800;2400;2385
P168061951;P168061951_12;L;11800;0;0;13000;2400;2385
P167061913;P167061913_1;A;0;0;0;1200;2400;2775
P167061913;P167061913_2;B;1200;0;0;2400;2400;2340
P167061913;P167061913_3;C;2400;0;0;3600;2400;2580
P167061913;P167061913_4;D;3600;1240;0;4600;2440;2835
P167061913;P167061913_5;E;3600;0;0;4600;1200;2835
P167061913;P167061913_6;F;4600;0;0;5800;2400;2775
P167061913;P167061913_7;G;5800;0;0;7000;2400;2775
P167061913;P167061913_8;H;7000;0;0;8200;2400;2775
P167061913;P167061913_9;I;8200;0;0;9400;2400;2775
P167061913;P167061913_10;J;9400;0;0;10400;1200;2835
P167061913;P167061913_11;K;9400;1240;0;10400;2440;975
P167061913;P167061913_12;L;10400;1240;0;11400;2440;2505
P167061913;P167061913_13;M;10400;0;0;11400;1200;2505
P167061913;P167061913_14;N;11400;0;0;12400;1200;2505
P167061913;P167061913_15;O;11400;1240;0;12400;2440;2505
P167061913;P167061913_16;P;12400;1240;0;13400;2440;2505
P167061913;P167061913_17;Q;12400;0;0;13400;1200;2505
P167061909;P167061909_1;A;0;0;0;1200;2400;2775
P167061909;P167061909_2;B;1200;0;0;2400;2400;2775
P167061909;P167061909_3;C;2400;0;0;3400;1200;2835
P167061909;P167061909_4;D;2400;1240;0;4800;2440;2775
P167061909;P167061909_5;E;3400;0;0;5800;1200;2775
P167061909;P167061909_6;F;4800;1660;0;5370;2440;1340
P167061909;P167061909_7;G;5370;1660;0;5940;2440;1340
P167061909;P167061909_8;H;5800;0;0;6370;780;1340
P167061909;P167061909_9;I;5800;780;0;6370;1560;1340
P167061909;P167061909_10;J;5940;1660;0;6510;2440;1340
P167061909;P167061909_11;K;6370;0;0;6940;780;1340
P167061909;P167061909_12;L;6370;780;0;6940;1560;1340
P167061909;P167061909_13;M;6510;1660;0;7080;2440;1340
P167061909;P167061909_14;N;6940;0;0;7510;780;1340
P167061909;P167061909_15;O;6940;780;0;7510;1560;1340
P167061909;P167061909_16;P;7080;1660;0;7650;2440;1340
P167061909;P167061909_17;Q;7510;0;0;8080;780;1340
P167061909;P167061909_18;R;7510;780;0;8080;1560;1340
P167061909;P167061909_19;S;7650;1660;0;8220;2440;1340
P167061909;P167061909_20;T;8080;0;0;8650;780;1340
P167061909;P167061909_21;U;8080;780;0;8650;1560;1340
P167061909;P167061909_22;V;8220;1660;0;8790;2440;1340
P167061909;P167061909_23;W;8650;0;0;9250;800;1596
P167061909;P167061909_24;X;8650;800;0;9250;1600;1596
P167061909;P167061909_25;Y;8790;1660;0;9360;2440;1340
P167061909;P167061909_26;Z;9250;0;0;9820;780;1340
P167061909;P167061909_27;AA;9250;780;0;9820;1560;1340
P167061909;P167061909_28;AB;9360;1660;0;9930;2440;1340
P167061909;P167061909_29;AC;9820;0;0;10390;780;1340
P167061909;P167061909_30;AD;9820;780;0;10390;1560;1340
P167061909;P167061909_31;AE;9930;1660;0;10500;2440;1340
P167061909;P167061909_32;AF;10390;0;0;10960;780;1340
P167061909;P167061909_33;AG;10390;780;0;10960;1560;1340
P167061909;P167061909_34;AH;10500;1660;0;11070;2440;1340
P167061909;P167061909_35;AI;10960;0;0;11530;780;1340
P167061909;P167061909_36;AJ;10960;780;0;11530;1560;478
P167061909;P167061909_37;AK;11070;1640;0;11670;2440;1596
P167061909;P167061909_38;AL;11530;0;0;12130;800;1596
P167061909;P167061909_39;AM;11530;800;0;12130;1600;1078
P167061903;P167061903_1;A;0;0;0;1200;2400;2580
P167061903;P167061903_2;B;1200;0;0;2400;2400;2385
P167061903;P167061903_3;C;2400;0;0;3600;2400;2385
P167061903;P167061903_4;D;3600;0;0;4800;2400;2385
P167061903;P167061903_5;E;4800;0;0;6000;2400;2385
P167061903;P167061903_6;F;6000;0;0;7200;2400;2385
P167061903;P167061903_7;G;7200;0;0;8400;2400;2385
P167061903;P167061903_8;H;8400;0;0;9600;2400;2580
P167061903;P167061903_9;I;9600;0;0;10800;2400;2385
P167061903;P167061903_10;J;10800;0;0;12000;2400;2385
P167061903;P167061903_11;K;12000;0;0;13200;2400;2775
P166061913;P166061913_1;A;0;0;0;1200;2400;2775
P166061913;P166061913_2;B;1200;0;0;2400;2400;2775
P166061913;P166061913_3;C;2400;0;0;3600;2400;2775
P166061913;P166061913_4;D;3600;1240;0;4600;2440;2835
P166061913;P166061913_5;E;3600;0;0;6000;1200;2775
P166061913;P166061913_6;F;4600;1240;0;7000;2440;2775
P166061913;P166061913_7;G;6000;0;0;8400;1200;2775
P166061913;P166061913_8;H;7000;1240;0;9400;2440;2580
P166061913;P166061913_9;I;8400;0;0;9410;1206;385
P166061913;P166061913_10;J;9400;1240;0;10400;2440;2835
P166061913;P166061913_11;K;9410;0;0;10410;1200;2835
P166061913;P166061913_12;L;10400;1240;0;11400;2440;2505
P166061913;P166061913_13;M;10410;0;0;11410;1200;2505
P166061913;P166061913_14;N;11400;1240;0;12400;2440;2505
P166061913;P166061913_15;O;11410;0;0;12410;1200;2505
P166061913;P166061913_16;P;12400;1240;0;13400;2440;2505
P166061913;P166061913_17;Q;12410;0;0;13410;1200;2505
P166061911;P166061911_1;A;0;0;0;1200;2400;2580
P166061911;P166061911_2;B;1200;0;0;2400;2400;2385
P166061911;P166061911_3;C;2400;0;0;3600;2400;2385
P166061911;P166061911_4;D;3600;0;0;4800;2400;2385
P166061911;P166061911_5;E;4800;0;0;6000;2400;2385
P166061911;P166061911_6;F;6000;0;0;7200;2400;2385
P166061911;P166061911_7;G;7200;0;0;8400;2400;2385
P166061911;P166061911_8;H;8400;0;0;9600;2400;2385
P166061911;P166061911_9;I;9600;0;0;10800;2400;2385
P166061911;P166061911_10;J;10800;0;0;12000;2400;2775
P166061911;P166061911_11;K;12000;0;0;13200;2400;2775
P166061903;P166061903_1;A;0;0;0;1200;2400;2775
P166061903;P166061903_2;B;1200;40;0;2400;2440;2775
P166061903;P166061903_3;C;2400;1240;0;3400;2440;2835
P166061903;P166061903_4;D;2400;0;0;4800;1200;2385
P166061903;P166061903_5;E;3400;1240;0;5800;2440;2385
P166061903;P166061903_6;F;4800;0;0;7200;1200;2580
P166061903;P166061903_7;G;5800;1240;0;8200;2440;2580
P166061903;P166061903_8;H;7200;0;0;9600;1200;2385
P166061903;P166061903_9;I;8200;1240;0;10600;2440;2385
P166061903;P166061903_10;J;9600;0;0;12000;1200;2385
P166061903;P166061903_11;K;10600;1240;0;13000;2440;2385
P166061903;P166061903_12;L;12000;0;0;13000;1200;2835
P165061913;P165061913_1;A;0;0;0;1200;2400;2775
P165061913;P165061913_2;B;1200;0;0;2400;2400;2775
P165061913;P165061913_3;C;2400;0;0;3600;2400;2775
P165061913;P165061913_4;D;3600;0;0;4800;2400;2775
P165061913;P165061913_5;E;4800;0;0;6000;2400;2775
P165061913;P165061913_6;F;6000;0;0;7200;2400;2775
P165061913;P165061913_7;G;7200;0;0;8400;2400;2385
P165061913;P165061913_8;H;8400;0;0;9400;1200;1905
P165061913;P165061913_9;I;8400;1240;0;10800;2440;975
P165061913;P165061913_10;J;9400;0;0;10400;1200;2505
P165061913;P165061913_11;K;10400;0;0;11400;1200;2505
P165061913;P165061913_12;L;10800;1240;0;11800;2440;2505
P165061913;P165061913_13;M;11400;0;0;12400;1200;2505
P165061913;P165061913_14;N;11800;1240;0;12800;2440;1685
P165061911;P165061911_1;A;0;0;0;1200;2400;2385
P165061911;P165061911_2;B;1200;0;0;2400;2400;2775
P165061911;P165061911_3;C;2400;0;0;3600;2400;2775
P165061911;P165061911_4;D;3600;0;0;4800;2400;2775
P165061911;P165061911_5;E;4800;0;0;6000;2400;2775
P165061911;P165061911_6;F;6000;0;0;7200;2400;2580
P165061911;P165061911_7;G;7200;0;0;8200;1200;2835
P165061911;P165061911_8;H;7200;1240;0;8200;2440;975
P165061911;P165061911_9;I;8200;0;0;9400;2400;2385
P165061911;P165061911_10;J;9400;0;0;10600;2400;2385
P165061911;P165061911_11;K;10600;0;0;11800;2400;2385
P165061911;P165061911_12;L;11800;0;0;13000;2400;2385
Q165061911_1;Q165061911_1_1;A;0;0;0;1000;1200;1905
Q165061911_1;Q165061911_1_2;B;0;1240;0;2400;2440;2775
Q165061911_1;Q165061911_1_3;C;1000;0;0;2000;1200;1905
Q165061911_1;Q165061911_1_4;D;2000;0;0;4400;1200;2775
Q165061911_1;Q165061911_1_5;E;2400;1240;0;4800;2440;2775
Q165061911_1;Q165061911_1_6;F;4400;0;0;6800;1200;2385
Q165061911_1;Q165061911_1_7;G;4800;1240;0;7200;2440;2385
Q165061911_1;Q165061911_1_8;H;6800;0;0;9200;1200;1215
P240064607;P240064607_1;A;0;0;0;2200;1200;2875
P240064607;P240064607_2;B;0;1240;0;2200;2440;2875
P240064607;P240064607_3;C;2200;1240;0;4400;2440;2875
P240064607;P240064607_4;D;2200;0;0;4200;1200;2855
P240064607;P240064607_5;E;4200;0;0;6000;1200;2355
P240064607;P240064607_6;F;4400;1240;0;6200;2440;2355
P240064607;P240064607_7;G;6000;0;0;7800;1200;2355
P240064607;P240064607_8;H;6200;1240;0;8000;2440;2355
P240064607;P240064607_9;I;7800;0;0;9600;1200;2355
P240064607;P240064607_10;J;8000;1240;0;9800;2440;2355
P240064607;P240064607_11;K;9600;0;0;11400;1200;2355
P240064607;P240064607_12;L;9800;1240;0;11600;2440;2355
P240064607;P240064607_13;M;11400;0;0;13400;1200;2855
P240064607;P240064607_14;N;11600;1240;0;13500;2440;2865
Q240064607_1;Q240064607_1_1;A;0;0;0;1800;1200;2355
Q240064607_1;Q240064607_1_2;B;0;1240;0;1800;2440;2355
Q240064607_1;Q240064607_1_3;C;1800;1240;0;3600;2440;2355
Q240064607_1;Q240064607_1_4;D;1800;0;0;3800;1200;2855
Q240064607_1;Q240064607_1_5;E;3600;1240;0;5600;2440;1450
Q240064607_1;Q240064607_1_6;F;3800;0;0;6000;1200;1655
Q240064607_1;Q240064607_1_7;G;5600;1240;0;7500;2440;750
Q240064607_1;Q240064607_1_8;H;6000;0;0;8200;1200;1460
Q240064607_1;Q240064607_1_9;I;7500;1240;0;9900;2440;1905
Q240064607_1;Q240064607_1_10;J;8200;0;0;10000;1200;1755
P240064605;P240064605_1;A;0;1240;0;2000;2440;2745
P240064605;P240064605_2;B;0;0;0;2000;1200;2750
P240064605;P240064605_3;C;2000;0;0;3900;1200;2865
P240064605;P240064605_4;D;2000;1240;0;4400;2440;2835
P240064605;P240064605_5;E;3900;0;0;6300;1200;2835
P240064605;P240064605_6;F;4400;1240;0;6800;2440;2835
P240064605;P240064605_7;G;6300;0;0;8700;1200;2835
P240064605;P240064605_8;H;6800;1240;0;8400;2440;2865
P240064605;P240064605_9;I;8400;1240;0;10000;2440;2865
P240064605;P240064605_10;J;8700;0;0;10300;1200;2700
P240064605;P240064605_11;K;10000;1240;0;11600;2440;2700
P240064605;P240064605_12;L;10300;0;0;11900;1200;2700
P240064605;P240064605_13;M;11600;1240;0;13500;2440;2865
P240064605;P240064605_14;N;11900;0;0;12470;780;1771
P240064605;P240064605_15;O;12470;0;0;13470;1200;2865
Q240064605_1;Q240064605_1_1;A;0;0;0;2000;1200;2705
Q240064605_1;Q240064605_1_2;B;0;1240;0;2000;2440;2710
Q240064605_1;Q240064605_1_3;C;2000;1240;0;4000;2440;2710
Q240064605_1;Q240064605_1_4;D;2000;0;0;4000;1200;2710
Q240064605_1;Q240064605_1_5;E;4000;0;0;6000;1200;2705
Q240064605_1;Q240064605_1_6;F;4000;1240;0;6000;2440;2705
Q240064605_1;Q240064605_1_7;G;6000;1240;0;8000;2440;2705
Q240064605_1;Q240064605_1_8;H;6000;0;0;8000;1200;2705
Q240064605_1;Q240064605_1_9;I;8000;0;0;10000;1200;2705
Q240064605_1;Q240064605_1_10;J;8000;1240;0;10000;2440;2705
Q240064605_1;Q240064605_1_11;K;10000;1240;0;12000;2440;2705
Q240064605_1;Q240064605_1_12;L;10000;0;0;12000;1200;2705
Q240064605_1;Q240064605_1_13;M;12000;0;0;13200;2000;2705
Q240064605_2;Q240064605_2_1;A;0;0;0;1900;1200;2865
Q240064605_2;Q240064605_2_2;B;0;1240;0;1900;2440;2865
Q240064605_2;Q240064605_2_3;C;1900;1240;0;3800;2440;2865
Q240064605_2;Q240064605_2_4;D;1900;0;0;3800;1200;2865
Q240064605_2;Q240064605_2_5;E;3800;0;0;5700;1200;1455
Q240064605_2;Q240064605_2_6;F;3800;1660;0;4370;2440;1771
Q240064605_2;Q240064605_2_7;G;4370;1240;0;6370;2440;2705
Q240064605_2;Q240064605_2_8;H;5700;0;0;7700;1200;1855
Q240064605_2;Q240064605_2_9;I;6370;1240;0;7970;2440;1455
Q240064605_2;Q240064605_2_10;J;7700;0;0;8270;780;909
Q240064605_2;Q240064605_2_11;K;7970;1240;0;9970;2440;1800
P209064611;P209064611_1;A;0;1240;0;2000;2440;2705
P209064611;P209064611_2;B;0;0;0;1600;1200;2340
P209064611;P209064611_3;C;1600;0;0;2170;780;1771
P209064611;P209064611_4;D;2000;1240;0;3000;2440;2160
P209064611;P209064611_5;E;2170;0;0;4170;1200;2760
P209064611;P209064611_6;F;3000;1240;0;5400;2440;2835
P209064611;P209064611_7;G;4170;0;0;6070;1200;2865
P209064611;P209064611_8;H;5400;1240;0;7300;2440;2865
P209064611;P209064611_9;I;6070;0;0;8070;1200;2750
P209064611;P209064611_10;J;7300;1240;0;9300;2440;2705
P209064611;P209064611_11;K;8070;0;0;10070;1200;2710
P209064611;P209064611_12;L;9300;1240;0;11300;2440;2705
P209064611;P209064611_13;M;10070;0;0;11670;1200;2340
P209064611;P209064611_14;N;11300;1240;0;13200;2440;2865
P209064611;P209064611_15;O;11670;0;0;13270;1200;1815
P209064607;P209064607_1;A;0;0;0;2200;1200;2875
P209064607;P209064607_2;B;0;1240;0;2200;2440;2875
P209064607;P209064607_3;C;2200;1240;0;4200;2440;2855
P209064607;P209064607_4;D;2200;0;0;4000;1200;2355
P209064607;P209064607_5;E;4000;0;0;5800;1200;2355
P209064607;P209064607_6;F;4200;1240;0;6000;2440;2355
P209064607;P209064607_7;G;5800;0;0;7600;1200;2355
P209064607;P209064607_8;H;6000;1240;0;7900;2440;2865
P209064607;P209064607_9;I;7600;0;0;9800;1200;2875
P209064607;P209064607_10;J;7900;1240;0;9900;2440;2855
P209064607;P209064607_11;K;9800;0;0;11600;1200;2355
P209064607;P209064607_12;L;9900;1240;0;11700;2440;2355
P209064607;P209064607_13;M;11600;0;0;13400;1200;2355
P209064607;P209064607_14;N;11700;1240;0;13500;2440;2355
P209064605;P209064605_1;A;0;1240;0;2000;2440;2705
P209064605;P209064605_2;B;0;0;0;2000;1200;2705
P209064605;P209064605_3;C;2000;0;0;4000;1200;2705
P209064605;P209064605_4;D;2000;1240;0;4000;2440;2705
P209064605;P209064605_5;E;4000;0;0;5200;2400;2835
P209064605;P209064605_6;F;5200;0;0;6400;2400;2835
P209064605;P209064605_7;G;6400;1240;0;8300;2440;2865
P209064605;P209064605_8;H;6400;0;0;8300;1200;2865
P209064605;P209064605_9;I;8300;0;0;10200;1200;2160
P209064605;P209064605_10;J;8300;1240;0;9900;2440;2865
P209064605;P209064605_11;K;9900;1240;0;11900;2440;2705
P209064605;P209064605_12;L;10200;0;0;12200;1200;2765
P209064605;P209064605_13;M;11900;1660;0;12470;2440;1340
P209064605;P209064605_14;N;12200;0;0;13400;1600;2700
P208064613;P208064613_1;A;0;0;0;1200;2400;2835
P208064613;P208064613_2;B;1200;1240;0;3200;2440;2710
P208064613;P208064613_3;C;1200;0;0;3200;1200;2705
P208064613;P208064613_4;D;3200;0;0;5200;1200;2705
P208064613;P208064613_5;E;3200;1240;0;5200;2440;2705
P208064613;P208064613_6;F;5200;1240;0;7200;2440;2705
P208064613;P208064613_7;G;5200;0;0;6200;1200;2160
P208064613;P208064613_8;H;6200;0;0;7800;1200;2700
P208064613;P208064613_9;I;7200;1240;0;9200;2440;2745
P208064613;P208064613_10;J;7800;0;0;9400;1200;2865
P208064613;P208064613_11;K;9200;1240;0;11100;2440;2865
P208064613;P208064613_12;L;9400;0;0;11300;1200;2865
P208064613;P208064613_13;M;11100;1240;0;13100;2440;2705
P208064613;P208064613_14;N;11300;0;0;13300;1200;2710
P208064611;P208064611_1;A;0;0;0;2000;1200;2705
P208064611;P208064611_2;B;0;1240;0;2000;2440;2705
P208064611;P208064611_3;C;2000;1240;0;4000;2440;2705
P208064611;P208064611_4;D;2000;0;0;4400;1200;2835
P208064611;P208064611_5;E;4000;1240;0;5900;2440;2865
P208064611;P208064611_6;F;4400;0;0;4970;780;1771
P208064611;P208064611_7;G;4970;0;0;6970;1200;2710
P208064611;P208064611_8;H;5900;1240;0;7900;2440;1800
P208064611;P208064611_9;I;6970;0;0;8970;1200;1800
P208064611;P208064611_10;J;7900;1240;0;9900;2440;1800
P208064611;P208064611_11;K;8970;0;0;11370;1200;2835
P208064611;P208064611_12;L;9900;1240;0;11800;2440;2865
P208064611;P208064611_13;M;11370;0;0;12970;1200;2520
P208064611;P208064611_14;N;11800;1240;0;13400;2440;1455
P208064607;P208064607_1;A;0;1240;0;2200;2440;2265
P208064607;P208064607_2;B;0;0;0;1800;1200;2355
P208064607;P208064607_3;C;1800;0;0;3600;1200;2910
P208064607;P208064607_4;D;2200;1240;0;4200;2440;2855
P208064607;P208064607_5;E;3600;0;0;5800;1200;2265
P208064607;P208064607_6;F;4200;1240;0;6100;2440;2865
P208064607;P208064607_7;G;5800;0;0;7800;1200;2855
P208064607;P208064607_8;H;6100;1240;0;8100;2440;2855
P208064607;P208064607_9;I;7800;0;0;10000;1200;2875
P208064607;P208064607_10;J;8100;1240;0;10300;2440;2875
P208064607;P208064607_11;K;10000;0;0;12200;1200;2875
P208064607;P208064607_12;L;10300;1240;0;12300;2440;1450
P208064607;P208064607_13;M;12300;0;0;13500;2400;1905
P208064605;P208064605_1;A;0;0;0;1900;1200;2865
P208064605;P208064605_2;B;0;1240;0;1000;2440;2865
P208064605;P208064605_3;C;1000;1660;0;1570;2440;1771
P208064605;P208064605_4;D;1570;1240;0;3570;2440;2705
P208064605;P208064605_5;E;1900;0;0;3900;1200;2745
P208064605;P208064605_6;F;3570;1240;0;5970;2440;2835
P208064605;P208064605_7;G;3900;0;0;6300;1200;1905
P208064605;P208064605_8;H;5970;1240;0;7970;2440;2705
P208064605;P208064605_9;I;6300;0;0;8300;1200;2705
P208064605;P208064605_10;J;7970;1240;0;9970;2440;2705
P208064605;P208064605_11;K;8300;0;0;10300;1200;2705
P208064605;P208064605_12;L;9970;1240;0;11570;2440;2700
P208064605;P208064605_13;M;10300;0;0;12200;1200;2865
P208064605;P208064605_14;N;11570;1240;0;13470;2440;1455
P208064605;P208064605_15;O;12200;0;0;12770;780;478
P208064601;P208064601_1;A;0;0;0;1800;1200;2355
P208064601;P208064601_2;B;0;1240;0;1800;2440;2355
P208064601;P208064601_3;C;1800;1240;0;3600;2440;2355
P208064601;P208064601_4;D;1800;0;0;3600;1200;2355
P208064601;P208064601_5;E;3600;0;0;5400;1200;2355
P208064601;P208064601_6;F;3600;1240;0;5400;2440;2355
P208064601;P208064601_7;G;5400;1240;0;7200;2440;2355
P208064601;P208064601_8;H;5400;0;0;7200;1200;2355
P208064601;P208064601_9;I;7200;0;0;9000;1200;2355
P208064601;P208064601_10;J;7200;1240;0;9000;2440;2355
P208064601;P208064601_11;K;9000;1240;0;11200;2440;2460
P208064601;P208064601_12;L;9000;0;0;10900;1200;2865
P208064601;P208064601_13;M;10900;0;0;13100;1200;2875
P208064601;P208064601_14;N;11200;1240;0;13400;2440;2875
P207064613;P207064613_1;A;0;1240;0;1600;2440;2340
P207064613;P207064613_2;B;0;0;0;2000;1200;2710
P207064613;P207064613_3;C;1600;1240;0;3600;2440;2705
P207064613;P207064613_4;D;2000;0;0;4000;1200;2705
P207064613;P207064613_5;E;3600;1240;0;5600;2440;2705
P207064613;P207064613_6;F;4000;0;0;6000;1200;2705
P207064613;P207064613_7;G;5600;1240;0;8000;2440;2835
P207064613;P207064613_8;H;6000;0;0;8000;1200;2705
P207064613;P207064613_9;I;8000;0;0;10000;1200;2710
P207064613;P207064613_10;J;8000;1240;0;9900;2440;2865
P207064613;P207064613_11;K;9900;1240;0;11800;2440;2865
P207064613;P207064613_12;L;10000;0;0;11600;1200;2340
P207064613;P207064613_13;M;11600;0;0;13200;1200;2340
P207064613;P207064613_14;N;11800;1240;0;12800;2440;1455
P207064613;P207064613_15;O;12800;1660;0;13370;2440;1340
P207064609;P207064609_1;A;0;1240;0;2000;2440;2855
P207064609;P207064609_2;B;0;0;0;1800;1200;2355
P207064609;P207064609_3;C;1800;0;0;3600;1200;2355
P207064609;P207064609_4;D;2000;1240;0;3800;2440;2355
P207064609;P207064609_5;E;3600;0;0;5400;1200;2355
P207064609;P207064609_6;F;3800;1240;0;5600;2440;2355
P207064609;P207064609_7;G;5400;0;0;7200;1200;2355
P207064609;P207064609_8;H;5600;1240;0;7500;2440;2865
P207064609;P207064609_9;I;7200;0;0;9600;1200;975
P207064609;P207064609_10;J;7500;1240;0;9700;2440;2875
P207064609;P207064609_11;K;9600;0;0;11400;1200;2355
P207064609;P207064609_12;L;9700;1240;0;11500;2440;2355
P207064609;P207064609_13;M;11400;0;0;13200;1200;2355
P207064609;P207064609_14;N;11500;1240;0;13300;2440;2355
P207064605;P207064605_1;A;0;1240;0;2000;2440;2765
P207064605;P207064605_2;B;0;0;0;1900;1200;2865
P207064605;P207064605_3;C;1900;0;0;2470;780;1771
P207064605;P207064605_4;D;2000;1240;0;4000;2440;2765
P207064605;P207064605_5;E;2470;0;0;4070;1200;2520
P207064605;P207064605_6;F;4000;1240;0;5900;2440;2865
P207064605;P207064605_7;G;4070;0;0;5970;1200;2865
P207064605;P207064605_8;H;5900;1240;0;7900;2440;2710
P207064605;P207064605_9;I;5970;0;0;7970;1200;2705
P207064605;P207064605_10;J;7900;1240;0;9900;2440;2705
P207064605;P207064605_11;K;7970;0;0;9970;1200;2705
P207064605;P207064605_12;L;9900;1240;0;11500;2440;2865
P207064605;P207064605_13;M;9970;0;0;12370;1200;2835
P207064605;P207064605_14;N;11500;1240;0;13500;2440;2745
P207064605;P207064605_15;O;12370;0;0;13370;1200;1455
P207064603;P207064603_1;A;0;0;0;1600;1200;2700
P207064603;P207064603_2;B;0;1200;0;1600;2400;2700
P207064603;P207064603_3;C;1600;1240;0;3200;2440;2700
P207064603;P207064603_4;D;1600;0;0;3200;1200;2700
P207064603;P207064603_5;E;3200;0;0;4800;1200;2700
P207064603;P207064603_6;F;3200;1200;0;4800;2400;2700
P207064603;P207064603_7;G;4800;1240;0;6400;2440;2700
P207064603;P207064603_8;H;4800;0;0;6400;1200;1815
P207064603;P207064603_9;I;6400;1240;0;8400;2440;2855
P207064603;P207064603_10;J;6400;0;0;8600;1200;2265
P207064603;P207064603_11;K;8400;1240;0;10200;2440;2055
P207064603;P207064603_12;L;8600;0;0;10500;1200;2160
P207064603;P207064603_13;M;10200;1240;0;12200;2440;1450
P207064603;P207064603_14;N;10500;0;0;12300;1200;2355
P207064603;P207064603_15;O;12300;240;0;13500;2440;2265
P206064613;P206064613_1;A;0;0;0;2000;1200;2705
P206064613;P206064613_2;B;0;1240;0;2000;2440;2705
P206064613;P206064613_3;C;2000;1240;0;4000;2440;2705
P206064613;P206064613_4;D;2000;0;0;4000;1200;2705
P206064613;P206064613_5;E;4000;0;0;6000;1200;2705
P206064613;P206064613_6;F;4000;1240;0;6400;2440;2835
P206064613;P206064613_7;G;6000;0;0;8400;1200;2835
P206064613;P206064613_8;H;6400;1240;0;8000;2440;2700
P206064613;P206064613_9;I;8000;1240;0;9600;2440;2340
P206064613;P206064613_10;J;8400;0;0;10300;1200;2865
P206064613;P206064613_11;K;9600;1240;0;11600;2440;2705
P206064613;P206064613_12;L;10300;0;0;12300;1200;2710
P206064613;P206064613_13;M;11600;1240;0;13500;2440;2865
P206064613;P206064613_14;N;12300;0;0;13500;1000;1455
P206064611;P206064611_1;A;0;0;0;2000;1200;2710
P206064611;P206064611_2;B;0;1240;0;2000;2440;2255
P206064611;P206064611_3;C;2000;1240;0;4000;2440;2705
P206064611;P206064611_4;D;2000;0;0;3900;1200;2865
P206064611;P206064611_5;E;3900;0;0;5800;1200;2865
P206064611;P206064611_6;F;4000;1240;0;5600;2440;2520
P206064611;P206064611_7;G;5600;1240;0;8000;2440;2835
P206064611;P206064611_8;H;5800;0;0;7800;1200;2745
P206064611;P206064611_9;I;7800;0;0;8370;780;1771
P206064611;P206064611_10;J;8000;840;0;9200;2440;2160
P206064611;P206064611_11;K;8370;0;0;8940;780;478
P206064611;P206064611_12;L;9200;0;0;11200;1200;2705
P206064611;P206064611_13;M;9200;1240;0;11100;2440;2865
P206064611;P206064611_14;N;11100;1240;0;13500;2440;2835
P206064611;P206064611_15;O;11200;0;0;13200;1200;2705
P206064607;P206064607_1;A;0;0;0;1800;1200;2355
P206064607;P206064607_2;B;0;1240;0;2400;2440;1905
P206064607;P206064607_3;C;1800;0;0;4000;1200;2875
P206064607;P206064607_4;D;2400;1240;0;4600;2440;2875
P206064607;P206064607_5;E;4000;0;0;6200;1200;2265
P206064607;P206064607_6;F;4600;1240;0;6500;2440;2865
P206064607;P206064607_7;G;6200;0;0;8200;1200;2855
P206064607;P206064607_8;H;6500;1240;0;8500;2440;2855
P206064607;P206064607_9;I;8200;0;0;10000;1200;2055
P206064607;P206064607_10;J;8500;1240;0;10300;2440;2355
P206064607;P206064607_11;K;10000;0;0;11800;1200;2355
P206064607;P206064607_12;L;10300;1240;0;12100;2440;2355
P206064607;P206064607_13;M;12100;0;0;13300;1800;2355
P206064605;P206064605_1;A;0;1240;0;2000;2440;2705
P206064605;P206064605_2;B;0;0;0;2000;1200;2705
P206064605;P206064605_3;C;2000;0;0;3900;1200;2865
P206064605;P206064605_4;D;2000;1240;0;3600;2440;2700
P206064605;P206064605_5;E;3600;1240;0;4600;2440;1455
P206064605;P206064605_6;F;3900;0;0;5900;1200;2705
P206064605;P206064605_7;G;4600;1240;0;6600;2440;2705
P206064605;P206064605_8;H;5900;0;0;7900;1200;2705
P206064605;P206064605_9;I;6600;1240;0;8600;2440;2710
P206064605;P206064605_10;J;7900;0;0;9900;1200;1800
P206064605;P206064605_11;K;8600;1240;0;10600;2440;1840
P206064605;P206064605_12;L;9900;0;0;11500;1200;2340
P206064605;P206064605_13;M;10600;1240;0;13000;2440;2835
P206064605;P206064605_14;N;11500;0;0;13400;1200;2865
P205064613;P205064613_1;A;0;0;0;1200;2400;2835
P205064613;P205064613_2;B;1200;1240;0;3100;2440;2865
P205064613;P205064613_3;C;1200;0;0;2800;1200;2865
P205064613;P205064613_4;D;2800;0;0;3370;780;1771
P205064613;P205064613_5;E;3100;1240;0;5100;2440;2705
P205064613;P205064613_6;F;3370;0;0;5370;1200;2705
P205064613;P205064613_7;G;5100;1240;0;7100;2440;2705
P205064613;P205064613_8;H;5370;0;0;7370;1200;2705
P205064613;P205064613_9;I;7100;1240;0;9100;2440;2705
P205064613;P205064613_10;J;7370;0;0;9370;1200;2705
P205064613;P205064613_11;K;9100;1240;0;11500;2440;1905
P205064613;P205064613_12;L;9370;0;0;11270;1200;2865
P205064613;P205064613_13;M;11270;0;0;13170;1200;2865
P205064613;P205064613_14;N;11500;1240;0;13100;2440;2700
P205064611;P205064611_1;A;0;1660;0;570;2440;1771
P205064611;P205064611_2;B;0;230;0;1000;1430;2865
P205064611;P205064611_3;C;570;1660;0;1140;2440;478
P205064611;P205064611_4;D;1000;0;0;3000;1200;2775
P205064611;P205064611_5;E;1140;1220;0;2740;2420;2865
P205064611;P205064611_6;F;2740;1220;0;4640;2420;2865
P205064611;P205064611_7;G;3000;0;0;4900;1200;2865
P205064611;P205064611_8;H;4640;1240;0;7040;2440;2835
P205064611;P205064611_9;I;4900;0;0;6800;1200;1455
P205064611;P205064611_10;J;6800;0;0;8400;1200;2700
P205064611;P205064611_11;K;7040;1240;0;9040;2440;2705
P205064611;P205064611_12;L;8400;0;0;10400;1200;2705
P205064611;P205064611_13;M;9040;1240;0;11040;2440;2705
P205064611;P205064611_14;N;10400;0;0;12400;1200;2705
P205064611;P205064611_15;O;11040;1240;0;13040;2440;2745
P205064607;P205064607_1;A;0;1240;0;1900;2440;2865
P205064607;P205064607_2;B;0;0;0;2200;1200;2265
P205064607;P205064607_3;C;1900;1240;0;3700;2440;2355
P205064607;P205064607_4;D;2200;0;0;4000;1200;2355
P205064607;P205064607_5;E;3700;1240;0;5500;2440;2355
P205064607;P205064607_6;F;4000;0;0;5800;1200;2355
P205064607;P205064607_7;G;5500;1240;0;7400;2440;2865
P205064607;P205064607_8;H;5800;0;0;8000;1200;2875
P205064607;P205064607_9;I;7400;1240;0;9600;2440;2875
P205064607;P205064607_10;J;8000;0;0;10200;1200;2875
P205064607;P205064607_11;K;9600;1240;0;11800;2440;2460
P205064607;P205064607_12;L;10200;0;0;12200;1200;2855
P205064607;P205064607_13;M;12200;440;0;13400;2440;2855
Q205064607_1;Q205064607_1_1;A;0;0;0;2200;1200;2265
Q205064607_1;Q205064607_1_2;B;0;1240;0;2000;2440;2855
Q205064607_1;Q205064607_1_3;C;2000;1240;0;4400;2440;1905
Q205064607_1;Q205064607_1_4;D;2200;0;0;4000;1200;2355
Q205064607_1;Q205064607_1_5;E;4000;0;0;5800;1200;2355
Q205064607_1;Q205064607_1_6;F;4400;1240;0;6200;2440;2355
Q205064607_1;Q205064607_1_7;G;5800;0;0;7600;1200;2355
Q205064607_1;Q205064607_1_8;H;6200;1240;0;8000;2440;2355
Q205064607_1;Q205064607_1_9;I;7600;0;0;9400;1200;2355
Q205064607_1;Q205064607_1_10;J;8000;1240;0;9800;2440;2355
Q205064607_1;Q205064607_1_11;K;9400;0;0;11200;1200;2355
Q205064607_1;Q205064607_1_12;L;9800;1240;0;11600;2440;2355
Q205064607_1;Q205064607_1_13;M;11200;0;0;13000;1200;2355
Q205064607_1;Q205064607_1_14;N;11600;1240;0;13400;2440;2355
P205064605;P205064605_1;A;0;0;0;1200;2400;2835
P205064605;P205064605_2;B;1200;0;0;3200;1200;2705
P205064605;P205064605_3;C;1200;1240;0;2800;2440;2340
P205064605;P205064605_4;D;2800;1240;0;4700;2440;2865
P205064605;P205064605_5;E;3200;0;0;5100;1200;2865
P205064605;P205064605_6;F;4700;1240;0;6700;2440;2705
P205064605;P205064605_7;G;5100;0;0;7100;1200;2705
P205064605;P205064605_8;H;6700;1240;0;8700;2440;2705
P205064605;P205064605_9;I;7100;0;0;9100;1200;2705
P205064605;P205064605_10;J;8700;1240;0;10700;2440;2710
P205064605;P205064605_11;K;9100;0;0;11100;1200;2255
P205064605;P205064605_12;L;10700;1240;0;11700;2440;1455
P205064605;P205064605_13;M;11100;0;0;13500;1200;2835
P205064605;P205064605_14;N;11700;1240;0;13300;2440;2520
P203064601;P203064601_1;A;0;0;0;2200;1200;2265
P203064601;P203064601_2;B;0;1240;0;2000;2440;2855
P203064601;P203064601_3;C;2000;1240;0;3800;2440;2910
P203064601;P203064601_4;D;2200;0;0;4000;1200;2355
P203064601;P203064601_5;E;3800;1240;0;5600;2440;2355
P203064601;P203064601_6;F;4000;0;0;5800;1200;2355
P203064601;P203064601_7;G;5600;1240;0;7400;2440;2355
P203064601;P203064601_8;H;5800;0;0;7600;1200;2355
P203064601;P203064601_9;I;7400;1240;0;9200;2440;2355
P203064601;P203064601_10;J;7600;0;0;9800;1200;2875
P203064601;P203064601_11;K;9200;1240;0;11400;2440;2875
P203064601;P203064601_12;L;9800;0;0;11700;1200;2865
P203064601;P203064601_13;M;11400;1240;0;13400;2440;2855
P203064601;P203064601_14;N;11700;0;0;13500;1200;2355
P202064613;P202064613_1;A;0;0;0;2000;1200;2750
P202064613;P202064613_2;B;0;1660;0;570;2440;1771
P202064613;P202064613_3;C;570;1240;0;2470;2440;2865
P202064613;P202064613_4;D;2000;0;0;3600;1200;2865
P202064613;P202064613_5;E;2470;1240;0;4370;2440;2865
P202064613;P202064613_6;F;3600;0;0;5500;1200;2865
P202064613;P202064613_7;G;4370;1240;0;6270;2440;2865
P202064613;P202064613_8;H;5500;0;0;7100;1200;2520
P202064613;P202064613_9;I;6270;1240;0;7870;2440;2700
P202064613;P202064613_10;J;7100;0;0;9100;1200;2315
P202064613;P202064613_11;K;7870;1240;0;9470;2440;2340
P202064613;P202064613_12;L;9100;0;0;11100;1200;2760
P202064613;P202064613_13;M;9470;1240;0;11470;2440;2760
P202064613;P202064613_14;N;11100;0;0;13100;1200;2745
P202064613;P202064613_15;O;11470;1240;0;13470;2440;2705
P202064611;P202064611_1;A;0;1660;0;570;2440;1771
P202064611;P202064611_2;B;0;0;0;570;780;1771
P202064611;P202064611_3;C;570;0;0;1570;1200;2865
P202064611;P202064611_4;D;570;1240;0;2970;2440;2835
P202064611;P202064611_5;E;1570;0;0;3470;1200;2865
P202064611;P202064611_6;F;2970;1240;0;5370;2440;2835
P202064611;P202064611_7;G;3470;0;0;5870;1200;2835
P202064611;P202064611_8;H;5370;1240;0;7370;2440;2705
P202064611;P202064611_9;I;5870;0;0;7870;1200;2710
P202064611;P202064611_10;J;7370;1240;0;9370;2440;2705
P202064611;P202064611_11;K;7870;0;0;9870;1200;2705
P202064611;P202064611_12;L;9370;1240;0;11370;2440;2705
P202064611;P202064611_13;M;9870;0;0;11870;1200;1800
P202064611;P202064611_14;N;11370;1240;0;13370;2440;1800
P202064611;P202064611_15;O;11870;0;0;13470;1200;2520
P202064607;P202064607_1;A;0;1240;0;1800;2440;2355
P202064607;P202064607_2;B;0;0;0;2200;1200;2460
P202064607;P202064607_3;C;1800;1240;0;3700;2440;2865
P202064607;P202064607_4;D;2200;0;0;4400;1200;2875
P202064607;P202064607_5;E;3700;1240;0;6100;2440;1905
P202064607;P202064607_6;F;4400;0;0;6600;1200;2875
P202064607;P202064607_7;G;6100;1240;0;8100;2440;2855
P202064607;P202064607_8;H;6600;0;0;8400;1200;2355
P202064607;P202064607_9;I;8100;1240;0;9900;2440;2355
P202064607;P202064607_10;J;8400;0;0;10200;1200;2355
P202064607;P202064607_11;K;9900;1240;0;11900;2440;1450
P202064607;P202064607_12;L;10200;0;0;12000;1200;2355
P202064607;P202064607_13;M;12000;640;0;13200;2440;2355
P202064605;P202064605_1;A;0;0;0;2000;1200;2705
P202064605;P202064605_2;B;0;1240;0;2000;2440;2705
P202064605;P202064605_3;C;2000;1240;0;4000;2440;2705
P202064605;P202064605_4;D;2000;0;0;4000;1200;2705
P202064605;P202064605_5;E;4000;0;0;6000;1200;2705
P202064605;P202064605_6;F;4000;1240;0;5900;2440;2865
P202064605;P202064605_7;G;5900;1240;0;7500;2440;2865
P202064605;P202064605_8;H;6000;0;0;8400;1200;2835
P202064605;P202064605_9;I;7500;1240;0;9500;2440;2710
P202064605;P202064605_10;J;8400;0;0;10400;1200;2255
P202064605;P202064605_11;K;9500;1240;0;11500;2440;1800
P202064605;P202064605_12;L;10400;0;0;12400;1200;1800
P202064605;P202064605_13;M;11500;1240;0;13400;2440;2865
P202064605;P202064605_14;N;12400;0;0;13400;1200;1455
P201064613;P201064613_1;A;0;0;0;1200;2400;2835
P201064613;P201064613_2;B;1200;1240;0;3200;2440;2705
P201064613;P201064613_3;C;1200;0;0;3100;1200;2865
P201064613;P201064613_4;D;3100;0;0;5000;1200;2865
P201064613;P201064613_5;E;3200;1240;0;4800;2440;2700
P201064613;P201064613_6;F;4800;1660;0;5370;2440;1771
P201064613;P201064613_7;G;5000;0;0;7000;1200;2705
P201064613;P201064613_8;H;5370;1240;0;7370;2440;2705
P201064613;P201064613_9;I;7000;0;0;9000;1200;2705
P201064613;P201064613_10;J;7370;1240;0;9370;2440;2705
P201064613;P201064613_11;K;9000;0;0;11000;1200;2705
P201064613;P201064613_12;L;9370;1240;0;11370;2440;2710
P201064613;P201064613_13;M;11000;0;0;13400;1200;2835
P201064613;P201064613_14;N;11370;1240;0;13370;2440;2750
P201064607;P201064607_1;A;0;1240;0;1800;2440;2910
P201064607;P201064607_2;B;0;0;0;2200;1200;2460
P201064607;P201064607_3;C;1800;1240;0;3800;2440;2855
P201064607;P201064607_4;D;2200;0;0;4200;1200;2855
P201064607;P201064607_5;E;3800;1240;0;6000;2440;2265
P201064607;P201064607_6;F;4200;0;0;6000;1200;2355
P201064607;P201064607_7;G;6000;0;0;7800;1200;2355
P201064607;P201064607_8;H;6000;1240;0;7800;2440;2355
P201064607;P201064607_9;I;7800;1240;0;9600;2440;2355
P201064607;P201064607_10;J;7800;0;0;9600;1200;2355
P201064607;P201064607_11;K;9600;0;0;11400;1200;2355
P201064607;P201064607_12;L;9600;1240;0;11400;2440;2355
P201064607;P201064607_13;M;11400;1240;0;13200;2440;2355
P201064607;P201064607_14;N;11400;0;0;13200;1200;2355
P201064605;P201064605_1;A;0;1240;0;1900;2440;2865
P201064605;P201064605_2;B;0;0;0;1600;1200;2865
P201064605;P201064605_3;C;1600;0;0;3200;1200;2700
P201064605;P201064605_4;D;1900;1240;0;3800;2440;2865
P201064605;P201064605_5;E;3200;0;0;4200;1200;2865
P201064605;P201064605_6;F;3800;1660;0;4370;2440;1771
P201064605;P201064605_7;G;4200;0;0;6200;1200;2705
P201064605;P201064605_8;H;4370;1240;0;6370;2440;2705
P201064605;P201064605_9;I;6200;0;0;8200;1200;2705
P201064605;P201064605_10;J;6370;1240;0;8370;2440;2710
P201064605;P201064605_11;K;8200;0;0;10600;1200;2835
P201064605;P201064605_12;L;8370;1240;0;9970;2440;2520
P201064605;P201064605_13;M;9970;1240;0;11870;2440;2865
P201064605;P201064605_14;N;10600;0;0;12500;1200;2865
P201064605;P201064605_15;O;11870;1240;0;13470;2440;2865
P201064605;P201064605_16;P;12500;0;0;13070;780;909
P201064601;P201064601_1;A;0;0;0;1800;1200;2355
P201064601;P201064601_2;B;0;1240;0;2200;2440;2875
P201064601;P201064601_3;C;1800;0;0;4000;1200;2875
P201064601;P201064601_4;D;2200;1240;0;4100;2440;2865
P201064601;P201064601_5;E;4000;0;0;5900;1200;2160
P201064601;P201064601_6;F;4100;1240;0;6500;2440;975
P201064601;P201064601_7;G;5900;0;0;7700;1200;2355
P201064601;P201064601_8;H;6500;1240;0;8300;2440;2355
P201064601;P201064601_9;I;7700;0;0;9500;1200;2355
P201064601;P201064601_10;J;8300;1240;0;10100;2440;2355
P201064601;P201064601_11;K;9500;0;0;11700;1200;2265
P201064601;P201064601_12;L;10100;1240;0;12100;2440;2855
P201064601;P201064601_13;M;11700;0;0;13500;1200;900
P200064613;P200064613_1;A;0;1240;0;2000;2440;2775
P200064613;P200064613_2;B;0;0;0;1900;1200;2865
P200064613;P200064613_3;C;1900;0;0;3800;1200;2865
P200064613;P200064613_4;D;2000;1240;0;4000;2440;2750
P200064613;P200064613_5;E;3800;0;0;5800;1200;2710
P200064613;P200064613_6;F;4000;1240;0;6000;2440;2705
P200064613;P200064613_7;G;5800;0;0;7800;1200;2705
P200064613;P200064613_8;H;6000;1240;0;8000;2440;2705
P200064613;P200064613_9;I;7800;0;0;10200;1200;2835
P200064613;P200064613_10;J;8000;1240;0;10000;2440;2760
P200064613;P200064613_11;K;10000;1240;0;11600;2440;2520
P200064613;P200064613_12;L;10200;0;0;12600;1200;2835
P200064613;P200064613_13;M;11600;1240;0;13500;2440;2865
P200064613;P200064613_14;N;12600;0;0;13170;780;909
P200064611;P200064611_1;A;0;1240;0;2000;2440;2705
P200064611;P200064611_2;B;0;0;0;2000;1200;2705
P200064611;P200064611_3;C;2000;0;0;4000;1200;2705
P200064611;P200064611_4;D;2000;1240;0;4000;2440;2705
P200064611;P200064611_5;E;4000;1240;0;6000;2440;2710
P200064611;P200064611_6;F;4000;0;0;6400;1200;2835
P200064611;P200064611_7;G;6000;1240;0;7600;2440;2700
P200064611;P200064611_8;H;6400;0;0;8000;1200;2865
P200064611;P200064611_9;I;7600;1240;0;9500;2440;2865
P200064611;P200064611_10;J;8000;0;0;9000;1200;2865
P200064611;P200064611_11;K;9000;0;0;11000;1200;2770
P200064611;P200064611_12;L;9500;1240;0;11500;2440;2745
P200064611;P200064611_13;M;11000;0;0;13000;1200;2705
P200064611;P200064611_14;N;11500;1240;0;13500;2440;2705
P200064609;P200064609_1;A;0;0;0;1800;1200;2355
P200064609;P200064609_2;B;0;1240;0;1800;2440;2355
P200064609;P200064609_3;C;1800;1240;0;3700;2440;2865
P200064609;P200064609_4;D;1800;0;0;3600;1200;2355
P200064609;P200064609_5;E;3600;0;0;5400;1200;2355
P200064609;P200064609_6;F;3700;1240;0;5500;2440;2355
P200064609;P200064609_7;G;5400;0;0;7200;1200;1200
P200064609;P200064609_8;H;5500;1240;0;7700;2440;2875
P200064609;P200064609_9;I;7200;0;0;9400;1200;2265
P200064609;P200064609_10;J;7700;1240;0;9700;2440;2855
P200064609;P200064609_11;K;9400;0;0;11600;1200;2265
P200064609;P200064609_12;L;9700;1240;0;11700;2440;1450
P200064609;P200064609_13;M;11700;0;0;12900;2400;1905
P200064605;P200064605_1;A;0;0;0;1900;1200;2865
P200064605;P200064605_2;B;0;1240;0;1900;2440;2865
P200064605;P200064605_3;C;1900;1240;0;3900;2440;2710
P200064605;P200064605_4;D;1900;0;0;3900;1200;2705
P200064605;P200064605_5;E;3900;0;0;5100;2400;2835
P200064605;P200064605_6;F;5100;1240;0;7100;2440;2710
P200064605;P200064605_7;G;5100;0;0;5670;780;1771
P200064605;P200064605_8;H;5670;0;0;7270;1200;2520
P200064605;P200064605_9;I;7100;1240;0;9100;2440;2705
P200064605;P200064605_10;J;7270;0;0;9270;1200;2705
P200064605;P200064605_11;K;9100;1240;0;11100;2440;2705
P200064605;P200064605_12;L;9270;0;0;11270;1200;2705
P200064605;P200064605_13;M;11100;1240;0;13500;2440;2835
P200064605;P200064605_14;N;11270;0;0;12870;1200;2865
P200064605;P200064605_15;O;12870;0;0;13440;780;478
P200064603;P200064603_1;A;0;0;0;1600;1200;2700
P200064603;P200064603_2;B;0;1240;0;1600;2440;2700
P200064603;P200064603_3;C;1600;1240;0;3200;2440;2700
P200064603;P200064603_4;D;1600;0;0;3200;1200;2700
P200064603;P200064603_5;E;3200;0;0;4800;1200;2700
P200064603;P200064603_6;F;3200;1240;0;4800;2440;2700
P200064603;P200064603_7;G;4800;1240;0;6400;2440;2700
P200064603;P200064603_8;H;4800;0;0;6400;1200;2700
P200064603;P200064603_9;I;6400;0;0;8000;1200;1815
P200064603;P200064603_10;J;6400;1240;0;8200;2440;2355
P200064603;P200064603_11;K;8000;0;0;9800;1200;2355
P200064603;P200064603_12;L;8200;1240;0;10400;2440;1460
P200064603;P200064603_13;M;9800;0;0;11800;1200;1450
P200064603;P200064603_14;N;10400;1240;0;12300;2440;750
P200064603;P200064603_15;O;12300;0;0;13500;1800;900
P199064613;P199064613_1;A;0;1240;0;2000;2440;2705
P199064613;P199064613_2;B;0;0;0;1900;1200;2865
P199064613;P199064613_3;C;1900;0;0;3800;1200;2865
P199064613;P199064613_4;D;2000;1240;0;3600;2440;2700
P199064613;P199064613_5;E;3600;1240;0;4600;2440;1455
P199064613;P199064613_6;F;3800;0;0;5800;1200;2745
P199064613;P199064613_7;G;4600;1240;0;6600;2440;2705
P199064613;P199064613_8;H;5800;0;0;7800;1200;2705
P199064613;P199064613_9;I;6600;1240;0;8600;2440;2705
P199064613;P199064613_10;J;7800;0;0;9800;1200;2710
P199064613;P199064613_11;K;8600;1240;0;10600;2440;2255
P199064613;P199064613_12;L;9800;0;0;11400;1200;2520
P199064613;P199064613_13;M;10600;1240;0;13000;2440;2835
P199064613;P199064613_14;N;11400;0;0;13300;1200;2865
P199064611;P199064611_1;A;0;1240;0;1900;2440;2865
P199064611;P199064611_2;B;0;0;0;1600;1200;2865
P199064611;P199064611_3;C;1600;0;0;4000;1200;2835
P199064611;P199064611_4;D;1900;1240;0;3800;2440;2865
P199064611;P199064611_5;E;3800;1660;0;4370;2440;1771
P199064611;P199064611_6;F;4000;0;0;6000;1200;2705
P199064611;P199064611_7;G;4370;1240;0;5970;2440;2700
P199064611;P199064611_8;H;5970;1240;0;7870;2440;2865
P199064611;P199064611_9;I;6000;0;0;7000;1200;1455
P199064611;P199064611_10;J;7000;0;0;9400;1200;975
P199064611;P199064611_11;K;7870;1240;0;9870;2440;2710
P199064611;P199064611_12;L;9400;0;0;11400;1200;2705
P199064611;P199064611_13;M;9870;1240;0;11870;2440;2705
P199064611;P199064611_14;N;11400;0;0;13400;1200;2705
P199064611;P199064611_15;O;11870;1240;0;13470;2440;750
P199064607;P199064607_1;A;0;0;0;2000;1200;2855
P199064607;P199064607_2;B;0;1240;0;2200;2440;1655
P199064607;P199064607_3;C;2000;0;0;4200;1200;2875
P199064607;P199064607_4;D;2200;1240;0;4400;2440;2875
P199064607;P199064607_5;E;4200;0;0;6000;1200;2055
P199064607;P199064607_6;F;4400;1240;0;6200;2440;2355
P199064607;P199064607_7;G;6000;0;0;7800;1200;2355
P199064607;P199064607_8;H;6200;1240;0;8000;2440;2355
P199064607;P199064607_9;I;7800;0;0;9600;1200;2355
P199064607;P199064607_10;J;8000;1240;0;9800;2440;2355
P199064607;P199064607_11;K;9600;0;0;11400;1200;2355
P199064607;P199064607_12;L;9800;1240;0;11600;2440;2355
P199064607;P199064607_13;M;11400;0;0;13200;1200;2355
P199064607;P199064607_14;N;11600;1240;0;13500;2440;2865
P199064605;P199064605_1;A;0;0;0;570;780;1771
P199064605;P199064605_2;B;0;1240;0;2000;2440;2705
P199064605;P199064605_3;C;570;0;0;2570;1200;2710
P199064605;P199064605_4;D;2000;1240;0;4000;2440;2255
P199064605;P199064605_5;E;2570;0;0;4570;1200;2705
P199064605;P199064605_6;F;4000;1240;0;6400;2440;2835
P199064605;P199064605_7;G;4570;0;0;6970;1200;1905
P199064605;P199064605_8;H;6400;1240;0;8400;2440;2745
P199064605;P199064605_9;I;6970;0;0;8570;1200;2865
P199064605;P199064605_10;J;8400;1240;0;9400;2440;1455
P199064605;P199064605_11;K;8570;0;0;10570;1200;2760
P199064605;P199064605_12;L;9400;1240;0;11000;2440;1815
P199064605;P199064605_13;M;10570;0;0;12470;1200;2865
P199064605;P199064605_14;N;11000;1240;0;12900;2440;2865
P198064613;P198064613_1;A;0;0;0;1900;1200;2865
P198064613;P198064613_2;B;0;1240;0;2000;2440;2705
P198064613;P198064613_3;C;1900;0;0;3900;1200;2705
P198064613;P198064613_4;D;2000;1240;0;4000;2440;2705
P198064613;P198064613_5;E;3900;0;0;5900;1200;2705
P198064613;P198064613_6;F;4000;1240;0;6000;2440;2705
P198064613;P198064613_7;G;5900;0;0;7900;1200;2710
P198064613;P198064613_8;H;6000;1240;0;8400;2440;2835
P198064613;P198064613_9;I;7900;0;0;10300;1200;975
P198064613;P198064613_10;J;8400;1240;0;10000;2440;2700
P198064613;P198064613_11;K;10000;1240;0;11600;2440;2865
P198064613;P198064613_12;L;10300;0;0;12200;1200;2865
P198064613;P198064613_13;M;11600;1240;0;13500;2440;2160
P198064613;P198064613_14;N;12200;0;0;13200;1200;1455
P198064611;P198064611_1;A;0;0;0;2000;1200;2710
P198064611;P198064611_2;B;0;1660;0;570;2440;1771
P198064611;P198064611_3;C;570;1240;0;2570;2440;2705
P198064611;P198064611_4;D;2000;0;0;4000;1200;2705
P198064611;P198064611_5;E;2570;1240;0;4570;2440;2705
P198064611;P198064611_6;F;4000;0;0;6000;1200;2705
P198064611;P198064611_7;G;4570;1240;0;6570;2440;2745
P198064611;P198064611_8;H;6000;0;0;8400;1200;2835
P198064611;P198064611_9;I;6570;1240;0;8970;2440;975
P198064611;P198064611_10;J;8400;0;0;10000;1200;2700
P198064611;P198064611_11;K;8970;1240;0;10570;2440;2340
P198064611;P198064611_12;L;10000;0;0;11900;1200;2865
P198064611;P198064611_13;M;10570;1240;0;12470;2440;2865
P198064611;P198064611_14;N;11900;0;0;13500;1200;750
P198064611;P198064611_15;O;12470;1240;0;13470;2440;750
P198064607;P198064607_1;A;0;0;0;1900;1200;2865
P198064607;P198064607_2;B;0;1240;0;2000;2440;2855
P198064607;P198064607_3;C;1900;0;0;4300;1200;1905
P198064607;P198064607_4;D;2000;1240;0;4200;2440;2875
P198064607;P198064607_5;E;4200;1240;0;6000;2440;2355
P198064607;P198064607_6;F;4300;0;0;6100;1200;2355
P198064607;P198064607_7;G;6000;1240;0;7800;2440;2355
P198064607;P198064607_8;H;6100;0;0;8100;1200;2855
P198064607;P198064607_9;I;7800;1240;0;9800;2440;2855
P198064607;P198064607_10;J;8100;0;0;10100;1200;2855
P198064607;P198064607_11;K;9800;1240;0;12000;2440;2875
P198064607;P198064607_12;L;10100;0;0;12300;1200;2875
P198064607;P198064607_13;M;12300;240;0;13500;2440;2875
Q198064607_1;Q198064607_1_1;A;0;0;0;1900;1200;2865
Q198064607_1;Q198064607_1_2;B;0;1240;0;1800;2440;2355
Q198064607_1;Q198064607_1_3;C;1800;1240;0;3600;2440;2355
Q198064607_1;Q198064607_1_4;D;1900;0;0;3700;1200;2355
Q198064607_1;Q198064607_1_5;E;3600;1240;0;5400;2440;2355
Q198064607_1;Q198064607_1_6;F;3700;0;0;5500;1200;2355
Q198064607_1;Q198064607_1_7;G;5400;1240;0;7200;2440;2355
Q198064607_1;Q198064607_1_8;H;5500;0;0;7300;1200;2355
Q198064607_1;Q198064607_1_9;I;7200;1240;0;9000;2440;2355
Q198064607_1;Q198064607_1_10;J;7300;0;0;9100;1200;1200
Q198064607_1;Q198064607_1_11;K;9000;1240;0;11200;2440;2265
Q198064607_1;Q198064607_1_12;L;9100;0;0;11300;1200;1655
Q198064607_1;Q198064607_1_13;M;11300;40;0;12500;2440;975
P198064605;P198064605_1;A;0;0;0;1900;1200;2865
P198064605;P198064605_2;B;0;1660;0;570;2440;1771
P198064605;P198064605_3;C;570;1240;0;2570;2440;2255
P198064605;P198064605_4;D;1900;0;0;3900;1200;2705
P198064605;P198064605_5;E;2570;1240;0;4570;2440;2705
P198064605;P198064605_6;F;3900;0;0;5900;1200;2705
P198064605;P198064605_7;G;4570;1240;0;6570;2440;2705
P198064605;P198064605_8;H;5900;0;0;7900;1200;2745
P198064605;P198064605_9;I;6570;1240;0;8970;2440;2835
P198064605;P198064605_10;J;7900;0;0;9500;1200;2700
P198064605;P198064605_11;K;8970;1240;0;10870;2440;2865
P198064605;P198064605_12;L;9500;0;0;11400;1200;2865
P198064605;P198064605_13;M;10870;1240;0;12470;2440;2160
P198064605;P198064605_14;N;11400;0;0;13400;1200;2770
P198064605;P198064605_15;O;12470;1240;0;13470;2440;1455
Q198064605_1;Q198064605_1_1;A;0;0;0;570;780;478
Q198064605_1;Q198064605_1_2;B;0;840;0;1200;2440;750
Q198064605_1;Q198064605_1_3;C;1200;0;0;2400;2400;1905
P180060909;P180060909_1;A;0;0;0;2200;2400;2655
P180060909;P180060909_2;B;2200;0;0;2800;800;2632
P180060909;P180060909_3;C;2200;1240;0;4200;2440;2395
P180060909;P180060909_4;D;2800;0;0;4800;1200;2395
P180060909;P180060909_5;E;4200;1240;0;6200;2440;2395
P180060909;P180060909_6;F;4800;0;0;7000;1200;2655
P180060909;P180060909_7;G;6200;1240;0;8200;2440;2395
P180060909;P180060909_8;H;7000;0;0;9000;1200;2395
P180060909;P180060909_9;I;8200;1200;0;9000;1800;2632
P180060909;P180060909_10;J;9000;0;0;11200;2400;2655
P180060909;P180060909_11;K;11200;0;0;13400;2400;2655
P179060907;P179060907_1;A;0;0;0;2200;2400;2655
P179060907;P179060907_2;B;2200;0;0;4200;1200;2395
P179060907;P179060907_3;C;2200;1240;0;4200;2440;2395
P179060907;P179060907_4;D;4200;1240;0;6400;2440;2655
P179060907;P179060907_5;E;4200;0;0;6400;1200;2655
P179060907;P179060907_6;F;6400;0;0;8600;2400;2655
P179060907;P179060907_7;G;8600;0;0;10800;2400;2655
P179060907;P179060907_8;H;10800;0;0;13000;2400;2655
P179060903;P179060903_1;A;0;0;0;2000;1200;2395
P179060903;P179060903_2;B;0;1200;0;2000;2400;2395
P179060903;P179060903_3;C;2000;40;0;4200;2440;2655
P179060903;P179060903_4;D;4200;0;0;6200;1200;2395
P179060903;P179060903_5;E;4200;1200;0;6200;2400;2395
P179060903;P179060903_6;F;6200;1240;0;8200;2440;2395
P179060903;P179060903_7;G;6200;0;0;7000;600;2114
P179060903;P179060903_8;H;7000;40;0;8600;1240;2865
P179060903;P179060903_9;I;8200;1240;0;9800;2440;2865
P179060903;P179060903_10;J;8600;0;0;10200;1200;2865
P179060903;P179060903_11;K;9800;1200;0;11400;2400;2865
P179060903;P179060903_12;L;10200;0;0;11800;1200;2865
P179060903;P179060903_13;M;11400;1240;0;13000;2440;2865
P179060903;P179060903_14;N;11800;40;0;13400;1240;750
P179060901;P179060901_1;A;0;0;0;2200;2400;2655
P179060901;P179060901_2;B;2200;0;0;4200;1200;2395
P179060901;P179060901_3;C;2200;1240;0;4200;2440;2395
P179060901;P179060901_4;D;4200;1240;0;6200;2440;2395
P179060901;P179060901_5;E;4200;0;0;6200;1200;2395
P179060901;P179060901_6;F;6200;0;0;8200;1200;2395
P179060901;P179060901_7;G;6200;1240;0;8400;2440;2655
P179060901;P179060901_8;H;8200;0;0;9000;600;1596
P179060901;P179060901_9;I;8400;1240;0;10400;2440;2395
P179060901;P179060901_10;J;9000;0;0;11000;1200;2395
P179060901;P179060901_11;K;10400;1240;0;12400;2440;2395
P179060901;P179060901_12;L;11000;0;0;13000;1200;2395
P179060909;P179060909_1;A;0;0;0;2000;1200;2395
P179060909;P179060909_2;B;0;1240;0;2000;2440;2395
P179060909;P179060909_3;C;2000;1240;0;4000;2440;2395
P179060909;P179060909_4;D;2000;0;0;4000;1200;2395
P179060909;P179060909_5;E;4000;0;0;6000;1200;2395
P179060909;P179060909_6;F;4000;1240;0;6000;2440;2395
P179060909;P179060909_7;G;6000;1240;0;8000;2440;2395
P179060909;P179060909_8;H;6000;0;0;8000;1200;2395
P179060909;P179060909_9;I;8000;0;0;10000;1200;2395
P179060909;P179060909_10;J;8000;1240;0;10000;2440;2395
P179060909;P179060909_11;K;10000;0;0;12200;2400;2655
P179060909;P179060909_12;L;12200;0;0;13400;2000;2395
P178060907;P178060907_1;A;0;0;0;2000;1200;2395
P178060907;P178060907_2;B;0;1240;0;2000;2440;2395
P178060907;P178060907_3;C;2000;1240;0;4000;2440;2395
P178060907;P178060907_4;D;2000;0;0;4000;1200;2395
P178060907;P178060907_5;E;4000;0;0;6000;1200;2395
P178060907;P178060907_6;F;4000;1240;0;6000;2440;2395
P178060907;P178060907_7;G;6000;1240;0;8000;2440;2395
P178060907;P178060907_8;H;6000;0;0;8000;1200;2395
P178060907;P178060907_9;I;8000;0;0;10000;1200;2395
P178060907;P178060907_10;J;8000;1240;0;10000;2440;2395
P178060907;P178060907_11;K;10000;0;0;12200;2400;2655
P178060907;P178060907_12;L;12200;0;0;13400;2000;2395
P178060903;P178060903_1;A;0;0;0;2000;1200;2395
P178060903;P178060903_2;B;0;1200;0;2000;2400;2395
P178060903;P178060903_3;C;2000;1240;0;4000;2440;2395
P178060903;P178060903_4;D;2000;0;0;4000;1200;2395
P178060903;P178060903_5;E;4000;0;0;6200;2400;2655
P178060903;P178060903_6;F;6200;0;0;8400;2400;2655
P178060903;P178060903_7;G;8400;1240;0;10400;2440;2395
P178060903;P178060903_8;H;8400;0;0;10400;1200;2395
P178060903;P178060903_9;I;10400;0;0;12400;1200;2395
P178060903;P178060903_10;J;10400;1200;0;11200;1800;2632
P178060903;P178060903_11;K;10400;1840;0;11200;2440;1078
P178060903;P178060903_12;L;11200;1240;0;13400;2440;2655
P178060911;P178060911_1;A;0;0;0;2000;1200;2395
P178060911;P178060911_2;B;0;1240;0;2000;2440;2395
P178060911;P178060911_3;C;2000;1240;0;4000;2440;2395
P178060911;P178060911_4;D;2000;0;0;4000;1200;2395
P178060911;P178060911_5;E;4000;0;0;6000;1200;2395
P178060911;P178060911_6;F;4000;1240;0;6000;2440;2395
P178060911;P178060911_7;G;6000;1240;0;8000;2440;2395
P178060911;P178060911_8;H;6000;0;0;8000;1200;2395
P178060911;P178060911_9;I;8000;0;0;10200;2400;2655
P178060911;P178060911_10;J;10200;1240;0;12200;2440;2395
P178060911;P178060911_11;K;10200;0;0;12200;1200;2395
P178060911;P178060911_12;L;12200;0;0;13400;2000;2395
P178060901;P178060901_1;A;0;0;0;2000;1200;2395
P178060901;P178060901_2;B;0;1240;0;2000;2440;2395
P178060901;P178060901_3;C;2000;1240;0;4000;2440;2395
P178060901;P178060901_4;D;2000;0;0;4000;1200;2395
P178060901;P178060901_5;E;4000;0;0;6200;2400;2655
P178060901;P178060901_6;F;6200;0;0;8400;2400;2655
P178060901;P178060901_7;G;8400;0;0;10600;1200;2655
P178060901;P178060901_8;H;8400;1240;0;10400;2440;2395
P178060901;P178060901_9;I;10400;1240;0;12400;2440;2395
P178060901;P178060901_10;J;10600;0;0;11400;600;560
P178060901;P178060901_11;K;11400;0;0;13400;1200;2395
P178060909;P178060909_1;A;0;0;0;2200;2400;2655
P178060909;P178060909_2;B;2200;1640;0;2800;2440;1596
P178060909;P178060909_3;C;2200;0;0;4200;1200;2395
P178060909;P178060909_4;D;2800;1240;0;4800;2440;2395
P178060909;P178060909_5;E;4200;0;0;6200;1200;2395
P178060909;P178060909_6;F;4800;1240;0;6800;2440;2395
P178060909;P178060909_7;G;6200;0;0;8200;1200;2395
P178060909;P178060909_8;H;6800;1240;0;8800;2440;2395
P178060909;P178060909_9;I;8200;0;0;10200;1200;2395
P178060909;P178060909_10;J;8800;1240;0;11000;2440;1350
P178060909;P178060909_11;K;11000;0;0;13200;2400;2655
P177060907;P177060907_1;A;0;0;0;2200;2400;2655
P177060907;P177060907_2;B;2200;1640;0;2800;2440;1078
P177060907;P177060907_3;C;2200;0;0;4400;1200;2655
P177060907;P177060907_4;D;2800;1240;0;4800;2440;2395
P177060907;P177060907_5;E;4400;0;0;6400;1200;2395
P177060907;P177060907_6;F;4800;1240;0;6800;2440;2395
P177060907;P177060907_7;G;6400;0;0;8400;1200;2395
P177060907;P177060907_8;H;6800;1240;0;8800;2440;2395
P177060907;P177060907_9;I;8400;0;0;10400;1200;2395
P177060907;P177060907_10;J;8800;1240;0;10800;2440;2395
P177060907;P177060907_11;K;10400;0;0;12400;1200;2395
P177060907;P177060907_12;L;10800;1240;0;12800;2440;2395
P177060903;P177060903_1;A;0;0;0;2000;1200;2395
P177060903;P177060903_2;B;0;1200;0;2000;2400;2395
P177060903;P177060903_3;C;2000;1240;0;4000;2440;2395
P177060903;P177060903_4;D;2000;0;0;4000;1200;2395
P177060903;P177060903_5;E;4000;0;0;6000;1200;2395
P177060903;P177060903_6;F;4000;1200;0;4800;1800;2114
P177060903;P177060903_7;G;4800;1240;0;6800;2440;2395
P177060903;P177060903_8;H;6000;0;0;8200;1200;1350
P177060903;P177060903_9;I;6800;1240;0;8400;2440;2865
P177060903;P177060903_10;J;8200;0;0;9800;1200;2865
P177060903;P177060903_11;K;8400;1240;0;10000;2440;2865
P177060903;P177060903_12;L;9800;0;0;11400;1200;2865
P177060903;P177060903_13;M;10000;1240;0;11600;2440;2865
P177060903;P177060903_14;N;11400;0;0;13000;1200;2865
P177060903;P177060903_15;O;11600;1240;0;13200;2440;2160
P177060901;P177060901_1;A;0;0;0;2200;2400;2655
P177060901;P177060901_2;B;2200;0;0;4400;2400;2655
P177060901;P177060901_3;C;4400;0;0;6600;2400;2655
P177060901;P177060901_4;D;6600;1240;0;8600;2440;2395
P177060901;P177060901_5;E;6600;0;0;8600;1200;2395
P177060901;P177060901_6;F;8600;0;0;10600;1200;2395
P177060901;P177060901_7;G;8600;1240;0;10600;2440;2395
P177060901;P177060901_8;H;10600;1240;0;12600;2440;2395
P177060901;P177060901_9;I;10600;0;0;12600;1200;2395
P177060901;P177060901_10;J;12600;0;0;13400;600;1078
P175060951;P175060951_1;A;0;0;0;2000;1200;2395
P175060951;P175060951_2;B;0;1240;0;2000;2440;2395
P175060951;P175060951_3;C;2000;0;0;4200;2400;2655
P175060951;P175060951_4;D;4200;0;0;6400;2400;2655
P175060951;P175060951_5;E;6400;1240;0;8600;2440;2655
P175060951;P175060951_6;F;6400;0;0;8400;1200;2395
P175060951;P175060951_7;G;8400;0;0;10400;1200;2395
P175060951;P175060951_8;H;8600;1240;0;10600;2440;2395
P175060951;P175060951_9;I;10400;0;0;12400;1200;2395
P175060951;P175060951_10;J;10600;1240;0;12600;2440;2395
P175060951;P175060951_11;K;12400;0;0;13200;600;1078
P175060909;P175060909_1;A;0;0;0;2000;1200;2395
P175060909;P175060909_2;B;0;1200;0;2000;2400;2395
P175060909;P175060909_3;C;2000;1240;0;4000;2440;2395
P175060909;P175060909_4;D;2000;0;0;4000;1200;2395
P175060909;P175060909_5;E;4000;0;0;6200;2400;2655
P175060909;P175060909_6;F;6200;0;0;8400;2400;2655
P175060909;P175060909_7;G;8400;0;0;10600;1200;2655
P175060909;P175060909_8;H;8400;1240;0;10400;2440;2395
P175060909;P175060909_9;I;10400;1240;0;12400;2440;2395
P175060909;P175060909_10;J;10600;0;0;12600;1200;2395
P175060909;P175060909_11;K;12400;1200;0;13200;1800;2114
P174060907;P174060907_1;A;0;0;0;2000;1200;2395
P174060907;P174060907_2;B;0;1200;0;2000;2400;2395
P174060907;P174060907_3;C;2000;1240;0;4000;2440;2395
P174060907;P174060907_4;D;2000;0;0;4000;1200;2395
P174060907;P174060907_5;E;4000;1240;0;6000;2440;2395
P174060907;P174060907_6;F;4000;0;0;6000;1200;2395
P174060907;P174060907_7;G;6000;0;0;8000;1200;2395
P174060907;P174060907_8;H;6000;1240;0;8000;2440;2395
P174060907;P174060907_9;I;8000;1240;0;10000;2440;2395
P174060907;P174060907_10;J;8000;0;0;10000;1200;2395
P174060907;P174060907_11;K;10000;0;0;12000;1200;2395
P174060907;P174060907_12;L;10000;1240;0;12000;2440;2395
P174060907;P174060907_13;M;12000;0;0;13200;2000;1220
P174060903;P174060903_1;A;0;0;0;2000;1200;2395
P174060903;P174060903_2;B;0;1240;0;2000;2440;2395
P174060903;P174060903_3;C;2000;0;0;4200;2400;2655
P174060903;P174060903_4;D;4200;0;0;6400;2400;2655
P174060903;P174060903_5;E;6400;0;0;8600;2400;2655
P174060903;P174060903_6;F;8600;0;0;10600;1200;2395
P174060903;P174060903_7;G;8600;1240;0;10600;2440;2395
P174060903;P174060903_8;H;10600;1240;0;12600;2440;2395
P174060903;P174060903_9;I;10600;0;0;12800;1200;2655
P174060903;P174060903_10;J;12600;1200;0;13400;1800;2114
P174060901;P174060901_1;A;0;1240;0;2000;2440;2395
P174060901;P174060901_2;B;0;0;0;2000;1200;2395
P174060901;P174060901_3;C;2000;0;0;4000;1200;2395
P174060901;P174060901_4;D;2000;1240;0;4000;2440;2395
P174060901;P174060901_5;E;4000;1240;0;6000;2440;2395
P174060901;P174060901_6;F;4000;0;0;6000;1200;2395
P174060901;P174060901_7;G;6000;0;0;8200;2400;2655
P174060901;P174060901_8;H;8200;1240;0;10200;2440;2395
P174060901;P174060901_9;I;8200;0;0;10200;1200;2395
P174060901;P174060901_10;J;10200;0;0;12200;1200;2395
P174060901;P174060901_11;K;10200;1240;0;12200;2440;2395
P174060901;P174060901_12;L;12200;0;0;13400;2000;2395
P174060909;P174060909_1;A;0;0;0;2000;1200;2395
P174060909;P174060909_2;B;0;1240;0;2000;2440;2395
P174060909;P174060909_3;C;2000;1640;0;2600;2440;1078
P174060909;P174060909_4;D;2000;0;0;4200;1200;2655
P174060909;P174060909_5;E;2600;1240;0;4600;2440;2395
P174060909;P174060909_6;F;4200;0;0;6200;1200;2395
P174060909;P174060909_7;G;4600;1240;0;6600;2440;2395
P174060909;P174060909_8;H;6200;0;0;8200;1200;2395
P174060909;P174060909_9;I;6600;1240;0;8600;2440;2395
P174060909;P174060909_10;J;8200;0;0;10200;1200;2395
P174060909;P174060909_11;K;10200;0;0;12400;2400;2655
P173060907;P173060907_1;A;0;0;0;2200;2400;2655
P173060907;P173060907_2;B;2200;0;0;4400;2400;2655
P173060907;P173060907_3;C;4400;0;0;6400;1200;2395
P173060907;P173060907_4;D;4400;1240;0;6400;2440;2395
P173060907;P173060907_5;E;6400;1240;0;8400;2440;2395
P173060907;P173060907_6;F;6400;0;0;8400;1200;2395
P173060907;P173060907_7;G;8400;0;0;10400;1200;2395
P173060907;P173060907_8;H;8400;1240;0;10400;2440;2395
P173060907;P173060907_9;I;10400;1240;0;12400;2440;2395
P173060907;P173060907_10;J;10400;0;0;12400;1200;2395
P173060907;P173060907_11;K;12400;0;0;13200;600;2114
P173060901;P173060901_1;A;0;0;0;2200;1200;2655
P173060901;P173060901_2;B;0;1200;0;800;1800;1596
P173060901;P173060901_3;C;800;1240;0;2800;2440;2395
P173060901;P173060901_4;D;2200;0;0;4200;1200;2395
P173060901;P173060901_5;E;2800;1240;0;4800;2440;2395
P173060901;P173060901_6;F;4200;0;0;6200;1200;2395
P173060901;P173060901_7;G;4800;1240;0;6800;2440;2395
P173060901;P173060901_8;H;6200;0;0;8200;1200;2395
P173060901;P173060901_9;I;6800;1240;0;8800;2440;2395
P173060901;P173060901_10;J;8200;0;0;10200;1200;2395
P173060901;P173060901_11;K;8800;1240;0;10800;2440;2395
P173060901;P173060901_12;L;10200;0;0;12200;1200;2395
P173060901;P173060901_13;M;10800;1240;0;12800;2440;2395
P173060909;P173060909_1;A;0;40;0;2200;2440;2655
P173060909;P173060909_2;B;2200;0;0;4400;2400;2655
P173060909;P173060909_3;C;4400;0;0;6600;2400;2655
P173060909;P173060909_4;D;6600;0;0;8800;2400;2655
P173060909;P173060909_5;E;8800;0;0;11000;1200;2655
P173060909;P173060909_6;F;8800;1240;0;10800;2440;2395
P173060909;P173060909_7;G;10800;1240;0;12800;2440;2395
P173060909;P173060909_8;H;11000;0;0;13000;1200;2395
P173060909;P173060909_9;I;12800;1640;0;13400;2440;1596
P172060903;P172060903_1;A;0;0;0;2200;2400;2655
P172060903;P172060903_2;B;2200;0;0;4400;2400;2655
P172060903;P172060903_3;C;4400;0;0;5000;800;2114
P172060903;P172060903_4;D;4400;1240;0;6400;2440;2395
P172060903;P172060903_5;E;5000;0;0;6600;1200;2865
P172060903;P172060903_6;F;6400;1240;0;8000;2440;2865
P172060903;P172060903_7;G;6600;0;0;8200;1200;2865
P172060903;P172060903_8;H;8000;1240;0;9600;2440;2865
P172060903;P172060903_9;I;8200;0;0;9800;1200;2865
P172060903;P172060903_10;J;9600;1240;0;11200;2440;2865
P172060903;P172060903_11;K;9800;0;0;11400;1200;2865
P172060903;P172060903_12;L;11200;1240;0;12800;2440;2865
P172060903;P172060903_13;M;11400;0;0;13000;1200;2865
P172060901;P172060901_1;A;0;0;0;2200;2400;2655
P172060901;P172060901_2;B;2200;1240;0;4200;2440;2395
P172060901;P172060901_3;C;2200;0;0;4200;1200;2395
P172060901;P172060901_4;D;4200;0;0;6200;1200;2395
P172060901;P172060901_5;E;4200;1240;0;6200;2440;2395
P172060901;P172060901_6;F;6200;1240;0;8200;2440;2395
P172060901;P172060901_7;G;6200;0;0;8200;1200;2395
P172060901;P172060901_8;H;8200;0;0;10200;1200;2395
P172060901;P172060901_9;I;8200;1240;0;10200;2440;2395
P172060901;P172060901_10;J;10200;1240;0;12200;2440;2395
P172060901;P172060901_11;K;10200;0;0;12400;1200;2655
P172060901;P172060901_12;L;12200;1200;0;13000;1800;1078
P172060909;P172060909_1;A;0;0;0;2200;2400;2655
P172060909;P172060909_2;B;2200;1240;0;4200;2440;2395
P172060909;P172060909_3;C;2200;0;0;4200;1200;2395
P172060909;P172060909_4;D;4200;0;0;6200;1200;2395
P172060909;P172060909_5;E;4200;1240;0;6200;2440;2395
P172060909;P172060909_6;F;6200;0;0;8400;2400;2655
P172060909;P172060909_7;G;8400;0;0;10400;1200;2395
P172060909;P172060909_8;H;8400;1240;0;10400;2440;2395
P172060909;P172060909_9;I;10400;1240;0;12600;2440;2655
P172060909;P172060909_10;J;10400;0;0;12400;1200;2395
P172060909;P172060909_11;K;12400;0;0;13200;600;1078
P171060903;P171060903_1;A;0;40;0;2200;2440;2655
P171060903;P171060903_2;B;2200;0;0;4200;1200;2395
P171060903;P171060903_3;C;2200;1240;0;4200;2440;2395
P171060903;P171060903_4;D;4200;1240;0;6200;2440;2395
P171060903;P171060903_5;E;4200;0;0;6200;1200;2395
P171060903;P171060903_6;F;6200;0;0;8400;2400;2655
P171060903;P171060903_7;G;8400;1640;0;9000;2440;2632
P171060903;P171060903_8;H;8400;0;0;9600;1600;2865
P171060903;P171060903_9;I;9600;0;0;11200;1200;2865
P171060903;P171060903_10;J;9600;1240;0;11200;2440;2865
P171060903;P171060903_11;K;11200;1240;0;12800;2440;2865
P171060903;P171060903_12;L;11200;0;0;12800;1200;2865
P171060911;P171060911_1;A;0;0;0;2000;1200;2395
P171060911;P171060911_2;B;0;1240;0;2000;2440;2395
P171060911;P171060911_3;C;2000;1240;0;4000;2440;2395
P171060911;P171060911_4;D;2000;0;0;4000;1200;2395
P171060911;P171060911_5;E;4000;0;0;6200;2400;2655
P171060911;P171060911_6;F;6200;0;0;8400;2400;2655
P171060911;P171060911_7;G;8400;0;0;10600;1200;2655
P171060911;P171060911_8;H;8400;1240;0;10600;2440;1350
P171060911;P171060911_9;I;10600;0;0;12800;2400;2655
P171060911;P171060911_10;J;12800;0;0;13400;800;560
P171060901;P171060901_1;A;0;0;0;2000;1200;2395
P171060901;P171060901_2;B;0;1240;0;2000;2440;2395
P171060901;P171060901_3;C;2000;1240;0;4000;2440;2395
P171060901;P171060901_4;D;2000;0;0;4000;1200;2395
P171060901;P171060901_5;E;4000;0;0;6000;1200;2395
P171060901;P171060901_6;F;4000;1240;0;6000;2440;2395
P171060901;P171060901_7;G;6000;0;0;8200;2400;2655
P171060901;P171060901_8;H;8200;0;0;10200;1200;2395
P171060901;P171060901_9;I;8200;1240;0;10200;2440;2395
P171060901;P171060901_10;J;10200;1240;0;12200;2440;2395
P171060901;P171060901_11;K;10200;0;0;12200;1200;2395
P171060901;P171060901_12;L;12200;0;0;13400;2000;2395
P171060909;P171060909_1;A;0;0;0;2000;1200;2395
P171060909;P171060909_2;B;0;1240;0;2200;2440;2655
P171060909;P171060909_3;C;2000;0;0;2800;600;1078
P171060909;P171060909_4;D;2200;1240;0;4200;2440;2395
P171060909;P171060909_5;E;2800;0;0;4800;1200;2395
P171060909;P171060909_6;F;4200;1240;0;6200;2440;2395
P171060909;P171060909_7;G;4800;0;0;6800;1200;2395
P171060909;P171060909_8;H;6200;1240;0;8200;2440;2395
P171060909;P171060909_9;I;6800;0;0;8800;1200;2395
P171060909;P171060909_10;J;8200;1240;0;10200;2440;1220
P171060909;P171060909_11;K;10200;0;0;12400;2400;2655
P170060907;P170060907_1;A;0;0;0;2000;1200;2395
P170060907;P170060907_2;B;0;1200;0;2000;2400;2395
P170060907;P170060907_3;C;2000;1240;0;4000;2440;2395
P170060907;P170060907_4;D;2000;0;0;4000;1200;2395
P170060907;P170060907_5;E;4000;1240;0;6000;2440;2395
P170060907;P170060907_6;F;4000;0;0;6000;1200;2395
P170060907;P170060907_7;G;6000;0;0;8000;1200;2395
P170060907;P170060907_8;H;6000;1240;0;8000;2440;2395
P170060907;P170060907_9;I;8000;1240;0;10000;2440;2395
P170060907;P170060907_10;J;8000;0;0;10000;1200;2395
P170060907;P170060907_11;K;10000;0;0;12200;2400;2655
P170060907;P170060907_12;L;12200;0;0;13400;2000;2395
P170060903;P170060903_1;A;0;0;0;2000;1200;2395
P170060903;P170060903_2;B;0;1200;0;2000;2400;2395
P170060903;P170060903_3;C;2000;1240;0;4000;2440;2395
P170060903;P170060903_4;D;2000;0;0;4000;1200;2395
P170060903;P170060903_5;E;4000;0;0;6000;1200;2395
P170060903;P170060903_6;F;4000;1240;0;6000;2440;2395
P170060903;P170060903_7;G;6000;1240;0;8000;2440;2395
P170060903;P170060903_8;H;6000;0;0;6800;600;1078
P170060903;P170060903_9;I;6800;0;0;8800;1200;2395
P170060903;P170060903_10;J;8000;1240;0;10000;2440;2395
P170060903;P170060903_11;K;8800;0;0;10400;1200;2865
P170060903;P170060903_12;L;10000;1240;0;11600;2440;2865
P170060903;P170060903_13;M;10400;0;0;12000;1200;2865
P170060903;P170060903_14;N;11600;1240;0;13200;2440;750
P170060901;P170060901_1;A;0;0;0;2200;2400;2655
P170060901;P170060901_2;B;2200;0;0;4400;2400;2655
P170060901;P170060901_3;C;4400;0;0;6400;1200;2395
P170060901;P170060901_4;D;4400;1240;0;6400;2440;2395
P170060901;P170060901_5;E;6400;1240;0;8400;2440;2395
P170060901;P170060901_6;F;6400;0;0;8600;1200;2655
P170060901;P170060901_7;G;8400;1200;0;9200;1800;1596
P170060901;P170060901_8;H;8600;0;0;10600;1200;2395
P170060901;P170060901_9;I;9200;1240;0;11200;2440;2395
P170060901;P170060901_10;J;10600;0;0;12600;1200;2395
P170060901;P170060901_11;K;11200;1240;0;13200;2440;2395
P168060951;P168060951_1;A;0;0;0;2200;2400;2655
P168060951;P168060951_2;B;2200;0;0;4200;1200;2395
P168060951;P168060951_3;C;2200;1240;0;4200;2440;2395
P168060951;P168060951_4;D;4200;1240;0;6200;2440;2395
P168060951;P168060951_5;E;4200;0;0;6200;1200;2395
P168060951;P168060951_6;F;6200;0;0;8200;1200;2395
P168060951;P168060951_7;G;6200;1240;0;8200;2440;2395
P168060951;P168060951_8;H;8200;1240;0;10200;2440;2395
P168060951;P168060951_9;I;8200;0;0;10200;1200;2395
P168060951;P168060951_10;J;10200;0;0;12200;1200;2395
P168060951;P168060951_11;K;10200;1240;0;12200;2440;2395
P168060951;P168060951_12;L;12200;0;0;13400;2000;2395
P168060909;P168060909_1;A;0;40;0;2200;2440;2655
P168060909;P168060909_2;B;2200;0;0;4200;1200;2395
P168060909;P168060909_3;C;2200;1240;0;4200;2440;2395
P168060909;P168060909_4;D;4200;1240;0;6200;2440;2395
P168060909;P168060909_5;E;4200;0;0;6200;1200;2395
P168060909;P168060909_6;F;6200;0;0;6800;800;2632
P168060909;P168060909_7;G;6200;1240;0;8400;2440;2655
P168060909;P168060909_8;H;6800;0;0;9000;1200;2655
P168060909;P168060909_9;I;8400;1240;0;10400;2440;2395
P168060909;P168060909_10;J;9000;0;0;11000;1200;2395
P168060909;P168060909_11;K;10400;1240;0;12400;2440;2395
P168060909;P168060909_12;L;11000;0;0;13000;1200;2395
P168060909;P168060909_13;M;12400;1200;0;13200;1800;2114
P167060907;P167060907_1;A;0;0;0;2200;2400;2655
P167060907;P167060907_2;B;2200;40;0;4400;2440;2655
P167060907;P167060907_3;C;4400;1240;0;6400;2440;2395
P167060907;P167060907_4;D;4400;0;0;6400;1200;2395
P167060907;P167060907_5;E;6400;0;0;8400;1200;2395
P167060907;P167060907_6;F;6400;1240;0;8400;2440;2395
P167060907;P167060907_7;G;8400;1240;0;10400;2440;2395
P167060907;P167060907_8;H;8400;0;0;10400;1200;2395
P167060907;P167060907_9;I;10400;0;0;12400;1200;2395
P167060907;P167060907_10;J;10400;1240;0;12400;2440;2395
P167060907;P167060907_11;K;12400;1840;0;13200;2440;1078
P167060903;P167060903_1;A;0;0;0;2200;2400;2655
P167060903;P167060903_2;B;2200;0;0;4400;2400;2655
P167060903;P167060903_3;C;4400;0;0;6600;2400;2655
P167060903;P167060903_4;D;6600;0;0;8800;2400;2655
P167060903;P167060903_5;E;8800;1240;0;10800;2440;2395
P167060903;P167060903_6;F;8800;0;0;10800;1200;2395
P167060903;P167060903_7;G;10800;0;0;12800;1200;2395
P167060903;P167060903_8;H;10800;1240;0;13000;2440;2655
P167060903;P167060903_9;I;12800;0;0;13400;800;1078
P167060901;P167060901_1;A;0;0;0;2200;2400;2655
P167060901;P167060901_2;B;2200;0;0;4200;1200;2395
P167060901;P167060901_3;C;2200;1240;0;4200;2440;2395
P167060901;P167060901_4;D;4200;1240;0;6200;2440;2395
P167060901;P167060901_5;E;4200;0;0;6200;1200;2395
P167060901;P167060901_6;F;6200;0;0;8200;1200;2395
P167060901;P167060901_7;G;6200;1240;0;8200;2440;2395
P167060901;P167060901_8;H;8200;1240;0;10200;2440;2395
P167060901;P167060901_9;I;8200;0;0;10200;1200;2395
P167060901;P167060901_10;J;10200;0;0;12200;1200;2395
P167060901;P167060901_11;K;10200;1240;0;12200;2440;2395
P167060901;P167060901_12;L;12200;0;0;13400;2000;2395
P167060909;P167060909_1;A;0;0;0;2000;1200;2395
P167060909;P167060909_2;B;0;1240;0;2000;2440;2395
P167060909;P167060909_3;C;2000;0;0;4200;2400;2655
P167060909;P167060909_4;D;4200;0;0;6400;2400;2655
P167060909;P167060909_5;E;6400;1240;0;8600;2440;2655
P167060909;P167060909_6;F;6400;0;0;7200;600;2114
P167060909;P167060909_7;G;7200;0;0;9200;1200;2395
P167060909;P167060909_8;H;8600;1240;0;10600;2440;2395
P167060909;P167060909_9;I;9200;0;0;11200;1200;2395
P167060909;P167060909_10;J;10600;1240;0;12600;2440;2395
P167060909;P167060909_11;K;11200;0;0;13200;1200;2395
P166060907;P166060907_1;A;0;0;0;2000;1200;2395
P166060907;P166060907_2;B;0;1240;0;2000;2440;2395
P166060907;P166060907_3;C;2000;0;0;4200;2400;2655
P166060907;P166060907_4;D;4200;0;0;6200;1200;2395
P166060907;P166060907_5;E;4200;1240;0;6200;2440;2395
P166060907;P166060907_6;F;6200;0;0;8400;2400;2655
P166060907;P166060907_7;G;8400;0;0;10400;1200;2395
P166060907;P166060907_8;H;8400;1240;0;10400;2440;2395
P166060907;P166060907_9;I;10400;1240;0;12400;2440;2395
P166060907;P166060907_10;J;10400;0;0;12400;1200;2395
P166060907;P166060907_11;K;12400;0;0;13200;600;1078
P166060903;P166060903_1;A;0;0;0;2200;2400;2655
P166060903;P166060903_2;B;2200;0;0;4400;1200;2655
P166060903;P166060903_3;C;2200;1200;0;3000;1800;2114
P166060903;P166060903_4;D;3000;1240;0;5000;2440;2395
P166060903;P166060903_5;E;4400;0;0;6400;1200;2395
P166060903;P166060903_6;F;5000;1240;0;7000;2440;2395
P166060903;P166060903_7;G;6400;0;0;8400;1200;2395
P166060903;P166060903_8;H;7000;1240;0;8600;2440;2865
P166060903;P166060903_9;I;8400;0;0;10000;1200;2865
P166060903;P166060903_10;J;8600;1240;0;10200;2440;2865
P166060903;P166060903_11;K;10000;0;0;11600;1200;2865
P166060903;P166060903_12;L;10200;1240;0;11800;2440;2865
P166060903;P166060903_13;M;11600;0;0;13200;1200;2865
P166060903;P166060903_14;N;11800;1240;0;13400;2440;2865
P166060901;P166060901_1;A;0;0;0;2200;2400;2655
P166060901;P166060901_2;B;2200;1240;0;4200;2440;2395
P166060901;P166060901_3;C;2200;0;0;4200;1200;2395
P166060901;P166060901_4;D;4200;0;0;6200;1200;2395
P166060901;P166060901_5;E;4200;1240;0;6200;2440;2395
P166060901;P166060901_6;F;6200;1240;0;8200;2440;2395
P166060901;P166060901_7;G;6200;0;0;8200;1200;2395
P166060901;P166060901_8;H;8200;0;0;10200;1200;2395
P166060901;P166060901_9;I;8200;1240;0;10200;2440;2395
P166060901;P166060901_10;J;10200;0;0;12400;2400;2655
P166060909;P166060909_1;A;0;0;0;2200;2400;2655
P166060909;P166060909_2;B;2200;0;0;4200;1200;2395
P166060909;P166060909_3;C;2200;1240;0;4200;2440;2395
P166060909;P166060909_4;D;4200;1240;0;6400;2440;2655
P166060909;P166060909_5;E;4200;0;0;6400;1200;1350
P166060909;P166060909_6;F;6400;0;0;8600;2400;2655
P166060909;P166060909_7;G;8600;1240;0;10600;2440;2395
P166060909;P166060909_8;H;8600;0;0;10600;1200;2395
P166060909;P166060909_9;I;10600;0;0;12600;1200;2395
P166060909;P166060909_10;J;10600;1200;0;11400;1800;1596
P166060909;P166060909_11;K;11400;1240;0;13400;2440;2395
P165060907;P165060907_1;A;0;0;0;2000;1200;2395
P165060907;P165060907_2;B;0;1240;0;2000;2440;2395
P165060907;P165060907_3;C;2000;1240;0;4000;2440;2395
P165060907;P165060907_4;D;2000;0;0;2800;600;1596
P165060907;P165060907_5;E;2800;0;0;4800;1200;2395
P165060907;P165060907_6;F;4000;1240;0;6000;2440;2395
P165060907;P165060907_7;G;4800;0;0;6800;1200;2395
P165060907;P165060907_8;H;6000;1240;0;8000;2440;2395
P165060907;P165060907_9;I;6800;0;0;8800;1200;2395
P165060907;P165060907_10;J;8000;1240;0;10200;2440;1350
P165060907;P165060907_11;K;10200;0;0;12400;2400;2655
P165060903;P165060903_1;A;0;0;0;2000;1200;2395
P165060903;P165060903_2;B;0;1240;0;2000;2440;1220
P165060903;P165060903_3;C;2000;1240;0;3600;2440;2865
P165060903;P165060903_4;D;2000;0;0;3600;1200;2865
P165060903;P165060903_5;E;3600;0;0;5200;1200;2865
P165060903;P165060903_6;F;3600;1240;0;5200;2440;2865
P165060903;P165060903_7;G;5200;1240;0;6800;2440;2865
P165060903;P165060903_8;H;5200;0;0;6800;1200;2865
P165060903;P165060903_9;I;6800;0;0;8400;1200;2865
P165060903;P165060903_10;J;6800;1240;0;8400;2440;2865
P165060903;P165060903_11;K;8400;1240;0;10000;2440;2865
P165060903;P165060903_12;L;8400;0;0;10000;1200;2865
P165060903;P165060903_13;M;10000;0;0;11600;1200;2865
P165060903;P165060903_14;N;10000;1240;0;11600;2440;2865
P165060903;P165060903_15;O;11600;1240;0;13200;2440;2865
P165060903;P165060903_16;P;11600;0;0;13200;1200;2865
P165060901;P165060901_1;A;0;1240;0;2000;2440;2395
P165060901;P165060901_2;B;0;0;0;2000;1200;2395
P165060901;P165060901_3;C;2000;0;0;4000;1200;2395
P165060901;P165060901_4;D;2000;1240;0;4000;2440;2395
P165060901;P165060901_5;E;4000;0;0;6200;2400;2655
P165060901;P165060901_6;F;6200;0;0;8400;2400;2655
P165060901;P165060901_7;G;8400;1240;0;10400;2440;2395
P165060901;P165060901_8;H;8400;0;0;10400;1200;2395
P165060901;P165060901_9;I;10400;0;0;12400;1200;2395
P165060901;P165060901_10;J;10400;1240;0;12600;2440;2655
P165060901;P165060901_11;K;12400;0;0;13200;600;2114
Q165060901_1;Q165060901_1_1;A;0;0;0;2200;2400;2655
Q165060901_1;Q165060901_1_2;B;2200;1240;0;4200;2440;2395
Q165060901_1;Q165060901_1_3;C;2200;0;0;4200;1200;2395
Q165060901_1;Q165060901_1_4;D;4200;0;0;6200;1200;2395
Q165060901_1;Q165060901_1_5;E;4200;1240;0;6200;2440;2395
Q165060901_1;Q165060901_1_6;F;6200;1240;0;8200;2440;2395
Q165060901_1;Q165060901_1_7;G;6200;0;0;8200;1200;2395
P240060901;P240060901_1;A;0;0;0;2200;2400;2655
P240060901;P240060901_2;B;2200;0;0;4400;2400;2655
P240060901;P240060901_3;C;4400;0;0;6600;2400;2655
P240060901;P240060901_4;D;6600;0;0;8800;2400;2655
P240060901;P240060901_5;E;8800;0;0;11000;2400;2655
P240060901;P240060901_6;F;11000;0;0;13200;2400;2655
Q240060901_1;Q240060901_1_1;A;0;1240;0;2000;2440;2395
Q240060901_1;Q240060901_1_2;B;0;0;0;2000;1200;2395
Q240060901_1;Q240060901_1_3;C;2000;0;0;4000;1200;2395
Q240060901_1;Q240060901_1_4;D;2000;1240;0;4000;2440;2395
Q240060901_1;Q240060901_1_5;E;4000;1240;0;6000;2440;2395
Q240060901_1;Q240060901_1_6;F;4000;0;0;6000;1200;2395
Q240060901_1;Q240060901_1_7;G;6000;0;0;8000;1200;2395
Q240060901_1;Q240060901_1_8;H;6000;1240;0;8000;2440;2395
Q240060901_1;Q240060901_1_9;I;8000;1240;0;10000;2440;2395
Q240060901_1;Q240060901_1_10;J;8000;0;0;10000;1200;2395
Q240060901_1;Q240060901_1_11;K;10000;0;0;12000;1200;2395
Q240060901_1;Q240060901_1_12;L;10000;1240;0;12000;2440;2395
Q240060901_1;Q240060901_1_13;M;12000;0;0;13200;2000;2395
Q240060901_2;Q240060901_2_1;A;0;0;0;2000;1200;2395
Q240060901_2;Q240060901_2_2;B;0;1240;0;2000;2440;2395
Q240060901_2;Q240060901_2_3;C;2000;1240;0;4000;2440;2395
Q240060901_2;Q240060901_2_4;D;2000;0;0;4000;1200;2395
Q240060901_2;Q240060901_2_5;E;4000;0;0;6000;1200;2395
Q240060901_2;Q240060901_2_6;F;4000;1240;0;6000;2440;2395
Q240060901_2;Q240060901_2_7;G;6000;1240;0;8000;2440;2395
Q240060901_2;Q240060901_2_8;H;6000;0;0;8000;1200;2395
Q240060901_2;Q240060901_2_9;I;8000;0;0;10000;1200;2395
Q240060901_2;Q240060901_2_10;J;8000;1240;0;10000;2440;2395
Q240060901_2;Q240060901_2_11;K;10000;1240;0;12000;2440;2395
Q240060901_2;Q240060901_2_12;L;10000;0;0;12000;1200;2395
Q240060901_2;Q240060901_2_13;M;12000;0;0;13200;2200;2655
P209060907;P209060907_1;A;0;1240;0;2200;2440;2655
P209060907;P209060907_2;B;0;0;0;2200;1200;2655
P209060907;P209060907_3;C;2200;0;0;2800;800;2632
P209060907;P209060907_4;D;2200;800;0;2800;1600;2632
P209060907;P209060907_5;E;2200;1640;0;2800;2440;2114
P209060907;P209060907_6;F;2800;0;0;5000;2400;2655
P209060907;P209060907_7;G;5000;0;0;7200;2400;2655
P209060907;P209060907_8;H;7200;1240;0;9200;2440;2395
P209060907;P209060907_9;I;7200;0;0;9200;1200;2395
P209060907;P209060907_10;J;9200;0;0;11200;1200;2395
P209060907;P209060907_11;K;9200;1240;0;11200;2440;2395
P209060907;P209060907_12;L;11200;1240;0;13200;2440;2395
P209060907;P209060907_13;M;11200;0;0;13200;1200;2395
P209060903;P209060903_1;A;0;0;0;2200;1200;2655
P209060903;P209060903_2;B;0;1240;0;2000;2440;2395
P209060903;P209060903_3;C;2000;1240;0;4000;2440;2395
P209060903;P209060903_4;D;2200;0;0;4200;1200;2395
P209060903;P209060903_5;E;4000;1200;0;4800;1800;2114
P209060903;P209060903_6;F;4200;0;0;6200;1200;2395
P209060903;P209060903_7;G;4800;1240;0;6800;2440;2395
P209060903;P209060903_8;H;6200;0;0;8200;1200;2395
P209060903;P209060903_9;I;6800;1240;0;8400;2440;2865
P209060903;P209060903_10;J;8200;0;0;9800;1200;2865
P209060903;P209060903_11;K;8400;1240;0;10000;2440;2865
P209060903;P209060903_12;L;9800;0;0;11400;1200;2865
P209060903;P209060903_13;M;10000;1240;0;11600;2440;2865
P209060903;P209060903_14;N;11400;0;0;13000;1200;2865
P209060903;P209060903_15;O;11600;1240;0;13200;2440;2865
P209060901;P209060901_1;A;0;0;0;2200;2400;2655
P209060901;P209060901_2;B;2200;1240;0;4200;2440;2395
P209060901;P209060901_3;C;2200;0;0;4200;1200;2395
P209060901;P209060901_4;D;4200;0;0;6200;1200;2395
P209060901;P209060901_5;E;4200;1240;0;6200;2440;2395
P209060901;P209060901_6;F;6200;1240;0;8200;2440;2395
P209060901;P209060901_7;G;6200;0;0;8200;1200;2395
P209060901;P209060901_8;H;8200;0;0;10200;1200;2395
P209060901;P209060901_9;I;8200;1240;0;10200;2440;2395
P209060901;P209060901_10;J;10200;1240;0;12200;2440;2395
P209060901;P209060901_11;K;10200;0;0;12200;1200;2395
P209060901;P209060901_12;L;12200;0;0;13400;2000;2395
P209060909;P209060909_1;A;0;40;0;2200;2440;2655
P209060909;P209060909_2;B;2200;0;0;4400;2400;2655
P209060909;P209060909_3;C;4400;0;0;6600;2400;2655
P209060909;P209060909_4;D;6600;0;0;8800;2400;2655
P209060909;P209060909_5;E;8800;1240;0;11000;2440;2655
P209060909;P209060909_6;F;8800;0;0;10800;1200;2395
P209060909;P209060909_7;G;10800;0;0;12800;1200;2395
P209060909;P209060909_8;H;11000;1240;0;13000;2440;2395
P209060909;P209060909_9;I;12800;0;0;13400;800;2114
P208060907;P208060907_1;A;0;1240;0;2000;2440;2395
P208060907;P208060907_2;B;0;0;0;2000;1200;2395
P208060907;P208060907_3;C;2000;0;0;4000;1200;2395
P208060907;P208060907_4;D;2000;1240;0;4000;2440;2395
P208060907;P208060907_5;E;4000;1240;0;6000;2440;2395
P208060907;P208060907_6;F;4000;0;0;6000;1200;2395
P208060907;P208060907_7;G;6000;0;0;8000;1200;2395
P208060907;P208060907_8;H;6000;1240;0;8000;2440;2395
P208060907;P208060907_9;I;8000;1240;0;10000;2440;2395
P208060907;P208060907_10;J;8000;0;0;10000;1200;2395
P208060907;P208060907_11;K;10000;0;0;12200;2400;2655
P208060907;P208060907_12;L;12200;0;0;13400;2200;2655
P208060903;P208060903_1;A;0;40;0;2200;2440;2655
P208060903;P208060903_2;B;2200;0;0;4200;1200;2395
P208060903;P208060903_3;C;2200;1240;0;4200;2440;2395
P208060903;P208060903_4;D;4200;0;0;6400;2400;2655
P208060903;P208060903_5;E;6400;0;0;7000;800;2632
P208060903;P208060903_6;F;6400;1240;0;8400;2440;1220
P208060903;P208060903_7;G;7000;0;0;8600;1200;2865
P208060903;P208060903_8;H;8400;1240;0;10000;2440;2865
P208060903;P208060903_9;I;8600;0;0;10200;1200;2865
P208060903;P208060903_10;J;10000;1240;0;11600;2440;2865
P208060903;P208060903_11;K;10200;0;0;11800;1200;2865
P208060903;P208060903_12;L;11600;1240;0;13200;2440;2865
P208060903;P208060903_13;M;11800;0;0;13400;1200;750
P208060901;P208060901_1;A;0;0;0;2000;1200;2395
P208060901;P208060901_2;B;0;1240;0;2000;2440;2395
P208060901;P208060901_3;C;2000;1240;0;4000;2440;2395
P208060901;P208060901_4;D;2000;0;0;4000;1200;2395
P208060901;P208060901_5;E;4000;0;0;6200;2400;2655
P208060901;P208060901_6;F;6200;0;0;8400;2400;2655
P208060901;P208060901_7;G;8400;0;0;10400;1200;2395
P208060901;P208060901_8;H;8400;1240;0;10400;2440;2395
P208060901;P208060901_9;I;10400;1240;0;12400;2440;2395
P208060901;P208060901_10;J;10400;0;0;12600;1200;2655
P208060901;P208060901_11;K;12400;1200;0;13200;1800;1596
P208060909;P208060909_1;A;0;0;0;2000;1200;2395
P208060909;P208060909_2;B;0;1240;0;2000;2440;2395
P208060909;P208060909_3;C;2000;1240;0;4000;2440;2395
P208060909;P208060909_4;D;2000;0;0;4000;1200;2395
P208060909;P208060909_5;E;4000;0;0;6200;2400;2655
P208060909;P208060909_6;F;6200;1240;0;8200;2440;2395
P208060909;P208060909_7;G;6200;0;0;8200;1200;2395
P208060909;P208060909_8;H;8200;0;0;10200;1200;2395
P208060909;P208060909_9;I;8200;1240;0;10200;2440;2395
P208060909;P208060909_10;J;10200;1240;0;12200;2440;2395
P208060909;P208060909_11;K;10200;0;0;12200;1200;2395
P208060909;P208060909_12;L;12200;0;0;13400;2000;2395
P207060907;P207060907_1;A;0;0;0;2200;2400;2655
P207060907;P207060907_2;B;2200;0;0;4400;2400;2655
P207060907;P207060907_3;C;4400;0;0;6400;1200;2395
P207060907;P207060907_4;D;4400;1240;0;6400;2440;2395
P207060907;P207060907_5;E;6400;1240;0;8400;2440;2395
P207060907;P207060907_6;F;6400;0;0;8600;1200;2655
P207060907;P207060907_7;G;8400;1200;0;9200;1800;2632
P207060907;P207060907_8;H;8600;0;0;10600;1200;2395
P207060907;P207060907_9;I;9200;1240;0;11200;2440;2395
P207060907;P207060907_10;J;10600;0;0;12600;1200;2395
P207060907;P207060907_11;K;11200;1240;0;13200;2440;2395
P207060903;P207060903_1;A;0;0;0;2000;1200;2395
P207060903;P207060903_2;B;0;1200;0;2000;2400;2395
P207060903;P207060903_3;C;2000;1240;0;4000;2440;2395
P207060903;P207060903_4;D;2000;0;0;4000;1200;2395
P207060903;P207060903_5;E;4000;1240;0;6000;2440;2395
P207060903;P207060903_6;F;4000;0;0;6000;1200;2395
P207060903;P207060903_7;G;6000;0;0;8200;2400;2655
P207060903;P207060903_8;H;8200;1240;0;10400;2440;2655
P207060903;P207060903_9;I;8200;0;0;10200;1200;2395
P207060903;P207060903_10;J;10200;0;0;12200;1200;2395
P207060903;P207060903_11;K;10400;1240;0;12400;2440;2395
P207060901;P207060901_1;A;0;0;0;2000;1200;2395
P207060901;P207060901_2;B;0;1200;0;2000;2400;2395
P207060901;P207060901_3;C;2000;0;0;4200;2400;2655
P207060901;P207060901_4;D;4200;0;0;6200;1200;2395
P207060901;P207060901_5;E;4200;1240;0;6200;2440;2395
P207060901;P207060901_6;F;6200;1240;0;8200;2440;2395
P207060901;P207060901_7;G;6200;0;0;8200;1200;2395
P207060901;P207060901_8;H;8200;0;0;10400;2400;2655
P207060901;P207060901_9;I;10400;0;0;12600;2400;2655
P207060901;P207060901_10;J;12600;0;0;13400;600;1596
P207060909;P207060909_1;A;0;0;0;2000;1200;2395
P207060909;P207060909_2;B;0;1240;0;2000;2440;2395
P207060909;P207060909_3;C;2000;0;0;4200;2400;2655
P207060909;P207060909_4;D;4200;0;0;6200;1200;2395
P207060909;P207060909_5;E;4200;1240;0;6200;2440;2395
P207060909;P207060909_6;F;6200;1240;0;8200;2440;2395
P207060909;P207060909_7;G;6200;0;0;8200;1200;2395
P207060909;P207060909_8;H;8200;0;0;10200;1200;2395
P207060909;P207060909_9;I;8200;1240;0;10400;2440;2655
P207060909;P207060909_10;J;10200;0;0;11000;600;2114
P207060909;P207060909_11;K;10400;1240;0;12400;2440;2395
P207060909;P207060909_12;L;11000;0;0;13000;1200;2395
P206060907;P206060907_1;A;0;0;0;2200;2400;2655
P206060907;P206060907_2;B;2200;0;0;4400;2400;2655
P206060907;P206060907_3;C;4400;0;0;6400;1200;2395
P206060907;P206060907_4;D;4400;1240;0;6400;2440;2395
P206060907;P206060907_5;E;6400;1240;0;8400;2440;2395
P206060907;P206060907_6;F;6400;0;0;8400;1200;2395
P206060907;P206060907_7;G;8400;0;0;10400;1200;2395
P206060907;P206060907_8;H;8400;1240;0;10600;2440;2655
P206060907;P206060907_9;I;10400;0;0;12400;1200;2395
P206060907;P206060907_10;J;10600;1240;0;12600;2440;2395
P206060907;P206060907_11;K;12400;0;0;13200;600;1078
P206060903;P206060903_1;A;0;0;0;2000;1200;2395
P206060903;P206060903_2;B;0;1200;0;2000;2400;2395
P206060903;P206060903_3;C;2000;1240;0;4000;2440;2395
P206060903;P206060903_4;D;2000;0;0;4000;1200;2395
P206060903;P206060903_5;E;4000;1240;0;6000;2440;1220
P206060903;P206060903_6;F;4000;0;0;6200;1200;1350
P206060903;P206060903_7;G;6000;1200;0;6800;1800;1596
P206060903;P206060903_8;H;6200;0;0;7800;1200;2865
P206060903;P206060903_9;I;6800;1240;0;8400;2440;2865
P206060903;P206060903_10;J;7800;0;0;9400;1200;2865
P206060903;P206060903_11;K;8400;1240;0;10000;2440;2865
P206060903;P206060903_12;L;9400;0;0;11000;1200;2865
P206060903;P206060903_13;M;10000;1240;0;11600;2440;2865
P206060903;P206060903_14;N;11000;0;0;12600;1200;2865
P206060903;P206060903_15;O;11600;1240;0;13200;2440;2160
P206060901;P206060901_1;A;0;1240;0;2000;2440;2395
P206060901;P206060901_2;B;0;0;0;2000;1200;2395
P206060901;P206060901_3;C;2000;0;0;4000;1200;2395
P206060901;P206060901_4;D;2000;1240;0;4000;2440;2395
P206060901;P206060901_5;E;4000;0;0;6200;2400;2655
P206060901;P206060901_6;F;6200;0;0;8200;1200;2395
P206060901;P206060901_7;G;6200;1240;0;8200;2440;2395
P206060901;P206060901_8;H;8200;1240;0;10200;2440;2395
P206060901;P206060901_9;I;8200;0;0;10200;1200;2395
P206060901;P206060901_10;J;10200;0;0;12200;1200;2395
P206060901;P206060901_11;K;10200;1240;0;12200;2440;2395
P206060901;P206060901_12;L;12200;0;0;13400;2000;2395
P206060909;P206060909_1;A;0;0;0;2200;2400;2655
P206060909;P206060909_2;B;2200;0;0;4400;2400;2655
P206060909;P206060909_3;C;4400;0;0;5000;800;2114
P206060909;P206060909_4;D;4400;1240;0;6400;2440;2395
P206060909;P206060909_5;E;5000;0;0;7000;1200;2395
P206060909;P206060909_6;F;6400;1240;0;8400;2440;2395
P206060909;P206060909_7;G;7000;0;0;9000;1200;2395
P206060909;P206060909_8;H;8400;1240;0;10600;2440;2655
P206060909;P206060909_9;I;9000;0;0;11000;1200;2395
P206060909;P206060909_10;J;10600;1240;0;12600;2440;2395
P206060909;P206060909_11;K;11000;0;0;13000;1200;2395
P205060907;P205060907_1;A;0;0;0;2000;1200;2395
P205060907;P205060907_2;B;0;1200;0;2000;2400;2395
P205060907;P205060907_3;C;2000;1240;0;4000;2440;2395
P205060907;P205060907_4;D;2000;0;0;4000;1200;2395
P205060907;P205060907_5;E;4000;1240;0;6000;2440;2395
P205060907;P205060907_6;F;4000;0;0;6000;1200;2395
P205060907;P205060907_7;G;6000;0;0;8000;1200;2395
P205060907;P205060907_8;H;6000;1240;0;8000;2440;2395
P205060907;P205060907_9;I;8000;0;0;10200;2400;2655
P205060907;P205060907_10;J;10200;0;0;12400;2400;2655
P205060907;P205060907_11;K;12400;1840;0;13200;2440;1596
P205060903;P205060903_1;A;0;0;0;2200;2400;2655
P205060903;P205060903_2;B;2200;1240;0;4200;2440;2395
P205060903;P205060903_3;C;2200;0;0;4200;1200;2395
P205060903;P205060903_4;D;4200;0;0;6200;1200;2395
P205060903;P205060903_5;E;4200;1240;0;6200;2440;2395
P205060903;P205060903_6;F;6200;0;0;8400;2400;2655
P205060903;P205060903_7;G;8400;0;0;10600;2400;2655
P205060903;P205060903_8;H;10600;1240;0;12800;2440;2655
P205060903;P205060903_9;I;10600;0;0;12600;1200;2395
P205060903;P205060903_10;J;12600;0;0;13400;600;2114
P205060901;P205060901_1;A;0;0;0;2000;1200;2395
P205060901;P205060901_2;B;0;1240;0;2000;2440;2395
P205060901;P205060901_3;C;2000;1240;0;4000;2440;2395
P205060901;P205060901_4;D;2000;0;0;4000;1200;2395
P205060901;P205060901_5;E;4000;0;0;6000;1200;2395
P205060901;P205060901_6;F;4000;1240;0;6000;2440;2395
P205060901;P205060901_7;G;6000;1240;0;8000;2440;2395
P205060901;P205060901_8;H;6000;0;0;8000;1200;2395
P205060901;P205060901_9;I;8000;0;0;10000;1200;2395
P205060901;P205060901_10;J;8000;1240;0;10000;2440;2395
P205060901;P205060901_11;K;10000;0;0;12200;2400;2655
P205060901;P205060901_12;L;12200;0;0;13400;2000;2395
P203060909;P203060909_1;A;0;0;0;2200;2400;2655
P203060909;P203060909_2;B;2200;1240;0;4400;2440;2655
P203060909;P203060909_3;C;2200;0;0;4200;1200;2395
P203060909;P203060909_4;D;4200;0;0;5000;600;2632
P203060909;P203060909_5;E;4200;640;0;5000;1240;1596
P203060909;P203060909_6;F;4400;1240;0;6400;2440;2395
P203060909;P203060909_7;G;5000;0;0;7000;1200;2395
P203060909;P203060909_8;H;6400;1240;0;8400;2440;2395
P203060909;P203060909_9;I;7000;0;0;9000;1200;2395
P203060909;P203060909_10;J;8400;1240;0;10400;2440;2395
P203060909;P203060909_11;K;9000;0;0;11000;1200;2395
P203060909;P203060909_12;L;10400;1240;0;12400;2440;2395
P203060909;P203060909_13;M;11000;0;0;13200;1200;2655
P202060907;P202060907_1;A;0;0;0;2200;2400;2655
P202060907;P202060907_2;B;2200;0;0;4400;2400;2655
P202060907;P202060907_3;C;4400;0;0;6600;2400;2655
P202060907;P202060907_4;D;6600;0;0;8800;2400;2655
P202060907;P202060907_5;E;8800;0;0;11000;2400;2655
P202060907;P202060907_6;F;11000;1240;0;13200;2440;2655
P202060907;P202060907_7;G;11000;0;0;13000;1200;2395
P202060903;P202060903_1;A;0;0;0;2000;1200;2395
P202060903;P202060903_2;B;0;1240;0;2000;2440;2395
P202060903;P202060903_3;C;2000;1240;0;4000;2440;2395
P202060903;P202060903_4;D;2000;0;0;4000;1200;2395
P202060903;P202060903_5;E;4000;0;0;6000;1200;2395
P202060903;P202060903_6;F;4000;1240;0;6000;2440;2395
P202060903;P202060903_7;G;6000;1240;0;8000;2440;2395
P202060903;P202060903_8;H;6000;0;0;8000;1200;2395
P202060903;P202060903_9;I;8000;0;0;10200;2400;2655
P202060903;P202060903_10;J;10200;0;0;12400;2400;2655
P202060903;P202060903_11;K;12400;0;0;13200;600;2632
P202060901;P202060901_1;A;0;1240;0;2000;2440;2395
P202060901;P202060901_2;B;0;0;0;2000;1200;2395
P202060901;P202060901_3;C;2000;0;0;4000;1200;2395
P202060901;P202060901_4;D;2000;1240;0;4000;2440;2395
P202060901;P202060901_5;E;4000;0;0;6000;1200;2395
P202060901;P202060901_6;F;4000;1240;0;6000;2440;2395
P202060901;P202060901_7;G;6000;1240;0;8000;2440;2395
P202060901;P202060901_8;H;6000;0;0;8000;1200;2395
P202060901;P202060901_9;I;8000;0;0;10000;1200;2395
P202060901;P202060901_10;J;8000;1240;0;10000;2440;2395
P202060901;P202060901_11;K;10000;0;0;12200;2400;2655
P202060901;P202060901_12;L;12200;0;0;13400;2200;2655
P202060909;P202060909_1;A;0;0;0;2000;1200;2395
P202060909;P202060909_2;B;0;1240;0;2000;2440;2395
P202060909;P202060909_3;C;2000;1240;0;4000;2440;2395
P202060909;P202060909_4;D;2000;0;0;4000;1200;2395
P202060909;P202060909_5;E;4000;0;0;6000;1200;2395
P202060909;P202060909_6;F;4000;1240;0;6000;2440;2395
P202060909;P202060909_7;G;6000;1240;0;8000;2440;2395
P202060909;P202060909_8;H;6000;0;0;8000;1200;2395
P202060909;P202060909_9;I;8000;0;0;10000;1200;2395
P202060909;P202060909_10;J;8000;1240;0;10000;2440;2395
P202060909;P202060909_11;K;10000;1240;0;12000;2440;2395
P202060909;P202060909_12;L;10000;0;0;12000;1200;2395
P202060909;P202060909_13;M;12000;0;0;13200;2000;2395
P201060907;P201060907_1;A;0;0;0;2200;2400;2655
P201060907;P201060907_2;B;2200;1240;0;4200;2440;2395
P201060907;P201060907_3;C;2200;0;0;4200;1200;2395
P201060907;P201060907_4;D;4200;0;0;6200;1200;2395
P201060907;P201060907_5;E;4200;1240;0;6200;2440;2395
P201060907;P201060907_6;F;6200;1240;0;8200;2440;2395
P201060907;P201060907_7;G;6200;0;0;8200;1200;2395
P201060907;P201060907_8;H;8200;0;0;10200;1200;2395
P201060907;P201060907_9;I;8200;1240;0;10200;2440;2395
P201060907;P201060907_10;J;10200;1240;0;12200;2440;2395
P201060907;P201060907_11;K;10200;0;0;12200;1200;2395
P201060907;P201060907_12;L;12200;0;0;12800;800;560
P201060903;P201060903_1;A;0;1240;0;2000;2440;2395
P201060903;P201060903_2;B;0;0;0;2200;1200;2655
P201060903;P201060903_3;C;2000;1200;0;2800;1800;2632
P201060903;P201060903_4;D;2000;1840;0;2800;2440;560
P201060903;P201060903_5;E;2200;0;0;3800;1200;2865
P201060903;P201060903_6;F;2800;1240;0;4400;2440;2865
P201060903;P201060903_7;G;3800;0;0;5400;1200;2865
P201060903;P201060903_8;H;4400;1240;0;6000;2440;2865
P201060903;P201060903_9;I;5400;0;0;7000;1200;2865
P201060903;P201060903_10;J;6000;1240;0;7600;2440;2865
P201060903;P201060903_11;K;7000;0;0;8600;1200;2865
P201060903;P201060903_12;L;7600;1240;0;9200;2440;2865
P201060903;P201060903_13;M;8600;0;0;10200;1200;2865
P201060903;P201060903_14;N;9200;1240;0;10800;2440;2865
P201060903;P201060903_15;O;10200;0;0;11800;1200;2865
P201060903;P201060903_16;P;10800;1240;0;12400;2440;2865
P201060903;P201060903_17;Q;11800;0;0;13400;1200;2865
P201060901;P201060901_1;A;0;0;0;2200;2400;2655
P201060901;P201060901_2;B;2200;0;0;4200;1200;2395
P201060901;P201060901_3;C;2200;1240;0;4200;2440;2395
P201060901;P201060901_4;D;4200;1240;0;6200;2440;2395
P201060901;P201060901_5;E;4200;0;0;6200;1200;2395
P201060901;P201060901_6;F;6200;0;0;8200;1200;2395
P201060901;P201060901_7;G;6200;1240;0;8200;2440;2395
P201060901;P201060901_8;H;8200;0;0;10400;2400;2655
P201060901;P201060901_9;I;10400;0;0;12600;2400;2655
P201060901;P201060901_10;J;12600;1840;0;13400;2440;2114
P201060909;P201060909_1;A;0;1240;0;2000;2440;2395
P201060909;P201060909_2;B;0;0;0;2000;1200;2395
P201060909;P201060909_3;C;2000;0;0;4000;1200;2395
P201060909;P201060909_4;D;2000;1240;0;4000;2440;2395
P201060909;P201060909_5;E;4000;0;0;6200;2400;2655
P201060909;P201060909_6;F;6200;0;0;8400;2400;2655
P201060909;P201060909_7;G;8400;1240;0;10400;2440;2395
P201060909;P201060909_8;H;8400;0;0;10600;1200;2655
P201060909;P201060909_9;I;10400;1240;0;12400;2440;2395
P201060909;P201060909_10;J;10600;0;0;12600;1200;2395
P201060909;P201060909_11;K;12400;1200;0;13200;1800;1078
P200060907;P200060907_1;A;0;0;0;2000;1200;2395
P200060907;P200060907_2;B;0;1200;0;2000;2400;2395
P200060907;P200060907_3;C;2000;1240;0;4000;2440;2395
P200060907;P200060907_4;D;2000;0;0;4000;1200;2395
P200060907;P200060907_5;E;4000;0;0;6200;2400;2655
P200060907;P200060907_6;F;6200;0;0;8400;2400;2655
P200060907;P200060907_7;G;8400;0;0;10600;1200;2655
P200060907;P200060907_8;H;8400;1240;0;10400;2440;2395
P200060907;P200060907_9;I;10400;1240;0;12400;2440;2395
P200060907;P200060907_10;J;10600;0;0;12600;1200;2395
P200060907;P200060907_11;K;12400;1200;0;13200;1800;2114
P200060903;P200060903_1;A;0;1240;0;2000;2440;2395
P200060903;P200060903_2;B;0;0;0;2000;1200;2395
P200060903;P200060903_3;C;2000;0;0;4000;1200;2395
P200060903;P200060903_4;D;2000;1240;0;4000;2440;2395
P200060903;P200060903_5;E;4000;0;0;6200;2400;2655
P200060903;P200060903_6;F;6200;0;0;8400;2400;2655
P200060903;P200060903_7;G;8400;1240;0;10600;2440;2655
P200060903;P200060903_8;H;8400;0;0;10400;1200;2395
P200060903;P200060903_9;I;10400;0;0;12400;1200;2395
P200060903;P200060903_10;J;10600;1240;0;12600;2440;2395
P200060903;P200060903_11;K;12400;0;0;13200;600;1078
P200060901;P200060901_1;A;0;0;0;2000;1200;2395
P200060901;P200060901_2;B;0;1240;0;2000;2440;2395
P200060901;P200060901_3;C;2000;1240;0;4000;2440;2395
P200060901;P200060901_4;D;2000;0;0;4000;1200;2395
P200060901;P200060901_5;E;4000;0;0;6000;1200;2395
P200060901;P200060901_6;F;4000;1240;0;6000;2440;2395
P200060901;P200060901_7;G;6000;1240;0;8000;2440;2395
P200060901;P200060901_8;H;6000;0;0;8000;1200;2395
P200060901;P200060901_9;I;8000;0;0;10000;1200;2395
P200060901;P200060901_10;J;8000;1240;0;10000;2440;2395
P200060901;P200060901_11;K;10000;0;0;12200;2400;2655
P200060901;P200060901_12;L;12200;0;0;13400;2000;2395
P200060909;P200060909_1;A;0;0;0;2000;1200;2395
P200060909;P200060909_2;B;0;1240;0;2200;2440;2655
P200060909;P200060909_3;C;2000;0;0;4000;1200;2395
P200060909;P200060909_4;D;2200;1240;0;4200;2440;2395
P200060909;P200060909_5;E;4000;0;0;6000;1200;2395
P200060909;P200060909_6;F;4200;1240;0;6200;2440;2395
P200060909;P200060909_7;G;6000;0;0;8000;1200;2395
P200060909;P200060909_8;H;6200;1240;0;8200;2440;2395
P200060909;P200060909_9;I;8000;0;0;8800;600;2632
P200060909;P200060909_10;J;8200;1240;0;10400;2440;2655
P200060909;P200060909_11;K;8800;0;0;10800;1200;2395
P200060909;P200060909_12;L;10800;0;0;13000;2400;2655
P199060907;P199060907_1;A;0;0;0;2000;1200;2395
P199060907;P199060907_2;B;0;1240;0;2000;2440;2395
P199060907;P199060907_3;C;2000;0;0;4200;2400;2655
P199060907;P199060907_4;D;4200;0;0;6200;1200;2395
P199060907;P199060907_5;E;4200;1240;0;6200;2440;2395
P199060907;P199060907_6;F;6200;1240;0;8200;2440;2395
P199060907;P199060907_7;G;6200;0;0;8200;1200;2395
P199060907;P199060907_8;H;8200;0;0;10200;1200;2395
P199060907;P199060907_9;I;8200;1240;0;10200;2440;2395
P199060907;P199060907_10;J;10200;1240;0;12200;2440;2395
P199060907;P199060907_11;K;10200;0;0;12200;1200;2395
P199060907;P199060907_12;L;12200;0;0;13400;2000;2395
P199060903;P199060903_1;A;0;0;0;2000;1200;2395
P199060903;P199060903_2;B;0;1240;0;2000;2440;2395
P199060903;P199060903_3;C;2000;1240;0;4000;2440;2395
P199060903;P199060903_4;D;2000;0;0;2800;600;2632
P199060903;P199060903_5;E;2800;0;0;4800;1200;2395
P199060903;P199060903_6;F;4000;1240;0;6000;2440;2395
P199060903;P199060903_7;G;4800;0;0;6800;1200;2395
P199060903;P199060903_8;H;6000;1240;0;7600;2440;2865
P199060903;P199060903_9;I;6800;0;0;8400;1200;2865
P199060903;P199060903_10;J;7600;1240;0;9200;2440;2865
P199060903;P199060903_11;K;8400;0;0;10000;1200;2865
P199060903;P199060903_12;L;9200;1240;0;10800;2440;2865
P199060903;P199060903_13;M;10000;0;0;11600;1200;2865
P199060903;P199060903_14;N;10800;1240;0;12400;2440;2865
P199060903;P199060903_15;O;11600;0;0;13200;1200;2865
Q199060903_1;Q199060903_1_1;A;0;1240;0;2000;2440;2395
Q199060903_1;Q199060903_1_2;B;0;0;0;2000;1200;2395
Q199060903_1;Q199060903_1_3;C;2000;0;0;4000;1200;2395
Q199060903_1;Q199060903_1_4;D;2000;1240;0;4000;2440;2395
Q199060903_1;Q199060903_1_5;E;4000;0;0;6000;1200;2395
Q199060903_1;Q199060903_1_6;F;4000;1240;0;6000;2440;2395
Q199060903_1;Q199060903_1_7;G;6000;0;0;8200;2400;2655
Q199060903_1;Q199060903_1_8;H;8200;0;0;10200;1200;2395
Q199060903_1;Q199060903_1_9;I;8200;1240;0;10200;2440;2395
Q199060903_1;Q199060903_1_10;J;10200;1240;0;11800;2440;2865
Q199060903_1;Q199060903_1_11;K;10200;0;0;11800;1200;2865
Q199060903_1;Q199060903_1_12;L;11800;0;0;13400;1200;2865
Q199060903_1;Q199060903_1_13;M;11800;1240;0;13400;2440;1455
P199060911;P199060911_1;A;0;0;0;2200;2400;2655
P199060911;P199060911_2;B;2200;0;0;4400;2400;2655
P199060911;P199060911_3;C;4400;0;0;6600;2400;2655
P199060911;P199060911_4;D;6600;0;0;8800;2400;2655
P199060911;P199060911_5;E;8800;0;0;11000;2400;2655
P199060911;P199060911_6;F;11000;1240;0;13200;2440;2655
P199060911;P199060911_7;G;11000;0;0;13000;1200;2395
P199060901;P199060901_1;A;0;1240;0;2000;2440;2395
P199060901;P199060901_2;B;0;0;0;2000;1200;2395
P199060901;P199060901_3;C;2000;0;0;4000;1200;2395
P199060901;P199060901_4;D;2000;1240;0;4000;2440;2395
P199060901;P199060901_5;E;4000;1240;0;6000;2440;2395
P199060901;P199060901_6;F;4000;0;0;6000;1200;2395
P199060901;P199060901_7;G;6000;0;0;8000;1200;2395
P199060901;P199060901_8;H;6000;1240;0;8000;2440;2395
P199060901;P199060901_9;I;8000;1240;0;10000;2440;2395
P199060901;P199060901_10;J;8000;0;0;10000;1200;2395
P199060901;P199060901_11;K;10000;0;0;12200;2400;2655
P199060901;P199060901_12;L;12200;0;0;13400;2000;2395
P199060909;P199060909_1;A;0;0;0;2000;1200;2395
P199060909;P199060909_2;B;0;1240;0;2000;2440;2395
P199060909;P199060909_3;C;2000;0;0;4200;2400;2655
P199060909;P199060909_4;D;4200;0;0;4800;800;2114
P199060909;P199060909_5;E;4200;1240;0;6200;2440;2395
P199060909;P199060909_6;F;4800;0;0;6800;1200;2395
P199060909;P199060909_7;G;6200;1240;0;8400;2440;2655
P199060909;P199060909_8;H;6800;0;0;8800;1200;2395
P199060909;P199060909_9;I;8400;1240;0;10400;2440;2395
P199060909;P199060909_10;J;8800;0;0;10800;1200;2395
P199060909;P199060909_11;K;10400;1240;0;12400;2440;2395
P199060909;P199060909_12;L;10800;0;0;12800;1200;2395
Q199060909_1;Q199060909_1_1;A;0;0;0;2200;2400;2655
Q199060909_1;Q199060909_1_2;B;2200;1240;0;4200;2440;2395
Q199060909_1;Q199060909_1_3;C;2200;0;0;4200;1200;2395
Q199060909_1;Q199060909_1_4;D;4200;0;0;6400;2400;2655
Q199060909_1;Q199060909_1_5;E;6400;0;0;8600;2400;1350
Q199060909_1;Q199060909_1_6;F;8600;0;0;10600;1200;2395
Q199060909_1;Q199060909_1_7;G;8600;1240;0;10600;2440;2395
Q199060909_1;Q199060909_1_8;H;10600;1240;0;12600;2440;2395
Q199060909_1;Q199060909_1_9;I;10600;0;0;12600;1200;2395
P198060907;P198060907_1;A;0;0;0;2200;2400;2655
P198060907;P198060907_2;B;2200;0;0;4400;2400;2655
P198060907;P198060907_3;C;4400;0;0;6400;1200;2395
P198060907;P198060907_4;D;4400;1240;0;6400;2440;2395
P198060907;P198060907_5;E;6400;1240;0;8400;2440;2395
P198060907;P198060907_6;F;6400;0;0;8400;1200;2395
P198060907;P198060907_7;G;8400;0;0;10400;1200;2395
P198060907;P198060907_8;H;8400;1240;0;10600;2440;2655
P198060907;P198060907_9;I;10400;0;0;12400;1200;2395
P198060907;P198060907_10;J;10600;1240;0;12600;2440;2395
P198060907;P198060907_11;K;12400;0;0;13200;600;2114
P198060903;P198060903_1;A;0;0;0;2000;1200;2395
P198060903;P198060903_2;B;0;1200;0;800;1800;1078
P198060903;P198060903_3;C;800;1240;0;2800;2440;2395
P198060903;P198060903_4;D;2000;0;0;4000;1200;2395
P198060903;P198060903_5;E;2800;1240;0;4800;2440;2395
P198060903;P198060903_6;F;4000;0;0;6000;1200;2395
P198060903;P198060903_7;G;4800;1240;0;6800;2440;2395
P198060903;P198060903_8;H;6000;0;0;8000;1200;2395
P198060903;P198060903_9;I;6800;1240;0;9000;2440;2655
P198060903;P198060903_10;J;8000;0;0;9600;1200;2865
P198060903;P198060903_11;K;9000;1240;0;10600;2440;2865
P198060903;P198060903_12;L;9600;0;0;11200;1200;2865
P198060903;P198060903_13;M;10600;1240;0;12200;2440;2865
P198060903;P198060903_14;N;11200;0;0;12800;1200;2160
P198060901;P198060901_1;A;0;0;0;2000;1200;2395
P198060901;P198060901_2;B;0;1240;0;2000;2440;2395
P198060901;P198060901_3;C;2000;1240;0;4000;2440;2395
P198060901;P198060901_4;D;2000;0;0;4000;1200;2395
P198060901;P198060901_5;E;4000;0;0;6200;2400;2655
P198060901;P198060901_6;F;6200;0;0;8400;2400;2655
P198060901;P198060901_7;G;8400;0;0;10400;1200;2395
P198060901;P198060901_8;H;8400;1240;0;10400;2440;2395
P198060901;P198060901_9;I;10400;0;0;12600;2400;2655
P198060901;P198060901_10;J;12600;0;0;13400;600;2114
Q198060901_1;Q198060901_1_1;A;0;0;0;2200;2400;1350
Q198060901_1;Q198060901_1_2;B;2200;1240;0;4200;2440;2395
Q198060901_1;Q198060901_1_3;C;2200;0;0;4200;1200;2395
Q198060901_1;Q198060901_1_4;D;4200;0;0;6200;1200;2395
Q198060901_1;Q198060901_1_5;E;4200;1240;0;6200;2440;2395
Q198060901_1;Q198060901_1_6;F;6200;1240;0;8200;2440;2395
Q198060901_1;Q198060901_1_7;G;6200;0;0;8200;1200;2395
Q198060901_1;Q198060901_1_8;H;8200;0;0;10200;1200;2395
Q198060901_1;Q198060901_1_9;I;8200;1240;0;10200;2440;1220
Q198060901_1;Q198060901_1_10;J;10200;1240;0;12400;2440;1350
P180161409;P180161409_1;A;0;0;0;1200;2400;2835
P180161409;P180161409_2;B;1200;0;0;2400;2400;2835
P180161409;P180161409_3;C;2400;0;0;3600;2400;2835
P180161409;P180161409_4;D;3600;1240;0;5200;2440;2700
P180161409;P180161409_5;E;3600;0;0;6000;1200;2835
P180161409;P180161409_6;F;5200;1240;0;7100;2440;2865
P180161409;P180161409_7;G;6000;0;0;7000;1200;2520
P180161409;P180161409_8;H;7000;0;0;9400;1200;2835
P180161409;P180161409_9;I;7100;1240;0;9500;2440;2835
P180161409;P180161409_10;J;9400;0;0;11800;1200;2835
P180161409;P180161409_11;K;9500;1240;0;11900;2440;2835
P180161409;P180161409_12;L;11800;0;0;13400;1200;2700
P180161409;P180161409_13;M;11900;1240;0;13500;2440;1815
P180161403;P180161403_1;A;0;0;0;1200;2400;2835
P180161403;P180161403_2;B;1200;0;0;2200;1200;2700
P180161403;P180161403_3;C;1200;1240;0;3100;2440;2865
P180161403;P180161403_4;D;2200;0;0;3200;1200;2865
P180161403;P180161403_5;E;3100;1240;0;4100;2440;2160
P180161403;P180161403_6;F;3200;0;0;5600;1200;2835
P180161403;P180161403_7;G;4100;1240;0;6500;2440;2835
P180161403;P180161403_8;H;5600;0;0;8000;1200;2835
P180161403;P180161403_9;I;6500;1240;0;8900;2440;2835
P180161403;P180161403_10;J;8000;0;0;10400;1200;2835
P180161403;P180161403_11;K;8900;1240;0;11300;2440;1905
P180161403;P180161403_12;L;10400;0;0;12000;1200;2700
P180161403;P180161403_13;M;11300;1240;0;12900;2440;2700
P180161403;P180161403_14;N;12000;0;0;13000;1200;2340
P179161409;P179161409_1;A;0;0;0;1200;2400;2835
P179161409;P179161409_2;B;1200;0;0;3100;1200;2865
P179161409;P179161409_3;C;1200;1240;0;3600;2440;2835
P179161409;P179161409_4;D;3100;0;0;4100;1200;2700
P179161409;P179161409_5;E;3600;1240;0;5200;2440;2700
P179161409;P179161409_6;F;4100;0;0;6500;1200;2835
P179161409;P179161409_7;G;5200;1240;0;7600;2440;2835
P179161409;P179161409_8;H;6500;0;0;8400;1200;2865
P179161409;P179161409_9;I;7600;1240;0;8600;2440;2865
P179161409;P179161409_10;J;8400;0;0;10000;1200;2700
P179161409;P179161409_11;K;8600;1240;0;11000;2440;2835
P179161409;P179161409_12;L;10000;0;0;12400;1200;2835
P179161409;P179161409_13;M;11000;1240;0;13400;2440;2835
P179161409;P179161409_14;N;12400;0;0;13400;1200;2700
P179161405;P179161405_1;A;0;1660;0;570;2440;1771
P179161405;P179161405_2;B;0;0;0;570;780;1771
P179161405;P179161405_3;C;0;780;0;570;1560;909
P179161405;P179161405_4;D;570;0;0;1770;2400;2835
P179161405;P179161405_5;E;1770;0;0;2970;2400;2835
P179161405;P179161405_6;F;2970;0;0;4170;2400;2835
P179161405;P179161405_7;G;4170;1240;0;5770;2440;2700
P179161405;P179161405_8;H;4170;0;0;5170;1200;2865
P179161405;P179161405_9;I;5170;0;0;7070;1200;2865
P179161405;P179161405_10;J;5770;1240;0;6770;2440;2520
P179161405;P179161405_11;K;6770;1240;0;8370;2440;2700
P179161405;P179161405_12;L;7070;0;0;9470;1200;2835
P179161405;P179161405_13;M;8370;1240;0;10770;2440;2835
P179161405;P179161405_14;N;9470;0;0;11870;1200;2835
P179161405;P179161405_15;O;10770;1240;0;11770;2440;750
P179161405;P179161405_16;P;11770;1240;0;13370;2440;2700
P179161405;P179161405_17;Q;11870;0;0;13470;1200;1815
P178161415;P178161415_1;A;0;0;0;1200;2400;2835
P178161415;P178161415_2;B;1200;40;0;2400;2440;2835
P178161415;P178161415_3;C;2400;1240;0;4000;2440;2700
P178161415;P178161415_4;D;2400;0;0;4300;1200;2865
P178161415;P178161415_5;E;4000;1240;0;6400;2440;2835
P178161415;P178161415_6;F;4300;0;0;6700;1200;2835
P178161415;P178161415_7;G;6400;1240;0;7400;2440;2520
P178161415;P178161415_8;H;6700;0;0;8300;1200;2700
P178161415;P178161415_9;I;7400;1240;0;9800;2440;2835
P178161415;P178161415_10;J;8300;0;0;9900;1200;930
P178161415;P178161415_11;K;9800;1240;0;12200;2440;2835
P178161415;P178161415_12;L;9900;0;0;12300;1200;2835
P178161415;P178161415_13;M;12300;40;0;13500;2440;2835
P178161403;P178161403_1;A;0;1240;0;1900;2440;2865
P178161403;P178161403_2;B;0;20;0;1000;1220;2340
P178161403;P178161403_3;C;1000;20;0;3400;1220;2835
P178161403;P178161403_4;D;1900;1230;0;4300;2430;2835
P178161403;P178161403_5;E;3400;0;0;5800;1200;2835
P178161403;P178161403_6;F;4300;1240;0;6700;2440;2835
P178161403;P178161403_7;G;5800;0;0;7400;1200;2700
P178161403;P178161403_8;H;6700;1240;0;8300;2440;2700
P178161403;P178161403_9;I;7400;0;0;9300;1200;2865
P178161403;P178161403_10;J;8300;1240;0;9300;2440;2700
P178161403;P178161403_11;K;9300;0;0;10300;1200;2340
P178161403;P178161403_12;L;9300;1240;0;11700;2440;2835
P178161403;P178161403_13;M;10300;0;0;12700;1200;2835
P178161403;P178161403_14;N;11700;1240;0;13300;2440;2700
P177161415;P177161415_1;A;0;0;0;1200;2400;2835
P177161415;P177161415_2;B;1200;0;0;2400;2400;2835
P177161415;P177161415_3;C;2400;0;0;3600;2400;2835
P177161415;P177161415_4;D;3600;0;0;4800;2400;2835
P177161415;P177161415_5;E;4800;1240;0;6400;2440;2700
P177161415;P177161415_6;F;4800;0;0;5800;1200;2865
P177161415;P177161415_7;G;5800;0;0;7700;1200;2865
P177161415;P177161415_8;H;6400;1240;0;8800;2440;2835
P177161415;P177161415_9;I;7700;0;0;10100;1200;2835
P177161415;P177161415_10;J;8800;1240;0;11200;2440;2835
P177161415;P177161415_11;K;10100;0;0;11700;1200;2700
P177161415;P177161415_12;L;11200;1240;0;12200;2440;2520
P177161415;P177161415_13;M;11700;0;0;13300;1200;1815
P177161415;P177161415_14;N;12200;1240;0;13200;2440;750
P177161409;P177161409_1;A;0;0;0;1200;2400;2835
P177161409;P177161409_2;B;1200;0;0;2400;2400;2835
P177161409;P177161409_3;C;2400;0;0;4300;1200;2865
P177161409;P177161409_4;D;2400;1240;0;4800;2440;2835
P177161409;P177161409_5;E;4300;0;0;6700;1200;2835
P177161409;P177161409_6;F;4800;1240;0;7200;2440;2835
P177161409;P177161409_7;G;6700;0;0;8300;1200;2700
P177161409;P177161409_8;H;7200;1240;0;8800;2440;2700
P177161409;P177161409_9;I;8300;0;0;10200;1200;2865
P177161409;P177161409_10;J;8800;1240;0;9800;2440;2700
P177161409;P177161409_11;K;9800;1240;0;11400;2440;2700
P177161409;P177161409_12;L;10200;0;0;11200;1200;2520
P177161409;P177161409_13;M;11200;0;0;12200;1200;2160
P177161409;P177161409_14;N;12200;40;0;13400;2440;2835
P175161451;P175161451_1;A;0;0;0;1200;2400;2835
P175161451;P175161451_2;B;1200;40;0;2400;2440;2835
P175161451;P175161451_3;C;2400;0;0;3600;2400;2835
P175161451;P175161451_4;D;3600;0;0;4800;2400;2835
P175161451;P175161451_5;E;4800;0;0;5800;1200;2700
P175161451;P175161451_6;F;4800;1240;0;6400;2440;2700
P175161451;P175161451_7;G;5800;0;0;6800;1200;2340
P175161451;P175161451_8;H;6400;1240;0;8000;2440;2700
P175161451;P175161451_9;I;6800;0;0;8400;1200;2700
P175161451;P175161451_10;J;8000;1240;0;9600;2440;2700
P175161451;P175161451_11;K;8400;0;0;10800;1200;2835
P175161451;P175161451_12;L;9600;1240;0;11500;2440;2865
P175161451;P175161451_13;M;10800;0;0;13200;1200;975
P175161451;P175161451_14;N;11500;1240;0;13400;2440;2865
P174161415;P174161415_1;A;0;0;0;1200;2400;2835
P174161415;P174161415_2;B;1200;0;0;2400;2400;2835
P174161415;P174161415_3;C;2400;0;0;3600;2400;2835
P174161415;P174161415_4;D;3600;0;0;4800;2400;2835
P174161415;P174161415_5;E;4800;0;0;6000;2400;2835
P174161415;P174161415_6;F;6000;0;0;7200;2400;2835
P174161415;P174161415_7;G;7200;0;0;8400;2400;2835
P174161415;P174161415_8;H;8400;0;0;9600;2400;2835
P174161415;P174161415_9;I;9600;0;0;10800;2400;2835
P174161415;P174161415_10;J;10800;0;0;12000;2400;2835
P174161415;P174161415_11;K;12000;0;0;13200;2400;2835
P174161409;P174161409_1;A;0;0;0;1000;1200;2865
P174161409;P174161409_2;B;0;1240;0;2400;2440;2835
P174161409;P174161409_3;C;1000;0;0;3400;1200;2835
P174161409;P174161409_4;D;2400;1240;0;3400;2440;2520
P174161409;P174161409_5;E;3400;1240;0;5000;2440;2700
P174161409;P174161409_6;F;3400;0;0;5300;1200;2865
P174161409;P174161409_7;G;5000;1240;0;7400;2440;2835
P174161409;P174161409_8;H;5300;0;0;7700;1200;2835
P174161409;P174161409_9;I;7400;1240;0;9800;2440;2835
P174161409;P174161409_10;J;7700;0;0;10100;1200;2835
P174161409;P174161409_11;K;9800;1240;0;10800;2440;2865
P174161409;P174161409_12;L;10100;0;0;11700;1200;2700
P174161409;P174161409_13;M;10800;1240;0;13200;2440;2835
P174161409;P174161409_14;N;11700;0;0;13300;1200;2700
P174161403;P174161403_1;A;0;0;0;1200;2400;2835
P174161403;P174161403_2;B;1200;0;0;2400;2400;2835
P174161403;P174161403_3;C;2400;0;0;3600;2400;2835
P174161403;P174161403_4;D;3600;0;0;4800;2400;2835
P174161403;P174161403_5;E;4800;1240;0;5800;2440;2865
P174161403;P174161403_6;F;4800;0;0;7200;1200;2835
P174161403;P174161403_7;G;5800;1240;0;7400;2440;2700
P174161403;P174161403_8;H;7200;0;0;9100;1200;2865
P174161403;P174161403_9;I;7400;1240;0;8400;2440;2700
P174161403;P174161403_10;J;8400;1240;0;10000;2440;2700
P174161403;P174161403_11;K;9100;0;0;11500;1200;2835
P174161403;P174161403_12;L;10000;1240;0;12400;2440;2835
P174161403;P174161403_13;M;11500;0;0;13400;1200;2160
P174161403;P174161403_14;N;12400;1240;0;13400;2440;1455
P173161415;P173161415_1;A;0;0;0;1900;1200;2865
P173161415;P173161415_2;B;0;1240;0;1000;2440;2700
P173161415;P173161415_3;C;1000;1240;0;3400;2440;2835
P173161415;P173161415_4;D;1900;0;0;4300;1200;2835
P173161415;P173161415_5;E;3400;1240;0;5000;2440;2700
P173161415;P173161415_6;F;4300;0;0;6700;1200;2835
P173161415;P173161415_7;G;5000;1240;0;7400;2440;2835
P173161415;P173161415_8;H;6700;0;0;9100;1200;2835
P173161415;P173161415_9;I;7400;1240;0;9800;2440;2835
P173161415;P173161415_10;J;9100;0;0;11500;1200;2835
P173161415;P173161415_11;K;9800;1240;0;12200;2440;2835
P173161415;P173161415_12;L;11500;0;0;13100;1200;2700
P173161415;P173161415_13;M;12200;1240;0;13200;2440;2520
P173161403;P173161403_1;A;0;20;0;1200;2420;2835
P173161403;P173161403_2;B;1200;20;0;2400;2420;2835
P173161403;P173161403_3;C;2400;1240;0;4300;2440;2865
P173161403;P173161403_4;D;2400;0;0;4000;1200;2700
P173161403;P173161403_5;E;4000;0;0;5000;1200;2340
P173161403;P173161403_6;F;4300;1240;0;5300;2440;2520
P173161403;P173161403_7;G;5000;0;0;7400;1200;2835
P173161403;P173161403_8;H;5300;1240;0;7700;2440;2835
P173161403;P173161403_9;I;7400;0;0;9800;1200;2835
P173161403;P173161403_10;J;7700;1240;0;10100;2440;2835
P173161403;P173161403_11;K;9800;0;0;12200;1200;2835
P173161403;P173161403_12;L;10100;1240;0;11700;2440;2700
P173161403;P173161403_13;M;11700;1240;0;13300;2440;2700
P173161403;P173161403_14;N;12200;0;0;13200;1200;2160
P172161415;P172161415_1;A;0;0;0;1200;2400;2835
P172161415;P172161415_2;B;1200;0;0;2400;2400;2835
P172161415;P172161415_3;C;2400;0;0;3600;2400;2835
P172161415;P172161415_4;D;3600;0;0;5500;1200;2865
P172161415;P172161415_5;E;3600;1240;0;4600;2440;2700
P172161415;P172161415_6;F;4600;1240;0;6200;2440;2700
P172161415;P172161415_7;G;5500;0;0;7100;1200;2700
P172161415;P172161415_8;H;6200;1240;0;8600;2440;2835
P172161415;P172161415_9;I;7100;0;0;9500;1200;2835
P172161415;P172161415_10;J;8600;1240;0;11000;2440;2835
P172161415;P172161415_11;K;9500;0;0;10500;1200;2865
P172161415;P172161415_12;L;10500;0;0;12900;1200;2835
P172161415;P172161415_13;M;11000;1240;0;13400;2440;2835
P172161409;P172161409_1;A;0;0;0;1200;2400;2835
P172161409;P172161409_2;B;1200;1240;0;3100;2440;2865
P172161409;P172161409_3;C;1200;0;0;2800;1200;2700
P172161409;P172161409_4;D;2800;0;0;3800;1200;2700
P172161409;P172161409_5;E;3100;1240;0;4700;2440;2700
P172161409;P172161409_6;F;3800;0;0;6200;1200;2835
P172161409;P172161409_7;G;4700;1240;0;7100;2440;2835
P172161409;P172161409_8;H;6200;0;0;8600;1200;2835
P172161409;P172161409_9;I;7100;1240;0;9500;2440;2835
P172161409;P172161409_10;J;8600;0;0;11000;1200;2835
P172161409;P172161409_11;K;9500;1240;0;11900;2440;2835
P172161409;P172161409_12;L;11000;0;0;13400;1200;2835
P172161409;P172161409_13;M;11900;1240;0;13500;2440;2700
P172161405;P172161405_1;A;0;1660;0;570;2440;1771
P172161405;P172161405_2;B;0;440;0;570;1220;1771
P172161405;P172161405_3;C;570;0;0;1140;780;1771
P172161405;P172161405_4;D;570;780;0;1140;1560;1771
P172161405;P172161405_5;E;570;1660;0;1140;2440;478
P172161405;P172161405_6;F;1140;0;0;3040;1200;2865
P172161405;P172161405_7;G;1140;1240;0;2140;2440;2340
P172161405;P172161405_8;H;2140;1240;0;4540;2440;2835
P172161405;P172161405_9;I;3040;0;0;4640;1200;2700
P172161405;P172161405_10;J;4540;1240;0;5540;2440;2865
P172161405;P172161405_11;K;4640;0;0;7040;1200;2835
P172161405;P172161405_12;L;5540;1240;0;7940;2440;2835
P172161405;P172161405_13;M;7040;0;0;9440;1200;2835
P172161405;P172161405_14;N;7940;1240;0;9840;2440;2865
P172161405;P172161405_15;O;9440;0;0;11840;1200;2835
P172161405;P172161405_16;P;9840;1240;0;12240;2440;2835
P172161405;P172161405_17;Q;11840;0;0;13440;1200;2700
P172161405;P172161405_18;R;12240;1240;0;13240;2440;2520
P171161409;P171161409_1;A;0;0;0;1900;1200;2865
P171161409;P171161409_2;B;0;1240;0;2400;2440;2835
P171161409;P171161409_3;C;1900;0;0;3500;1200;2700
P171161409;P171161409_4;D;2400;1240;0;4800;2440;2835
P171161409;P171161409_5;E;3500;0;0;5900;1200;2835
P171161409;P171161409_6;F;4800;1240;0;5800;2440;2700
P171161409;P171161409_7;G;5800;1240;0;7400;2440;2700
P171161409;P171161409_8;H;5900;0;0;8300;1200;2835
P171161409;P171161409_9;I;7400;1240;0;8400;2440;2865
P171161409;P171161409_10;J;8300;0;0;10700;1200;2835
P171161409;P171161409_11;K;8400;1240;0;10800;2440;2835
P171161409;P171161409_12;L;10700;0;0;12300;1200;2700
P171161409;P171161409_13;M;10800;1240;0;13200;2440;2835
P171161409;P171161409_14;N;12300;0;0;13500;1000;2520
P171161403;P171161403_1;A;0;620;0;1900;1820;2865
P171161403;P171161403_2;B;1900;1240;0;3800;2440;2865
P171161403;P171161403_3;C;1900;0;0;3500;1200;2700
P171161403;P171161403_4;D;3500;0;0;5100;1200;2700
P171161403;P171161403_5;E;3800;1240;0;6200;2440;2835
P171161403;P171161403_6;F;5100;0;0;6100;1200;2520
P171161403;P171161403_7;G;6100;0;0;7700;1200;2700
P171161403;P171161403_8;H;6200;1240;0;8600;2440;2835
P171161403;P171161403_9;I;7700;0;0;10100;1200;2835
P171161403;P171161403_10;J;8600;1240;0;11000;2440;2835
P171161403;P171161403_11;K;10100;0;0;12500;1200;2835
P171161403;P171161403_12;L;11000;1240;0;13400;2440;2835
P171161403;P171161403_13;M;12500;0;0;13500;1200;2340
P170161415;P170161415_1;A;0;0;0;1200;2400;2835
P170161415;P170161415_2;B;1200;0;0;2400;2400;2835
P170161415;P170161415_3;C;2400;0;0;3600;2400;2835
P170161415;P170161415_4;D;3600;0;0;4800;2400;2835
P170161415;P170161415_5;E;4800;0;0;6000;2400;2835
P170161415;P170161415_6;F;6000;0;0;7600;1200;2700
P170161415;P170161415_7;G;6000;1240;0;7900;2440;2865
P170161415;P170161415_8;H;7600;0;0;10000;1200;2835
P170161415;P170161415_9;I;7900;1240;0;10300;2440;2835
P170161415;P170161415_10;J;10000;0;0;12400;1200;2835
P170161415;P170161415_11;K;10300;1240;0;11900;2440;2700
P170161415;P170161415_12;L;11900;1240;0;13500;2440;1815
P170161415;P170161415_13;M;12400;0;0;13400;1200;2520
P170161409;P170161409_1;A;0;0;0;1000;1200;2865
P170161409;P170161409_2;B;0;1240;0;2400;2440;2835
P170161409;P170161409_3;C;1000;0;0;3400;1200;2835
P170161409;P170161409_4;D;2400;1240;0;4800;2440;2835
P170161409;P170161409_5;E;3400;0;0;5300;1200;2865
P170161409;P170161409_6;F;4800;1240;0;7200;2440;2835
P170161409;P170161409_7;G;5300;0;0;7200;1200;1455
P170161409;P170161409_8;H;7200;1240;0;8800;2440;2700
P170161409;P170161409_9;I;7200;0;0;8800;1200;2700
P170161409;P170161409_10;J;8800;0;0;9800;1200;2700
P170161409;P170161409_11;K;8800;1240;0;9800;2440;1455
P170161409;P170161409_12;L;9800;0;0;11000;2400;2835
P170161409;P170161409_13;M;11000;0;0;12200;2400;2835
P170161409;P170161409_14;N;12200;0;0;13400;2400;2835
P168161451;P168161451_1;A;0;0;0;1200;2400;2835
P168161451;P168161451_2;B;1200;0;0;2400;2400;2835
P168161451;P168161451_3;C;2400;0;0;3600;2400;2835
P168161451;P168161451_4;D;3600;0;0;4800;2400;2835
P168161451;P168161451_5;E;4800;1240;0;6400;2440;2700
P168161451;P168161451_6;F;4800;0;0;5800;1200;2865
P168161451;P168161451_7;G;5800;0;0;8200;1200;1905
P168161451;P168161451_8;H;6400;1240;0;7400;2440;2700
P168161451;P168161451_9;I;7400;1240;0;9000;2440;2700
P168161451;P168161451_10;J;8200;0;0;10100;1200;2865
P168161451;P168161451_11;K;9000;1240;0;10900;2440;2865
P168161451;P168161451_12;L;10100;0;0;11700;1200;2700
P168161451;P168161451_13;M;10900;1240;0;12500;2440;2700
P168161451;P168161451_14;N;11700;0;0;13300;1200;1815
P168161451;P168161451_15;O;12500;1240;0;13500;2440;2520
P167161415;P167161415_1;A;0;0;0;1200;2400;2835
P167161415;P167161415_2;B;1200;0;0;2400;2400;2835
P167161415;P167161415_3;C;2400;0;0;3600;2400;2835
P167161415;P167161415_4;D;3600;0;0;4800;2400;2835
P167161415;P167161415_5;E;4800;0;0;6000;2400;2835
P167161415;P167161415_6;F;6000;0;0;7200;2400;2835
P167161415;P167161415_7;G;7200;0;0;8400;2400;2835
P167161415;P167161415_8;H;8400;0;0;9600;2400;2835
P167161415;P167161415_9;I;9600;1240;0;10600;2440;2865
P167161415;P167161415_10;J;9600;0;0;11500;1200;2865
P167161415;P167161415_11;K;10600;1240;0;13000;2440;2835
P167161415;P167161415_12;L;11500;0;0;13100;1200;2700
P167161409;P167161409_1;A;0;0;0;1200;2400;2835
P167161409;P167161409_2;B;1200;0;0;2400;2400;2835
P167161409;P167161409_3;C;2400;1240;0;3400;2440;2700
P167161409;P167161409_4;D;2400;0;0;4000;1200;2700
P167161409;P167161409_5;E;3400;1240;0;5800;2440;2835
P167161409;P167161409_6;F;4000;0;0;5000;1200;2340
P167161409;P167161409_7;G;5000;0;0;7400;1200;2835
P167161409;P167161409_8;H;5800;1240;0;8200;2440;2835
P167161409;P167161409_9;I;7400;0;0;9800;1200;2835
P167161409;P167161409_10;J;8200;1240;0;9800;2440;2700
P167161409;P167161409_11;K;9800;0;0;11000;2400;2835
P167161409;P167161409_12;L;11000;0;0;12200;2400;2835
P167161409;P167161409_13;M;12200;0;0;13400;2400;2835
P167161403;P167161403_1;A;0;0;0;1200;2400;2835
P167161403;P167161403_2;B;1200;0;0;2400;2400;2835
P167161403;P167161403_3;C;2400;0;0;3600;2400;2835
P167161403;P167161403_4;D;3600;1240;0;5200;2440;2700
P167161403;P167161403_5;E;3600;0;0;5500;1200;2865
P167161403;P167161403_6;F;5200;1240;0;7100;2440;2865
P167161403;P167161403_7;G;5500;0;0;6500;1200;2865
P167161403;P167161403_8;H;6500;0;0;7500;1200;2520
P167161403;P167161403_9;I;7100;1240;0;8700;2440;2700
P167161403;P167161403_10;J;7500;0;0;8500;1200;2700
P167161403;P167161403_11;K;8500;0;0;10100;1200;2700
P167161403;P167161403_12;L;8700;1240;0;11100;2440;2835
P167161403;P167161403_13;M;10100;0;0;12500;1200;2835
P167161403;P167161403_14;N;11100;1240;0;13500;2440;1905
P167161403;P167161403_15;O;12500;0;0;13500;1200;1455
P166161415;P166161415_1;A;0;0;0;1200;2400;2835
P166161415;P166161415_2;B;1200;1240;0;2800;2440;2700
P166161415;P166161415_3;C;1200;0;0;3600;1200;2835
P166161415;P166161415_4;D;2800;1240;0;5200;2440;2835
P166161415;P166161415_5;E;3600;0;0;5500;1200;2160
P166161415;P166161415_6;F;5200;1240;0;7600;2440;2835
P166161415;P166161415_7;G;5500;0;0;6500;1200;2340
P166161415;P166161415_8;H;6500;0;0;8900;1200;2835
P166161415;P166161415_9;I;7600;1240;0;9200;2440;1815
P166161415;P166161415_10;J;8900;0;0;11300;1200;2835
P166161415;P166161415_11;K;9200;1240;0;11600;2440;975
P166161409;P166161409_1;A;0;0;0;1600;1200;2700
P166161409;P166161409_2;B;0;1240;0;2400;2440;2835
P166161409;P166161409_3;C;1600;0;0;4000;1200;2835
P166161409;P166161409_4;D;2400;1240;0;4800;2440;2835
P166161409;P166161409_5;E;4000;0;0;6400;1200;2835
P166161409;P166161409_6;F;4800;1240;0;5800;2440;2700
P166161409;P166161409_7;G;5800;1240;0;6800;2440;2160
P166161409;P166161409_8;H;6400;0;0;8800;1200;2835
P166161409;P166161409_9;I;6800;1240;0;9200;2440;2835
P166161409;P166161409_10;J;8800;0;0;11200;1200;2835
P166161409;P166161409_11;K;9200;1240;0;10800;2440;2700
P166161409;P166161409_12;L;10800;1240;0;12700;2440;2865
P166161409;P166161409_13;M;11200;0;0;13100;1200;1455
P166161403;P166161403_1;A;0;0;0;1200;2400;1905
P166161403;P166161403_2;B;1200;1240;0;2800;2440;1815
P166161403;P166161403_3;C;1200;0;0;3100;1200;2865
P166161403;P166161403_4;D;2800;1240;0;4400;2440;1815
P166161403;P166161403_5;E;3100;0;0;4100;1200;1635
P166161403;P166161403_6;F;4100;0;0;6500;1200;2835
P166161403;P166161403_7;G;4400;1240;0;6800;2440;2835
P166161403;P166161403_8;H;6500;0;0;8900;1200;2835
P166161403;P166161403_9;I;6800;1240;0;8400;2440;1815
P166161403;P166161403_10;J;8400;1240;0;9400;2440;1635
P166161403;P166161403_11;K;8900;0;0;11300;1200;2835
P166161403;P166161403_12;L;9400;1240;0;11800;2440;1905
P166161403;P166161403_13;M;11300;0;0;12300;1200;1455
P166161403;P166161403_14;N;12300;40;0;13500;2440;975
P240061909;P240061909_1;A;0;830;0;570;1610;1340
P240061909;P240061909_2;B;570;830;0;1140;1610;1340
P240061909;P240061909_3;C;1140;830;0;1710;1610;1340
P240061909;P240061909_4;D;1710;830;0;2280;1610;1340
P240061909;P240061909_5;E;2280;1610;0;2850;2390;1340
P240061909;P240061909_6;F;2280;415;0;2850;1195;1340
P240061909;P240061909_7;G;2850;830;0;3420;1610;1340
P240061909;P240061909_8;H;3420;830;0;3990;1610;1340
P240061909;P240061909_9;I;3990;1610;0;4560;2390;1340
P240061909;P240061909_10;J;3990;830;0;4560;1610;1340
P240061909;P240061909_11;K;4560;830;0;5130;1610;1340
P240061909;P240061909_12;L;5130;1610;0;5700;2390;1340
P240061909;P240061909_13;M;5130;415;0;5700;1195;1340
P240061909;P240061909_14;N;5700;830;0;6270;1610;1340
P240061909;P240061909_15;O;6270;1610;0;6840;2390;1340
P240061909;P240061909_16;P;6270;830;0;6840;1610;1340
P240061909;P240061909_17;Q;6840;1660;0;7410;2440;909
P240061909;P240061909_18;R;6840;860;0;7440;1660;1596
P240061909;P240061909_19;S;6840;60;0;7440;860;1596
P240061909;P240061909_20;T;7410;1840;0;8210;2440;1596
P240061909;P240061909_21;U;7440;0;0;8240;600;1596
P240061909;P240061909_22;V;7440;600;0;8240;1200;1596
P240061909;P240061909_23;W;7440;1200;0;8240;1800;1596
P240061903;P240061903_1;A;0;0;0;1200;2400;2775
P240061903;P240061903_2;B;1200;0;0;2400;2400;2775
P240061903;P240061903_3;C;2400;0;0;3600;2400;2775
P240061903;P240061903_4;D;3600;0;0;4800;2400;2775
P240061903;P240061903_5;E;4800;0;0;6000;2400;2775
P240061903;P240061903_6;F;6000;0;0;7200;2400;2775
P240061903;P240061903_7;G;7200;0;0;8400;2400;2775
P240061903;P240061903_8;H;8400;0;0;9600;2400;2775
P240061903;P240061903_9;I;9600;0;0;10800;2400;2775
P240061903;P240061903_10;J;10800;0;0;12000;2400;2775
P240061903;P240061903_11;K;12000;0;0;13200;2400;2775
Q240061903_1;Q240061903_1_1;A;0;0;0;1200;2400;2775
Q240061903_1;Q240061903_1_2;B;1200;0;0;2400;2400;2775
Q240061903_1;Q240061903_1_3;C;2400;0;0;3600;2400;2775
Q240061903_1;Q240061903_1_4;D;3600;0;0;4800;2400;2580
Q240061903_1;Q240061903_1_5;E;4800;0;0;6000;2400;2385
Q240061903_1;Q240061903_1_6;F;6000;0;0;7200;2400;2385
Q240061903_1;Q240061903_1_7;G;7200;0;0;8400;2400;2385
Q240061903_1;Q240061903_1_8;H;8400;0;0;9600;2400;2385
Q240061903_1;Q240061903_1_9;I;9600;0;0;10800;2400;2385
Q240061903_1;Q240061903_1_10;J;10800;0;0;12000;2400;2385
Q240061903_1;Q240061903_1_11;K;12000;0;0;13200;2400;2385
Q240061903_2;Q240061903_2_1;A;0;0;0;1200;2400;2385
Q240061903_2;Q240061903_2_2;B;1200;0;0;2400;2400;2385
Q240061903_2;Q240061903_2_3;C;2400;0;0;3600;2400;2385
Q240061903_2;Q240061903_2_4;D;3600;0;0;4800;2400;2385
Q240061903_2;Q240061903_2_5;E;4800;0;0;6000;2400;2385
Q240061903_2;Q240061903_2_6;F;6000;0;0;7200;2400;2385
Q240061903_2;Q240061903_2_7;G;7200;0;0;8400;2400;2385
Q240061903_2;Q240061903_2_8;H;8400;0;0;9600;2400;1215
Q240061903_2;Q240061903_2_9;I;9600;0;0;10600;1200;2835
Q240061903_2;Q240061903_2_10;J;9600;1240;0;10600;2440;2835
Q240061903_2;Q240061903_2_11;K;10600;1240;0;11600;2440;2835
Q240061903_2;Q240061903_2_12;L;10600;0;0;11600;1200;2835
Q240061903_2;Q240061903_2_13;M;11600;0;0;12800;1000;2835
P209061913;P209061913_1;A;0;1234;0;1010;2440;385
P209061913;P209061913_2;B;0;0;0;1000;1200;2835
P209061913;P209061913_3;C;1000;0;0;3400;1200;2775
P209061913;P209061913_4;D;1010;1240;0;2010;2440;1905
P209061913;P209061913_5;E;2010;1240;0;4410;2440;2340
P209061913;P209061913_6;F;3400;0;0;5800;1200;2580
P209061913;P209061913_7;G;4410;1240;0;6810;2440;2385
P209061913;P209061913_8;H;5800;0;0;8200;1200;2385
P209061913;P209061913_9;I;6810;1240;0;9210;2440;2385
P209061913;P209061913_10;J;8200;0;0;9200;1200;2505
P209061913;P209061913_11;K;9200;0;0;10200;1200;2505
P209061913;P209061913_12;L;9210;1240;0;10210;2440;2505
P209061913;P209061913_13;M;10200;0;0;11200;1200;2505
P209061913;P209061913_14;N;10210;1240;0;11210;2440;2505
P209061913;P209061913_15;O;11200;0;0;12200;1200;2505
P209061913;P209061913_16;P;11210;1240;0;12210;2440;2505
P209061913;P209061913_17;Q;12200;0;0;13200;1200;2505
P209061913;P209061913_18;R;12210;1234;0;13220;2440;285
P209061903;P209061903_1;A;0;0;0;1200;2400;2385
P209061903;P209061903_2;B;1200;40;0;2400;2440;2385
P209061903;P209061903_3;C;2400;0;0;3600;2400;2385
P209061903;P209061903_4;D;3600;0;0;4800;2400;2385
P209061903;P209061903_5;E;4800;0;0;6000;2400;2385
P209061903;P209061903_6;F;6000;0;0;7000;1200;2835
P209061903;P209061903_7;G;6000;1240;0;8400;2440;2385
P209061903;P209061903_8;H;7000;0;0;9400;1200;2580
P209061903;P209061903_9;I;8400;1240;0;10800;2440;2775
P209061903;P209061903_10;J;9400;0;0;10400;1200;2835
P209061903;P209061903_11;K;10400;0;0;12800;1200;2385
P209061903;P209061903_12;L;10800;1240;0;13200;2440;2385
P208061913;P208061913_1;A;0;0;0;1200;2400;2775
P208061913;P208061913_2;B;1200;0;0;2400;2400;2775
P208061913;P208061913_3;C;2400;0;0;3600;2400;2775
P208061913;P208061913_4;D;3600;0;0;4800;2400;2775
P208061913;P208061913_5;E;4800;0;0;6000;2400;2775
P208061913;P208061913_6;F;6000;0;0;7200;2400;2775
P208061913;P208061913_7;G;7200;0;0;8400;2400;2775
P208061913;P208061913_8;H;8400;0;0;9400;1200;2835
P208061913;P208061913_9;I;8400;1240;0;10800;2440;2775
P208061913;P208061913_10;J;9400;0;0;10400;1200;2835
P208061913;P208061913_11;K;10400;0;0;11400;1200;1905
P208061913;P208061913_12;L;10800;1240;0;13200;2440;2385
P208061913;P208061913_13;M;11400;0;0;12400;1200;2505
P208061913;P208061913_14;N;12400;0;0;13400;1200;2505
P208061911;P208061911_1;A;0;0;0;1200;2400;2385
P208061911;P208061911_2;B;1200;40;0;2400;2440;2580
P208061911;P208061911_3;C;2400;0;0;3600;2400;2775
P208061911;P208061911_4;D;3600;0;0;4800;2400;2580
P208061911;P208061911_5;E;4800;0;0;6000;2400;2385
P208061911;P208061911_6;F;6000;0;0;7200;2400;2385
P208061911;P208061911_7;G;7200;0;0;8400;2400;2385
P208061911;P208061911_8;H;8400;0;0;9600;2400;2385
P208061911;P208061911_9;I;9600;0;0;10800;2400;2385
P208061911;P208061911_10;J;10800;0;0;12000;2400;2775
P208061911;P208061911_11;K;12000;0;0;13200;2400;2580
P208061903;P208061903_1;A;0;0;0;1200;2400;2775
P208061903;P208061903_2;B;1200;40;0;2400;2440;2775
P208061903;P208061903_3;C;2400;0;0;3600;2400;2775
P208061903;P208061903_4;D;3600;0;0;4800;2400;2775
P208061903;P208061903_5;E;4800;0;0;6000;2400;2385
P208061903;P208061903_6;F;6000;0;0;7200;2400;2385
P208061903;P208061903_7;G;7200;0;0;8400;2400;2385
P208061903;P208061903_8;H;8400;0;0;9400;1200;2835
P208061903;P208061903_9;I;8400;1240;0;10800;2440;2385
P208061903;P208061903_10;J;9400;0;0;11800;1200;2385
P208061903;P208061903_11;K;10800;1240;0;13200;2440;2385
P208061903;P208061903_12;L;11800;0;0;12800;1200;2835
P207061913;P207061913_1;A;0;0;0;1200;2400;2775
P207061913;P207061913_2;B;1200;0;0;2400;2400;2775
P207061913;P207061913_3;C;2400;0;0;3600;2400;2775
P207061913;P207061913_4;D;3600;0;0;4800;2400;2775
P207061913;P207061913_5;E;4800;0;0;6000;2400;2775
P207061913;P207061913_6;F;6000;1240;0;7000;2440;2835
P207061913;P207061913_7;G;6000;0;0;8400;1200;2340
P207061913;P207061913_8;H;7000;1240;0;9400;2440;2775
P207061913;P207061913_9;I;8400;0;0;9400;1200;2835
P207061913;P207061913_10;J;9400;0;0;10400;1200;2505
P207061913;P207061913_11;K;9400;1240;0;10400;2440;2505
P207061913;P207061913_12;L;10400;1240;0;11400;2440;2505
P207061913;P207061913_13;M;10400;0;0;11400;1200;2505
P207061913;P207061913_14;N;11400;0;0;12400;1200;2505
P207061913;P207061913_15;O;11400;1240;0;12400;2440;2505
P207061913;P207061913_16;P;12400;1240;0;13400;2440;2505
P207061913;P207061913_17;Q;12400;0;0;13400;1200;1685
P207061911;P207061911_1;A;0;0;0;1200;2400;2775
P207061911;P207061911_2;B;1200;0;0;2400;2400;2775
P207061911;P207061911_3;C;2400;0;0;3600;2400;2775
P207061911;P207061911_4;D;3600;0;0;4800;2400;2775
P207061911;P207061911_5;E;4800;0;0;6000;2400;2580
P207061911;P207061911_6;F;6000;0;0;7200;2400;2385
P207061911;P207061911_7;G;7200;0;0;8400;2400;2775
P207061911;P207061911_8;H;8400;0;0;9600;2400;2775
P207061911;P207061911_9;I;9600;0;0;10800;2400;2775
P207061911;P207061911_10;J;10800;0;0;12000;2400;2775
P207061911;P207061911_11;K;12000;0;0;13200;2400;2580
P207061909;P207061909_1;A;0;0;0;1000;1200;2835
P207061909;P207061909_2;B;0;1240;0;2400;2440;2385
P207061909;P207061909_3;C;1000;0;0;3400;1200;2385
P207061909;P207061909_4;D;2400;1240;0;4800;2440;2385
P207061909;P207061909_5;E;3400;0;0;5800;1200;2775
P207061909;P207061909_6;F;4800;1240;0;5800;2440;2835
P207061909;P207061909_7;G;5800;0;0;7000;2400;2775
P207061909;P207061909_8;H;7000;0;0;8200;2400;2775
P207061909;P207061909_9;I;8200;0;0;9400;2400;2580
P207061909;P207061909_10;J;9400;0;0;10600;2400;2385
P207061909;P207061909_11;K;10600;1660;0;11170;2440;1340
P207061909;P207061909_12;L;10600;0;0;11200;800;1596
P207061909;P207061909_13;M;10600;800;0;11200;1600;1596
P207061909;P207061909_14;N;11170;1640;0;11770;2440;1596
P207061909;P207061909_15;O;11200;0;0;11770;780;1340
P207061909;P207061909_16;P;11200;860;0;11770;1640;1340
P207061909;P207061909_17;Q;11770;0;0;12340;780;1340
P207061909;P207061909_18;R;11770;780;0;12340;1560;1340
P207061909;P207061909_19;S;11770;1660;0;12340;2440;1340
P207061909;P207061909_20;T;12340;1660;0;12910;2440;1340
P207061909;P207061909_21;U;12340;0;0;12910;780;1340
P207061909;P207061909_22;V;12340;780;0;12910;1560;1340
P207061909;P207061909_23;W;12910;0;0;13480;780;1340
P207061909;P207061909_24;X;12910;780;0;13480;1560;1340
P207061909;P207061909_25;Y;12910;1660;0;13480;2440;1340
P207061903;P207061903_1;A;0;0;0;1200;2400;2385
P207061903;P207061903_2;B;1200;40;0;2400;2440;2385
P207061903;P207061903_3;C;2400;0;0;3600;2400;2385
P207061903;P207061903_4;D;3600;40;0;4800;2440;2385
P207061903;P207061903_5;E;4800;0;0;6000;2400;2385
P207061903;P207061903_6;F;6000;40;0;7200;2440;2385
P207061903;P207061903_7;G;7200;0;0;8400;2400;2775
P207061903;P207061903_8;H;8400;0;0;9600;2400;2580
P207061903;P207061903_9;I;9600;1240;0;10600;2440;2835
P207061903;P207061903_10;J;9600;0;0;12000;1200;2385
P207061903;P207061903_11;K;10600;1240;0;13000;2440;2385
P207061903;P207061903_12;L;12000;0;0;13000;1200;975
P206061913;P206061913_1;A;0;0;0;1200;2400;2775
P206061913;P206061913_2;B;1200;40;0;2400;2440;2775
P206061913;P206061913_3;C;2400;1240;0;3400;2440;2835
P206061913;P206061913_4;D;2400;0;0;4800;1200;2775
P206061913;P206061913_5;E;3400;1240;0;5800;2440;2775
P206061913;P206061913_6;F;4800;0;0;7200;1200;2775
P206061913;P206061913_7;G;5800;1240;0;8200;2440;2775
P206061913;P206061913_8;H;7200;0;0;9600;1200;2775
P206061913;P206061913_9;I;8200;1240;0;9200;2440;1905
P206061913;P206061913_10;J;9200;1240;0;10200;2440;2505
P206061913;P206061913_11;K;9600;0;0;10600;1200;2505
P206061913;P206061913_12;L;10200;1240;0;11200;2440;2505
P206061913;P206061913_13;M;10600;0;0;11600;1200;2505
P206061913;P206061913_14;N;11200;1240;0;12200;2440;1685
P206061913;P206061913_15;O;11600;0;0;12610;1206;285
P206061911;P206061911_1;A;0;0;0;1200;2400;2580
P206061911;P206061911_2;B;1200;0;0;2400;2400;2775
P206061911;P206061911_3;C;2400;0;0;3400;1200;2835
P206061911;P206061911_4;D;2400;1240;0;4800;2440;2775
P206061911;P206061911_5;E;3400;0;0;5800;1200;2385
P206061911;P206061911_6;F;4800;1240;0;7200;2440;2385
P206061911;P206061911_7;G;5800;0;0;8200;1200;2385
P206061911;P206061911_8;H;7200;1240;0;9600;2440;2385
P206061911;P206061911_9;I;8200;0;0;10600;1200;2385
P206061911;P206061911_10;J;9600;1240;0;12000;2440;2385
P206061911;P206061911_11;K;10600;0;0;13000;1200;2580
P206061903;P206061903_1;A;0;0;0;1200;2400;2775
P206061903;P206061903_2;B;1200;0;0;2400;2400;2775
P206061903;P206061903_3;C;2400;0;0;3600;2400;2580
P206061903;P206061903_4;D;3600;0;0;4800;2400;2385
P206061903;P206061903_5;E;4800;0;0;6000;2400;2385
P206061903;P206061903_6;F;6000;0;0;7200;2400;2385
P206061903;P206061903_7;G;7200;0;0;8200;1200;2835
P206061903;P206061903_8;H;7200;1240;0;9600;2440;2385
P206061903;P206061903_9;I;8200;0;0;10600;1200;2385
P206061903;P206061903_10;J;9600;1240;0;12000;2440;2385
P206061903;P206061903_11;K;10600;0;0;13000;1200;2385
P206061903;P206061903_12;L;12000;1240;0;13000;2440;2835
P205061913;P205061913_1;A;0;0;0;1200;2400;2580
P205061913;P205061913_2;B;1200;0;0;2400;2400;2775
P205061913;P205061913_3;C;2400;0;0;3600;2400;2775
P205061913;P205061913_4;D;3600;0;0;4800;2400;2775
P205061913;P205061913_5;E;4800;0;0;6000;2400;2775
P205061913;P205061913_6;F;6000;0;0;7200;2400;2775
P205061913;P205061913_7;G;7200;0;0;8400;2400;2775
P205061913;P205061913_8;H;8400;0;0;9600;2400;2775
P205061913;P205061913_9;I;9600;0;0;10800;2400;2775
P205061913;P205061913_10;J;10800;0;0;12000;2400;2775
P205061913;P205061913_11;K;12000;0;0;13200;2400;2775
P205061911;P205061911_1;A;0;0;0;1200;2400;2775
P205061911;P205061911_2;B;1200;0;0;2400;2400;2385
P205061911;P205061911_3;C;2400;0;0;3600;2400;2385
P205061911;P205061911_4;D;3600;0;0;4800;2400;2385
P205061911;P205061911_5;E;4800;0;0;6000;2400;2385
P205061911;P205061911_6;F;6000;0;0;7200;2400;2385
P205061911;P205061911_7;G;7200;0;0;8400;2400;2385
P205061911;P205061911_8;H;8400;0;0;9600;2400;2385
P205061911;P205061911_9;I;9600;1240;0;10600;2440;2835
P205061911;P205061911_10;J;9600;0;0;10600;1200;2835
P205061911;P205061911_11;K;10600;0;0;11800;2400;2775
P205061911;P205061911_12;L;11800;0;0;13000;2400;2775
P205061909;P205061909_1;A;0;0;0;1000;1200;2835
P205061909;P205061909_2;B;0;1240;0;1000;2440;2835
P205061909;P205061909_3;C;1000;0;0;2200;2400;2775
P205061909;P205061909_4;D;2200;0;0;3400;2400;2775
P205061909;P205061909_5;E;3400;0;0;4600;2400;2385
P205061909;P205061909_6;F;4600;0;0;5800;2400;2385
P205061909;P205061909_7;G;5800;0;0;7000;2400;2385
P205061909;P205061909_8;H;7000;0;0;8200;2400;2580
P205061909;P205061909_9;I;8200;0;0;9400;2400;2385
P205061909;P205061909_10;J;9400;0;0;9970;780;1340
P205061909;P205061909_11;K;9400;780;0;10000;1580;1596
P205061909;P205061909_12;L;9400;1640;0;10000;2440;1596
P205061909;P205061909_13;M;9970;0;0;10770;600;1596
P205061909;P205061909_14;N;10000;600;0;10570;1380;1340
P205061909;P205061909_15;O;10000;1660;0;10570;2440;1340
P205061909;P205061909_16;P;10570;600;0;11140;1380;1340
P205061909;P205061909_17;Q;10570;1660;0;11140;2440;1340
P205061909;P205061909_18;R;10770;0;0;11570;600;1596
P205061909;P205061909_19;S;11140;600;0;11710;1380;1340
P205061909;P205061909_20;T;11140;1660;0;11710;2440;1340
P205061909;P205061909_21;U;11570;0;0;12370;600;1596
P205061909;P205061909_22;V;11710;600;0;12280;1380;1340
P205061909;P205061909_23;W;11710;1660;0;12280;2440;1340
P205061909;P205061909_24;X;12280;600;0;12850;1380;1340
P205061909;P205061909_25;Y;12280;1660;0;12850;2440;1340
P205061909;P205061909_26;Z;12370;0;0;13170;600;1596
P205061909;P205061909_27;AA;12850;600;0;13420;1380;1340
P205061909;P205061909_28;AB;12850;1660;0;13420;2440;1340
P205061903;P205061903_1;A;0;0;0;1200;2400;2775
P205061903;P205061903_2;B;1200;0;0;2400;2400;2580
P205061903;P205061903_3;C;2400;0;0;3600;2400;2385
P205061903;P205061903_4;D;3600;0;0;4800;2400;2775
P205061903;P205061903_5;E;4800;0;0;6000;2400;2775
P205061903;P205061903_6;F;6000;0;0;7200;2400;2775
P205061903;P205061903_7;G;7200;0;0;8400;2400;2775
P205061903;P205061903_8;H;8400;0;0;9600;2400;2385
P205061903;P205061903_9;I;9600;0;0;10800;2400;2385
P205061903;P205061903_10;J;10800;0;0;12000;2400;2385
P205061903;P205061903_11;K;12000;0;0;13200;2400;1215
P202061913;P202061913_1;A;0;1240;0;1000;2440;2835
P202061913;P202061913_2;B;0;0;0;2400;1200;2775
P202061913;P202061913_3;C;1000;1240;0;3400;2440;2775
P202061913;P202061913_4;D;2400;0;0;4800;1200;2775
P202061913;P202061913_5;E;3400;1240;0;5800;2440;2775
P202061913;P202061913_6;F;4800;0;0;7200;1200;2775
P202061913;P202061913_7;G;5800;1240;0;8200;2440;2580
P202061913;P202061913_8;H;7200;0;0;8200;1200;2835
P202061913;P202061913_9;I;8200;0;0;9200;1200;2835
P202061913;P202061913_10;J;8200;1240;0;9200;2440;1905
P202061913;P202061913_11;K;9200;1240;0;10200;2440;2505
P202061913;P202061913_12;L;9200;0;0;10200;1200;2505
P202061913;P202061913_13;M;10200;0;0;11200;1200;2505
P202061913;P202061913_14;N;10200;1240;0;11200;2440;2505
P202061913;P202061913_15;O;11200;1240;0;12200;2440;2505
P202061913;P202061913_16;P;11200;0;0;12200;1200;2505
P202061913;P202061913_17;Q;12200;0;0;13400;1000;2505
P202061913;P202061913_18;R;12200;1440;0;13400;2440;2505
P202061911;P202061911_1;A;0;1240;0;1000;2440;2835
P202061911;P202061911_2;B;0;0;0;2400;1200;2775
P202061911;P202061911_3;C;1000;1240;0;3400;2440;2775
P202061911;P202061911_4;D;2400;0;0;4800;1200;2775
P202061911;P202061911_5;E;3400;1240;0;5800;2440;2775
P202061911;P202061911_6;F;4800;0;0;7200;1200;2775
P202061911;P202061911_7;G;5800;1240;0;8200;2440;2385
P202061911;P202061911_8;H;7200;0;0;9600;1200;2385
P202061911;P202061911_9;I;8200;1240;0;10600;2440;2385
P202061911;P202061911_10;J;9600;0;0;12000;1200;2385
P202061911;P202061911_11;K;10600;1240;0;13000;2440;2385
P202061911;P202061911_12;L;12000;0;0;13000;1200;1905
P202061909;P202061909_1;A;0;0;0;1200;2400;2775
P202061909;P202061909_2;B;1200;0;0;2400;2400;2580
P202061909;P202061909_3;C;2400;0;0;3600;2400;2775
P202061909;P202061909_4;D;3600;0;0;4800;2400;2775
P202061909;P202061909_5;E;4800;0;0;6000;2400;2385
P202061909;P202061909_6;F;6000;0;0;7000;1200;1905
P202061909;P202061909_7;G;6000;1200;0;6800;1800;1596
P202061909;P202061909_8;H;6000;1840;0;6800;2440;1596
P202061909;P202061909_9;I;6800;1200;0;7600;1800;1596
P202061909;P202061909_10;J;6800;1840;0;7600;2440;1596
P202061909;P202061909_11;K;7000;0;0;7800;600;1596
P202061909;P202061909_12;L;7000;600;0;7800;1200;1596
P202061909;P202061909_13;M;7600;1660;0;8170;2440;1340
P202061909;P202061909_14;N;7800;0;0;8370;780;1340
P202061909;P202061909_15;O;7800;780;0;8370;1560;1340
P202061909;P202061909_16;P;8170;1660;0;8740;2440;1340
P202061909;P202061909_17;Q;8370;0;0;8940;780;1340
P202061909;P202061909_18;R;8370;780;0;8940;1560;1340
P202061909;P202061909_19;S;8740;1660;0;9310;2440;1340
P202061909;P202061909_20;T;8940;0;0;9510;780;1340
P202061909;P202061909_21;U;8940;780;0;9510;1560;1340
P202061909;P202061909_22;V;9310;1660;0;9880;2440;1340
P202061909;P202061909_23;W;9510;0;0;10080;780;1340
P202061909;P202061909_24;X;9510;780;0;10080;1560;1340
P202061909;P202061909_25;Y;9880;1660;0;10450;2440;1340
P202061909;P202061909_26;Z;10080;0;0;10650;780;1340
P202061909;P202061909_27;AA;10080;780;0;10650;1560;1340
P202061909;P202061909_28;AB;10450;1660;0;11020;2440;1340
P202061909;P202061909_29;AC;10650;0;0;11220;780;1340
P202061909;P202061909_30;AD;10650;780;0;11220;1560;1340
P202061909;P202061909_31;AE;11020;1660;0;11590;2440;1340
P202061909;P202061909_32;AF;11220;0;0;11790;780;1340
P202061909;P202061909_33;AG;11220;780;0;11790;1560;1340
P202061909;P202061909_34;AH;11590;1660;0;12160;2440;1340
P202061909;P202061909_35;AI;11790;0;0;12360;780;1340
P202061909;P202061909_36;AJ;11790;780;0;12360;1560;1340
P202061909;P202061909_37;AK;12160;1660;0;12730;2440;1340
P202061909;P202061909_38;AL;12360;0;0;12930;780;1340
P202061909;P202061909_39;AM;12360;780;0;12930;1560;1340
P202061909;P202061909_40;AN;12730;1640;0;13330;2440;1596
P202061909;P202061909_41;AO;12930;0;0;13500;780;478
P202061903;P202061903_1;A;0;0;0;1200;2400;2385
P202061903;P202061903_2;B;1200;0;0;2400;2400;2385
P202061903;P202061903_3;C;2400;0;0;3600;2400;2385
P202061903;P202061903_4;D;3600;0;0;4800;2400;2385
P202061903;P202061903_5;E;4800;0;0;6000;2400;2385
P202061903;P202061903_6;F;6000;0;0;7200;2400;2385
P202061903;P202061903_7;G;7200;0;0;8400;2400;2385
P202061903;P202061903_8;H;8400;0;0;9600;2400;2580
P202061903;P202061903_9;I;9600;1234;0;10610;2440;385
P202061903;P202061903_10;J;9600;0;0;12000;1200;2775
P202061903;P202061903_11;K;10610;1240;0;13010;2440;2385
P202061903;P202061903_12;L;12000;0;0;13000;1200;1905
P201061913;P201061913_1;A;0;0;0;1200;2400;2340
P201061913;P201061913_2;B;1200;0;0;2400;2400;2580
P201061913;P201061913_3;C;2400;0;0;3600;2400;2385
P201061913;P201061913_4;D;3600;0;0;4800;2400;2580
P201061913;P201061913_5;E;4800;0;0;6000;2400;2775
P201061913;P201061913_6;F;6000;0;0;7200;2400;2580
P201061913;P201061913_7;G;7200;0;0;8400;2400;1215
P201061913;P201061913_8;H;8400;1240;0;9400;2440;2835
P201061913;P201061913_9;I;8400;0;0;9400;1200;2505
P201061913;P201061913_10;J;9400;0;0;10400;1200;2505
P201061913;P201061913_11;K;9400;1240;0;10400;2440;2505
P201061913;P201061913_12;L;10400;1240;0;11400;2440;2505
P201061913;P201061913_13;M;10400;0;0;11400;1200;2505
P201061913;P201061913_14;N;11400;0;0;12400;1200;2505
P201061913;P201061913_15;O;11400;1234;0;12410;2440;285
P201061911;P201061911_1;A;0;0;0;1200;2400;2385
P201061911;P201061911_2;B;1200;0;0;2400;2400;2775
P201061911;P201061911_3;C;2400;0;0;3600;2400;2775
P201061911;P201061911_4;D;3600;0;0;4600;1200;2835
P201061911;P201061911_5;E;3600;1240;0;4600;2440;2835
P201061911;P201061911_6;F;4600;0;0;5800;2400;2775
P201061911;P201061911_7;G;5800;0;0;7000;2400;2385
P201061911;P201061911_8;H;7000;0;0;8200;2400;2385
P201061911;P201061911_9;I;8200;0;0;9400;2400;2385
P201061911;P201061911_10;J;9400;0;0;10600;2400;2385
P201061911;P201061911_11;K;10600;0;0;11800;2400;2385
P201061911;P201061911_12;L;11800;0;0;13000;2400;2580
P201061903;P201061903_1;A;0;0;0;1200;2400;2385
P201061903;P201061903_2;B;1200;40;0;2400;2440;2385
P201061903;P201061903_3;C;2400;0;0;3600;2400;2385
P201061903;P201061903_4;D;3600;1240;0;4600;2440;2835
P201061903;P201061903_5;E;3600;0;0;6000;1200;2775
P201061903;P201061903_6;F;4600;1240;0;7000;2440;2775
P201061903;P201061903_7;G;6000;0;0;8400;1200;2775
P201061903;P201061903_8;H;7000;1240;0;9400;2440;2385
P201061903;P201061903_9;I;8400;0;0;10800;1200;2385
P201061903;P201061903_10;J;9400;1240;0;11800;2440;2385
P201061903;P201061903_11;K;10800;0;0;11800;1200;1905
P201061903;P201061903_12;L;11800;0;0;13000;2400;2775
P200061913;P200061913_1;A;0;0;0;1200;2400;2775
P200061913;P200061913_2;B;1200;0;0;2400;2400;2775
P200061913;P200061913_3;C;2400;0;0;3600;2400;2775
P200061913;P200061913_4;D;3600;1240;0;4600;2440;2835
P200061913;P200061913_5;E;3600;0;0;6000;1200;2385
P200061913;P200061913_6;F;4600;1240;0;7000;2440;2580
P200061913;P200061913_7;G;6000;0;0;8400;1200;2775
P200061913;P200061913_8;H;7000;1240;0;8000;2440;2835
P200061913;P200061913_9;I;8000;1240;0;10400;2440;2340
P200061913;P200061913_10;J;8400;0;0;9400;1200;2505
P200061913;P200061913_11;K;9400;0;0;10400;1200;2505
P200061913;P200061913_12;L;10400;0;0;11400;1200;2505
P200061913;P200061913_13;M;10400;1240;0;11400;2440;2505
P200061913;P200061913_14;N;11400;1240;0;12400;2440;2505
P200061913;P200061913_15;O;11400;0;0;12400;1200;2505
P200061913;P200061913_16;P;12400;0;0;13410;1206;285
P200061909;P200061909_1;A;0;0;0;1200;2400;2775
P200061909;P200061909_2;B;1200;40;0;2400;2440;2775
P200061909;P200061909_3;C;2400;0;0;3600;2400;2775
P200061909;P200061909_4;D;3600;0;0;4800;2400;2385
P200061909;P200061909_5;E;4800;0;0;6000;2400;2385
P200061909;P200061909_6;F;6000;1240;0;7000;2440;2835
P200061909;P200061909_7;G;6000;0;0;7000;1200;2835
P200061909;P200061909_8;H;7000;0;0;8200;2400;2775
P200061909;P200061909_9;I;8200;0;0;9400;2400;2775
P200061909;P200061909_10;J;9400;0;0;10600;2400;2580
P200061909;P200061909_11;K;10600;0;0;11800;2400;2385
P200061909;P200061909_12;L;11800;0;0;12600;600;1596
P200061909;P200061909_13;M;11800;600;0;12600;1200;1596
P200061909;P200061909_14;N;11800;1200;0;12600;1800;1596
P200061909;P200061909_15;O;11800;1840;0;12600;2440;1596
P200061909;P200061909_16;P;12600;1660;0;13170;2440;1340
P200061909;P200061909_17;Q;12600;0;0;13170;780;1340
P200061909;P200061909_18;R;12600;780;0;13170;1560;1340
P200061903;P200061903_1;A;0;0;0;1200;2400;2775
P200061903;P200061903_2;B;1200;0;0;2400;2400;2385
P200061903;P200061903_3;C;2400;0;0;3600;2400;2385
P200061903;P200061903_4;D;3600;0;0;4800;2400;2385
P200061903;P200061903_5;E;4800;0;0;6000;2400;2385
P200061903;P200061903_6;F;6000;0;0;7200;2400;2385
P200061903;P200061903_7;G;7200;0;0;8400;2400;2580
P200061903;P200061903_8;H;8400;0;0;9600;2400;2385
P200061903;P200061903_9;I;9600;0;0;10800;2400;2385
P200061903;P200061903_10;J;10800;0;0;12000;2400;2385
P200061903;P200061903_11;K;12000;0;0;13200;2400;2385
P199061913;P199061913_1;A;0;0;0;1200;2400;2775
P199061913;P199061913_2;B;1200;40;0;2400;2440;2775
P199061913;P199061913_3;C;2400;0;0;3600;2400;2775
P199061913;P199061913_4;D;3600;0;0;4800;2400;2775
P199061913;P199061913_5;E;4800;0;0;6000;2400;2775
P199061913;P199061913_6;F;6000;1240;0;7000;2440;2835
P199061913;P199061913_7;G;6000;0;0;8400;1200;2775
P199061913;P199061913_8;H;7000;1240;0;9400;2440;2775
P199061913;P199061913_9;I;8400;0;0;10800;1200;2775
P199061913;P199061913_10;J;9400;1240;0;11800;2440;2775
P199061913;P199061913_11;K;10800;0;0;13200;1200;2385
P199061913;P199061913_12;L;11800;1240;0;12800;2440;2835
P199061911;P199061911_1;A;0;0;0;1200;2400;2775
P199061911;P199061911_2;B;1200;0;0;2400;2400;2385
P199061911;P199061911_3;C;2400;0;0;3600;2400;2580
P199061911;P199061911_4;D;3600;1240;0;4600;2440;2835
P199061911;P199061911_5;E;3600;0;0;6000;1200;2775
P199061911;P199061911_6;F;4600;1240;0;7000;2440;2775
P199061911;P199061911_7;G;6000;0;0;8400;1200;2385
P199061911;P199061911_8;H;7000;1240;0;9400;2440;2385
P199061911;P199061911_9;I;8400;0;0;10800;1200;2385
P199061911;P199061911_10;J;9400;1240;0;11800;2440;2385
P199061911;P199061911_11;K;10800;0;0;13200;1200;2385
P199061911;P199061911_12;L;11800;1240;0;12800;2440;2835
P199061903;P199061903_1;A;0;0;0;1200;2400;2385
P199061903;P199061903_2;B;1200;0;0;2400;2400;2385
P199061903;P199061903_3;C;2400;0;0;3600;2400;2385
P199061903;P199061903_4;D;3600;0;0;4800;2400;2385
P199061903;P199061903_5;E;4800;0;0;6000;2400;2775
P199061903;P199061903_6;F;6000;0;0;7200;2400;2775
P199061903;P199061903_7;G;7200;0;0;8400;2400;2775
P199061903;P199061903_8;H;8400;0;0;9600;2400;2385
P199061903;P199061903_9;I;9600;0;0;10800;2400;2385
P199061903;P199061903_10;J;10800;0;0;12000;2400;2385
P199061903;P199061903_11;K;12000;0;0;13200;2400;2385
P198061913;P198061913_1;A;0;0;0;1200;2400;2775
P198061913;P198061913_2;B;1200;0;0;2400;2400;2775
P198061913;P198061913_3;C;2400;0;0;3600;2400;2775
P198061913;P198061913_4;D;3600;0;0;4600;1200;2835
P198061913;P198061913_5;E;3600;1240;0;6000;2440;2775
P198061913;P198061913_6;F;4600;0;0;5600;1200;2835
P198061913;P198061913_7;G;5600;0;0;8000;1200;2385
P198061913;P198061913_8;H;6000;1240;0;8400;2440;2385
P198061913;P198061913_9;I;8000;0;0;9000;1200;2505
P198061913;P198061913_10;J;8400;1240;0;9400;2440;2505
P198061913;P198061913_11;K;9000;0;0;10000;1200;2505
P198061913;P198061913_12;L;9400;1240;0;10400;2440;2505
P198061913;P198061913_13;M;10000;0;0;11000;1200;1685
P198061913;P198061913_14;N;10400;1240;0;11400;2440;2505
P198061913;P198061913_15;O;11000;0;0;12000;1200;2505
P198061913;P198061913_16;P;11400;1240;0;12400;2440;2505
P198061913;P198061913_17;Q;12000;0;0;13000;1200;2505
P198061913;P198061913_18;R;12400;1240;0;13400;2440;1685
P198061911;P198061911_1;A;0;0;0;1200;2400;2580
P198061911;P198061911_2;B;1200;1240;0;2200;2440;2835
P198061911;P198061911_3;C;1200;0;0;3600;1200;2775
P198061911;P198061911_4;D;2200;1240;0;4600;2440;2775
P198061911;P198061911_5;E;3600;0;0;6000;1200;2775
P198061911;P198061911_6;F;4600;1240;0;7000;2440;2775
P198061911;P198061911_7;G;6000;0;0;7000;1200;2835
P198061911;P198061911_8;H;7000;0;0;8200;2400;2775
P198061911;P198061911_9;I;8200;0;0;9400;2400;2775
P198061911;P198061911_10;J;9400;0;0;10600;2400;2775
P198061911;P198061911_11;K;10600;0;0;11800;2400;2775
P198061911;P198061911_12;L;11800;0;0;13000;2400;2775
Q198061911_1;Q198061911_1_1;A;0;0;0;1200;2400;2775
Q198061911_1;Q198061911_1_2;B;1200;0;0;2400;2400;2385
Q198061911_1;Q198061911_1_3;C;2400;0;0;3600;2400;2385
Q198061911_1;Q198061911_1_4;D;3600;0;0;4800;2400;2385
Q198061911_1;Q198061911_1_5;E;4800;0;0;6000;2400;2385
Q198061911_1;Q198061911_1_6;F;6000;0;0;7200;2400;2385
Q198061911_1;Q198061911_1_7;G;7200;0;0;8400;2400;2775
Q198061911_1;Q198061911_1_8;H;8400;0;0;9600;2400;2775
Q198061911_1;Q198061911_1_9;I;9600;0;0;10800;2400;2775
Q198061911_1;Q198061911_1_10;J;10800;0;0;12000;2400;2775
Q198061911_1;Q198061911_1_11;K;12000;0;0;13200;2400;2385
P198061909;P198061909_1;A;0;0;0;1200;2400;2385
P198061909;P198061909_2;B;1200;0;0;2400;2400;2385
P198061909;P198061909_3;C;2400;0;0;3600;2400;2580
P198061909;P198061909_4;D;3600;0;0;4800;2400;2775
P198061909;P198061909_5;E;4800;0;0;5370;780;1340
P198061909;P198061909_6;F;4800;780;0;5370;1560;1340
P198061909;P198061909_7;G;4800;1660;0;5370;2440;1340
P198061909;P198061909_8;H;5370;1660;0;5940;2440;1340
P198061909;P198061909_9;I;5370;0;0;5940;780;1340
P198061909;P198061909_10;J;5370;780;0;5940;1560;1340
P198061909;P198061909_11;K;5940;0;0;6510;780;1340
P198061909;P198061909_12;L;5940;780;0;6510;1560;1340
P198061909;P198061909_13;M;5940;1660;0;6510;2440;1340
P198061909;P198061909_14;N;6510;1660;0;7080;2440;1340
P198061909;P198061909_15;O;6510;0;0;7080;780;1340
P198061909;P198061909_16;P;6510;780;0;7080;1560;1340
P198061909;P198061909_17;Q;7080;0;0;7650;780;1340
P198061909;P198061909_18;R;7080;780;0;7680;1580;1596
P198061909;P198061909_19;S;7080;1640;0;7680;2440;1596
P198061909;P198061909_20;T;7650;0;0;8450;600;1596
P198061909;P198061909_21;U;7680;600;0;8480;1200;1596
P198061909;P198061909_22;V;7680;1200;0;8480;1800;1596
P198061909;P198061909_23;W;7680;1840;0;8480;2440;1596
P198061909;P198061909_24;X;8450;0;0;9250;600;1596
P198061909;P198061909_25;Y;8480;600;0;9050;1380;1340
P198061909;P198061909_26;Z;8480;1660;0;9050;2440;1340
P198061909;P198061909_27;AA;9050;600;0;9620;1380;1340
P198061909;P198061909_28;AB;9050;1660;0;9620;2440;1340
P198061909;P198061909_29;AC;9250;0;0;10050;600;1596
P198061909;P198061909_30;AD;9620;600;0;10190;1380;1340
P198061909;P198061909_31;AE;9620;1660;0;10190;2440;1340
P198061909;P198061909_32;AF;10050;0;0;10850;600;1596
P198061909;P198061909_33;AG;10190;600;0;10760;1380;1340
P198061909;P198061909_34;AH;10190;1660;0;10760;2440;1340
P198061909;P198061909_35;AI;10760;600;0;11330;1380;1340
P198061909;P198061909_36;AJ;10760;1660;0;11330;2440;1340
P198061909;P198061909_37;AK;10850;0;0;11650;600;1596
P198061909;P198061909_38;AL;11330;600;0;11900;1380;1340
P198061909;P198061909_39;AM;11330;1660;0;11900;2440;1340
P198061909;P198061909_40;AN;11650;0;0;12450;600;560
P198061909;P198061909_41;AO;11900;600;0;12470;1380;1340
P198061909;P198061909_42;AP;11900;1660;0;12470;2440;1340
P198061909;P198061909_43;AQ;12470;0;0;13040;780;1340
P198061909;P198061909_44;AR;12470;780;0;13040;1560;1340
P198061909;P198061909_45;AS;12470;1660;0;13040;2440;909
P198061903;P198061903_1;A;0;1240;0;1000;2440;1905
P198061903;P198061903_2;B;0;0;0;1000;1200;1905
P198061903;P198061903_3;C;1000;0;0;2200;2400;2580
P198061903;P198061903_4;D;2200;0;0;3400;2400;2385
P198061903;P198061903_5;E;3400;0;0;4600;2400;2385
P198061903;P198061903_6;F;4600;0;0;5800;2400;2580
P198061903;P198061903_7;G;5800;0;0;7000;2400;2385
P198061903;P198061903_8;H;7000;0;0;8200;2400;2385
P198061903;P198061903_9;I;8200;0;0;9400;2400;2385
P198061903;P198061903_10;J;9400;0;0;10600;2400;2775
P198061903;P198061903_11;K;10600;0;0;11800;2400;2775
P198061903;P198061903_12;L;11800;0;0;13000;2400;2775
Q198061903_1;Q198061903_1_1;A;0;0;0;1000;1200;1905
Q198061903_1;Q198061903_1_2;B;0;1240;0;1000;2440;1905
Q198061903_1;Q198061903_1_3;C;1000;0;0;2200;2400;1410
P194064611;P194064611_1;A;0;0;0;1900;1200;2865
P194064611;P194064611_2;B;0;1200;0;1900;2400;2865
P194064611;P194064611_3;C;1900;1240;0;3800;2440;2865
P194064611;P194064611_4;D;1900;0;0;3800;1200;2865
P194064611;P194064611_5;E;3800;1240;0;5800;2440;2750
P194064611;P194064611_6;F;3800;0;0;5400;1200;2865
P194064611;P194064611_7;G;5400;0;0;7400;1200;2710
P194064611;P194064611_8;H;5800;1240;0;7800;2440;2705
P194064611;P194064611_9;I;7400;0;0;9400;1200;2705
P194064611;P194064611_10;J;7800;1240;0;9800;2440;2705
P194064611;P194064611_11;K;9400;0;0;11400;1200;2705
P194064611;P194064611_12;L;9800;1240;0;11800;2440;2705
P194064611;P194064611_13;M;11400;0;0;13400;1200;2705
P194064611;P194064611_14;N;11800;1660;0;12370;2440;1771
P194064611;P194064611_15;O;12370;1240;0;13370;2440;2160
P194064605;P194064605_1;A;0;0;0;2000;1200;2705
P194064605;P194064605_2;B;0;1240;0;2000;2440;2705
P194064605;P194064605_3;C;2000;1240;0;4000;2440;2705
P194064605;P194064605_4;D;2000;0;0;4000;1200;2705
P194064605;P194064605_5;E;4000;0;0;5600;1200;2700
P194064605;P194064605_6;F;4000;1240;0;5600;2440;2520
P194064605;P194064605_7;G;5600;0;0;6800;2400;2835
P194064605;P194064605_8;H;6800;0;0;7370;780;1771
P194064605;P194064605_9;I;6800;1240;0;9200;2440;2835
P194064605;P194064605_10;J;7370;0;0;9770;1200;2835
P194064605;P194064605_11;K;9200;1240;0;11200;2440;2760
P194064605;P194064605_12;L;9770;0;0;11770;1200;2765
P194064605;P194064605_13;M;11200;1240;0;13200;2440;2750
P194064605;P194064605_14;N;11770;0;0;13370;1200;2865
P194064601;P194064601_1;A;0;0;0;2000;1200;2855
P194064601;P194064601_2;B;0;1240;0;2200;2440;2875
P194064601;P194064601_3;C;2000;0;0;4200;1200;2875
P194064601;P194064601_4;D;2200;1240;0;4400;2440;2875
P194064601;P194064601_5;E;4200;0;0;6400;1200;2875
P194064601;P194064601_6;F;4400;1240;0;6200;2440;2910
P194064601;P194064601_7;G;6200;1240;0;8100;2440;2865
P194064601;P194064601_8;H;6400;0;0;8300;1200;2865
P194064601;P194064601_9;I;8100;1240;0;9900;2440;2355
P194064601;P194064601_10;J;8300;0;0;10100;1200;2355
P194064601;P194064601_11;K;9900;1240;0;11700;2440;2355
P194064601;P194064601_12;L;10100;0;0;12100;1200;2855
P194064601;P194064601_13;M;11700;1240;0;13500;2440;2355
P193064613;P193064613_1;A;0;1240;0;2000;2440;2705
P193064613;P193064613_2;B;0;0;0;2000;1200;2705
P193064613;P193064613_3;C;2000;0;0;4000;1200;2705
P193064613;P193064613_4;D;2000;1200;0;4000;2400;2705
P193064613;P193064613_5;E;4000;1240;0;6000;2440;2705
P193064613;P193064613_6;F;4000;0;0;6000;1200;2705
P193064613;P193064613_7;G;6000;0;0;7200;2400;2835
P193064613;P193064613_8;H;7200;0;0;8400;2400;2835
P193064613;P193064613_9;I;8400;0;0;10300;1200;2865
P193064613;P193064613_10;J;8400;1240;0;10300;2440;2865
P193064613;P193064613_11;K;10300;1240;0;12200;2440;2865
P193064613;P193064613_12;L;10300;0;0;11900;1200;2700
P193064613;P193064613_13;M;11900;0;0;13500;1200;2700
P193064613;P193064613_14;N;12200;1240;0;13200;2440;2865
P193064611;P193064611_1;A;0;1660;0;570;2440;1771
P193064611;P193064611_2;B;0;0;0;1200;1600;2865
P193064611;P193064611_3;C;570;1660;0;1140;2440;1771
P193064611;P193064611_4;D;1200;0;0;3100;1200;2865
P193064611;P193064611_5;E;1200;1240;0;3100;2440;2865
P193064611;P193064611_6;F;3100;1240;0;5000;2440;2865
P193064611;P193064611_7;G;3100;0;0;5500;1200;2835
P193064611;P193064611_8;H;5000;1240;0;7000;2440;2705
P193064611;P193064611_9;I;5500;0;0;7500;1200;2745
P193064611;P193064611_10;J;7000;1240;0;9000;2440;2710
P193064611;P193064611_11;K;7500;0;0;9500;1200;2710
P193064611;P193064611_12;L;9000;1240;0;11000;2440;2705
P193064611;P193064611_13;M;9500;0;0;11500;1200;2705
P193064611;P193064611_14;N;11000;1240;0;13000;2440;2705
P193064611;P193064611_15;O;11500;0;0;13500;1200;2710
P193064609;P193064609_1;A;0;0;0;1800;1200;2355
P193064609;P193064609_2;B;0;1200;0;1800;2400;2355
P193064609;P193064609_3;C;1800;1240;0;3600;2440;2355
P193064609;P193064609_4;D;1800;0;0;3600;1200;2355
P193064609;P193064609_5;E;3600;0;0;5400;1200;2355
P193064609;P193064609_6;F;3600;1200;0;5400;2400;2355
P193064609;P193064609_7;G;5400;1240;0;7200;2440;2355
P193064609;P193064609_8;H;5400;0;0;7200;1200;2355
P193064609;P193064609_9;I;7200;1240;0;9400;2440;2460
P193064609;P193064609_10;J;7200;0;0;9600;1200;2835
P193064609;P193064609_11;K;9400;1240;0;11600;2440;2460
P193064609;P193064609_12;L;9600;0;0;11500;1200;2865
P193064609;P193064609_13;M;11500;0;0;13500;1200;2855
P193064609;P193064609_14;N;11600;1240;0;13400;2440;2355
P193064605;P193064605_1;A;0;0;0;1000;1200;2865
P193064605;P193064605_2;B;0;1240;0;1600;2440;2520
P193064605;P193064605_3;C;1000;0;0;3000;1200;2705
P193064605;P193064605_4;D;1600;1240;0;3500;2440;2865
P193064605;P193064605_5;E;3000;0;0;4900;1200;2865
P193064605;P193064605_6;F;3500;1240;0;5100;2440;2520
P193064605;P193064605_7;G;4900;0;0;6500;1200;2340
P193064605;P193064605_8;H;5100;1240;0;7500;2440;2835
P193064605;P193064605_9;I;6500;0;0;8500;1200;2705
P193064605;P193064605_10;J;7500;1240;0;9500;2440;2705
P193064605;P193064605_11;K;8500;0;0;10500;1200;2705
P193064605;P193064605_12;L;9500;1240;0;11500;2440;2705
P193064605;P193064605_13;M;10500;0;0;12900;1200;2835
P193064605;P193064605_14;N;11500;1240;0;13500;2440;2750
P193064605;P193064605_15;O;12900;0;0;13470;780;478
P193064603;P193064603_1;A;0;0;0;1600;1200;2700
P193064603;P193064603_2;B;0;1200;0;1600;2400;2700
P193064603;P193064603_3;C;1600;1240;0;3200;2440;2700
P193064603;P193064603_4;D;1600;0;0;3200;1200;2700
P193064603;P193064603_5;E;3200;0;0;4800;1200;1815
P193064603;P193064603_6;F;3200;1240;0;5200;2440;2855
P193064603;P193064603_7;G;4800;0;0;7000;1200;2875
P193064603;P193064603_8;H;5200;1240;0;7400;2440;2875
P193064603;P193064603_9;I;7000;0;0;8800;1200;2355
P193064603;P193064603_10;J;7400;1240;0;9200;2440;2355
P193064603;P193064603_11;K;8800;0;0;10600;1200;2355
P193064603;P193064603_12;L;9200;1240;0;11000;2440;2355
P193064603;P193064603_13;M;10600;0;0;12400;1200;2355
P193064603;P193064603_14;N;11000;1240;0;13200;2440;2875
P192064613;P192064613_1;A;0;1240;0;2000;2440;2710
P192064613;P192064613_2;B;0;0;0;2000;1200;2705
P192064613;P192064613_3;C;2000;0;0;4000;1200;2705
P192064613;P192064613_4;D;2000;1200;0;4000;2400;2705
P192064613;P192064613_5;E;4000;1240;0;6000;2440;2705
P192064613;P192064613_6;F;4000;0;0;6400;1200;2835
P192064613;P192064613_7;G;6000;1240;0;8000;2440;2705
P192064613;P192064613_8;H;6400;0;0;8000;1200;2520
P192064613;P192064613_9;I;8000;0;0;9900;1200;2865
P192064613;P192064613_10;J;8000;1240;0;9900;2440;2865
P192064613;P192064613_11;K;9900;1240;0;11500;2440;2865
P192064613;P192064613_12;L;9900;0;0;11800;1200;2865
P192064613;P192064613_13;M;11500;1240;0;13500;2440;2705
P192064613;P192064613_14;N;11800;0;0;13400;1200;2700
P192064607;P192064607_1;A;0;0;0;2000;1200;2855
P192064607;P192064607_2;B;0;1240;0;1800;2440;2355
P192064607;P192064607_3;C;1800;1240;0;3600;2440;2355
P192064607;P192064607_4;D;2000;0;0;3800;1200;2355
P192064607;P192064607_5;E;3600;1240;0;5400;2440;2355
P192064607;P192064607_6;F;3800;0;0;5800;1200;2855
P192064607;P192064607_7;G;5400;1240;0;7200;2440;2355
P192064607;P192064607_8;H;5800;0;0;7600;1200;2355
P192064607;P192064607_9;I;7200;1240;0;9400;2440;2875
P192064607;P192064607_10;J;7600;0;0;9800;1200;2460
P192064607;P192064607_11;K;9400;1240;0;11300;2440;2865
P192064607;P192064607_12;L;9800;0;0;11600;1200;2355
P192064607;P192064607_13;M;11300;1240;0;13500;2440;2875
P192064607;P192064607_14;N;11600;0;0;13400;1200;2355
P192064605;P192064605_1;A;0;1660;0;570;2440;1771
P192064605;P192064605_2;B;0;0;0;2000;1200;2710
P192064605;P192064605_3;C;570;1240;0;2570;2440;2710
P192064605;P192064605_4;D;2000;0;0;4000;1200;2705
P192064605;P192064605_5;E;2570;1240;0;4570;2440;2705
P192064605;P192064605_6;F;4000;0;0;5600;1200;2865
P192064605;P192064605_7;G;4570;1240;0;6470;2440;2865
P192064605;P192064605_8;H;5600;0;0;8000;1200;2835
P192064605;P192064605_9;I;6470;1240;0;7470;2440;2865
P192064605;P192064605_10;J;7470;1240;0;9370;2440;2865
P192064605;P192064605_11;K;8000;0;0;9900;1200;2865
P192064605;P192064605_12;L;9370;1240;0;11770;2440;2835
P192064605;P192064605_13;M;9900;0;0;11900;1200;2705
P192064605;P192064605_14;N;11770;1240;0;13370;2440;2520
P192064605;P192064605_15;O;11900;0;0;13500;1200;2340
P191064613;P191064613_1;A;0;0;0;2000;1200;2705
P191064613;P191064613_2;B;0;1200;0;2000;2400;2705
P191064613;P191064613_3;C;2000;0;0;3200;2400;2835
P191064613;P191064613_4;D;3200;0;0;5200;1200;2750
P191064613;P191064613_5;E;3200;1660;0;3770;2440;1771
P191064613;P191064613_6;F;3770;1240;0;5670;2440;2865
P191064613;P191064613_7;G;5200;0;0;7100;1200;2865
P191064613;P191064613_8;H;5670;1240;0;7670;2440;2705
P191064613;P191064613_9;I;7100;0;0;9500;1200;2835
P191064613;P191064613_10;J;7670;1240;0;9670;2440;2705
P191064613;P191064613_11;K;9500;0;0;11500;1200;2705
P191064613;P191064613_12;L;9670;1240;0;11670;2440;2705
P191064613;P191064613_13;M;11500;0;0;13500;1200;2710
P191064613;P191064613_14;N;11670;1240;0;13270;2440;2520
P191064611;P191064611_1;A;0;1240;0;1900;2440;2865
P191064611;P191064611_2;B;0;0;0;1900;1200;2865
P191064611;P191064611_3;C;1900;0;0;3800;1200;2865
P191064611;P191064611_4;D;1900;1240;0;3900;2440;2705
P191064611;P191064611_5;E;3800;0;0;5800;1200;2710
P191064611;P191064611_6;F;3900;1240;0;5900;2440;2705
P191064611;P191064611_7;G;5800;0;0;7800;1200;2705
P191064611;P191064611_8;H;5900;1240;0;7900;2440;2705
P191064611;P191064611_9;I;7800;0;0;10200;1200;2835
P191064611;P191064611_10;J;7900;1240;0;9500;2440;2700
P191064611;P191064611_11;K;9500;1240;0;11500;2440;2705
P191064611;P191064611_12;L;10200;0;0;11800;1200;2865
P191064611;P191064611_13;M;11500;1240;0;13500;2440;2750
P191064611;P191064611_14;N;11800;0;0;12370;780;1771
P191064611;P191064611_15;O;12370;0;0;13370;1200;2865
P191064607;P191064607_1;A;0;1240;0;2200;2440;2875
P191064607;P191064607_2;B;0;0;0;2200;1200;2875
P191064607;P191064607_3;C;2200;0;0;4000;1200;2355
P191064607;P191064607_4;D;2200;1240;0;4000;2440;2355
P191064607;P191064607_5;E;4000;1240;0;5800;2440;2355
P191064607;P191064607_6;F;4000;0;0;5800;1200;2355
P191064607;P191064607_7;G;5800;0;0;7600;1200;2355
P191064607;P191064607_8;H;5800;1240;0;7600;2440;2355
P191064607;P191064607_9;I;7600;1240;0;9800;2440;2265
P191064607;P191064607_10;J;7600;0;0;9400;1200;2355
P191064607;P191064607_11;K;9400;0;0;11200;1200;2910
P191064607;P191064607_12;L;9800;1240;0;11700;2440;2865
P191064607;P191064607_13;M;11200;0;0;13200;1200;2855
P191064607;P191064607_14;N;11700;1240;0;13500;2440;2355
P191064605;P191064605_1;A;0;1240;0;1600;2440;2520
P191064605;P191064605_2;B;0;0;0;570;780;1771
P191064605;P191064605_3;C;570;0;0;2570;1200;2745
P191064605;P191064605_4;D;1600;1240;0;3500;2440;2865
P191064605;P191064605_5;E;2570;0;0;4470;1200;2865
P191064605;P191064605_6;F;3500;1240;0;5100;2440;2865
P191064605;P191064605_7;G;4470;0;0;6470;1200;2760
P191064605;P191064605_8;H;5100;1240;0;7100;2440;2710
P191064605;P191064605_9;I;6470;0;0;8470;1200;2705
P191064605;P191064605_10;J;7100;1240;0;9100;2440;2705
P191064605;P191064605_11;K;8470;0;0;10470;1200;2705
P191064605;P191064605_12;L;9100;1240;0;11500;2440;2835
P191064605;P191064605_13;M;10470;0;0;12370;1200;2865
P191064605;P191064605_14;N;11500;1240;0;13400;2440;2865
P191064605;P191064605_15;O;12370;0;0;13370;1200;1455
P189064653;P189064653_1;A;0;0;0;2000;1200;2705
P189064653;P189064653_2;B;0;1200;0;2000;2400;2705
P189064653;P189064653_3;C;2000;1240;0;4000;2440;2705
P189064653;P189064653_4;D;2000;0;0;4000;1200;2705
P189064653;P189064653_5;E;4000;0;0;5200;2400;2835
P189064653;P189064653_6;F;5200;0;0;6800;1200;2340
P189064653;P189064653_7;G;5200;1240;0;6800;2440;2520
P189064653;P189064653_8;H;6800;1240;0;8700;2440;2160
P189064653;P189064653_9;I;6800;0;0;9200;1200;2835
P189064653;P189064653_10;J;8700;1240;0;10700;2440;2255
P189064653;P189064653_11;K;9200;0;0;9770;780;478
P189064653;P189064653_12;L;9770;0;0;11370;1200;750
P189064653;P189064653_13;M;10700;1240;0;12700;2440;1800
P189064653;P189064653_14;N;11370;0;0;13370;1200;1800
P189064601;P189064601_1;A;0;0;0;1200;2400;2835
P189064601;P189064601_2;B;1200;1240;0;3200;2440;2855
P189064601;P189064601_3;C;1200;0;0;3400;1200;2460
P189064601;P189064601_4;D;3200;1240;0;5400;2440;2875
P189064601;P189064601_5;E;3400;0;0;5600;1200;2875
P189064601;P189064601_6;F;5400;1240;0;7600;2440;2875
P189064601;P189064601_7;G;5600;0;0;7800;1200;2875
P189064601;P189064601_8;H;7600;1240;0;9800;2440;2875
P189064601;P189064601_9;I;7800;0;0;9600;1200;2355
P189064601;P189064601_10;J;9600;0;0;11400;1200;2355
P189064601;P189064601_11;K;9800;1240;0;11600;2440;2355
P189064601;P189064601_12;L;11400;0;0;13300;1200;2865
P189064601;P189064601_13;M;11600;1240;0;13500;2440;2865
P188064611;P188064611_1;A;0;0;0;2000;1200;2705
P188064611;P188064611_2;B;0;1200;0;2000;2400;2705
P188064611;P188064611_3;C;2000;1240;0;4000;2440;2705
P188064611;P188064611_4;D;2000;0;0;4000;1200;2705
P188064611;P188064611_5;E;4000;0;0;6000;1200;2705
P188064611;P188064611_6;F;4000;1240;0;6400;2440;2835
P188064611;P188064611_7;G;6000;0;0;8400;1200;2835
P188064611;P188064611_8;H;6400;1240;0;8400;2440;2745
P188064611;P188064611_9;I;8400;1240;0;10000;2440;2700
P188064611;P188064611_10;J;8400;0;0;10300;1200;2865
P188064611;P188064611_11;K;10000;1240;0;11900;2440;2865
P188064611;P188064611_12;L;10300;0;0;12200;1200;2865
P188064611;P188064611_13;M;11900;1240;0;13500;2440;2865
P188064611;P188064611_14;N;12200;0;0;13200;1200;2865
P188064607;P188064607_1;A;0;0;0;1800;1200;2355
P188064607;P188064607_2;B;0;1200;0;1800;2400;2355
P188064607;P188064607_3;C;1800;1240;0;3600;2440;2355
P188064607;P188064607_4;D;1800;0;0;3600;1200;2355
P188064607;P188064607_5;E;3600;0;0;5400;1200;2355
P188064607;P188064607_6;F;3600;1200;0;5400;2400;2355
P188064607;P188064607_7;G;5400;1240;0;7200;2440;2355
P188064607;P188064607_8;H;5400;0;0;7400;1200;2855
P188064607;P188064607_9;I;7200;1240;0;9200;2440;2855
P188064607;P188064607_10;J;7400;0;0;9600;1200;2875
P188064607;P188064607_11;K;9200;1240;0;11000;2440;2355
P188064607;P188064607_12;L;9600;0;0;11400;1200;2355
P188064607;P188064607_13;M;11000;1240;0;12800;2440;2355
P188064607;P188064607_14;N;11400;0;0;13400;1200;2855
P188064605;P188064605_1;A;0;0;0;570;780;1771
P188064605;P188064605_2;B;0;1240;0;2000;2440;2770
P188064605;P188064605_3;C;570;0;0;2170;1200;2700
P188064605;P188064605_4;D;2000;1240;0;4000;2440;2750
P188064605;P188064605_5;E;2170;0;0;2740;780;1771
P188064605;P188064605_6;F;2740;0;0;4740;1200;2705
P188064605;P188064605_7;G;4000;1240;0;6000;2440;2705
P188064605;P188064605_8;H;4740;0;0;6740;1200;2705
P188064605;P188064605_9;I;6000;1240;0;8000;2440;2705
P188064605;P188064605_10;J;6740;0;0;8740;1200;2705
P188064605;P188064605_11;K;8000;1240;0;9600;2440;2865
P188064605;P188064605_12;L;8740;0;0;10640;1200;2865
P188064605;P188064605_13;M;9600;1240;0;11500;2440;2865
P188064605;P188064605_14;N;10640;0;0;13040;1200;2835
P188064605;P188064605_15;O;11500;1240;0;13400;2440;2865
P187064613;P187064613_1;A;0;0;0;1900;1200;2865
P187064613;P187064613_2;B;0;1240;0;1600;2440;2520
P187064613;P187064613_3;C;1600;1240;0;3600;2440;2760
P187064613;P187064613_4;D;1900;0;0;2470;780;1771
P187064613;P187064613_5;E;2470;0;0;4470;1200;2710
P187064613;P187064613_6;F;3600;1240;0;5600;2440;2710
P187064613;P187064613_7;G;4470;0;0;6470;1200;2705
P187064613;P187064613_8;H;5600;1240;0;7600;2440;2705
P187064613;P187064613_9;I;6470;0;0;8870;1200;2835
P187064613;P187064613_10;J;7600;1240;0;9200;2440;2520
P187064613;P187064613_11;K;8870;0;0;11270;1200;2835
P187064613;P187064613_12;L;9200;1240;0;11200;2440;2760
P187064613;P187064613_13;M;11200;1240;0;13100;2440;2865
P187064613;P187064613_14;N;11270;0;0;13170;1200;2865
P187064611;P187064611_1;A;0;1240;0;2000;2440;2705
P187064611;P187064611_2;B;0;20;0;2000;1220;2710
P187064611;P187064611_3;C;2000;0;0;4000;1200;2710
P187064611;P187064611_4;D;2000;1200;0;4000;2400;2705
P187064611;P187064611_5;E;4000;1240;0;6000;2440;2705
P187064611;P187064611_6;F;4000;0;0;5900;1200;2865
P187064611;P187064611_7;G;5900;0;0;6900;1200;2865
P187064611;P187064611_8;H;6000;1240;0;7600;2440;2520
P187064611;P187064611_9;I;6900;0;0;8500;1200;2865
P187064611;P187064611_10;J;7600;1240;0;9500;2440;2865
P187064611;P187064611_11;K;8500;0;0;9070;780;909
P187064611;P187064611_12;L;9070;0;0;11070;1200;2745
P187064611;P187064611_13;M;9500;1240;0;11500;2440;1800
P187064611;P187064611_14;N;11070;0;0;13470;1200;2835
P187064611;P187064611_15;O;11500;1240;0;13500;2440;1800
P187064607;P187064607_1;A;0;1240;0;2200;2440;2460
P187064607;P187064607_2;B;0;0;0;1800;1200;2355
P187064607;P187064607_3;C;1800;0;0;4200;1200;2835
P187064607;P187064607_4;D;2200;1240;0;4000;2440;2355
P187064607;P187064607_5;E;4000;1240;0;6000;2440;2855
P187064607;P187064607_6;F;4200;0;0;6400;1200;2875
P187064607;P187064607_7;G;6000;1240;0;8200;2440;2875
P187064607;P187064607_8;H;6400;0;0;8200;1200;2355
P187064607;P187064607_9;I;8200;0;0;10000;1200;2355
P187064607;P187064607_10;J;8200;1240;0;10000;2440;2355
P187064607;P187064607_11;K;10000;1240;0;11900;2440;2865
P187064607;P187064607_12;L;10000;0;0;12200;1200;2875
P187064607;P187064607_13;M;12200;640;0;13400;2440;2355
P187064605;P187064605_1;A;0;1240;0;2000;2440;2705
P187064605;P187064605_2;B;0;0;0;2000;1200;2705
P187064605;P187064605_3;C;2000;0;0;4000;1200;2705
P187064605;P187064605_4;D;2000;1240;0;3900;2440;2865
P187064605;P187064605_5;E;3900;1240;0;5500;2440;2700
P187064605;P187064605_6;F;4000;0;0;6000;1200;2705
P187064605;P187064605_7;G;5500;1240;0;7500;2440;2705
P187064605;P187064605_8;H;6000;0;0;8000;1200;2710
P187064605;P187064605_9;I;7500;1240;0;9500;2440;1800
P187064605;P187064605_10;J;8000;0;0;10400;1200;2835
P187064605;P187064605_11;K;9500;1240;0;11500;2440;1800
P187064605;P187064605_12;L;10400;0;0;12000;1200;2520
P187064605;P187064605_13;M;11500;1240;0;13400;2440;2865
P187064605;P187064605_14;N;12000;0;0;13000;1200;1455
P186064611;P186064611_1;A;0;0;0;1900;1200;2865
P186064611;P186064611_2;B;0;1240;0;1600;2440;2520
P186064611;P186064611_3;C;1600;1660;0;2170;2440;1771
P186064611;P186064611_4;D;1900;0;0;3900;1200;2705
P186064611;P186064611_5;E;2170;1240;0;4170;2440;2705
P186064611;P186064611_6;F;3900;0;0;5900;1200;2705
P186064611;P186064611_7;G;4170;1240;0;6170;2440;2705
P186064611;P186064611_8;H;5900;0;0;7900;1200;2705
P186064611;P186064611_9;I;6170;1240;0;8570;2440;2835
P186064611;P186064611_10;J;7900;0;0;9900;1200;2770
P186064611;P186064611_11;K;8570;1240;0;10970;2440;2835
P186064611;P186064611_12;L;9900;0;0;11800;1200;2865
P186064611;P186064611_13;M;10970;1240;0;12870;2440;2865
P186064611;P186064611_14;N;11800;0;0;13400;1200;2865
P186064611;P186064611_15;O;12870;1660;0;13440;2440;1340
P186064609;P186064609_1;A;0;0;0;1800;1200;2355
P186064609;P186064609_2;B;0;1200;0;1800;2400;2355
P186064609;P186064609_3;C;1800;1240;0;3600;2440;2355
P186064609;P186064609_4;D;1800;0;0;3600;1200;2355
P186064609;P186064609_5;E;3600;0;0;5800;1200;2460
P186064609;P186064609_6;F;3600;1240;0;5800;2440;2875
P186064609;P186064609_7;G;5800;1240;0;8000;2440;2875
P186064609;P186064609_8;H;5800;0;0;8000;1200;2265
P186064609;P186064609_9;I;8000;0;0;9900;1200;2865
P186064609;P186064609_10;J;8000;1240;0;9900;2440;2865
P186064609;P186064609_11;K;9900;1240;0;11700;2440;2355
P186064609;P186064609_12;L;9900;0;0;11700;1200;2355
P186064609;P186064609_13;M;11700;0;0;13500;1200;2355
P186064609;P186064609_14;N;11700;1240;0;13500;2440;2355
P186064605;P186064605_1;A;0;1240;0;1000;2440;2865
P186064605;P186064605_2;B;0;0;0;2000;1200;2710
P186064605;P186064605_3;C;1000;1240;0;3000;2440;2705
P186064605;P186064605_4;D;2000;0;0;4000;1200;2705
P186064605;P186064605_5;E;3000;1240;0;4900;2440;2865
P186064605;P186064605_6;F;4000;0;0;5900;1200;2865
P186064605;P186064605_7;G;4900;1240;0;7300;2440;2835
P186064605;P186064605_8;H;5900;0;0;7900;1200;2745
P186064605;P186064605_9;I;7300;1240;0;8900;2440;2865
P186064605;P186064605_10;J;7900;0;0;9500;1200;2700
P186064605;P186064605_11;K;8900;1240;0;10900;2440;2705
P186064605;P186064605_12;L;9500;0;0;11500;1200;2705
P186064605;P186064605_13;M;10900;1240;0;12900;2440;2710
P186064605;P186064605_14;N;11500;0;0;13500;1200;2705
P186064605;P186064605_15;O;12900;1660;0;13470;2440;1340
P186064603;P186064603_1;A;0;1240;0;1600;2440;2700
P186064603;P186064603_2;B;0;0;0;1600;1200;2700
P186064603;P186064603_3;C;1600;0;0;3200;1200;2700
P186064603;P186064603_4;D;1600;1200;0;3200;2400;2700
P186064603;P186064603_5;E;3200;1240;0;4800;2440;2700
P186064603;P186064603_6;F;3200;0;0;4800;1200;2700
P186064603;P186064603_7;G;4800;0;0;6400;1200;930
P186064603;P186064603_8;H;4800;1240;0;6800;2440;2855
P186064603;P186064603_9;I;6400;0;0;8600;1200;2265
P186064603;P186064603_10;J;6800;1240;0;8600;2440;2355
P186064603;P186064603_11;K;8600;0;0;10400;1200;2355
P186064603;P186064603_12;L;8600;1240;0;10400;2440;2355
P186064603;P186064603_13;M;10400;1240;0;12200;2440;2355
P186064603;P186064603_14;N;10400;0;0;12200;1200;2355
P186064603;P186064603_15;O;12200;0;0;13400;1800;2355
P185064613;P185064613_1;A;0;0;0;2000;1200;2705
P185064613;P185064613_2;B;0;1240;0;2400;2440;2835
P185064613;P185064613_3;C;2000;0;0;4000;1200;2760
P185064613;P185064613_4;D;2400;1240;0;4300;2440;2865
P185064613;P185064613_5;E;4000;0;0;5900;1200;2865
P185064613;P185064613_6;F;4300;1240;0;5900;2440;2700
P185064613;P185064613_7;G;5900;1240;0;7900;2440;2705
P185064613;P185064613_8;H;5900;0;0;7900;1200;2705
P185064613;P185064613_9;I;7900;0;0;9900;1200;2705
P185064613;P185064613_10;J;7900;1240;0;9900;2440;2710
P185064613;P185064613_11;K;9900;1240;0;11900;2440;2255
P185064613;P185064613_12;L;9900;0;0;11900;1200;1840
P185064613;P185064613_13;M;11900;0;0;13500;1200;2520
P185064613;P185064613_14;N;11900;1240;0;13500;2440;2160
P185064607;P185064607_1;A;0;0;0;1800;1200;2055
P185064607;P185064607_2;B;0;1240;0;2000;2440;2855
P185064607;P185064607_3;C;1800;0;0;3800;1200;2855
P185064607;P185064607_4;D;2000;1240;0;4000;2440;2855
P185064607;P185064607_5;E;3800;0;0;6200;1200;1905
P185064607;P185064607_6;F;4000;1240;0;6200;2440;2875
P185064607;P185064607_7;G;6200;1240;0;8400;2440;2875
P185064607;P185064607_8;H;6200;0;0;8000;1200;2355
P185064607;P185064607_9;I;8000;0;0;9800;1200;2355
P185064607;P185064607_10;J;8400;1240;0;10200;2440;2355
P185064607;P185064607_11;K;9800;0;0;11600;1200;2355
P185064607;P185064607_12;L;10200;1240;0;12000;2440;2355
P185064607;P185064607_13;M;12000;0;0;13200;2200;2875
Q185064607_1;Q185064607_1_1;A;0;0;0;1800;1200;2355
Q185064607_1;Q185064607_1_2;B;0;1240;0;1800;2440;2355
Q185064607_1;Q185064607_1_3;C;1800;1240;0;3600;2440;2355
Q185064607_1;Q185064607_1_4;D;1800;0;0;3600;1200;2355
Q185064607_1;Q185064607_1_5;E;3600;0;0;5600;1200;2855
Q185064607_1;Q185064607_1_6;F;3600;1240;0;5800;2440;2265
Q185064607_1;Q185064607_1_7;G;5600;0;0;7500;1200;2160
Q185064607_1;Q185064607_1_8;H;5800;1240;0;7600;2440;2355
Q185064607_1;Q185064607_1_9;I;7500;0;0;9300;1200;2355
Q185064607_1;Q185064607_1_10;J;7600;1240;0;9400;2440;2355
Q185064607_1;Q185064607_1_11;K;9300;0;0;11300;1200;2855
Q185064607_1;Q185064607_1_12;L;9400;1240;0;11300;2440;2865
Q185064607_1;Q185064607_1_13;M;11300;1240;0;13100;2440;2355
Q185064607_1;Q185064607_1_14;N;11300;0;0;13500;1200;2875
Q185064607_2;Q185064607_2_1;A;0;0;0;1800;1200;2355
Q185064607_2;Q185064607_2_2;B;0;1240;0;1800;2440;2355
Q185064607_2;Q185064607_2_3;C;1800;1240;0;3600;2440;2355
Q185064607_2;Q185064607_2_4;D;1800;0;0;3600;1200;2355
Q185064607_2;Q185064607_2_5;E;3600;0;0;5400;1200;2355
Q185064607_2;Q185064607_2_6;F;3600;1240;0;5400;2440;2355
Q185064607_2;Q185064607_2_7;G;5400;1240;0;7200;2440;2355
Q185064607_2;Q185064607_2_8;H;5400;0;0;7200;1200;1200
Q185064607_2;Q185064607_2_9;I;7200;0;0;9400;1200;2265
Q185064607_2;Q185064607_2_10;J;7200;1240;0;9200;2440;2855
Q185064607_2;Q185064607_2_11;K;9200;1240;0;11400;2440;2265
Q185064607_2;Q185064607_2_12;L;9400;0;0;11400;1200;1450
Q185064607_2;Q185064607_2_13;M;11400;1240;0;13300;2440;750
P185064605;P185064605_1;A;0;0;0;1200;2400;2835
P185064605;P185064605_2;B;1200;1240;0;3100;2440;2865
P185064605;P185064605_3;C;1200;0;0;3100;1200;2865
P185064605;P185064605_4;D;3100;0;0;3670;780;1771
P185064605;P185064605_5;E;3100;1240;0;4100;2440;2865
P185064605;P185064605_6;F;3670;0;0;6070;1200;2835
P185064605;P185064605_7;G;4100;1240;0;6100;2440;2705
P185064605;P185064605_8;H;6070;0;0;8070;1200;2705
P185064605;P185064605_9;I;6100;1240;0;8100;2440;2705
P185064605;P185064605_10;J;8070;0;0;10070;1200;2765
P185064605;P185064605_11;K;8100;1240;0;10000;2440;2865
P185064605;P185064605_12;L;10000;1240;0;11900;2440;2865
P185064605;P185064605_13;M;10070;0;0;11670;1200;2520
P185064605;P185064605_14;N;11670;0;0;13270;1200;2340
P185064605;P185064605_15;O;11900;1240;0;13500;2440;2340
P184064611;P184064611_1;A;0;1240;0;1900;2440;2865
P184064611;P184064611_2;B;0;0;0;2000;1200;2255
P184064611;P184064611_3;C;1900;1240;0;4300;2440;2835
P184064611;P184064611_4;D;2000;0;0;4000;1200;2705
P184064611;P184064611_5;E;4000;0;0;6000;1200;2705
P184064611;P184064611_6;F;4300;1240;0;6300;2440;2705
P184064611;P184064611_7;G;6000;0;0;6570;780;1340
P184064611;P184064611_8;H;6300;1240;0;8300;2440;2705
P184064611;P184064611_9;I;6570;0;0;8570;1200;2745
P184064611;P184064611_10;J;8300;1240;0;10300;2440;2705
P184064611;P184064611_11;K;8570;0;0;10570;1200;2710
P184064611;P184064611_12;L;10300;1240;0;12300;2440;2705
P184064611;P184064611_13;M;10570;0;0;12170;1200;2520
P184064611;P184064611_14;N;12300;0;0;13500;1900;2865
Q184064611_1;Q184064611_1_1;A;0;0;0;1900;1200;1455
Q184064611_1;Q184064611_1_2;B;0;1240;0;2400;2440;1905
Q184064611_1;Q184064611_1_3;C;1900;0;0;3500;1200;1455
P240066203;P240066203_1;A;0;0;0;1910;2400;2865
P240066203;P240066203_2;B;1910;0;0;3820;2400;2865
P240066203;P240066203_3;C;3820;0;0;5730;2400;2865
P240066203;P240066203_4;D;5730;0;0;7640;2400;2865
P240066203;P240066203_5;E;7640;0;0;9550;2400;2865
P240066203;P240066203_6;F;9550;0;0;11460;2400;2865
P240066203;P240066203_7;G;11460;0;0;13370;2400;2865
Q240066203_1;Q240066203_1_1;A;0;0;0;1900;1200;2865
Q240066203_1;Q240066203_1_2;B;0;1240;0;1900;2440;2865
Q240066203_1;Q240066203_1_3;C;1900;1240;0;3800;2440;2865
Q240066203_1;Q240066203_1_4;D;1900;0;0;3800;1200;2865
Q240066203_1;Q240066203_1_5;E;3800;0;0;5710;2400;2865
Q240066203_1;Q240066203_1_6;F;5710;0;0;7620;2400;2865
Q240066203_1;Q240066203_1_7;G;7620;0;0;9530;2400;2865
Q240066203_1;Q240066203_1_8;H;9530;0;0;11440;2400;2865
Q240066203_1;Q240066203_1_9;I;11440;0;0;13350;2400;2865
P210066201;P210066201_1;A;0;490;0;1900;2440;930
P210066201;P210066201_2;B;1900;0;0;3810;2400;2865
P210066201;P210066201_3;C;3810;1240;0;4810;2440;2700
P210066201;P210066201_4;D;3810;0;0;6210;1200;975
P210066201;P210066201_5;E;4810;1240;0;5810;2440;2700
P210066201;P210066201_6;F;5810;1240;0;7710;2440;2865
P210066201;P210066201_7;G;6210;0;0;8110;1200;2865
P210066201;P210066201_8;H;7710;1240;0;9610;2440;750
P210066201;P210066201_9;I;9610;0;0;11520;2400;2865
P210066201;P210066201_10;J;11520;0;0;13430;2400;2865
P209066211;P209066211_1;A;0;40;0;1910;2440;2865
P209066211;P209066211_2;B;1910;0;0;3820;2400;2865
P209066211;P209066211_3;C;3820;40;0;5730;2440;2865
P209066211;P209066211_4;D;5730;0;0;7640;2400;2865
P209066211;P209066211_5;E;7640;0;0;9550;2400;2865
P209066211;P209066211_6;F;9550;0;0;11450;1200;2865
P209066211;P209066211_7;G;9550;1240;0;11450;2440;2865
P209066211;P209066211_8;H;11450;1240;0;12450;2440;2700
P209066211;P209066211_9;I;11450;0;0;13350;1200;750
P209066203;P209066203_1;A;0;0;0;1910;2400;2865
P209066203;P209066203_2;B;1910;0;0;3820;2400;2865
P209066203;P209066203_3;C;3820;0;0;5730;2400;2865
P209066203;P209066203_4;D;5730;0;0;7640;2400;2865
P209066203;P209066203_5;E;7640;0;0;9550;2400;2865
P209066203;P209066203_6;F;9550;0;0;11460;2400;2865
P209066203;P209066203_7;G;11460;0;0;13370;2400;2865
P209066201;P209066201_1;A;0;40;0;1910;2440;2865
P209066201;P209066201_2;B;1910;0;0;3110;2400;975
P209066201;P209066201_3;C;3110;1240;0;5010;2440;2865
P209066201;P209066201_4;D;3110;0;0;4110;1200;2700
P209066201;P209066201_5;E;4110;0;0;6010;1200;2865
P209066201;P209066201_6;F;5010;1240;0;6910;2440;2865
P209066201;P209066201_7;G;6010;0;0;7910;1200;2865
P209066201;P209066201_8;H;6910;1240;0;7910;2440;1815
P209066201;P209066201_9;I;7910;0;0;9820;2400;2865
P209066201;P209066201_10;J;9820;0;0;11730;2400;2865
P209066201;P209066201_11;K;11730;0;0;13210;1900;970
P208066211;P208066211_1;A;0;0;0;1900;1950;930
P208066211;P208066211_2;B;1900;0;0;3810;2400;2865
P208066211;P208066211_3;C;3810;0;0;5720;2400;2865
P208066211;P208066211_4;D;5720;0;0;7630;2400;2865
P208066211;P208066211_5;E;7630;0;0;8830;2400;975
P208066211;P208066211_6;F;8830;1240;0;10730;2440;2865
P208066211;P208066211_7;G;8830;0;0;10730;1200;2865
P208066211;P208066211_8;H;10730;0;0;12630;1200;1455
P208066211;P208066211_9;I;10730;1240;0;11730;2440;1815
P208066205;P208066205_1;A;0;0;0;1910;2400;2865
P208066205;P208066205_2;B;1910;40;0;3820;2440;2865
P208066205;P208066205_3;C;3820;1240;0;5720;2440;750
P208066205;P208066205_4;D;5720;0;0;7630;2400;2865
P208066205;P208066205_5;E;7630;0;0;9540;2400;2865
P208066205;P208066205_6;F;9540;0;0;11450;2400;2865
P208066205;P208066205_7;G;11450;0;0;13360;2400;2865
P208066203;P208066203_1;A;0;0;0;1910;2400;2865
P208066203;P208066203_2;B;1910;0;0;3820;2400;2865
P208066203;P208066203_3;C;3820;0;0;5730;2400;2865
P208066203;P208066203_4;D;5730;1240;0;7630;2440;2865
P208066203;P208066203_5;E;5730;0;0;6730;1200;2700
P208066203;P208066203_6;F;6730;0;0;8630;1200;2160
P208066203;P208066203_7;G;8630;0;0;10540;2400;2865
P208066203;P208066203_8;H;10540;0;0;12450;2400;2865
P208066201;P208066201_1;A;0;0;0;1910;2400;2865
P208066201;P208066201_2;B;1910;0;0;3820;2400;2865
P208066201;P208066201_3;C;3820;0;0;5730;2400;2865
P208066201;P208066201_4;D;5730;0;0;7640;2400;2865
P208066201;P208066201_5;E;7640;0;0;9550;2400;2865
P208066201;P208066201_6;F;9550;0;0;11460;2400;2865
P208066201;P208066201_7;G;11460;0;0;13370;2400;2865
P207066211;P207066211_1;A;0;0;0;1910;2400;2865
P207066211;P207066211_2;B;1910;0;0;3820;2400;2865
P207066211;P207066211_3;C;3820;0;0;5730;2400;2865
P207066211;P207066211_4;D;5730;0;0;7630;1950;1815
P207066211;P207066211_5;E;7630;0;0;9530;1200;2865
P207066211;P207066211_6;F;7630;1240;0;9530;2440;2865
P207066211;P207066211_7;G;9530;1240;0;11430;2440;2865
P207066211;P207066211_8;H;9530;0;0;10530;1200;2700
P207066211;P207066211_9;I;10530;0;0;12430;1200;2865
P207066211;P207066211_10;J;11430;1240;0;13330;2440;2160
P207066211;P207066211_11;K;12430;0;0;13430;1200;1815
P207066203;P207066203_1;A;0;0;0;1910;2400;2865
P207066203;P207066203_2;B;1910;0;0;3820;2400;2865
P207066203;P207066203_3;C;3820;0;0;5730;2400;2865
P207066203;P207066203_4;D;5730;0;0;7640;2400;2865
P207066203;P207066203_5;E;7640;0;0;9550;2400;2865
P207066203;P207066203_6;F;9550;0;0;11460;2400;2865
P207066203;P207066203_7;G;11460;0;0;13370;2400;2865
P207066201;P207066201_1;A;0;0;0;1480;1900;970
P207066201;P207066201_2;B;1480;0;0;3390;2400;2865
P207066201;P207066201_3;C;3390;0;0;5300;2400;2865
P207066201;P207066201_4;D;5300;0;0;7210;2400;2865
P207066201;P207066201_5;E;7210;0;0;8210;1200;2700
P207066201;P207066201_6;F;7210;1240;0;9110;2440;2865
P207066201;P207066201_7;G;8210;0;0;10110;1200;2865
P207066201;P207066201_8;H;9110;1240;0;10110;2440;1815
P207066201;P207066201_9;I;10110;0;0;12020;2400;2865
P207066201;P207066201_10;J;12020;0;0;13220;1900;2865
P206066211;P206066211_1;A;0;40;0;1910;2440;2865
P206066211;P206066211_2;B;1910;0;0;3820;2400;2865
P206066211;P206066211_3;C;3820;0;0;5730;2400;2865
P206066211;P206066211_4;D;5730;0;0;6930;2400;1905
P206066211;P206066211_5;E;6930;0;0;8840;2400;2865
P206066211;P206066211_6;F;8840;0;0;10750;2400;2865
P206066211;P206066211_7;G;10750;1240;0;12650;2440;2865
P206066211;P206066211_8;H;10750;0;0;12650;1200;2160
P206066207;P206066207_1;A;0;1234;0;1010;2440;2170
P206066207;P206066207_2;B;0;0;0;1000;1200;2700
P206066207;P206066207_3;C;1000;0;0;2900;1200;2865
P206066207;P206066207_4;D;1010;1240;0;2910;2440;2865
P206066207;P206066207_5;E;2900;0;0;4800;1200;2160
P206066207;P206066207_6;F;4800;0;0;6710;2400;2865
P206066207;P206066207_7;G;6710;0;0;8620;2400;2865
P206066207;P206066207_8;H;8620;0;0;10530;2400;2865
P206066207;P206066207_9;I;10530;0;0;12440;2400;2865
P206066203;P206066203_1;A;0;0;0;1910;2400;2865
P206066203;P206066203_2;B;1910;0;0;3820;2400;2865
P206066203;P206066203_3;C;3820;0;0;5730;2400;2865
P206066203;P206066203_4;D;5730;0;0;7630;1950;930
P206066203;P206066203_5;E;7630;0;0;9540;2400;2865
P206066203;P206066203_6;F;9540;0;0;11450;2400;2865
P206066203;P206066203_7;G;11450;0;0;13360;2400;2865
P206066201;P206066201_1;A;0;40;0;1910;2440;2865
P206066201;P206066201_2;B;1910;0;0;3820;2400;2865
P206066201;P206066201_3;C;3820;1240;0;4820;2440;2700
P206066201;P206066201_4;D;3820;0;0;5720;1200;2865
P206066201;P206066201_5;E;4820;1240;0;6720;2440;2865
P206066201;P206066201_6;F;5720;0;0;6720;1200;930
P206066201;P206066201_7;G;6720;0;0;8630;2400;2865
P206066201;P206066201_8;H;8630;0;0;10540;2400;2865
P206066201;P206066201_9;I;10540;0;0;12440;1200;2865
P206066201;P206066201_10;J;10540;1240;0;12440;2440;2865
P205066211;P205066211_1;A;0;0;0;1450;1900;930
P205066211;P205066211_2;B;1450;0;0;3360;2400;2865
P205066211;P205066211_3;C;3360;0;0;5270;2400;2865
P205066211;P205066211_4;D;5270;0;0;7180;2400;2865
P205066211;P205066211_5;E;7180;0;0;9090;2400;2865
P205066211;P205066211_6;F;9090;0;0;11000;2400;2865
P205066211;P205066211_7;G;11000;0;0;12900;1200;2865
P205066211;P205066211_8;H;11000;1240;0;12900;2440;750
P205066205;P205066205_1;A;0;0;0;1910;2400;2865
P205066205;P205066205_2;B;1910;0;0;3820;2400;2865
P205066205;P205066205_3;C;3820;0;0;5730;2400;2865
P205066205;P205066205_4;D;5730;0;0;7640;2400;2865
P205066205;P205066205_5;E;7640;0;0;9550;2400;2865
P205066205;P205066205_6;F;9550;0;0;11460;2400;2865
P205066205;P205066205_7;G;11460;0;0;13370;2400;2865
P205066203;P205066203_1;A;0;0;0;1000;1200;2700
P205066203;P205066203_2;B;0;1240;0;1900;2440;2865
P205066203;P205066203_3;C;1000;0;0;2900;1200;2865
P205066203;P205066203_4;D;1900;1240;0;2900;2440;1815
P205066203;P205066203_5;E;2900;0;0;4380;1900;970
P205066203;P205066203_6;F;4380;0;0;6290;2400;2865
P205066203;P205066203_7;G;6290;0;0;8200;2400;2865
P205066203;P205066203_8;H;8200;0;0;10110;2400;2865
P205066203;P205066203_9;I;10110;0;0;12020;2400;2865
P205066203;P205066203_10;J;12020;0;0;13220;1900;2865
Q205066203_1;Q205066203_1_1;A;0;0;0;1910;2400;2865
Q205066203_1;Q205066203_1_2;B;1910;40;0;3820;2440;2865
Q205066203_1;Q205066203_1_3;C;3820;0;0;5730;2400;2865
Q205066203_1;Q205066203_1_4;D;5730;40;0;7640;2440;2865
Q205066203_1;Q205066203_1_5;E;7640;0;0;8840;2400;975
Q205066203_1;Q205066203_1_6;F;8840;0;0;10750;2400;2865
Q205066203_1;Q205066203_1_7;G;10750;0;0;12660;2400;2865
P203066201;P203066201_1;A;0;0;0;1910;2400;2865
P203066201;P203066201_2;B;1910;40;0;3820;2440;2865
P203066201;P203066201_3;C;3820;0;0;5730;2400;2865
P203066201;P203066201_4;D;5730;0;0;7630;1950;930
P203066201;P203066201_5;E;7630;0;0;9540;2400;2865
P203066201;P203066201_6;F;9540;0;0;11440;1200;2865
P203066201;P203066201_7;G;9540;1240;0;11440;2440;2865
P203066201;P203066201_8;H;11440;1240;0;13340;2440;2865
P203066201;P203066201_9;I;11440;0;0;13340;1200;2865
P202066211;P202066211_1;A;0;0;0;1910;2400;2865
P202066211;P202066211_2;B;1910;40;0;3820;2440;2865
P202066211;P202066211_3;C;3820;0;0;5730;2400;2865
P202066211;P202066211_4;D;5730;40;0;7640;2440;2865
P202066211;P202066211_5;E;7640;0;0;9550;2400;2865
P202066211;P202066211_6;F;9550;40;0;11460;2440;2865
P202066211;P202066211_7;G;11460;0;0;13370;2400;2865
P202066205;P202066205_1;A;0;0;0;1910;2400;2865
P202066205;P202066205_2;B;1910;40;0;3820;2440;2865
P202066205;P202066205_3;C;3820;1240;0;4820;2440;2700
P202066205;P202066205_4;D;3820;0;0;4820;1200;2700
P202066205;P202066205_5;E;4820;0;0;6730;2400;2865
P202066205;P202066205_6;F;6730;0;0;8640;2400;2865
P202066205;P202066205_7;G;8640;0;0;10540;1200;2865
P202066205;P202066205_8;H;8640;1240;0;11040;2440;975
P202066205;P202066205_9;I;10540;0;0;12440;1200;2865
P202066205;P202066205_10;J;11040;1240;0;12940;2440;2865
P202066205;P202066205_11;K;12440;0;0;13440;1200;930
P202066203;P202066203_1;A;0;40;0;1910;2440;2865
P202066203;P202066203_2;B;1910;0;0;3820;2400;2865
P202066203;P202066203_3;C;3820;0;0;5730;2400;2865
P202066203;P202066203_4;D;5730;0;0;7640;2400;2865
P202066203;P202066203_5;E;7640;0;0;9550;2400;2865
P202066203;P202066203_6;F;9550;0;0;11460;2400;2865
P202066203;P202066203_7;G;11460;0;0;13370;2400;2865
P202066201;P202066201_1;A;0;0;0;1910;2400;2865
P202066201;P202066201_2;B;1910;0;0;3390;1900;970
P202066201;P202066201_3;C;3390;0;0;4590;2400;975
P202066201;P202066201_4;D;4590;1240;0;6490;2440;2865
P202066201;P202066201_5;E;4590;0;0;5590;1200;2700
P202066201;P202066201_6;F;5590;0;0;7490;1200;2865
P202066201;P202066201_7;G;6490;1240;0;8390;2440;2865
P202066201;P202066201_8;H;7490;0;0;9390;1200;2865
P202066201;P202066201_9;I;8390;1240;0;9390;2440;1815
P202066201;P202066201_10;J;9390;0;0;11300;2400;2865
P202066201;P202066201_11;K;11300;0;0;13210;2400;2865
P201066211;P201066211_1;A;0;0;0;1900;1950;1815
P201066211;P201066211_2;B;1900;0;0;3810;2400;2865
P201066211;P201066211_3;C;3810;0;0;5720;2400;2865
P201066211;P201066211_4;D;5720;1240;0;7620;2440;2865
P201066211;P201066211_5;E;5720;0;0;6720;1200;1815
P201066211;P201066211_6;F;6720;0;0;8620;1200;2865
P201066211;P201066211_7;G;7620;1240;0;9520;2440;2160
P201066211;P201066211_8;H;9520;0;0;11430;2400;2865
P201066211;P201066211_9;I;11430;0;0;13340;2400;2865
P201066205;P201066205_1;A;0;0;0;1910;2400;2865
P201066205;P201066205_2;B;1910;0;0;3820;2400;2865
P201066205;P201066205_3;C;3820;0;0;5730;2400;2865
P201066205;P201066205_4;D;5730;0;0;7640;2400;2865
P201066205;P201066205_5;E;7640;0;0;9550;2400;2865
P201066205;P201066205_6;F;9550;0;0;11460;2400;2865
P201066205;P201066205_7;G;11460;0;0;13370;2400;2865
P201066203;P201066203_1;A;0;0;0;1910;2400;2865
P201066203;P201066203_2;B;1910;0;0;3820;2400;2865
P201066203;P201066203_3;C;3820;1240;0;4820;2440;2700
P201066203;P201066203_4;D;3820;0;0;5720;1200;2865
P201066203;P201066203_5;E;4820;1240;0;7220;2440;975
P201066203;P201066203_6;F;5720;0;0;7620;1200;2865
P201066203;P201066203_7;G;7620;0;0;9530;2400;2865
P201066203;P201066203_8;H;9530;0;0;11440;2400;2865
P201066203;P201066203_9;I;11440;0;0;13350;2400;2865
P201066201;P201066201_1;A;0;0;0;1910;2400;2865
P201066201;P201066201_2;B;1910;0;0;3820;2400;2865
P201066201;P201066201_3;C;3820;0;0;5730;2400;2865
P201066201;P201066201_4;D;5730;0;0;7640;2400;2865
P201066201;P201066201_5;E;7640;0;0;9540;1200;2865
P201066201;P201066201_6;F;7640;1240;0;9540;2440;2865
P201066201;P201066201_7;G;9540;1240;0;11440;2440;1455
P201066201;P201066201_8;H;9540;0;0;10540;1200;1815
P201066201;P201066201_9;I;11440;0;0;13350;2400;2865
P200066211;P200066211_1;A;0;0;0;1910;2400;2865
P200066211;P200066211_2;B;1910;40;0;3820;2440;2865
P200066211;P200066211_3;C;3820;0;0;5730;2400;2865
P200066211;P200066211_4;D;5730;0;0;7640;2400;2865
P200066211;P200066211_5;E;7640;0;0;9550;2400;2865
P200066211;P200066211_6;F;9550;0;0;11460;2400;2865
P200066211;P200066211_7;G;11460;0;0;13410;1900;930
P200066203;P200066203_1;A;0;0;0;1910;2400;2865
P200066203;P200066203_2;B;1910;0;0;3820;2400;2865
P200066203;P200066203_3;C;3820;0;0;5730;2400;2865
P200066203;P200066203_4;D;5730;0;0;7640;2400;2865
P200066203;P200066203_5;E;7640;0;0;9550;2400;2865
P200066203;P200066203_6;F;9550;1240;0;11450;2440;2865
P200066203;P200066203_7;G;9550;0;0;10550;1200;2700
P200066203;P200066203_8;H;10550;0;0;12950;1200;975
P200066203;P200066203_9;I;11450;1240;0;13350;2440;2865
P200066201;P200066201_1;A;0;0;0;1480;1900;970
P200066201;P200066201_2;B;1480;1240;0;3380;2440;2865
P200066201;P200066201_3;C;1480;0;0;2480;1200;2700
P200066201;P200066201_4;D;2480;0;0;4380;1200;2865
P200066201;P200066201_5;E;3380;1240;0;5280;2440;2865
P200066201;P200066201_6;F;4380;0;0;5380;1200;1815
P200066201;P200066201_7;G;5280;1240;0;7180;2440;2865
P200066201;P200066201_8;H;5380;0;0;7280;1200;2865
P200066201;P200066201_9;I;7280;0;0;9190;2400;2865
P200066201;P200066201_10;J;9190;0;0;11100;2400;2865
P200066201;P200066201_11;K;11100;0;0;13500;1910;2865
Q200066201_1;Q200066201_1_1;A;0;0;0;1910;2400;2865
Q200066201_1;Q200066201_1_2;B;1910;40;0;3820;2440;2865
Q200066201_1;Q200066201_1_3;C;3820;0;0;5730;2400;2865
Q200066201_1;Q200066201_1_4;D;5730;40;0;7640;2440;2865
Q200066201_1;Q200066201_1_5;E;7640;0;0;9550;2400;2865
Q200066201_1;Q200066201_1_6;F;9550;0;0;11460;2400;2865
Q200066201_1;Q200066201_1_7;G;11460;0;0;13370;2400;2865
P199066211;P199066211_1;A;0;0;0;1910;2400;2865
P199066211;P199066211_2;B;1910;0;0;3820;2400;2865
P199066211;P199066211_3;C;3820;0;0;5730;2400;2865
P199066211;P199066211_4;D;5730;0;0;7640;2400;2865
P199066211;P199066211_5;E;7640;0;0;9550;2400;2865
P199066211;P199066211_6;F;9550;0;0;11460;2400;2865
P199066211;P199066211_7;G;11460;0;0;13370;2400;2865
P199066207;P199066207_1;A;0;1234;0;1010;2440;2170
P199066207;P199066207_2;B;0;0;0;1010;1206;1085
P199066207;P199066207_3;C;1010;0;0;2920;2400;2865
P199066207;P199066207_4;D;2920;0;0;4820;1950;930
P199066207;P199066207_5;E;4820;0;0;6730;2400;2865
P199066207;P199066207_6;F;6730;0;0;8640;2400;2865
P199066207;P199066207_7;G;8640;0;0;10550;2400;2865
P199066207;P199066207_8;H;10550;0;0;12460;2400;2865
P199066207;P199066207_9;I;12460;0;0;13460;1200;2700
P199066203;P199066203_1;A;0;0;0;1910;2400;2865
P199066203;P199066203_2;B;1910;0;0;3820;2400;2865
P199066203;P199066203_3;C;3820;0;0;5730;2400;2865
P199066203;P199066203_4;D;5730;1240;0;7630;2440;2865
P199066203;P199066203_5;E;5730;0;0;8130;1200;975
P199066203;P199066203_6;F;7630;1240;0;9530;2440;2865
P199066203;P199066203_7;G;8130;0;0;10030;1200;2865
P199066203;P199066203_8;H;9530;1240;0;11430;2440;2865
P199066203;P199066203_9;I;10030;0;0;11030;1200;930
P199066203;P199066203_10;J;11430;0;0;13340;2400;2865
P199066201;P199066201_1;A;0;0;0;1910;2400;2865
P199066201;P199066201_2;B;1910;0;0;3820;2400;2865
P199066201;P199066201_3;C;3820;0;0;5730;2400;2865
P199066201;P199066201_4;D;5730;0;0;7640;2400;2865
P199066201;P199066201_5;E;7640;0;0;9550;2400;2865
P199066201;P199066201_6;F;9550;0;0;11460;2400;2865
P199066201;P199066201_7;G;11460;0;0;13370;2400;2160
Q199066201_1;Q199066201_1_1;A;0;0;0;1910;2400;2865
Q199066201_1;Q199066201_1_2;B;1910;0;0;3820;2400;2865
Q199066201_1;Q199066201_1_3;C;3820;0;0;5730;2400;2865
Q199066201_1;Q199066201_1_4;D;5730;1240;0;7630;2440;2865
Q199066201_1;Q199066201_1_5;E;5730;0;0;7630;1200;2865
Q199066201_1;Q199066201_1_6;F;7630;0;0;9540;2400;2865
Q199066201_1;Q199066201_1_7;G;9540;0;0;11450;2400;2865
Q199066201_1;Q199066201_1_8;H;11450;0;0;13360;2400;1455
P198066211;P198066211_1;A;0;0;0;1910;2400;2865
P198066211;P198066211_2;B;1910;0;0;2910;1200;2700
P198066211;P198066211_3;C;1910;1240;0;3810;2440;2865
P198066211;P198066211_4;D;2910;0;0;4810;1200;2865
P198066211;P198066211_5;E;3810;1240;0;4810;2440;2700
P198066211;P198066211_6;F;4810;0;0;6290;1900;970
P198066211;P198066211_7;G;6290;0;0;8200;2400;2865
P198066211;P198066211_8;H;8200;0;0;10110;2400;2865
P198066211;P198066211_9;I;10110;0;0;12020;2400;2865
P198066211;P198066211_10;J;12020;0;0;13470;1900;930
P198066205;P198066205_1;A;0;0;0;1910;2400;2865
P198066205;P198066205_2;B;1910;0;0;3820;2400;2865
P198066205;P198066205_3;C;3820;0;0;5730;2400;2865
P198066205;P198066205_4;D;5730;0;0;7630;1200;2865
P198066205;P198066205_5;E;5730;1240;0;7630;2440;2865
P198066205;P198066205_6;F;7630;0;0;9540;2400;2865
P198066205;P198066205_7;G;9540;0;0;11440;1950;930
P198066205;P198066205_8;H;11440;0;0;12640;2400;975
P198066203;P198066203_1;A;0;1240;0;1000;2440;2700
P198066203;P198066203_2;B;0;0;0;1900;1200;2865
P198066203;P198066203_3;C;1000;1240;0;2900;2440;750
P198066203;P198066203_4;D;2900;0;0;4810;2400;2865
P198066203;P198066203_5;E;4810;0;0;6720;2400;2865
P198066203;P198066203_6;F;6720;0;0;8630;2400;2865
P198066203;P198066203_7;G;8630;0;0;10540;2400;2865
P198066203;P198066203_8;H;10540;0;0;12450;2400;2865
P194060903;P194060903_1;A;0;0;0;2200;2400;2655
P194060903;P194060903_2;B;2200;0;0;4400;2400;2655
P194060903;P194060903_3;C;4400;0;0;6600;2400;2655
P194060903;P194060903_4;D;6600;1240;0;8800;2440;2655
P194060903;P194060903_5;E;6600;0;0;8600;1200;2395
P194060903;P194060903_6;F;8600;0;0;10600;1200;2395
P194060903;P194060903_7;G;8800;1240;0;10800;2440;2395
P194060903;P194060903_8;H;10600;0;0;12600;1200;2395
P194060903;P194060903_9;I;10800;1240;0;12800;2440;2395
P194060903;P194060903_10;J;12600;0;0;13400;600;2632
P194060903;P194060903_11;K;12600;640;0;13400;1240;560
P194060901;P194060901_1;A;0;0;0;2000;1200;2395
P194060901;P194060901_2;B;0;1200;0;2000;2400;2395
P194060901;P194060901_3;C;2000;0;0;4200;2400;2655
P194060901;P194060901_4;D;4200;0;0;6400;2400;2655
P194060901;P194060901_5;E;6400;1240;0;8600;2440;2655
P194060901;P194060901_6;F;6400;0;0;7200;600;2114
P194060901;P194060901_7;G;7200;0;0;9200;1200;2395
P194060901;P194060901_8;H;8600;1240;0;10600;2440;2395
P194060901;P194060901_9;I;9200;0;0;11200;1200;2395
P194060901;P194060901_10;J;10600;1240;0;12600;2440;2395
P194060901;P194060901_11;K;11200;0;0;13400;1200;1350
P194060909;P194060909_1;A;0;0;0;2000;1200;2395
P194060909;P194060909_2;B;0;1240;0;2000;2440;2395
P194060909;P194060909_3;C;2000;1240;0;4000;2440;2395
P194060909;P194060909_4;D;2000;0;0;4000;1200;2395
P194060909;P194060909_5;E;4000;0;0;6000;1200;2395
P194060909;P194060909_6;F;4000;1240;0;6000;2440;2395
P194060909;P194060909_7;G;6000;1240;0;8000;2440;2395
P194060909;P194060909_8;H;6000;0;0;8000;1200;2395
P194060909;P194060909_9;I;8000;0;0;10200;2400;2655
P194060909;P194060909_10;J;10200;1240;0;12200;2440;2395
P194060909;P194060909_11;K;10200;0;0;12200;1200;2395
P194060909;P194060909_12;L;12200;0;0;13400;2000;2395
P193060907;P193060907_1;A;0;0;0;2000;1200;2395
P193060907;P193060907_2;B;0;1240;0;2000;2440;2395
P193060907;P193060907_3;C;2000;1240;0;4000;2440;2395
P193060907;P193060907_4;D;2000;0;0;4000;1200;2395
P193060907;P193060907_5;E;4000;0;0;6000;1200;2395
P193060907;P193060907_6;F;4000;1240;0;6000;2440;2395
P193060907;P193060907_7;G;6000;0;0;8200;2400;2655
P193060907;P193060907_8;H;8200;0;0;10200;1200;2395
P193060907;P193060907_9;I;8200;1240;0;10200;2440;2395
P193060907;P193060907_10;J;10200;1240;0;12200;2440;2395
P193060907;P193060907_11;K;10200;0;0;12200;1200;2395
P193060907;P193060907_12;L;12200;0;0;13400;2000;2395
P193060903;P193060903_1;A;0;0;0;2200;2400;2655
P193060903;P193060903_2;B;2200;0;0;4400;2400;2655
P193060903;P193060903_3;C;4400;0;0;6600;2400;2655
P193060903;P193060903_4;D;6600;0;0;8800;1200;2655
P193060903;P193060903_5;E;6600;1240;0;8600;2440;2395
P193060903;P193060903_6;F;8600;1200;0;9400;1800;2632
P193060903;P193060903_7;G;8600;1840;0;9400;2440;1596
P193060903;P193060903_8;H;8800;0;0;11000;1200;2655
P193060903;P193060903_9;I;9400;1240;0;11400;2440;2395
P193060903;P193060903_10;J;11000;0;0;13000;1200;2395
P193060903;P193060903_11;K;11400;1240;0;13400;2440;2395
P193060901;P193060901_1;A;0;0;0;2200;2400;2655
P193060901;P193060901_2;B;2200;0;0;4400;2400;2655
P193060901;P193060901_3;C;4400;0;0;6400;1200;2395
P193060901;P193060901_4;D;4400;1240;0;6400;2440;2395
P193060901;P193060901_5;E;6400;1240;0;8400;2440;2395
P193060901;P193060901_6;F;6400;0;0;8400;1200;2395
P193060901;P193060901_7;G;8400;0;0;10400;1200;2395
P193060901;P193060901_8;H;8400;1240;0;10600;2440;2655
P193060901;P193060901_9;I;10400;0;0;11200;600;1596
P193060901;P193060901_10;J;11200;0;0;13400;2400;2655
P193060909;P193060909_1;A;0;0;0;2000;1200;2395
P193060909;P193060909_2;B;0;1200;0;2000;2400;2395
P193060909;P193060909_3;C;2000;1240;0;4000;2440;2395
P193060909;P193060909_4;D;2000;0;0;4000;1200;2395
P193060909;P193060909_5;E;4000;0;0;6000;1200;2395
P193060909;P193060909_6;F;4000;1240;0;6000;2440;2395
P193060909;P193060909_7;G;6000;1240;0;8000;2440;2395
P193060909;P193060909_8;H;6000;0;0;8000;1200;2395
P193060909;P193060909_9;I;8000;0;0;10000;1200;2395
P193060909;P193060909_10;J;8000;1240;0;10000;2440;2395
P193060909;P193060909_11;K;10000;0;0;12200;2400;2655
P193060909;P193060909_12;L;12200;0;0;13400;2000;2395
P192060907;P192060907_1;A;0;0;0;2200;2400;2655
P192060907;P192060907_2;B;2200;1240;0;4200;2440;2395
P192060907;P192060907_3;C;2200;0;0;4200;1200;2395
P192060907;P192060907_4;D;4200;0;0;6400;2400;2655
P192060907;P192060907_5;E;6400;0;0;8600;2400;2655
P192060907;P192060907_6;F;8600;0;0;10600;1200;2395
P192060907;P192060907_7;G;8600;1240;0;10600;2440;2395
P192060907;P192060907_8;H;10600;1240;0;12600;2440;2395
P192060907;P192060907_9;I;10600;0;0;12800;1200;2655
P192060907;P192060907_10;J;12600;1200;0;13400;1800;2632
P192060903;P192060903_1;A;0;1240;0;2000;2440;2395
P192060903;P192060903_2;B;0;0;0;2200;1200;1350
P192060903;P192060903_3;C;2000;1200;0;2800;1800;1078
P192060903;P192060903_4;D;2200;0;0;3800;1200;2865
P192060903;P192060903_5;E;2800;1240;0;4400;2440;2865
P192060903;P192060903_6;F;3800;0;0;5400;1200;2865
P192060903;P192060903_7;G;4400;1240;0;6000;2440;2865
P192060903;P192060903_8;H;5400;0;0;7000;1200;2865
P192060903;P192060903_9;I;6000;1240;0;7600;2440;2865
P192060903;P192060903_10;J;7000;0;0;8600;1200;2865
P192060903;P192060903_11;K;7600;1240;0;9200;2440;2865
P192060903;P192060903_12;L;8600;0;0;10200;1200;2865
P192060903;P192060903_13;M;9200;1240;0;10800;2440;2865
P192060903;P192060903_14;N;10200;0;0;11800;1200;2865
P192060903;P192060903_15;O;10800;1240;0;12400;2440;2865
P192060903;P192060903_16;P;11800;0;0;13400;1200;2865
P192060911;P192060911_1;A;0;1240;0;2000;2440;2395
P192060911;P192060911_2;B;0;0;0;2000;1200;2395
P192060911;P192060911_3;C;2000;0;0;4000;1200;2395
P192060911;P192060911_4;D;2000;1240;0;4000;2440;2395
P192060911;P192060911_5;E;4000;0;0;6200;2400;2655
P192060911;P192060911_6;F;6200;0;0;8200;1200;2395
P192060911;P192060911_7;G;6200;1240;0;8200;2440;2395
P192060911;P192060911_8;H;8200;1240;0;10200;2440;2395
P192060911;P192060911_9;I;8200;0;0;10200;1200;2395
P192060911;P192060911_10;J;10200;0;0;12200;1200;2395
P192060911;P192060911_11;K;10200;1240;0;12200;2440;2395
P192060911;P192060911_12;L;12200;0;0;13400;2000;2395
P192060901;P192060901_1;A;0;0;0;2200;2400;2655
P192060901;P192060901_2;B;2200;0;0;4400;2400;2655
P192060901;P192060901_3;C;4400;1640;0;5000;2440;1078
P192060901;P192060901_4;D;4400;0;0;6400;1200;2395
P192060901;P192060901_5;E;5000;1240;0;7000;2440;2395
P192060901;P192060901_6;F;6400;0;0;8400;1200;2395
P192060901;P192060901_7;G;7000;1240;0;9000;2440;2395
P192060901;P192060901_8;H;8400;0;0;10400;1200;2395
P192060901;P192060901_9;I;9000;1240;0;11000;2440;2395
P192060901;P192060901_10;J;10400;0;0;12600;1200;1350
P192060901;P192060901_11;K;11000;1240;0;13000;2440;2395
P192060909;P192060909_1;A;0;0;0;2200;2400;2655
P192060909;P192060909_2;B;2200;0;0;4400;2400;2655
P192060909;P192060909_3;C;4400;0;0;6400;1200;2395
P192060909;P192060909_4;D;4400;1240;0;6400;2440;2395
P192060909;P192060909_5;E;6400;1240;0;8400;2440;2395
P192060909;P192060909_6;F;6400;0;0;8400;1200;2395
P192060909;P192060909_7;G;8400;0;0;10600;2400;2655
P192060909;P192060909_8;H;10600;1240;0;12600;2440;2395
P192060909;P192060909_9;I;10600;0;0;12600;1200;2395
P192060909;P192060909_10;J;12600;0;0;13400;600;1596
P191060907;P191060907_1;A;0;1240;0;2000;2440;2395
P191060907;P191060907_2;B;0;0;0;2000;1200;2395
P191060907;P191060907_3;C;2000;0;0;4000;1200;2395
P191060907;P191060907_4;D;2000;1240;0;4000;2440;2395
P191060907;P191060907_5;E;4000;1240;0;6000;2440;2395
P191060907;P191060907_6;F;4000;0;0;6000;1200;2395
P191060907;P191060907_7;G;6000;0;0;8000;1200;2395
P191060907;P191060907_8;H;6000;1240;0;8000;2440;2395
P191060907;P191060907_9;I;8000;1240;0;10000;2440;2395
P191060907;P191060907_10;J;8000;0;0;10000;1200;2395
P191060907;P191060907_11;K;10000;0;0;12000;1200;2395
P191060907;P191060907_12;L;10000;1240;0;12000;2440;2395
P191060907;P191060907_13;M;12000;0;0;13200;2200;2655
P191060903;P191060903_1;A;0;0;0;2000;1200;2395
P191060903;P191060903_2;B;0;1240;0;2000;2440;2395
P191060903;P191060903_3;C;2000;1640;0;2600;2440;2632
P191060903;P191060903_4;D;2000;0;0;4000;1200;2395
P191060903;P191060903_5;E;2600;1240;0;4600;2440;2395
P191060903;P191060903_6;F;4000;0;0;6000;1200;2395
P191060903;P191060903_7;G;4600;1240;0;6600;2440;2395
P191060903;P191060903_8;H;6000;0;0;8000;1200;2395
P191060903;P191060903_9;I;6600;1240;0;8800;2440;2655
P191060903;P191060903_10;J;8800;0;0;11000;2400;2655
P191060903;P191060903_11;K;11000;0;0;13200;2400;2655
P191060901;P191060901_1;A;0;0;0;2000;1200;2395
P191060901;P191060901_2;B;0;1200;0;2000;2400;2395
P191060901;P191060901_3;C;2000;1240;0;4000;2440;2395
P191060901;P191060901_4;D;2000;0;0;4000;1200;2395
P191060901;P191060901_5;E;4000;1240;0;6000;2440;2395
P191060901;P191060901_6;F;4000;0;0;6000;1200;2395
P191060901;P191060901_7;G;6000;0;0;8000;1200;2395
P191060901;P191060901_8;H;6000;1240;0;8000;2440;2395
P191060901;P191060901_9;I;8000;1240;0;10000;2440;2395
P191060901;P191060901_10;J;8000;0;0;10000;1200;2395
P191060901;P191060901_11;K;10000;0;0;12200;2400;2655
P191060901;P191060901_12;L;12200;0;0;13400;2000;2395
P189060951;P189060951_1;A;0;40;0;2200;2440;2655
P189060951;P189060951_2;B;2200;0;0;4200;1200;2395
P189060951;P189060951_3;C;2200;1240;0;4200;2440;2395
P189060951;P189060951_4;D;4200;1240;0;6200;2440;2395
P189060951;P189060951_5;E;4200;0;0;6200;1200;2395
P189060951;P189060951_6;F;6200;0;0;8400;2400;2655
P189060951;P189060951_7;G;8400;1640;0;9000;2440;2632
P189060951;P189060951_8;H;8400;0;0;10400;1200;2395
P189060951;P189060951_9;I;9000;1240;0;11000;2440;2395
P189060951;P189060951_10;J;10400;0;0;12400;1200;2395
P189060951;P189060951_11;K;11000;1240;0;13200;2440;2655
P189060909;P189060909_1;A;0;0;0;2000;1200;2395
P189060909;P189060909_2;B;0;1240;0;2000;2440;2395
P189060909;P189060909_3;C;2000;0;0;4200;2400;2655
P189060909;P189060909_4;D;4200;0;0;6400;2400;2655
P189060909;P189060909_5;E;6400;1240;0;8400;2440;2395
P189060909;P189060909_6;F;6400;0;0;8600;1200;2655
P189060909;P189060909_7;G;8400;1200;0;9200;1800;1596
P189060909;P189060909_8;H;8600;0;0;10600;1200;2395
P189060909;P189060909_9;I;9200;1240;0;11200;2440;2395
P189060909;P189060909_10;J;10600;0;0;12600;1200;2395
P189060909;P189060909_11;K;11200;1240;0;13200;2440;2395
P188060907;P188060907_1;A;0;0;0;2000;1200;2395
P188060907;P188060907_2;B;0;1240;0;2000;2440;2395
P188060907;P188060907_3;C;2000;1240;0;4000;2440;2395
P188060907;P188060907_4;D;2000;0;0;4000;1200;2395
P188060907;P188060907_5;E;4000;0;0;6000;1200;2395
P188060907;P188060907_6;F;4000;1240;0;6000;2440;2395
P188060907;P188060907_7;G;6000;0;0;8200;2400;2655
P188060907;P188060907_8;H;8200;0;0;10400;2400;2655
P188060907;P188060907_9;I;10400;0;0;12600;2400;2655
P188060907;P188060907_10;J;12600;0;0;13400;600;1078
P188060903;P188060903_1;A;0;1240;0;2000;2440;2395
P188060903;P188060903_2;B;0;0;0;2200;1200;2655
P188060903;P188060903_3;C;2000;1240;0;4000;2440;2395
P188060903;P188060903_4;D;2200;0;0;4200;1200;2395
P188060903;P188060903_5;E;4000;1240;0;6000;2440;2395
P188060903;P188060903_6;F;4200;0;0;6200;1200;2395
P188060903;P188060903_7;G;6000;1240;0;8000;2440;2395
P188060903;P188060903_8;H;6200;0;0;7000;600;1596
P188060903;P188060903_9;I;7000;0;0;8600;1200;2865
P188060903;P188060903_10;J;8000;1240;0;9600;2440;2865
P188060903;P188060903_11;K;8600;0;0;10200;1200;2865
P188060903;P188060903_12;L;9600;1240;0;11200;2440;2865
P188060903;P188060903_13;M;10200;0;0;11800;1200;2865
P188060903;P188060903_14;N;11200;1240;0;12800;2440;2865
P188060903;P188060903_15;O;11800;0;0;13400;1200;2865
P188060901;P188060901_1;A;0;1240;0;2000;2440;2395
P188060901;P188060901_2;B;0;0;0;2000;1200;2395
P188060901;P188060901_3;C;2000;0;0;4200;2400;2655
P188060901;P188060901_4;D;4200;0;0;6400;2400;2655
P188060901;P188060901_5;E;6400;0;0;7000;800;1596
P188060901;P188060901_6;F;6400;1240;0;8400;2440;2395
P188060901;P188060901_7;G;7000;0;0;9000;1200;2395
P188060901;P188060901_8;H;8400;1240;0;10400;2440;2395
P188060901;P188060901_9;I;9000;0;0;11000;1200;2395
P188060901;P188060901_10;J;10400;1240;0;12400;2440;2395
P188060901;P188060901_11;K;11000;0;0;13000;1200;2395
P188060909;P188060909_1;A;0;0;0;2000;1200;2395
P188060909;P188060909_2;B;0;1200;0;2000;2400;2395
P188060909;P188060909_3;C;2000;1240;0;4000;2440;2395
P188060909;P188060909_4;D;2000;0;0;4000;1200;2395
P188060909;P188060909_5;E;4000;1240;0;6000;2440;2395
P188060909;P188060909_6;F;4000;0;0;6000;1200;2395
P188060909;P188060909_7;G;6000;0;0;8000;1200;2395
P188060909;P188060909_8;H;6000;1240;0;8000;2440;2395
P188060909;P188060909_9;I;8000;1240;0;10200;2440;2655
P188060909;P188060909_10;J;8000;0;0;10200;1200;1350
P188060909;P188060909_11;K;10200;0;0;12400;2400;2655
P188060909;P188060909_12;L;12400;1840;0;13200;2440;560
P187060907;P187060907_1;A;0;0;0;2000;1200;2395
P187060907;P187060907_2;B;0;1200;0;2000;2400;2395
P187060907;P187060907_3;C;2000;1240;0;4000;2440;2395
P187060907;P187060907_4;D;2000;0;0;4000;1200;2395
P187060907;P187060907_5;E;4000;1240;0;6000;2440;2395
P187060907;P187060907_6;F;4000;0;0;6000;1200;2395
P187060907;P187060907_7;G;6000;0;0;8000;1200;2395
P187060907;P187060907_8;H;6000;1240;0;8000;2440;2395
P187060907;P187060907_9;I;8000;1240;0;10000;2440;2395
P187060907;P187060907_10;J;8000;0;0;10000;1200;2395
P187060907;P187060907_11;K;10000;0;0;12200;2400;2655
P187060907;P187060907_12;L;12200;0;0;13400;2000;2395
P187060903;P187060903_1;A;0;0;0;600;800;2632
P187060903;P187060903_2;B;0;1240;0;2000;2440;2395
P187060903;P187060903_3;C;600;0;0;2600;1200;2395
P187060903;P187060903_4;D;2000;1240;0;4000;2440;2395
P187060903;P187060903_5;E;2600;0;0;4800;1200;2655
P187060903;P187060903_6;F;4000;1240;0;6000;2440;2395
P187060903;P187060903_7;G;4800;0;0;6800;1200;2395
P187060903;P187060903_8;H;6000;1240;0;8000;2440;2395
P187060903;P187060903_9;I;6800;0;0;8800;1200;2395
P187060903;P187060903_10;J;8800;40;0;11000;2440;2655
P187060903;P187060903_11;K;11000;0;0;13200;2400;2655
P187060901;P187060901_1;A;0;0;0;2200;2400;2655
P187060901;P187060901_2;B;2200;1240;0;4200;2440;2395
P187060901;P187060901_3;C;2200;0;0;4200;1200;2395
P187060901;P187060901_4;D;4200;0;0;6200;1200;2395
P187060901;P187060901_5;E;4200;1240;0;6200;2440;2395
P187060901;P187060901_6;F;6200;1240;0;8200;2440;2395
P187060901;P187060901_7;G;6200;0;0;8200;1200;2395
P187060901;P187060901_8;H;8200;0;0;10200;1200;2395
P187060901;P187060901_9;I;8200;1240;0;10200;2440;2395
P187060901;P187060901_10;J;10200;0;0;12400;2400;2655
P187060901;P187060901_11;K;12400;0;0;13200;600;1596
P187060909;P187060909_1;A;0;0;0;2200;2400;2655
P187060909;P187060909_2;B;2200;1240;0;4200;2440;2395
P187060909;P187060909_3;C;2200;0;0;4200;1200;2395
P187060909;P187060909_4;D;4200;0;0;6200;1200;2395
P187060909;P187060909_5;E;4200;1240;0;6400;2440;2655
P187060909;P187060909_6;F;6200;0;0;8400;1200;1350
P187060909;P187060909_7;G;6400;1240;0;8400;2440;2395
P187060909;P187060909_8;H;8400;0;0;10600;2400;2655
P187060909;P187060909_9;I;10600;0;0;12800;2400;2655
P187060909;P187060909_10;J;12800;1640;0;13400;2440;1596
P186060907;P186060907_1;A;0;40;0;2200;2440;2655
P186060907;P186060907_2;B;2200;0;0;4200;1200;2395
P186060907;P186060907_3;C;2200;1240;0;4200;2440;2395
P186060907;P186060907_4;D;4200;1240;0;6200;2440;2395
P186060907;P186060907_5;E;4200;0;0;6200;1200;2395
P186060907;P186060907_6;F;6200;0;0;8200;1200;2395
P186060907;P186060907_7;G;6200;1240;0;8200;2440;2395
P186060907;P186060907_8;H;8200;0;0;10400;2400;2655
P186060907;P186060907_9;I;10400;0;0;12600;1200;1350
P186060907;P186060907_10;J;10400;1240;0;12400;2440;2395
P186060907;P186060907_11;K;12400;1200;0;13200;1800;560
P186060903;P186060903_1;A;0;0;0;2200;2400;2655
P186060903;P186060903_2;B;2200;0;0;4400;2400;2655
P186060903;P186060903_3;C;4400;0;0;5000;800;1078
P186060903;P186060903_4;D;4400;1240;0;6600;2440;1350
P186060903;P186060903_5;E;5000;0;0;6600;1200;2865
P186060903;P186060903_6;F;6600;1240;0;8200;2440;2865
P186060903;P186060903_7;G;6600;0;0;8200;1200;2865
P186060903;P186060903_8;H;8200;0;0;9800;1200;2865
P186060903;P186060903_9;I;8200;1240;0;9800;2440;2865
P186060903;P186060903_10;J;9800;1240;0;11400;2440;2865
P186060903;P186060903_11;K;9800;0;0;11400;1200;2865
P186060903;P186060903_12;L;11400;0;0;13000;1200;2865
P186060903;P186060903_13;M;11400;1240;0;13000;2440;2865
P186060901;P186060901_1;A;0;0;0;2000;1200;2395
P186060901;P186060901_2;B;0;1200;0;2000;2400;2395
P186060901;P186060901_3;C;2000;1240;0;4000;2440;2395
P186060901;P186060901_4;D;2000;0;0;4000;1200;2395
P186060901;P186060901_5;E;4000;1240;0;6000;2440;2395
P186060901;P186060901_6;F;4000;0;0;6000;1200;2395
P186060901;P186060901_7;G;6000;0;0;8000;1200;2395
P186060901;P186060901_8;H;6000;1240;0;8000;2440;2395
P186060901;P186060901_9;I;8000;1240;0;10000;2440;2395
P186060901;P186060901_10;J;8000;0;0;10000;1200;2395
P186060901;P186060901_11;K;10000;0;0;12000;1200;2395
P186060901;P186060901_12;L;10000;1200;0;10800;1800;1596
P186060901;P186060901_13;M;10800;1240;0;12800;2440;2395
P186060909;P186060909_1;A;0;0;0;2000;1200;2395
P186060909;P186060909_2;B;0;1240;0;2000;2440;2395
P186060909;P186060909_3;C;2000;1240;0;4000;2440;2395
P186060909;P186060909_4;D;2000;0;0;4000;1200;2395
P186060909;P186060909_5;E;4000;0;0;6000;1200;2395
P186060909;P186060909_6;F;4000;1240;0;6000;2440;2395
P186060909;P186060909_7;G;6000;1240;0;8000;2440;2395
P186060909;P186060909_8;H;6000;0;0;8000;1200;2395
P186060909;P186060909_9;I;8000;0;0;10200;2400;2655
P186060909;P186060909_10;J;10200;0;0;12400;2400;2655
P186060909;P186060909_11;K;12400;0;0;13200;600;1596
P185060903;P185060903_1;A;0;1240;0;2000;2440;2395
P185060903;P185060903_2;B;0;0;0;2000;1200;2395
P185060903;P185060903_3;C;2000;0;0;4000;1200;2395
P185060903;P185060903_4;D;2000;1240;0;4000;2440;2395
P185060903;P185060903_5;E;4000;1240;0;6000;2440;2395
P185060903;P185060903_6;F;4000;0;0;6000;1200;2395
P185060903;P185060903_7;G;6000;0;0;8200;1200;2655
P185060903;P185060903_8;H;6000;1240;0;7600;2440;2865
P185060903;P185060903_9;I;7600;1240;0;9200;2440;2865
P185060903;P185060903_10;J;8200;0;0;9800;1200;2865
P185060903;P185060903_11;K;9200;1240;0;10800;2440;2865
P185060903;P185060903_12;L;9800;0;0;11400;1200;2865
P185060903;P185060903_13;M;10800;1240;0;12400;2440;2865
P185060903;P185060903_14;N;11400;0;0;13000;1200;2865
P185060911;P185060911_1;A;0;0;0;2200;2400;2655
P185060911;P185060911_2;B;2200;0;0;4400;2400;2655
P185060911;P185060911_3;C;4400;1640;0;5000;2440;2632
P185060911;P185060911_4;D;4400;0;0;6400;1200;2395
P185060911;P185060911_5;E;5000;1240;0;7000;2440;2395
P185060911;P185060911_6;F;6400;0;0;8400;1200;2395
P185060911;P185060911_7;G;7000;1240;0;9000;2440;2395
P185060911;P185060911_8;H;8400;0;0;10600;1200;2655
P185060911;P185060911_9;I;9000;1240;0;11000;2440;2395
P185060911;P185060911_10;J;10600;0;0;12600;1200;2395
P185060911;P185060911_11;K;11000;1240;0;13000;2440;2395
P185060901;P185060901_1;A;0;0;0;2200;2400;2655
P185060901;P185060901_2;B;2200;0;0;4400;2400;2655
P185060901;P185060901_3;C;4400;0;0;6600;1200;1350
P185060901;P185060901_4;D;4400;1240;0;6400;2440;2395
P185060901;P185060901_5;E;6400;1240;0;8400;2440;2395
P185060901;P185060901_6;F;6600;0;0;8600;1200;2395
P185060901;P185060901_7;G;8400;1240;0;10400;2440;2395
P185060901;P185060901_8;H;8600;0;0;10600;1200;2395
P185060901;P185060901_9;I;10400;1200;0;11200;1800;1078
P185060901;P185060901_10;J;10600;0;0;12600;1200;2395
P185060901;P185060901_11;K;11200;1240;0;13200;2440;2395
P185060909;P185060909_1;A;0;0;0;2200;2400;2655
P185060909;P185060909_2;B;2200;1240;0;4200;2440;2395
P185060909;P185060909_3;C;2200;0;0;4200;1200;2395
P185060909;P185060909_4;D;4200;0;0;6200;1200;2395
P185060909;P185060909_5;E;4200;1240;0;6200;2440;2395
P185060909;P185060909_6;F;6200;1240;0;8200;2440;2395
P185060909;P185060909_7;G;6200;0;0;8200;1200;2395
P185060909;P185060909_8;H;8200;0;0;10200;1200;2395
P185060909;P185060909_9;I;8200;1240;0;10200;2440;2395
P185060909;P185060909_10;J;10200;1240;0;12200;2440;2395
P185060909;P185060909_11;K;10200;0;0;12200;1200;2395
P185060909;P185060909_12;L;12200;0;0;13400;2000;2395
P184060907;P184060907_1;A;0;0;0;2000;1200;2395
P184060907;P184060907_2;B;0;1240;0;2000;2440;2395
P184060907;P184060907_3;C;2000;0;0;4200;2400;2655
P184060907;P184060907_4;D;4200;0;0;6400;2400;2655
P184060907;P184060907_5;E;6400;1240;0;8400;2440;2395
P184060907;P184060907_6;F;6400;0;0;8400;1200;2395
P184060907;P184060907_7;G;8400;0;0;10600;1200;2655
P184060907;P184060907_8;H;8400;1200;0;9200;1800;1078
P184060907;P184060907_9;I;9200;1240;0;11200;2440;2395
P184060907;P184060907_10;J;10600;0;0;12600;1200;2395
P184060907;P184060907_11;K;11200;1240;0;13200;2440;2395
P184060903;P184060903_1;A;0;0;0;2000;1200;2395
P184060903;P184060903_2;B;0;1200;0;2000;2400;2395
P184060903;P184060903_3;C;2000;1240;0;4000;2440;2395
P184060903;P184060903_4;D;2000;0;0;4000;1200;2395
P184060903;P184060903_5;E;4000;1240;0;6000;2440;2395
P184060903;P184060903_6;F;4000;0;0;6000;1200;2395
P184060903;P184060903_7;G;6000;0;0;8000;1200;2395
P184060903;P184060903_8;H;6000;1240;0;8000;2440;2395
P184060903;P184060903_9;I;8000;1240;0;10000;2440;2395
P184060903;P184060903_10;J;8000;0;0;10000;1200;1220
P184060903;P184060903_11;K;10000;0;0;11600;1200;2865
P184060903;P184060903_12;L;10000;1240;0;11600;2440;2865
P184060903;P184060903_13;M;11600;1240;0;13200;2440;2865
P194061911;P194061911_1;A;0;0;0;1200;2400;2775
P194061911;P194061911_2;B;1200;0;0;2400;2400;2775
P194061911;P194061911_3;C;2400;0;0;3600;2400;2775
P194061911;P194061911_4;D;3600;0;0;4800;2400;2385
P194061911;P194061911_5;E;4800;0;0;6000;2400;2385
P194061911;P194061911_6;F;6000;0;0;7200;2400;2385
P194061911;P194061911_7;G;7200;0;0;8400;2400;2385
P194061911;P194061911_8;H;8400;0;0;9600;2400;2385
P194061911;P194061911_9;I;9600;0;0;10800;2400;2385
P194061911;P194061911_10;J;10800;0;0;12000;2400;2385
P194061911;P194061911_11;K;12000;0;0;13200;2400;2385
P194061903;P194061903_1;A;0;0;0;1000;1200;2835
P194061903;P194061903_2;B;0;1220;0;1000;2420;2835
P194061903;P194061903_3;C;1000;0;0;2200;2400;2145
P194061903;P194061903_4;D;2200;20;0;3400;2420;2580
P194061903;P194061903_5;E;3400;0;0;4400;1200;2835
P194061903;P194061903_6;F;3400;1240;0;5800;2440;2775
P194061903;P194061903_7;G;4400;0;0;6800;1200;2775
P194061903;P194061903_8;H;5800;1240;0;8200;2440;2775
P194061903;P194061903_9;I;6800;0;0;9200;1200;2580
P194061903;P194061903_10;J;8200;1240;0;10600;2440;2385
P194061903;P194061903_11;K;9200;0;0;11600;1200;2385
P194061903;P194061903_12;L;10600;1240;0;13000;2440;2385
P194061903;P194061903_13;M;11600;0;0;12600;1200;2835
P193061913;P193061913_1;A;0;0;0;1200;2400;2775
P193061913;P193061913_2;B;1200;0;0;2400;2400;2775
P193061913;P193061913_3;C;2400;0;0;3600;2400;2775
P193061913;P193061913_4;D;3600;0;0;4800;2400;2775
P193061913;P193061913_5;E;4800;0;0;6000;2400;2775
P193061913;P193061913_6;F;6000;0;0;7200;2400;2775
P193061913;P193061913_7;G;7200;0;0;8400;2400;2775
P193061913;P193061913_8;H;8400;0;0;9600;2400;2775
P193061913;P193061913_9;I;9600;0;0;10800;2400;2580
P193061913;P193061913_10;J;10800;0;0;12000;2400;2385
P193061913;P193061913_11;K;12000;0;0;13200;2400;2385
P193061911;P193061911_1;A;0;0;0;1200;2400;2580
P193061911;P193061911_2;B;1200;0;0;2200;1200;2835
P193061911;P193061911_3;C;1200;1240;0;3600;2440;2775
P193061911;P193061911_4;D;2200;0;0;3200;1200;2835
P193061911;P193061911_5;E;3200;0;0;4200;1200;2835
P193061911;P193061911_6;F;3600;1240;0;6000;2440;2580
P193061911;P193061911_7;G;4200;0;0;5210;1206;385
P193061911;P193061911_8;H;5210;0;0;7610;1200;2385
P193061911;P193061911_9;I;6000;1240;0;8400;2440;2385
P193061911;P193061911_10;J;7610;0;0;10010;1200;2385
P193061911;P193061911_11;K;8400;1240;0;10800;2440;2385
P193061911;P193061911_12;L;10010;0;0;12410;1200;2385
P193061911;P193061911_13;M;10800;1240;0;13200;2440;2385
P193061911;P193061911_14;N;12410;0;0;13410;1200;2835
P193061909;P193061909_1;A;0;0;0;1200;2400;2385
P193061909;P193061909_2;B;1200;0;0;2400;2400;2385
P193061909;P193061909_3;C;2400;0;0;3600;2400;2385
P193061909;P193061909_4;D;3600;0;0;4800;2400;2775
P193061909;P193061909_5;E;4800;0;0;6000;2400;2775
P193061909;P193061909_6;F;6000;0;0;7200;2400;2775
P193061909;P193061909_7;G;7200;0;0;8400;2400;2385
P193061909;P193061909_8;H;8400;0;0;9600;2400;2385
P193061909;P193061909_9;I;9600;0;0;10800;2400;2385
P193061909;P193061909_10;J;10800;0;0;11800;1200;2835
P193061909;P193061909_11;K;10800;1240;0;13200;2440;2775
P193061909;P193061909_12;L;11800;0;0;12800;1200;975
P193061903;P193061903_1;A;0;0;0;1200;2400;2775
P193061903;P193061903_2;B;1200;0;0;2400;2400;2775
P193061903;P193061903_3;C;2400;0;0;3600;2400;2775
P193061903;P193061903_4;D;3600;0;0;4800;2400;2775
P193061903;P193061903_5;E;4800;0;0;6000;2400;2775
P193061903;P193061903_6;F;6000;0;0;7200;2400;2775
P193061903;P193061903_7;G;7200;0;0;8400;2400;2775
P193061903;P193061903_8;H;8400;0;0;9600;2400;2580
P193061903;P193061903_9;I;9600;0;0;10800;2400;2385
P193061903;P193061903_10;J;10800;0;0;12000;2400;2580
P193061903;P193061903_11;K;12000;0;0;13200;2400;2385
P192061913;P192061913_1;A;0;0;0;1200;2400;2340
P192061913;P192061913_2;B;1200;0;0;2400;2400;2775
P192061913;P192061913_3;C;2400;0;0;3600;2400;2580
P192061913;P192061913_4;D;3600;1240;0;4600;2440;2835
P192061913;P192061913_5;E;3600;0;0;6000;1200;2775
P192061913;P192061913_6;F;4600;1240;0;5600;2440;2835
P192061913;P192061913_7;G;5600;1240;0;6600;2440;1905
P192061913;P192061913_8;H;6000;0;0;7000;1200;2505
P192061913;P192061913_9;I;6600;1240;0;7600;2440;2505
P192061913;P192061913_10;J;7000;0;0;8000;1200;2505
P192061913;P192061913_11;K;7600;1240;0;8600;2440;2505
P192061913;P192061913_12;L;8000;0;0;9000;1200;2505
P192061913;P192061913_13;M;8600;1240;0;9600;2440;2505
P192061913;P192061913_14;N;9000;0;0;10000;1200;2505
P192061913;P192061913_15;O;9600;1240;0;10600;2440;2505
P192061913;P192061913_16;P;10000;0;0;11000;1200;2505
P192061913;P192061913_17;Q;10600;1240;0;11600;2440;2505
P192061913;P192061913_18;R;11000;0;0;12000;1200;2505
P192061913;P192061913_19;S;11600;1240;0;12600;2440;2505
P192061913;P192061913_20;T;12000;0;0;13010;1206;285
P192061911;P192061911_1;A;0;0;0;1200;2400;2385
P192061911;P192061911_2;B;1200;40;0;2400;2440;2385
P192061911;P192061911_3;C;2400;0;0;3600;2400;2775
P192061911;P192061911_4;D;3600;0;0;4600;1200;2835
P192061911;P192061911_5;E;3600;1240;0;6000;2440;2385
P192061911;P192061911_6;F;4600;0;0;7000;1200;2385
P192061911;P192061911_7;G;6000;1240;0;8400;2440;2385
P192061911;P192061911_8;H;7000;0;0;9400;1200;2385
P192061911;P192061911_9;I;8400;1240;0;10800;2440;2385
P192061911;P192061911_10;J;9400;0;0;11800;1200;2385
P192061911;P192061911_11;K;10800;1240;0;11800;2440;975
P192061911;P192061911_12;L;11800;0;0;13000;2400;2775
P192061903;P192061903_1;A;0;0;0;1200;2400;2775
P192061903;P192061903_2;B;1200;0;0;2400;2400;2775
P192061903;P192061903_3;C;2400;0;0;3600;2400;2385
P192061903;P192061903_4;D;3600;0;0;4800;2400;2385
P192061903;P192061903_5;E;4800;0;0;6000;2400;2385
P192061903;P192061903_6;F;6000;0;0;7200;2400;2775
P192061903;P192061903_7;G;7200;0;0;8400;2400;2775
P192061903;P192061903_8;H;8400;0;0;9600;2400;2775
P192061903;P192061903_9;I;9600;0;0;10800;2400;2775
P192061903;P192061903_10;J;10800;0;0;12000;2400;2385
P192061903;P192061903_11;K;12000;0;0;13200;2400;2385
P191061913;P191061913_1;A;0;0;0;1200;2400;2580
P191061913;P191061913_2;B;1200;0;0;2200;1200;2835
P191061913;P191061913_3;C;1200;1240;0;3600;2440;2775
P191061913;P191061913_4;D;2200;0;0;4600;1200;2775
P191061913;P191061913_5;E;3600;1240;0;6000;2440;2775
P191061913;P191061913_6;F;4600;0;0;7000;1200;2385
P191061913;P191061913_7;G;6000;1240;0;8400;2440;2385
P191061913;P191061913_8;H;7000;0;0;9400;1200;2385
P191061913;P191061913_9;I;8400;1240;0;10800;2440;2385
P191061913;P191061913_10;J;9400;0;0;10400;1200;2835
P191061913;P191061913_11;K;10400;0;0;11400;1200;2835
P191061913;P191061913_12;L;10800;1240;0;11800;2440;2505
P191061913;P191061913_13;M;11400;0;0;12400;1200;2505
P191061913;P191061913_14;N;11800;1240;0;12800;2440;2505
P191061913;P191061913_15;O;12400;0;0;13400;1200;2505
P191061911;P191061911_1;A;0;0;0;1200;2400;2775
P191061911;P191061911_2;B;1200;0;0;2400;2400;2775
P191061911;P191061911_3;C;2400;0;0;3600;2400;2775
P191061911;P191061911_4;D;3600;0;0;4800;2400;2775
P191061911;P191061911_5;E;4800;0;0;6000;2400;2775
P191061911;P191061911_6;F;6000;0;0;7200;2400;2580
P191061911;P191061911_7;G;7200;0;0;8400;2400;2385
P191061911;P191061911_8;H;8400;0;0;9600;2400;2580
P191061911;P191061911_9;I;9600;1240;0;10600;2440;2835
P191061911;P191061911_10;J;9600;0;0;12000;1200;2775
P191061911;P191061911_11;K;10600;1240;0;13000;2440;2775
P191061911;P191061911_12;L;12000;0;0;13000;1200;1905
P191061909;P191061909_1;A;0;40;0;1200;2440;2580
P191061909;P191061909_2;B;1200;0;0;2400;2400;2385
P191061909;P191061909_3;C;2400;0;0;3600;2400;2385
P191061909;P191061909_4;D;3600;0;0;4800;2400;2775
P191061909;P191061909_5;E;4800;0;0;6000;2400;2580
P191061909;P191061909_6;F;6000;0;0;7200;2400;2385
P191061909;P191061909_7;G;7200;1240;0;8200;2440;1905
P191061909;P191061909_8;H;7200;0;0;8000;600;1596
P191061909;P191061909_9;I;7200;640;0;8000;1240;1596
P191061909;P191061909_10;J;8000;0;0;8800;600;1596
P191061909;P191061909_11;K;8000;640;0;8800;1240;1596
P191061909;P191061909_12;L;8200;1660;0;8770;2440;1340
P191061909;P191061909_13;M;8770;1660;0;9340;2440;1340
P191061909;P191061909_14;N;8800;0;0;9370;780;1340
P191061909;P191061909_15;O;8800;780;0;9370;1560;1340
P191061909;P191061909_16;P;9340;1660;0;9910;2440;1340
P191061909;P191061909_17;Q;9370;0;0;9940;780;1340
P191061909;P191061909_18;R;9370;780;0;9940;1560;1340
P191061909;P191061909_19;S;9910;1660;0;10480;2440;1340
P191061909;P191061909_20;T;9940;0;0;10510;780;1340
P191061909;P191061909_21;U;9940;780;0;10510;1560;1340
P191061909;P191061909_22;V;10480;1660;0;11050;2440;1340
P191061909;P191061909_23;W;10510;0;0;11080;780;1340
P191061909;P191061909_24;X;10510;780;0;11080;1560;1340
P191061909;P191061909_25;Y;11050;1660;0;11620;2440;1340
P191061909;P191061909_26;Z;11080;0;0;11650;780;1340
P191061909;P191061909_27;AA;11080;780;0;11650;1560;1340
P191061909;P191061909_28;AB;11620;1660;0;12190;2440;1340
P191061909;P191061909_29;AC;11650;0;0;12220;780;1340
P191061909;P191061909_30;AD;11650;780;0;12220;1560;1340
P191061909;P191061909_31;AE;12190;1640;0;12790;2440;1596
P191061909;P191061909_32;AF;12220;0;0;12820;800;1596
P191061909;P191061909_33;AG;12220;800;0;12820;1600;1596
P191061909;P191061909_34;AH;12790;1660;0;13360;2440;1340
P191061909;P191061909_35;AI;12820;0;0;13420;800;1596
P191061909;P191061909_36;AJ;12820;800;0;13420;1600;1596
P191061903;P191061903_1;A;0;0;0;1200;2400;2775
P191061903;P191061903_2;B;1200;0;0;2400;2400;2385
P191061903;P191061903_3;C;2400;0;0;3600;2400;2385
P191061903;P191061903_4;D;3600;0;0;4800;2400;2385
P191061903;P191061903_5;E;4800;0;0;6000;2400;2580
P191061903;P191061903_6;F;6000;0;0;7200;2400;2775
P191061903;P191061903_7;G;7200;0;0;8400;2400;2775
P191061903;P191061903_8;H;8400;0;0;9600;2400;2580
P191061903;P191061903_9;I;9600;0;0;10800;2400;2580
P191061903;P191061903_10;J;10800;0;0;12000;2400;2385
P191061903;P191061903_11;K;12000;0;0;13200;2400;2385
P189061951;P189061951_1;A;0;0;0;1200;2400;2580
P189061951;P189061951_2;B;1200;1240;0;2200;2440;2835
P189061951;P189061951_3;C;1200;0;0;3600;1200;2775
P189061951;P189061951_4;D;2200;1240;0;4600;2440;2775
P189061951;P189061951_5;E;3600;0;0;6000;1200;2775
P189061951;P189061951_6;F;4600;1240;0;5600;2440;2835
P189061951;P189061951_7;G;5600;1240;0;8000;2440;2385
P189061951;P189061951_8;H;6000;0;0;8400;1200;2385
P189061951;P189061951_9;I;8000;1240;0;10400;2440;2385
P189061951;P189061951_10;J;8400;0;0;10800;1200;2385
P189061951;P189061951_11;K;10400;1240;0;12800;2440;2385
P189061951;P189061951_12;L;10800;0;0;13200;1200;2580
P188061913;P188061913_1;A;0;0;0;1000;1200;2835
P188061913;P188061913_2;B;0;1240;0;2400;2440;2775
P188061913;P188061913_3;C;1000;0;0;3400;1200;2775
P188061913;P188061913_4;D;2400;1240;0;4800;2440;2775
P188061913;P188061913_5;E;3400;0;0;5800;1200;2775
P188061913;P188061913_6;F;4800;1240;0;7200;2440;2775
P188061913;P188061913_7;G;5800;0;0;8200;1200;2775
P188061913;P188061913_8;H;7200;1240;0;8200;2440;2835
P188061913;P188061913_9;I;8200;1240;0;9200;2440;975
P188061913;P188061913_10;J;8200;0;0;9200;1200;2505
P188061913;P188061913_11;K;9200;0;0;10200;1200;2505
P188061913;P188061913_12;L;9200;1240;0;10200;2440;2505
P188061913;P188061913_13;M;10200;1240;0;11200;2440;2505
P188061913;P188061913_14;N;10200;0;0;11200;1200;2505
P188061913;P188061913_15;O;11200;0;0;12200;1200;2505
P188061913;P188061913_16;P;11200;1240;0;12200;2440;2505
P188061913;P188061913_17;Q;12200;1440;0;13400;2440;2505
P188061913;P188061913_18;R;12200;0;0;13406;1010;285
P188061909;P188061909_1;A;0;0;0;1200;2400;2775
P188061909;P188061909_2;B;1200;0;0;2400;2400;2775
P188061909;P188061909_3;C;2400;0;0;3600;2400;2775
P188061909;P188061909_4;D;3600;0;0;4800;2400;2580
P188061909;P188061909_5;E;4800;0;0;5800;1200;2835
P188061909;P188061909_6;F;4800;1240;0;7200;2440;2775
P188061909;P188061909_7;G;5800;0;0;8200;1200;2580
P188061909;P188061909_8;H;7200;1240;0;8200;2440;1905
P188061909;P188061909_9;I;8200;0;0;9400;2400;2775
P188061909;P188061909_10;J;9400;0;0;10000;800;1596
P188061909;P188061909_11;K;9400;800;0;10000;1600;1596
P188061909;P188061909_12;L;9400;1640;0;10000;2440;1596
P188061909;P188061909_13;M;10000;1640;0;10600;2440;1596
P188061909;P188061909_14;N;10000;0;0;10570;780;1340
P188061909;P188061909_15;O;10000;860;0;10570;1640;1340
P188061909;P188061909_16;P;10570;0;0;11140;780;1340
P188061909;P188061909_17;Q;10570;860;0;11140;1640;1340
P188061909;P188061909_18;R;10600;1660;0;11170;2440;1340
P188061909;P188061909_19;S;11140;0;0;11710;780;1340
P188061909;P188061909_20;T;11140;780;0;11710;1560;1340
P188061909;P188061909_21;U;11170;1660;0;11740;2440;1340
P188061909;P188061909_22;V;11710;0;0;12280;780;1340
P188061909;P188061909_23;W;11710;780;0;12280;1560;1340
P188061909;P188061909_24;X;11740;1660;0;12310;2440;1340
P188061909;P188061909_25;Y;12280;0;0;12850;780;1340
P188061909;P188061909_26;Z;12280;780;0;12850;1560;1340
P188061909;P188061909_27;AA;12310;1660;0;12880;2440;1340
P188061909;P188061909_28;AB;12850;0;0;13420;780;1340
P188061909;P188061909_29;AC;12850;780;0;13420;1560;1340
P188061909;P188061909_30;AD;12880;1660;0;13450;2440;1340
P188061903;P188061903_1;A;0;0;0;1200;2400;2385
P188061903;P188061903_2;B;1200;40;0;2400;2440;2385
P188061903;P188061903_3;C;2400;0;0;3600;2400;2385
P188061903;P188061903_4;D;3600;40;0;4800;2440;2385
P188061903;P188061903_5;E;4800;0;0;6000;2400;2385
P188061903;P188061903_6;F;6000;0;0;7200;2400;2385
P188061903;P188061903_7;G;7200;0;0;8400;2400;2385
P188061903;P188061903_8;H;8400;0;0;9600;2400;2775
P188061903;P188061903_9;I;9600;0;0;10800;2400;2385
P188061903;P188061903_10;J;10800;0;0;12000;2400;2385
P188061903;P188061903_11;K;12000;0;0;13200;2400;2385
P187061913;P187061913_1;A;0;40;0;1200;2440;2385
P187061913;P187061913_2;B;1200;0;0;2400;2400;2580
P187061913;P187061913_3;C;2400;0;0;3400;1200;2835
P187061913;P187061913_4;D;2400;1240;0;4800;2440;2775
P187061913;P187061913_5;E;3400;0;0;5800;1200;2775
P187061913;P187061913_6;F;4800;1240;0;7200;2440;2775
P187061913;P187061913_7;G;5800;0;0;6800;1200;2835
P187061913;P187061913_8;H;6800;0;0;9200;1200;2775
P187061913;P187061913_9;I;7200;1240;0;9600;2440;2775
P187061913;P187061913_10;J;9200;0;0;10200;1200;1905
P187061913;P187061913_11;K;9600;1240;0;12000;2440;2775
P187061913;P187061913_12;L;10200;0;0;11200;1200;2505
P187061913;P187061913_13;M;11200;0;0;12200;1200;2505
P187061913;P187061913_14;N;12000;1240;0;13000;2440;2505
P187061913;P187061913_15;O;12200;0;0;13200;1200;2505
P187061911;P187061911_1;A;0;0;0;1200;2400;2775
P187061911;P187061911_2;B;1200;0;0;2400;2400;2775
P187061911;P187061911_3;C;2400;0;0;3600;2400;2580
P187061911;P187061911_4;D;3600;0;0;4800;2400;2385
P187061911;P187061911_5;E;4800;0;0;6000;2400;2385
P187061911;P187061911_6;F;6000;0;0;7200;2400;2385
P187061911;P187061911_7;G;7200;0;0;8400;2400;2385
P187061911;P187061911_8;H;8400;0;0;9600;2400;2385
P187061911;P187061911_9;I;9600;0;0;10800;2400;2385
P187061911;P187061911_10;J;10800;0;0;12000;2400;2775
P187061911;P187061911_11;K;12000;0;0;13200;2400;2775
P187061903;P187061903_1;A;0;0;0;1200;2400;2775
P187061903;P187061903_2;B;1200;0;0;2400;2400;2145
P187061903;P187061903_3;C;2400;0;0;3600;2400;2385
P187061903;P187061903_4;D;3600;0;0;4800;2400;2385
P187061903;P187061903_5;E;4800;0;0;6000;2400;2580
P187061903;P187061903_6;F;6000;1240;0;7000;2440;2835
P187061903;P187061903_7;G;6000;0;0;7000;1200;2835
P187061903;P187061903_8;H;7000;0;0;8200;2400;2580
P187061903;P187061903_9;I;8200;0;0;9400;2400;2385
P187061903;P187061903_10;J;9400;0;0;10600;2400;2385
P187061903;P187061903_11;K;10600;0;0;11800;2400;2385
P187061903;P187061903_12;L;11800;0;0;13000;2400;2580
P186061913;P186061913_1;A;0;0;0;1200;2400;2775
P186061913;P186061913_2;B;1200;0;0;2400;2400;2775
P186061913;P186061913_3;C;2400;0;0;3600;2400;2775
P186061913;P186061913_4;D;3600;0;0;4800;2400;2775
P186061913;P186061913_5;E;4800;0;0;6000;2400;2775
P186061913;P186061913_6;F;6000;0;0;7200;2400;2580
P186061913;P186061913_7;G;7200;0;0;8400;2400;2385
P186061913;P186061913_8;H;8400;1240;0;9400;2440;2835
P186061913;P186061913_9;I;8400;0;0;9400;1200;2505
P186061913;P186061913_10;J;9400;0;0;10400;1200;2505
P186061913;P186061913_11;K;9400;1240;0;10400;2440;2505
P186061913;P186061913_12;L;10400;1240;0;11400;2440;2505
P186061913;P186061913_13;M;10400;0;0;11400;1200;2505
P186061913;P186061913_14;N;11400;0;0;12400;1200;2505
P186061913;P186061913_15;O;11400;1240;0;12400;2440;2505
P186061913;P186061913_16;P;12400;1240;0;13400;2440;2505
P186061913;P186061913_17;Q;12400;0;0;13400;1200;2505
P186061909;P186061909_1;A;0;0;0;1200;2400;2580
P186061909;P186061909_2;B;1200;0;0;2400;2400;2385
P186061909;P186061909_3;C;2400;0;0;3600;2400;2385
P186061909;P186061909_4;D;3600;0;0;4800;2400;2775
P186061909;P186061909_5;E;4800;0;0;6000;2400;2775
P186061909;P186061909_6;F;6000;1240;0;7000;2440;1905
P186061909;P186061909_7;G;6000;0;0;7000;1200;975
P186061909;P186061909_8;H;7000;0;0;8200;2400;2385
P186061909;P186061909_9;I;8200;0;0;9400;2400;2385
P186061909;P186061909_10;J;9400;0;0;10600;2400;2775
P186061909;P186061909_11;K;10600;1640;0;11200;2440;1596
P186061909;P186061909_12;L;10600;0;0;11200;800;1596
P186061909;P186061909_13;M;10600;800;0;11170;1580;1340
P186061909;P186061909_14;N;11170;800;0;11740;1580;1340
P186061909;P186061909_15;O;11200;0;0;11770;780;1340
P186061909;P186061909_16;P;11200;1660;0;11770;2440;1340
P186061909;P186061909_17;Q;11740;780;0;12310;1560;1340
P186061909;P186061909_18;R;11770;0;0;12340;780;1340
P186061909;P186061909_19;S;11770;1660;0;12340;2440;1340
P186061909;P186061909_20;T;12310;780;0;12880;1560;1340
P186061909;P186061909_21;U;12340;0;0;12910;780;1340
P186061909;P186061909_22;V;12340;1640;0;12940;2440;1596
P186061909;P186061909_23;W;12880;840;0;13480;1640;1596
P186061909;P186061909_24;X;12910;0;0;13480;780;1340
P186061903;P186061903_1;A;0;0;0;1000;1200;2835
P186061903;P186061903_2;B;0;1240;0;2400;2440;2775
P186061903;P186061903_3;C;1000;0;0;3400;1200;2775
P186061903;P186061903_4;D;2400;1240;0;4800;2440;2580
P186061903;P186061903_5;E;3400;0;0;4400;1200;2835
P186061903;P186061903_6;F;4400;0;0;6800;1200;2385
P186061903;P186061903_7;G;4800;1240;0;7200;2440;2385
P186061903;P186061903_8;H;6800;0;0;7810;1206;385
P186061903;P186061903_9;I;7200;1240;0;9600;2440;2385
P186061903;P186061903_10;J;7810;0;0;10210;1200;2385
P186061903;P186061903_11;K;9600;1240;0;12000;2440;2385
P186061903;P186061903_12;L;10210;0;0;11210;1200;2835
P186061903;P186061903_13;M;11210;0;0;12210;1200;975
P186061903;P186061903_14;N;12210;40;0;13410;2440;2775
P185061913;P185061913_1;A;0;0;0;1200;2400;2775
P185061913;P185061913_2;B;1200;0;0;2400;2400;2775
P185061913;P185061913_3;C;2400;0;0;3600;2400;2775
P185061913;P185061913_4;D;3600;0;0;4800;2400;2775
P185061913;P185061913_5;E;4800;0;0;6000;2400;2775
P185061913;P185061913_6;F;6000;0;0;7200;2400;2775
P185061913;P185061913_7;G;7200;0;0;8400;2400;2775
P185061913;P185061913_8;H;8400;0;0;9600;2400;2775
P185061913;P185061913_9;I;9600;0;0;10800;2400;2145
P185061913;P185061913_10;J;10800;0;0;12000;2400;2385
P185061913;P185061913_11;K;12000;1440;0;13200;2440;2505
P185061913;P185061913_12;L;12000;0;0;13000;1200;2505
P185061911;P185061911_1;A;0;0;0;1200;2400;2580
P185061911;P185061911_2;B;1200;0;0;2400;2400;2580
P185061911;P185061911_3;C;2400;0;0;3600;2400;2385
P185061911;P185061911_4;D;3600;0;0;4800;2400;2385
P185061911;P185061911_5;E;4800;0;0;6000;2400;2385
P185061911;P185061911_6;F;6000;1240;0;7000;2440;2835
P185061911;P185061911_7;G;6000;0;0;7000;1200;2835
P185061911;P185061911_8;H;7000;0;0;8200;2400;2385
P185061911;P185061911_9;I;8200;0;0;9400;2400;2385
P185061911;P185061911_10;J;9400;0;0;10600;2400;2385
P185061911;P185061911_11;K;10600;0;0;11800;2400;2385
P185061911;P185061911_12;L;11800;0;0;13000;2400;2580
P185061903;P185061903_1;A;0;0;0;1000;1200;2835
P185061903;P185061903_2;B;0;1240;0;2400;2440;2385
P185061903;P185061903_3;C;1000;0;0;3400;1200;2385
P185061903;P185061903_4;D;2400;1240;0;4800;2440;2580
P185061903;P185061903_5;E;3400;0;0;5800;1200;2775
P185061903;P185061903_6;F;4800;1240;0;7200;2440;2775
P185061903;P185061903_7;G;5800;0;0;8200;1200;2580
P185061903;P185061903_8;H;7200;1240;0;8200;2440;2835
P185061903;P185061903_9;I;8200;0;0;9400;2400;2385
P185061903;P185061903_10;J;9400;0;0;10600;2400;2385
P185061903;P185061903_11;K;10600;0;0;11800;2400;2385
P185061903;P185061903_12;L;11800;0;0;13000;2400;2580
P184061913;P184061913_1;A;0;0;0;1200;2400;2775
P184061913;P184061913_2;B;1200;0;0;2400;2400;2775
P184061913;P184061913_3;C;2400;0;0;3600;2400;2775
P184061913;P184061913_4;D;3600;0;0;4800;2400;2775
P184061913;P184061913_5;E;4800;0;0;5800;1200;2835
P184061913;P184061913_6;F;4800;1240;0;7200;2440;2775
P184061913;P184061913_7;G;5800;0;0;8200;1200;1410
P184061913;P184061913_8;H;7200;1240;0;8200;2440;2505
P184061913;P184061913_9;I;8200;1240;0;9200;2440;2505
P184061913;P184061913_10;J;8200;0;0;9200;1200;2505
P184061913;P184061913_11;K;9200;0;0;10200;1200;2505
P184061913;P184061913_12;L;9200;1240;0;10200;2440;2505
P184061913;P184061913_13;M;10200;1240;0;11200;2440;2505
P184061913;P184061913_14;N;10200;0;0;11200;1200;2505
P184061913;P184061913_15;O;11200;0;0;12200;1200;865
P184061913;P184061913_16;P;11200;1234;0;12210;2440;285
P184061911;P184061911_1;A;0;0;0;1200;2400;2775
P184061911;P184061911_2;B;1200;40;0;2400;2440;2775
P184061911;P184061911_3;C;2400;0;0;3600;2400;2775
P184061911;P184061911_4;D;3600;0;0;4800;2400;2775
P184061911;P184061911_5;E;4800;0;0;6000;2400;2775
P184061911;P184061911_6;F;6000;0;0;7200;2400;2775
P184061911;P184061911_7;G;7200;0;0;8400;2400;2580
P184061911;P184061911_8;H;8400;0;0;9600;2400;2385
P184061911;P184061911_9;I;9600;0;0;10800;2400;2385
P184061911;P184061911_10;J;10800;0;0;12000;2400;2385
P184061911;P184061911_11;K;12000;0;0;13200;2400;2385
P184061909;P184061909_1;A;0;0;0;1200;2400;1215
P184061909;P184061909_2;B;1200;620;0;2200;1820;2835
P184061909;P184061909_3;C;2200;1640;0;2800;2440;1596
P184061909;P184061909_4;D;2200;420;0;2800;1220;1596
P184061909;P184061909_5;E;2800;820;0;3400;1620;1596
P184061909;P184061909_6;F;3400;820;0;4000;1620;1596
P184061909;P184061909_7;G;4000;1620;0;4600;2420;1596
P184061909;P184061909_8;H;4000;420;0;4570;1200;1340
P184061909;P184061909_9;I;4570;420;0;5140;1200;1340
P184061909;P184061909_10;J;4600;1660;0;5170;2440;1340
P184061909;P184061909_11;K;5140;440;0;5710;1220;1340
P184061909;P184061909_12;L;5170;1660;0;5740;2440;1340
P184061909;P184061909_13;M;5710;880;0;6280;1660;1340
P184061909;P184061909_14;N;5710;0;0;6280;780;1340
P184061909;P184061909_15;O;5740;1660;0;6310;2440;1340
P184061909;P184061909_16;P;6280;0;0;6850;780;1340
P184061909;P184061909_17;Q;6280;780;0;6850;1560;1340
P184061909;P184061909_18;R;6310;1660;0;6880;2440;1340
P184061909;P184061909_19;S;6850;0;0;7420;780;1340
P184061909;P184061909_20;T;6850;780;0;7420;1560;1340
P184061909;P184061909_21;U;6880;1660;0;7450;2440;1340
P184061909;P184061909_22;V;7420;0;0;7990;780;1340
P184061909;P184061909_23;W;7420;780;0;8020;1580;1596
P184061909;P184061909_24;X;7450;1640;0;8050;2440;1596
P184061909;P184061909_25;Y;7990;0;0;8790;600;1596
P184061909;P184061909_26;Z;8020;840;0;8620;1640;1596
P184061909;P184061909_27;AA;8050;1640;0;8650;2440;560
P184061909;P184061909_28;AB;8620;860;0;9190;1640;1340
P184061909;P184061909_29;AC;8650;1660;0;9220;2440;1340
P184061909;P184061909_30;AD;8790;0;0;9360;780;1340
P184061909;P184061909_31;AE;9190;780;0;9760;1560;1340
P184061909;P184061909_32;AF;9220;1660;0;9790;2440;1340
P184061909;P184061909_33;AG;9360;0;0;9930;780;1340
P184061909;P184061909_34;AH;9760;780;0;10330;1560;1340
P184061909;P184061909_35;AI;9790;1660;0;10360;2440;1340
P184061909;P184061909_36;AJ;9930;0;0;10500;780;1340
P184061909;P184061909_37;AK;10330;780;0;10900;1560;1340
P184061909;P184061909_38;AL;10360;1660;0;10930;2440;1340
P184061909;P184061909_39;AM;10500;0;0;11070;780;478
P180066205;P180066205_1;A;0;0;0;1910;2400;2865
P180066205;P180066205_2;B;1910;0;0;3820;2400;2865
P180066205;P180066205_3;C;3820;0;0;5720;1200;2865
P180066205;P180066205_4;D;3820;1240;0;4820;2440;2700
P180066205;P180066205_5;E;4820;1240;0;7220;2440;975
P180066205;P180066205_6;F;5720;0;0;7620;1200;2865
P180066205;P180066205_7;G;7220;1240;0;9120;2440;2865
P180066205;P180066205_8;H;9120;0;0;11030;2400;2865
P180066205;P180066205_9;I;11030;0;0;12940;2400;2865
P180066203;P180066203_1;A;0;40;0;1910;2440;2865
P180066203;P180066203_2;B;1910;0;0;3820;2400;2865
P180066203;P180066203_3;C;3820;40;0;5730;2440;2865
P180066203;P180066203_4;D;5730;0;0;7640;2400;2865
P180066203;P180066203_5;E;7640;0;0;9550;2400;2865
P180066203;P180066203_6;F;9550;0;0;11460;2400;2865
P180066203;P180066203_7;G;11460;0;0;13370;2400;2865
P180066201;P180066201_1;A;0;0;0;1900;1200;2865
P180066201;P180066201_2;B;0;1240;0;1900;2440;2865
P180066201;P180066201_3;C;1900;0;0;3810;2400;2865
P180066201;P180066201_4;D;3810;0;0;5720;2400;2865
P180066201;P180066201_5;E;5720;0;0;7630;2400;2865
P180066201;P180066201_6;F;7630;0;0;8630;1200;2700
P180066201;P180066201_7;G;7630;1240;0;9530;2440;2865
P180066201;P180066201_8;H;8630;0;0;10530;1200;2865
P180066201;P180066201_9;I;9530;1240;0;11430;2440;750
P180066201;P180066201_10;J;10530;0;0;11530;1200;1815
P180066201;P180066201_11;K;11530;0;0;13440;2400;2865
P179066211;P179066211_1;A;0;0;0;1910;2400;2865
P179066211;P179066211_2;B;1910;40;0;3820;2440;2865
P179066211;P179066211_3;C;3820;0;0;5730;2400;2865
P179066211;P179066211_4;D;5730;40;0;7640;2440;2865
P179066211;P179066211_5;E;7640;0;0;9550;2400;2865
P179066211;P179066211_6;F;9550;0;0;11460;2400;2865
P179066211;P179066211_7;G;11460;0;0;13360;1200;2160
P179066211;P179066211_8;H;11460;1240;0;12460;2440;1815
P179066203;P179066203_1;A;0;0;0;1200;2400;1905
P179066203;P179066203_2;B;1200;0;0;3110;2400;2865
P179066203;P179066203_3;C;3110;0;0;5020;2400;2865
P179066203;P179066203_4;D;5020;0;0;6930;2400;2865
P179066203;P179066203_5;E;6930;0;0;8840;2400;2865
P179066203;P179066203_6;F;8840;0;0;10750;2400;2865
P179066203;P179066203_7;G;10750;0;0;12660;2400;2865
P179066201;P179066201_1;A;0;0;0;1900;1200;2865
P179066201;P179066201_2;B;0;1200;0;1900;2400;2865
P179066201;P179066201_3;C;1900;0;0;3810;2400;2865
P179066201;P179066201_4;D;3810;0;0;5710;1200;2865
P179066201;P179066201_5;E;3810;1240;0;5710;2440;2865
P179066201;P179066201_6;F;5710;0;0;7620;2400;2865
P179066201;P179066201_7;G;7620;0;0;9530;2400;2865
P179066201;P179066201_8;H;9530;0;0;11440;2400;2865
P179066201;P179066201_9;I;11440;0;0;13350;2400;2865
P178066211;P178066211_1;A;0;0;0;1910;2400;2865
P178066211;P178066211_2;B;1910;1240;0;2910;2440;2700
P178066211;P178066211_3;C;1910;0;0;2910;1200;2700
P178066211;P178066211_4;D;2910;0;0;4820;2400;2865
P178066211;P178066211_5;E;4820;0;0;6730;2400;2865
P178066211;P178066211_6;F;6730;0;0;8640;2400;2865
P178066211;P178066211_7;G;8640;0;0;10550;2400;2865
P178066211;P178066211_8;H;10550;0;0;12460;2400;2865
P178066211;P178066211_9;I;12460;1240;0;13460;2440;1815
P178066207;P178066207_1;A;0;0;0;1010;1206;1085
P178066207;P178066207_2;B;0;1240;0;2400;2440;1905
P178066207;P178066207_3;C;1010;0;0;2910;1200;2865
P178066207;P178066207_4;D;2400;1240;0;4300;2440;2865
P178066207;P178066207_5;E;2910;0;0;4810;1200;2865
P178066207;P178066207_6;F;4300;1240;0;6200;2440;2865
P178066207;P178066207_7;G;4810;0;0;6710;1200;2865
P178066207;P178066207_8;H;6710;0;0;8620;2400;2865
P178066207;P178066207_9;I;8620;0;0;10530;2400;2865
P178066207;P178066207_10;J;10530;0;0;12440;2400;2865
P178066203;P178066203_1;A;0;0;0;1910;2400;2865
P178066203;P178066203_2;B;1910;0;0;3820;2400;2865
P178066203;P178066203_3;C;3820;0;0;5730;2400;2865
P178066203;P178066203_4;D;5730;0;0;7640;2400;2865
P178066203;P178066203_5;E;7640;0;0;9550;2400;2865
P178066203;P178066203_6;F;9550;0;0;11460;2400;2865
P178066203;P178066203_7;G;11460;0;0;13370;2400;2865
P178066201;P178066201_1;A;0;40;0;1910;2440;2865
P178066201;P178066201_2;B;1910;0;0;3820;2400;2865
P178066201;P178066201_3;C;3820;0;0;5730;2400;2865
P178066201;P178066201_4;D;5730;0;0;7640;2400;2865
P178066201;P178066201_5;E;7640;0;0;9550;2400;2865
P178066201;P178066201_6;F;9550;0;0;11450;1200;2865
P178066201;P178066201_7;G;9550;1240;0;10550;2440;2700
P178066201;P178066201_8;H;10550;1240;0;12450;2440;2865
P178066201;P178066201_9;I;11450;0;0;13350;1200;2865
P178066201;P178066201_10;J;12450;1240;0;13450;2440;930
P177066211;P177066211_1;A;0;0;0;1910;2400;2865
P177066211;P177066211_2;B;1910;0;0;3820;2400;2865
P177066211;P177066211_3;C;3820;0;0;5730;2400;2865
P177066211;P177066211_4;D;5730;0;0;7640;2400;2865
P177066211;P177066211_5;E;7640;0;0;9550;2400;2865
P177066211;P177066211_6;F;9550;0;0;11460;2400;2865
P177066211;P177066211_7;G;11460;0;0;13370;2400;2865
P177066205;P177066205_1;A;0;0;0;1200;2400;1905
P177066205;P177066205_2;B;1200;1240;0;3100;2440;2865
P177066205;P177066205_3;C;1200;0;0;3100;1200;2865
P177066205;P177066205_4;D;3100;0;0;5010;2400;2865
P177066205;P177066205_5;E;5010;0;0;6920;2400;2865
P177066205;P177066205_6;F;6920;0;0;8830;2400;2865
P177066205;P177066205_7;G;8830;0;0;10740;2400;2865
P177066205;P177066205_8;H;10740;0;0;12650;2400;2865
P177066203;P177066203_1;A;0;0;0;1000;1200;2700
P177066203;P177066203_2;B;0;1240;0;1900;2440;2865
P177066203;P177066203_3;C;1000;0;0;2900;1200;2865
P177066203;P177066203_4;D;1900;1240;0;2900;2440;930
P177066203;P177066203_5;E;2900;0;0;4810;2400;2865
P177066203;P177066203_6;F;4810;0;0;6720;2400;2865
P177066203;P177066203_7;G;6720;0;0;8630;2400;2865
P177066203;P177066203_8;H;8630;0;0;10540;2400;2865
P177066203;P177066203_9;I;10540;0;0;12450;2400;2865
P175066201;P175066201_1;A;0;0;0;1910;2400;2865
P175066201;P175066201_2;B;1910;40;0;3820;2440;2865
P175066201;P175066201_3;C;3820;0;0;5730;2400;2865
P175066201;P175066201_4;D;5730;1240;0;7630;2440;2865
P175066201;P175066201_5;E;5730;0;0;7630;1200;2865
P175066201;P175066201_6;F;7630;0;0;9540;2400;2865
P175066201;P175066201_7;G;9540;0;0;11450;2400;2865
P175066201;P175066201_8;H;11450;0;0;13360;2400;2865
P174066205;P174066205_1;A;0;0;0;1000;1200;2700
P174066205;P174066205_2;B;0;1240;0;1900;2440;2865
P174066205;P174066205_3;C;1000;0;0;2900;1200;2865
P174066205;P174066205_4;D;1900;1240;0;2900;2440;2700
P174066205;P174066205_5;E;2900;0;0;4810;2400;2865
P174066205;P174066205_6;F;4810;0;0;6720;2400;2865
P174066205;P174066205_7;G;6720;0;0;8630;2400;2865
P174066205;P174066205_8;H;8630;0;0;10540;2400;2865
P174066205;P174066205_9;I;10540;0;0;12450;2400;2865
P174066205;P174066205_10;J;12450;0;0;13450;1200;930
P174066203;P174066203_1;A;0;0;0;1910;2400;2865
P174066203;P174066203_2;B;1910;40;0;3820;2440;2865
P174066203;P174066203_3;C;3820;0;0;5730;2400;2865
P174066203;P174066203_4;D;5730;40;0;7640;2440;2865
P174066203;P174066203_5;E;7640;0;0;9550;2400;2865
P174066203;P174066203_6;F;9550;0;0;10750;2400;975
P174066203;P174066203_7;G;10750;0;0;12650;1200;2865
P174066203;P174066203_8;H;10750;1240;0;12650;2440;2865
P174066201;P174066201_1;A;0;40;0;1910;2440;2865
P174066201;P174066201_2;B;1910;0;0;3820;2400;2865
P174066201;P174066201_3;C;3820;0;0;5730;2400;2865
P174066201;P174066201_4;D;5730;0;0;7640;2400;2865
P174066201;P174066201_5;E;7640;0;0;9550;2400;2865
P174066201;P174066201_6;F;9550;0;0;11450;1200;2865
P174066201;P174066201_7;G;9550;1240;0;11450;2440;2865
P174066201;P174066201_8;H;11450;1240;0;12450;2440;2700
P174066201;P174066201_9;I;11450;0;0;13350;1200;2865
P174066201;P174066201_10;J;12450;1240;0;13450;2440;930
P173066211;P173066211_1;A;0;0;0;1910;2400;2865
P173066211;P173066211_2;B;1910;0;0;3820;2400;2865
P173066211;P173066211_3;C;3820;0;0;5730;2400;2865
P173066211;P173066211_4;D;5730;0;0;7640;2400;2865
P173066211;P173066211_5;E;7640;0;0;9550;2400;2865
P173066211;P173066211_6;F;9550;0;0;11460;2400;2865
P173066211;P173066211_7;G;11460;0;0;13370;2400;2865
P173066203;P173066203_1;A;0;0;0;1910;2400;2865
P173066203;P173066203_2;B;1910;0;0;3110;2400;1905
P173066203;P173066203_3;C;3110;0;0;5010;1200;2865
P173066203;P173066203_4;D;3110;1240;0;5010;2440;2865
P173066203;P173066203_5;E;5010;0;0;6920;2400;2865
P173066203;P173066203_6;F;6920;0;0;8830;2400;2865
P173066203;P173066203_7;G;8830;0;0;10740;2400;2865
P173066203;P173066203_8;H;10740;0;0;12650;2400;2865
P173066201;P173066201_1;A;0;40;0;1910;2440;2865
P173066201;P173066201_2;B;1910;0;0;3820;2400;2865
P173066201;P173066201_3;C;3820;40;0;5730;2440;2865
P173066201;P173066201_4;D;5730;0;0;7630;1200;2865
P173066201;P173066201_5;E;5730;1240;0;7630;2440;2865
P173066201;P173066201_6;F;7630;1240;0;8630;2440;2700
P173066201;P173066201_7;G;7630;0;0;9530;1200;2865
P173066201;P173066201_8;H;8630;1240;0;9630;2440;2700
P173066201;P173066201_9;I;9530;0;0;11430;1200;2865
P173066201;P173066201_10;J;9630;1240;0;10630;2440;930
P173066201;P173066201_11;K;10630;1240;0;12530;2440;2865
P173066201;P173066201_12;L;11430;0;0;13330;1200;2865
P172066211;P172066211_1;A;0;0;0;1910;2400;2865
P172066211;P172066211_2;B;1910;40;0;3820;2440;2865
P172066211;P172066211_3;C;3820;0;0;5730;2400;2865
P172066211;P172066211_4;D;5730;0;0;7640;2400;2865
P172066211;P172066211_5;E;7640;0;0;9550;2400;2865
P172066211;P172066211_6;F;9550;0;0;11460;2400;2865
P172066211;P172066211_7;G;11460;0;0;13370;2400;2865
P172066203;P172066203_1;A;0;0;0;1910;2400;2865
P172066203;P172066203_2;B;1910;0;0;3820;2400;2865
P172066203;P172066203_3;C;3820;0;0;5730;2400;2865
P172066203;P172066203_4;D;5730;0;0;7640;2400;2865
P172066203;P172066203_5;E;7640;0;0;9550;2400;2865
P172066203;P172066203_6;F;9550;0;0;11460;2400;2865
P172066203;P172066203_7;G;11460;0;0;12660;2400;1905
P172066201;P172066201_1;A;0;0;0;1910;2400;2865
P172066201;P172066201_2;B;1910;40;0;3820;2440;2865
P172066201;P172066201_3;C;3820;0;0;5730;2400;2865
P172066201;P172066201_4;D;5730;40;0;7640;2440;2865
P172066201;P172066201_5;E;7640;0;0;9550;2400;2865
P172066201;P172066201_6;F;9550;40;0;11460;2440;2865
P172066201;P172066201_7;G;11460;1240;0;13360;2440;2865
P172066201;P172066201_8;H;11460;0;0;13360;1200;2865
P171066211;P171066211_1;A;0;0;0;1900;1200;2865
P171066211;P171066211_2;B;0;1240;0;1000;2440;2700
P171066211;P171066211_3;C;1000;1240;0;2900;2440;2865
P171066211;P171066211_4;D;1900;0;0;2900;1200;2700
P171066211;P171066211_5;E;2900;0;0;4810;2400;2865
P171066211;P171066211_6;F;4810;0;0;6720;2400;2865
P171066211;P171066211_7;G;6720;0;0;8630;2400;2865
P171066211;P171066211_8;H;8630;0;0;10540;2400;2865
P171066211;P171066211_9;I;10540;0;0;12450;2400;2865
P171066211;P171066211_10;J;12450;0;0;13450;1200;2700
P171066211;P171066211_11;K;12450;1240;0;13450;2440;930
P171066207;P171066207_1;A;0;0;0;1010;1206;2170
P171066207;P171066207_2;B;0;1206;0;1010;2412;1085
P171066207;P171066207_3;C;1010;0;0;2920;2400;2865
P171066207;P171066207_4;D;2920;0;0;4830;2400;2865
P171066207;P171066207_5;E;4830;0;0;6740;2400;2865
P171066207;P171066207_6;F;6740;0;0;8650;2400;2865
P171066207;P171066207_7;G;8650;0;0;10560;2400;2865
P171066207;P171066207_8;H;10560;0;0;12470;2400;2865
P171066207;P171066207_9;I;12470;1240;0;13470;2440;930
P171066203;P171066203_1;A;0;40;0;1910;2440;2865
P171066203;P171066203_2;B;1910;0;0;3820;2400;2865
P171066203;P171066203_3;C;3820;0;0;5020;2400;1905
P171066203;P171066203_4;D;5020;0;0;6920;1200;2865
P171066203;P171066203_5;E;5020;1240;0;6920;2440;2865
P171066203;P171066203_6;F;6920;1240;0;8820;2440;2865
P171066203;P171066203_7;G;6920;0;0;8820;1200;2865
P171066203;P171066203_8;H;8820;0;0;10730;2400;2865
P171066203;P171066203_9;I;10730;0;0;12640;2400;2865
P171066201;P171066201_1;A;0;0;0;1900;1950;930
P171066201;P171066201_2;B;1900;1240;0;3800;2440;2865
P171066201;P171066201_3;C;1900;0;0;3800;1200;2865
P171066201;P171066201_4;D;3800;0;0;5710;2400;2865
P171066201;P171066201_5;E;5710;0;0;7620;2400;2865
P171066201;P171066201_6;F;7620;0;0;9530;2400;2865
P171066201;P171066201_7;G;9530;0;0;11440;2400;2865
P171066201;P171066201_8;H;11440;0;0;13350;2400;2865
P170066211;P170066211_1;A;0;0;0;1910;2400;2865
P170066211;P170066211_2;B;1910;1240;0;3810;2440;2865
P170066211;P170066211_3;C;1910;0;0;2910;1200;2700
P170066211;P170066211_4;D;2910;0;0;4810;1200;2865
P170066211;P170066211_5;E;3810;1240;0;5710;2440;2865
P170066211;P170066211_6;F;4810;0;0;5810;1200;2700
P170066211;P170066211_7;G;5810;0;0;7720;2400;2865
P170066211;P170066211_8;H;7720;0;0;9630;2400;2865
P170066211;P170066211_9;I;9630;0;0;11540;2400;2865
P170066211;P170066211_10;J;11540;0;0;13450;2400;2865
P170066205;P170066205_1;A;0;0;0;1910;2400;2865
P170066205;P170066205_2;B;1910;0;0;3820;2400;2865
P170066205;P170066205_3;C;3820;0;0;5730;2400;2865
P170066205;P170066205_4;D;5730;0;0;7640;2400;2865
P170066205;P170066205_5;E;7640;0;0;9550;2400;2865
P170066205;P170066205_6;F;9550;0;0;11460;2400;2865
P170066205;P170066205_7;G;11460;0;0;13370;2400;2865
P170066203;P170066203_1;A;0;0;0;1910;2400;2865
P170066203;P170066203_2;B;1910;0;0;3110;2400;1905
P170066203;P170066203_3;C;3110;0;0;5010;1200;2865
P170066203;P170066203_4;D;3110;1240;0;5010;2440;2865
P170066203;P170066203_5;E;5010;0;0;6920;2400;2865
P170066203;P170066203_6;F;6920;0;0;8830;2400;2865
P170066203;P170066203_7;G;8830;0;0;10740;2400;2865
P170066203;P170066203_8;H;10740;0;0;12650;2400;2865
P168066201;P168066201_1;A;0;0;0;1900;1200;2865
P168066201;P168066201_2;B;0;1240;0;1900;2440;2865
P168066201;P168066201_3;C;1900;0;0;3810;2400;2865
P168066201;P168066201_4;D;3810;0;0;5720;2400;2865
P168066201;P168066201_5;E;5720;0;0;7630;2400;2865
P168066201;P168066201_6;F;7630;0;0;9540;2400;2865
P168066201;P168066201_7;G;9540;1240;0;10540;2440;2700
P168066201;P168066201_8;H;9540;0;0;11440;1200;2865
P168066201;P168066201_9;I;10540;1240;0;11540;2440;1815
P168066201;P168066201_10;J;11440;0;0;13340;1200;2865
P168066201;P168066201_11;K;11540;1240;0;13440;2440;2865
P167066211;P167066211_1;A;0;0;0;1910;2400;2865
P167066211;P167066211_2;B;1910;0;0;3820;2400;2865
P167066211;P167066211_3;C;3820;0;0;5730;2400;2865
P167066211;P167066211_4;D;5730;0;0;7640;2400;2865
P167066211;P167066211_5;E;7640;0;0;9550;2400;2865
P167066211;P167066211_6;F;9550;0;0;11460;2400;2865
P167066211;P167066211_7;G;11460;0;0;13370;2400;2865
P167066205;P167066205_1;A;0;40;0;1910;2440;2865
P167066205;P167066205_2;B;1910;0;0;3820;2400;2865
P167066205;P167066205_3;C;3820;0;0;5730;2400;2865
P167066205;P167066205_4;D;5730;0;0;7640;2400;2865
P167066205;P167066205_5;E;7640;0;0;9550;2400;2865
P167066205;P167066205_6;F;9550;0;0;11450;1200;2865
P167066205;P167066205_7;G;9550;1240;0;11450;2440;2865
P167066205;P167066205_8;H;11450;0;0;13360;2400;2865
P167066203;P167066203_1;A;0;40;0;1910;2440;2865
P167066203;P167066203_2;B;1910;0;0;3820;2400;2865
P167066203;P167066203_3;C;3820;40;0;5730;2440;2865
P167066203;P167066203_4;D;5730;0;0;7640;2400;2865
P167066203;P167066203_5;E;7640;40;0;9550;2440;2865
P167066203;P167066203_6;F;9550;0;0;11450;1200;2865
P167066203;P167066203_7;G;9550;1240;0;10550;2440;2700
P167066203;P167066203_8;H;10550;1240;0;12950;2440;975
P167066203;P167066203_9;I;11450;0;0;13350;1200;2865
P167066201;P167066201_1;A;0;0;0;1910;2400;2865
P167066201;P167066201_2;B;1910;40;0;3820;2440;2865
P167066201;P167066201_3;C;3820;0;0;5730;2400;2865
P167066201;P167066201_4;D;5730;0;0;7640;2400;2865
P167066201;P167066201_5;E;7640;0;0;9550;2400;2865
P167066201;P167066201_6;F;9550;0;0;11460;2400;2865
P167066201;P167066201_7;G;11460;0;0;13370;2400;2865
P166066211;P166066211_1;A;0;1240;0;1000;2440;2700
P166066211;P166066211_2;B;0;0;0;1900;1200;2865
P166066211;P166066211_3;C;1000;1240;0;2900;2440;2865
P166066211;P166066211_4;D;1900;0;0;3800;1200;2865
P166066211;P166066211_5;E;2900;1240;0;4800;2440;2865
P166066211;P166066211_6;F;3800;0;0;4800;1200;2700
P166066211;P166066211_7;G;4800;0;0;6710;2400;2865
P166066211;P166066211_8;H;6710;0;0;8620;2400;2865
P166066211;P166066211_9;I;8620;0;0;10530;2400;2865
P166066211;P166066211_10;J;10530;0;0;12440;2400;2865
P166066211;P166066211_11;K;12440;0;0;13440;1200;930
P166066205;P166066205_1;A;0;40;0;1910;2440;2865
P166066205;P166066205_2;B;1910;0;0;3820;2400;2865
P166066205;P166066205_3;C;3820;40;0;5730;2440;2865
P166066205;P166066205_4;D;5730;0;0;7640;2400;2865
P166066205;P166066205_5;E;7640;0;0;8840;2400;1905
P166066205;P166066205_6;F;8840;0;0;10750;2400;2865
P166066205;P166066205_7;G;10750;0;0;12660;2400;2865
P166066203;P166066203_1;A;0;0;0;1910;2400;2160
P166066203;P166066203_2;B;1910;0;0;3820;2400;2865
P166066203;P166066203_3;C;3820;0;0;5730;2400;2865
P166066203;P166066203_4;D;5730;0;0;7640;2400;2865
P166066203;P166066203_5;E;7640;0;0;9540;1200;2865
P166066203;P166066203_6;F;7640;1240;0;9540;2440;2160
P166066203;P166066203_7;G;9540;0;0;11450;2400;2865
P166066203;P166066203_8;H;11450;0;0;13360;2400;2865
Q166066203_1;Q166066203_1_1;A;0;0;0;1000;1200;1815
Q166066203_1;Q166066203_1_2;B;0;1240;0;1900;2440;2865
Q166066203_1;Q166066203_1_3;C;1000;0;0;2900;1200;2865
Q166066203_1;Q166066203_1_4;D;2900;0;0;4810;2400;2865
Q166066203_1;Q166066203_1_5;E;4810;0;0;6720;2400;2865
Q166066203_1;Q166066203_1_6;F;6720;0;0;8630;2400;2865
Q166066203_1;Q166066203_1_7;G;8630;0;0;10540;2400;2160
P194066211;P194066211_1;A;0;0;0;1910;2400;2865
P194066211;P194066211_2;B;1910;0;0;3820;2400;2865
P194066211;P194066211_3;C;3820;0;0;5730;2400;2865
P194066211;P194066211_4;D;5730;0;0;7640;2400;2865
P194066211;P194066211_5;E;7640;0;0;9550;2400;2865
P194066211;P194066211_6;F;9550;0;0;11460;2400;2865
P194066211;P194066211_7;G;11460;0;0;13370;2400;2865
P194066205;P194066205_1;A;0;0;0;1900;1200;2865
P194066205;P194066205_2;B;0;1200;0;1900;2400;2865
P194066205;P194066205_3;C;1900;1240;0;3800;2440;2865
P194066205;P194066205_4;D;1900;0;0;3800;1200;2865
P194066205;P194066205_5;E;3800;0;0;5710;2400;2865
P194066205;P194066205_6;F;5710;0;0;7620;2400;2865
P194066205;P194066205_7;G;7620;0;0;9530;2400;2865
P194066205;P194066205_8;H;9530;0;0;11440;2400;2865
P194066205;P194066205_9;I;11440;0;0;13350;2400;2865
P194066203;P194066203_1;A;0;0;0;1900;1950;930
P194066203;P194066203_2;B;1900;0;0;3100;2400;975
P194066203;P194066203_3;C;3100;1240;0;5000;2440;2865
P194066203;P194066203_4;D;3100;0;0;5000;1200;2865
P194066203;P194066203_5;E;5000;0;0;6910;2400;2865
P194066203;P194066203_6;F;6910;0;0;8820;2400;2865
P194066203;P194066203_7;G;8820;0;0;10730;2400;2865
P194066203;P194066203_8;H;10730;0;0;12640;2400;2865
P194066201;P194066201_1;A;0;0;0;1910;2400;2865
P194066201;P194066201_2;B;1910;0;0;3820;2400;2865
P194066201;P194066201_3;C;3820;0;0;5730;2400;2865
P194066201;P194066201_4;D;5730;0;0;7640;2400;2865
P194066201;P194066201_5;E;7640;1240;0;8640;2440;2700
P194066201;P194066201_6;F;7640;0;0;9540;1200;2865
P194066201;P194066201_7;G;8640;1240;0;10540;2440;2865
P194066201;P194066201_8;H;9540;0;0;11440;1200;2865
P194066201;P194066201_9;I;10540;1240;0;12440;2440;2865
P194066201;P194066201_10;J;11440;0;0;13340;1200;2865
P194066201;P194066201_11;K;12440;1240;0;13440;2440;2700
P193066211;P193066211_1;A;0;0;0;1000;1200;2700
P193066211;P193066211_2;B;0;1200;0;1000;2400;1815
P193066211;P193066211_3;C;1000;0;0;2910;2400;2865
P193066211;P193066211_4;D;2910;0;0;4820;2400;2865
P193066211;P193066211_5;E;4820;0;0;6730;2400;2865
P193066211;P193066211_6;F;6730;0;0;8640;2400;2865
P193066211;P193066211_7;G;8640;0;0;10550;2400;2865
P193066211;P193066211_8;H;10550;0;0;12460;2400;2865
P193066203;P193066203_1;A;0;0;0;1910;2400;2865
P193066203;P193066203_2;B;1910;0;0;3820;2400;2865
P193066203;P193066203_3;C;3820;0;0;5730;2400;2865
P193066203;P193066203_4;D;5730;0;0;7640;2400;2865
P193066203;P193066203_5;E;7640;0;0;9550;2400;2865
P193066203;P193066203_6;F;9550;0;0;11460;2400;2865
P193066203;P193066203_7;G;11460;0;0;13370;2400;2865
P193066201;P193066201_1;A;0;0;0;1480;1900;970
P193066201;P193066201_2;B;1480;0;0;3380;1950;930
P193066201;P193066201_3;C;3380;0;0;5280;1200;2865
P193066201;P193066201_4;D;3380;1240;0;5780;2440;1905
P193066201;P193066201_5;E;5280;0;0;6280;1200;2700
P193066201;P193066201_6;F;5780;1240;0;7680;2440;2865
P193066201;P193066201_7;G;6280;0;0;8180;1200;2865
P193066201;P193066201_8;H;7680;1240;0;8680;2440;2700
P193066201;P193066201_9;I;8180;0;0;10080;1200;2865
P193066201;P193066201_10;J;8680;1240;0;10580;2440;2865
P193066201;P193066201_11;K;10080;0;0;11080;1200;2700
P193066201;P193066201_12;L;10580;1240;0;12480;2440;2865
P193066201;P193066201_13;M;11080;0;0;12980;1200;2865
P192066211;P192066211_1;A;0;0;0;1910;2400;2865
P192066211;P192066211_2;B;1910;0;0;3820;2400;2865
P192066211;P192066211_3;C;3820;0;0;5730;2400;2865
P192066211;P192066211_4;D;5730;0;0;7640;2400;2865
P192066211;P192066211_5;E;7640;0;0;9550;2400;2865
P192066211;P192066211_6;F;9550;0;0;11460;2400;2865
P192066211;P192066211_7;G;11460;0;0;13370;2400;2865
P192066207;P192066207_1;A;0;0;0;1010;1206;2170
P192066207;P192066207_2;B;0;1240;0;1900;2440;2865
P192066207;P192066207_3;C;1010;0;0;2910;1200;2865
P192066207;P192066207_4;D;1900;1240;0;3800;2440;2865
P192066207;P192066207_5;E;2910;0;0;3910;1200;1815
P192066207;P192066207_6;F;3800;1240;0;5700;2440;1455
P192066207;P192066207_7;G;5700;0;0;7610;2400;2865
P192066207;P192066207_8;H;7610;0;0;9520;2400;2865
P192066207;P192066207_9;I;9520;0;0;11430;2400;2865
P192066207;P192066207_10;J;11430;0;0;13340;2400;2865
P192066203;P192066203_1;A;0;0;0;1910;2400;2865
P192066203;P192066203_2;B;1910;0;0;3820;2400;2865
P192066203;P192066203_3;C;3820;0;0;5730;2400;2865
P192066203;P192066203_4;D;5730;0;0;7640;2400;2865
P192066203;P192066203_5;E;7640;0;0;9550;2400;2865
P192066203;P192066203_6;F;9550;0;0;11460;2400;2865
P192066203;P192066203_7;G;11460;0;0;13370;2400;2865
Q192066203_1;Q192066203_1_1;A;0;0;0;1910;2400;2865
Q192066203_1;Q192066203_1_2;B;1910;0;0;3820;2400;2865
Q192066203_1;Q192066203_1_3;C;3820;0;0;5730;2400;2865
Q192066203_1;Q192066203_1_4;D;5730;0;0;7640;2400;2865
Q192066203_1;Q192066203_1_5;E;7640;0;0;9550;2400;2865
Q192066203_1;Q192066203_1_6;F;9550;0;0;11460;2400;2865
Q192066203_1;Q192066203_1_7;G;11460;0;0;13370;2400;2865
P192066201;P192066201_1;A;0;0;0;1910;2400;2865
P192066201;P192066201_2;B;1910;40;0;3820;2440;2865
P192066201;P192066201_3;C;3820;0;0;5730;2400;2865
P192066201;P192066201_4;D;5730;0;0;7630;1950;930
P192066201;P192066201_5;E;7630;0;0;9540;2400;2865
P192066201;P192066201_6;F;9540;0;0;11450;2400;2865
P192066201;P192066201_7;G;11450;0;0;13360;2400;2865
P191066211;P191066211_1;A;0;0;0;1000;1200;2700
P191066211;P191066211_2;B;0;1240;0;1900;2440;2865
P191066211;P191066211_3;C;1000;0;0;2900;1200;2865
P191066211;P191066211_4;D;1900;1240;0;2900;2440;2700
P191066211;P191066211_5;E;2900;0;0;4810;2400;2865
P191066211;P191066211_6;F;4810;0;0;6720;2400;2865
P191066211;P191066211_7;G;6720;0;0;8630;2400;2865
P191066211;P191066211_8;H;8630;0;0;10540;2400;2865
P191066211;P191066211_9;I;10540;0;0;12450;2400;2865
P191066211;P191066211_10;J;12450;0;0;13450;1200;1815
P191066205;P191066205_1;A;0;0;0;1910;2400;2865
P191066205;P191066205_2;B;1910;0;0;3820;2400;2865
P191066205;P191066205_3;C;3820;0;0;5730;2400;2865
P191066205;P191066205_4;D;5730;0;0;7640;2400;2865
P191066205;P191066205_5;E;7640;0;0;9550;2400;2865
P191066205;P191066205_6;F;9550;0;0;11460;2400;2865
P191066205;P191066205_7;G;11460;0;0;13360;1200;2865
P191066205;P191066205_8;H;11460;1240;0;13360;2440;2865
P191066203;P191066203_1;A;0;0;0;1200;2400;975
P191066203;P191066203_2;B;1200;1240;0;3100;2440;2865
P191066203;P191066203_3;C;1200;0;0;3100;1200;2865
P191066203;P191066203_4;D;3100;0;0;5000;1200;2865
P191066203;P191066203_5;E;3100;1240;0;5000;2440;2865
P191066203;P191066203_6;F;5000;0;0;6910;2400;2865
P191066203;P191066203_7;G;6910;0;0;8820;2400;2865
P191066203;P191066203_8;H;8820;0;0;10730;2400;2865
P191066203;P191066203_9;I;10730;0;0;12640;2400;2865
P189066251;P189066251_1;A;0;0;0;1910;2400;2865
P189066251;P189066251_2;B;1910;40;0;3820;2440;2865
P189066251;P189066251_3;C;3820;0;0;5730;2400;2865
P189066251;P189066251_4;D;5730;40;0;7640;2440;2865
P189066251;P189066251_5;E;7640;0;0;9550;2400;2865
P189066251;P189066251_6;F;9550;1240;0;10550;2440;2700
P189066251;P189066251_7;G;9550;0;0;11450;1200;2865
P189066251;P189066251_8;H;10550;1240;0;11550;2440;1815
P189066251;P189066251_9;I;11550;0;0;13460;2400;2865
P189066201;P189066201_1;A;0;0;0;1910;2400;2865
P189066201;P189066201_2;B;1910;0;0;3820;2400;2865
P189066201;P189066201_3;C;3820;0;0;5730;2400;2865
P189066201;P189066201_4;D;5730;1240;0;7630;2440;2865
P189066201;P189066201_5;E;5730;0;0;7630;1200;2865
P189066201;P189066201_6;F;7630;0;0;9530;1200;2865
P189066201;P189066201_7;G;7630;1240;0;9530;2440;2865
P189066201;P189066201_8;H;9530;0;0;11440;2400;2865
P189066201;P189066201_9;I;11440;0;0;13350;2400;2865
P188066211;P188066211_1;A;0;0;0;1910;2400;2865
P188066211;P188066211_2;B;1910;40;0;3820;2440;2865
P188066211;P188066211_3;C;3820;0;0;5730;2400;2865
P188066211;P188066211_4;D;5730;40;0;7640;2440;2865
P188066211;P188066211_5;E;7640;0;0;9550;2400;2865
P188066211;P188066211_6;F;9550;0;0;11460;2400;2865
P188066205;P188066205_1;A;0;0;0;1480;1900;970
P188066205;P188066205_2;B;1480;0;0;2680;2400;975
P188066205;P188066205_3;C;2680;0;0;4590;2400;2865
P188066205;P188066205_4;D;4590;0;0;6500;2400;2865
P188066205;P188066205_5;E;6500;0;0;8410;2400;2865
P188066205;P188066205_6;F;8410;0;0;10320;2400;2865
P188066205;P188066205_7;G;10320;0;0;11320;1200;2700
P188066205;P188066205_8;H;10320;1240;0;11320;2440;1815
P188066205;P188066205_9;I;11320;0;0;13230;2400;2865
P188066203;P188066203_1;A;0;0;0;1910;2400;2865
P188066203;P188066203_2;B;1910;0;0;3810;1200;2865
P188066203;P188066203_3;C;1910;1240;0;3810;2440;2865
P188066203;P188066203_4;D;3810;1240;0;5710;2440;2865
P188066203;P188066203_5;E;3810;0;0;5710;1200;2865
P188066203;P188066203_6;F;5710;0;0;7620;2400;2865
P188066203;P188066203_7;G;7620;0;0;9530;2400;2865
P188066203;P188066203_8;H;9530;0;0;11440;2400;2865
P188066203;P188066203_9;I;11440;0;0;13350;2400;2865
P188066201;P188066201_1;A;0;0;0;1910;2400;2865
P188066201;P188066201_2;B;1910;1240;0;2910;2440;2700
P188066201;P188066201_3;C;1910;0;0;4310;1200;975
P188066201;P188066201_4;D;2910;1240;0;4810;2440;2865
P188066201;P188066201_5;E;4310;0;0;5310;1200;930
P188066201;P188066201_6;F;4810;1240;0;6710;2440;2865
P188066201;P188066201_7;G;5310;0;0;7210;1200;2865
P188066201;P188066201_8;H;7210;0;0;9120;2400;2865
P188066201;P188066201_9;I;9120;0;0;11030;2400;2865
P188066201;P188066201_10;J;11030;0;0;12940;2400;2865
P187066211;P187066211_1;A;0;0;0;1910;2400;2865
P187066211;P187066211_2;B;1910;0;0;3820;2400;2865
P187066211;P187066211_3;C;3820;0;0;5730;2400;2865
P187066211;P187066211_4;D;5730;0;0;7640;2400;2865
P187066211;P187066211_5;E;7640;0;0;9550;2400;2865
P187066211;P187066211_6;F;9550;0;0;11460;2400;2865
P187066211;P187066211_7;G;11460;0;0;13370;2400;2865
P187066205;P187066205_1;A;0;0;0;1910;2400;2865
P187066205;P187066205_2;B;1910;0;0;3820;2400;2865
P187066205;P187066205_3;C;3820;0;0;5730;2400;2865
P187066205;P187066205_4;D;5730;0;0;7640;2400;2865
P187066205;P187066205_5;E;7640;0;0;9550;2400;2865
P187066205;P187066205_6;F;9550;0;0;11460;2400;2865
P187066205;P187066205_7;G;11460;0;0;13370;2400;2865
P187066203;P187066203_1;A;0;0;0;1910;2400;2865
P187066203;P187066203_2;B;1910;0;0;3820;2400;2865
P187066203;P187066203_3;C;3820;0;0;5730;2400;2865
P187066203;P187066203_4;D;5730;0;0;6730;1200;2700
P187066203;P187066203_5;E;5730;1240;0;7630;2440;2865
P187066203;P187066203_6;F;6730;0;0;8630;1200;2865
P187066203;P187066203_7;G;7630;1240;0;9530;2440;2865
P187066203;P187066203_8;H;8630;0;0;9630;1200;1815
P187066203;P187066203_9;I;9530;1240;0;11430;2440;2865
P187066203;P187066203_10;J;9630;0;0;11530;1200;750
P187066203;P187066203_11;K;11530;40;0;13440;2440;2865
P187066201;P187066201_1;A;0;0;0;1910;2400;2865
P187066201;P187066201_2;B;1910;0;0;3820;2400;2865
P187066201;P187066201_3;C;3820;0;0;5730;2400;2865
P187066201;P187066201_4;D;5730;0;0;7640;2400;2865
P187066201;P187066201_5;E;7640;0;0;8840;2400;975
P187066201;P187066201_6;F;8840;0;0;10750;2400;2865
P187066201;P187066201_7;G;10750;1240;0;12650;2440;2865
P187066201;P187066201_8;H;10750;0;0;12650;1200;2865
P186066211;P186066211_1;A;0;0;0;1910;2400;2865
P186066211;P186066211_2;B;1910;0;0;3820;2400;2865
P186066211;P186066211_3;C;3820;0;0;5730;2400;2865
P186066211;P186066211_4;D;5730;0;0;7640;2400;2865
P186066211;P186066211_5;E;7640;0;0;9550;2400;2865
P186066211;P186066211_6;F;9550;0;0;11460;2400;2865
P186066211;P186066211_7;G;11460;0;0;13370;2400;2865
P186066203;P186066203_1;A;0;1240;0;1000;2440;2700
P186066203;P186066203_2;B;0;0;0;1900;1200;2865
P186066203;P186066203_3;C;1000;1240;0;2000;2440;2700
P186066203;P186066203_4;D;1900;0;0;3800;1200;2865
P186066203;P186066203_5;E;2000;1240;0;3900;2440;2865
P186066203;P186066203_6;F;3800;0;0;5700;1200;2865
P186066203;P186066203_7;G;3900;1240;0;4900;2440;930
P186066203;P186066203_8;H;4900;1240;0;7300;2440;975
P186066203;P186066203_9;I;5700;0;0;7600;1200;2865
P186066203;P186066203_10;J;7600;0;0;9510;2400;2865
P186066203;P186066203_11;K;9510;0;0;11420;2400;2865
P186066203;P186066203_12;L;11420;0;0;13330;2400;2865
P186066201;P186066201_1;A;0;0;0;1910;2400;2865
P186066201;P186066201_2;B;1910;40;0;3820;2440;2865
P186066201;P186066201_3;C;3820;0;0;5730;2400;2865
P186066201;P186066201_4;D;5730;1240;0;7630;2440;2865
P186066201;P186066201_5;E;5730;0;0;7630;1200;2865
P186066201;P186066201_6;F;7630;0;0;9530;1200;2160
P186066201;P186066201_7;G;7630;1240;0;8630;2440;2700
P186066201;P186066201_8;H;9530;0;0;11440;2400;2865
P186066201;P186066201_9;I;11440;0;0;13350;2400;2865
P185066211;P185066211_1;A;0;0;0;1910;2400;2865
P185066211;P185066211_2;B;1910;0;0;3820;2400;2865
P185066211;P185066211_3;C;3820;0;0;5730;2400;2865
P185066211;P185066211_4;D;5730;0;0;7640;2400;2865
P185066211;P185066211_5;E;7640;0;0;9550;2400;2865
P185066211;P185066211_6;F;9550;0;0;11460;2400;2865
P185066211;P185066211_7;G;11460;0;0;13370;2400;2865
P185066207;P185066207_1;A;0;0;0;1010;1206;2170
P185066207;P185066207_2;B;0;1240;0;2400;2440;975
P185066207;P185066207_3;C;1010;0;0;2010;1200;2700
P185066207;P185066207_4;D;2010;0;0;3910;1200;2865
P185066207;P185066207_5;E;2400;1240;0;4300;2440;2865
P185066207;P185066207_6;F;3910;0;0;5810;1200;1455
P185066207;P185066207_7;G;5810;0;0;7720;2400;2865
P185066207;P185066207_8;H;7720;0;0;9630;2400;2865
P185066207;P185066207_9;I;9630;0;0;11540;2400;2865
P185066207;P185066207_10;J;11540;0;0;13450;2400;2865
P185066203;P185066203_1;A;0;0;0;1910;2400;2865
P185066203;P185066203_2;B;1910;0;0;3820;2400;2865
P185066203;P185066203_3;C;3820;0;0;5730;2400;2865
P185066203;P185066203_4;D;5730;0;0;7640;2400;2865
P185066203;P185066203_5;E;7640;0;0;9550;2400;2865
P185066203;P185066203_6;F;9550;0;0;11460;2400;2865
P185066203;P185066203_7;G;11460;0;0;13370;2400;2865
P185066201;P185066201_1;A;0;0;0;1910;2400;2865
P185066201;P185066201_2;B;1910;0;0;3820;2400;2865
P185066201;P185066201_3;C;3820;0;0;5730;2400;2865
P185066201;P185066201_4;D;5730;0;0;7640;2400;2865
P185066201;P185066201_5;E;7640;0;0;9550;2400;2865
P185066201;P185066201_6;F;9550;0;0;11450;1200;2865
P185066201;P185066201_7;G;9550;1240;0;10550;2440;2700
P185066201;P185066201_8;H;10550;1240;0;12450;2440;2865
P185066201;P185066201_9;I;11450;0;0;13350;1200;2865
P185066201;P185066201_10;J;12450;1240;0;13450;2440;930
P184066211;P184066211_1;A;0;0;0;1910;2400;2865
P184066211;P184066211_2;B;1910;0;0;3820;2400;2865
P184066211;P184066211_3;C;3820;0;0;5730;2400;2865
P184066211;P184066211_4;D;5730;0;0;7640;2400;2865
P184066211;P184066211_5;E;7640;0;0;9550;2400;2865
P184066211;P184066211_6;F;9550;0;0;11460;2400;2865
P184066211;P184066211_7;G;11460;0;0;13370;2400;2865
P184066205;P184066205_1;A;0;0;0;1900;1200;2865
P184066205;P184066205_2;B;0;1240;0;1000;2440;930
P184066205;P184066205_3;C;1900;0;0;3810;2400;2865
P240064303;P240064303_1;A;0;0;0;1800;2350;2855
P240064303;P240064303_2;B;1800;0;0;3600;2350;2855
P240064303;P240064303_3;C;3600;0;0;5400;2350;2855
P240064303;P240064303_4;D;5400;0;0;7200;2350;2855
P240064303;P240064303_5;E;7200;0;0;9000;2350;2855
P240064303;P240064303_6;F;9000;0;0;10800;2350;2855
P240064303;P240064303_7;G;10800;0;0;12600;2350;2855
Q240064303_1;Q240064303_1_1;A;0;0;0;1800;2350;2855
Q240064303_1;Q240064303_1_2;B;1800;0;0;3600;2350;2855
Q240064303_1;Q240064303_1_3;C;3600;0;0;5400;2350;2855
Q240064303_1;Q240064303_1_4;D;5400;0;0;7200;2350;2855
Q240064303_1;Q240064303_1_5;E;7200;0;0;9000;2350;2855
Q240064303_1;Q240064303_1_6;F;9000;0;0;10800;2350;2855
Q240064303_1;Q240064303_1_7;G;10800;0;0;12600;2350;2855
Q240064303_2;Q240064303_2_1;A;0;0;0;1800;2350;2855
Q240064303_2;Q240064303_2_2;B;1800;0;0;3600;2350;2855
Q240064303_2;Q240064303_2_3;C;3600;0;0;5400;2350;2855
Q240064303_2;Q240064303_2_4;D;5400;0;0;7200;2350;2855
Q240064303_2;Q240064303_2_5;E;7200;0;0;9000;2350;2855
Q240064303_2;Q240064303_2_6;F;9000;0;0;10800;2350;2855
Q240064303_2;Q240064303_2_7;G;10800;0;0;12600;2350;2855
Q240064303_3;Q240064303_3_1;A;0;0;0;1800;2350;2855
Q240064303_3;Q240064303_3_2;B;1800;0;0;3600;2350;2855
Q240064303_3;Q240064303_3_3;C;3600;0;0;5400;2350;2855
Q240064303_3;Q240064303_3_4;D;5400;0;0;7200;2350;2855
Q240064303_3;Q240064303_3_5;E;7200;0;0;9000;2350;2855
Q240064303_3;Q240064303_3_6;F;9000;0;0;10800;2350;2855
Q240064303_3;Q240064303_3_7;G;10800;0;0;12600;2350;1450
P209064305;P209064305_1;A;0;0;0;1800;2350;2855
P209064305;P209064305_2;B;1800;0;0;3600;2350;2855
P209064305;P209064305_3;C;3600;0;0;5400;2350;2855
P209064305;P209064305_4;D;5400;0;0;7200;2350;2855
P209064305;P209064305_5;E;7200;0;0;9000;2350;2855
P209064305;P209064305_6;F;9000;0;0;10800;2350;2855
P209064305;P209064305_7;G;10800;0;0;12600;2350;2855
P209064311;P209064311_1;A;0;0;0;1800;2350;2855
P209064311;P209064311_2;B;1800;0;0;3600;2350;2855
P209064311;P209064311_3;C;3600;0;0;5400;2350;2855
P209064311;P209064311_4;D;5400;0;0;7200;2350;2855
P209064311;P209064311_5;E;7200;0;0;8200;1200;2865
P209064311;P209064311_6;F;7200;1240;0;8200;2440;2865
P209064311;P209064311_7;G;8200;1240;0;9200;2440;1455
P209064311;P209064311_8;H;9200;0;0;11000;2350;2855
P209064311;P209064311_9;I;11000;0;0;12800;2350;2855
P209064303;P209064303_1;A;0;0;0;1800;2350;2855
P209064303;P209064303_2;B;1800;0;0;3600;2350;2855
P209064303;P209064303_3;C;3600;0;0;5400;2350;2855
P209064303;P209064303_4;D;5400;0;0;7200;2350;2855
P209064303;P209064303_5;E;7200;0;0;9000;2350;2855
P209064303;P209064303_6;F;9000;0;0;10800;2350;2855
P209064303;P209064303_7;G;10800;0;0;12600;2350;2855
P208064309;P208064309_1;A;0;0;0;1800;2350;2855
P208064309;P208064309_2;B;1800;0;0;3600;2350;2855
P208064309;P208064309_3;C;3600;0;0;5400;2350;2855
P208064309;P208064309_4;D;5400;0;0;7200;2350;2855
P208064309;P208064309_5;E;7200;0;0;9000;2350;2855
P208064309;P208064309_6;F;9000;0;0;10800;2350;2855
P208064309;P208064309_7;G;10800;0;0;12600;2350;2855
P208064305;P208064305_1;A;0;0;0;1800;2350;2855
P208064305;P208064305_2;B;1800;0;0;3600;2350;2855
P208064305;P208064305_3;C;3600;0;0;5400;2350;2855
P208064305;P208064305_4;D;5400;0;0;7200;2350;2855
P208064305;P208064305_5;E;7200;0;0;9000;2350;2855
P208064305;P208064305_6;F;9000;0;0;10800;2350;2855
P208064305;P208064305_7;G;10800;0;0;12600;2350;2855
P208064303;P208064303_1;A;0;0;0;1800;2350;2855
P208064303;P208064303_2;B;1800;0;0;3600;2350;2855
P208064303;P208064303_3;C;3600;0;0;5400;2350;2855
P208064303;P208064303_4;D;5400;0;0;7200;2350;2855
P208064303;P208064303_5;E;7200;0;0;9000;2350;2855
P208064303;P208064303_6;F;9000;0;0;10800;2350;2855
P208064303;P208064303_7;G;10800;0;0;12600;2350;2855
P207064309;P207064309_1;A;0;0;0;1800;2350;2855
P207064309;P207064309_2;B;1800;0;0;3600;2350;2855
P207064309;P207064309_3;C;3600;0;0;5400;2350;2855
P207064309;P207064309_4;D;5400;0;0;7200;2350;2855
P207064309;P207064309_5;E;7200;0;0;9000;2350;2855
P207064309;P207064309_6;F;9000;0;0;10800;2350;2855
P207064309;P207064309_7;G;10800;0;0;12600;2350;2855
P207064311;P207064311_1;A;0;0;0;1800;2350;2855
P207064311;P207064311_2;B;1800;0;0;3600;2350;2855
P207064311;P207064311_3;C;3600;0;0;5400;2350;2855
P207064311;P207064311_4;D;5400;0;0;7200;2350;2855
P207064311;P207064311_5;E;7200;0;0;9000;2350;2855
P207064311;P207064311_6;F;9000;0;0;10800;2350;2855
P207064311;P207064311_7;G;10800;0;0;12600;2350;2855
P207064303;P207064303_1;A;0;0;0;1800;2350;2855
P207064303;P207064303_2;B;1800;0;0;3600;2350;2855
P207064303;P207064303_3;C;3600;0;0;5400;2350;2855
P207064303;P207064303_4;D;5400;0;0;7200;2350;2855
P207064303;P207064303_5;E;7200;0;0;9000;2350;2855
P207064303;P207064303_6;F;9000;0;0;10800;2350;2855
P207064303;P207064303_7;G;10800;0;0;12600;2350;2855
P206064309;P206064309_1;A;0;0;0;1800;2350;2855
P206064309;P206064309_2;B;1800;0;0;3600;2350;2855
P206064309;P206064309_3;C;3600;0;0;5400;2350;2855
P206064309;P206064309_4;D;5400;0;0;7200;2350;2855
P206064309;P206064309_5;E;7200;0;0;9000;2350;2855
P206064309;P206064309_6;F;9000;0;0;10800;2350;2855
P206064309;P206064309_7;G;10800;0;0;12600;2350;2855
P206064305;P206064305_1;A;0;0;0;1800;2350;2855
P206064305;P206064305_2;B;1800;0;0;3600;2350;2855
P206064305;P206064305_3;C;3600;0;0;5400;2350;2855
P206064305;P206064305_4;D;5400;0;0;7200;2350;2855
P206064305;P206064305_5;E;7200;0;0;9000;2350;2855
P206064305;P206064305_6;F;9000;0;0;10800;2350;2855
P206064305;P206064305_7;G;10800;0;0;12600;2350;2855
P206064301;P206064301_1;A;0;0;0;1000;1200;2865
P206064301;P206064301_2;B;0;1240;0;1000;2440;2865
P206064301;P206064301_3;C;1000;1240;0;2000;2440;2865
P206064301;P206064301_4;D;2000;0;0;3800;2350;2855
P206064301;P206064301_5;E;3800;0;0;5600;2350;2855
P206064301;P206064301_6;F;5600;0;0;7400;2350;2855
P206064301;P206064301_7;G;7400;0;0;9200;2350;2855
P206064301;P206064301_8;H;9200;0;0;11000;2350;2855
P206064301;P206064301_9;I;11000;0;0;12010;1206;2170
P206064301;P206064301_10;J;11000;1234;0;12010;2440;2170
P206064301;P206064301_11;K;12010;1440;0;13210;2440;445
P206064303;P206064303_1;A;0;0;0;1800;2350;2855
P206064303;P206064303_2;B;1800;0;0;3600;2350;2855
P206064303;P206064303_3;C;3600;0;0;5400;2350;2855
P206064303;P206064303_4;D;5400;0;0;7200;2350;2855
P206064303;P206064303_5;E;7200;0;0;9000;2350;2855
P206064303;P206064303_6;F;9000;0;0;10800;2350;2855
P206064303;P206064303_7;G;10800;0;0;12600;2350;2855
P205064309;P205064309_1;A;0;0;0;1800;2350;2855
P205064309;P205064309_2;B;1800;0;0;3600;2350;2855
P205064309;P205064309_3;C;3600;0;0;5400;2350;2855
P205064309;P205064309_4;D;5400;0;0;7200;2350;2855
P205064309;P205064309_5;E;7200;0;0;9000;2350;2855
P205064309;P205064309_6;F;9000;0;0;10800;2350;2855
P205064309;P205064309_7;G;10800;0;0;12600;2350;2855
P205064305;P205064305_1;A;0;0;0;1800;2350;2855
P205064305;P205064305_2;B;1800;0;0;3600;2350;2855
P205064305;P205064305_3;C;3600;0;0;5400;2350;2855
P205064305;P205064305_4;D;5400;0;0;7200;2350;2855
P205064305;P205064305_5;E;7200;0;0;9000;2350;2855
P205064305;P205064305_6;F;9000;0;0;10800;2350;2855
P205064305;P205064305_7;G;10800;0;0;12600;2350;2855
P205064303;P205064303_1;A;0;0;0;1800;2350;2855
P205064303;P205064303_2;B;1800;0;0;3600;2350;2855
P205064303;P205064303_3;C;3600;0;0;5400;2350;2855
P205064303;P205064303_4;D;5400;0;0;7200;2350;2855
P205064303;P205064303_5;E;7200;0;0;9000;2350;2855
P205064303;P205064303_6;F;9000;0;0;10800;2350;2855
P205064303;P205064303_7;G;10800;0;0;12600;2350;2855
P202064309;P202064309_1;A;0;0;0;1800;2350;2855
P202064309;P202064309_2;B;1800;0;0;3600;2350;2855
P202064309;P202064309_3;C;3600;0;0;5400;2350;2855
P202064309;P202064309_4;D;5400;0;0;7200;2350;2855
P202064309;P202064309_5;E;7200;0;0;9000;2350;2855
P202064309;P202064309_6;F;9000;0;0;10800;2350;2855
P202064309;P202064309_7;G;10800;0;0;12600;2350;2855
P202064305;P202064305_1;A;0;0;0;1800;2350;2855
P202064305;P202064305_2;B;1800;0;0;3600;2350;2855
P202064305;P202064305_3;C;3600;0;0;5400;2350;2855
P202064305;P202064305_4;D;5400;0;0;7200;2350;2855
P202064305;P202064305_5;E;7200;0;0;9000;2350;2855
P202064305;P202064305_6;F;9000;0;0;10800;2350;2855
P202064305;P202064305_7;G;10800;0;0;12600;2350;2855
P202064311;P202064311_1;A;0;0;0;1800;2350;2855
P202064311;P202064311_2;B;1800;0;0;3600;2350;2855
P202064311;P202064311_3;C;3600;0;0;5400;2350;2855
P202064311;P202064311_4;D;5400;0;0;7200;2350;2855
P202064311;P202064311_5;E;7200;0;0;9000;2350;2855
P202064311;P202064311_6;F;9000;0;0;10800;2350;2855
P202064311;P202064311_7;G;10800;0;0;11800;1200;2865
P202064311;P202064311_8;H;10800;1240;0;11800;2440;2865
P202064311;P202064311_9;I;11800;1440;0;13000;2440;2865
P202064303;P202064303_1;A;0;0;0;1800;2350;2855
P202064303;P202064303_2;B;1800;0;0;3600;2350;2855
P202064303;P202064303_3;C;3600;0;0;5400;2350;2855
P202064303;P202064303_4;D;5400;0;0;7200;2350;2855
P202064303;P202064303_5;E;7200;0;0;9000;2350;2855
P202064303;P202064303_6;F;9000;0;0;10800;2350;2855
P202064303;P202064303_7;G;10800;0;0;12600;2350;2855
P201064309;P201064309_1;A;0;0;0;1800;2350;2855
P201064309;P201064309_2;B;1800;0;0;3600;2350;2855
P201064309;P201064309_3;C;3600;0;0;5400;2350;2855
P201064309;P201064309_4;D;5400;0;0;7200;2350;2855
P201064309;P201064309_5;E;7200;0;0;9000;2350;2855
P201064309;P201064309_6;F;9000;0;0;10800;2350;2855
P201064309;P201064309_7;G;10800;0;0;12600;2350;2855
P201064305;P201064305_1;A;0;0;0;1800;2350;2855
P201064305;P201064305_2;B;1800;0;0;3600;2350;2855
P201064305;P201064305_3;C;3600;0;0;5400;2350;2855
P201064305;P201064305_4;D;5400;0;0;7200;2350;2855
P201064305;P201064305_5;E;7200;0;0;9000;2350;2855
P201064305;P201064305_6;F;9000;0;0;10800;2350;2855
P201064305;P201064305_7;G;10800;0;0;12600;2350;2855
P201064303;P201064303_1;A;0;0;0;1800;2350;2855
P201064303;P201064303_2;B;1800;0;0;3600;2350;2855
P201064303;P201064303_3;C;3600;0;0;5400;2350;2855
P201064303;P201064303_4;D;5400;0;0;7200;2350;2855
P201064303;P201064303_5;E;7200;0;0;9000;2350;2855
P201064303;P201064303_6;F;9000;0;0;10800;2350;2855
P201064303;P201064303_7;G;10800;0;0;12600;2350;2855
P200064309;P200064309_1;A;0;0;0;1800;2350;2855
P200064309;P200064309_2;B;1800;0;0;3600;2350;2855
P200064309;P200064309_3;C;3600;0;0;5400;2350;2855
P200064309;P200064309_4;D;5400;0;0;7200;2350;2855
P200064309;P200064309_5;E;7200;0;0;9000;2350;2855
P200064309;P200064309_6;F;9000;0;0;10800;2350;2855
P200064309;P200064309_7;G;10800;0;0;12600;2350;2855
P200064305;P200064305_1;A;0;0;0;1800;2350;2855
P200064305;P200064305_2;B;1800;0;0;3600;2350;2855
P200064305;P200064305_3;C;3600;0;0;5400;2350;2855
P200064305;P200064305_4;D;5400;0;0;7200;2350;2855
P200064305;P200064305_5;E;7200;0;0;9000;2350;2855
P200064305;P200064305_6;F;9000;0;0;10800;2350;2855
P200064305;P200064305_7;G;10800;0;0;12600;2350;2855
P200064311;P200064311_1;A;0;0;0;1800;2350;2855
P200064311;P200064311_2;B;1800;0;0;3600;2350;2855
P200064311;P200064311_3;C;3600;0;0;5400;2350;2855
P200064311;P200064311_4;D;5400;0;0;7200;2350;2855
P200064311;P200064311_5;E;7200;0;0;9000;2350;2855
P200064311;P200064311_6;F;9000;0;0;10800;2350;2855
P200064311;P200064311_7;G;10800;0;0;11800;1200;2865
P200064311;P200064311_8;H;10800;1240;0;11800;2440;2865
P200064311;P200064311_9;I;11800;1440;0;13000;2440;750
P200064303;P200064303_1;A;0;0;0;1800;2350;2855
P200064303;P200064303_2;B;1800;0;0;3600;2350;2855
P200064303;P200064303_3;C;3600;0;0;5400;2350;2855
P200064303;P200064303_4;D;5400;0;0;7200;2350;2855
P200064303;P200064303_5;E;7200;0;0;9000;2350;2855
P200064303;P200064303_6;F;9000;0;0;10800;2350;2855
P200064303;P200064303_7;G;10800;0;0;12600;2350;2855
P199064309;P199064309_1;A;0;0;0;1800;2350;2855
P199064309;P199064309_2;B;1800;0;0;3600;2350;2855
P199064309;P199064309_3;C;3600;0;0;5400;2350;2855
P199064309;P199064309_4;D;5400;0;0;7200;2350;2855
P199064309;P199064309_5;E;7200;0;0;9000;2350;2855
P199064309;P199064309_6;F;9000;0;0;10800;2350;2855
P199064309;P199064309_7;G;10800;0;0;12600;2350;2855
P199064305;P199064305_1;A;0;0;0;1800;2350;2855
P199064305;P199064305_2;B;1800;0;0;3600;2350;2855
P199064305;P199064305_3;C;3600;0;0;5400;2350;2855
P199064305;P199064305_4;D;5400;0;0;7200;2350;2855
P199064305;P199064305_5;E;7200;0;0;9000;2350;2855
P199064305;P199064305_6;F;9000;0;0;10800;2350;2855
P199064305;P199064305_7;G;10800;0;0;12600;2350;2855
P199064301;P199064301_1;A;0;0;0;1800;2350;2855
P199064301;P199064301_2;B;1800;0;0;3600;2350;2855
P199064301;P199064301_3;C;3600;0;0;5400;2350;2855
P199064301;P199064301_4;D;5400;1240;0;6400;2440;2865
P199064301;P199064301_5;E;5400;0;0;6400;1200;750
P199064301;P199064301_6;F;6400;0;0;8200;2350;2855
P199064301;P199064301_7;G;8200;0;0;10000;2350;2855
P199064301;P199064301_8;H;10000;0;0;11010;1206;2170
P199064301;P199064301_9;I;10000;1234;0;11010;2440;2170
P199064301;P199064301_10;J;11010;1234;0;12020;2440;1085
P199064301;P199064301_11;K;11010;0;0;12010;1200;445
P199064303;P199064303_1;A;0;0;0;1800;2350;2855
P199064303;P199064303_2;B;1800;0;0;3600;2350;2855
P199064303;P199064303_3;C;3600;0;0;5400;2350;2855
P199064303;P199064303_4;D;5400;0;0;7200;2350;2855
P199064303;P199064303_5;E;7200;0;0;9000;2350;2855
P199064303;P199064303_6;F;9000;0;0;10800;2350;2855
P199064303;P199064303_7;G;10800;0;0;12600;2350;2855
P198064309;P198064309_1;A;0;0;0;1800;2350;2855
P198064309;P198064309_2;B;1800;0;0;3600;2350;2855
P198064309;P198064309_3;C;3600;0;0;5400;2350;2855
P198064309;P198064309_4;D;5400;0;0;7200;2350;2855
P198064309;P198064309_5;E;7200;0;0;9000;2350;2855
P198064309;P198064309_6;F;9000;0;0;10800;2350;2855
P198064309;P198064309_7;G;10800;0;0;12600;2350;2855
P198064305;P198064305_1;A;0;0;0;1800;2350;2855
P198064305;P198064305_2;B;1800;0;0;3600;2350;2855
P198064305;P198064305_3;C;3600;0;0;5400;2350;2855
P198064305;P198064305_4;D;5400;0;0;7200;2350;2855
P198064305;P198064305_5;E;7200;0;0;9000;2350;2855
P198064305;P198064305_6;F;9000;0;0;10800;2350;2855
P198064305;P198064305_7;G;10800;0;0;12600;2350;2855
Q198064305_1;Q198064305_1_1;A;0;0;0;1800;2350;2855
Q198064305_1;Q198064305_1_2;B;1800;0;0;3600;2350;2855
Q198064305_1;Q198064305_1_3;C;3600;0;0;5400;2350;2855
Q198064305_1;Q198064305_1_4;D;5400;0;0;7200;2350;2855
Q198064305_1;Q198064305_1_5;E;7200;0;0;9000;2350;2855
Q198064305_1;Q198064305_1_6;F;9000;0;0;10800;2350;1450
P198064303;P198064303_1;A;0;0;0;1800;2350;2855
P198064303;P198064303_2;B;1800;0;0;3600;2350;2855
P198064303;P198064303_3;C;3600;0;0;5400;2350;2855
P198064303;P198064303_4;D;5400;0;0;7200;2350;2855
P198064303;P198064303_5;E;7200;0;0;9000;2350;2855
P198064303;P198064303_6;F;9000;0;0;10800;2350;2855
P240259901;P240259901_1;A;0;0;0;1200;2400;2905
P240259901;P240259901_2;B;1200;0;0;2400;2400;2905
P240259901;P240259901_3;C;2400;0;0;3600;2400;2905
P240259901;P240259901_4;D;3600;0;0;4800;2400;2905
P240259901;P240259901_5;E;4800;0;0;6000;2400;2905
P240259901;P240259901_6;F;6000;0;0;7200;2400;2905
P240259901;P240259901_7;G;7200;0;0;8400;2400;2905
P240259901;P240259901_8;H;8400;0;0;9600;2400;2905
P240259901;P240259901_9;I;9600;0;0;10800;2400;2905
P240259901;P240259901_10;J;10800;0;0;12000;2400;2905
P240259901;P240259901_11;K;12000;0;0;13200;2400;2905
Q240259901_1;Q240259901_1_1;A;0;0;0;1200;2400;2905
Q240259901_1;Q240259901_1_2;B;1200;0;0;2400;2400;2905
Q240259901_1;Q240259901_1_3;C;2400;0;0;3600;2400;2905
Q240259901_1;Q240259901_1_4;D;3600;0;0;4800;2400;2905
Q240259901_1;Q240259901_1_5;E;4800;0;0;6000;2400;2905
Q240259901_1;Q240259901_1_6;F;6000;0;0;7200;2400;2905
Q240259901_1;Q240259901_1_7;G;7200;0;0;8400;2400;2905
Q240259901_1;Q240259901_1_8;H;8400;0;0;9600;2400;2905
Q240259901_1;Q240259901_1_9;I;9600;0;0;10800;2400;2905
Q240259901_1;Q240259901_1_10;J;10800;0;0;12000;2400;2905
Q240259901_1;Q240259901_1_11;K;12000;0;0;13200;2400;2190
P240259907;P240259907_1;A;0;0;0;1010;1206;2270
P240259907;P240259907_2;B;0;1234;0;1010;2440;2170
P240259907;P240259907_3;C;1010;1234;0;2020;2440;1085
P209259901;P209259901_1;A;0;0;0;1200;2400;2905
P209259901;P209259901_2;B;1200;0;0;2400;2400;2905
P209259901;P209259901_3;C;2400;0;0;3600;2400;2905
P209259901;P209259901_4;D;3600;0;0;4800;2400;2905
P209259901;P209259901_5;E;4800;0;0;6000;2400;2905
P209259901;P209259901_6;F;6000;0;0;7200;2400;2905
P209259901;P209259901_7;G;7200;0;0;8400;2400;2905
P209259901;P209259901_8;H;8400;0;0;9600;2400;2905
P209259901;P209259901_9;I;9600;0;0;10800;2400;2905
P209259901;P209259901_10;J;10800;0;0;12000;2400;2905
P209259901;P209259901_11;K;12000;0;0;13200;2400;2905
P209259905;P209259905_1;A;0;0;0;1200;2400;2905
P209259905;P209259905_2;B;1200;0;0;2400;2400;2905
P209259905;P209259905_3;C;2400;0;0;3600;2400;2905
P209259905;P209259905_4;D;3600;0;0;4800;2400;2905
P209259905;P209259905_5;E;4800;0;0;6000;2400;2905
P209259905;P209259905_6;F;6000;0;0;7200;2400;2905
P209259905;P209259905_7;G;7200;0;0;8400;2400;2905
P209259905;P209259905_8;H;8400;0;0;9600;2400;2905
P209259905;P209259905_9;I;9600;0;0;10800;2400;2905
P209259905;P209259905_10;J;10800;0;0;12000;2400;2905
P209259905;P209259905_11;K;12000;0;0;13200;2400;2905
P209259903;P209259903_1;A;0;0;0;1200;2400;2905
P209259903;P209259903_2;B;1200;0;0;2400;2400;2905
P209259903;P209259903_3;C;2400;0;0;3600;2400;2905
P209259903;P209259903_4;D;3600;0;0;4800;2400;2905
P209259903;P209259903_5;E;4800;0;0;6000;2400;2905
P209259903;P209259903_6;F;6000;0;0;7200;2400;2905
P209259903;P209259903_7;G;7200;0;0;8400;2400;2905
P209259903;P209259903_8;H;8400;0;0;9600;2400;2905
P209259903;P209259903_9;I;9600;0;0;10800;2400;760
P209259903;P209259903_10;J;10800;1234;0;11810;2440;2170
P209259903;P209259903_11;K;10800;0;0;11810;1206;2170
P208259909;P208259909_1;A;0;0;0;1200;2400;2905
P208259909;P208259909_2;B;1200;0;0;2400;2400;2905
P208259909;P208259909_3;C;2400;0;0;3600;2400;2905
P208259909;P208259909_4;D;3600;0;0;4800;2400;2905
P208259909;P208259909_5;E;4800;0;0;6000;2400;2905
P208259909;P208259909_6;F;6000;0;0;7200;2400;2905
P208259909;P208259909_7;G;7200;0;0;8400;2400;2905
P208259909;P208259909_8;H;8400;0;0;9600;2400;2905
P208259909;P208259909_9;I;9600;0;0;10800;2400;2905
P208259909;P208259909_10;J;10800;1660;0;11370;2440;1771
P208259909;P208259909_11;K;10800;0;0;11370;780;1771
P208259909;P208259909_12;L;10800;780;0;11370;1560;1771
P208259909;P208259909_13;M;11370;0;0;11940;780;1771
P208259909;P208259909_14;N;11370;780;0;11940;1560;1771
P208259909;P208259909_15;O;11370;1660;0;11940;2440;1771
P208259909;P208259909_16;P;11940;1660;0;12510;2440;1771
P208259909;P208259909_17;Q;11940;0;0;12510;780;1771
P208259909;P208259909_18;R;11940;780;0;12510;1560;1771
P208259909;P208259909_19;S;12510;0;0;13080;780;1771
P208259909;P208259909_20;T;12510;780;0;13080;1560;1771
P208259909;P208259909_21;U;12510;1660;0;13080;2440;1771
P207259901;P207259901_1;A;0;0;0;1200;2400;2905
P207259901;P207259901_2;B;1200;0;0;2400;2400;2905
P207259901;P207259901_3;C;2400;0;0;3600;2400;2905
P207259901;P207259901_4;D;3600;0;0;4800;2400;2905
P207259901;P207259901_5;E;4800;0;0;6000;2400;2905
P207259901;P207259901_6;F;6000;0;0;7200;2400;2905
P207259901;P207259901_7;G;7200;0;0;8400;2400;2905
P207259901;P207259901_8;H;8400;0;0;9600;2400;2905
P207259901;P207259901_9;I;9600;0;0;10800;2400;2905
P207259901;P207259901_10;J;10800;0;0;12000;2400;2905
P207259901;P207259901_11;K;12000;0;0;13200;2400;2905
P207259905;P207259905_1;A;0;0;0;1200;2400;2905
P207259905;P207259905_2;B;1200;0;0;2400;2400;2905
P207259905;P207259905_3;C;2400;0;0;3600;2400;2905
P207259905;P207259905_4;D;3600;0;0;4800;2400;2905
P207259905;P207259905_5;E;4800;0;0;6000;2400;2905
P207259905;P207259905_6;F;6000;0;0;7200;2400;2905
P207259905;P207259905_7;G;7200;0;0;8400;2400;2905
P207259905;P207259905_8;H;8400;0;0;9600;2400;2905
P207259905;P207259905_9;I;9600;0;0;10800;2400;2905
P207259905;P207259905_10;J;10800;0;0;12000;2400;2905
P207259905;P207259905_11;K;12000;0;0;13200;2400;2905
P207259903;P207259903_1;A;0;0;0;1200;2400;2905
P207259903;P207259903_2;B;1200;0;0;2400;2400;2905
P207259903;P207259903_3;C;2400;0;0;3600;2400;2905
P207259903;P207259903_4;D;3600;0;0;4800;2400;2905
P207259903;P207259903_5;E;4800;0;0;6000;2400;2905
P207259903;P207259903_6;F;6000;0;0;7200;2400;2905
P207259903;P207259903_7;G;7200;0;0;8400;2400;2905
P207259903;P207259903_8;H;8400;0;0;9600;2400;2905
P207259903;P207259903_9;I;9600;0;0;10800;2400;2905
P207259903;P207259903_10;J;10800;0;0;12000;2400;2190
P207259903;P207259903_11;K;12000;0;0;13206;1010;2170
P207259903;P207259903_12;L;12000;1234;0;13010;2440;2270
P206259901;P206259901_1;A;0;0;0;1200;2400;2905
P206259901;P206259901_2;B;1200;0;0;2400;2400;2905
P206259901;P206259901_3;C;2400;0;0;3600;2400;2905
P206259901;P206259901_4;D;3600;0;0;4800;2400;2905
P206259901;P206259901_5;E;4800;0;0;6000;2400;2905
P206259901;P206259901_6;F;6000;0;0;7200;2400;2905
P206259901;P206259901_7;G;7200;0;0;8400;2400;2905
P206259901;P206259901_8;H;8400;0;0;9600;2400;2905
P206259901;P206259901_9;I;9600;0;0;10800;2400;2905
P206259901;P206259901_10;J;10800;0;0;12000;2400;2905
P206259901;P206259901_11;K;12000;0;0;13200;2400;2905
P206259905;P206259905_1;A;0;0;0;1200;2400;2905
P206259905;P206259905_2;B;1200;0;0;2400;2400;2905
P206259905;P206259905_3;C;2400;0;0;3600;2400;2905
P206259905;P206259905_4;D;3600;0;0;4800;2400;2905
P206259905;P206259905_5;E;4800;0;0;6000;2400;2905
P206259905;P206259905_6;F;6000;0;0;7200;2400;2905
P206259905;P206259905_7;G;7200;0;0;8400;2400;2905
P206259905;P206259905_8;H;8400;0;0;9600;2400;2905
P206259905;P206259905_9;I;9600;0;0;10800;2400;2905
P206259905;P206259905_10;J;10800;1234;0;11810;2440;2170
P206259905;P206259905_11;K;10800;0;0;11810;1206;2170
P206259905;P206259905_12;L;11810;0;0;13016;1010;2170
P206259905;P206259905_13;M;11810;1240;0;12610;2440;800
P205259901;P205259901_1;A;0;0;0;1200;2400;2905
P205259901;P205259901_2;B;1200;0;0;2400;2400;2905
P205259901;P205259901_3;C;2400;0;0;3600;2400;2905
P205259901;P205259901_4;D;3600;0;0;4800;2400;2905
P205259901;P205259901_5;E;4800;0;0;6000;2400;2905
P205259901;P205259901_6;F;6000;0;0;7200;2400;2905
P205259901;P205259901_7;G;7200;0;0;8400;2400;2905
P205259901;P205259901_8;H;8400;0;0;9600;2400;2905
P205259901;P205259901_9;I;9600;0;0;10800;2400;2905
P205259901;P205259901_10;J;10800;0;0;12000;2400;2905
P205259901;P205259901_11;K;12000;0;0;13200;2400;2905
P205259907;P205259907_1;A;0;40;0;1200;2440;2905
P205259907;P205259907_2;B;1200;0;0;2400;2400;2905
P205259907;P205259907_3;C;2400;40;0;3600;2440;2905
P205259907;P205259907_4;D;3600;0;0;4800;2400;2905
P205259907;P205259907_5;E;4800;40;0;6000;2440;2905
P205259907;P205259907_6;F;6000;0;0;7200;2400;2905
P205259907;P205259907_7;G;7200;40;0;8400;2440;2905
P205259907;P205259907_8;H;8400;0;0;9600;2400;2905
P205259907;P205259907_9;I;9600;40;0;10800;2440;2905
P205259907;P205259907_10;J;10800;0;0;11810;1206;2170
P205259907;P205259907_11;K;10800;1206;0;11810;2412;2170
P205259907;P205259907_12;L;11810;1430;0;13016;2440;2170
P205259907;P205259907_13;M;11810;0;0;12820;1206;2270
P202259901;P202259901_1;A;0;0;0;1200;2400;2905
P202259901;P202259901_2;B;1200;0;0;2400;2400;2905
P202259901;P202259901_3;C;2400;0;0;3600;2400;2905
P202259901;P202259901_4;D;3600;0;0;4800;2400;2905
P202259901;P202259901_5;E;4800;0;0;6000;2400;2905
P202259901;P202259901_6;F;6000;0;0;7200;2400;2905
P202259901;P202259901_7;G;7200;0;0;8400;2400;2905
P202259901;P202259901_8;H;8400;0;0;9600;2400;2905
P202259901;P202259901_9;I;9600;0;0;10800;2400;2905
P202259901;P202259901_10;J;10800;0;0;12000;2400;2905
P202259901;P202259901_11;K;12000;0;0;13200;2400;2905
P202259905;P202259905_1;A;0;0;0;1200;2400;2905
P202259905;P202259905_2;B;1200;0;0;2400;2400;2905
P202259905;P202259905_3;C;2400;0;0;3600;2400;2905
P202259905;P202259905_4;D;3600;0;0;4800;2400;2905
P202259905;P202259905_5;E;4800;0;0;6000;2400;2905
P202259905;P202259905_6;F;6000;0;0;7200;2400;2905
P202259905;P202259905_7;G;7200;0;0;8400;2400;2905
P202259905;P202259905_8;H;8400;0;0;9600;2400;2905
P202259905;P202259905_9;I;9600;0;0;10800;2400;2905
P202259905;P202259905_10;J;10800;0;0;12000;2400;2905
P202259905;P202259905_11;K;12000;0;0;13200;2400;2905
P202259903;P202259903_1;A;0;0;0;1200;2400;2905
P202259903;P202259903_2;B;1200;0;0;2400;2400;2905
P202259903;P202259903_3;C;2400;0;0;3600;2400;2905
P202259903;P202259903_4;D;3600;0;0;4800;2400;2905
P202259903;P202259903_5;E;4800;0;0;6000;2400;2905
P202259903;P202259903_6;F;6000;0;0;7200;2400;2905
P202259903;P202259903_7;G;7200;0;0;8400;2400;2905
P202259903;P202259903_8;H;8400;0;0;9600;2400;2905
P202259903;P202259903_9;I;9600;0;0;10800;2400;2905
P202259903;P202259903_10;J;10800;0;0;12000;2400;2905
P202259903;P202259903_11;K;12000;0;0;13200;2400;2190
P201259901;P201259901_1;A;0;0;0;1200;2400;2905
P201259901;P201259901_2;B;1200;0;0;2400;2400;2905
P201259901;P201259901_3;C;2400;0;0;3600;2400;2905
P201259901;P201259901_4;D;3600;0;0;4800;2400;2905
P201259901;P201259901_5;E;4800;0;0;6000;2400;2905
P201259901;P201259901_6;F;6000;0;0;7200;2400;2905
P201259901;P201259901_7;G;7200;0;0;8400;2400;2905
P201259901;P201259901_8;H;8400;0;0;9600;2400;2905
P201259901;P201259901_9;I;9600;0;0;10800;2400;2905
P201259901;P201259901_10;J;10800;0;0;12000;2400;2905
P201259901;P201259901_11;K;12000;0;0;13200;2400;2905
P201259909;P201259909_1;A;0;0;0;1200;2400;2905
P201259909;P201259909_2;B;1200;0;0;2400;2400;2905
P201259909;P201259909_3;C;2400;0;0;3600;2400;2905
P201259909;P201259909_4;D;3600;0;0;4800;2400;2905
P201259909;P201259909_5;E;4800;0;0;6000;2400;2905
P201259909;P201259909_6;F;6000;0;0;7200;2400;2905
P201259909;P201259909_7;G;7200;0;0;8400;2400;2905
P201259909;P201259909_8;H;8400;0;0;9600;2400;2190
P201259909;P201259909_9;I;9600;0;0;10170;780;1771
P201259909;P201259909_10;J;9600;780;0;10170;1560;1771
P201259909;P201259909_11;K;9600;1660;0;10170;2440;1771
P201259909;P201259909_12;L;10170;1660;0;10740;2440;1771
P201259909;P201259909_13;M;10170;0;0;10740;780;1771
P201259909;P201259909_14;N;10170;780;0;10740;1560;1771
P201259909;P201259909_15;O;10740;0;0;11310;780;1771
P201259909;P201259909_16;P;10740;780;0;11310;1560;1771
P201259909;P201259909_17;Q;10740;1660;0;11310;2440;1771
P201259909;P201259909_18;R;11310;1660;0;11880;2440;1771
P201259909;P201259909_19;S;11310;0;0;11880;780;1771
P201259909;P201259909_20;T;11310;780;0;11880;1560;1771
P201259909;P201259909_21;U;11880;0;0;12450;780;1771
P201259909;P201259909_22;V;11880;780;0;12450;1560;1771
P201259909;P201259909_23;W;11880;1660;0;12450;2440;1771
P201259909;P201259909_24;X;12450;1660;0;13020;2440;1771
P201259909;P201259909_25;Y;12450;0;0;13020;780;1771
P201259909;P201259909_26;Z;12450;780;0;13020;1560;1771
P200259901;P200259901_1;A;0;0;0;1200;2400;2905
P200259901;P200259901_2;B;1200;0;0;2400;2400;2905
P200259901;P200259901_3;C;2400;0;0;3600;2400;2905
P200259901;P200259901_4;D;3600;0;0;4800;2400;2905
P200259901;P200259901_5;E;4800;0;0;6000;2400;2905
P200259901;P200259901_6;F;6000;0;0;7200;2400;2905
P200259901;P200259901_7;G;7200;0;0;8400;2400;2905
P200259901;P200259901_8;H;8400;0;0;9600;2400;2905
P200259901;P200259901_9;I;9600;0;0;10800;2400;2905
P200259901;P200259901_10;J;10800;0;0;12000;2400;2905
P200259901;P200259901_11;K;12000;0;0;13200;2400;2905
P200259905;P200259905_1;A;0;0;0;1200;2400;2905
P200259905;P200259905_2;B;1200;0;0;2400;2400;2905
P200259905;P200259905_3;C;2400;0;0;3600;2400;2905
P200259905;P200259905_4;D;3600;0;0;4800;2400;2905
P200259905;P200259905_5;E;4800;0;0;6000;2400;2905
P200259905;P200259905_6;F;6000;0;0;7200;2400;2905
P200259905;P200259905_7;G;7200;0;0;8400;2400;2905
P200259905;P200259905_8;H;8400;0;0;9600;2400;2905
P200259905;P200259905_9;I;9600;0;0;10800;2400;2905
P200259905;P200259905_10;J;10800;0;0;12000;2400;2905
P200259905;P200259905_11;K;12000;0;0;13200;2400;2905
P200259903;P200259903_1;A;0;0;0;1200;2400;2905
P200259903;P200259903_2;B;1200;0;0;2400;2400;2905
P200259903;P200259903_3;C;2400;0;0;3600;2400;2905
P200259903;P200259903_4;D;3600;0;0;4800;2400;2905
P200259903;P200259903_5;E;4800;0;0;6000;2400;2905
P200259903;P200259903_6;F;6000;0;0;7200;2400;2905
P200259903;P200259903_7;G;7200;0;0;8400;2400;2905
P200259903;P200259903_8;H;8400;0;0;9600;2400;2190
P200259903;P200259903_9;I;9600;0;0;10610;1206;2170
P200259903;P200259903_10;J;9600;1234;0;10610;2440;2170
P200259903;P200259903_11;K;10610;1234;0;11620;2440;2270
P200259903;P200259903_12;L;10610;0;0;11620;1206;2170
P200259903;P200259903_13;M;11620;0;0;12826;1010;2170
P200259903;P200259903_14;N;11620;1234;0;12630;2440;1085
P200259903;P200259903_15;O;12630;1240;0;13430;2440;800
P199259901;P199259901_1;A;0;0;0;1200;2400;2905
P199259901;P199259901_2;B;1200;0;0;2400;2400;2905
P199259901;P199259901_3;C;2400;0;0;3600;2400;2905
P199259901;P199259901_4;D;3600;0;0;4800;2400;2905
P199259901;P199259901_5;E;4800;0;0;6000;2400;2905
P199259901;P199259901_6;F;6000;0;0;7200;2400;2905
P199259901;P199259901_7;G;7200;0;0;8400;2400;2905
P199259901;P199259901_8;H;8400;0;0;9600;2400;2905
P199259901;P199259901_9;I;9600;0;0;10800;2400;2905
P199259901;P199259901_10;J;10800;0;0;12000;2400;2905
P199259901;P199259901_11;K;12000;0;0;13200;2400;2905
P199259905;P199259905_1;A;0;0;0;1200;2400;2905
P199259905;P199259905_2;B;1200;0;0;2400;2400;2905
P199259905;P199259905_3;C;2400;0;0;3600;2400;2905
P199259905;P199259905_4;D;3600;0;0;4800;2400;2905
P199259905;P199259905_5;E;4800;0;0;6000;2400;2905
P199259905;P199259905_6;F;6000;0;0;7200;2400;2905
P199259905;P199259905_7;G;7200;0;0;8400;2400;2905
P199259905;P199259905_8;H;8400;0;0;9600;2400;2905
P199259905;P199259905_9;I;9600;0;0;10610;1206;2170
P199259905;P199259905_10;J;9600;1234;0;10610;2440;2170
P199259905;P199259905_11;K;10610;1234;0;11620;2440;2170
P198259901;P198259901_1;A;0;0;0;1200;2400;2905
P198259901;P198259901_2;B;1200;0;0;2400;2400;2905
P198259901;P198259901_3;C;2400;0;0;3600;2400;2905
P198259901;P198259901_4;D;3600;0;0;4800;2400;2905
P198259901;P198259901_5;E;4800;0;0;6000;2400;2905
P198259901;P198259901_6;F;6000;0;0;7200;2400;2905
P198259901;P198259901_7;G;7200;0;0;8400;2400;2905
P198259901;P198259901_8;H;8400;0;0;9600;2400;2905
P198259901;P198259901_9;I;9600;0;0;10800;2400;2905
P198259901;P198259901_10;J;10800;0;0;12000;2400;2905
P198259901;P198259901_11;K;12000;0;0;13200;2400;2905
P198259907;P198259907_1;A;0;0;0;1200;2400;2905
P198259907;P198259907_2;B;1200;0;0;2400;2400;2905
P198259907;P198259907_3;C;2400;0;0;3600;2400;2905
P198259907;P198259907_4;D;3600;0;0;4800;2400;2905
P198259907;P198259907_5;E;4800;0;0;6000;2400;2905
P198259907;P198259907_6;F;6000;0;0;7200;2400;2905
P198259907;P198259907_7;G;7200;0;0;8400;2400;2905
P198259907;P198259907_8;H;8400;0;0;9600;2400;2905
P198259907;P198259907_9;I;9600;0;0;10800;2400;2905
P198259907;P198259907_10;J;10800;0;0;12000;2400;2905
P198259907;P198259907_11;K;12000;0;0;13200;2400;1475
P194259901;P194259901_1;A;0;0;0;1200;2400;2905
P194259901;P194259901_2;B;1200;0;0;2400;2400;2905
P194259901;P194259901_3;C;2400;0;0;3600;2400;2905
P194259901;P194259901_4;D;3600;0;0;4800;2400;2905
P194259901;P194259901_5;E;4800;0;0;6000;2400;2905
P194259901;P194259901_6;F;6000;0;0;7200;2400;2905
P194259901;P194259901_7;G;7200;0;0;8400;2400;2905
P194259901;P194259901_8;H;8400;0;0;9600;2400;2905
P194259901;P194259901_9;I;9600;0;0;10800;2400;2905
P194259901;P194259901_10;J;10800;0;0;12000;2400;2905
P194259901;P194259901_11;K;12000;0;0;13200;2400;2905
P194259909;P194259909_1;A;0;0;0;1200;2400;2905
P194259909;P194259909_2;B;1200;0;0;2400;2400;2905
P194259909;P194259909_3;C;2400;0;0;3600;2400;2905
P194259909;P194259909_4;D;3600;0;0;4800;2400;2905
P194259909;P194259909_5;E;4800;0;0;6000;2400;2905
P194259909;P194259909_6;F;6000;0;0;7200;2400;2905
P194259909;P194259909_7;G;7200;0;0;8400;2400;2905
P194259909;P194259909_8;H;8400;1660;0;8970;2440;1771
P194259909;P194259909_9;I;8400;0;0;8970;780;1771
P194259909;P194259909_10;J;8400;780;0;8970;1560;1771
P194259909;P194259909_11;K;8970;0;0;9540;780;1771
P194259909;P194259909_12;L;8970;780;0;9540;1560;1771
P194259909;P194259909_13;M;8970;1660;0;9540;2440;1771
P194259909;P194259909_14;N;9540;1660;0;10110;2440;1771
P194259909;P194259909_15;O;9540;0;0;10110;780;1771
P194259909;P194259909_16;P;9540;780;0;10110;1560;1771
P194259909;P194259909_17;Q;10110;0;0;10680;780;1771
P194259909;P194259909_18;R;10110;780;0;10680;1560;1771
P194259909;P194259909_19;S;10110;1660;0;10680;2440;1771
P194259909;P194259909_20;T;10680;1660;0;11250;2440;1771
P194259909;P194259909_21;U;10680;0;0;11250;780;1771
P194259909;P194259909_22;V;10680;780;0;11250;1560;1771
P194259909;P194259909_23;W;11250;0;0;11820;780;1771
P194259909;P194259909_24;X;11250;780;0;11820;1560;1771
P194259909;P194259909_25;Y;11250;1660;0;11820;2440;1771
P194259909;P194259909_26;Z;11820;1660;0;12390;2440;1771
P194259909;P194259909_27;AA;11820;0;0;12390;780;1771
P194259909;P194259909_28;AB;11820;780;0;12390;1560;1771
P194259909;P194259909_29;AC;12390;0;0;12960;780;1771
P194259909;P194259909_30;AD;12390;780;0;12960;1560;1771
P194259909;P194259909_31;AE;12390;1660;0;12960;2440;1771
P193259901;P193259901_1;A;0;0;0;1200;2400;2905
P193259901;P193259901_2;B;1200;0;0;2400;2400;2905
P193259901;P193259901_3;C;2400;0;0;3600;2400;2905
P193259901;P193259901_4;D;3600;0;0;4800;2400;2905
P193259901;P193259901_5;E;4800;0;0;6000;2400;2905
P193259901;P193259901_6;F;6000;0;0;7200;2400;2905
P193259901;P193259901_7;G;7200;0;0;8400;2400;2905
P193259901;P193259901_8;H;8400;0;0;9600;2400;2905
P193259901;P193259901_9;I;9600;0;0;10800;2400;2905
P193259901;P193259901_10;J;10800;0;0;12000;2400;2905
P193259901;P193259901_11;K;12000;0;0;13200;2400;2905
P193259905;P193259905_1;A;0;0;0;1200;2400;2905
P193259905;P193259905_2;B;1200;0;0;2400;2400;2905
P193259905;P193259905_3;C;2400;0;0;3600;2400;2905
P193259905;P193259905_4;D;3600;0;0;4800;2400;2905
P193259905;P193259905_5;E;4800;0;0;6000;2400;2905
P193259905;P193259905_6;F;6000;0;0;7200;2400;2905
P193259905;P193259905_7;G;7200;0;0;8400;2400;2905
P193259905;P193259905_8;H;8400;0;0;9600;2400;2905
P193259905;P193259905_9;I;9600;0;0;10800;2400;2905
P193259905;P193259905_10;J;10800;0;0;12000;2400;2905
P193259905;P193259905_11;K;12000;0;0;13200;2400;2905
P193259903;P193259903_1;A;0;40;0;1200;2440;2905
P193259903;P193259903_2;B;1200;0;0;2400;2400;2905
P193259903;P193259903_3;C;2400;40;0;3600;2440;2905
P193259903;P193259903_4;D;3600;0;0;4800;2400;2905
P193259903;P193259903_5;E;4800;40;0;6000;2440;2905
P193259903;P193259903_6;F;6000;0;0;7200;2400;2905
P193259903;P193259903_7;G;7200;40;0;8400;2440;2905
P193259903;P193259903_8;H;8400;0;0;9600;2400;2905
P193259903;P193259903_9;I;9600;1234;0;10610;2440;2170
P193259903;P193259903_10;J;9600;0;0;10610;1206;2170
P193259903;P193259903_11;K;10610;0;0;11620;1206;2270
P193259903;P193259903_12;L;10610;1206;0;11410;2406;800
P193259903;P193259903_13;M;11410;1234;0;12420;2440;2170
P193259903;P193259903_14;N;11620;28;0;12630;1234;2170
P193259903;P193259903_15;O;12420;1234;0;13430;2440;2270
P192259901;P192259901_1;A;0;0;0;1200;2400;2905
P192259901;P192259901_2;B;1200;0;0;2400;2400;2905
P192259901;P192259901_3;C;2400;0;0;3600;2400;2905
P192259901;P192259901_4;D;3600;0;0;4800;2400;2905
P192259901;P192259901_5;E;4800;0;0;6000;2400;2905
P192259901;P192259901_6;F;6000;0;0;7200;2400;2905
P192259901;P192259901_7;G;7200;0;0;8400;2400;2905
P192259901;P192259901_8;H;8400;0;0;9600;2400;2905
P192259901;P192259901_9;I;9600;0;0;10800;2400;2905
P192259901;P192259901_10;J;10800;0;0;12000;2400;2905
P192259901;P192259901_11;K;12000;0;0;13200;2400;2905
P192259905;P192259905_1;A;0;0;0;1200;2400;2905
P192259905;P192259905_2;B;1200;0;0;2400;2400;2905
P192259905;P192259905_3;C;2400;0;0;3600;2400;2905
P192259905;P192259905_4;D;3600;0;0;4800;2400;2905
P192259905;P192259905_5;E;4800;0;0;6000;2400;2905
P192259905;P192259905_6;F;6000;0;0;7200;2400;2905
P192259905;P192259905_7;G;7200;0;0;8400;2400;2905
P192259905;P192259905_8;H;8400;0;0;9600;2400;2905
P192259905;P192259905_9;I;9600;0;0;10800;2400;2190
P192259905;P192259905_10;J;10800;1240;0;11600;2440;400
P192259905;P192259905_11;K;10800;0;0;11810;1206;2170
P192259905;P192259905_12;L;11600;1234;0;12610;2440;2170
P191259901;P191259901_1;A;0;0;0;1200;2400;2905
P191259901;P191259901_2;B;1200;0;0;2400;2400;2905
P191259901;P191259901_3;C;2400;0;0;3600;2400;2905
P191259901;P191259901_4;D;3600;0;0;4800;2400;2905
P191259901;P191259901_5;E;4800;0;0;6000;2400;2905
P191259901;P191259901_6;F;6000;0;0;7200;2400;2905
P191259901;P191259901_7;G;7200;0;0;8400;2400;2905
P191259901;P191259901_8;H;8400;0;0;9600;2400;2905
P191259901;P191259901_9;I;9600;0;0;10800;2400;2905
P191259901;P191259901_10;J;10800;0;0;12000;2400;2905
P191259901;P191259901_11;K;12000;0;0;13200;2400;2905
P191259907;P191259907_1;A;0;0;0;1200;2400;2905
P191259907;P191259907_2;B;1200;0;0;2400;2400;2905
P191259907;P191259907_3;C;2400;0;0;3600;2400;2905
P191259907;P191259907_4;D;3600;0;0;4800;2400;2905
P191259907;P191259907_5;E;4800;0;0;6000;2400;2905
P191259907;P191259907_6;F;6000;0;0;7200;2400;2905
P191259907;P191259907_7;G;7200;0;0;8400;2400;2905
P191259907;P191259907_8;H;8400;0;0;9600;2400;2905
P191259907;P191259907_9;I;9600;0;0;10800;2400;2905
P191259907;P191259907_10;J;10800;0;0;12000;2400;2905
P191259907;P191259907_11;K;12000;0;0;13200;2400;2905
Q191259907_1;Q191259907_1_1;A;0;0;0;1200;2400;2905
Q191259907_1;Q191259907_1_2;B;1200;0;0;2400;2400;2905
Q191259907_1;Q191259907_1_3;C;2400;0;0;3600;2400;2905
Q191259907_1;Q191259907_1_4;D;3600;0;0;4800;2400;2905
Q191259907_1;Q191259907_1_5;E;4800;0;0;6000;2400;2905
Q191259907_1;Q191259907_1_6;F;6000;0;0;7200;2400;2905
Q191259907_1;Q191259907_1_7;G;7200;0;0;8400;2400;2905
Q191259907_1;Q191259907_1_8;H;8400;0;0;9600;2400;2905
Q191259907_1;Q191259907_1_9;I;9600;0;0;10800;2400;2905
Q191259907_1;Q191259907_1_10;J;10800;0;0;12000;2400;2905
Q191259907_1;Q191259907_1_11;K;12000;0;0;13200;2400;2905
P188259901;P188259901_1;A;0;0;0;1200;2400;2905
P188259901;P188259901_2;B;1200;40;0;2400;2440;2905
P188259901;P188259901_3;C;2400;0;0;3600;2400;2905
P188259901;P188259901_4;D;3600;0;0;4800;2400;2905
P188259901;P188259901_5;E;4800;0;0;6000;2400;2905
P188259901;P188259901_6;F;6000;0;0;7200;2400;2905
P188259901;P188259901_7;G;7200;0;0;8400;2400;2905
P188259901;P188259901_8;H;8400;0;0;9600;2400;2905
P188259901;P188259901_9;I;9600;0;0;10800;2400;2905
P188259901;P188259901_10;J;10800;0;0;12000;2400;2905
P188259901;P188259901_11;K;12000;0;0;13200;2400;760
P188259905;P188259905_1;A;0;0;0;1200;2400;2905
P188259905;P188259905_2;B;1200;0;0;2400;2400;2905
P188259905;P188259905_3;C;2400;0;0;3600;2400;2905
P188259905;P188259905_4;D;3600;0;0;4800;2400;2905
P188259905;P188259905_5;E;4800;0;0;6000;2400;2905
P188259905;P188259905_6;F;6000;0;0;7200;2400;2905
P188259905;P188259905_7;G;7200;0;0;8400;2400;2905
P188259905;P188259905_8;H;8400;0;0;9600;2400;2905
P188259905;P188259905_9;I;9600;0;0;10800;2400;2905
P188259905;P188259905_10;J;10800;0;0;12000;2400;2905
P188259905;P188259905_11;K;12000;0;0;13200;2400;2905
P188259903;P188259903_1;A;0;0;0;1200;2400;2905
P188259903;P188259903_2;B;1200;0;0;2400;2400;2905
P188259903;P188259903_3;C;2400;0;0;3600;2400;2905
P188259903;P188259903_4;D;3600;0;0;4800;2400;2905
P188259903;P188259903_5;E;4800;0;0;6000;2400;2905
P188259903;P188259903_6;F;6000;0;0;7200;2400;2905
P188259903;P188259903_7;G;7200;0;0;8400;2400;2905
P188259903;P188259903_8;H;8400;0;0;9600;2400;2905
P188259903;P188259903_9;I;9600;0;0;10610;1206;2170
P188259903;P188259903_10;J;9600;1234;0;10610;2440;2170
P188259903;P188259903_11;K;10610;1234;0;11620;2440;2170
P188259903;P188259903_12;L;10610;0;0;11620;1206;2270
P188259903;P188259903_13;M;11620;0;0;12420;1200;800
P188259903;P188259903_14;N;11620;1234;0;12630;2440;1085
P187259901;P187259901_1;A;0;0;0;1200;2400;2905
P187259901;P187259901_2;B;1200;0;0;2400;2400;2905
P187259901;P187259901_3;C;2400;0;0;3600;2400;2905
P187259901;P187259901_4;D;3600;0;0;4800;2400;2905
P187259901;P187259901_5;E;4800;0;0;6000;2400;2905
P187259901;P187259901_6;F;6000;0;0;7200;2400;2905
P187259901;P187259901_7;G;7200;0;0;8400;2400;2905
P187259901;P187259901_8;H;8400;0;0;9600;2400;2905
P187259901;P187259901_9;I;9600;0;0;10800;2400;2905
P187259901;P187259901_10;J;10800;0;0;12000;2400;2905
P187259901;P187259901_11;K;12000;0;0;13200;2400;1475
P187259909;P187259909_1;A;0;0;0;1200;2400;2905
P187259909;P187259909_2;B;1200;0;0;2400;2400;2905
P187259909;P187259909_3;C;2400;0;0;3600;2400;2905
P187259909;P187259909_4;D;3600;0;0;4800;2400;1475
P187259909;P187259909_5;E;4800;0;0;5370;780;1771
P187259909;P187259909_6;F;4800;780;0;5370;1560;1771
P187259909;P187259909_7;G;4800;1660;0;5370;2440;1771
P187259909;P187259909_8;H;5370;1660;0;5940;2440;1771
P187259909;P187259909_9;I;5370;0;0;5940;780;1771
P187259909;P187259909_10;J;5370;780;0;5940;1560;1771
P187259909;P187259909_11;K;5940;0;0;6510;780;1771
P187259909;P187259909_12;L;5940;780;0;6510;1560;1771
P187259909;P187259909_13;M;5940;1660;0;6510;2440;1771
P187259909;P187259909_14;N;6510;1660;0;7080;2440;1771
P187259909;P187259909_15;O;6510;0;0;7080;780;1771
P187259909;P187259909_16;P;6510;780;0;7080;1560;1771
P187259909;P187259909_17;Q;7080;0;0;7650;780;1771
P187259909;P187259909_18;R;7080;780;0;7650;1560;1771
P187259909;P187259909_19;S;7080;1660;0;7650;2440;1771
P187259909;P187259909_20;T;7650;1660;0;8220;2440;1771
P187259909;P187259909_21;U;7650;0;0;8220;780;1771
P187259909;P187259909_22;V;7650;780;0;8220;1560;1771
P187259909;P187259909_23;W;8220;0;0;8790;780;1771
P187259909;P187259909_24;X;8220;780;0;8790;1560;1771
P187259909;P187259909_25;Y;8220;1660;0;8790;2440;1771
P187259909;P187259909_26;Z;8790;1660;0;9360;2440;1771
P187259909;P187259909_27;AA;8790;0;0;9360;780;1771
P187259909;P187259909_28;AB;8790;780;0;9360;1560;1771
P187259909;P187259909_29;AC;9360;0;0;9930;780;1771
P187259909;P187259909_30;AD;9360;780;0;9930;1560;1771
P187259909;P187259909_31;AE;9360;1660;0;9930;2440;1771
P187259909;P187259909_32;AF;9930;1660;0;10500;2440;1771
P187259909;P187259909_33;AG;9930;0;0;10500;780;1771
P187259909;P187259909_34;AH;9930;780;0;10500;1560;1771
P187259909;P187259909_35;AI;10500;0;0;11070;780;1771
P187259909;P187259909_36;AJ;10500;780;0;11070;1560;1771
P187259909;P187259909_37;AK;10500;1660;0;11070;2440;1771
P187259909;P187259909_38;AL;11070;1660;0;11640;2440;1771
P187259909;P187259909_39;AM;11070;0;0;11640;780;1771
P187259909;P187259909_40;AN;11070;780;0;11640;1560;1771
P187259909;P187259909_41;AO;11640;0;0;12210;780;1771
P187259909;P187259909_42;AP;11640;780;0;12210;1560;1771
P187259909;P187259909_43;AQ;11640;1660;0;12210;2440;1771
P187259909;P187259909_44;AR;12210;1660;0;12780;2440;1771
P187259909;P187259909_45;AS;12210;0;0;12780;780;478
P186259901;P186259901_1;A;0;0;0;1200;2400;2905
P186259901;P186259901_2;B;1200;0;0;2400;2400;2905
P186259901;P186259901_3;C;2400;0;0;3600;2400;2905
P186259901;P186259901_4;D;3600;0;0;4800;2400;2905
P186259901;P186259901_5;E;4800;0;0;6000;2400;2905
P186259901;P186259901_6;F;6000;0;0;7200;2400;2905
P186259901;P186259901_7;G;7200;0;0;8400;2400;2905
P186259901;P186259901_8;H;8400;0;0;9600;2400;2905
P186259901;P186259901_9;I;9600;0;0;10800;2400;2905
P186259901;P186259901_10;J;10800;0;0;12000;2400;2905
P186259901;P186259901_11;K;12000;0;0;13200;2400;2905
P186259905;P186259905_1;A;0;0;0;1200;2400;2905
P186259905;P186259905_2;B;1200;0;0;2400;2400;2905
P186259905;P186259905_3;C;2400;0;0;3600;2400;2905
P186259905;P186259905_4;D;3600;0;0;4800;2400;2905
P186259905;P186259905_5;E;4800;0;0;6000;2400;2905
P186259905;P186259905_6;F;6000;0;0;7200;2400;2905
P186259905;P186259905_7;G;7200;0;0;8400;2400;2905
P186259905;P186259905_8;H;8400;0;0;9600;2400;2905
P186259905;P186259905_9;I;9600;0;0;10800;2400;1475
P186259905;P186259905_10;J;10800;1234;0;11810;2440;2170
P186259905;P186259905_11;K;10800;0;0;11810;1206;1085
P186259905;P186259905_12;L;11810;0;0;12610;1200;400
P186259903;P186259903_1;A;0;0;0;1200;2400;2905
P186259903;P186259903_2;B;1200;0;0;2400;2400;2905
P186259903;P186259903_3;C;2400;0;0;3600;2400;2905
P186259903;P186259903_4;D;3600;0;0;4800;2400;2905
P186259903;P186259903_5;E;4800;0;0;6000;2400;2905
P186259903;P186259903_6;F;6000;0;0;7200;2400;2905
P186259903;P186259903_7;G;7200;0;0;8400;2400;2905
P186259903;P186259903_8;H;8400;0;0;9600;2400;2905
P186259903;P186259903_9;I;9600;0;0;10800;2400;2905
P186259903;P186259903_10;J;10800;0;0;12000;2400;2905
P186259903;P186259903_11;K;12000;1430;0;13206;2440;2270
P186259903;P186259903_12;L;12000;0;0;13010;1206;2170
P185259901;P185259901_1;A;0;0;0;1200;2400;2905
P185259901;P185259901_2;B;1200;0;0;2400;2400;2905
P185259901;P185259901_3;C;2400;0;0;3600;2400;2905
P185259901;P185259901_4;D;3600;0;0;4800;2400;2905
P185259901;P185259901_5;E;4800;0;0;6000;2400;2905
P185259901;P185259901_6;F;6000;0;0;7200;2400;2905
P185259901;P185259901_7;G;7200;0;0;8400;2400;2905
P185259901;P185259901_8;H;8400;0;0;9600;2400;2905
P185259901;P185259901_9;I;9600;0;0;10800;2400;2905
P185259901;P185259901_10;J;10800;0;0;12000;2400;2905
P185259901;P185259901_11;K;12000;0;0;13200;2400;2905
P185259905;P185259905_1;A;0;0;0;1200;2400;2905
P185259905;P185259905_2;B;1200;40;0;2400;2440;2905
P185259905;P185259905_3;C;2400;0;0;3600;2400;2905
P185259905;P185259905_4;D;3600;0;0;4800;2400;2905
P185259905;P185259905_5;E;4800;0;0;6000;2400;2905
P185259905;P185259905_6;F;6000;0;0;7200;2400;2905
P185259905;P185259905_7;G;7200;0;0;8400;2400;2905
P185259905;P185259905_8;H;8400;0;0;9600;2400;2905
P185259905;P185259905_9;I;9600;0;0;10800;2400;2905
P185259905;P185259905_10;J;10800;0;0;12000;2400;2190
P185259905;P185259905_11;K;12000;0;0;13206;1010;2170
P184259901;P184259901_1;A;0;0;0;1200;2400;2190
P184259901;P184259901_2;B;1200;0;0;2400;2400;2905
P184259901;P184259901_3;C;2400;0;0;3600;2400;2905
P184259901;P184259901_4;D;3600;0;0;4800;2400;2905
P184259901;P184259901_5;E;4800;0;0;6000;2400;2905
P184259901;P184259901_6;F;6000;0;0;7200;2400;2905
P184259901;P184259901_7;G;7200;0;0;8400;2400;2905
P184259901;P184259901_8;H;8400;0;0;9600;2400;2905
P184259901;P184259901_9;I;9600;0;0;10800;2400;2905
P184259901;P184259901_10;J;10800;0;0;12000;2400;2190
P184259901;P184259901_11;K;12000;0;0;13200;2400;1475
P240066107;P240066107_1;A;0;0;0;1650;1200;2655
P240066107;P240066107_2;B;0;1240;0;1650;2440;2655
P240066107;P240066107_3;C;1650;1240;0;3300;2440;2655
P240066107;P240066107_4;D;1650;0;0;3300;1200;2655
P240066107;P240066107_5;E;3300;0;0;4950;1200;2655
P240066107;P240066107_6;F;3300;1240;0;4950;2440;2655
P240066107;P240066107_7;G;4950;1240;0;6600;2440;2655
P240066107;P240066107_8;H;4950;0;0;6600;1200;2655
P240066107;P240066107_9;I;6600;0;0;8250;1200;2655
P240066107;P240066107_10;J;6600;1240;0;8250;2440;2655
P240066107;P240066107_11;K;8250;1240;0;9900;2440;2655
P240066107;P240066107_12;L;8250;0;0;9900;1200;2655
P240066107;P240066107_13;M;9900;0;0;11550;1200;2655
P240066107;P240066107_14;N;9900;1240;0;11550;2440;2655
P240066107;P240066107_15;O;11550;1240;0;13200;2440;2655
P240066107;P240066107_16;P;11550;0;0;13200;1200;2655
Q240066107_1;Q240066107_1_1;A;0;0;0;1650;1200;2655
Q240066107_1;Q240066107_1_2;B;0;1240;0;1650;2440;2655
Q240066107_1;Q240066107_1_3;C;1650;1240;0;3300;2440;2655
Q240066107_1;Q240066107_1_4;D;1650;0;0;3300;1200;2655
Q240066107_1;Q240066107_1_5;E;3300;0;0;4950;1200;2655
Q240066107_1;Q240066107_1_6;F;3300;1240;0;4950;2440;2655
Q240066107_1;Q240066107_1_7;G;4950;1240;0;6600;2440;2655
Q240066107_1;Q240066107_1_8;H;4950;0;0;6600;1200;2655
Q240066107_1;Q240066107_1_9;I;6600;0;0;8250;1200;2655
Q240066107_1;Q240066107_1_10;J;6600;1240;0;8250;2440;2655
Q240066107_1;Q240066107_1_11;K;8250;1240;0;9900;2440;2655
Q240066107_1;Q240066107_1_12;L;8250;0;0;9900;1200;2655
Q240066107_1;Q240066107_1_13;M;9900;0;0;11550;1200;2655
Q240066107_1;Q240066107_1_14;N;9900;1240;0;11550;2440;2655
Q240066107_1;Q240066107_1_15;O;11550;1240;0;13200;2440;2655
Q240066107_1;Q240066107_1_16;P;11550;0;0;13200;1200;2655
Q240066107_2;Q240066107_2_1;A;0;0;0;1650;1200;2655
Q240066107_2;Q240066107_2_2;B;0;1240;0;1650;2440;2655
Q240066107_2;Q240066107_2_3;C;1650;1240;0;3300;2440;2655
Q240066107_2;Q240066107_2_4;D;1650;0;0;3300;1200;2655
Q240066107_2;Q240066107_2_5;E;3300;0;0;4950;1200;2655
Q240066107_2;Q240066107_2_6;F;3300;1240;0;4950;2440;2655
Q240066107_2;Q240066107_2_7;G;4950;1240;0;6600;2440;2655
Q240066107_2;Q240066107_2_8;H;4950;0;0;6600;1200;2655
Q240066107_2;Q240066107_2_9;I;6600;0;0;8250;1200;2655
Q240066107_2;Q240066107_2_10;J;6600;1240;0;8250;2440;2655
Q240066107_2;Q240066107_2_11;K;8250;1240;0;9900;2440;2655
Q240066107_2;Q240066107_2_12;L;8250;0;0;9900;1200;2655
Q240066107_2;Q240066107_2_13;M;9900;0;0;11550;1200;2655
Q240066107_2;Q240066107_2_14;N;9900;1240;0;11550;2440;2655
Q240066107_2;Q240066107_2_15;O;11550;1240;0;13200;2440;2655
P210066101;P210066101_1;A;0;0;0;1650;1200;2655
P210066101;P210066101_2;B;0;1240;0;1650;2440;2655
P210066101;P210066101_3;C;1650;1240;0;3300;2440;2655
P210066101;P210066101_4;D;1650;0;0;3300;1200;2655
P210066101;P210066101_5;E;3300;0;0;4950;1200;2655
P210066101;P210066101_6;F;3300;1240;0;4950;2440;2655
P210066101;P210066101_7;G;4950;1240;0;6600;2440;2655
P210066101;P210066101_8;H;4950;0;0;6600;1200;2655
P210066101;P210066101_9;I;6600;0;0;8250;1200;2655
P210066101;P210066101_10;J;6600;1240;0;8250;2440;2655
P210066101;P210066101_11;K;8250;1240;0;9900;2440;2655
P210066101;P210066101_12;L;8250;0;0;9900;1200;2655
P210066101;P210066101_13;M;9900;0;0;11550;1200;2655
P210066101;P210066101_14;N;9900;1240;0;11550;2440;2655
P210066101;P210066101_15;O;11550;1240;0;13200;2440;2655
P210066101;P210066101_16;P;11550;0;0;13200;1200;2655
P209066109;P209066109_1;A;0;0;0;1650;1200;2655
P209066109;P209066109_2;B;0;1240;0;1650;2440;2655
P209066109;P209066109_3;C;1650;1240;0;3300;2440;2655
P209066109;P209066109_4;D;1650;0;0;3300;1200;2655
P209066109;P209066109_5;E;3300;0;0;4950;1200;2655
P209066109;P209066109_6;F;3300;1240;0;4950;2440;2655
P209066109;P209066109_7;G;4950;1240;0;6600;2440;2655
P209066109;P209066109_8;H;4950;0;0;6600;1200;2655
P209066109;P209066109_9;I;6600;0;0;8250;1200;2655
P209066109;P209066109_10;J;6600;1240;0;8250;2440;2655
P209066109;P209066109_11;K;8250;1240;0;9900;2440;2655
P209066109;P209066109_12;L;8250;0;0;9900;1200;2655
P209066109;P209066109_13;M;9900;0;0;11550;1200;2655
P209066109;P209066109_14;N;9900;1240;0;11550;2440;2655
P209066109;P209066109_15;O;11550;1240;0;13200;2440;2655
P209066109;P209066109_16;P;11550;0;0;13200;1200;2655
P209066107;P209066107_1;A;0;0;0;1650;1200;2655
P209066107;P209066107_2;B;0;1240;0;1650;2440;2655
P209066107;P209066107_3;C;1650;1240;0;3300;2440;2655
P209066107;P209066107_4;D;1650;0;0;3300;1200;2655
P209066107;P209066107_5;E;3300;0;0;4950;1200;2655
P209066107;P209066107_6;F;3300;1240;0;4950;2440;2655
P209066107;P209066107_7;G;4950;1240;0;6600;2440;2655
P209066107;P209066107_8;H;4950;0;0;6600;1200;2655
P209066107;P209066107_9;I;6600;0;0;8250;1200;2655
P209066107;P209066107_10;J;6600;1240;0;8250;2440;2655
P209066107;P209066107_11;K;8250;1240;0;9900;2440;2655
P209066107;P209066107_12;L;8250;0;0;9900;1200;2655
P209066107;P209066107_13;M;9900;0;0;11550;1200;2655
P209066107;P209066107_14;N;9900;1240;0;11550;2440;2655
P209066107;P209066107_15;O;11550;1240;0;13200;2440;2655
P209066107;P209066107_16;P;11550;0;0;13200;1200;2655
P209066105;P209066105_1;A;0;0;0;1650;1200;2655
P209066105;P209066105_2;B;0;1240;0;1650;2440;2655
P209066105;P209066105_3;C;1650;1240;0;3300;2440;2655
P209066105;P209066105_4;D;1650;0;0;3300;1200;2655
P209066105;P209066105_5;E;3300;0;0;4950;1200;2655
P209066105;P209066105_6;F;3300;1240;0;4950;2440;2655
P209066105;P209066105_7;G;4950;1240;0;6600;2440;2655
P209066105;P209066105_8;H;4950;0;0;6600;1200;2655
P209066105;P209066105_9;I;6600;0;0;8250;1200;2655
P209066105;P209066105_10;J;6600;1240;0;8250;2440;2655
P209066105;P209066105_11;K;8250;1240;0;9900;2440;2655
P209066105;P209066105_12;L;8250;0;0;9900;1200;2655
P209066105;P209066105_13;M;9900;0;0;11550;1200;2655
P209066105;P209066105_14;N;9900;1240;0;11550;2440;2655
P209066105;P209066105_15;O;11550;1240;0;13200;2440;2655
P209066105;P209066105_16;P;11550;0;0;13200;1200;2655
P209066103;P209066103_1;A;0;0;0;1010;1206;2370
P209066103;P209066103_2;B;0;1234;0;1010;2440;1185
P209066103;P209066103_3;C;1010;1240;0;2010;2440;705
P209066103;P209066103_4;D;1010;0;0;2660;1200;2655
P209066103;P209066103_5;E;2010;1240;0;3660;2440;2655
P209066103;P209066103_6;F;2660;0;0;4310;1200;2655
P209066103;P209066103_7;G;3660;1240;0;5310;2440;2655
P209066103;P209066103_8;H;4310;0;0;5960;1200;2655
P209066103;P209066103_9;I;5310;1240;0;6960;2440;2655
P209066103;P209066103_10;J;5960;0;0;7610;1200;2655
P209066103;P209066103_11;K;6960;1240;0;8610;2440;2655
P209066103;P209066103_12;L;7610;0;0;9260;1200;2655
P209066103;P209066103_13;M;8610;1240;0;10260;2440;2655
P209066103;P209066103_14;N;9260;0;0;10910;1200;2655
P209066103;P209066103_15;O;10260;1240;0;11910;2440;2655
P209066103;P209066103_16;P;10910;0;0;12560;1200;2655
P208066111;P208066111_1;A;0;0;0;1650;1200;2655
P208066111;P208066111_2;B;0;1240;0;1650;2440;2655
P208066111;P208066111_3;C;1650;1240;0;3300;2440;2655
P208066111;P208066111_4;D;1650;0;0;3300;1200;2655
P208066111;P208066111_5;E;3300;0;0;4950;1200;2655
P208066111;P208066111_6;F;3300;1240;0;4950;2440;2655
P208066111;P208066111_7;G;4950;1240;0;6600;2440;2655
P208066111;P208066111_8;H;4950;0;0;6600;1200;2655
P208066111;P208066111_9;I;6600;0;0;8250;1200;2655
P208066111;P208066111_10;J;6600;1240;0;8250;2440;2655
P208066111;P208066111_11;K;8250;1240;0;9900;2440;2655
P208066111;P208066111_12;L;8250;0;0;9900;1200;2655
P208066111;P208066111_13;M;9900;0;0;11550;1200;2655
P208066111;P208066111_14;N;9900;1240;0;11550;2440;2655
P208066111;P208066111_15;O;11550;1240;0;13200;2440;2655
P208066111;P208066111_16;P;11550;0;0;13200;1200;2655
P208066109;P208066109_1;A;0;0;0;1650;1200;2655
P208066109;P208066109_2;B;0;1240;0;1650;2440;2655
P208066109;P208066109_3;C;1650;1240;0;3300;2440;2655
P208066109;P208066109_4;D;1650;0;0;3300;1200;2655
P208066109;P208066109_5;E;3300;0;0;4950;1200;2655
P208066109;P208066109_6;F;3300;1240;0;4950;2440;2655
P208066109;P208066109_7;G;4950;1240;0;6600;2440;2655
P208066109;P208066109_8;H;4950;0;0;6600;1200;2655
P208066109;P208066109_9;I;6600;0;0;8250;1200;2655
P208066109;P208066109_10;J;6600;1240;0;8250;2440;2655
P208066109;P208066109_11;K;8250;1240;0;9900;2440;2655
P208066109;P208066109_12;L;8250;0;0;9900;1200;2655
P208066109;P208066109_13;M;9900;0;0;11550;1200;2655
P208066109;P208066109_14;N;9900;1240;0;11550;2440;2655
P208066109;P208066109_15;O;11550;1240;0;13200;2440;2655
P208066109;P208066109_16;P;11550;0;0;13200;1200;2655
P208066107;P208066107_1;A;0;0;0;1650;1200;2655
P208066107;P208066107_2;B;0;1240;0;1650;2440;2655
P208066107;P208066107_3;C;1650;1240;0;3300;2440;2655
P208066107;P208066107_4;D;1650;0;0;3300;1200;2655
P208066107;P208066107_5;E;3300;0;0;4950;1200;2655
P208066107;P208066107_6;F;3300;1240;0;4950;2440;2655
P208066107;P208066107_7;G;4950;1240;0;6600;2440;2655
P208066107;P208066107_8;H;4950;0;0;6600;1200;2655
P208066107;P208066107_9;I;6600;0;0;8250;1200;2655
P208066107;P208066107_10;J;6600;1240;0;8250;2440;2655
P208066107;P208066107_11;K;8250;1240;0;9900;2440;2655
P208066107;P208066107_12;L;8250;0;0;9900;1200;2655
P208066107;P208066107_13;M;9900;0;0;11550;1200;2655
P208066107;P208066107_14;N;9900;1240;0;11550;2440;2655
P208066107;P208066107_15;O;11550;1240;0;13200;2440;2655
P208066107;P208066107_16;P;11550;0;0;13200;1200;2655
P208066105;P208066105_1;A;0;0;0;1650;1200;2655
P208066105;P208066105_2;B;0;1240;0;1650;2440;2655
P208066105;P208066105_3;C;1650;1240;0;3300;2440;2655
P208066105;P208066105_4;D;1650;0;0;3300;1200;2655
P208066105;P208066105_5;E;3300;0;0;4950;1200;2655
P208066105;P208066105_6;F;3300;1240;0;4950;2440;2655
P208066105;P208066105_7;G;4950;1240;0;6600;2440;2655
P208066105;P208066105_8;H;4950;0;0;6600;1200;2655
P208066105;P208066105_9;I;6600;0;0;8250;1200;2655
P208066105;P208066105_10;J;6600;1240;0;8250;2440;2655
P208066105;P208066105_11;K;8250;1240;0;9900;2440;2655
P208066105;P208066105_12;L;8250;0;0;9900;1200;2655
P208066105;P208066105_13;M;9900;0;0;11550;1200;2655
P208066105;P208066105_14;N;9900;1240;0;11550;2440;2655
P208066105;P208066105_15;O;11550;1240;0;13200;2440;2655
P208066105;P208066105_16;P;11550;0;0;13200;1200;2655
P208066101;P208066101_1;A;0;0;0;1650;1200;2655
P208066101;P208066101_2;B;0;1240;0;1650;2440;2655
P208066101;P208066101_3;C;1650;1240;0;3300;2440;2655
P208066101;P208066101_4;D;1650;0;0;3300;1200;2655
P208066101;P208066101_5;E;3300;0;0;4950;1200;2655
P208066101;P208066101_6;F;3300;1240;0;4950;2440;2655
P208066101;P208066101_7;G;4950;1240;0;6600;2440;2655
P208066101;P208066101_8;H;4950;0;0;6600;1200;2655
P208066101;P208066101_9;I;6600;0;0;8250;1200;2655
P208066101;P208066101_10;J;6600;1240;0;8250;2440;2655
P208066101;P208066101_11;K;8250;1240;0;9900;2440;2655
P208066101;P208066101_12;L;8250;0;0;9900;1200;2655
P208066101;P208066101_13;M;9900;0;0;11550;1200;2655
P208066101;P208066101_14;N;9900;1240;0;11550;2440;2655
P208066101;P208066101_15;O;11550;1240;0;13200;2440;2655
P208066101;P208066101_16;P;11550;0;0;13200;1200;2655
P207066109;P207066109_1;A;0;0;0;1650;1200;2655
P207066109;P207066109_2;B;0;1240;0;1650;2440;2655
P207066109;P207066109_3;C;1650;1240;0;3300;2440;2655
P207066109;P207066109_4;D;1650;0;0;3300;1200;2655
P207066109;P207066109_5;E;3300;0;0;4950;1200;2655
P207066109;P207066109_6;F;3300;1240;0;4950;2440;2655
P207066109;P207066109_7;G;4950;1240;0;6600;2440;2655
P207066109;P207066109_8;H;4950;0;0;6600;1200;2655
P207066109;P207066109_9;I;6600;0;0;8250;1200;2655
P207066109;P207066109_10;J;6600;1240;0;8250;2440;2655
P207066109;P207066109_11;K;8250;1240;0;9900;2440;2655
P207066109;P207066109_12;L;8250;0;0;9900;1200;2655
P207066109;P207066109_13;M;9900;0;0;11550;1200;2655
P207066109;P207066109_14;N;9900;1240;0;11550;2440;2655
P207066109;P207066109_15;O;11550;1240;0;13200;2440;2655
P207066109;P207066109_16;P;11550;0;0;13200;1200;2655
P207066107;P207066107_1;A;0;0;0;1650;1200;2655
P207066107;P207066107_2;B;0;1240;0;1650;2440;2655
P207066107;P207066107_3;C;1650;1240;0;3300;2440;2655
P207066107;P207066107_4;D;1650;0;0;3300;1200;2655
P207066107;P207066107_5;E;3300;0;0;4950;1200;2655
P207066107;P207066107_6;F;3300;1240;0;4950;2440;2655
P207066107;P207066107_7;G;4950;1240;0;6600;2440;2655
P207066107;P207066107_8;H;4950;0;0;6600;1200;2655
P207066107;P207066107_9;I;6600;0;0;8250;1200;2655
P207066107;P207066107_10;J;6600;1240;0;8250;2440;2655
P207066107;P207066107_11;K;8250;1240;0;9900;2440;2655
P207066107;P207066107_12;L;8250;0;0;9900;1200;2655
P207066107;P207066107_13;M;9900;0;0;11550;1200;2655
P207066107;P207066107_14;N;9900;1240;0;11550;2440;2655
P207066107;P207066107_15;O;11550;1240;0;13200;2440;2655
P207066107;P207066107_16;P;11550;0;0;13200;1200;2655
P207066101;P207066101_1;A;0;0;0;1650;1200;2655
P207066101;P207066101_2;B;0;1240;0;1650;2440;2655
P207066101;P207066101_3;C;1650;1240;0;3300;2440;2655
P207066101;P207066101_4;D;1650;0;0;3300;1200;2655
P207066101;P207066101_5;E;3300;0;0;4950;1200;2655
P207066101;P207066101_6;F;3300;1240;0;4950;2440;2655
P207066101;P207066101_7;G;4950;1240;0;6600;2440;2655
P207066101;P207066101_8;H;4950;0;0;6600;1200;2655
P207066101;P207066101_9;I;6600;0;0;8250;1200;2655
P207066101;P207066101_10;J;6600;1240;0;8250;2440;2655
P207066101;P207066101_11;K;8250;1240;0;9900;2440;2655
P207066101;P207066101_12;L;8250;0;0;9900;1200;2655
P207066101;P207066101_13;M;9900;0;0;11550;1200;2655
P207066101;P207066101_14;N;9900;1240;0;11550;2440;2655
P207066101;P207066101_15;O;11550;1240;0;13200;2440;2655
P207066101;P207066101_16;P;11550;0;0;13200;1200;2655
P206066111;P206066111_1;A;0;0;0;1650;1200;2655
P206066111;P206066111_2;B;0;1240;0;1650;2440;2655
P206066111;P206066111_3;C;1650;1240;0;3300;2440;2655
P206066111;P206066111_4;D;1650;0;0;3300;1200;2655
P206066111;P206066111_5;E;3300;0;0;4950;1200;2655
P206066111;P206066111_6;F;3300;1240;0;4950;2440;2655
P206066111;P206066111_7;G;4950;1240;0;6600;2440;2655
P206066111;P206066111_8;H;4950;0;0;6600;1200;2655
P206066111;P206066111_9;I;6600;0;0;8250;1200;2655
P206066111;P206066111_10;J;6600;1240;0;8250;2440;2655
P206066111;P206066111_11;K;8250;1240;0;9900;2440;2655
P206066111;P206066111_12;L;8250;0;0;9900;1200;2655
P206066111;P206066111_13;M;9900;0;0;11550;1200;2655
P206066111;P206066111_14;N;9900;1240;0;11550;2440;2655
P206066111;P206066111_15;O;11550;1240;0;13200;2440;2655
P206066111;P206066111_16;P;11550;0;0;13200;1200;2655
P206066109;P206066109_1;A;0;0;0;1650;1200;2655
P206066109;P206066109_2;B;0;1240;0;1650;2440;2655
P206066109;P206066109_3;C;1650;1240;0;3300;2440;2655
P206066109;P206066109_4;D;1650;0;0;3300;1200;2655
P206066109;P206066109_5;E;3300;0;0;4950;1200;2655
P206066109;P206066109_6;F;3300;1240;0;4950;2440;2655
P206066109;P206066109_7;G;4950;1240;0;6600;2440;2655
P206066109;P206066109_8;H;4950;0;0;6600;1200;2655
P206066109;P206066109_9;I;6600;0;0;8250;1200;2655
P206066109;P206066109_10;J;6600;1240;0;8250;2440;2655
P206066109;P206066109_11;K;8250;1240;0;9900;2440;2655
P206066109;P206066109_12;L;8250;0;0;9900;1200;2655
P206066109;P206066109_13;M;9900;0;0;11550;1200;2655
P206066109;P206066109_14;N;9900;1240;0;11550;2440;2655
P206066109;P206066109_15;O;11550;1240;0;13200;2440;2655
P206066109;P206066109_16;P;11550;0;0;13200;1200;2655
P206066107;P206066107_1;A;0;0;0;1650;1200;2655
P206066107;P206066107_2;B;0;1240;0;1650;2440;2655
P206066107;P206066107_3;C;1650;1240;0;3300;2440;2655
P206066107;P206066107_4;D;1650;0;0;3300;1200;2655
P206066107;P206066107_5;E;3300;0;0;4950;1200;2655
P206066107;P206066107_6;F;3300;1240;0;4950;2440;2655
P206066107;P206066107_7;G;4950;1240;0;6600;2440;2655
P206066107;P206066107_8;H;4950;0;0;6600;1200;2655
P206066107;P206066107_9;I;6600;0;0;8250;1200;2655
P206066107;P206066107_10;J;6600;1240;0;8250;2440;2655
P206066107;P206066107_11;K;8250;1240;0;9900;2440;2655
P206066107;P206066107_12;L;8250;0;0;9900;1200;2655
P206066107;P206066107_13;M;9900;0;0;11550;1200;2655
P206066107;P206066107_14;N;9900;1240;0;11550;2440;2655
P206066107;P206066107_15;O;11550;1240;0;13200;2440;2655
P206066107;P206066107_16;P;11550;0;0;13200;1200;2655
P206066105;P206066105_1;A;0;0;0;1650;1200;2655
P206066105;P206066105_2;B;0;1240;0;1650;2440;2655
P206066105;P206066105_3;C;1650;1240;0;3300;2440;2655
P206066105;P206066105_4;D;1650;0;0;3300;1200;2655
P206066105;P206066105_5;E;3300;0;0;4950;1200;2655
P206066105;P206066105_6;F;3300;1240;0;4950;2440;2655
P206066105;P206066105_7;G;4950;1240;0;6600;2440;2655
P206066105;P206066105_8;H;4950;0;0;6600;1200;2655
P206066105;P206066105_9;I;6600;0;0;8250;1200;2655
P206066105;P206066105_10;J;6600;1240;0;8250;2440;2655
P206066105;P206066105_11;K;8250;1240;0;9900;2440;2655
P206066105;P206066105_12;L;8250;0;0;9900;1200;2655
P206066105;P206066105_13;M;9900;0;0;11550;1200;2655
P206066105;P206066105_14;N;9900;1240;0;11550;2440;2655
P206066105;P206066105_15;O;11550;1240;0;13200;2440;2655
P206066105;P206066105_16;P;11550;0;0;13200;1200;2655
P206066101;P206066101_1;A;0;0;0;1650;1200;2655
P206066101;P206066101_2;B;0;1240;0;1650;2440;2655
P206066101;P206066101_3;C;1650;1240;0;3300;2440;2655
P206066101;P206066101_4;D;1650;0;0;3300;1200;2655
P206066101;P206066101_5;E;3300;0;0;4950;1200;2655
P206066101;P206066101_6;F;3300;1240;0;4950;2440;2655
P206066101;P206066101_7;G;4950;1240;0;6600;2440;2655
P206066101;P206066101_8;H;4950;0;0;6600;1200;2655
P206066101;P206066101_9;I;6600;0;0;8250;1200;2655
P206066101;P206066101_10;J;6600;1240;0;8250;2440;2655
P206066101;P206066101_11;K;8250;1240;0;9900;2440;2655
P206066101;P206066101_12;L;8250;0;0;9900;1200;2655
P206066101;P206066101_13;M;9900;0;0;11550;1200;2655
P206066101;P206066101_14;N;9900;1240;0;11550;2440;2655
P206066101;P206066101_15;O;11550;1240;0;13200;2440;2655
P206066101;P206066101_16;P;11550;0;0;13200;1200;2655
P205066111;P205066111_1;A;0;0;0;1650;1200;2655
P205066111;P205066111_2;B;0;1240;0;1650;2440;2655
P205066111;P205066111_3;C;1650;1240;0;3300;2440;2655
P205066111;P205066111_4;D;1650;0;0;3300;1200;2655
P205066111;P205066111_5;E;3300;0;0;4950;1200;2655
P205066111;P205066111_6;F;3300;1240;0;4950;2440;2655
P205066111;P205066111_7;G;4950;1240;0;6600;2440;2655
P205066111;P205066111_8;H;4950;0;0;6600;1200;2655
P205066111;P205066111_9;I;6600;0;0;8250;1200;2655
P205066111;P205066111_10;J;6600;1240;0;8250;2440;2655
P205066111;P205066111_11;K;8250;1240;0;9900;2440;2655
P205066111;P205066111_12;L;8250;0;0;9900;1200;2655
P205066111;P205066111_13;M;9900;0;0;11550;1200;2655
P205066111;P205066111_14;N;9900;1240;0;11550;2440;2655
P205066111;P205066111_15;O;11550;1240;0;13200;2440;2655
P205066111;P205066111_16;P;11550;0;0;13200;1200;2655
P205066109;P205066109_1;A;0;0;0;1650;1200;2655
P205066109;P205066109_2;B;0;1240;0;1650;2440;2655
P205066109;P205066109_3;C;1650;1240;0;3300;2440;2655
P205066109;P205066109_4;D;1650;0;0;3300;1200;2655
P205066109;P205066109_5;E;3300;0;0;4950;1200;2655
P205066109;P205066109_6;F;3300;1240;0;4950;2440;2655
P205066109;P205066109_7;G;4950;1240;0;6600;2440;2655
P205066109;P205066109_8;H;4950;0;0;6600;1200;2655
P205066109;P205066109_9;I;6600;0;0;8250;1200;2655
P205066109;P205066109_10;J;6600;1240;0;8250;2440;2655
P205066109;P205066109_11;K;8250;1240;0;9900;2440;2655
P205066109;P205066109_12;L;8250;0;0;9900;1200;2655
P205066109;P205066109_13;M;9900;0;0;11550;1200;2655
P205066109;P205066109_14;N;9900;1240;0;11550;2440;2655
P205066109;P205066109_15;O;11550;1240;0;13200;2440;2655
P205066109;P205066109_16;P;11550;0;0;13200;1200;2655
P205066107;P205066107_1;A;0;0;0;1650;1200;2655
P205066107;P205066107_2;B;0;1240;0;1650;2440;2655
P205066107;P205066107_3;C;1650;1240;0;3300;2440;2655
P205066107;P205066107_4;D;1650;0;0;3300;1200;2655
P205066107;P205066107_5;E;3300;0;0;4950;1200;2655
P205066107;P205066107_6;F;3300;1240;0;4950;2440;2655
P205066107;P205066107_7;G;4950;1240;0;6600;2440;2655
P205066107;P205066107_8;H;4950;0;0;6600;1200;2655
P205066107;P205066107_9;I;6600;0;0;8250;1200;2655
P205066107;P205066107_10;J;6600;1240;0;8250;2440;2655
P205066107;P205066107_11;K;8250;1240;0;9900;2440;2655
P205066107;P205066107_12;L;8250;0;0;9900;1200;2655
P205066107;P205066107_13;M;9900;0;0;11550;1200;2655
P205066107;P205066107_14;N;9900;1240;0;11550;2440;2655
P205066107;P205066107_15;O;11550;1240;0;13200;2440;2655
P205066107;P205066107_16;P;11550;0;0;13200;1200;2655
P203066105;P203066105_1;A;0;0;0;1650;1200;2655
P203066105;P203066105_2;B;0;1240;0;1650;2440;2655
P203066105;P203066105_3;C;1650;1240;0;3300;2440;2655
P203066105;P203066105_4;D;1650;0;0;3300;1200;2655
P203066105;P203066105_5;E;3300;0;0;4950;1200;2655
P203066105;P203066105_6;F;3300;1240;0;4950;2440;2655
P203066105;P203066105_7;G;4950;1240;0;6600;2440;2655
P203066105;P203066105_8;H;4950;0;0;6600;1200;2655
P203066105;P203066105_9;I;6600;0;0;8250;1200;2655
P203066105;P203066105_10;J;6600;1240;0;8250;2440;2655
P203066105;P203066105_11;K;8250;1240;0;9900;2440;2655
P203066105;P203066105_12;L;8250;0;0;9900;1200;2655
P203066105;P203066105_13;M;9900;0;0;11550;1200;2655
P203066105;P203066105_14;N;9900;1240;0;11550;2440;2655
P203066105;P203066105_15;O;11550;1240;0;13200;2440;2655
P203066105;P203066105_16;P;11550;0;0;13200;1200;2655
P203066101;P203066101_1;A;0;0;0;1650;1200;2655
P203066101;P203066101_2;B;0;1240;0;1650;2440;2655
P203066101;P203066101_3;C;1650;1240;0;3300;2440;2655
P203066101;P203066101_4;D;1650;0;0;3300;1200;2655
P203066101;P203066101_5;E;3300;0;0;4950;1200;2655
P203066101;P203066101_6;F;3300;1240;0;4950;2440;2655
P203066101;P203066101_7;G;4950;1240;0;6600;2440;2655
P203066101;P203066101_8;H;4950;0;0;6600;1200;2655
P203066101;P203066101_9;I;6600;0;0;8250;1200;2655
P203066101;P203066101_10;J;6600;1240;0;8250;2440;2655
P203066101;P203066101_11;K;8250;1240;0;9900;2440;2655
P203066101;P203066101_12;L;8250;0;0;9900;1200;2655
P203066101;P203066101_13;M;9900;0;0;11550;1200;2655
P203066101;P203066101_14;N;9900;1240;0;11550;2440;2655
P203066101;P203066101_15;O;11550;1240;0;13200;2440;2655
P203066101;P203066101_16;P;11550;0;0;13200;1200;2655
P202066111;P202066111_1;A;0;0;0;1650;1200;2655
P202066111;P202066111_2;B;0;1240;0;1650;2440;2655
P202066111;P202066111_3;C;1650;1240;0;3300;2440;2655
P202066111;P202066111_4;D;1650;0;0;3300;1200;2655
P202066111;P202066111_5;E;3300;0;0;4950;1200;2655
P202066111;P202066111_6;F;3300;1240;0;4950;2440;2655
P202066111;P202066111_7;G;4950;1240;0;6600;2440;2655
P202066111;P202066111_8;H;4950;0;0;6600;1200;2655
P202066111;P202066111_9;I;6600;0;0;8250;1200;2655
P202066111;P202066111_10;J;6600;1240;0;8250;2440;2655
P202066111;P202066111_11;K;8250;1240;0;9900;2440;2655
P202066111;P202066111_12;L;8250;0;0;9900;1200;2655
P202066111;P202066111_13;M;9900;0;0;11550;1200;2655
P202066111;P202066111_14;N;9900;1240;0;11550;2440;2655
P202066111;P202066111_15;O;11550;1240;0;13200;2440;2655
P202066111;P202066111_16;P;11550;0;0;13200;1200;2655
P202066109;P202066109_1;A;0;0;0;1650;1200;2655
P202066109;P202066109_2;B;0;1240;0;1650;2440;2655
P202066109;P202066109_3;C;1650;1240;0;3300;2440;2655
P202066109;P202066109_4;D;1650;0;0;3300;1200;2655
P202066109;P202066109_5;E;3300;0;0;4950;1200;2655
P202066109;P202066109_6;F;3300;1240;0;4950;2440;2655
P202066109;P202066109_7;G;4950;1240;0;6600;2440;2655
P202066109;P202066109_8;H;4950;0;0;6600;1200;2655
P202066109;P202066109_9;I;6600;0;0;8250;1200;2655
P202066109;P202066109_10;J;6600;1240;0;8250;2440;2655
P202066109;P202066109_11;K;8250;1240;0;9900;2440;2655
P202066109;P202066109_12;L;8250;0;0;9900;1200;2655
P202066109;P202066109_13;M;9900;0;0;11550;1200;2655
P202066109;P202066109_14;N;9900;1240;0;11550;2440;2655
P202066109;P202066109_15;O;11550;1240;0;13200;2440;2655
P202066109;P202066109_16;P;11550;0;0;13200;1200;2655
P202066107;P202066107_1;A;0;0;0;1650;1200;2655
P202066107;P202066107_2;B;0;1240;0;1650;2440;2655
P202066107;P202066107_3;C;1650;1240;0;3300;2440;2655
P202066107;P202066107_4;D;1650;0;0;3300;1200;2655
P202066107;P202066107_5;E;3300;0;0;4950;1200;2655
P202066107;P202066107_6;F;3300;1240;0;4950;2440;2655
P202066107;P202066107_7;G;4950;1240;0;6600;2440;2655
P202066107;P202066107_8;H;4950;0;0;6600;1200;2655
P202066107;P202066107_9;I;6600;0;0;8250;1200;2655
P202066107;P202066107_10;J;6600;1240;0;8250;2440;2655
P202066107;P202066107_11;K;8250;1240;0;9900;2440;2655
P202066107;P202066107_12;L;8250;0;0;9900;1200;2655
P202066107;P202066107_13;M;9900;0;0;11550;1200;2655
P202066107;P202066107_14;N;9900;1240;0;11550;2440;2655
P202066107;P202066107_15;O;11550;1240;0;13200;2440;2655
P202066107;P202066107_16;P;11550;0;0;13200;1200;2655
P202066105;P202066105_1;A;0;0;0;1650;1200;2655
P202066105;P202066105_2;B;0;1240;0;1650;2440;2655
P202066105;P202066105_3;C;1650;1240;0;3300;2440;2655
P202066105;P202066105_4;D;1650;0;0;3300;1200;2655
P202066105;P202066105_5;E;3300;0;0;4950;1200;2655
P202066105;P202066105_6;F;3300;1240;0;4950;2440;2655
P202066105;P202066105_7;G;4950;1240;0;6600;2440;2655
P202066105;P202066105_8;H;4950;0;0;6600;1200;2655
P202066105;P202066105_9;I;6600;0;0;8250;1200;2655
P202066105;P202066105_10;J;6600;1240;0;8250;2440;2655
P202066105;P202066105_11;K;8250;1240;0;9900;2440;2655
P202066105;P202066105_12;L;8250;0;0;9900;1200;2655
P202066105;P202066105_13;M;9900;0;0;11550;1200;2655
P202066105;P202066105_14;N;9900;1240;0;11550;2440;2655
P202066105;P202066105_15;O;11550;1240;0;13200;2440;2655
P202066105;P202066105_16;P;11550;0;0;13200;1200;2655
P202066103;P202066103_1;A;0;0;0;1010;1206;2370
P202066103;P202066103_2;B;0;1240;0;1000;2440;1175
P202066103;P202066103_3;C;1000;1240;0;2650;2440;2655
P202066103;P202066103_4;D;1010;0;0;2660;1200;2655
P202066103;P202066103_5;E;2650;1240;0;4300;2440;2655
P202066103;P202066103_6;F;2660;0;0;4310;1200;2655
P202066103;P202066103_7;G;4300;1240;0;5950;2440;2655
P202066103;P202066103_8;H;4310;0;0;5960;1200;2655
P202066103;P202066103_9;I;5950;1240;0;7600;2440;2655
P202066103;P202066103_10;J;5960;0;0;7610;1200;2655
P202066103;P202066103_11;K;7600;1240;0;9250;2440;2655
P202066103;P202066103_12;L;7610;0;0;9260;1200;2655
P202066103;P202066103_13;M;9250;1240;0;10900;2440;2655
P202066103;P202066103_14;N;9260;0;0;10910;1200;2655
P202066103;P202066103_15;O;10900;1240;0;12550;2440;2655
P202066103;P202066103_16;P;10910;0;0;12560;1200;2655
P201066111;P201066111_1;A;0;0;0;1650;1200;2655
P201066111;P201066111_2;B;0;1240;0;1650;2440;2655
P201066111;P201066111_3;C;1650;1240;0;3300;2440;2655
P201066111;P201066111_4;D;1650;0;0;3300;1200;2655
P201066111;P201066111_5;E;3300;0;0;4950;1200;2655
P201066111;P201066111_6;F;3300;1240;0;4950;2440;2655
P201066111;P201066111_7;G;4950;1240;0;6600;2440;2655
P201066111;P201066111_8;H;4950;0;0;6600;1200;2655
P201066111;P201066111_9;I;6600;0;0;8250;1200;2655
P201066111;P201066111_10;J;6600;1240;0;8250;2440;2655
P201066111;P201066111_11;K;8250;1240;0;9900;2440;2655
P201066111;P201066111_12;L;8250;0;0;9900;1200;2655
P201066111;P201066111_13;M;9900;0;0;11550;1200;2655
P201066111;P201066111_14;N;9900;1240;0;11550;2440;2655
P201066111;P201066111_15;O;11550;1240;0;13200;2440;2655
P201066111;P201066111_16;P;11550;0;0;13200;1200;2655
P201066109;P201066109_1;A;0;0;0;1650;1200;2655
P201066109;P201066109_2;B;0;1240;0;1650;2440;2655
P201066109;P201066109_3;C;1650;1240;0;3300;2440;2655
P201066109;P201066109_4;D;1650;0;0;3300;1200;2655
P201066109;P201066109_5;E;3300;0;0;4950;1200;2655
P201066109;P201066109_6;F;3300;1240;0;4950;2440;2655
P201066109;P201066109_7;G;4950;1240;0;6600;2440;2655
P201066109;P201066109_8;H;4950;0;0;6600;1200;2655
P201066109;P201066109_9;I;6600;0;0;8250;1200;2655
P201066109;P201066109_10;J;6600;1240;0;8250;2440;2655
P201066109;P201066109_11;K;8250;1240;0;9900;2440;2655
P201066109;P201066109_12;L;8250;0;0;9900;1200;2655
P201066109;P201066109_13;M;9900;0;0;11550;1200;2655
P201066109;P201066109_14;N;9900;1240;0;11550;2440;2655
P201066109;P201066109_15;O;11550;1240;0;13200;2440;2655
P201066109;P201066109_16;P;11550;0;0;13200;1200;2655
P201066107;P201066107_1;A;0;0;0;1650;1200;2655
P201066107;P201066107_2;B;0;1240;0;1650;2440;2655
P201066107;P201066107_3;C;1650;1240;0;3300;2440;2655
P201066107;P201066107_4;D;1650;0;0;3300;1200;2655
P201066107;P201066107_5;E;3300;0;0;4950;1200;2655
P201066107;P201066107_6;F;3300;1240;0;4950;2440;2655
P201066107;P201066107_7;G;4950;1240;0;6600;2440;2655
P201066107;P201066107_8;H;4950;0;0;6600;1200;2655
P201066107;P201066107_9;I;6600;0;0;8250;1200;2655
P201066107;P201066107_10;J;6600;1240;0;8250;2440;2655
P201066107;P201066107_11;K;8250;1240;0;9900;2440;2655
P201066107;P201066107_12;L;8250;0;0;9900;1200;2655
P201066107;P201066107_13;M;9900;0;0;11550;1200;2655
P201066107;P201066107_14;N;9900;1240;0;11550;2440;2655
P201066107;P201066107_15;O;11550;1240;0;13200;2440;2655
P201066107;P201066107_16;P;11550;0;0;13200;1200;2655
P201066105;P201066105_1;A;0;0;0;1650;1200;2655
P201066105;P201066105_2;B;0;1240;0;1650;2440;2655
P201066105;P201066105_3;C;1650;1240;0;3300;2440;2655
P201066105;P201066105_4;D;1650;0;0;3300;1200;2655
P201066105;P201066105_5;E;3300;0;0;4950;1200;2655
P201066105;P201066105_6;F;3300;1240;0;4950;2440;2655
P201066105;P201066105_7;G;4950;1240;0;6600;2440;2655
P201066105;P201066105_8;H;4950;0;0;6600;1200;2655
P201066105;P201066105_9;I;6600;0;0;8250;1200;2655
P201066105;P201066105_10;J;6600;1240;0;8250;2440;2655
P201066105;P201066105_11;K;8250;1240;0;9900;2440;2655
P201066105;P201066105_12;L;8250;0;0;9900;1200;2655
P201066105;P201066105_13;M;9900;0;0;11550;1200;2655
P201066105;P201066105_14;N;9900;1240;0;11550;2440;2655
P201066105;P201066105_15;O;11550;1240;0;13200;2440;2655
P201066105;P201066105_16;P;11550;0;0;13200;1200;2655
P201066101;P201066101_1;A;0;0;0;1650;1200;2655
P201066101;P201066101_2;B;0;1240;0;1650;2440;2655
P201066101;P201066101_3;C;1650;1240;0;3300;2440;2655
P201066101;P201066101_4;D;1650;0;0;3300;1200;2655
P201066101;P201066101_5;E;3300;0;0;4950;1200;2655
P201066101;P201066101_6;F;3300;1240;0;4950;2440;2655
P201066101;P201066101_7;G;4950;1240;0;6600;2440;2655
P201066101;P201066101_8;H;4950;0;0;6600;1200;2655
P201066101;P201066101_9;I;6600;0;0;8250;1200;2655
P201066101;P201066101_10;J;6600;1240;0;8250;2440;2655
P201066101;P201066101_11;K;8250;1240;0;9900;2440;2655
P201066101;P201066101_12;L;8250;0;0;9900;1200;2655
P201066101;P201066101_13;M;9900;0;0;11550;1200;2655
P201066101;P201066101_14;N;9900;1240;0;11550;2440;2655
P201066101;P201066101_15;O;11550;1240;0;13200;2440;2655
P201066101;P201066101_16;P;11550;0;0;13200;1200;2655
P200066111;P200066111_1;A;0;0;0;1650;1200;2655
P200066111;P200066111_2;B;0;1240;0;1650;2440;2655
P200066111;P200066111_3;C;1650;1240;0;3300;2440;2655
P200066111;P200066111_4;D;1650;0;0;3300;1200;2655
P200066111;P200066111_5;E;3300;0;0;4950;1200;2655
P200066111;P200066111_6;F;3300;1240;0;4950;2440;2655
P200066111;P200066111_7;G;4950;1240;0;6600;2440;2655
P200066111;P200066111_8;H;4950;0;0;6600;1200;2655
P200066111;P200066111_9;I;6600;0;0;8250;1200;2655
P200066111;P200066111_10;J;6600;1240;0;8250;2440;2655
P200066111;P200066111_11;K;8250;1240;0;9900;2440;2655
P200066111;P200066111_12;L;8250;0;0;9900;1200;2655
P200066111;P200066111_13;M;9900;0;0;11550;1200;2655
P200066111;P200066111_14;N;9900;1240;0;11550;2440;2655
P200066111;P200066111_15;O;11550;1240;0;13200;2440;2655
P200066111;P200066111_16;P;11550;0;0;13200;1200;2655
P200066109;P200066109_1;A;0;0;0;1650;1200;2655
P200066109;P200066109_2;B;0;1240;0;1650;2440;2655
P200066109;P200066109_3;C;1650;1240;0;3300;2440;2655
P200066109;P200066109_4;D;1650;0;0;3300;1200;2655
P200066109;P200066109_5;E;3300;0;0;4950;1200;2655
P200066109;P200066109_6;F;3300;1240;0;4950;2440;2655
P200066109;P200066109_7;G;4950;1240;0;6600;2440;2655
P200066109;P200066109_8;H;4950;0;0;6600;1200;2655
P200066109;P200066109_9;I;6600;0;0;8250;1200;2655
P200066109;P200066109_10;J;6600;1240;0;8250;2440;2655
P200066109;P200066109_11;K;8250;1240;0;9900;2440;2655
P200066109;P200066109_12;L;8250;0;0;9900;1200;2655
P200066109;P200066109_13;M;9900;0;0;11550;1200;2655
P200066109;P200066109_14;N;9900;1240;0;11550;2440;2655
P200066109;P200066109_15;O;11550;1240;0;13200;2440;2655
P200066109;P200066109_16;P;11550;0;0;13200;1200;2655
P200066107;P200066107_1;A;0;0;0;1650;1200;2655
P200066107;P200066107_2;B;0;1240;0;1650;2440;2655
P200066107;P200066107_3;C;1650;1240;0;3300;2440;2655
P200066107;P200066107_4;D;1650;0;0;3300;1200;2655
P200066107;P200066107_5;E;3300;0;0;4950;1200;2655
P200066107;P200066107_6;F;3300;1240;0;4950;2440;2655
P200066107;P200066107_7;G;4950;1240;0;6600;2440;2655
P200066107;P200066107_8;H;4950;0;0;6600;1200;2655
P200066107;P200066107_9;I;6600;0;0;8250;1200;2655
P200066107;P200066107_10;J;6600;1240;0;8250;2440;2655
P200066107;P200066107_11;K;8250;1240;0;9900;2440;2655
P200066107;P200066107_12;L;8250;0;0;9900;1200;2655
P200066107;P200066107_13;M;9900;0;0;11550;1200;2655
P200066107;P200066107_14;N;9900;1240;0;11550;2440;2655
P200066107;P200066107_15;O;11550;1240;0;13200;2440;2655
P200066107;P200066107_16;P;11550;0;0;13200;1200;2655
P200066101;P200066101_1;A;0;0;0;1650;1200;2655
P200066101;P200066101_2;B;0;1200;0;1650;2400;2655
P200066101;P200066101_3;C;1650;1240;0;3300;2440;2655
P200066101;P200066101_4;D;1650;0;0;3300;1200;2655
P200066101;P200066101_5;E;3300;0;0;4950;1200;2655
P200066101;P200066101_6;F;3300;1200;0;4950;2400;2655
P200066101;P200066101_7;G;4950;1240;0;6600;2440;2655
P200066101;P200066101_8;H;4950;0;0;6600;1200;2655
P200066101;P200066101_9;I;6600;1240;0;8250;2440;2655
P200066101;P200066101_10;J;6600;0;0;8250;1200;2655
P200066101;P200066101_11;K;8250;0;0;9900;1200;2655
P200066101;P200066101_12;L;8250;1240;0;9900;2440;2655
P200066101;P200066101_13;M;9900;1240;0;11550;2440;2655
P200066101;P200066101_14;N;9900;0;0;11550;1200;2655
P200066101;P200066101_15;O;11550;0;0;13200;1200;2655
P200066101;P200066101_16;P;11550;1240;0;13200;2440;2655
P199066111;P199066111_1;A;0;0;0;1650;1200;2655
P199066111;P199066111_2;B;0;1240;0;1650;2440;2655
P199066111;P199066111_3;C;1650;1240;0;3300;2440;2655
P199066111;P199066111_4;D;1650;0;0;3300;1200;2655
P199066111;P199066111_5;E;3300;0;0;4950;1200;2655
P199066111;P199066111_6;F;3300;1240;0;4950;2440;2655
P199066111;P199066111_7;G;4950;1240;0;6600;2440;2655
P199066111;P199066111_8;H;4950;0;0;6600;1200;2655
P199066111;P199066111_9;I;6600;0;0;8250;1200;2655
P199066111;P199066111_10;J;6600;1240;0;8250;2440;2655
P199066111;P199066111_11;K;8250;1240;0;9900;2440;2655
P199066111;P199066111_12;L;8250;0;0;9900;1200;2655
P199066111;P199066111_13;M;9900;0;0;11550;1200;2655
P199066111;P199066111_14;N;9900;1240;0;11550;2440;2655
P199066111;P199066111_15;O;11550;1240;0;13200;2440;2655
P199066111;P199066111_16;P;11550;0;0;13200;1200;2655
P199066109;P199066109_1;A;0;0;0;1650;1200;2655
P199066109;P199066109_2;B;0;1240;0;1650;2440;2655
P199066109;P199066109_3;C;1650;1240;0;3300;2440;2655
P199066109;P199066109_4;D;1650;0;0;3300;1200;2655
P199066109;P199066109_5;E;3300;0;0;4950;1200;2655
P199066109;P199066109_6;F;3300;1240;0;4950;2440;2655
P199066109;P199066109_7;G;4950;1240;0;6600;2440;2655
P199066109;P199066109_8;H;4950;0;0;6600;1200;2655
P199066109;P199066109_9;I;6600;0;0;8250;1200;2655
P199066109;P199066109_10;J;6600;1240;0;8250;2440;2655
P199066109;P199066109_11;K;8250;1240;0;9900;2440;2655
P199066109;P199066109_12;L;8250;0;0;9900;1200;2655
P199066109;P199066109_13;M;9900;0;0;11550;1200;2655
P199066109;P199066109_14;N;9900;1240;0;11550;2440;2655
P199066109;P199066109_15;O;11550;1240;0;13200;2440;2655
P199066109;P199066109_16;P;11550;0;0;13200;1200;2655
P199066107;P199066107_1;A;0;0;0;1650;1200;2655
P199066107;P199066107_2;B;0;1240;0;1650;2440;2655
P199066107;P199066107_3;C;1650;1240;0;3300;2440;2655
P199066107;P199066107_4;D;1650;0;0;3300;1200;2655
P199066107;P199066107_5;E;3300;0;0;4950;1200;2655
P199066107;P199066107_6;F;3300;1240;0;4950;2440;2655
P199066107;P199066107_7;G;4950;1240;0;6600;2440;2655
P199066107;P199066107_8;H;4950;0;0;6600;1200;2655
P199066107;P199066107_9;I;6600;0;0;8250;1200;2655
P199066107;P199066107_10;J;6600;1240;0;8250;2440;2655
P199066107;P199066107_11;K;8250;1240;0;9900;2440;2655
P199066107;P199066107_12;L;8250;0;0;9900;1200;2655
P199066107;P199066107_13;M;9900;0;0;11550;1200;2655
P199066107;P199066107_14;N;9900;1240;0;11550;2440;2655
P199066107;P199066107_15;O;11550;1240;0;13200;2440;2655
P199066107;P199066107_16;P;11550;0;0;13200;1200;2655
P199066105;P199066105_1;A;0;0;0;1650;1200;2655
P199066105;P199066105_2;B;0;1240;0;1650;2440;2655
P199066105;P199066105_3;C;1650;1240;0;3300;2440;2655
P199066105;P199066105_4;D;1650;0;0;3300;1200;2655
P199066105;P199066105_5;E;3300;0;0;4950;1200;2655
P199066105;P199066105_6;F;3300;1240;0;4950;2440;2655
P199066105;P199066105_7;G;4950;1240;0;6600;2440;2655
P199066105;P199066105_8;H;4950;0;0;6600;1200;2655
P199066105;P199066105_9;I;6600;0;0;8250;1200;2655
P199066105;P199066105_10;J;6600;1240;0;8250;2440;2655
P199066105;P199066105_11;K;8250;1240;0;9900;2440;2655
P199066105;P199066105_12;L;8250;0;0;9900;1200;2655
P199066105;P199066105_13;M;9900;0;0;11550;1200;2655
P199066105;P199066105_14;N;9900;1240;0;11550;2440;2655
P199066105;P199066105_15;O;11550;1240;0;13200;2440;2655
P199066105;P199066105_16;P;11550;0;0;13200;1200;2655
P199066101;P199066101_1;A;0;0;0;1650;1200;2655
P199066101;P199066101_2;B;0;1240;0;1650;2440;2655
P199066101;P199066101_3;C;1650;1240;0;3300;2440;2655
P199066101;P199066101_4;D;1650;0;0;3300;1200;2655
P199066101;P199066101_5;E;3300;0;0;4950;1200;2655
P199066101;P199066101_6;F;3300;1240;0;4950;2440;2655
P199066101;P199066101_7;G;4950;1240;0;6600;2440;2655
P199066101;P199066101_8;H;4950;0;0;6600;1200;2655
P199066101;P199066101_9;I;6600;0;0;8250;1200;2655
P199066101;P199066101_10;J;6600;1240;0;8250;2440;2655
P199066101;P199066101_11;K;8250;1240;0;9900;2440;2655
P199066101;P199066101_12;L;8250;0;0;9900;1200;2655
P199066101;P199066101_13;M;9900;0;0;11550;1200;2655
P199066101;P199066101_14;N;9900;1240;0;11550;2440;2655
P199066101;P199066101_15;O;11550;1240;0;13200;2440;2655
P199066101;P199066101_16;P;11550;0;0;13200;1200;2655
P198066111;P198066111_1;A;0;0;0;1650;1200;2655
P198066111;P198066111_2;B;0;1240;0;1650;2440;2655
P198066111;P198066111_3;C;1650;1240;0;3300;2440;2655
P198066111;P198066111_4;D;1650;0;0;3300;1200;2655
P198066111;P198066111_5;E;3300;0;0;4950;1200;2655
P198066111;P198066111_6;F;3300;1240;0;4950;2440;2655
P198066111;P198066111_7;G;4950;1240;0;6600;2440;2655
P198066111;P198066111_8;H;4950;0;0;6600;1200;2655
P198066111;P198066111_9;I;6600;0;0;8250;1200;2655
P198066111;P198066111_10;J;6600;1240;0;8250;2440;2655
P198066111;P198066111_11;K;8250;1240;0;9900;2440;2655
P198066111;P198066111_12;L;8250;0;0;9900;1200;2655
P198066111;P198066111_13;M;9900;0;0;11550;1200;2655
P198066111;P198066111_14;N;9900;1240;0;11550;2440;2655
P198066111;P198066111_15;O;11550;1240;0;13200;2440;2655
P198066111;P198066111_16;P;11550;0;0;13200;1200;2655
P198066109;P198066109_1;A;0;0;0;1650;1200;2655
P198066109;P198066109_2;B;0;1240;0;1650;2440;2655
P198066109;P198066109_3;C;1650;1240;0;3300;2440;2655
P198066109;P198066109_4;D;1650;0;0;3300;1200;2655
P198066109;P198066109_5;E;3300;0;0;4950;1200;2655
P198066109;P198066109_6;F;3300;1240;0;4950;2440;2655
P198066109;P198066109_7;G;4950;1240;0;6600;2440;2655
P198066109;P198066109_8;H;4950;0;0;6600;1200;2655
P198066109;P198066109_9;I;6600;0;0;8250;1200;2655
P198066109;P198066109_10;J;6600;1240;0;8250;2440;2655
P198066109;P198066109_11;K;8250;1240;0;9900;2440;2655
P198066109;P198066109_12;L;8250;0;0;9900;1200;2655
P198066109;P198066109_13;M;9900;0;0;11550;1200;2655
P198066109;P198066109_14;N;9900;1240;0;11550;2440;2655
P198066109;P198066109_15;O;11550;1240;0;13200;2440;2655
P198066109;P198066109_16;P;11550;0;0;13200;1200;2655
P198066107;P198066107_1;A;0;0;0;1650;1200;2655
P198066107;P198066107_2;B;0;1240;0;1650;2440;2655
P198066107;P198066107_3;C;1650;1240;0;3300;2440;2655
P198066107;P198066107_4;D;1650;0;0;3300;1200;2655
P198066107;P198066107_5;E;3300;0;0;4950;1200;2655
P198066107;P198066107_6;F;3300;1240;0;4950;2440;2655
P198066107;P198066107_7;G;4950;1240;0;6600;2440;2655
P198066107;P198066107_8;H;4950;0;0;6600;1200;2655
P198066107;P198066107_9;I;6600;0;0;8250;1200;2655
P198066107;P198066107_10;J;6600;1240;0;8250;2440;2655
P198066107;P198066107_11;K;8250;1240;0;9900;2440;2655
P198066107;P198066107_12;L;8250;0;0;9900;1200;2655
P198066107;P198066107_13;M;9900;0;0;11550;1200;2655
P198066107;P198066107_14;N;9900;1240;0;11550;2440;2655
P198066107;P198066107_15;O;11550;1240;0;13200;2440;2655
P198066107;P198066107_16;P;11550;0;0;13200;1200;2655
Q198066107_1;Q198066107_1_1;A;0;0;0;1650;1200;2655
Q198066107_1;Q198066107_1_2;B;0;1240;0;1650;2440;2655
Q198066107_1;Q198066107_1_3;C;1650;1240;0;3300;2440;2655
Q198066107_1;Q198066107_1_4;D;1650;0;0;3300;1200;2655
Q198066107_1;Q198066107_1_5;E;3300;0;0;4950;1200;2655
Q198066107_1;Q198066107_1_6;F;3300;1240;0;4950;2440;2655
Q198066107_1;Q198066107_1_7;G;4950;1240;0;6600;2440;2655
Q198066107_1;Q198066107_1_8;H;4950;0;0;6600;1200;2655
Q198066107_1;Q198066107_1_9;I;6600;0;0;8250;1200;2655
Q198066107_1;Q198066107_1_10;J;6600;1240;0;8250;2440;2655
Q198066107_1;Q198066107_1_11;K;8250;1240;0;9900;2440;2655
Q198066107_1;Q198066107_1_12;L;8250;0;0;9900;1200;2655
Q198066107_1;Q198066107_1_13;M;9900;0;0;11550;1200;2655
Q198066107_1;Q198066107_1_14;N;9900;1240;0;11550;2440;1350
P194064309;P194064309_1;A;0;0;0;1800;2350;2855
P194064309;P194064309_2;B;1800;0;0;3600;2350;2855
P194064309;P194064309_3;C;3600;0;0;5400;2350;2855
P194064309;P194064309_4;D;5400;0;0;7200;2350;2855
P194064309;P194064309_5;E;7200;0;0;9000;2350;2855
P194064309;P194064309_6;F;9000;0;0;10800;2350;2855
P194064309;P194064309_7;G;10800;0;0;12600;2350;2855
P194064305;P194064305_1;A;0;0;0;1800;2350;2855
P194064305;P194064305_2;B;1800;0;0;3600;2350;2855
P194064305;P194064305_3;C;3600;0;0;5400;2350;2855
P194064305;P194064305_4;D;5400;0;0;7200;2350;2855
P194064305;P194064305_5;E;7200;0;0;9000;2350;2855
P194064305;P194064305_6;F;9000;0;0;10800;2350;2855
P194064305;P194064305_7;G;10800;0;0;12600;2350;2855
P194064303;P194064303_1;A;0;0;0;1800;2350;2855
P194064303;P194064303_2;B;1800;0;0;3600;2350;2855
P194064303;P194064303_3;C;3600;0;0;5400;2350;2855
P194064303;P194064303_4;D;5400;0;0;7200;2350;2855
P194064303;P194064303_5;E;7200;0;0;9000;2350;2855
P194064303;P194064303_6;F;9000;0;0;10800;2350;2855
P194064303;P194064303_7;G;10800;0;0;12600;2350;2855
P193064309;P193064309_1;A;0;0;0;1800;2350;2855
P193064309;P193064309_2;B;1800;0;0;3600;2350;2855
P193064309;P193064309_3;C;3600;0;0;5400;2350;2855
P193064309;P193064309_4;D;5400;0;0;7200;2350;2855
P193064309;P193064309_5;E;7200;0;0;9000;2350;2855
P193064309;P193064309_6;F;9000;0;0;10800;2350;2855
P193064309;P193064309_7;G;10800;0;0;12600;2350;2855
P193064305;P193064305_1;A;0;0;0;1800;2350;2855
P193064305;P193064305_2;B;1800;0;0;3600;2350;2855
P193064305;P193064305_3;C;3600;0;0;5400;2350;2855
P193064305;P193064305_4;D;5400;0;0;7200;2350;2855
P193064305;P193064305_5;E;7200;0;0;9000;2350;2855
P193064305;P193064305_6;F;9000;0;0;10800;2350;2855
P193064305;P193064305_7;G;10800;0;0;12600;2350;2855
P193064311;P193064311_1;A;0;0;0;1800;2350;2855
P193064311;P193064311_2;B;1800;0;0;3600;2350;2855
P193064311;P193064311_3;C;3600;0;0;5400;2350;2855
P193064311;P193064311_4;D;5400;0;0;7200;2350;2855
P193064311;P193064311_5;E;7200;0;0;9000;2350;2855
P193064311;P193064311_6;F;9000;0;0;10800;2350;2855
P193064311;P193064311_7;G;10800;0;0;12600;2350;2855
P193064303;P193064303_1;A;0;0;0;1800;2350;2855
P193064303;P193064303_2;B;1800;0;0;3600;2350;2855
P193064303;P193064303_3;C;3600;0;0;5400;2350;2855
P193064303;P193064303_4;D;5400;0;0;7200;2350;2855
P193064303;P193064303_5;E;7200;0;0;9000;2350;2855
P193064303;P193064303_6;F;9000;0;0;10800;2350;2855
P193064303;P193064303_7;G;10800;0;0;12600;2350;2855
P192064309;P192064309_1;A;0;0;0;1800;2350;2855
P192064309;P192064309_2;B;1800;0;0;3600;2350;2855
P192064309;P192064309_3;C;3600;0;0;5400;2350;2855
P192064309;P192064309_4;D;5400;0;0;7200;2350;2855
P192064309;P192064309_5;E;7200;0;0;9000;2350;2855
P192064309;P192064309_6;F;9000;0;0;10800;2350;2855
P192064309;P192064309_7;G;10800;0;0;12600;2350;2855
P192064305;P192064305_1;A;0;0;0;1800;2350;2855
P192064305;P192064305_2;B;1800;0;0;3600;2350;2855
P192064305;P192064305_3;C;3600;0;0;5400;2350;2855
P192064305;P192064305_4;D;5400;0;0;7200;2350;2855
P192064305;P192064305_5;E;7200;0;0;9000;2350;2855
P192064305;P192064305_6;F;9000;0;0;10800;2350;2855
P192064305;P192064305_7;G;10800;0;0;12600;2350;2855
P192064301;P192064301_1;A;0;1240;0;1000;2440;2865
P192064301;P192064301_2;B;0;0;0;1000;1200;2865
P192064301;P192064301_3;C;1000;0;0;2000;1200;2865
P192064301;P192064301_4;D;1000;1240;0;2000;2440;2865
P192064301;P192064301_5;E;2000;0;0;3800;2350;2855
P192064301;P192064301_6;F;3800;0;0;5600;2350;2855
P192064301;P192064301_7;G;5600;0;0;7400;2350;2855
P192064301;P192064301_8;H;7400;0;0;9200;2350;2855
P192064301;P192064301_9;I;9200;0;0;11000;2350;2855
P192064301;P192064301_10;J;11000;0;0;12000;1200;2160
P192064301;P192064301_11;K;11000;1234;0;12010;2440;2170
P192064301;P192064301_12;L;12000;0;0;13010;1206;1085
P192064303;P192064303_1;A;0;0;0;1800;2350;2855
P192064303;P192064303_2;B;1800;0;0;3600;2350;2855
P192064303;P192064303_3;C;3600;0;0;5400;2350;2855
P192064303;P192064303_4;D;5400;0;0;7200;2350;2855
P192064303;P192064303_5;E;7200;0;0;9000;2350;2855
P192064303;P192064303_6;F;9000;0;0;10800;2350;2855
P192064303;P192064303_7;G;10800;0;0;12600;2350;2855
P191064309;P191064309_1;A;0;0;0;1800;2350;2855
P191064309;P191064309_2;B;1800;0;0;3600;2350;2855
P191064309;P191064309_3;C;3600;0;0;5400;2350;2855
P191064309;P191064309_4;D;5400;0;0;7200;2350;2855
P191064309;P191064309_5;E;7200;0;0;9000;2350;2855
P191064309;P191064309_6;F;9000;0;0;10800;2350;2855
P191064309;P191064309_7;G;10800;0;0;12600;2350;2855
P191064305;P191064305_1;A;0;0;0;1800;2350;2855
P191064305;P191064305_2;B;1800;0;0;3600;2350;2855
P191064305;P191064305_3;C;3600;0;0;5400;2350;2855
P191064305;P191064305_4;D;5400;0;0;7200;2350;2855
P191064305;P191064305_5;E;7200;0;0;9000;2350;2855
P191064305;P191064305_6;F;9000;0;0;10800;2350;2855
P191064305;P191064305_7;G;10800;0;0;12600;2350;2855
P191064303;P191064303_1;A;0;0;0;1800;2350;2855
P191064303;P191064303_2;B;1800;0;0;3600;2350;2855
P191064303;P191064303_3;C;3600;0;0;5400;2350;2855
P191064303;P191064303_4;D;5400;0;0;7200;2350;2855
P191064303;P191064303_5;E;7200;0;0;9000;2350;2855
P191064303;P191064303_6;F;9000;0;0;10800;2350;2855
P191064303;P191064303_7;G;10800;0;0;12600;2350;2855
P189064351;P189064351_1;A;0;0;0;1800;2350;2855
P189064351;P189064351_2;B;1800;0;0;3600;2350;2855
P189064351;P189064351_3;C;3600;0;0;4600;1200;2865
P189064351;P189064351_4;D;3600;1240;0;4600;2440;2865
P189064351;P189064351_5;E;4600;0;0;6400;2350;2855
P189064351;P189064351_6;F;6400;0;0;8200;2350;2855
P189064351;P189064351_7;G;8200;0;0;10000;2350;2855
P189064351;P189064351_8;H;10000;0;0;11800;2350;2855
P188064309;P188064309_1;A;0;0;0;1800;2350;2855
P188064309;P188064309_2;B;1800;0;0;3600;2350;2855
P188064309;P188064309_3;C;3600;0;0;5400;2350;2855
P188064309;P188064309_4;D;5400;0;0;7200;2350;2855
P188064309;P188064309_5;E;7200;0;0;9000;2350;2855
P188064309;P188064309_6;F;9000;0;0;10800;2350;2855
P188064309;P188064309_7;G;10800;0;0;12600;2350;2855
P188064305;P188064305_1;A;0;0;0;1800;2350;2855
P188064305;P188064305_2;B;1800;0;0;3600;2350;2855
P188064305;P188064305_3;C;3600;0;0;5400;2350;2855
P188064305;P188064305_4;D;5400;0;0;7200;2350;2855
P188064305;P188064305_5;E;7200;0;0;9000;2350;2855
P188064305;P188064305_6;F;9000;0;0;10800;2350;2855
P188064305;P188064305_7;G;10800;0;0;12600;2350;2855
P188064311;P188064311_1;A;0;0;0;1800;2350;2855
P188064311;P188064311_2;B;1800;0;0;3600;2350;2855
P188064311;P188064311_3;C;3600;0;0;5400;2350;2855
P188064311;P188064311_4;D;5400;0;0;7200;2350;2855
P188064311;P188064311_5;E;7200;0;0;9000;2350;2855
P188064311;P188064311_6;F;9000;0;0;10800;2350;2855
P188064311;P188064311_7;G;10800;0;0;12600;2350;2855
P188064303;P188064303_1;A;0;0;0;1800;2350;2855
P188064303;P188064303_2;B;1800;0;0;3600;2350;2855
P188064303;P188064303_3;C;3600;0;0;5400;2350;2855
P188064303;P188064303_4;D;5400;0;0;7200;2350;2855
P188064303;P188064303_5;E;7200;0;0;9000;2350;2855
P188064303;P188064303_6;F;9000;0;0;10800;2350;2855
P188064303;P188064303_7;G;10800;0;0;12600;2350;2855
P187064309;P187064309_1;A;0;0;0;1800;2350;2855
P187064309;P187064309_2;B;1800;0;0;3600;2350;2855
P187064309;P187064309_3;C;3600;0;0;5400;2350;2855
P187064309;P187064309_4;D;5400;0;0;7200;2350;2855
P187064309;P187064309_5;E;7200;0;0;9000;2350;2855
P187064309;P187064309_6;F;9000;0;0;10800;2350;2855
P187064309;P187064309_7;G;10800;0;0;12600;2350;2855
P187064305;P187064305_1;A;0;0;0;1800;2350;2855
P187064305;P187064305_2;B;1800;0;0;3600;2350;2855
P187064305;P187064305_3;C;3600;0;0;5400;2350;2855
P187064305;P187064305_4;D;5400;0;0;7200;2350;2855
P187064305;P187064305_5;E;7200;0;0;9000;2350;2855
P187064305;P187064305_6;F;9000;0;0;10800;2350;2855
P187064305;P187064305_7;G;10800;0;0;12600;2350;2855
P187064303;P187064303_1;A;0;0;0;1800;2350;2855
P187064303;P187064303_2;B;1800;0;0;3600;2350;2855
P187064303;P187064303_3;C;3600;0;0;5400;2350;2855
P187064303;P187064303_4;D;5400;0;0;7200;2350;2855
P187064303;P187064303_5;E;7200;0;0;9000;2350;2855
P187064303;P187064303_6;F;9000;0;0;10800;2350;2855
P187064303;P187064303_7;G;10800;0;0;12600;2350;2855
P186064309;P186064309_1;A;0;0;0;1800;2350;2855
P186064309;P186064309_2;B;1800;0;0;3600;2350;2855
P186064309;P186064309_3;C;3600;0;0;5400;2350;2855
P186064309;P186064309_4;D;5400;0;0;7200;2350;2855
P186064309;P186064309_5;E;7200;0;0;9000;2350;2855
P186064309;P186064309_6;F;9000;0;0;10800;2350;2855
P186064309;P186064309_7;G;10800;0;0;12600;2350;2855
P186064305;P186064305_1;A;0;0;0;1800;2350;2855
P186064305;P186064305_2;B;1800;0;0;3600;2350;2855
P186064305;P186064305_3;C;3600;0;0;5400;2350;2855
P186064305;P186064305_4;D;5400;0;0;7200;2350;2855
P186064305;P186064305_5;E;7200;0;0;9000;2350;2855
P186064305;P186064305_6;F;9000;0;0;10800;2350;2855
P186064305;P186064305_7;G;10800;0;0;12600;2350;2855
P186064311;P186064311_1;A;0;0;0;1000;1200;2865
P186064311;P186064311_2;B;0;1240;0;1000;2440;2865
P186064311;P186064311_3;C;1000;0;0;2800;2350;2855
P186064311;P186064311_4;D;2800;0;0;4600;2350;2855
P186064311;P186064311_5;E;4600;0;0;6400;2350;2855
P186064311;P186064311_6;F;6400;0;0;8200;2350;2855
P186064311;P186064311_7;G;8200;0;0;10000;2350;2855
P186064311;P186064311_8;H;10000;0;0;11800;2350;2855
P186064311;P186064311_9;I;11800;1440;0;13000;2440;2865
P186064311;P186064311_10;J;11800;0;0;12800;1200;750
P186064303;P186064303_1;A;0;0;0;1800;2350;2855
P186064303;P186064303_2;B;1800;0;0;3600;2350;2855
P186064303;P186064303_3;C;3600;0;0;5400;2350;2855
P186064303;P186064303_4;D;5400;0;0;7200;2350;2855
P186064303;P186064303_5;E;7200;0;0;9000;2350;2855
P186064303;P186064303_6;F;9000;0;0;10800;2350;2855
P186064303;P186064303_7;G;10800;0;0;12600;2350;2855
P185064309;P185064309_1;A;0;0;0;1800;2350;2855
P185064309;P185064309_2;B;1800;0;0;3600;2350;2855
P185064309;P185064309_3;C;3600;0;0;5400;2350;2855
P185064309;P185064309_4;D;5400;0;0;7200;2350;2855
P185064309;P185064309_5;E;7200;0;0;9000;2350;2855
P185064309;P185064309_6;F;9000;0;0;10800;2350;2855
P185064309;P185064309_7;G;10800;0;0;12600;2350;2855
P185064301;P185064301_1;A;0;0;0;1800;2350;2855
P185064301;P185064301_2;B;1800;90;0;3600;2440;2855
P185064301;P185064301_3;C;3600;0;0;5400;2350;2855
P185064301;P185064301_4;D;5400;0;0;7200;2350;2855
P185064301;P185064301_5;E;7200;1240;0;8200;2440;2865
P185064301;P185064301_6;F;7200;0;0;8200;1200;750
P185064301;P185064301_7;G;8200;0;0;10000;2350;2855
P185064301;P185064301_8;H;10000;1234;0;11010;2440;2170
P185064301;P185064301_9;I;10000;0;0;11010;1206;2170
P185064301;P185064301_10;J;11010;0;0;12020;1206;1085
P185064301;P185064301_11;K;11010;1240;0;12010;2440;445
P185064303;P185064303_1;A;0;0;0;1800;2350;2855
P185064303;P185064303_2;B;1800;0;0;3600;2350;2855
P185064303;P185064303_3;C;3600;0;0;5400;2350;2855
P185064303;P185064303_4;D;5400;0;0;7200;2350;2855
P185064303;P185064303_5;E;7200;0;0;9000;2350;2855
P185064303;P185064303_6;F;9000;0;0;10800;2350;2855
P185064303;P185064303_7;G;10800;0;0;12600;2350;2855
P184064309;P184064309_1;A;0;0;0;1800;2350;2855
P184064309;P184064309_2;B;1800;0;0;3600;2350;2855
P184064309;P184064309_3;C;3600;0;0;5400;2350;2855
P184064309;P184064309_4;D;5400;0;0;7200;2350;2855
P184064309;P184064309_5;E;7200;0;0;9000;2350;2855
P184064309;P184064309_6;F;9000;0;0;10800;2350;2855
P180064309;P180064309_1;A;0;0;0;1800;2350;2855
P180064309;P180064309_2;B;1800;0;0;3600;2350;2855
P180064309;P180064309_3;C;3600;0;0;5400;2350;2855
P180064309;P180064309_4;D;5400;0;0;7200;2350;2855
P180064309;P180064309_5;E;7200;0;0;9000;2350;2855
P180064309;P180064309_6;F;9000;0;0;10800;2350;2855
P180064309;P180064309_7;G;10800;0;0;12600;2350;2855
P180064305;P180064305_1;A;0;0;0;1800;2350;2855
P180064305;P180064305_2;B;1800;0;0;3600;2350;2855
P180064305;P180064305_3;C;3600;0;0;5400;2350;2855
P180064305;P180064305_4;D;5400;0;0;7200;2350;2855
P180064305;P180064305_5;E;7200;0;0;9000;2350;2855
P180064305;P180064305_6;F;9000;0;0;10800;2350;2855
P180064305;P180064305_7;G;10800;0;0;12600;2350;2855
P180064303;P180064303_1;A;0;0;0;1800;2350;2855
P180064303;P180064303_2;B;1800;0;0;3600;2350;2855
P180064303;P180064303_3;C;3600;0;0;5400;2350;2855
P180064303;P180064303_4;D;5400;0;0;7200;2350;2855
P180064303;P180064303_5;E;7200;0;0;9000;2350;2855
P180064303;P180064303_6;F;9000;0;0;10800;2350;2855
P180064303;P180064303_7;G;10800;0;0;12600;2350;2855
P179064305;P179064305_1;A;0;0;0;1800;2350;2855
P179064305;P179064305_2;B;1800;0;0;3600;2350;2855
P179064305;P179064305_3;C;3600;0;0;5400;2350;2855
P179064305;P179064305_4;D;5400;0;0;7200;2350;2855
P179064305;P179064305_5;E;7200;0;0;9000;2350;2855
P179064305;P179064305_6;F;9000;0;0;10800;2350;2855
P179064305;P179064305_7;G;10800;0;0;12600;2350;2855
P179064311;P179064311_1;A;0;0;0;1800;2350;2855
P179064311;P179064311_2;B;1800;0;0;3600;2350;2855
P179064311;P179064311_3;C;3600;0;0;5400;2350;2855
P179064311;P179064311_4;D;5400;0;0;7200;2350;2855
P179064311;P179064311_5;E;7200;0;0;9000;2350;2855
P179064311;P179064311_6;F;9000;0;0;10800;2350;2855
P179064311;P179064311_7;G;10800;0;0;12600;2350;2855
P179064303;P179064303_1;A;0;0;0;1800;2350;2855
P179064303;P179064303_2;B;1800;0;0;3600;2350;2855
P179064303;P179064303_3;C;3600;0;0;5400;2350;2855
P179064303;P179064303_4;D;5400;0;0;7200;2350;2855
P179064303;P179064303_5;E;7200;0;0;9000;2350;2855
P179064303;P179064303_6;F;9000;0;0;10800;2350;2855
P179064303;P179064303_7;G;10800;0;0;12600;2350;2855
P178064309;P178064309_1;A;0;0;0;1800;2350;2855
P178064309;P178064309_2;B;1800;0;0;3600;2350;2855
P178064309;P178064309_3;C;3600;0;0;5400;2350;2855
P178064309;P178064309_4;D;5400;0;0;7200;2350;2855
P178064309;P178064309_5;E;7200;0;0;9000;2350;2855
P178064309;P178064309_6;F;9000;0;0;10800;2350;2855
P178064309;P178064309_7;G;10800;0;0;12600;2350;2855
P178064305;P178064305_1;A;0;0;0;1800;2350;2855
P178064305;P178064305_2;B;1800;0;0;3600;2350;2855
P178064305;P178064305_3;C;3600;0;0;5400;2350;2855
P178064305;P178064305_4;D;5400;0;0;7200;2350;2855
P178064305;P178064305_5;E;7200;0;0;9000;2350;2855
P178064305;P178064305_6;F;9000;0;0;10800;2350;2855
P178064305;P178064305_7;G;10800;0;0;12600;2350;2855
P178064301;P178064301_1;A;0;0;0;1000;1200;2865
P178064301;P178064301_2;B;0;1240;0;1000;2440;2865
P178064301;P178064301_3;C;1000;0;0;2800;2350;2855
P178064301;P178064301_4;D;2800;0;0;4600;2350;2855
P178064301;P178064301_5;E;4600;0;0;6400;2350;2855
P178064301;P178064301_6;F;6400;0;0;8200;2350;2855
P178064301;P178064301_7;G;8200;0;0;10000;2350;2855
P178064301;P178064301_8;H;10000;0;0;11800;2350;2855
P178064301;P178064301_9;I;11800;1440;0;13000;2440;445
P178064301;P178064301_10;J;11800;0;0;12810;1206;2170
P178064303;P178064303_1;A;0;0;0;1800;2350;2855
P178064303;P178064303_2;B;1800;0;0;3600;2350;2855
P178064303;P178064303_3;C;3600;0;0;5400;2350;2855
P178064303;P178064303_4;D;5400;0;0;7200;2350;2855
P178064303;P178064303_5;E;7200;0;0;9000;2350;2855
P178064303;P178064303_6;F;9000;0;0;10800;2350;2855
P178064303;P178064303_7;G;10800;0;0;12600;2350;2855
P177064309;P177064309_1;A;0;0;0;1800;2350;2855
P177064309;P177064309_2;B;1800;0;0;3600;2350;2855
P177064309;P177064309_3;C;3600;0;0;5400;2350;2855
P177064309;P177064309_4;D;5400;0;0;7200;2350;2855
P177064309;P177064309_5;E;7200;0;0;9000;2350;2855
P177064309;P177064309_6;F;9000;0;0;10800;2350;2855
P177064309;P177064309_7;G;10800;0;0;12600;2350;2855
P177064305;P177064305_1;A;0;0;0;1800;2350;2855
P177064305;P177064305_2;B;1800;0;0;3600;2350;2855
P177064305;P177064305_3;C;3600;0;0;5400;2350;2855
P177064305;P177064305_4;D;5400;0;0;7200;2350;2855
P177064305;P177064305_5;E;7200;0;0;9000;2350;2855
P177064305;P177064305_6;F;9000;0;0;10800;2350;2855
P177064305;P177064305_7;G;10800;0;0;12600;2350;2855
P177064303;P177064303_1;A;0;0;0;1800;2350;2855
P177064303;P177064303_2;B;1800;0;0;3600;2350;2855
P177064303;P177064303_3;C;3600;0;0;5400;2350;2855
P177064303;P177064303_4;D;5400;0;0;7200;2350;2855
P177064303;P177064303_5;E;7200;0;0;9000;2350;2855
P177064303;P177064303_6;F;9000;0;0;10800;2350;2855
P177064303;P177064303_7;G;10800;0;0;12600;2350;2855
P174064305;P174064305_1;A;0;0;0;1800;2350;2855
P174064305;P174064305_2;B;1800;90;0;3600;2440;2855
P174064305;P174064305_3;C;3600;0;0;5400;2350;2855
P174064305;P174064305_4;D;5400;0;0;7200;2350;2855
P174064305;P174064305_5;E;7200;0;0;9000;2350;2855
P174064305;P174064305_6;F;9000;0;0;10800;2350;2855
P174064305;P174064305_7;G;10800;0;0;12600;2350;2855
P174064311;P174064311_1;A;0;0;0;1000;1200;2865
P174064311;P174064311_2;B;0;1240;0;1000;2440;2865
P174064311;P174064311_3;C;1000;0;0;2800;2350;2855
P174064311;P174064311_4;D;2800;0;0;4600;2350;2855
P174064311;P174064311_5;E;4600;0;0;6400;2350;2855
P174064311;P174064311_6;F;6400;0;0;8200;2350;2855
P174064311;P174064311_7;G;8200;0;0;10000;2350;2855
P174064311;P174064311_8;H;10000;0;0;11800;2350;2855
P174064311;P174064311_9;I;11800;1440;0;13000;2440;2865
P174064311;P174064311_10;J;11800;0;0;12800;1200;2160
P174064303;P174064303_1;A;0;0;0;1800;2350;2855
P174064303;P174064303_2;B;1800;0;0;3600;2350;2855
P174064303;P174064303_3;C;3600;0;0;5400;2350;2855
P174064303;P174064303_4;D;5400;0;0;7200;2350;2855
P174064303;P174064303_5;E;7200;0;0;9000;2350;2855
P174064303;P174064303_6;F;9000;0;0;10800;2350;2855
P174064303;P174064303_7;G;10800;0;0;12600;2350;2855
P173064309;P173064309_1;A;0;0;0;1800;2350;2855
P173064309;P173064309_2;B;1800;0;0;3600;2350;2855
P173064309;P173064309_3;C;3600;0;0;5400;2350;2855
P173064309;P173064309_4;D;5400;0;0;7200;2350;2855
P173064309;P173064309_5;E;7200;0;0;9000;2350;2855
P173064309;P173064309_6;F;9000;0;0;10800;2350;2855
P173064309;P173064309_7;G;10800;0;0;12600;2350;2855
P173064305;P173064305_1;A;0;0;0;1800;2350;2855
P173064305;P173064305_2;B;1800;0;0;3600;2350;2855
P173064305;P173064305_3;C;3600;0;0;5400;2350;2855
P173064305;P173064305_4;D;5400;0;0;7200;2350;2855
P173064305;P173064305_5;E;7200;0;0;9000;2350;2855
P173064305;P173064305_6;F;9000;0;0;10800;2350;2855
P173064305;P173064305_7;G;10800;0;0;12600;2350;2855
P173064303;P173064303_1;A;0;0;0;1800;2350;2855
P173064303;P173064303_2;B;1800;0;0;3600;2350;2855
P173064303;P173064303_3;C;3600;0;0;5400;2350;2855
P173064303;P173064303_4;D;5400;0;0;7200;2350;2855
P173064303;P173064303_5;E;7200;0;0;9000;2350;2855
P173064303;P173064303_6;F;9000;0;0;10800;2350;2855
P173064303;P173064303_7;G;10800;0;0;12600;2350;2855
P172064309;P172064309_1;A;0;0;0;1800;2350;2855
P172064309;P172064309_2;B;1800;0;0;3600;2350;2855
P172064309;P172064309_3;C;3600;0;0;5400;2350;2855
P172064309;P172064309_4;D;5400;0;0;7200;2350;2855
P172064309;P172064309_5;E;7200;0;0;9000;2350;2855
P172064309;P172064309_6;F;9000;0;0;10800;2350;2855
P172064309;P172064309_7;G;10800;0;0;12600;2350;2855
P172064305;P172064305_1;A;0;0;0;1800;2350;2855
P172064305;P172064305_2;B;1800;0;0;3600;2350;2855
P172064305;P172064305_3;C;3600;0;0;5400;2350;2855
P172064305;P172064305_4;D;5400;0;0;7200;2350;2855
P172064305;P172064305_5;E;7200;0;0;9000;2350;2855
P172064305;P172064305_6;F;9000;0;0;10800;2350;2855
P172064305;P172064305_7;G;10800;0;0;12600;2350;2855
P172064311;P172064311_1;A;0;0;0;1800;2350;2855
P172064311;P172064311_2;B;1800;0;0;3600;2350;2855
P172064311;P172064311_3;C;3600;0;0;5400;2350;2855
P172064311;P172064311_4;D;5400;0;0;7200;2350;2855
P172064311;P172064311_5;E;7200;0;0;9000;2350;2855
P172064311;P172064311_6;F;9000;0;0;10800;2350;2855
P172064311;P172064311_7;G;10800;0;0;12600;2350;2855
P172064303;P172064303_1;A;0;0;0;1800;2350;2855
P172064303;P172064303_2;B;1800;0;0;3600;2350;2855
P172064303;P172064303_3;C;3600;0;0;5400;2350;2855
P172064303;P172064303_4;D;5400;0;0;7200;2350;2855
P172064303;P172064303_5;E;7200;0;0;9000;2350;2855
P172064303;P172064303_6;F;9000;0;0;10800;2350;2855
P172064303;P172064303_7;G;10800;0;0;12600;2350;2855
P171064309;P171064309_1;A;0;0;0;1800;2350;2855
P171064309;P171064309_2;B;1800;0;0;3600;2350;2855
P171064309;P171064309_3;C;3600;0;0;5400;2350;2855
P171064309;P171064309_4;D;5400;0;0;7200;2350;2855
P171064309;P171064309_5;E;7200;0;0;9000;2350;2855
P171064309;P171064309_6;F;9000;0;0;10800;2350;2855
P171064309;P171064309_7;G;10800;0;0;12600;2350;2855
P171064305;P171064305_1;A;0;0;0;1800;2350;2855
P171064305;P171064305_2;B;1800;0;0;3600;2350;2855
P171064305;P171064305_3;C;3600;0;0;5400;2350;2855
P171064305;P171064305_4;D;5400;0;0;7200;2350;2855
P171064305;P171064305_5;E;7200;0;0;9000;2350;2855
P171064305;P171064305_6;F;9000;0;0;10800;2350;2855
P171064305;P171064305_7;G;10800;0;0;12600;2350;2855
P171064301;P171064301_1;A;0;0;0;1000;1200;2865
P171064301;P171064301_2;B;0;1240;0;1000;2440;2865
P171064301;P171064301_3;C;1000;1240;0;2000;2440;2865
P171064301;P171064301_4;D;1000;0;0;2000;1200;750
P171064301;P171064301_5;E;2000;0;0;3800;2350;2855
P171064301;P171064301_6;F;3800;0;0;5600;2350;2855
P171064301;P171064301_7;G;5600;0;0;7400;2350;2855
P171064301;P171064301_8;H;7400;0;0;9200;2350;2855
P171064301;P171064301_9;I;9200;0;0;11000;2350;2855
P171064301;P171064301_10;J;11000;1234;0;12010;2440;2170
P171064301;P171064301_11;K;11000;0;0;12010;1206;2170
P171064301;P171064301_12;L;12010;0;0;13210;1000;445
P171064303;P171064303_1;A;0;0;0;1800;2350;2855
P171064303;P171064303_2;B;1800;0;0;3600;2350;2855
P171064303;P171064303_3;C;3600;0;0;5400;2350;2855
P171064303;P171064303_4;D;5400;0;0;7200;2350;2855
P171064303;P171064303_5;E;7200;0;0;9000;2350;2855
P171064303;P171064303_6;F;9000;0;0;10800;2350;2855
P171064303;P171064303_7;G;10800;0;0;12600;2350;2855
P170064309;P170064309_1;A;0;0;0;1800;2350;2855
P170064309;P170064309_2;B;1800;0;0;3600;2350;2855
P170064309;P170064309_3;C;3600;0;0;5400;2350;2855
P170064309;P170064309_4;D;5400;0;0;7200;2350;2855
P170064309;P170064309_5;E;7200;0;0;9000;2350;2855
P170064309;P170064309_6;F;9000;0;0;10800;2350;2855
P170064309;P170064309_7;G;10800;0;0;12600;2350;2855
P170064305;P170064305_1;A;0;0;0;1800;2350;2855
P170064305;P170064305_2;B;1800;0;0;3600;2350;2855
P170064305;P170064305_3;C;3600;0;0;5400;2350;2855
P170064305;P170064305_4;D;5400;0;0;7200;2350;2855
P170064305;P170064305_5;E;7200;0;0;9000;2350;2855
P170064305;P170064305_6;F;9000;0;0;10800;2350;2855
P170064305;P170064305_7;G;10800;0;0;12600;2350;2855
P170064303;P170064303_1;A;0;0;0;1800;2350;2855
P170064303;P170064303_2;B;1800;0;0;3600;2350;2855
P170064303;P170064303_3;C;3600;0;0;5400;2350;2855
P170064303;P170064303_4;D;5400;0;0;7200;2350;2855
P170064303;P170064303_5;E;7200;0;0;9000;2350;2855
P170064303;P170064303_6;F;9000;0;0;10800;2350;2855
P170064303;P170064303_7;G;10800;0;0;12600;2350;2855
P167064309;P167064309_1;A;0;0;0;1800;2350;2855
P167064309;P167064309_2;B;1800;0;0;3600;2350;2855
P167064309;P167064309_3;C;3600;0;0;5400;2350;2855
P167064309;P167064309_4;D;5400;0;0;7200;2350;2855
P167064309;P167064309_5;E;7200;0;0;9000;2350;2855
P167064309;P167064309_6;F;9000;0;0;10800;2350;2855
P167064309;P167064309_7;G;10800;0;0;12600;2350;1450
P167064305;P167064305_1;A;0;0;0;1800;2350;2855
P167064305;P167064305_2;B;1800;0;0;3600;2350;2855
P167064305;P167064305_3;C;3600;0;0;5400;2350;2855
P167064305;P167064305_4;D;5400;0;0;7200;2350;2855
P167064305;P167064305_5;E;7200;0;0;9000;2350;2855
P167064305;P167064305_6;F;9000;0;0;10800;2350;2855
P167064305;P167064305_7;G;10800;0;0;12600;2350;2855
P167064311;P167064311_1;A;0;0;0;1000;1200;2865
P167064311;P167064311_2;B;0;1240;0;1000;2440;2160
P167064311;P167064311_3;C;1000;1240;0;2000;2440;750
P167064311;P167064311_4;D;2000;0;0;3800;2350;2855
P167064311;P167064311_5;E;3800;0;0;5600;2350;2855
P167064311;P167064311_6;F;5600;0;0;7400;2350;2855
P167064311;P167064311_7;G;7400;0;0;9200;2350;2855
P167064311;P167064311_8;H;9200;0;0;11000;2350;2855
P167064311;P167064311_9;I;11000;0;0;12800;2350;2855
P167064303;P167064303_1;A;0;0;0;1800;2350;2855
P167064303;P167064303_2;B;1800;0;0;3600;2350;2855
P167064303;P167064303_3;C;3600;0;0;5400;2350;2855
P167064303;P167064303_4;D;5400;0;0;7200;2350;2855
P167064303;P167064303_5;E;7200;0;0;9000;2350;2855
P167064303;P167064303_6;F;9000;0;0;10800;2350;2855
P167064303;P167064303_7;G;10800;0;0;12600;2350;2855
P166064309;P166064309_1;A;0;0;0;1800;2350;2855
P166064309;P166064309_2;B;1800;0;0;3600;2350;2855
P166064309;P166064309_3;C;3600;0;0;5400;2350;2855
P166064309;P166064309_4;D;5400;0;0;7200;2350;2855
P166064309;P166064309_5;E;7200;0;0;9000;2350;2855
P166064309;P166064309_6;F;9000;0;0;10800;2350;2855
P166064309;P166064309_7;G;10800;0;0;12600;2350;2855
Q166064309_1;Q166064309_1_1;A;0;0;0;1800;2350;2855
Q166064309_1;Q166064309_1_2;B;1800;0;0;3600;2350;2855
Q166064309_1;Q166064309_1_3;C;3600;0;0;5400;2350;1450
P181066103;P181066103_1;A;0;0;0;1010;1206;1185
P181066103;P181066103_2;B;0;1240;0;1000;2440;470
P181066103;P181066103_3;C;1000;1240;0;2650;2440;2655
P181066103;P181066103_4;D;1010;0;0;2660;1200;2655
P181066103;P181066103_5;E;2650;1240;0;4300;2440;2655
P181066103;P181066103_6;F;2660;0;0;4310;1200;2655
P181066103;P181066103_7;G;4300;1240;0;5950;2440;2655
P181066103;P181066103_8;H;4310;0;0;5960;1200;2655
P181066103;P181066103_9;I;5950;1240;0;7600;2440;2655
P181066103;P181066103_10;J;5960;0;0;7610;1200;2655
P181066103;P181066103_11;K;7600;1240;0;9250;2440;2655
P180066109;P180066109_1;A;0;0;0;1650;1200;2655
P180066109;P180066109_2;B;0;1240;0;1650;2440;2655
P180066109;P180066109_3;C;1650;1240;0;3300;2440;2655
P180066109;P180066109_4;D;1650;0;0;3300;1200;2655
P180066109;P180066109_5;E;3300;0;0;4950;1200;2655
P180066109;P180066109_6;F;3300;1240;0;4950;2440;2655
P180066109;P180066109_7;G;4950;1240;0;6600;2440;2655
P180066109;P180066109_8;H;4950;0;0;6600;1200;2655
P180066109;P180066109_9;I;6600;0;0;8250;1200;2655
P180066109;P180066109_10;J;6600;1240;0;8250;2440;2655
P180066109;P180066109_11;K;8250;1240;0;9900;2440;2655
P180066109;P180066109_12;L;8250;0;0;9900;1200;2655
P180066109;P180066109_13;M;9900;0;0;11550;1200;2655
P180066109;P180066109_14;N;9900;1240;0;11550;2440;2655
P180066109;P180066109_15;O;11550;1240;0;13200;2440;2655
P180066109;P180066109_16;P;11550;0;0;13200;1200;2655
P180066107;P180066107_1;A;0;0;0;1650;1200;2655
P180066107;P180066107_2;B;0;1240;0;1650;2440;2655
P180066107;P180066107_3;C;1650;1240;0;3300;2440;2655
P180066107;P180066107_4;D;1650;0;0;3300;1200;2655
P180066107;P180066107_5;E;3300;0;0;4950;1200;2655
P180066107;P180066107_6;F;3300;1240;0;4950;2440;2655
P180066107;P180066107_7;G;4950;1240;0;6600;2440;2655
P180066107;P180066107_8;H;4950;0;0;6600;1200;2655
P180066107;P180066107_9;I;6600;0;0;8250;1200;2655
P180066107;P180066107_10;J;6600;1240;0;8250;2440;2655
P180066107;P180066107_11;K;8250;1240;0;9900;2440;2655
P180066107;P180066107_12;L;8250;0;0;9900;1200;2655
P180066107;P180066107_13;M;9900;0;0;11550;1200;2655
P180066107;P180066107_14;N;9900;1240;0;11550;2440;2655
P180066107;P180066107_15;O;11550;1240;0;13200;2440;2655
P180066107;P180066107_16;P;11550;0;0;13200;1200;2655
P180066105;P180066105_1;A;0;0;0;1650;1200;2655
P180066105;P180066105_2;B;0;1240;0;1650;2440;2655
P180066105;P180066105_3;C;1650;1240;0;3300;2440;2655
P180066105;P180066105_4;D;1650;0;0;3300;1200;2655
P180066105;P180066105_5;E;3300;0;0;4950;1200;2655
P180066105;P180066105_6;F;3300;1240;0;4950;2440;2655
P180066105;P180066105_7;G;4950;1240;0;6600;2440;2655
P180066105;P180066105_8;H;4950;0;0;6600;1200;2655
P180066105;P180066105_9;I;6600;0;0;8250;1200;2655
P180066105;P180066105_10;J;6600;1240;0;8250;2440;2655
P180066105;P180066105_11;K;8250;1240;0;9900;2440;2655
P180066105;P180066105_12;L;8250;0;0;9900;1200;2655
P180066105;P180066105_13;M;9900;0;0;11550;1200;2655
P180066105;P180066105_14;N;9900;1240;0;11550;2440;2655
P180066105;P180066105_15;O;11550;1240;0;13200;2440;2655
P180066105;P180066105_16;P;11550;0;0;13200;1200;2655
P180066101;P180066101_1;A;0;0;0;1650;1200;2655
P180066101;P180066101_2;B;0;1240;0;1650;2440;2655
P180066101;P180066101_3;C;1650;1240;0;3300;2440;2655
P180066101;P180066101_4;D;1650;0;0;3300;1200;2655
P180066101;P180066101_5;E;3300;0;0;4950;1200;2655
P180066101;P180066101_6;F;3300;1240;0;4950;2440;2655
P180066101;P180066101_7;G;4950;1240;0;6600;2440;2655
P180066101;P180066101_8;H;4950;0;0;6600;1200;2655
P180066101;P180066101_9;I;6600;0;0;8250;1200;2655
P180066101;P180066101_10;J;6600;1240;0;8250;2440;2655
P180066101;P180066101_11;K;8250;1240;0;9900;2440;2655
P180066101;P180066101_12;L;8250;0;0;9900;1200;2655
P180066101;P180066101_13;M;9900;0;0;11550;1200;2655
P180066101;P180066101_14;N;9900;1240;0;11550;2440;2655
P180066101;P180066101_15;O;11550;1240;0;13200;2440;2655
P180066101;P180066101_16;P;11550;0;0;13200;1200;2655
P179066111;P179066111_1;A;0;0;0;1650;1200;2655
P179066111;P179066111_2;B;0;1240;0;1650;2440;2655
P179066111;P179066111_3;C;1650;1240;0;3300;2440;2655
P179066111;P179066111_4;D;1650;0;0;3300;1200;2655
P179066111;P179066111_5;E;3300;0;0;4950;1200;2655
P179066111;P179066111_6;F;3300;1240;0;4950;2440;2655
P179066111;P179066111_7;G;4950;1240;0;6600;2440;2655
P179066111;P179066111_8;H;4950;0;0;6600;1200;2655
P179066111;P179066111_9;I;6600;0;0;8250;1200;2655
P179066111;P179066111_10;J;6600;1240;0;8250;2440;2655
P179066111;P179066111_11;K;8250;1240;0;9900;2440;2655
P179066111;P179066111_12;L;8250;0;0;9900;1200;2655
P179066111;P179066111_13;M;9900;0;0;11550;1200;1350
P179066109;P179066109_1;A;0;0;0;1650;1200;2655
P179066109;P179066109_2;B;0;1240;0;1650;2440;2655
P179066109;P179066109_3;C;1650;1240;0;3300;2440;2655
P179066109;P179066109_4;D;1650;0;0;3300;1200;2655
P179066109;P179066109_5;E;3300;0;0;4950;1200;2655
P179066109;P179066109_6;F;3300;1240;0;4950;2440;2655
P179066109;P179066109_7;G;4950;1240;0;6600;2440;2655
P179066109;P179066109_8;H;4950;0;0;6600;1200;2655
P179066109;P179066109_9;I;6600;0;0;8250;1200;2655
P179066109;P179066109_10;J;6600;1240;0;8250;2440;2655
P179066109;P179066109_11;K;8250;1240;0;9900;2440;2655
P179066109;P179066109_12;L;8250;0;0;9900;1200;2655
P179066109;P179066109_13;M;9900;0;0;11550;1200;2655
P179066109;P179066109_14;N;9900;1240;0;11550;2440;2655
P179066109;P179066109_15;O;11550;1240;0;13200;2440;2655
P179066109;P179066109_16;P;11550;0;0;13200;1200;2655
P179066107;P179066107_1;A;0;0;0;1650;1200;2655
P179066107;P179066107_2;B;0;1240;0;1650;2440;2655
P179066107;P179066107_3;C;1650;1240;0;3300;2440;2655
P179066107;P179066107_4;D;1650;0;0;3300;1200;2655
P179066107;P179066107_5;E;3300;0;0;4950;1200;2655
P179066107;P179066107_6;F;3300;1240;0;4950;2440;2655
P179066107;P179066107_7;G;4950;1240;0;6600;2440;2655
P179066107;P179066107_8;H;4950;0;0;6600;1200;2655
P179066107;P179066107_9;I;6600;0;0;8250;1200;2655
P179066107;P179066107_10;J;6600;1240;0;8250;2440;2655
P179066107;P179066107_11;K;8250;1240;0;9900;2440;2655
P179066107;P179066107_12;L;8250;0;0;9900;1200;2655
P179066107;P179066107_13;M;9900;0;0;11550;1200;2655
P179066107;P179066107_14;N;9900;1240;0;11550;2440;2655
P179066107;P179066107_15;O;11550;1240;0;13200;2440;2655
P179066107;P179066107_16;P;11550;0;0;13200;1200;2655
P179066101;P179066101_1;A;0;0;0;1650;1200;2655
P179066101;P179066101_2;B;0;1240;0;1650;2440;2655
P179066101;P179066101_3;C;1650;1240;0;3300;2440;2655
P179066101;P179066101_4;D;1650;0;0;3300;1200;2655
P179066101;P179066101_5;E;3300;0;0;4950;1200;2655
P179066101;P179066101_6;F;3300;1240;0;4950;2440;2655
P179066101;P179066101_7;G;4950;1240;0;6600;2440;2655
P179066101;P179066101_8;H;4950;0;0;6600;1200;2655
P179066101;P179066101_9;I;6600;0;0;8250;1200;2655
P179066101;P179066101_10;J;6600;1240;0;8250;2440;2655
P179066101;P179066101_11;K;8250;1240;0;9900;2440;2655
P179066101;P179066101_12;L;8250;0;0;9900;1200;2655
P179066101;P179066101_13;M;9900;0;0;11550;1200;2655
P179066101;P179066101_14;N;9900;1240;0;11550;2440;2655
P179066101;P179066101_15;O;11550;1240;0;13200;2440;2655
P179066101;P179066101_16;P;11550;0;0;13200;1200;2655
P178066111;P178066111_1;A;0;0;0;1650;1200;2655
P178066111;P178066111_2;B;0;1240;0;1650;2440;2655
P178066111;P178066111_3;C;1650;1240;0;3300;2440;2655
P178066111;P178066111_4;D;1650;0;0;3300;1200;2655
P178066111;P178066111_5;E;3300;0;0;4950;1200;2655
P178066111;P178066111_6;F;3300;1240;0;4950;2440;2655
P178066111;P178066111_7;G;4950;1240;0;6600;2440;2655
P178066111;P178066111_8;H;4950;0;0;6600;1200;2655
P178066111;P178066111_9;I;6600;0;0;8250;1200;2655
P178066111;P178066111_10;J;6600;1240;0;8250;2440;2655
P178066111;P178066111_11;K;8250;1240;0;9900;2440;2655
P178066111;P178066111_12;L;8250;0;0;9900;1200;2655
P178066111;P178066111_13;M;9900;0;0;11550;1200;2655
P178066111;P178066111_14;N;9900;1240;0;11550;2440;2655
P178066111;P178066111_15;O;11550;1240;0;13200;2440;2655
P178066111;P178066111_16;P;11550;0;0;13200;1200;2655
P178066109;P178066109_1;A;0;0;0;1650;1200;2655
P178066109;P178066109_2;B;0;1240;0;1650;2440;2655
P178066109;P178066109_3;C;1650;1240;0;3300;2440;2655
P178066109;P178066109_4;D;1650;0;0;3300;1200;2655
P178066109;P178066109_5;E;3300;0;0;4950;1200;2655
P178066109;P178066109_6;F;3300;1240;0;4950;2440;2655
P178066109;P178066109_7;G;4950;1240;0;6600;2440;2655
P178066109;P178066109_8;H;4950;0;0;6600;1200;2655
P178066109;P178066109_9;I;6600;0;0;8250;1200;2655
P178066109;P178066109_10;J;6600;1240;0;8250;2440;2655
P178066109;P178066109_11;K;8250;1240;0;9900;2440;2655
P178066109;P178066109_12;L;8250;0;0;9900;1200;2655
P178066109;P178066109_13;M;9900;0;0;11550;1200;2655
P178066109;P178066109_14;N;9900;1240;0;11550;2440;2655
P178066109;P178066109_15;O;11550;1240;0;13200;2440;2655
P178066109;P178066109_16;P;11550;0;0;13200;1200;2655
P178066107;P178066107_1;A;0;0;0;1650;1200;2655
P178066107;P178066107_2;B;0;1240;0;1650;2440;2655
P178066107;P178066107_3;C;1650;1240;0;3300;2440;2655
P178066107;P178066107_4;D;1650;0;0;3300;1200;2655
P178066107;P178066107_5;E;3300;0;0;4950;1200;2655
P178066107;P178066107_6;F;3300;1240;0;4950;2440;2655
P178066107;P178066107_7;G;4950;1240;0;6600;2440;2655
P178066107;P178066107_8;H;4950;0;0;6600;1200;2655
P178066107;P178066107_9;I;6600;0;0;8250;1200;2655
P178066107;P178066107_10;J;6600;1240;0;8250;2440;2655
P178066107;P178066107_11;K;8250;1240;0;9900;2440;2655
P178066107;P178066107_12;L;8250;0;0;9900;1200;2655
P178066107;P178066107_13;M;9900;0;0;11550;1200;2655
P178066107;P178066107_14;N;9900;1240;0;11550;2440;2655
P178066107;P178066107_15;O;11550;1240;0;13200;2440;2655
P178066107;P178066107_16;P;11550;0;0;13200;1200;2655
P178066105;P178066105_1;A;0;0;0;1650;1200;2655
P178066105;P178066105_2;B;0;1240;0;1650;2440;2655
P178066105;P178066105_3;C;1650;1240;0;3300;2440;2655
P178066105;P178066105_4;D;1650;0;0;3300;1200;2655
P178066105;P178066105_5;E;3300;0;0;4950;1200;2655
P178066105;P178066105_6;F;3300;1240;0;4950;2440;2655
P178066105;P178066105_7;G;4950;1240;0;6600;2440;2655
P178066105;P178066105_8;H;4950;0;0;6600;1200;2655
P178066105;P178066105_9;I;6600;0;0;8250;1200;2655
P178066105;P178066105_10;J;6600;1240;0;8250;2440;2655
P178066105;P178066105_11;K;8250;1240;0;9900;2440;2655
P178066105;P178066105_12;L;8250;0;0;9900;1200;2655
P178066105;P178066105_13;M;9900;0;0;11550;1200;2655
P178066105;P178066105_14;N;9900;1240;0;11550;2440;2655
P178066105;P178066105_15;O;11550;1240;0;13200;2440;2655
P178066105;P178066105_16;P;11550;0;0;13200;1200;2655
P178066101;P178066101_1;A;0;0;0;1650;1200;2655
P178066101;P178066101_2;B;0;1240;0;1650;2440;2655
P178066101;P178066101_3;C;1650;1240;0;3300;2440;2655
P178066101;P178066101_4;D;1650;0;0;3300;1200;2655
P178066101;P178066101_5;E;3300;0;0;4950;1200;2655
P178066101;P178066101_6;F;3300;1240;0;4950;2440;2655
P178066101;P178066101_7;G;4950;1240;0;6600;2440;2655
P178066101;P178066101_8;H;4950;0;0;6600;1200;2655
P178066101;P178066101_9;I;6600;0;0;8250;1200;2655
P178066101;P178066101_10;J;6600;1240;0;8250;2440;2655
P178066101;P178066101_11;K;8250;1240;0;9900;2440;2655
P178066101;P178066101_12;L;8250;0;0;9900;1200;2655
P178066101;P178066101_13;M;9900;0;0;11550;1200;2655
P178066101;P178066101_14;N;9900;1240;0;11550;2440;2655
P178066101;P178066101_15;O;11550;1240;0;13200;2440;2655
P178066101;P178066101_16;P;11550;0;0;13200;1200;2655
P177066109;P177066109_1;A;0;0;0;1650;1200;2655
P177066109;P177066109_2;B;0;1240;0;1650;2440;2655
P177066109;P177066109_3;C;1650;1240;0;3300;2440;2655
P177066109;P177066109_4;D;1650;0;0;3300;1200;2655
P177066109;P177066109_5;E;3300;0;0;4950;1200;2655
P177066109;P177066109_6;F;3300;1240;0;4950;2440;2655
P177066109;P177066109_7;G;4950;1240;0;6600;2440;2655
P177066109;P177066109_8;H;4950;0;0;6600;1200;2655
P177066109;P177066109_9;I;6600;0;0;8250;1200;2655
P177066109;P177066109_10;J;6600;1240;0;8250;2440;2655
P177066109;P177066109_11;K;8250;1240;0;9900;2440;2655
P177066109;P177066109_12;L;8250;0;0;9900;1200;2655
P177066109;P177066109_13;M;9900;0;0;11550;1200;2655
P177066109;P177066109_14;N;9900;1240;0;11550;2440;2655
P177066109;P177066109_15;O;11550;1240;0;13200;2440;2655
P177066109;P177066109_16;P;11550;0;0;13200;1200;2655
P177066107;P177066107_1;A;0;0;0;1650;1200;2655
P177066107;P177066107_2;B;0;1240;0;1650;2440;2655
P177066107;P177066107_3;C;1650;1240;0;3300;2440;2655
P177066107;P177066107_4;D;1650;0;0;3300;1200;2655
P177066107;P177066107_5;E;3300;0;0;4950;1200;2655
P177066107;P177066107_6;F;3300;1240;0;4950;2440;2655
P177066107;P177066107_7;G;4950;1240;0;6600;2440;2655
P177066107;P177066107_8;H;4950;0;0;6600;1200;2655
P177066107;P177066107_9;I;6600;0;0;8250;1200;2655
P177066107;P177066107_10;J;6600;1240;0;8250;2440;2655
P177066107;P177066107_11;K;8250;1240;0;9900;2440;2655
P177066107;P177066107_12;L;8250;0;0;9900;1200;2655
P177066107;P177066107_13;M;9900;0;0;11550;1200;2655
P177066107;P177066107_14;N;9900;1240;0;11550;2440;2655
P177066107;P177066107_15;O;11550;1240;0;13200;2440;2655
P177066107;P177066107_16;P;11550;0;0;13200;1200;2655
P175066105;P175066105_1;A;0;0;0;1650;1200;2655
P175066105;P175066105_2;B;0;1240;0;1650;2440;2655
P175066105;P175066105_3;C;1650;1240;0;3300;2440;2655
P175066105;P175066105_4;D;1650;0;0;3300;1200;2655
P175066105;P175066105_5;E;3300;0;0;4950;1200;2655
P175066105;P175066105_6;F;3300;1240;0;4950;2440;2655
P175066105;P175066105_7;G;4950;1240;0;6600;2440;2655
P175066105;P175066105_8;H;4950;0;0;6600;1200;2655
P175066105;P175066105_9;I;6600;0;0;8250;1200;2655
P175066105;P175066105_10;J;6600;1240;0;8250;2440;2655
P175066105;P175066105_11;K;8250;1240;0;9900;2440;2655
P175066105;P175066105_12;L;8250;0;0;9900;1200;2655
P175066105;P175066105_13;M;9900;0;0;11550;1200;2655
P175066105;P175066105_14;N;9900;1240;0;11550;2440;2655
P175066105;P175066105_15;O;11550;1240;0;13200;2440;2655
P175066105;P175066105_16;P;11550;0;0;13200;1200;2655
P175066101;P175066101_1;A;0;0;0;1650;1200;2655
P175066101;P175066101_2;B;0;1240;0;1650;2440;2655
P175066101;P175066101_3;C;1650;1240;0;3300;2440;2655
P175066101;P175066101_4;D;1650;0;0;3300;1200;2655
P175066101;P175066101_5;E;3300;0;0;4950;1200;2655
P175066101;P175066101_6;F;3300;1240;0;4950;2440;2655
P175066101;P175066101_7;G;4950;1240;0;6600;2440;2655
P175066101;P175066101_8;H;4950;0;0;6600;1200;2655
P175066101;P175066101_9;I;6600;0;0;8250;1200;2655
P175066101;P175066101_10;J;6600;1240;0;8250;2440;2655
P175066101;P175066101_11;K;8250;1240;0;9900;2440;2655
P175066101;P175066101_12;L;8250;0;0;9900;1200;2655
P175066101;P175066101_13;M;9900;0;0;11550;1200;2655
P175066101;P175066101_14;N;9900;1240;0;11550;2440;2655
P175066101;P175066101_15;O;11550;1240;0;13200;2440;2655
P175066101;P175066101_16;P;11550;0;0;13200;1200;2655
P174066111;P174066111_1;A;0;0;0;1650;1200;2655
P174066111;P174066111_2;B;0;1240;0;1650;2440;2655
P174066111;P174066111_3;C;1650;1240;0;3300;2440;2655
P174066111;P174066111_4;D;1650;0;0;3300;1200;2655
P174066111;P174066111_5;E;3300;0;0;4950;1200;2655
P174066111;P174066111_6;F;3300;1240;0;4950;2440;2655
P174066111;P174066111_7;G;4950;1240;0;6600;2440;2655
P174066111;P174066111_8;H;4950;0;0;6600;1200;2655
P174066111;P174066111_9;I;6600;0;0;8250;1200;2655
P174066111;P174066111_10;J;6600;1240;0;8250;2440;2655
P174066111;P174066111_11;K;8250;1240;0;9900;2440;2655
P174066111;P174066111_12;L;8250;0;0;9900;1200;2655
P174066111;P174066111_13;M;9900;0;0;11550;1200;2655
P174066111;P174066111_14;N;9900;1240;0;11550;2440;2655
P174066111;P174066111_15;O;11550;1240;0;13200;2440;2655
P174066111;P174066111_16;P;11550;0;0;13200;1200;2655
P174066109;P174066109_1;A;0;0;0;1650;1200;2655
P174066109;P174066109_2;B;0;1240;0;1650;2440;2655
P174066109;P174066109_3;C;1650;1240;0;3300;2440;2655
P174066109;P174066109_4;D;1650;0;0;3300;1200;2655
P174066109;P174066109_5;E;3300;0;0;4950;1200;2655
P174066109;P174066109_6;F;3300;1240;0;4950;2440;2655
P174066109;P174066109_7;G;4950;1240;0;6600;2440;2655
P174066109;P174066109_8;H;4950;0;0;6600;1200;2655
P174066109;P174066109_9;I;6600;0;0;8250;1200;2655
P174066109;P174066109_10;J;6600;1240;0;8250;2440;2655
P174066109;P174066109_11;K;8250;1240;0;9900;2440;2655
P174066109;P174066109_12;L;8250;0;0;9900;1200;2655
P174066109;P174066109_13;M;9900;0;0;11550;1200;2655
P174066109;P174066109_14;N;9900;1240;0;11550;2440;2655
P174066109;P174066109_15;O;11550;1240;0;13200;2440;2655
P174066109;P174066109_16;P;11550;0;0;13200;1200;2655
P174066107;P174066107_1;A;0;0;0;1650;1200;2655
P174066107;P174066107_2;B;0;1240;0;1650;2440;2655
P174066107;P174066107_3;C;1650;1240;0;3300;2440;2655
P174066107;P174066107_4;D;1650;0;0;3300;1200;2655
P174066107;P174066107_5;E;3300;0;0;4950;1200;2655
P174066107;P174066107_6;F;3300;1240;0;4950;2440;2655
P174066107;P174066107_7;G;4950;1240;0;6600;2440;2655
P174066107;P174066107_8;H;4950;0;0;6600;1200;2655
P174066107;P174066107_9;I;6600;0;0;8250;1200;2655
P174066107;P174066107_10;J;6600;1240;0;8250;2440;2655
P174066107;P174066107_11;K;8250;1240;0;9900;2440;2655
P174066107;P174066107_12;L;8250;0;0;9900;1200;2655
P174066107;P174066107_13;M;9900;0;0;11550;1200;2655
P174066107;P174066107_14;N;9900;1240;0;11550;2440;2655
P174066107;P174066107_15;O;11550;1240;0;13200;2440;2655
P174066107;P174066107_16;P;11550;0;0;13200;1200;2655
P174066105;P174066105_1;A;0;0;0;1650;1200;2655
P174066105;P174066105_2;B;0;1240;0;1650;2440;2655
P174066105;P174066105_3;C;1650;1240;0;3300;2440;2655
P174066105;P174066105_4;D;1650;0;0;3300;1200;2655
P174066105;P174066105_5;E;3300;0;0;4950;1200;2655
P174066105;P174066105_6;F;3300;1240;0;4950;2440;2655
P174066105;P174066105_7;G;4950;1240;0;6600;2440;2655
P174066105;P174066105_8;H;4950;0;0;6600;1200;2655
P174066105;P174066105_9;I;6600;0;0;8250;1200;2655
P174066105;P174066105_10;J;6600;1240;0;8250;2440;2655
P174066105;P174066105_11;K;8250;1240;0;9900;2440;2655
P174066105;P174066105_12;L;8250;0;0;9900;1200;2655
P174066105;P174066105_13;M;9900;0;0;11550;1200;2655
P174066105;P174066105_14;N;9900;1240;0;11550;2440;2655
P174066105;P174066105_15;O;11550;1240;0;13200;2440;2655
P174066105;P174066105_16;P;11550;0;0;13200;1200;2655
P174066103;P174066103_1;A;0;0;0;1010;1206;2370
P174066103;P174066103_2;B;0;1234;0;1010;2440;1185
P174066103;P174066103_3;C;1010;1240;0;2010;2440;705
P174066103;P174066103_4;D;1010;0;0;2660;1200;2655
P174066103;P174066103_5;E;2010;1240;0;3660;2440;2655
P174066103;P174066103_6;F;2660;0;0;4310;1200;2655
P174066103;P174066103_7;G;3660;1240;0;5310;2440;2655
P174066103;P174066103_8;H;4310;0;0;5960;1200;2655
P174066103;P174066103_9;I;5310;1240;0;6960;2440;2655
P174066103;P174066103_10;J;5960;0;0;7610;1200;2655
P174066103;P174066103_11;K;6960;1240;0;8610;2440;2655
P174066103;P174066103_12;L;7610;0;0;9260;1200;2655
P174066103;P174066103_13;M;8610;1240;0;10260;2440;2655
P174066103;P174066103_14;N;9260;0;0;10910;1200;2655
P174066103;P174066103_15;O;10260;1240;0;11910;2440;2655
P174066103;P174066103_16;P;10910;0;0;12560;1200;2655
P173066109;P173066109_1;A;0;0;0;1650;1200;2655
P173066109;P173066109_2;B;0;1240;0;1650;2440;2655
P173066109;P173066109_3;C;1650;1240;0;3300;2440;2655
P173066109;P173066109_4;D;1650;0;0;3300;1200;2655
P173066109;P173066109_5;E;3300;0;0;4950;1200;2655
P173066109;P173066109_6;F;3300;1240;0;4950;2440;2655
P173066109;P173066109_7;G;4950;1240;0;6600;2440;2655
P173066109;P173066109_8;H;4950;0;0;6600;1200;2655
P173066109;P173066109_9;I;6600;0;0;8250;1200;2655
P173066109;P173066109_10;J;6600;1240;0;8250;2440;2655
P173066109;P173066109_11;K;8250;1240;0;9900;2440;2655
P173066109;P173066109_12;L;8250;0;0;9900;1200;2655
P173066109;P173066109_13;M;9900;0;0;11550;1200;2655
P173066109;P173066109_14;N;9900;1240;0;11550;2440;2655
P173066109;P173066109_15;O;11550;1240;0;13200;2440;2655
P173066109;P173066109_16;P;11550;0;0;13200;1200;2655
P173066107;P173066107_1;A;0;0;0;1650;1200;2655
P173066107;P173066107_2;B;0;1240;0;1650;2440;2655
P173066107;P173066107_3;C;1650;1240;0;3300;2440;2655
P173066107;P173066107_4;D;1650;0;0;3300;1200;2655
P173066107;P173066107_5;E;3300;0;0;4950;1200;2655
P173066107;P173066107_6;F;3300;1240;0;4950;2440;2655
P173066107;P173066107_7;G;4950;1240;0;6600;2440;2655
P173066107;P173066107_8;H;4950;0;0;6600;1200;2655
P173066107;P173066107_9;I;6600;0;0;8250;1200;2655
P173066107;P173066107_10;J;6600;1240;0;8250;2440;2655
P173066107;P173066107_11;K;8250;1240;0;9900;2440;2655
P173066107;P173066107_12;L;8250;0;0;9900;1200;2655
P173066107;P173066107_13;M;9900;0;0;11550;1200;2655
P173066107;P173066107_14;N;9900;1240;0;11550;2440;2655
P173066107;P173066107_15;O;11550;1240;0;13200;2440;2655
P173066107;P173066107_16;P;11550;0;0;13200;1200;2655
P173066105;P173066105_1;A;0;0;0;1650;1200;2655
P173066105;P173066105_2;B;0;1240;0;1650;2440;2655
P173066105;P173066105_3;C;1650;1240;0;3300;2440;2655
P173066105;P173066105_4;D;1650;0;0;3300;1200;2655
P173066105;P173066105_5;E;3300;0;0;4950;1200;2655
P173066105;P173066105_6;F;3300;1240;0;4950;2440;2655
P173066105;P173066105_7;G;4950;1240;0;6600;2440;2655
P173066105;P173066105_8;H;4950;0;0;6600;1200;2655
P173066105;P173066105_9;I;6600;0;0;8250;1200;2655
P173066105;P173066105_10;J;6600;1240;0;8250;2440;2655
P173066105;P173066105_11;K;8250;1240;0;9900;2440;2655
P173066105;P173066105_12;L;8250;0;0;9900;1200;2655
P173066105;P173066105_13;M;9900;0;0;11550;1200;2655
P173066105;P173066105_14;N;9900;1240;0;11550;2440;2655
P173066105;P173066105_15;O;11550;1240;0;13200;2440;2655
P173066105;P173066105_16;P;11550;0;0;13200;1200;2655
P173066101;P173066101_1;A;0;0;0;1650;1200;2655
P173066101;P173066101_2;B;0;1240;0;1650;2440;2655
P173066101;P173066101_3;C;1650;1240;0;3300;2440;2655
P173066101;P173066101_4;D;1650;0;0;3300;1200;2655
P173066101;P173066101_5;E;3300;0;0;4950;1200;2655
P173066101;P173066101_6;F;3300;1240;0;4950;2440;2655
P173066101;P173066101_7;G;4950;1240;0;6600;2440;2655
P173066101;P173066101_8;H;4950;0;0;6600;1200;2655
P173066101;P173066101_9;I;6600;0;0;8250;1200;2655
P173066101;P173066101_10;J;6600;1240;0;8250;2440;2655
P173066101;P173066101_11;K;8250;1240;0;9900;2440;2655
P173066101;P173066101_12;L;8250;0;0;9900;1200;2655
P173066101;P173066101_13;M;9900;0;0;11550;1200;2655
P173066101;P173066101_14;N;9900;1240;0;11550;2440;2655
P173066101;P173066101_15;O;11550;1240;0;13200;2440;2655
P173066101;P173066101_16;P;11550;0;0;13200;1200;2655
P172066111;P172066111_1;A;0;0;0;1650;1200;2655
P172066111;P172066111_2;B;0;1240;0;1650;2440;2655
P172066111;P172066111_3;C;1650;1240;0;3300;2440;2655
P172066111;P172066111_4;D;1650;0;0;3300;1200;2655
P172066111;P172066111_5;E;3300;0;0;4950;1200;2655
P172066111;P172066111_6;F;3300;1240;0;4950;2440;2655
P172066111;P172066111_7;G;4950;1240;0;6600;2440;2655
P172066111;P172066111_8;H;4950;0;0;6600;1200;2655
P172066111;P172066111_9;I;6600;0;0;8250;1200;2655
P172066111;P172066111_10;J;6600;1240;0;8250;2440;2655
P172066111;P172066111_11;K;8250;1240;0;9900;2440;2655
P172066111;P172066111_12;L;8250;0;0;9900;1200;2655
P172066111;P172066111_13;M;9900;0;0;11550;1200;2655
P172066111;P172066111_14;N;9900;1240;0;11550;2440;2655
P172066111;P172066111_15;O;11550;1240;0;13200;2440;2655
P172066111;P172066111_16;P;11550;0;0;13200;1200;2655
P172066109;P172066109_1;A;0;0;0;1650;1200;2655
P172066109;P172066109_2;B;0;1240;0;1650;2440;2655
P172066109;P172066109_3;C;1650;1240;0;3300;2440;2655
P172066109;P172066109_4;D;1650;0;0;3300;1200;2655
P172066109;P172066109_5;E;3300;0;0;4950;1200;2655
P172066109;P172066109_6;F;3300;1240;0;4950;2440;2655
P172066109;P172066109_7;G;4950;1240;0;6600;2440;2655
P172066109;P172066109_8;H;4950;0;0;6600;1200;2655
P172066109;P172066109_9;I;6600;0;0;8250;1200;2655
P172066109;P172066109_10;J;6600;1240;0;8250;2440;2655
P172066109;P172066109_11;K;8250;1240;0;9900;2440;2655
P172066109;P172066109_12;L;8250;0;0;9900;1200;2655
P172066109;P172066109_13;M;9900;0;0;11550;1200;2655
P172066109;P172066109_14;N;9900;1240;0;11550;2440;2655
P172066109;P172066109_15;O;11550;1240;0;13200;2440;2655
P172066109;P172066109_16;P;11550;0;0;13200;1200;2655
P172066107;P172066107_1;A;0;0;0;1650;1200;2655
P172066107;P172066107_2;B;0;1240;0;1650;2440;2655
P172066107;P172066107_3;C;1650;1240;0;3300;2440;2655
P172066107;P172066107_4;D;1650;0;0;3300;1200;2655
P172066107;P172066107_5;E;3300;0;0;4950;1200;2655
P172066107;P172066107_6;F;3300;1240;0;4950;2440;2655
P172066107;P172066107_7;G;4950;1240;0;6600;2440;2655
P172066107;P172066107_8;H;4950;0;0;6600;1200;2655
P172066107;P172066107_9;I;6600;0;0;8250;1200;2655
P172066107;P172066107_10;J;6600;1240;0;8250;2440;2655
P172066107;P172066107_11;K;8250;1240;0;9900;2440;2655
P172066107;P172066107_12;L;8250;0;0;9900;1200;2655
P172066107;P172066107_13;M;9900;0;0;11550;1200;2655
P172066107;P172066107_14;N;9900;1240;0;11550;2440;2655
P172066107;P172066107_15;O;11550;1240;0;13200;2440;2655
P172066107;P172066107_16;P;11550;0;0;13200;1200;2655
P172066101;P172066101_1;A;0;0;0;1650;1200;2655
P172066101;P172066101_2;B;0;1240;0;1650;2440;2655
P172066101;P172066101_3;C;1650;1240;0;3300;2440;2655
P172066101;P172066101_4;D;1650;0;0;3300;1200;2655
P172066101;P172066101_5;E;3300;0;0;4950;1200;2655
P172066101;P172066101_6;F;3300;1240;0;4950;2440;2655
P172066101;P172066101_7;G;4950;1240;0;6600;2440;2655
P172066101;P172066101_8;H;4950;0;0;6600;1200;2655
P172066101;P172066101_9;I;6600;0;0;8250;1200;2655
P172066101;P172066101_10;J;6600;1240;0;8250;2440;2655
P172066101;P172066101_11;K;8250;1240;0;9900;2440;2655
P172066101;P172066101_12;L;8250;0;0;9900;1200;2655
P172066101;P172066101_13;M;9900;0;0;11550;1200;2655
P172066101;P172066101_14;N;9900;1240;0;11550;2440;2655
P172066101;P172066101_15;O;11550;1240;0;13200;2440;2655
P172066101;P172066101_16;P;11550;0;0;13200;1200;2655
P171066111;P171066111_1;A;0;0;0;1650;1200;2655
P171066111;P171066111_2;B;0;1240;0;1650;2440;2655
P171066111;P171066111_3;C;1650;1240;0;3300;2440;2655
P171066111;P171066111_4;D;1650;0;0;3300;1200;2655
P171066111;P171066111_5;E;3300;0;0;4950;1200;2655
P171066111;P171066111_6;F;3300;1240;0;4950;2440;2655
P171066111;P171066111_7;G;4950;1240;0;6600;2440;2655
P171066111;P171066111_8;H;4950;0;0;6600;1200;2655
P171066111;P171066111_9;I;6600;0;0;8250;1200;2655
P171066111;P171066111_10;J;6600;1240;0;8250;2440;2655
P171066111;P171066111_11;K;8250;1240;0;9900;2440;2655
P171066111;P171066111_12;L;8250;0;0;9900;1200;2655
P171066111;P171066111_13;M;9900;0;0;11550;1200;2655
P171066111;P171066111_14;N;9900;1240;0;11550;2440;2655
P171066111;P171066111_15;O;11550;1240;0;13200;2440;2655
P171066111;P171066111_16;P;11550;0;0;13200;1200;2655
P171066109;P171066109_1;A;0;0;0;1650;1200;2655
P171066109;P171066109_2;B;0;1240;0;1650;2440;2655
P171066109;P171066109_3;C;1650;1240;0;3300;2440;2655
P171066109;P171066109_4;D;1650;0;0;3300;1200;2655
P171066109;P171066109_5;E;3300;0;0;4950;1200;2655
P171066109;P171066109_6;F;3300;1240;0;4950;2440;2655
P171066109;P171066109_7;G;4950;1240;0;6600;2440;2655
P171066109;P171066109_8;H;4950;0;0;6600;1200;2655
P171066109;P171066109_9;I;6600;0;0;8250;1200;2655
P171066109;P171066109_10;J;6600;1240;0;8250;2440;2655
P171066109;P171066109_11;K;8250;1240;0;9900;2440;2655
P171066109;P171066109_12;L;8250;0;0;9900;1200;2655
P171066109;P171066109_13;M;9900;0;0;11550;1200;2655
P171066109;P171066109_14;N;9900;1240;0;11550;2440;2655
P171066109;P171066109_15;O;11550;1240;0;13200;2440;2655
P171066109;P171066109_16;P;11550;0;0;13200;1200;2655
P171066107;P171066107_1;A;0;0;0;1650;1200;2655
P171066107;P171066107_2;B;0;1240;0;1650;2440;2655
P171066107;P171066107_3;C;1650;1240;0;3300;2440;2655
P171066107;P171066107_4;D;1650;0;0;3300;1200;2655
P171066107;P171066107_5;E;3300;0;0;4950;1200;2655
P171066107;P171066107_6;F;3300;1240;0;4950;2440;2655
P171066107;P171066107_7;G;4950;1240;0;6600;2440;2655
P171066107;P171066107_8;H;4950;0;0;6600;1200;2655
P171066107;P171066107_9;I;6600;0;0;8250;1200;2655
P171066107;P171066107_10;J;6600;1240;0;8250;2440;2655
P171066107;P171066107_11;K;8250;1240;0;9900;2440;2655
P171066107;P171066107_12;L;8250;0;0;9900;1200;2655
P171066107;P171066107_13;M;9900;0;0;11550;1200;2655
P171066107;P171066107_14;N;9900;1240;0;11550;2440;2655
P171066107;P171066107_15;O;11550;1240;0;13200;2440;2655
P171066107;P171066107_16;P;11550;0;0;13200;1200;2655
P171066105;P171066105_1;A;0;0;0;1650;1200;2655
P171066105;P171066105_2;B;0;1240;0;1650;2440;2655
P171066105;P171066105_3;C;1650;1240;0;3300;2440;2655
P171066105;P171066105_4;D;1650;0;0;3300;1200;2655
P171066105;P171066105_5;E;3300;0;0;4950;1200;2655
P171066105;P171066105_6;F;3300;1240;0;4950;2440;2655
P171066105;P171066105_7;G;4950;1240;0;6600;2440;2655
P171066105;P171066105_8;H;4950;0;0;6600;1200;2655
P171066105;P171066105_9;I;6600;0;0;8250;1200;2655
P171066105;P171066105_10;J;6600;1240;0;8250;2440;2655
P171066105;P171066105_11;K;8250;1240;0;9900;2440;2655
P171066105;P171066105_12;L;8250;0;0;9900;1200;2655
P171066105;P171066105_13;M;9900;0;0;11550;1200;2655
P171066105;P171066105_14;N;9900;1240;0;11550;2440;2655
P171066105;P171066105_15;O;11550;1240;0;13200;2440;2655
P171066105;P171066105_16;P;11550;0;0;13200;1200;2655
P171066101;P171066101_1;A;0;0;0;1650;1200;2655
P171066101;P171066101_2;B;0;1240;0;1650;2440;2655
P171066101;P171066101_3;C;1650;1240;0;3300;2440;2655
P171066101;P171066101_4;D;1650;0;0;3300;1200;2655
P171066101;P171066101_5;E;3300;0;0;4950;1200;2655
P171066101;P171066101_6;F;3300;1240;0;4950;2440;2655
P171066101;P171066101_7;G;4950;1240;0;6600;2440;2655
P171066101;P171066101_8;H;4950;0;0;6600;1200;2655
P171066101;P171066101_9;I;6600;0;0;8250;1200;2655
P171066101;P171066101_10;J;6600;1240;0;8250;2440;2655
P171066101;P171066101_11;K;8250;1240;0;9900;2440;2655
P171066101;P171066101_12;L;8250;0;0;9900;1200;2655
P171066101;P171066101_13;M;9900;0;0;11550;1200;2655
P171066101;P171066101_14;N;9900;1240;0;11550;2440;2655
P171066101;P171066101_15;O;11550;1240;0;13200;2440;2655
P171066101;P171066101_16;P;11550;0;0;13200;1200;2655
P170066109;P170066109_1;A;0;0;0;1650;1200;2655
P170066109;P170066109_2;B;0;1240;0;1650;2440;2655
P170066109;P170066109_3;C;1650;1240;0;3300;2440;2655
P170066109;P170066109_4;D;1650;0;0;3300;1200;2655
P170066109;P170066109_5;E;3300;0;0;4950;1200;2655
P170066109;P170066109_6;F;3300;1240;0;4950;2440;2655
P170066109;P170066109_7;G;4950;1240;0;6600;2440;2655
P170066109;P170066109_8;H;4950;0;0;6600;1200;2655
P170066109;P170066109_9;I;6600;0;0;8250;1200;2655
P170066109;P170066109_10;J;6600;1240;0;8250;2440;2655
P170066109;P170066109_11;K;8250;1240;0;9900;2440;2655
P170066109;P170066109_12;L;8250;0;0;9900;1200;2655
P170066109;P170066109_13;M;9900;0;0;11550;1200;2655
P170066109;P170066109_14;N;9900;1240;0;11550;2440;2655
P170066109;P170066109_15;O;11550;1240;0;13200;2440;2655
P170066109;P170066109_16;P;11550;0;0;13200;1200;2655
P170066107;P170066107_1;A;0;0;0;1650;1200;2655
P170066107;P170066107_2;B;0;1240;0;1650;2440;2655
P170066107;P170066107_3;C;1650;1240;0;3300;2440;2655
P170066107;P170066107_4;D;1650;0;0;3300;1200;2655
P170066107;P170066107_5;E;3300;0;0;4950;1200;2655
P170066107;P170066107_6;F;3300;1240;0;4950;2440;2655
P170066107;P170066107_7;G;4950;1240;0;6600;2440;2655
P170066107;P170066107_8;H;4950;0;0;6600;1200;2655
P170066107;P170066107_9;I;6600;0;0;8250;1200;2655
P170066107;P170066107_10;J;6600;1240;0;8250;2440;2655
P170066107;P170066107_11;K;8250;1240;0;9900;2440;2655
P170066107;P170066107_12;L;8250;0;0;9900;1200;2655
P170066107;P170066107_13;M;9900;0;0;11550;1200;2655
P170066107;P170066107_14;N;9900;1240;0;11550;2440;2655
P170066107;P170066107_15;O;11550;1240;0;13200;2440;2655
P170066107;P170066107_16;P;11550;0;0;13200;1200;2655
P168066105;P168066105_1;A;0;0;0;1650;1200;2655
P168066105;P168066105_2;B;0;1240;0;1650;2440;2655
P168066105;P168066105_3;C;1650;1240;0;3300;2440;2655
P168066105;P168066105_4;D;1650;0;0;3300;1200;2655
P168066105;P168066105_5;E;3300;0;0;4950;1200;2655
P168066105;P168066105_6;F;3300;1240;0;4950;2440;2655
P168066105;P168066105_7;G;4950;1240;0;6600;2440;2655
P168066105;P168066105_8;H;4950;0;0;6600;1200;2655
P168066105;P168066105_9;I;6600;0;0;8250;1200;2655
P168066105;P168066105_10;J;6600;1240;0;8250;2440;2655
P168066105;P168066105_11;K;8250;1240;0;9900;2440;2655
P168066105;P168066105_12;L;8250;0;0;9900;1200;2655
P168066105;P168066105_13;M;9900;0;0;11550;1200;2655
P168066105;P168066105_14;N;9900;1240;0;11550;2440;2655
P168066105;P168066105_15;O;11550;1240;0;13200;2440;2655
P168066105;P168066105_16;P;11550;0;0;13200;1200;2655
P168066101;P168066101_1;A;0;0;0;1650;1200;2655
P168066101;P168066101_2;B;0;1240;0;1650;2440;2655
P168066101;P168066101_3;C;1650;1240;0;3300;2440;2655
P168066101;P168066101_4;D;1650;0;0;3300;1200;2655
P168066101;P168066101_5;E;3300;0;0;4950;1200;2655
P168066101;P168066101_6;F;3300;1240;0;4950;2440;2655
P168066101;P168066101_7;G;4950;1240;0;6600;2440;2655
P168066101;P168066101_8;H;4950;0;0;6600;1200;2655
P168066101;P168066101_9;I;6600;0;0;8250;1200;2655
P168066101;P168066101_10;J;6600;1240;0;8250;2440;2655
P168066101;P168066101_11;K;8250;1240;0;9900;2440;2655
P168066101;P168066101_12;L;8250;0;0;9900;1200;2655
P168066101;P168066101_13;M;9900;0;0;11550;1200;2655
P168066101;P168066101_14;N;9900;1240;0;11550;2440;2655
P168066101;P168066101_15;O;11550;1240;0;13200;2440;2655
P168066101;P168066101_16;P;11550;0;0;13200;1200;2655
P167066111;P167066111_1;A;0;0;0;1650;1200;2655
P167066111;P167066111_2;B;0;1240;0;1650;2440;2655
P167066111;P167066111_3;C;1650;1240;0;3300;2440;2655
P167066111;P167066111_4;D;1650;0;0;3300;1200;2655
P167066111;P167066111_5;E;3300;0;0;4950;1200;2655
P167066111;P167066111_6;F;3300;1240;0;4950;2440;2655
P167066111;P167066111_7;G;4950;1240;0;6600;2440;2655
P167066111;P167066111_8;H;4950;0;0;6600;1200;2655
P167066111;P167066111_9;I;6600;0;0;8250;1200;2655
P167066111;P167066111_10;J;6600;1240;0;8250;2440;2655
P167066111;P167066111_11;K;8250;1240;0;9900;2440;2655
P167066111;P167066111_12;L;8250;0;0;9900;1200;2655
P167066111;P167066111_13;M;9900;0;0;11550;1200;2655
P167066111;P167066111_14;N;9900;1240;0;11550;2440;2655
P167066111;P167066111_15;O;11550;1240;0;13200;2440;2655
P167066111;P167066111_16;P;11550;0;0;13200;1200;2655
P167066109;P167066109_1;A;0;0;0;1650;1200;2655
P167066109;P167066109_2;B;0;1240;0;1650;2440;2655
P167066109;P167066109_3;C;1650;1240;0;3300;2440;2655
P167066109;P167066109_4;D;1650;0;0;3300;1200;2655
P167066109;P167066109_5;E;3300;0;0;4950;1200;2655
P167066109;P167066109_6;F;3300;1240;0;4950;2440;2655
P167066109;P167066109_7;G;4950;1240;0;6600;2440;2655
P167066109;P167066109_8;H;4950;0;0;6600;1200;2655
P167066109;P167066109_9;I;6600;0;0;8250;1200;2655
P167066109;P167066109_10;J;6600;1240;0;8250;2440;2655
P167066109;P167066109_11;K;8250;1240;0;9900;2440;2655
P167066109;P167066109_12;L;8250;0;0;9900;1200;2655
P167066109;P167066109_13;M;9900;0;0;11550;1200;2655
P167066109;P167066109_14;N;9900;1240;0;11550;2440;2655
P167066109;P167066109_15;O;11550;1240;0;13200;2440;2655
P167066109;P167066109_16;P;11550;0;0;13200;1200;2655
P167066107;P167066107_1;A;0;0;0;1650;1200;2655
P167066107;P167066107_2;B;0;1240;0;1650;2440;2655
P167066107;P167066107_3;C;1650;1240;0;3300;2440;2655
P167066107;P167066107_4;D;1650;0;0;3300;1200;2655
P167066107;P167066107_5;E;3300;0;0;4950;1200;2655
P167066107;P167066107_6;F;3300;1240;0;4950;2440;2655
P167066107;P167066107_7;G;4950;1240;0;6600;2440;2655
P167066107;P167066107_8;H;4950;0;0;6600;1200;2655
P167066107;P167066107_9;I;6600;0;0;8250;1200;2655
P167066107;P167066107_10;J;6600;1240;0;8250;2440;2655
P167066107;P167066107_11;K;8250;1240;0;9900;2440;2655
P167066107;P167066107_12;L;8250;0;0;9900;1200;2655
P167066107;P167066107_13;M;9900;0;0;11550;1200;2655
P167066107;P167066107_14;N;9900;1240;0;11550;2440;2655
P167066107;P167066107_15;O;11550;1240;0;13200;2440;2655
P167066107;P167066107_16;P;11550;0;0;13200;1200;2655
P167066105;P167066105_1;A;0;0;0;1650;1200;2655
P167066105;P167066105_2;B;0;1240;0;1650;2440;2655
P167066105;P167066105_3;C;1650;1240;0;3300;2440;2655
P167066105;P167066105_4;D;1650;0;0;3300;1200;2655
P167066105;P167066105_5;E;3300;0;0;4950;1200;2655
P167066105;P167066105_6;F;3300;1240;0;4950;2440;2655
P167066105;P167066105_7;G;4950;1240;0;6600;2440;2655
P167066105;P167066105_8;H;4950;0;0;6600;1200;2655
P167066105;P167066105_9;I;6600;0;0;8250;1200;2655
P167066105;P167066105_10;J;6600;1240;0;8250;2440;2655
P167066105;P167066105_11;K;8250;1240;0;9900;2440;2655
P167066105;P167066105_12;L;8250;0;0;9900;1200;2655
P167066105;P167066105_13;M;9900;0;0;11550;1200;2655
P167066105;P167066105_14;N;9900;1240;0;11550;2440;2655
P167066105;P167066105_15;O;11550;1240;0;13200;2440;2655
P167066105;P167066105_16;P;11550;0;0;13200;1200;2655
P167066103;P167066103_1;A;0;0;0;1010;1206;2370
P167066103;P167066103_2;B;0;1240;0;1000;2440;470
P167066103;P167066103_3;C;1000;1240;0;2650;2440;2655
P167066103;P167066103_4;D;1010;0;0;2660;1200;2655
P167066103;P167066103_5;E;2650;1240;0;4300;2440;2655
P167066103;P167066103_6;F;2660;0;0;4310;1200;2655
P167066103;P167066103_7;G;4300;1240;0;5950;2440;2655
P167066103;P167066103_8;H;4310;0;0;5960;1200;2655
P167066103;P167066103_9;I;5950;1240;0;7600;2440;2655
P167066103;P167066103_10;J;5960;0;0;7610;1200;2655
P167066103;P167066103_11;K;7600;1240;0;9250;2440;2655
P167066103;P167066103_12;L;7610;0;0;9260;1200;2655
P167066103;P167066103_13;M;9250;1240;0;10900;2440;2655
P167066103;P167066103_14;N;9260;0;0;10910;1200;2655
P167066103;P167066103_15;O;10900;1240;0;12550;2440;2655
P167066103;P167066103_16;P;10910;0;0;12560;1200;2655
P166066111;P166066111_1;A;0;0;0;1650;1200;2655
P166066111;P166066111_2;B;0;1240;0;1650;2440;2655
P166066111;P166066111_3;C;1650;1240;0;3300;2440;2655
P166066111;P166066111_4;D;1650;0;0;3300;1200;2655
P166066111;P166066111_5;E;3300;0;0;4950;1200;2655
P166066111;P166066111_6;F;3300;1240;0;4950;2440;2655
P166066111;P166066111_7;G;4950;1240;0;6600;2440;2655
P166066111;P166066111_8;H;4950;0;0;6600;1200;2655
P166066111;P166066111_9;I;6600;0;0;8250;1200;2655
P166066111;P166066111_10;J;6600;1240;0;8250;2440;2655
P166066111;P166066111_11;K;8250;1240;0;9900;2440;2655
P166066111;P166066111_12;L;8250;0;0;9900;1200;2655
P166066111;P166066111_13;M;9900;0;0;11550;1200;2655
P166066111;P166066111_14;N;9900;1240;0;11550;2440;2655
P166066111;P166066111_15;O;11550;1240;0;13200;2440;2655
P166066111;P166066111_16;P;11550;0;0;13200;1200;2655
P240066401;P240066401_1;A;0;0;0;1600;1200;2865
P240066401;P240066401_2;B;0;1240;0;1900;2440;2820
P240066401;P240066401_3;C;1600;0;0;3500;1200;2715
P240066401;P240066401_4;D;1900;1240;0;3800;2440;2715
P240066401;P240066401_5;E;3500;0;0;5400;1200;2715
P240066401;P240066401_6;F;3800;1240;0;5400;2440;2865
P240066401;P240066401_7;G;5400;1240;0;7000;2440;2865
P240066401;P240066401_8;H;5400;0;0;7000;1200;2865
P240066401;P240066401_9;I;7000;0;0;8600;1200;2865
P240066401;P240066401_10;J;7000;1240;0;8600;2440;2865
P240066401;P240066401_11;K;8600;1240;0;10200;2440;2865
P240066401;P240066401_12;L;8600;0;0;10200;1200;2865
P240066401;P240066401_13;M;10200;0;0;11800;1200;2865
P240066401;P240066401_14;N;10200;1240;0;11800;2440;2865
P240066401;P240066401_15;O;11800;1240;0;13400;2440;2865
P240066401;P240066401_16;P;11800;0;0;13400;1200;2865
Q240066401_1;Q240066401_1_1;A;0;0;0;1900;1200;2305
Q240066401_1;Q240066401_1_2;B;0;1240;0;1600;2440;2865
Q240066401_1;Q240066401_1_3;C;1600;1240;0;3200;2440;2865
Q240066401_1;Q240066401_1_4;D;1900;0;0;3800;1200;2820
Q240066401_1;Q240066401_1_5;E;3200;1240;0;5100;2440;2715
Q240066401_1;Q240066401_1_6;F;3800;0;0;5700;1200;2715
Q240066401_1;Q240066401_1_7;G;5100;1240;0;7000;2440;2715
Q240066401_1;Q240066401_1_8;H;5700;0;0;7600;1200;2820
Q240066401_1;Q240066401_1_9;I;7000;1240;0;8900;2440;2820
Q240066401_1;Q240066401_1_10;J;7600;0;0;9500;1200;2820
Q240066401_1;Q240066401_1_11;K;8900;1240;0;10800;2440;2820
Q240066401_1;Q240066401_1_12;L;9500;0;0;11400;1200;1895
Q240066401_1;Q240066401_1_13;M;10800;1240;0;12400;2440;2865
Q240066401_1;Q240066401_1_14;N;11400;0;0;13000;1200;2160
P209066401;P209066401_1;A;0;0;0;1900;1200;2715
P209066401;P209066401_2;B;0;1240;0;1900;2440;2820
P209066401;P209066401_3;C;1900;1240;0;3800;2440;2820
P209066401;P209066401_4;D;1900;0;0;3800;1200;2820
P209066401;P209066401_5;E;3800;0;0;5700;1200;2820
P209066401;P209066401_6;F;3800;1240;0;5400;2440;2865
P209066401;P209066401_7;G;5400;1240;0;7000;2440;2865
P209066401;P209066401_8;H;5700;0;0;7300;1200;2865
P209066401;P209066401_9;I;7000;1240;0;8600;2440;2865
P209066401;P209066401_10;J;7300;0;0;8900;1200;2865
P209066401;P209066401_11;K;8600;1240;0;10200;2440;2865
P209066401;P209066401_12;L;8900;0;0;10500;1200;2865
P209066401;P209066401_13;M;10200;1240;0;11800;2440;2865
P209066401;P209066401_14;N;10500;0;0;12400;1200;2715
P209066401;P209066401_15;O;11800;1240;0;13400;2440;2865
P208066403;P208066403_1;A;0;1240;0;1900;2440;2715
P208066403;P208066403_2;B;0;0;0;1600;1200;2865
P208066403;P208066403_3;C;1600;0;0;3500;1200;1895
P208066403;P208066403_4;D;1900;1240;0;3800;2440;2715
P208066403;P208066403_5;E;3500;0;0;5100;1200;2865
P208066403;P208066403_6;F;3800;1240;0;5400;2440;2865
P208066403;P208066403_7;G;5100;0;0;6700;1200;2865
P208066403;P208066403_8;H;5400;1240;0;7300;2440;2715
P208066403;P208066403_9;I;6700;0;0;8600;1200;2820
P208066403;P208066403_10;J;7300;1240;0;8900;2440;2865
P208066403;P208066403_11;K;8600;0;0;10200;1200;2865
P208066403;P208066403_12;L;8900;1240;0;10800;2440;2820
P208066403;P208066403_13;M;10200;0;0;12100;1200;2715
P208066403;P208066403_14;N;10800;1234;0;11810;2440;2655
P208066403;P208066403_15;O;11810;1234;0;12820;2440;2910
P208066403;P208066403_16;P;12100;0;0;13110;1206;2355
P208066401;P208066401_1;A;0;0;0;1900;1200;2715
P208066401;P208066401_2;B;0;1240;0;1900;2440;2820
P208066401;P208066401_3;C;1900;1240;0;3500;2440;2865
P208066401;P208066401_4;D;1900;0;0;3500;1200;2865
P208066401;P208066401_5;E;3500;0;0;5400;1200;2820
P208066401;P208066401_6;F;3500;1240;0;5400;2440;2820
P208066401;P208066401_7;G;5400;1240;0;7300;2440;2715
P208066401;P208066401_8;H;5400;0;0;7300;1200;2715
P208066401;P208066401_9;I;7300;0;0;8900;1200;2865
P208066401;P208066401_10;J;7300;1240;0;8900;2440;2865
P208066401;P208066401_11;K;8900;1240;0;10800;2440;2305
P208066401;P208066401_12;L;8900;0;0;10800;1200;2820
P208066401;P208066401_13;M;10800;0;0;12400;1200;2865
P208066401;P208066401_14;N;10800;1240;0;12700;2440;2820
P207066405;P207066405_1;A;0;0;0;1900;1200;2820
P207066405;P207066405_2;B;0;1240;0;1600;2440;2865
P207066405;P207066405_3;C;1600;1240;0;3500;2440;2715
P207066405;P207066405_4;D;1900;0;0;3500;1200;2865
P207066405;P207066405_5;E;3500;1240;0;5100;2440;2865
P207066405;P207066405_6;F;3500;0;0;5100;1200;2865
P207066405;P207066405_7;G;5100;0;0;6700;1200;2865
P207066405;P207066405_8;H;5100;1240;0;6700;2440;2865
P207066405;P207066405_9;I;6700;1240;0;8300;2440;2865
P207066405;P207066405_10;J;6700;0;0;8600;1200;2820
P207066405;P207066405_11;K;8300;1240;0;9900;2440;2865
P207066405;P207066405_12;L;8600;0;0;10200;1200;2865
P207066405;P207066405_13;M;9900;1240;0;11500;2440;2865
P207066405;P207066405_14;N;10200;0;0;11800;1200;2865
P207066405;P207066405_15;O;11500;1240;0;13100;2440;2865
P207066405;P207066405_16;P;11800;0;0;13400;1200;2865
P207066401;P207066401_1;A;0;0;0;1900;1200;2715
P207066401;P207066401_2;B;0;1200;0;1900;2400;2715
P207066401;P207066401_3;C;1900;1240;0;3800;2440;2820
P207066401;P207066401_4;D;1900;0;0;3800;1200;2820
P207066401;P207066401_5;E;3800;0;0;5700;1200;2820
P207066401;P207066401_6;F;3800;1240;0;5700;2440;2715
P207066401;P207066401_7;G;5700;1240;0;7600;2440;2715
P207066401;P207066401_8;H;5700;0;0;7300;1200;2865
P207066401;P207066401_9;I;7300;0;0;8900;1200;2865
P207066401;P207066401_10;J;7600;1240;0;9200;2440;2865
P207066401;P207066401_11;K;8900;0;0;10800;1200;2715
P207066401;P207066401_12;L;9200;1240;0;11100;2440;2715
P207066401;P207066401_13;M;10800;0;0;12700;1200;2820
P207066401;P207066401_14;N;11100;1240;0;13000;2440;2820
P206066401;P206066401_1;A;0;0;0;1900;1200;2305
P206066401;P206066401_2;B;0;1240;0;1600;2440;2865
P206066401;P206066401_3;C;1600;1240;0;3200;2440;2865
P206066401;P206066401_4;D;1900;0;0;3500;1200;2865
P206066401;P206066401_5;E;3200;1240;0;4800;2440;2865
P206066401;P206066401_6;F;3500;0;0;5100;1200;2865
P206066401;P206066401_7;G;4800;1240;0;6700;2440;2715
P206066401;P206066401_8;H;5100;0;0;7000;1200;2820
P206066401;P206066401_9;I;6700;1240;0;8600;2440;2820
P206066401;P206066401_10;J;7000;0;0;8600;1200;2865
P206066401;P206066401_11;K;8600;1240;0;10200;2440;2865
P206066401;P206066401_12;L;8600;0;0;10200;1200;2865
P206066401;P206066401_13;M;10200;0;0;11800;1200;2865
P206066401;P206066401_14;N;10200;1240;0;11800;2440;2865
P206066401;P206066401_15;O;11800;1240;0;13400;2440;2865
P206066401;P206066401_16;P;11800;0;0;13400;1200;2865
Q206066401_1;Q206066401_1_1;A;0;1240;0;1900;2440;2820
Q206066401_1;Q206066401_1_2;B;0;0;0;1600;1200;2865
Q206066401_1;Q206066401_1_3;C;1600;0;0;3200;1200;2865
Q206066401_1;Q206066401_1_4;D;1900;1240;0;3500;2440;2865
Q206066401_1;Q206066401_1_5;E;3200;0;0;4800;1200;2865
Q206066401_1;Q206066401_1_6;F;3500;1240;0;5100;2440;2865
Q206066401_1;Q206066401_1_7;G;4800;0;0;6400;1200;2865
Q206066401_1;Q206066401_1_8;H;5100;1240;0;7000;2440;2715
Q206066401_1;Q206066401_1_9;I;6400;0;0;8300;1200;2715
Q206066401_1;Q206066401_1_10;J;7000;1240;0;8900;2440;2715
Q206066401_1;Q206066401_1_11;K;8300;0;0;10200;1200;2715
Q206066401_1;Q206066401_1_12;L;8900;1240;0;10800;2440;2305
Q206066401_1;Q206066401_1_13;M;10200;0;0;11800;1200;2865
Q206066401_1;Q206066401_1_14;N;10800;1240;0;12700;2440;2820
Q206066401_1;Q206066401_1_15;O;11800;0;0;13400;1200;2865
P205066405;P205066405_1;A;0;1240;0;1900;2440;2820
P205066405;P205066405_2;B;0;0;0;1900;1200;2820
P205066405;P205066405_3;C;1900;0;0;3800;1200;2820
P205066405;P205066405_4;D;1900;1240;0;3500;2440;2865
P205066405;P205066405_5;E;3500;1240;0;5400;2440;2715
P205066405;P205066405_6;F;3800;0;0;5700;1200;2715
P205066405;P205066405_7;G;5400;1240;0;7300;2440;2820
P205066405;P205066405_8;H;5700;0;0;7600;1200;2715
P205066405;P205066405_9;I;7300;1240;0;9200;2440;2715
P205066405;P205066405_10;J;7600;0;0;9200;1200;2865
P205066405;P205066405_11;K;9200;0;0;11100;1200;2820
P205066405;P205066405_12;L;9200;1240;0;11100;2440;2820
P205066405;P205066405_13;M;11100;0;0;12300;1900;2820
P205066405;P205066405_14;N;12300;0;0;13500;1600;2865
P205066401;P205066401_1;A;0;1240;0;1600;2440;2865
P205066401;P205066401_2;B;0;0;0;1600;1200;2865
P205066401;P205066401_3;C;1600;0;0;3200;1200;2865
P205066401;P205066401_4;D;1600;1200;0;3200;2400;2865
P205066401;P205066401_5;E;3200;0;0;4800;1200;2865
P205066401;P205066401_6;F;3200;1240;0;4800;2440;2865
P205066401;P205066401_7;G;4800;1240;0;6400;2440;2865
P205066401;P205066401_8;H;4800;0;0;6700;1200;2715
P205066401;P205066401_9;I;6400;1240;0;8000;2440;2865
P205066401;P205066401_10;J;6700;0;0;8300;1200;2865
P205066401;P205066401_11;K;8000;1240;0;9600;2440;2865
P205066401;P205066401_12;L;8300;0;0;9900;1200;2865
P205066401;P205066401_13;M;9600;1240;0;11500;2440;2715
P205066401;P205066401_14;N;9900;0;0;11800;1200;2820
P205066401;P205066401_15;O;11500;1240;0;13400;2440;2820
P205066401;P205066401_16;P;11800;0;0;13400;1200;2865
P202066405;P202066405_1;A;0;0;0;1600;1200;2865
P202066405;P202066405_2;B;0;1200;0;1600;2400;2865
P202066405;P202066405_3;C;1600;1240;0;3500;2440;2820
P202066405;P202066405_4;D;1600;0;0;3200;1200;2865
P202066405;P202066405_5;E;3200;0;0;4800;1200;2865
P202066405;P202066405_6;F;3500;1240;0;5100;2440;2865
P202066405;P202066405_7;G;4800;0;0;6400;1200;2865
P202066405;P202066405_8;H;5100;1240;0;6700;2440;2865
P202066405;P202066405_9;I;6400;0;0;8000;1200;2865
P202066405;P202066405_10;J;6700;1240;0;8300;2440;2865
P202066405;P202066405_11;K;8000;0;0;9600;1200;2865
P202066405;P202066405_12;L;8300;1240;0;9900;2440;2865
P202066405;P202066405_13;M;9600;0;0;11200;1200;2865
P202066405;P202066405_14;N;9900;1240;0;11800;2440;2820
P202066405;P202066405_15;O;11200;0;0;13100;1200;2820
P202066405;P202066405_16;P;11800;1240;0;13400;2440;2865
P202066401;P202066401_1;A;0;1240;0;1900;2440;2715
P202066401;P202066401_2;B;0;0;0;1900;1200;2715
P202066401;P202066401_3;C;1900;0;0;3800;1200;2715
P202066401;P202066401_4;D;1900;1240;0;3800;2440;2715
P202066401;P202066401_5;E;3800;1240;0;5700;2440;2715
P202066401;P202066401_6;F;3800;0;0;5700;1200;2820
P202066401;P202066401_7;G;5700;0;0;7600;1200;2820
P202066401;P202066401_8;H;5700;1240;0;7600;2440;2820
P202066401;P202066401_9;I;7600;1240;0;9500;2440;2820
P202066401;P202066401_10;J;7600;0;0;9500;1200;2715
P202066401;P202066401_11;K;9500;0;0;11400;1200;2715
P202066401;P202066401_12;L;9500;1240;0;11400;2440;2305
P202066401;P202066401_13;M;11400;1240;0;13300;2440;2820
P202066401;P202066401_14;N;11400;0;0;13300;1200;2820
P201066403;P201066403_1;A;0;0;0;1600;1200;2865
P201066403;P201066403_2;B;0;1200;0;1600;2400;2865
P201066403;P201066403_3;C;1600;1240;0;3200;2440;2865
P201066403;P201066403_4;D;1600;0;0;3200;1200;2865
P201066403;P201066403_5;E;3200;0;0;4800;1200;2865
P201066403;P201066403_6;F;3200;1240;0;4800;2440;2865
P201066403;P201066403_7;G;4800;1240;0;6400;2440;2865
P201066403;P201066403_8;H;4800;0;0;6700;1200;2305
P201066403;P201066403_9;I;6400;1240;0;8000;2440;2865
P201066403;P201066403_10;J;6700;0;0;8300;1200;2865
P201066403;P201066403_11;K;8000;1240;0;9600;2440;1455
P201066403;P201066403_12;L;8300;0;0;9310;1206;2725
P201066403;P201066403_13;M;9310;0;0;10320;1206;2840
P201066403;P201066403_14;N;9600;1234;0;10610;2440;2355
P201066403;P201066403_15;O;10320;0;0;11330;1206;785
P201066403;P201066403_16;P;10610;1234;0;11620;2440;2910
P201066403;P201066403_17;Q;11330;0;0;12340;1206;2910
P201066403;P201066403_18;R;11620;1240;0;12620;2440;645
P201066401;P201066401_1;A;0;1240;0;1600;2440;2865
P201066401;P201066401_2;B;0;0;0;1900;1200;2715
P201066401;P201066401_3;C;1600;1240;0;3200;2440;2865
P201066401;P201066401_4;D;1900;0;0;3500;1200;2865
P201066401;P201066401_5;E;3200;1240;0;5100;2440;2715
P201066401;P201066401_6;F;3500;0;0;5400;1200;2820
P201066401;P201066401_7;G;5100;1240;0;6700;2440;2865
P201066401;P201066401_8;H;5400;0;0;7000;1200;2865
P201066401;P201066401_9;I;6700;1240;0;8600;2440;2820
P201066401;P201066401_10;J;7000;0;0;8900;1200;2820
P201066401;P201066401_11;K;8600;1240;0;10200;2440;2865
P201066401;P201066401_12;L;8900;0;0;10800;1200;2715
P201066401;P201066401_13;M;10200;1240;0;11800;2440;2865
P201066401;P201066401_14;N;10800;0;0;12700;1200;2820
P201066401;P201066401_15;O;11800;1240;0;13400;2440;2865
P200066405;P200066405_1;A;0;0;0;1900;1200;2715
P200066405;P200066405_2;B;0;1200;0;1900;2400;2715
P200066405;P200066405_3;C;1900;1240;0;3800;2440;2715
P200066405;P200066405_4;D;1900;0;0;3500;1200;2865
P200066405;P200066405_5;E;3500;0;0;5100;1200;2865
P200066405;P200066405_6;F;3800;1240;0;5700;2440;2820
P200066405;P200066405_7;G;5100;0;0;6700;1200;2865
P200066405;P200066405_8;H;5700;1240;0;7300;2440;2865
P200066405;P200066405_9;I;6700;0;0;8300;1200;2865
P200066405;P200066405_10;J;7300;1240;0;8900;2440;2865
P200066405;P200066405_11;K;8300;0;0;9900;1200;2865
P200066405;P200066405_12;L;8900;1240;0;10800;2440;2820
P200066405;P200066405_13;M;9900;0;0;11800;1200;2820
P200066405;P200066405_14;N;10800;1240;0;12700;2440;2820
P200066405;P200066405_15;O;11800;0;0;13400;1200;2865
P200066401;P200066401_1;A;0;0;0;1900;1200;2820
P200066401;P200066401_2;B;0;1240;0;1900;2440;2715
P200066401;P200066401_3;C;1900;1240;0;3500;2440;2865
P200066401;P200066401_4;D;1900;0;0;3800;1200;2820
P200066401;P200066401_5;E;3500;1240;0;5400;2440;2820
P200066401;P200066401_6;F;3800;0;0;5700;1200;2715
P200066401;P200066401_7;G;5400;1240;0;7300;2440;2715
P200066401;P200066401_8;H;5700;0;0;7300;1200;2865
P200066401;P200066401_9;I;7300;0;0;8900;1200;2865
P200066401;P200066401_10;J;7300;1240;0;8900;2440;2865
P200066401;P200066401_11;K;8900;1240;0;10500;2440;2865
P200066401;P200066401_12;L;8900;0;0;10500;1200;2865
P200066401;P200066401_13;M;10500;0;0;12100;1200;2865
P200066401;P200066401_14;N;10500;1240;0;12100;2440;2865
P200066401;P200066401_15;O;12100;0;0;13300;1900;2820
P199066401;P199066401_1;A;0;0;0;1600;1200;2865
P199066401;P199066401_2;B;0;1240;0;1600;2440;2865
P199066401;P199066401_3;C;1600;1240;0;3200;2440;2865
P199066401;P199066401_4;D;1600;0;0;3500;1200;2820
P199066401;P199066401_5;E;3200;1240;0;5100;2440;2715
P199066401;P199066401_6;F;3500;0;0;5400;1200;2715
P199066401;P199066401_7;G;5100;1240;0;6700;2440;2865
P199066401;P199066401_8;H;5400;0;0;7000;1200;2865
P199066401;P199066401_9;I;6700;1240;0;8600;2440;2820
P199066401;P199066401_10;J;7000;0;0;8600;1200;2865
P199066401;P199066401_11;K;8600;0;0;10500;1200;2820
P199066401;P199066401_12;L;8600;1240;0;10200;2440;2865
P199066401;P199066401_13;M;10200;1240;0;11800;2440;2865
P199066401;P199066401_14;N;10500;0;0;12400;1200;2820
P199066401;P199066401_15;O;11800;1240;0;13400;2440;2865
Q199066401_1;Q199066401_1_1;A;0;1240;0;1600;2440;2865
Q199066401_1;Q199066401_1_2;B;0;0;0;1600;1200;2865
Q199066401_1;Q199066401_1_3;C;1600;0;0;3200;1200;2865
Q199066401_1;Q199066401_1_4;D;1600;1200;0;3200;2400;2865
Q199066401_1;Q199066401_1_5;E;3200;1240;0;4800;2440;2865
Q199066401_1;Q199066401_1_6;F;3200;0;0;4800;1200;2865
Q199066401_1;Q199066401_1_7;G;4800;0;0;6400;1200;2865
Q199066401_1;Q199066401_1_8;H;4800;1240;0;6400;2440;2865
Q199066401_1;Q199066401_1_9;I;6400;1240;0;8000;2440;2865
Q199066401_1;Q199066401_1_10;J;6400;0;0;8000;1200;2865
Q199066401_1;Q199066401_1_11;K;8000;0;0;9600;1200;2865
Q199066401_1;Q199066401_1_12;L;8000;1240;0;9900;2440;2820
Q199066401_1;Q199066401_1_13;M;9600;0;0;11500;1200;2820
Q199066401_1;Q199066401_1_14;N;9900;1240;0;11500;2440;2865
Q199066401_1;Q199066401_1_15;O;11500;1240;0;13400;2440;2715
Q199066401_1;Q199066401_1_16;P;11500;0;0;13400;1200;2715
P198066405;P198066405_1;A;0;0;0;1900;1200;2715
P198066405;P198066405_2;B;0;1200;0;1900;2400;2715
P198066405;P198066405_3;C;1900;1240;0;3800;2440;2715
P198066405;P198066405_4;D;1900;0;0;3800;1200;2715
P198066405;P198066405_5;E;3800;1240;0;5700;2440;2305
P198066405;P198066405_6;F;3800;0;0;5700;1200;2820
P198066405;P198066405_7;G;5700;0;0;7600;1200;2820
P198066405;P198066405_8;H;5700;1240;0;7600;2440;2820
P198066405;P198066405_9;I;7600;1240;0;9500;2440;2820
P198066405;P198066405_10;J;7600;0;0;9500;1200;2715
P198066405;P198066405_11;K;9500;0;0;11400;1200;2715
P198066405;P198066405_12;L;9500;1240;0;11400;2440;2715
P198066405;P198066405_13;M;11400;1240;0;13300;2440;2820
P198066405;P198066405_14;N;11400;0;0;13300;1200;2820
P198066401;P198066401_1;A;0;1240;0;1900;2440;1895
P198066401;P198066401_2;B;0;0;0;1600;1200;2160
P198066401;P198066401_3;C;1600;0;0;3500;1200;1895
P198066401;P198066401_4;D;1900;1240;0;3500;2440;2865
P198066401;P198066401_5;E;3500;0;0;5100;1200;2160
P198066401;P198066401_6;F;3500;1240;0;5100;2440;2865
P198066401;P198066401_7;G;5100;1240;0;6700;2440;2865
P198066401;P198066401_8;H;5100;0;0;6700;1200;2865
P198066401;P198066401_9;I;6700;0;0;8300;1200;2865
P198066401;P198066401_10;J;6700;1240;0;8300;2440;2865
P198066401;P198066401_11;K;8300;1240;0;9900;2440;2865
P198066401;P198066401_12;L;8300;0;0;9900;1200;2865
P198066401;P198066401_13;M;9900;0;0;11800;1200;1895
P198066401;P198066401_14;N;9900;1240;0;11500;2440;2865
P198066401;P198066401_15;O;11500;1240;0;13400;2440;2820
P198066401;P198066401_16;P;11800;0;0;13400;1200;2865
Q198066401_1;Q198066401_1_1;A;0;0;0;1900;1200;2305
Q198066401_1;Q198066401_1_2;B;0;1240;0;1600;2440;2865
Q198066401_1;Q198066401_1_3;C;1600;1240;0;3500;2440;2305
Q198066401_1;Q198066401_1_4;D;1900;0;0;3800;1200;2715
Q198066401_1;Q198066401_1_5;E;3500;1240;0;5400;2440;2715
Q198066401_1;Q198066401_1_6;F;3800;0;0;5700;1200;2820
Q198066401_1;Q198066401_1_7;G;5400;1240;0;7300;2440;970
Q198066401_1;Q198066401_1_8;H;5700;0;0;7300;1200;2865
Q198066401_1;Q198066401_1_9;I;7300;1240;0;8900;2440;2865
Q198066401_1;Q198066401_1_10;J;7300;0;0;8900;1200;2865
P180161411;P180161411_1;A;0;1240;0;1200;2440;2752
P180161411;P180161411_2;B;0;0;0;1200;1200;2752
P180161411;P180161411_3;C;1200;0;0;2400;1200;2752
P180161411;P180161411_4;D;1200;1240;0;2400;2440;2752
P180161411;P180161411_5;E;2400;0;0;3720;2350;2910
P180161411;P180161411_6;F;3720;0;0;5040;2350;2910
P180161411;P180161411_7;G;5040;1240;0;6240;2440;2752
P180161411;P180161411_8;H;5040;0;0;6240;1200;2752
P180161411;P180161411_9;I;6240;0;0;7560;2350;2910
P180161411;P180161411_10;J;7560;0;0;8880;2350;2910
P180161411;P180161411_11;K;8880;0;0;10200;2350;2910
P180161411;P180161411_12;L;10200;0;0;11520;2350;2910
P180161411;P180161411_13;M;11520;0;0;12720;1200;2752
P180161411;P180161411_14;N;11520;1240;0;12720;2440;2752
P180161407;P180161407_1;A;0;0;0;1320;2350;2910
P180161407;P180161407_2;B;1320;1240;0;2520;2440;2752
P180161407;P180161407_3;C;1320;0;0;2520;1200;2752
P180161407;P180161407_4;D;2520;0;0;3720;1200;2752
P180161407;P180161407_5;E;2520;1240;0;3720;2440;2752
P180161407;P180161407_6;F;3720;0;0;5040;2350;2910
P180161407;P180161407_7;G;5040;0;0;6360;2350;2910
P180161407;P180161407_8;H;6360;0;0;7680;2350;2910
P180161407;P180161407_9;I;7680;0;0;9000;2350;2910
P180161407;P180161407_10;J;9000;0;0;10320;2350;2910
P180161407;P180161407_11;K;10320;0;0;11640;2350;1955
P180161407;P180161407_12;L;11640;1240;0;12840;2440;2752
P180161407;P180161407_13;M;11640;0;0;12840;1200;2752
P180161401;P180161401_1;A;0;0;0;1200;1200;2752
P180161401;P180161401_2;B;0;1200;0;1200;2400;2752
P180161401;P180161401_3;C;1200;1240;0;2400;2440;2752
P180161401;P180161401_4;D;1200;0;0;2400;1200;2752
P180161401;P180161401_5;E;2400;1240;0;3600;2440;2752
P180161401;P180161401_6;F;2400;0;0;3600;1200;2752
P180161401;P180161401_7;G;3600;0;0;4800;1200;2752
P180161401;P180161401_8;H;3600;1240;0;4800;2440;2752
P180161401;P180161401_9;I;4800;1240;0;6000;2440;2752
P180161401;P180161401_10;J;4800;0;0;6000;1200;2752
P180161401;P180161401_11;K;6000;0;0;7200;1200;2752
P180161401;P180161401_12;L;6000;1240;0;7200;2440;2752
P180161401;P180161401_13;M;7200;0;0;8520;2350;2910
P180161401;P180161401_14;N;8520;0;0;9840;2350;2910
P180161401;P180161401_15;O;9840;1240;0;11040;2440;2752
P180161401;P180161401_16;P;9840;0;0;11040;1200;2752
P180161401;P180161401_17;Q;11040;0;0;12240;1200;2752
P180161401;P180161401_18;R;11040;1240;0;12240;2440;2752
P180161401;P180161401_19;S;12240;1240;0;13440;2440;2752
P180161401;P180161401_20;T;12240;0;0;13440;1200;2752
P179161411;P179161411_1;A;0;0;0;1200;1200;2752
P179161411;P179161411_2;B;0;1200;0;1200;2400;2752
P179161411;P179161411_3;C;1200;1240;0;2400;2440;2752
P179161411;P179161411_4;D;1200;0;0;2400;1200;2752
P179161411;P179161411_5;E;2400;0;0;3600;1200;2752
P179161411;P179161411_6;F;2400;1200;0;3600;2400;2752
P179161411;P179161411_7;G;3600;1240;0;4800;2440;2752
P179161411;P179161411_8;H;3600;0;0;4800;1200;2752
P179161411;P179161411_9;I;4800;0;0;6120;2350;2910
P179161411;P179161411_10;J;6120;0;0;7320;1200;2752
P179161411;P179161411_11;K;6120;1240;0;7320;2440;2752
P179161411;P179161411_12;L;7320;1240;0;8520;2440;2752
P179161411;P179161411_13;M;7320;0;0;8520;1200;2752
P179161411;P179161411_14;N;8520;0;0;9720;1200;2752
P179161411;P179161411_15;O;8520;1240;0;9720;2440;2752
P179161411;P179161411_16;P;9720;0;0;11040;2350;2910
P179161411;P179161411_17;Q;11040;0;0;12240;1200;2752
P179161411;P179161411_18;R;11040;1240;0;12240;2440;2752
P179161411;P179161411_19;S;12240;1240;0;13440;2440;2752
P179161411;P179161411_20;T;12240;0;0;13440;1200;2752
P179161425;P179161425_1;A;0;0;0;1200;1200;2752
P179161425;P179161425_2;B;0;1240;0;1200;2440;2752
P179161425;P179161425_3;C;1200;1240;0;2400;2440;2752
P179161425;P179161425_4;D;1200;0;0;2400;1200;2752
P179161425;P179161425_5;E;2400;0;0;3600;1200;2752
P179161425;P179161425_6;F;2400;1240;0;3600;2440;2752
P179161425;P179161425_7;G;3600;1240;0;4800;2440;2752
P179161425;P179161425_8;H;3600;0;0;4800;1200;2752
P179161425;P179161425_9;I;4800;0;0;6000;1200;2752
P179161425;P179161425_10;J;4800;1240;0;6000;2440;2752
P179161425;P179161425_11;K;6000;0;0;7320;2350;2910
P179161425;P179161425_12;L;7320;0;0;8640;2350;2910
P179161425;P179161425_13;M;8640;0;0;9960;2350;2910
P179161425;P179161425_14;N;9960;0;0;11280;2350;2910
P179161425;P179161425_15;O;11280;0;0;12600;2350;2910
P179161407;P179161407_1;A;0;1240;0;1200;2440;2752
P179161407;P179161407_2;B;0;0;0;1200;1200;2752
P179161407;P179161407_3;C;1200;0;0;2520;2350;2910
P179161407;P179161407_4;D;2520;1240;0;3720;2440;2752
P179161407;P179161407_5;E;2520;0;0;3720;1200;2752
P179161407;P179161407_6;F;3720;0;0;4920;1200;2752
P179161407;P179161407_7;G;3720;1240;0;4920;2440;2752
P179161407;P179161407_8;H;4920;1240;0;6120;2440;2752
P179161407;P179161407_9;I;4920;0;0;6120;1200;2752
P179161407;P179161407_10;J;6120;0;0;7320;1200;2752
P179161407;P179161407_11;K;6120;1240;0;7320;2440;2752
P179161407;P179161407_12;L;7320;1240;0;8520;2440;2752
P179161407;P179161407_13;M;7320;0;0;8520;1200;2752
P179161407;P179161407_14;N;8520;0;0;9720;1200;2752
P179161407;P179161407_15;O;8520;1240;0;9720;2440;2752
P179161407;P179161407_16;P;9720;1240;0;10920;2440;2752
P179161407;P179161407_17;Q;9720;0;0;10920;1200;2752
P179161407;P179161407_18;R;10920;0;0;12120;1200;2752
P179161407;P179161407_19;S;10920;1240;0;12120;2440;2752
P179161407;P179161407_20;T;12120;0;0;13440;2350;2910
P179161401;P179161401_1;A;0;45;0;1320;2395;2910
P179161401;P179161401_2;B;1320;0;0;2640;2350;2910
P179161401;P179161401_3;C;2640;0;0;3960;2350;2910
P179161401;P179161401_4;D;3960;0;0;5160;1200;2752
P179161401;P179161401_5;E;3960;1240;0;5160;2440;2752
P179161401;P179161401_6;F;5160;1240;0;6360;2440;2752
P179161401;P179161401_7;G;5160;0;0;6360;1200;2752
P179161401;P179161401_8;H;6360;0;0;7560;1200;2752
P179161401;P179161401_9;I;6360;1240;0;7560;2440;2752
P179161401;P179161401_10;J;7560;1240;0;8760;2440;2752
P179161401;P179161401_11;K;7560;0;0;8760;1200;2752
P179161401;P179161401_12;L;8760;0;0;10080;2350;2910
P179161401;P179161401_13;M;10080;0;0;11400;2350;2910
P179161401;P179161401_14;N;11400;0;0;12720;2350;2910
P178161411;P178161411_1;A;0;1240;0;1200;2440;2752
P178161411;P178161411_2;B;0;0;0;1200;1200;2752
P178161411;P178161411_3;C;1200;0;0;2400;1200;2752
P178161411;P178161411_4;D;1200;1240;0;2400;2440;2752
P178161411;P178161411_5;E;2400;0;0;3720;2350;2910
P178161411;P178161411_6;F;3720;0;0;5040;2350;2910
P178161411;P178161411_7;G;5040;0;0;6360;2350;2910
P178161411;P178161411_8;H;6360;0;0;7680;2350;2910
P178161411;P178161411_9;I;7680;0;0;9000;2350;2910
P178161411;P178161411_10;J;9000;1240;0;10200;2440;2752
P178161411;P178161411_11;K;9000;0;0;10200;1200;2752
P178161411;P178161411_12;L;10200;0;0;11400;1200;2752
P178161411;P178161411_13;M;10200;1240;0;11400;2440;2752
P178161411;P178161411_14;N;11400;1240;0;12600;2440;2752
P178161411;P178161411_15;O;11400;0;0;12600;1200;2752
P178161407;P178161407_1;A;0;0;0;1200;1200;2752
P178161407;P178161407_2;B;0;1240;0;1200;2440;2752
P178161407;P178161407_3;C;1200;0;0;2520;2350;2910
P178161407;P178161407_4;D;2520;0;0;3720;1200;2752
P178161407;P178161407_5;E;2520;1240;0;3720;2440;2752
P178161407;P178161407_6;F;3720;0;0;5040;2350;2910
P178161407;P178161407_7;G;5040;0;0;6240;1200;2752
P178161407;P178161407_8;H;5040;1240;0;6240;2440;2752
P178161407;P178161407_9;I;6240;1240;0;7440;2440;2752
P178161407;P178161407_10;J;6240;0;0;7440;1200;2752
P178161407;P178161407_11;K;7440;0;0;8640;1200;2752
P178161407;P178161407_12;L;7440;1240;0;8640;2440;2752
P178161407;P178161407_13;M;8640;1240;0;9840;2440;2752
P178161407;P178161407_14;N;8640;0;0;9840;1200;2752
P178161407;P178161407_15;O;9840;0;0;11040;1200;2752
P178161407;P178161407_16;P;9840;1240;0;11040;2440;2752
P178161407;P178161407_17;Q;11040;1240;0;12240;2440;2752
P178161407;P178161407_18;R;11040;0;0;12240;1200;2752
P178161407;P178161407_19;S;12240;0;0;13440;1200;2752
P178161407;P178161407_20;T;12240;1240;0;13440;2440;2752
P178161401;P178161401_1;A;0;1240;0;1200;2440;2752
P178161401;P178161401_2;B;0;0;0;1200;1200;2752
P178161401;P178161401_3;C;1200;0;0;2400;1200;2752
P178161401;P178161401_4;D;1200;1240;0;2400;2440;2752
P178161401;P178161401_5;E;2400;45;0;3720;2395;2910
P178161401;P178161401_6;F;3720;45;0;5040;2395;2910
P178161401;P178161401_7;G;5040;0;0;6360;2350;2910
P178161401;P178161401_8;H;6360;0;0;7680;2350;2910
P178161401;P178161401_9;I;7680;0;0;9000;2350;2910
P178161401;P178161401_10;J;9000;0;0;10320;2350;2910
P178161401;P178161401_11;K;10320;0;0;11640;2350;2910
P178161401;P178161401_12;L;11640;0;0;12960;2350;2910
P177161411;P177161411_1;A;0;1240;0;1200;2440;2752
P177161411;P177161411_2;B;0;0;0;1200;1200;2752
P177161411;P177161411_3;C;1200;0;0;2400;1200;2752
P177161411;P177161411_4;D;1200;1200;0;2400;2400;2752
P177161411;P177161411_5;E;2400;1240;0;3600;2440;2752
P177161411;P177161411_6;F;2400;0;0;3600;1200;2752
P177161411;P177161411_7;G;3600;0;0;4800;1200;2752
P177161411;P177161411_8;H;3600;1240;0;4800;2440;2752
P177161411;P177161411_9;I;4800;1240;0;6000;2440;2752
P177161411;P177161411_10;J;4800;0;0;6000;1200;2752
P177161411;P177161411_11;K;6000;0;0;7200;1200;2752
P177161411;P177161411_12;L;6000;1240;0;7200;2440;2752
P177161411;P177161411_13;M;7200;1240;0;8400;2440;2752
P177161411;P177161411_14;N;7200;0;0;8400;1200;2752
P177161411;P177161411_15;O;8400;0;0;9600;1200;2752
P177161411;P177161411_16;P;8400;1240;0;9600;2440;2752
P177161411;P177161411_17;Q;9600;1240;0;10800;2440;2752
P177161411;P177161411_18;R;9600;0;0;10800;1200;2752
P177161411;P177161411_19;S;10800;0;0;12000;1200;2752
P177161411;P177161411_20;T;10800;1240;0;12000;2440;2752
P177161411;P177161411_21;U;12000;0;0;13320;2350;2910
P177161407;P177161407_1;A;0;0;0;1200;1200;2752
P177161407;P177161407_2;B;0;1240;0;1200;2440;2752
P177161407;P177161407_3;C;1200;1240;0;2400;2440;2752
P177161407;P177161407_4;D;1200;0;0;2400;1200;2752
P177161407;P177161407_5;E;2400;0;0;3720;2350;2910
P177161407;P177161407_6;F;3720;0;0;5040;2350;2910
P177161407;P177161407_7;G;5040;0;0;6360;2350;2910
P177161407;P177161407_8;H;6360;0;0;7680;2350;2910
P177161407;P177161407_9;I;7680;0;0;9000;2350;2910
P177161407;P177161407_10;J;9000;0;0;10320;2350;2910
P177161407;P177161407_11;K;10320;0;0;11640;2350;2910
P177161407;P177161407_12;L;11640;0;0;12960;2350;2910
P177161403;P177161403_1;A;0;0;0;1320;2350;2910
P177161403;P177161403_2;B;1320;1240;0;2520;2440;2752
P177161403;P177161403_3;C;1320;0;0;2520;1200;2752
P177161403;P177161403_4;D;2520;0;0;3720;1200;2752
P177161403;P177161403_5;E;2520;1240;0;3720;2440;2752
P177161403;P177161403_6;F;3720;1240;0;4920;2440;2752
P177161403;P177161403_7;G;3720;0;0;4920;1200;2752
P177161403;P177161403_8;H;4920;0;0;6120;1200;2752
P177161403;P177161403_9;I;4920;1240;0;6120;2440;2752
P177161403;P177161403_10;J;6120;1240;0;7320;2440;2752
P177161403;P177161403_11;K;6120;0;0;7320;1200;2752
P177161403;P177161403_12;L;7320;0;0;8520;1200;2752
P177161403;P177161403_13;M;7320;1240;0;8520;2440;2752
P177161403;P177161403_14;N;8520;1240;0;9720;2440;2752
P177161403;P177161403_15;O;8520;0;0;9720;1200;2752
P177161403;P177161403_16;P;9720;0;0;10920;1200;2752
P177161403;P177161403_17;Q;9720;1240;0;10920;2440;2752
P177161403;P177161403_18;R;10920;0;0;12240;2350;2910
P177161403;P177161403_19;S;12240;0;0;13440;1200;2752
P177161403;P177161403_20;T;12240;1240;0;13440;2440;2752
P175161401;P175161401_1;A;0;0;0;1200;1200;2752
P175161401;P175161401_2;B;0;1240;0;1200;2440;2752
P175161401;P175161401_3;C;1200;1240;0;2400;2440;2752
P175161401;P175161401_4;D;1200;0;0;2400;1200;2752
P175161401;P175161401_5;E;2400;0;0;3600;1200;2752
P175161401;P175161401_6;F;2400;1240;0;3600;2440;2752
P175161401;P175161401_7;G;3600;1240;0;4800;2440;2752
P175161401;P175161401_8;H;3600;0;0;4800;1200;2752
P175161401;P175161401_9;I;4800;0;0;6000;1200;2752
P175161401;P175161401_10;J;4800;1240;0;6000;2440;2752
P175161401;P175161401_11;K;6000;1240;0;7200;2440;2752
P175161401;P175161401_12;L;6000;0;0;7200;1200;2752
P175161401;P175161401_13;M;7200;0;0;8520;2350;2910
P175161401;P175161401_14;N;8520;0;0;9840;2350;2910
P175161401;P175161401_15;O;9840;0;0;11040;1200;2752
P175161401;P175161401_16;P;9840;1240;0;11040;2440;2752
P175161401;P175161401_17;Q;11040;0;0;12360;2350;2910
P174161411;P174161411_1;A;0;0;0;1320;2350;2910
P174161411;P174161411_2;B;1320;1240;0;2520;2440;2752
P174161411;P174161411_3;C;1320;0;0;2520;1200;2752
P174161411;P174161411_4;D;2520;0;0;3720;1200;2752
P174161411;P174161411_5;E;2520;1240;0;3720;2440;2752
P174161411;P174161411_6;F;3720;1240;0;4920;2440;2752
P174161411;P174161411_7;G;3720;0;0;4920;1200;2752
P174161411;P174161411_8;H;4920;0;0;6120;1200;2752
P174161411;P174161411_9;I;4920;1240;0;6120;2440;2752
P174161411;P174161411_10;J;6120;0;0;7440;2350;2910
P174161411;P174161411_11;K;7440;0;0;8760;2350;1000
P174161411;P174161411_12;L;8760;1240;0;9960;2440;2752
P174161411;P174161411_13;M;8760;0;0;9960;1200;2064
P174161425;P174161425_1;A;0;0;0;1320;2350;2910
P174161425;P174161425_2;B;1320;0;0;2640;2350;2910
P174161425;P174161425_3;C;2640;0;0;3960;2350;2910
P174161425;P174161425_4;D;3960;0;0;5160;1200;2752
P174161425;P174161425_5;E;3960;1240;0;5160;2440;2752
P174161425;P174161425_6;F;5160;1240;0;6360;2440;2752
P174161425;P174161425_7;G;5160;0;0;6360;1200;2752
P174161425;P174161425_8;H;6360;0;0;7560;1200;2752
P174161425;P174161425_9;I;6360;1240;0;7560;2440;2752
P174161425;P174161425_10;J;7560;1240;0;8760;2440;2752
P174161425;P174161425_11;K;7560;0;0;8760;1200;2752
P174161425;P174161425_12;L;8760;0;0;9960;1200;2752
P174161425;P174161425_13;M;8760;1240;0;9960;2440;2752
P174161425;P174161425_14;N;9960;1240;0;11160;2440;2752
P174161425;P174161425_15;O;9960;0;0;11160;1200;2752
P174161425;P174161425_16;P;11160;0;0;12480;2350;2910
P174161407;P174161407_1;A;0;0;0;1200;1200;2752
P174161407;P174161407_2;B;0;1240;0;1200;2440;2752
P174161407;P174161407_3;C;1200;1240;0;2400;2440;2752
P174161407;P174161407_4;D;1200;0;0;2400;1200;2752
P174161407;P174161407_5;E;2400;0;0;3600;1200;2752
P174161407;P174161407_6;F;2400;1240;0;3600;2440;2752
P174161407;P174161407_7;G;3600;1240;0;4800;2440;2752
P174161407;P174161407_8;H;3600;0;0;4800;1200;2752
P174161407;P174161407_9;I;4800;0;0;6000;1200;2752
P174161407;P174161407_10;J;4800;1240;0;6000;2440;2752
P174161407;P174161407_11;K;6000;1240;0;7200;2440;2752
P174161407;P174161407_12;L;6000;0;0;7200;1200;2752
P174161407;P174161407_13;M;7200;0;0;8400;1200;2752
P174161407;P174161407_14;N;7200;1240;0;8400;2440;2752
P174161407;P174161407_15;O;8400;1240;0;9600;2440;2752
P174161407;P174161407_16;P;8400;0;0;9600;1200;2752
P174161407;P174161407_17;Q;9600;0;0;10800;1200;2752
P174161407;P174161407_18;R;9600;1240;0;10800;2440;688
P174161407;P174161407_19;S;10800;0;0;12120;2350;2910
P174161407;P174161407_20;T;12120;0;0;13440;2350;2910
P174161401;P174161401_1;A;0;45;0;1320;2395;1000
P174161401;P174161401_2;B;1320;0;0;2640;2350;2910
P174161401;P174161401_3;C;2640;45;0;3960;2395;2910
P174161401;P174161401_4;D;3960;0;0;5280;2350;2910
P174161401;P174161401_5;E;5280;0;0;6600;2350;2910
P174161401;P174161401_6;F;6600;0;0;7920;2350;2910
P174161401;P174161401_7;G;7920;0;0;9240;2350;2910
P174161401;P174161401_8;H;9240;0;0;10440;1200;2752
P174161401;P174161401_9;I;9240;1240;0;10440;2440;2752
P174161401;P174161401_10;J;10440;1240;0;11640;2440;2752
P174161401;P174161401_11;K;10440;0;0;11640;1200;2752
P174161401;P174161401_12;L;11640;0;0;12840;1200;2752
P174161401;P174161401_13;M;11640;1240;0;12840;2440;2752
P173161411;P173161411_1;A;0;0;0;1320;2350;2910
P173161411;P173161411_2;B;1320;1240;0;2520;2440;2752
P173161411;P173161411_3;C;1320;0;0;2520;1200;2752
P173161411;P173161411_4;D;2520;0;0;3720;1200;2752
P173161411;P173161411_5;E;2520;1240;0;3720;2440;2752
P173161411;P173161411_6;F;3720;1240;0;4920;2440;2752
P173161411;P173161411_7;G;3720;0;0;4920;1200;2752
P173161411;P173161411_8;H;4920;0;0;6120;1200;2752
P173161411;P173161411_9;I;4920;1240;0;6120;2440;2752
P173161411;P173161411_10;J;6120;1240;0;7320;2440;2752
P173161411;P173161411_11;K;6120;0;0;7320;1200;2752
P173161411;P173161411_12;L;7320;0;0;8520;1200;2752
P173161411;P173161411_13;M;7320;1240;0;8520;2440;2752
P173161411;P173161411_14;N;8520;1240;0;9720;2440;2752
P173161411;P173161411_15;O;8520;0;0;9720;1200;2752
P173161411;P173161411_16;P;9720;0;0;10920;1200;2752
P173161411;P173161411_17;Q;9720;1240;0;10920;2440;2752
P173161411;P173161411_18;R;10920;1240;0;12120;2440;2752
P173161411;P173161411_19;S;10920;0;0;12120;1200;2064
P173161411;P173161411_20;T;12120;0;0;13440;2350;2910
P173161407;P173161407_1;A;0;0;0;1320;2350;2910
P173161407;P173161407_2;B;1320;1240;0;2520;2440;2752
P173161407;P173161407_3;C;1320;0;0;2520;1200;2752
P173161407;P173161407_4;D;2520;0;0;3840;2350;2910
P173161407;P173161407_5;E;3840;0;0;5160;2350;2910
P173161407;P173161407_6;F;5160;0;0;6480;2350;2910
P173161407;P173161407_7;G;6480;0;0;7800;2350;2910
P173161407;P173161407_8;H;7800;0;0;9120;2350;2910
P173161407;P173161407_9;I;9120;0;0;10440;2350;2910
P173161407;P173161407_10;J;10440;0;0;11760;2350;2910
P173161407;P173161407_11;K;11760;0;0;13080;2350;2910
P173161401;P173161401_1;A;0;0;0;1200;1200;2752
P173161401;P173161401_2;B;0;1200;0;1200;2400;2752
P173161401;P173161401_3;C;1200;1240;0;2400;2440;2752
P173161401;P173161401_4;D;1200;0;0;2400;1200;2752
P173161401;P173161401_5;E;2400;1240;0;3600;2440;2752
P173161401;P173161401_6;F;2400;0;0;3600;1200;2752
P173161401;P173161401_7;G;3600;0;0;4800;1200;2752
P173161401;P173161401_8;H;3600;1240;0;4800;2440;2752
P173161401;P173161401_9;I;4800;1240;0;6000;2440;2752
P173161401;P173161401_10;J;4800;0;0;6000;1200;2752
P173161401;P173161401_11;K;6000;0;0;7200;1200;2752
P173161401;P173161401_12;L;6000;1240;0;7200;2440;2752
P173161401;P173161401_13;M;7200;0;0;8520;2350;2910
P173161401;P173161401_14;N;8520;0;0;9720;1200;2752
P173161401;P173161401_15;O;8520;1240;0;9720;2440;2752
P173161401;P173161401_16;P;9720;0;0;11040;2350;2910
P173161401;P173161401_17;Q;11040;0;0;12360;2350;2910
P172161411;P172161411_1;A;0;0;0;1320;2350;2910
P172161411;P172161411_2;B;1320;1240;0;2520;2440;2752
P172161411;P172161411_3;C;1320;0;0;2520;1200;2752
P172161411;P172161411_4;D;2520;0;0;3720;1200;2752
P172161411;P172161411_5;E;2520;1240;0;3720;2440;2752
P172161411;P172161411_6;F;3720;1240;0;4920;2440;2752
P172161411;P172161411_7;G;3720;0;0;4920;1200;2752
P172161411;P172161411_8;H;4920;0;0;6120;1200;2752
P172161411;P172161411_9;I;4920;1240;0;6120;2440;2752
P172161411;P172161411_10;J;6120;1240;0;7320;2440;2752
P172161411;P172161411_11;K;6120;0;0;7320;1200;2752
P172161411;P172161411_12;L;7320;0;0;8520;1200;2752
P172161411;P172161411_13;M;7320;1240;0;8520;2440;2752
P172161411;P172161411_14;N;8520;1240;0;9720;2440;2752
P172161411;P172161411_15;O;8520;0;0;9720;1200;2752
P172161411;P172161411_16;P;9720;0;0;10920;1200;2752
P172161411;P172161411_17;Q;9720;1240;0;10920;2440;2752
P172161411;P172161411_18;R;10920;0;0;12240;2350;2910
P172161411;P172161411_19;S;12240;0;0;13440;1200;2752
P172161411;P172161411_20;T;12240;1240;0;13440;2440;2752
P172161425;P172161425_1;A;0;0;0;1200;1200;2752
P172161425;P172161425_2;B;0;1240;0;1200;2440;2752
P172161425;P172161425_3;C;1200;1240;0;2400;2440;2752
P172161425;P172161425_4;D;1200;0;0;2400;1200;2752
P172161425;P172161425_5;E;2400;0;0;3600;1200;2752
P172161425;P172161425_6;F;2400;1240;0;3600;2440;2752
P172161425;P172161425_7;G;3600;1240;0;4800;2440;2752
P172161425;P172161425_8;H;3600;0;0;4800;1200;2752
P172161425;P172161425_9;I;4800;0;0;6000;1200;2752
P172161425;P172161425_10;J;4800;1240;0;6000;2440;2752
P172161425;P172161425_11;K;6000;1240;0;7200;2440;2752
P172161425;P172161425_12;L;6000;0;0;7200;1200;2752
P172161425;P172161425_13;M;7200;0;0;8520;2350;2910
P172161425;P172161425_14;N;8520;0;0;9840;2350;2910
P172161425;P172161425_15;O;9840;0;0;11160;2350;2910
P172161425;P172161425_16;P;11160;0;0;12480;2350;2910
P172161407;P172161407_1;A;0;0;0;1200;1200;2752
P172161407;P172161407_2;B;0;1240;0;1200;2440;2752
P172161407;P172161407_3;C;1200;1240;0;2400;2440;2752
P172161407;P172161407_4;D;1200;0;0;2400;1200;2752
P172161407;P172161407_5;E;2400;0;0;3720;2350;2910
P172161407;P172161407_6;F;3720;0;0;5040;2350;2910
P172161407;P172161407_7;G;5040;0;0;6240;1200;2752
P172161407;P172161407_8;H;5040;1240;0;6240;2440;2752
P172161407;P172161407_9;I;6240;1240;0;7440;2440;2752
P172161407;P172161407_10;J;6240;0;0;7440;1200;2752
P172161407;P172161407_11;K;7440;0;0;8640;1200;2752
P172161407;P172161407_12;L;7440;1240;0;8640;2440;2752
P172161407;P172161407_13;M;8640;1240;0;9840;2440;2752
P172161407;P172161407_14;N;8640;0;0;9840;1200;2752
P172161407;P172161407_15;O;9840;0;0;11040;1200;2752
P172161407;P172161407_16;P;9840;1240;0;11040;2440;2752
P172161407;P172161407_17;Q;11040;1240;0;12240;2440;2752
P172161407;P172161407_18;R;11040;0;0;12240;1200;2752
P172161407;P172161407_19;S;12240;0;0;13440;1200;2752
P172161407;P172161407_20;T;12240;1240;0;13440;2440;2752
P172161401;P172161401_1;A;0;0;0;1320;2350;1000
P172161401;P172161401_2;B;1320;45;0;2640;2395;2910
P172161401;P172161401_3;C;2640;45;0;3960;2395;2910
P172161401;P172161401_4;D;3960;90;0;5280;2440;2910
P172161401;P172161401_5;E;5280;45;0;6600;2395;2910
P172161401;P172161401_6;F;6600;0;0;7920;2350;2910
P172161401;P172161401_7;G;7920;0;0;9120;1200;2752
P172161401;P172161401_8;H;7920;1240;0;9120;2440;2752
P172161401;P172161401_9;I;9120;1240;0;10320;2440;2752
P172161401;P172161401_10;J;9120;0;0;10320;1200;2752
P172161401;P172161401_11;K;10320;0;0;11640;2350;2910
P172161401;P172161401_12;L;11640;0;0;12960;2350;1955
P171161411;P171161411_1;A;0;0;0;1200;1200;2752
P171161411;P171161411_2;B;0;1240;0;1200;2440;2752
P171161411;P171161411_3;C;1200;1240;0;2400;2440;2752
P171161411;P171161411_4;D;1200;0;0;2400;1200;2752
P171161411;P171161411_5;E;2400;0;0;3600;1200;2752
P171161411;P171161411_6;F;2400;1240;0;3600;2440;2752
P171161411;P171161411_7;G;3600;1240;0;4800;2440;2752
P171161411;P171161411_8;H;3600;0;0;4800;1200;2752
P171161411;P171161411_9;I;4800;0;0;6000;1200;2752
P171161411;P171161411_10;J;4800;1240;0;6000;2440;2752
P171161411;P171161411_11;K;6000;1240;0;7200;2440;2752
P171161411;P171161411_12;L;6000;0;0;7200;1200;2752
P171161411;P171161411_13;M;7200;0;0;8520;2350;2910
P171161411;P171161411_14;N;8520;0;0;9840;2350;2910
P171161411;P171161411_15;O;9840;0;0;11160;2350;2910
P171161411;P171161411_16;P;11160;0;0;12480;2350;2910
P171161407;P171161407_1;A;0;0;0;1320;2350;2910
P171161407;P171161407_2;B;1320;0;0;2640;2350;2910
P171161407;P171161407_3;C;2640;1240;0;3840;2440;2752
P171161407;P171161407_4;D;2640;0;0;3840;1200;2752
P171161407;P171161407_5;E;3840;0;0;5040;1200;2752
P171161407;P171161407_6;F;3840;1240;0;5040;2440;2752
P171161407;P171161407_7;G;5040;1240;0;6240;2440;2752
P171161407;P171161407_8;H;5040;0;0;6240;1200;2752
P171161407;P171161407_9;I;6240;0;0;7440;1200;2752
P171161407;P171161407_10;J;6240;1240;0;7440;2440;2752
P171161407;P171161407_11;K;7440;1240;0;8640;2440;2752
P171161407;P171161407_12;L;7440;0;0;8640;1200;2752
P171161407;P171161407_13;M;8640;0;0;9840;1200;2752
P171161407;P171161407_14;N;8640;1240;0;9840;2440;2752
P171161407;P171161407_15;O;9840;1240;0;11040;2440;2752
P171161407;P171161407_16;P;9840;0;0;11040;1200;2752
P171161407;P171161407_17;Q;11040;0;0;12240;1200;2752
P171161407;P171161407_18;R;11040;1240;0;12240;2440;2752
P171161407;P171161407_19;S;12240;1240;0;13440;2440;2752
P171161407;P171161407_20;T;12240;0;0;13440;1200;2752
P171161401;P171161401_1;A;0;0;0;1200;1200;2752
P171161401;P171161401_2;B;0;1200;0;1200;2400;2752
P171161401;P171161401_3;C;1200;1240;0;2400;2440;2752
P171161401;P171161401_4;D;1200;0;0;2400;1200;2752
P171161401;P171161401_5;E;2400;0;0;3720;2350;2910
P171161401;P171161401_6;F;3720;0;0;5040;2350;2910
P171161401;P171161401_7;G;5040;0;0;6360;2350;2910
P171161401;P171161401_8;H;6360;0;0;7680;2350;2910
P171161401;P171161401_9;I;7680;0;0;9000;2350;2910
P171161401;P171161401_10;J;9000;0;0;10320;2350;2910
P171161401;P171161401_11;K;10320;0;0;11640;2350;2910
P171161401;P171161401_12;L;11640;0;0;12960;2350;2910
P170161411;P170161411_1;A;0;0;0;1200;1200;2752
P170161411;P170161411_2;B;0;1240;0;1200;2440;2752
P170161411;P170161411_3;C;1200;1240;0;2400;2440;2752
P170161411;P170161411_4;D;1200;0;0;2400;1200;2752
P170161411;P170161411_5;E;2400;0;0;3600;1200;2752
P170161411;P170161411_6;F;2400;1240;0;3600;2440;2752
P170161411;P170161411_7;G;3600;1240;0;4800;2440;2752
P170161411;P170161411_8;H;3600;0;0;4800;1200;2752
P170161411;P170161411_9;I;4800;0;0;6000;1200;2752
P170161411;P170161411_10;J;4800;1240;0;6000;2440;2752
P170161411;P170161411_11;K;6000;0;0;7320;2350;2910
P170161411;P170161411_12;L;7320;0;0;8520;1200;2752
P170161411;P170161411_13;M;7320;1240;0;8520;2440;2752
P170161411;P170161411_14;N;8520;1240;0;9720;2440;2752
P170161411;P170161411_15;O;8520;0;0;9720;1200;2752
P170161411;P170161411_16;P;9720;0;0;10920;1200;2752
P170161411;P170161411_17;Q;9720;1240;0;10920;2440;2752
P170161411;P170161411_18;R;10920;0;0;12240;2350;2910
P170161411;P170161411_19;S;12240;0;0;13440;1200;2752
P170161411;P170161411_20;T;12240;1240;0;13440;2440;2752
P170161407;P170161407_1;A;0;0;0;1320;2350;2910
P170161407;P170161407_2;B;1320;45;0;2640;2395;2910
P170161407;P170161407_3;C;2640;0;0;3960;2350;2910
P170161407;P170161407_4;D;3960;1240;0;5160;2440;2752
P170161407;P170161407_5;E;3960;0;0;5160;1200;2752
P170161407;P170161407_6;F;5160;0;0;6360;1200;2752
P170161407;P170161407_7;G;5160;1240;0;6360;2440;2752
P170161407;P170161407_8;H;6360;0;0;7680;2350;2910
P170161407;P170161407_9;I;7680;0;0;9000;2350;2910
P170161407;P170161407_10;J;9000;0;0;10320;2350;2910
P170161407;P170161407_11;K;10320;0;0;11640;2350;2910
P170161407;P170161407_12;L;11640;0;0;12960;2350;2910
P170161403;P170161403_1;A;0;0;0;1320;2350;2910
P170161403;P170161403_2;B;1320;1240;0;2520;2440;2752
P170161403;P170161403_3;C;1320;0;0;2520;1200;2752
P170161403;P170161403_4;D;2520;0;0;3720;1200;2752
P170161403;P170161403_5;E;2520;1240;0;3720;2440;2752
P170161403;P170161403_6;F;3720;0;0;5040;2350;2910
P170161403;P170161403_7;G;5040;0;0;6240;1200;2752
P170161403;P170161403_8;H;5040;1240;0;6240;2440;2752
P170161403;P170161403_9;I;6240;1240;0;7440;2440;2752
P170161403;P170161403_10;J;6240;0;0;7440;1200;2752
P170161403;P170161403_11;K;7440;0;0;8640;1200;2752
P170161403;P170161403_12;L;7440;1240;0;8640;2440;2752
P170161403;P170161403_13;M;8640;1240;0;9840;2440;2752
P170161403;P170161403_14;N;8640;0;0;9840;1200;2752
P170161403;P170161403_15;O;9840;0;0;11040;1200;2752
P170161403;P170161403_16;P;9840;1240;0;11040;2440;2752
P170161403;P170161403_17;Q;11040;1240;0;12240;2440;2752
P170161403;P170161403_18;R;11040;0;0;12240;1200;2752
P170161403;P170161403_19;S;12240;0;0;13440;1200;2752
P170161403;P170161403_20;T;12240;1240;0;13440;2440;2752
P168161401;P168161401_1;A;0;0;0;1200;1200;2752
P168161401;P168161401_2;B;0;1200;0;1200;2400;2752
P168161401;P168161401_3;C;1200;1240;0;2400;2440;2752
P168161401;P168161401_4;D;1200;0;0;2400;1200;2752
P168161401;P168161401_5;E;2400;0;0;3600;1200;2752
P168161401;P168161401_6;F;2400;1200;0;3600;2400;2752
P168161401;P168161401_7;G;3600;1240;0;4800;2440;2752
P168161401;P168161401_8;H;3600;0;0;4800;1200;2752
P168161401;P168161401_9;I;4800;1240;0;6000;2440;2752
P168161401;P168161401_10;J;4800;0;0;6000;1200;2752
P168161401;P168161401_11;K;6000;0;0;7320;2350;2910
P168161401;P168161401_12;L;7320;1240;0;8520;2440;2752
P168161401;P168161401_13;M;7320;0;0;8520;1200;2752
P168161401;P168161401_14;N;8520;0;0;9720;1200;2752
P168161401;P168161401_15;O;8520;1240;0;9720;2440;2752
P168161401;P168161401_16;P;9720;0;0;11040;2350;2910
P168161401;P168161401_17;Q;11040;0;0;12360;2350;2910
P167161411;P167161411_1;A;0;0;0;1200;1200;2752
P167161411;P167161411_2;B;0;1200;0;1200;2400;2752
P167161411;P167161411_3;C;1200;1240;0;2400;2440;2752
P167161411;P167161411_4;D;1200;0;0;2400;1200;2752
P167161411;P167161411_5;E;2400;0;0;3600;1200;2752
P167161411;P167161411_6;F;2400;1200;0;3600;2400;2752
P167161411;P167161411_7;G;3600;1240;0;4800;2440;2752
P167161411;P167161411_8;H;3600;0;0;4800;1200;2752
P167161411;P167161411_9;I;4800;0;0;6000;1200;2752
P167161411;P167161411_10;J;4800;1240;0;6000;2440;2752
P167161411;P167161411_11;K;6000;0;0;7320;2350;1955
P167161411;P167161411_12;L;7320;0;0;8520;1200;2752
P167161411;P167161411_13;M;7320;1240;0;8520;2440;2752
P167161411;P167161411_14;N;8520;1240;0;9720;2440;2752
P167161411;P167161411_15;O;8520;0;0;9720;1200;2752
P167161411;P167161411_16;P;9720;0;0;10920;1200;2752
P167161411;P167161411_17;Q;9720;1240;0;10920;2440;2752
P167161411;P167161411_18;R;10920;1240;0;12120;2440;2064
P167161425;P167161425_1;A;0;1240;0;1200;2440;2752
P167161425;P167161425_2;B;0;0;0;1200;1200;2752
P167161425;P167161425_3;C;1200;0;0;2400;1200;2752
P167161425;P167161425_4;D;1200;1220;0;2400;2420;2752
P167161425;P167161425_5;E;2400;1240;0;3600;2440;2752
P167161425;P167161425_6;F;2400;0;0;3600;1200;2752
P167161425;P167161425_7;G;3600;0;0;4920;2350;2910
P167161425;P167161425_8;H;4920;0;0;6240;2350;2910
P167161425;P167161425_9;I;6240;0;0;7560;2350;2910
P167161425;P167161425_10;J;7560;0;0;8880;2350;2910
P167161425;P167161425_11;K;8880;0;0;10200;2350;2910
P167161425;P167161425_12;L;10200;0;0;11520;2350;2910
P167161425;P167161425_13;M;11520;0;0;12720;1200;2752
P167161425;P167161425_14;N;11520;1240;0;12720;2440;2752
P167161407;P167161407_1;A;0;0;0;1200;1200;2752
P167161407;P167161407_2;B;0;1240;0;1200;2440;2752
P167161407;P167161407_3;C;1200;1240;0;2400;2440;2752
P167161407;P167161407_4;D;1200;0;0;2400;1200;2752
P167161407;P167161407_5;E;2400;0;0;3600;1200;2752
P167161407;P167161407_6;F;2400;1240;0;3600;2440;2752
P167161407;P167161407_7;G;3600;1240;0;4800;2440;2752
P167161407;P167161407_8;H;3600;0;0;4800;1200;2752
P167161407;P167161407_9;I;4800;0;0;6000;1200;2752
P167161407;P167161407_10;J;4800;1240;0;6000;2440;2752
P167161407;P167161407_11;K;6000;1240;0;7200;2440;2752
P167161407;P167161407_12;L;6000;0;0;7200;1200;2752
P167161407;P167161407_13;M;7200;0;0;8400;1200;2752
P167161407;P167161407_14;N;7200;1240;0;8400;2440;2752
P167161407;P167161407_15;O;8400;1240;0;9600;2440;2752
P167161407;P167161407_16;P;8400;0;0;9600;1200;2752
P167161407;P167161407_17;Q;9600;0;0;10800;1200;2752
P167161407;P167161407_18;R;9600;1240;0;10800;2440;2752
P167161407;P167161407_19;S;10800;0;0;12120;2350;2910
P167161407;P167161407_20;T;12120;0;0;13440;2350;2910
P167161401;P167161401_1;A;0;45;0;1320;2395;1000
P167161401;P167161401_2;B;1320;45;0;2640;2395;2910
P167161401;P167161401_3;C;2640;0;0;3960;2350;2910
P167161401;P167161401_4;D;3960;0;0;5280;2350;2910
P167161401;P167161401_5;E;5280;0;0;6600;2350;2910
P167161401;P167161401_6;F;6600;1240;0;7800;2440;2752
P167161401;P167161401_7;G;6600;0;0;7800;1200;2752
P167161401;P167161401_8;H;7800;0;0;9000;1200;2752
P167161401;P167161401_9;I;7800;1240;0;9000;2440;2752
P167161401;P167161401_10;J;9000;1240;0;10200;2440;2752
P167161401;P167161401_11;K;9000;0;0;10200;1200;2752
P167161401;P167161401_12;L;10200;0;0;11400;1200;2752
P167161401;P167161401_13;M;10200;1240;0;11400;2440;2752
P167161401;P167161401_14;N;11400;0;0;12720;2350;2910
P166161411;P166161411_1;A;0;0;0;1200;1200;2752
P166161411;P166161411_2;B;0;1240;0;1200;2440;2752
P166161411;P166161411_3;C;1200;1240;0;2400;2440;2752
P166161411;P166161411_4;D;1200;0;0;2400;1200;2752
P166161411;P166161411_5;E;2400;0;0;3720;2350;2910
P166161411;P166161411_6;F;3720;0;0;5040;2350;2910
P166161411;P166161411_7;G;5040;0;0;6240;1200;2752
P166161411;P166161411_8;H;5040;1240;0;6240;2440;2752
P166161411;P166161411_9;I;6240;1240;0;7440;2440;2752
P166161411;P166161411_10;J;6240;0;0;7440;1200;2752
P166161411;P166161411_11;K;7440;0;0;8640;1200;2752
P166161411;P166161411_12;L;7440;1240;0;8640;2440;2752
P166161411;P166161411_13;M;8640;1240;0;9840;2440;2752
P166161411;P166161411_14;N;8640;0;0;9840;1200;2752
P166161411;P166161411_15;O;9840;0;0;11040;1200;2752
P166161411;P166161411_16;P;9840;1240;0;11040;2440;2752
P166161411;P166161411_17;Q;11040;1240;0;12240;2440;2752
P166161411;P166161411_18;R;11040;0;0;12240;1200;2752
P166161411;P166161411_19;S;12240;0;0;13440;1200;2752
P166161411;P166161411_20;T;12240;1240;0;13440;2440;688
P166161407;P166161407_1;A;0;45;0;1320;2395;1000
P166161407;P166161407_2;B;1320;45;0;2640;2395;2910
P166161407;P166161407_3;C;2640;0;0;3960;2350;2910
P166161407;P166161407_4;D;3960;0;0;5280;2350;2910
P166161407;P166161407_5;E;5280;0;0;6600;2350;2910
P166161407;P166161407_6;F;6600;0;0;7920;2350;2910
P166161407;P166161407_7;G;7920;0;0;9240;2350;2910
P166161407;P166161407_8;H;9240;0;0;10560;2350;2910
P166161407;P166161407_9;I;10560;0;0;11880;2350;2910
P166161407;P166161407_10;J;11880;0;0;13200;2350;2910
P166161401;P166161401_1;A;0;0;0;1320;2350;2910
P166161401;P166161401_2;B;1320;0;0;2640;2350;2910
P166161401;P166161401_3;C;2640;0;0;3840;1200;2752
P166161401;P166161401_4;D;2640;1240;0;3840;2440;2752
P166161401;P166161401_5;E;3840;1240;0;5040;2440;2752
P166161401;P166161401_6;F;3840;0;0;5040;1200;2752
P166161401;P166161401_7;G;5040;0;0;6240;1200;2752
P166161401;P166161401_8;H;5040;1240;0;6240;2440;2752
P166161401;P166161401_9;I;6240;1240;0;7440;2440;2752
P166161401;P166161401_10;J;6240;0;0;7440;1200;2752
P166161401;P166161401_11;K;7440;0;0;8640;1200;2752
P166161401;P166161401_12;L;7440;1240;0;8640;2440;2752
P166161401;P166161401_13;M;8640;1240;0;9840;2440;2752
P166161401;P166161401_14;N;8640;0;0;9840;1200;2752
P166161401;P166161401_15;O;9840;0;0;11040;1200;2752
P166161401;P166161401_16;P;9840;1240;0;11040;2440;2752
P166161401;P166161401_17;Q;11040;1240;0;12240;2440;2752
P166161401;P166161401_18;R;11040;0;0;12240;1200;2752
P166161401;P166161401_19;S;12240;0;0;13440;1200;2752
P166161401;P166161401_20;T;12240;1240;0;13440;2440;2752
Q166161401_1;Q166161401_1_1;A;0;0;0;1200;1200;2752
Q166161401_1;Q166161401_1_2;B;0;1240;0;1200;2440;2752
Q166161401_1;Q166161401_1_3;C;1200;1240;0;2400;2440;2752
Q166161401_1;Q166161401_1_4;D;1200;0;0;2400;1200;2752
Q166161401_1;Q166161401_1_5;E;2400;0;0;3600;1200;2752
Q166161401_1;Q166161401_1_6;F;2400;1240;0;3600;2440;2064
Q166161401_1;Q166161401_1_7;G;3600;0;0;4920;2350;2910
Q166161401_1;Q166161401_1_8;H;4920;0;0;6240;2350;2910
Q166161401_1;Q166161401_1_9;I;6240;0;0;7560;2350;1000
Q166161401_1;Q166161401_1_10;J;7560;0;0;8760;1200;2752
Q166161401_1;Q166161401_1_11;K;7560;1240;0;8760;2440;2752
Q166161401_1;Q166161401_1_12;L;8760;1240;0;9960;2440;2752
Q166161401_1;Q166161401_1_13;M;8760;0;0;9960;1200;2752
Q166161401_1;Q166161401_1_14;N;9960;0;0;11160;1200;2752
Q166161401_1;Q166161401_1_15;O;9960;1240;0;11160;2440;2752
Q166161401_1;Q166161401_1_16;P;11160;1240;0;12360;2440;2064
P194066109;P194066109_1;A;0;0;0;1650;1200;2655
P194066109;P194066109_2;B;0;1240;0;1650;2440;2655
P194066109;P194066109_3;C;1650;1240;0;3300;2440;2655
P194066109;P194066109_4;D;1650;0;0;3300;1200;2655
P194066109;P194066109_5;E;3300;0;0;4950;1200;2655
P194066109;P194066109_6;F;3300;1240;0;4950;2440;2655
P194066109;P194066109_7;G;4950;1240;0;6600;2440;2655
P194066109;P194066109_8;H;4950;0;0;6600;1200;2655
P194066109;P194066109_9;I;6600;0;0;8250;1200;2655
P194066109;P194066109_10;J;6600;1240;0;8250;2440;2655
P194066109;P194066109_11;K;8250;1240;0;9900;2440;2655
P194066109;P194066109_12;L;8250;0;0;9900;1200;2655
P194066109;P194066109_13;M;9900;0;0;11550;1200;2655
P194066109;P194066109_14;N;9900;1240;0;11550;2440;2655
P194066109;P194066109_15;O;11550;1240;0;13200;2440;2655
P194066109;P194066109_16;P;11550;0;0;13200;1200;2655
P194066107;P194066107_1;A;0;0;0;1650;1200;2655
P194066107;P194066107_2;B;0;1240;0;1650;2440;2655
P194066107;P194066107_3;C;1650;1240;0;3300;2440;2655
P194066107;P194066107_4;D;1650;0;0;3300;1200;2655
P194066107;P194066107_5;E;3300;0;0;4950;1200;2655
P194066107;P194066107_6;F;3300;1240;0;4950;2440;2655
P194066107;P194066107_7;G;4950;1240;0;6600;2440;2655
P194066107;P194066107_8;H;4950;0;0;6600;1200;2655
P194066107;P194066107_9;I;6600;0;0;8250;1200;2655
P194066107;P194066107_10;J;6600;1240;0;8250;2440;2655
P194066107;P194066107_11;K;8250;1240;0;9900;2440;2655
P194066107;P194066107_12;L;8250;0;0;9900;1200;2655
P194066107;P194066107_13;M;9900;0;0;11550;1200;2655
P194066107;P194066107_14;N;9900;1240;0;11550;2440;2655
P194066107;P194066107_15;O;11550;1240;0;13200;2440;2655
P194066107;P194066107_16;P;11550;0;0;13200;1200;2655
P194066105;P194066105_1;A;0;0;0;1650;1200;2655
P194066105;P194066105_2;B;0;1240;0;1650;2440;2655
P194066105;P194066105_3;C;1650;1240;0;3300;2440;2655
P194066105;P194066105_4;D;1650;0;0;3300;1200;2655
P194066105;P194066105_5;E;3300;0;0;4950;1200;2655
P194066105;P194066105_6;F;3300;1240;0;4950;2440;2655
P194066105;P194066105_7;G;4950;1240;0;6600;2440;2655
P194066105;P194066105_8;H;4950;0;0;6600;1200;2655
P194066105;P194066105_9;I;6600;0;0;8250;1200;2655
P194066105;P194066105_10;J;6600;1240;0;8250;2440;2655
P194066105;P194066105_11;K;8250;1240;0;9900;2440;2655
P194066105;P194066105_12;L;8250;0;0;9900;1200;2655
P194066105;P194066105_13;M;9900;0;0;11550;1200;2655
P194066105;P194066105_14;N;9900;1240;0;11550;2440;2655
P194066105;P194066105_15;O;11550;1240;0;13200;2440;2655
P194066105;P194066105_16;P;11550;0;0;13200;1200;2655
P194066101;P194066101_1;A;0;0;0;1650;1200;2655
P194066101;P194066101_2;B;0;1240;0;1650;2440;2655
P194066101;P194066101_3;C;1650;1240;0;3300;2440;2655
P194066101;P194066101_4;D;1650;0;0;3300;1200;2655
P194066101;P194066101_5;E;3300;0;0;4950;1200;2655
P194066101;P194066101_6;F;3300;1240;0;4950;2440;2655
P194066101;P194066101_7;G;4950;1240;0;6600;2440;2655
P194066101;P194066101_8;H;4950;0;0;6600;1200;2655
P194066101;P194066101_9;I;6600;0;0;8250;1200;2655
P194066101;P194066101_10;J;6600;1240;0;8250;2440;2655
P194066101;P194066101_11;K;8250;1240;0;9900;2440;2655
P194066101;P194066101_12;L;8250;0;0;9900;1200;2655
P194066101;P194066101_13;M;9900;0;0;11550;1200;2655
P194066101;P194066101_14;N;9900;1240;0;11550;2440;2655
P194066101;P194066101_15;O;11550;1240;0;13200;2440;2655
P194066101;P194066101_16;P;11550;0;0;13200;1200;2655
P193066111;P193066111_1;A;0;0;0;1650;1200;2655
P193066111;P193066111_2;B;0;1240;0;1650;2440;2655
P193066111;P193066111_3;C;1650;1240;0;3300;2440;2655
P193066111;P193066111_4;D;1650;0;0;3300;1200;2655
P193066111;P193066111_5;E;3300;0;0;4950;1200;2655
P193066111;P193066111_6;F;3300;1240;0;4950;2440;2655
P193066111;P193066111_7;G;4950;1240;0;6600;2440;2655
P193066111;P193066111_8;H;4950;0;0;6600;1200;2655
P193066111;P193066111_9;I;6600;0;0;8250;1200;2655
P193066111;P193066111_10;J;6600;1240;0;8250;2440;2655
P193066111;P193066111_11;K;8250;1240;0;9900;2440;2655
P193066111;P193066111_12;L;8250;0;0;9900;1200;2655
P193066111;P193066111_13;M;9900;0;0;11550;1200;2655
P193066111;P193066111_14;N;9900;1240;0;11550;2440;2655
P193066111;P193066111_15;O;11550;1240;0;13200;2440;2655
P193066111;P193066111_16;P;11550;0;0;13200;1200;2655
P193066109;P193066109_1;A;0;0;0;1650;1200;2655
P193066109;P193066109_2;B;0;1240;0;1650;2440;2655
P193066109;P193066109_3;C;1650;1240;0;3300;2440;2655
P193066109;P193066109_4;D;1650;0;0;3300;1200;2655
P193066109;P193066109_5;E;3300;0;0;4950;1200;2655
P193066109;P193066109_6;F;3300;1240;0;4950;2440;2655
P193066109;P193066109_7;G;4950;1240;0;6600;2440;2655
P193066109;P193066109_8;H;4950;0;0;6600;1200;2655
P193066109;P193066109_9;I;6600;0;0;8250;1200;2655
P193066109;P193066109_10;J;6600;1240;0;8250;2440;2655
P193066109;P193066109_11;K;8250;1240;0;9900;2440;2655
P193066109;P193066109_12;L;8250;0;0;9900;1200;2655
P193066109;P193066109_13;M;9900;0;0;11550;1200;2655
P193066109;P193066109_14;N;9900;1240;0;11550;2440;2655
P193066109;P193066109_15;O;11550;1240;0;13200;2440;2655
P193066109;P193066109_16;P;11550;0;0;13200;1200;2655
P193066107;P193066107_1;A;0;0;0;1650;1200;2655
P193066107;P193066107_2;B;0;1240;0;1650;2440;2655
P193066107;P193066107_3;C;1650;1240;0;3300;2440;2655
P193066107;P193066107_4;D;1650;0;0;3300;1200;2655
P193066107;P193066107_5;E;3300;0;0;4950;1200;2655
P193066107;P193066107_6;F;3300;1240;0;4950;2440;2655
P193066107;P193066107_7;G;4950;1240;0;6600;2440;2655
P193066107;P193066107_8;H;4950;0;0;6600;1200;2655
P193066107;P193066107_9;I;6600;0;0;8250;1200;2655
P193066107;P193066107_10;J;6600;1240;0;8250;2440;2655
P193066107;P193066107_11;K;8250;1240;0;9900;2440;2655
P193066107;P193066107_12;L;8250;0;0;9900;1200;2655
P193066107;P193066107_13;M;9900;0;0;11550;1200;2655
P193066107;P193066107_14;N;9900;1240;0;11550;2440;2655
P193066107;P193066107_15;O;11550;1240;0;13200;2440;2655
P193066107;P193066107_16;P;11550;0;0;13200;1200;2655
P193066101;P193066101_1;A;0;0;0;1650;1200;2655
P193066101;P193066101_2;B;0;1240;0;1650;2440;2655
P193066101;P193066101_3;C;1650;1240;0;3300;2440;2655
P193066101;P193066101_4;D;1650;0;0;3300;1200;2655
P193066101;P193066101_5;E;3300;0;0;4950;1200;2655
P193066101;P193066101_6;F;3300;1240;0;4950;2440;2655
P193066101;P193066101_7;G;4950;1240;0;6600;2440;2655
P193066101;P193066101_8;H;4950;0;0;6600;1200;2655
P193066101;P193066101_9;I;6600;0;0;8250;1200;2655
P193066101;P193066101_10;J;6600;1240;0;8250;2440;2655
P193066101;P193066101_11;K;8250;1240;0;9900;2440;2655
P193066101;P193066101_12;L;8250;0;0;9900;1200;2655
P193066101;P193066101_13;M;9900;0;0;11550;1200;2655
P193066101;P193066101_14;N;9900;1240;0;11550;2440;2655
P193066101;P193066101_15;O;11550;1240;0;13200;2440;2655
P193066101;P193066101_16;P;11550;0;0;13200;1200;2655
P192066111;P192066111_1;A;0;0;0;1650;1200;2655
P192066111;P192066111_2;B;0;1240;0;1650;2440;2655
P192066111;P192066111_3;C;1650;1240;0;3300;2440;2655
P192066111;P192066111_4;D;1650;0;0;3300;1200;2655
P192066111;P192066111_5;E;3300;0;0;4950;1200;2655
P192066111;P192066111_6;F;3300;1240;0;4950;2440;2655
P192066111;P192066111_7;G;4950;1240;0;6600;2440;2655
P192066111;P192066111_8;H;4950;0;0;6600;1200;2655
P192066111;P192066111_9;I;6600;0;0;8250;1200;2655
P192066111;P192066111_10;J;6600;1240;0;8250;2440;2655
P192066111;P192066111_11;K;8250;1240;0;9900;2440;2655
P192066111;P192066111_12;L;8250;0;0;9900;1200;2655
P192066111;P192066111_13;M;9900;0;0;11550;1200;2655
P192066111;P192066111_14;N;9900;1240;0;11550;2440;2655
P192066111;P192066111_15;O;11550;1240;0;13200;2440;2655
P192066111;P192066111_16;P;11550;0;0;13200;1200;2655
P192066109;P192066109_1;A;0;0;0;1650;1200;2655
P192066109;P192066109_2;B;0;1240;0;1650;2440;2655
P192066109;P192066109_3;C;1650;1240;0;3300;2440;2655
P192066109;P192066109_4;D;1650;0;0;3300;1200;2655
P192066109;P192066109_5;E;3300;0;0;4950;1200;2655
P192066109;P192066109_6;F;3300;1240;0;4950;2440;2655
P192066109;P192066109_7;G;4950;1240;0;6600;2440;2655
P192066109;P192066109_8;H;4950;0;0;6600;1200;2655
P192066109;P192066109_9;I;6600;0;0;8250;1200;2655
P192066109;P192066109_10;J;6600;1240;0;8250;2440;2655
P192066109;P192066109_11;K;8250;1240;0;9900;2440;2655
P192066109;P192066109_12;L;8250;0;0;9900;1200;2655
P192066109;P192066109_13;M;9900;0;0;11550;1200;2655
P192066109;P192066109_14;N;9900;1240;0;11550;2440;2655
P192066109;P192066109_15;O;11550;1240;0;13200;2440;2655
P192066109;P192066109_16;P;11550;0;0;13200;1200;2655
P192066107;P192066107_1;A;0;0;0;1650;1200;2655
P192066107;P192066107_2;B;0;1240;0;1650;2440;2655
P192066107;P192066107_3;C;1650;1240;0;3300;2440;2655
P192066107;P192066107_4;D;1650;0;0;3300;1200;2655
P192066107;P192066107_5;E;3300;0;0;4950;1200;2655
P192066107;P192066107_6;F;3300;1240;0;4950;2440;2655
P192066107;P192066107_7;G;4950;1240;0;6600;2440;2655
P192066107;P192066107_8;H;4950;0;0;6600;1200;2655
P192066107;P192066107_9;I;6600;0;0;8250;1200;2655
P192066107;P192066107_10;J;6600;1240;0;8250;2440;2655
P192066107;P192066107_11;K;8250;1240;0;9900;2440;2655
P192066107;P192066107_12;L;8250;0;0;9900;1200;2655
P192066107;P192066107_13;M;9900;0;0;11550;1200;2655
P192066107;P192066107_14;N;9900;1240;0;11550;2440;2655
P192066107;P192066107_15;O;11550;1240;0;13200;2440;2655
P192066107;P192066107_16;P;11550;0;0;13200;1200;2655
P192066105;P192066105_1;A;0;0;0;1650;1200;2655
P192066105;P192066105_2;B;0;1240;0;1650;2440;2655
P192066105;P192066105_3;C;1650;1240;0;3300;2440;2655
P192066105;P192066105_4;D;1650;0;0;3300;1200;2655
P192066105;P192066105_5;E;3300;0;0;4950;1200;2655
P192066105;P192066105_6;F;3300;1240;0;4950;2440;2655
P192066105;P192066105_7;G;4950;1240;0;6600;2440;2655
P192066105;P192066105_8;H;4950;0;0;6600;1200;2655
P192066105;P192066105_9;I;6600;0;0;8250;1200;2655
P192066105;P192066105_10;J;6600;1240;0;8250;2440;2655
P192066105;P192066105_11;K;8250;1240;0;9900;2440;2655
P192066105;P192066105_12;L;8250;0;0;9900;1200;2655
P192066105;P192066105_13;M;9900;0;0;11550;1200;2655
P192066105;P192066105_14;N;9900;1240;0;11550;2440;2655
P192066105;P192066105_15;O;11550;1240;0;13200;2440;2655
P192066105;P192066105_16;P;11550;0;0;13200;1200;2655
P192066101;P192066101_1;A;0;0;0;1650;1200;2655
P192066101;P192066101_2;B;0;1240;0;1650;2440;2655
P192066101;P192066101_3;C;1650;1240;0;3300;2440;2655
P192066101;P192066101_4;D;1650;0;0;3300;1200;2655
P192066101;P192066101_5;E;3300;0;0;4950;1200;2655
P192066101;P192066101_6;F;3300;1240;0;4950;2440;2655
P192066101;P192066101_7;G;4950;1240;0;6600;2440;2655
P192066101;P192066101_8;H;4950;0;0;6600;1200;2655
P192066101;P192066101_9;I;6600;0;0;8250;1200;2655
P192066101;P192066101_10;J;6600;1240;0;8250;2440;2655
P192066101;P192066101_11;K;8250;1240;0;9900;2440;2655
P192066101;P192066101_12;L;8250;0;0;9900;1200;2655
P192066101;P192066101_13;M;9900;0;0;11550;1200;2655
P192066101;P192066101_14;N;9900;1240;0;11550;2440;2655
P192066101;P192066101_15;O;11550;1240;0;13200;2440;2655
P192066101;P192066101_16;P;11550;0;0;13200;1200;2655
P191066111;P191066111_1;A;0;0;0;1650;1200;2655
P191066111;P191066111_2;B;0;1240;0;1650;2440;2655
P191066111;P191066111_3;C;1650;1240;0;3300;2440;2655
P191066111;P191066111_4;D;1650;0;0;3300;1200;2655
P191066111;P191066111_5;E;3300;0;0;4950;1200;2655
P191066111;P191066111_6;F;3300;1240;0;4950;2440;2655
P191066111;P191066111_7;G;4950;1240;0;6600;2440;2655
P191066111;P191066111_8;H;4950;0;0;6600;1200;2655
P191066111;P191066111_9;I;6600;0;0;8250;1200;2655
P191066111;P191066111_10;J;6600;1240;0;8250;2440;2655
P191066111;P191066111_11;K;8250;1240;0;9900;2440;2655
P191066111;P191066111_12;L;8250;0;0;9900;1200;2655
P191066111;P191066111_13;M;9900;0;0;11550;1200;2655
P191066111;P191066111_14;N;9900;1240;0;11550;2440;2655
P191066111;P191066111_15;O;11550;1240;0;13200;2440;2655
P191066111;P191066111_16;P;11550;0;0;13200;1200;2655
P191066109;P191066109_1;A;0;0;0;1650;1200;2655
P191066109;P191066109_2;B;0;1240;0;1650;2440;2655
P191066109;P191066109_3;C;1650;1240;0;3300;2440;2655
P191066109;P191066109_4;D;1650;0;0;3300;1200;2655
P191066109;P191066109_5;E;3300;0;0;4950;1200;2655
P191066109;P191066109_6;F;3300;1240;0;4950;2440;2655
P191066109;P191066109_7;G;4950;1240;0;6600;2440;2655
P191066109;P191066109_8;H;4950;0;0;6600;1200;2655
P191066109;P191066109_9;I;6600;0;0;8250;1200;2655
P191066109;P191066109_10;J;6600;1240;0;8250;2440;2655
P191066109;P191066109_11;K;8250;1240;0;9900;2440;2655
P191066109;P191066109_12;L;8250;0;0;9900;1200;2655
P191066109;P191066109_13;M;9900;0;0;11550;1200;2655
P191066109;P191066109_14;N;9900;1240;0;11550;2440;2655
P191066109;P191066109_15;O;11550;1240;0;13200;2440;2655
P191066109;P191066109_16;P;11550;0;0;13200;1200;2655
P191066107;P191066107_1;A;0;0;0;1650;1200;2655
P191066107;P191066107_2;B;0;1240;0;1650;2440;2655
P191066107;P191066107_3;C;1650;1240;0;3300;2440;2655
P191066107;P191066107_4;D;1650;0;0;3300;1200;2655
P191066107;P191066107_5;E;3300;0;0;4950;1200;2655
P191066107;P191066107_6;F;3300;1240;0;4950;2440;2655
P191066107;P191066107_7;G;4950;1240;0;6600;2440;2655
P191066107;P191066107_8;H;4950;0;0;6600;1200;2655
P191066107;P191066107_9;I;6600;0;0;8250;1200;2655
P191066107;P191066107_10;J;6600;1240;0;8250;2440;2655
P191066107;P191066107_11;K;8250;1240;0;9900;2440;2655
P191066107;P191066107_12;L;8250;0;0;9900;1200;2655
P191066107;P191066107_13;M;9900;0;0;11550;1200;2655
P191066107;P191066107_14;N;9900;1240;0;11550;2440;2655
P191066107;P191066107_15;O;11550;1240;0;13200;2440;2655
P191066107;P191066107_16;P;11550;0;0;13200;1200;2655
P189066151;P189066151_1;A;0;0;0;1650;1200;2655
P189066151;P189066151_2;B;0;1240;0;1650;2440;2655
P189066151;P189066151_3;C;1650;1240;0;3300;2440;2655
P189066151;P189066151_4;D;1650;0;0;3300;1200;2655
P189066151;P189066151_5;E;3300;0;0;4950;1200;2655
P189066151;P189066151_6;F;3300;1240;0;4950;2440;2655
P189066151;P189066151_7;G;4950;1240;0;6600;2440;2655
P189066151;P189066151_8;H;4950;0;0;6600;1200;2655
P189066151;P189066151_9;I;6600;0;0;8250;1200;2655
P189066151;P189066151_10;J;6600;1240;0;8250;2440;2655
P189066151;P189066151_11;K;8250;1240;0;9900;2440;2655
P189066151;P189066151_12;L;8250;0;0;9900;1200;2655
P189066151;P189066151_13;M;9900;0;0;11550;1200;2655
P189066151;P189066151_14;N;9900;1240;0;11550;2440;2655
P189066151;P189066151_15;O;11550;1240;0;13200;2440;2655
P189066151;P189066151_16;P;11550;0;0;13200;1200;2655
P189066105;P189066105_1;A;0;0;0;1650;1200;2655
P189066105;P189066105_2;B;0;1240;0;1650;2440;2655
P189066105;P189066105_3;C;1650;1240;0;3300;2440;2655
P189066105;P189066105_4;D;1650;0;0;3300;1200;2655
P189066105;P189066105_5;E;3300;0;0;4950;1200;2655
P189066105;P189066105_6;F;3300;1240;0;4950;2440;2655
P189066105;P189066105_7;G;4950;1240;0;6600;2440;2655
P189066105;P189066105_8;H;4950;0;0;6600;1200;2655
P189066105;P189066105_9;I;6600;0;0;8250;1200;2655
P189066105;P189066105_10;J;6600;1240;0;8250;2440;2655
P189066105;P189066105_11;K;8250;1240;0;9900;2440;2655
P189066105;P189066105_12;L;8250;0;0;9900;1200;2655
P189066105;P189066105_13;M;9900;0;0;11550;1200;2655
P189066105;P189066105_14;N;9900;1240;0;11550;2440;2655
P189066105;P189066105_15;O;11550;1240;0;13200;2440;2655
P189066105;P189066105_16;P;11550;0;0;13200;1200;2655
P189066101;P189066101_1;A;0;0;0;1650;1200;2655
P189066101;P189066101_2;B;0;1240;0;1650;2440;2655
P189066101;P189066101_3;C;1650;1240;0;3300;2440;2655
P189066101;P189066101_4;D;1650;0;0;3300;1200;2655
P189066101;P189066101_5;E;3300;0;0;4950;1200;2655
P189066101;P189066101_6;F;3300;1240;0;4950;2440;2655
P189066101;P189066101_7;G;4950;1240;0;6600;2440;2655
P189066101;P189066101_8;H;4950;0;0;6600;1200;2655
P189066101;P189066101_9;I;6600;0;0;8250;1200;2655
P189066101;P189066101_10;J;6600;1240;0;8250;2440;2655
P189066101;P189066101_11;K;8250;1240;0;9900;2440;2655
P189066101;P189066101_12;L;8250;0;0;9900;1200;2655
P189066101;P189066101_13;M;9900;0;0;11550;1200;2655
P189066101;P189066101_14;N;9900;1240;0;11550;2440;2655
P189066101;P189066101_15;O;11550;1240;0;13200;2440;2655
P189066101;P189066101_16;P;11550;0;0;13200;1200;2655
P188066111;P188066111_1;A;0;0;0;1650;1200;2655
P188066111;P188066111_2;B;0;1240;0;1650;2440;2655
P188066111;P188066111_3;C;1650;1240;0;3300;2440;2655
P188066111;P188066111_4;D;1650;0;0;3300;1200;2655
P188066111;P188066111_5;E;3300;0;0;4950;1200;2655
P188066111;P188066111_6;F;3300;1240;0;4950;2440;2655
P188066111;P188066111_7;G;4950;1240;0;6600;2440;2655
P188066111;P188066111_8;H;4950;0;0;6600;1200;2655
P188066111;P188066111_9;I;6600;0;0;8250;1200;2655
P188066111;P188066111_10;J;6600;1240;0;8250;2440;2655
P188066111;P188066111_11;K;8250;1240;0;9900;2440;2655
P188066111;P188066111_12;L;8250;0;0;9900;1200;2655
P188066111;P188066111_13;M;9900;0;0;11550;1200;2655
P188066111;P188066111_14;N;9900;1240;0;11550;2440;2655
P188066111;P188066111_15;O;11550;1240;0;13200;2440;2655
P188066111;P188066111_16;P;11550;0;0;13200;1200;2655
P188066109;P188066109_1;A;0;0;0;1650;1200;2655
P188066109;P188066109_2;B;0;1240;0;1650;2440;2655
P188066109;P188066109_3;C;1650;1240;0;3300;2440;2655
P188066109;P188066109_4;D;1650;0;0;3300;1200;2655
P188066109;P188066109_5;E;3300;0;0;4950;1200;2655
P188066109;P188066109_6;F;3300;1240;0;4950;2440;2655
P188066109;P188066109_7;G;4950;1240;0;6600;2440;2655
P188066109;P188066109_8;H;4950;0;0;6600;1200;2655
P188066109;P188066109_9;I;6600;0;0;8250;1200;2655
P188066109;P188066109_10;J;6600;1240;0;8250;2440;2655
P188066109;P188066109_11;K;8250;1240;0;9900;2440;2655
P188066109;P188066109_12;L;8250;0;0;9900;1200;2655
P188066109;P188066109_13;M;9900;0;0;11550;1200;2655
P188066109;P188066109_14;N;9900;1240;0;11550;2440;2655
P188066109;P188066109_15;O;11550;1240;0;13200;2440;2655
P188066109;P188066109_16;P;11550;0;0;13200;1200;2655
P188066107;P188066107_1;A;0;0;0;1650;1200;2655
P188066107;P188066107_2;B;0;1240;0;1650;2440;2655
P188066107;P188066107_3;C;1650;1240;0;3300;2440;2655
P188066107;P188066107_4;D;1650;0;0;3300;1200;2655
P188066107;P188066107_5;E;3300;0;0;4950;1200;2655
P188066107;P188066107_6;F;3300;1240;0;4950;2440;2655
P188066107;P188066107_7;G;4950;1240;0;6600;2440;2655
P188066107;P188066107_8;H;4950;0;0;6600;1200;2655
P188066107;P188066107_9;I;6600;0;0;8250;1200;2655
P188066107;P188066107_10;J;6600;1240;0;8250;2440;2655
P188066107;P188066107_11;K;8250;1240;0;9900;2440;2655
P188066107;P188066107_12;L;8250;0;0;9900;1200;2655
P188066107;P188066107_13;M;9900;0;0;11550;1200;2655
P188066107;P188066107_14;N;9900;1240;0;11550;2440;2655
P188066107;P188066107_15;O;11550;1240;0;13200;2440;2655
P188066107;P188066107_16;P;11550;0;0;13200;1200;2655
P188066105;P188066105_1;A;0;0;0;1650;1200;2655
P188066105;P188066105_2;B;0;1240;0;1650;2440;2655
P188066105;P188066105_3;C;1650;1240;0;3300;2440;2655
P188066105;P188066105_4;D;1650;0;0;3300;1200;2655
P188066105;P188066105_5;E;3300;0;0;4950;1200;2655
P188066105;P188066105_6;F;3300;1240;0;4950;2440;2655
P188066105;P188066105_7;G;4950;1240;0;6600;2440;2655
P188066105;P188066105_8;H;4950;0;0;6600;1200;2655
P188066105;P188066105_9;I;6600;0;0;8250;1200;2655
P188066105;P188066105_10;J;6600;1240;0;8250;2440;2655
P188066105;P188066105_11;K;8250;1240;0;9900;2440;2655
P188066105;P188066105_12;L;8250;0;0;9900;1200;2655
P188066105;P188066105_13;M;9900;0;0;11550;1200;2655
P188066105;P188066105_14;N;9900;1240;0;11550;2440;2655
P188066105;P188066105_15;O;11550;1240;0;13200;2440;2655
P188066105;P188066105_16;P;11550;0;0;13200;1200;2655
P188066103;P188066103_1;A;0;0;0;1010;1206;2370
P188066103;P188066103_2;B;0;1234;0;1010;2440;1185
P188066103;P188066103_3;C;1010;1240;0;2010;2440;705
P188066103;P188066103_4;D;1010;0;0;2660;1200;2655
P188066103;P188066103_5;E;2010;1240;0;3660;2440;2655
P188066103;P188066103_6;F;2660;0;0;4310;1200;2655
P188066103;P188066103_7;G;3660;1240;0;5310;2440;2655
P188066103;P188066103_8;H;4310;0;0;5960;1200;2655
P188066103;P188066103_9;I;5310;1240;0;6960;2440;2655
P188066103;P188066103_10;J;5960;0;0;7610;1200;2655
P188066103;P188066103_11;K;6960;1240;0;8610;2440;2655
P188066103;P188066103_12;L;7610;0;0;9260;1200;2655
P188066103;P188066103_13;M;8610;1240;0;10260;2440;2655
P188066103;P188066103_14;N;9260;0;0;10910;1200;2655
P188066103;P188066103_15;O;10260;1240;0;11910;2440;2655
P188066103;P188066103_16;P;10910;0;0;12560;1200;2655
P187066111;P187066111_1;A;0;0;0;1650;1200;2655
P187066111;P187066111_2;B;0;1240;0;1650;2440;2655
P187066111;P187066111_3;C;1650;1240;0;3300;2440;2655
P187066111;P187066111_4;D;1650;0;0;3300;1200;2655
P187066111;P187066111_5;E;3300;0;0;4950;1200;2655
P187066111;P187066111_6;F;3300;1240;0;4950;2440;2655
P187066111;P187066111_7;G;4950;1240;0;6600;2440;2655
P187066111;P187066111_8;H;4950;0;0;6600;1200;2655
P187066111;P187066111_9;I;6600;0;0;8250;1200;2655
P187066111;P187066111_10;J;6600;1240;0;8250;2440;2655
P187066111;P187066111_11;K;8250;1240;0;9900;2440;2655
P187066111;P187066111_12;L;8250;0;0;9900;1200;2655
P187066111;P187066111_13;M;9900;0;0;11550;1200;2655
P187066111;P187066111_14;N;9900;1240;0;11550;2440;2655
P187066111;P187066111_15;O;11550;1240;0;13200;2440;2655
P187066111;P187066111_16;P;11550;0;0;13200;1200;2655
P187066109;P187066109_1;A;0;0;0;1650;1200;2655
P187066109;P187066109_2;B;0;1240;0;1650;2440;2655
P187066109;P187066109_3;C;1650;1240;0;3300;2440;2655
P187066109;P187066109_4;D;1650;0;0;3300;1200;2655
P187066109;P187066109_5;E;3300;0;0;4950;1200;2655
P187066109;P187066109_6;F;3300;1240;0;4950;2440;2655
P187066109;P187066109_7;G;4950;1240;0;6600;2440;2655
P187066109;P187066109_8;H;4950;0;0;6600;1200;2655
P187066109;P187066109_9;I;6600;0;0;8250;1200;2655
P187066109;P187066109_10;J;6600;1240;0;8250;2440;2655
P187066109;P187066109_11;K;8250;1240;0;9900;2440;2655
P187066109;P187066109_12;L;8250;0;0;9900;1200;2655
P187066109;P187066109_13;M;9900;0;0;11550;1200;2655
P187066109;P187066109_14;N;9900;1240;0;11550;2440;2655
P187066109;P187066109_15;O;11550;1240;0;13200;2440;2655
P187066109;P187066109_16;P;11550;0;0;13200;1200;2655
P187066107;P187066107_1;A;0;0;0;1650;1200;2655
P187066107;P187066107_2;B;0;1240;0;1650;2440;2655
P187066107;P187066107_3;C;1650;1240;0;3300;2440;2655
P187066107;P187066107_4;D;1650;0;0;3300;1200;2655
P187066107;P187066107_5;E;3300;0;0;4950;1200;2655
P187066107;P187066107_6;F;3300;1240;0;4950;2440;2655
P187066107;P187066107_7;G;4950;1240;0;6600;2440;2655
P187066107;P187066107_8;H;4950;0;0;6600;1200;2655
P187066107;P187066107_9;I;6600;0;0;8250;1200;2655
P187066107;P187066107_10;J;6600;1240;0;8250;2440;2655
P187066107;P187066107_11;K;8250;1240;0;9900;2440;2655
P187066107;P187066107_12;L;8250;0;0;9900;1200;2655
P187066107;P187066107_13;M;9900;0;0;11550;1200;2655
P187066107;P187066107_14;N;9900;1240;0;11550;2440;2655
P187066107;P187066107_15;O;11550;1240;0;13200;2440;2655
P187066107;P187066107_16;P;11550;0;0;13200;1200;2655
P187066105;P187066105_1;A;0;0;0;1650;1200;2655
P187066105;P187066105_2;B;0;1240;0;1650;2440;2655
P187066105;P187066105_3;C;1650;1240;0;3300;2440;2655
P187066105;P187066105_4;D;1650;0;0;3300;1200;2655
P187066105;P187066105_5;E;3300;0;0;4950;1200;2655
P187066105;P187066105_6;F;3300;1240;0;4950;2440;2655
P187066105;P187066105_7;G;4950;1240;0;6600;2440;2655
P187066105;P187066105_8;H;4950;0;0;6600;1200;2655
P187066105;P187066105_9;I;6600;0;0;8250;1200;2655
P187066105;P187066105_10;J;6600;1240;0;8250;2440;2655
P187066105;P187066105_11;K;8250;1240;0;9900;2440;2655
P187066105;P187066105_12;L;8250;0;0;9900;1200;2655
P187066105;P187066105_13;M;9900;0;0;11550;1200;2655
P187066105;P187066105_14;N;9900;1240;0;11550;2440;2655
P187066105;P187066105_15;O;11550;1240;0;13200;2440;2655
P187066105;P187066105_16;P;11550;0;0;13200;1200;2655
P187066101;P187066101_1;A;0;0;0;1650;1200;2655
P187066101;P187066101_2;B;0;1240;0;1650;2440;2655
P187066101;P187066101_3;C;1650;1240;0;3300;2440;2655
P187066101;P187066101_4;D;1650;0;0;3300;1200;2655
P187066101;P187066101_5;E;3300;0;0;4950;1200;2655
P187066101;P187066101_6;F;3300;1240;0;4950;2440;2655
P187066101;P187066101_7;G;4950;1240;0;6600;2440;2655
P187066101;P187066101_8;H;4950;0;0;6600;1200;2655
P187066101;P187066101_9;I;6600;0;0;8250;1200;2655
P187066101;P187066101_10;J;6600;1240;0;8250;2440;2655
P187066101;P187066101_11;K;8250;1240;0;9900;2440;2655
P187066101;P187066101_12;L;8250;0;0;9900;1200;2655
P187066101;P187066101_13;M;9900;0;0;11550;1200;2655
P187066101;P187066101_14;N;9900;1240;0;11550;2440;2655
P187066101;P187066101_15;O;11550;1240;0;13200;2440;2655
P187066101;P187066101_16;P;11550;0;0;13200;1200;2655
P186066111;P186066111_1;A;0;0;0;1650;1200;2655
P186066111;P186066111_2;B;0;1240;0;1650;2440;2655
P186066111;P186066111_3;C;1650;1240;0;3300;2440;2655
P186066111;P186066111_4;D;1650;0;0;3300;1200;2655
P186066111;P186066111_5;E;3300;0;0;4950;1200;2655
P186066111;P186066111_6;F;3300;1240;0;4950;2440;2655
P186066111;P186066111_7;G;4950;1240;0;6600;2440;2655
P186066111;P186066111_8;H;4950;0;0;6600;1200;2655
P186066111;P186066111_9;I;6600;0;0;8250;1200;2655
P186066111;P186066111_10;J;6600;1240;0;8250;2440;2655
P186066111;P186066111_11;K;8250;1240;0;9900;2440;2655
P186066111;P186066111_12;L;8250;0;0;9900;1200;2655
P186066111;P186066111_13;M;9900;0;0;11550;1200;2655
P186066111;P186066111_14;N;9900;1240;0;11550;2440;2655
P186066111;P186066111_15;O;11550;1240;0;13200;2440;2655
P186066111;P186066111_16;P;11550;0;0;13200;1200;2655
P186066109;P186066109_1;A;0;0;0;1650;1200;2655
P186066109;P186066109_2;B;0;1240;0;1650;2440;2655
P186066109;P186066109_3;C;1650;1240;0;3300;2440;2655
P186066109;P186066109_4;D;1650;0;0;3300;1200;2655
P186066109;P186066109_5;E;3300;0;0;4950;1200;2655
P186066109;P186066109_6;F;3300;1240;0;4950;2440;2655
P186066109;P186066109_7;G;4950;1240;0;6600;2440;2655
P186066109;P186066109_8;H;4950;0;0;6600;1200;2655
P186066109;P186066109_9;I;6600;0;0;8250;1200;2655
P186066109;P186066109_10;J;6600;1240;0;8250;2440;2655
P186066109;P186066109_11;K;8250;1240;0;9900;2440;2655
P186066109;P186066109_12;L;8250;0;0;9900;1200;2655
P186066109;P186066109_13;M;9900;0;0;11550;1200;2655
P186066109;P186066109_14;N;9900;1240;0;11550;2440;2655
P186066109;P186066109_15;O;11550;1240;0;13200;2440;2655
P186066109;P186066109_16;P;11550;0;0;13200;1200;2655
P186066107;P186066107_1;A;0;0;0;1650;1200;2655
P186066107;P186066107_2;B;0;1240;0;1650;2440;2655
P186066107;P186066107_3;C;1650;1240;0;3300;2440;2655
P186066107;P186066107_4;D;1650;0;0;3300;1200;2655
P186066107;P186066107_5;E;3300;0;0;4950;1200;2655
P186066107;P186066107_6;F;3300;1240;0;4950;2440;2655
P186066107;P186066107_7;G;4950;1240;0;6600;2440;2655
P186066107;P186066107_8;H;4950;0;0;6600;1200;2655
P186066107;P186066107_9;I;6600;0;0;8250;1200;2655
P186066107;P186066107_10;J;6600;1240;0;8250;2440;2655
P186066107;P186066107_11;K;8250;1240;0;9900;2440;2655
P186066107;P186066107_12;L;8250;0;0;9900;1200;2655
P186066107;P186066107_13;M;9900;0;0;11550;1200;2655
P186066107;P186066107_14;N;9900;1240;0;11550;2440;2655
P186066107;P186066107_15;O;11550;1240;0;13200;2440;2655
P186066107;P186066107_16;P;11550;0;0;13200;1200;2655
P186066101;P186066101_1;A;0;0;0;1650;1200;2655
P186066101;P186066101_2;B;0;1240;0;1650;2440;2655
P186066101;P186066101_3;C;1650;1240;0;3300;2440;2655
P186066101;P186066101_4;D;1650;0;0;3300;1200;2655
P186066101;P186066101_5;E;3300;0;0;4950;1200;2655
P186066101;P186066101_6;F;3300;1240;0;4950;2440;2655
P186066101;P186066101_7;G;4950;1240;0;6600;2440;2655
P186066101;P186066101_8;H;4950;0;0;6600;1200;2655
P186066101;P186066101_9;I;6600;0;0;8250;1200;2655
P186066101;P186066101_10;J;6600;1240;0;8250;2440;2655
P186066101;P186066101_11;K;8250;1240;0;9900;2440;2655
P186066101;P186066101_12;L;8250;0;0;9900;1200;2655
P186066101;P186066101_13;M;9900;0;0;11550;1200;2655
P186066101;P186066101_14;N;9900;1240;0;11550;2440;2655
P186066101;P186066101_15;O;11550;1240;0;13200;2440;2655
P186066101;P186066101_16;P;11550;0;0;13200;1200;2655
P185066111;P185066111_1;A;0;0;0;1650;1200;2655
P185066111;P185066111_2;B;0;1240;0;1650;2440;2655
P185066111;P185066111_3;C;1650;1240;0;3300;2440;2655
P185066111;P185066111_4;D;1650;0;0;3300;1200;2655
P185066111;P185066111_5;E;3300;0;0;4950;1200;2655
P185066111;P185066111_6;F;3300;1240;0;4950;2440;2655
P185066111;P185066111_7;G;4950;1240;0;6600;2440;2655
P185066111;P185066111_8;H;4950;0;0;6600;1200;2655
P185066111;P185066111_9;I;6600;0;0;8250;1200;2655
P185066111;P185066111_10;J;6600;1240;0;8250;2440;2655
P185066111;P185066111_11;K;8250;1240;0;9900;2440;2655
P185066111;P185066111_12;L;8250;0;0;9900;1200;2655
P185066111;P185066111_13;M;9900;0;0;11550;1200;2655
P185066111;P185066111_14;N;9900;1240;0;11550;2440;2655
P185066111;P185066111_15;O;11550;1240;0;13200;2440;2655
P185066111;P185066111_16;P;11550;0;0;13200;1200;2655
P185066109;P185066109_1;A;0;0;0;1650;1200;2655
P185066109;P185066109_2;B;0;1240;0;1650;2440;2655
P185066109;P185066109_3;C;1650;1240;0;3300;2440;2655
P185066109;P185066109_4;D;1650;0;0;3300;1200;2655
P185066109;P185066109_5;E;3300;0;0;4950;1200;2655
P185066109;P185066109_6;F;3300;1240;0;4950;2440;2655
P185066109;P185066109_7;G;4950;1240;0;6600;2440;2655
P185066109;P185066109_8;H;4950;0;0;6600;1200;2655
P185066109;P185066109_9;I;6600;0;0;8250;1200;2655
P185066109;P185066109_10;J;6600;1240;0;8250;2440;2655
P185066109;P185066109_11;K;8250;1240;0;9900;2440;2655
P185066109;P185066109_12;L;8250;0;0;9900;1200;2655
P185066109;P185066109_13;M;9900;0;0;11550;1200;2655
P185066109;P185066109_14;N;9900;1240;0;11550;2440;2655
P185066109;P185066109_15;O;11550;1240;0;13200;2440;2655
P185066109;P185066109_16;P;11550;0;0;13200;1200;2655
P185066107;P185066107_1;A;0;0;0;1650;1200;2655
P185066107;P185066107_2;B;0;1240;0;1650;2440;2655
P185066107;P185066107_3;C;1650;1240;0;3300;2440;2655
P185066107;P185066107_4;D;1650;0;0;3300;1200;2655
P185066107;P185066107_5;E;3300;0;0;4950;1200;2655
P185066107;P185066107_6;F;3300;1240;0;4950;2440;2655
P185066107;P185066107_7;G;4950;1240;0;6600;2440;2655
P185066107;P185066107_8;H;4950;0;0;6600;1200;2655
P185066107;P185066107_9;I;6600;0;0;8250;1200;2655
P185066107;P185066107_10;J;6600;1240;0;8250;2440;2655
P185066107;P185066107_11;K;8250;1240;0;9900;2440;2655
P185066107;P185066107_12;L;8250;0;0;9900;1200;2655
P185066107;P185066107_13;M;9900;0;0;11550;1200;2655
P185066107;P185066107_14;N;9900;1240;0;11550;2440;2655
P185066107;P185066107_15;O;11550;1240;0;13200;2440;2655
P185066107;P185066107_16;P;11550;0;0;13200;1200;2655
P185066105;P185066105_1;A;0;0;0;1650;1200;2655
P185066105;P185066105_2;B;0;1240;0;1650;2440;2655
P185066105;P185066105_3;C;1650;1240;0;3300;2440;2655
P185066105;P185066105_4;D;1650;0;0;3300;1200;2655
P185066105;P185066105_5;E;3300;0;0;4950;1200;2655
P185066105;P185066105_6;F;3300;1240;0;4950;2440;2655
P185066105;P185066105_7;G;4950;1240;0;6600;2440;2655
P185066105;P185066105_8;H;4950;0;0;6600;1200;2655
P185066105;P185066105_9;I;6600;0;0;8250;1200;2655
P185066105;P185066105_10;J;6600;1240;0;8250;2440;2655
P185066105;P185066105_11;K;8250;1240;0;9900;2440;2655
P185066105;P185066105_12;L;8250;0;0;9900;1200;2655
P185066105;P185066105_13;M;9900;0;0;11550;1200;2655
P185066105;P185066105_14;N;9900;1240;0;11550;2440;2655
P185066105;P185066105_15;O;11550;1240;0;13200;2440;2655
P185066105;P185066105_16;P;11550;0;0;13200;1200;2655
P185066101;P185066101_1;A;0;0;0;1650;1200;2655
P185066101;P185066101_2;B;0;1240;0;1650;2440;2655
P185066101;P185066101_3;C;1650;1240;0;3300;2440;2655
P185066101;P185066101_4;D;1650;0;0;3300;1200;2655
P185066101;P185066101_5;E;3300;0;0;4950;1200;2655
P185066101;P185066101_6;F;3300;1240;0;4950;2440;2655
P185066101;P185066101_7;G;4950;1240;0;6600;2440;2655
P185066101;P185066101_8;H;4950;0;0;6600;1200;2655
P185066101;P185066101_9;I;6600;0;0;8250;1200;2655
P185066101;P185066101_10;J;6600;1240;0;8250;2440;2655
P185066101;P185066101_11;K;8250;1240;0;9900;2440;2655
P185066101;P185066101_12;L;8250;0;0;9900;1200;2655
P185066101;P185066101_13;M;9900;0;0;11550;1200;2655
P185066101;P185066101_14;N;9900;1240;0;11550;2440;2655
P185066101;P185066101_15;O;11550;1240;0;13200;2440;2655
P185066101;P185066101_16;P;11550;0;0;13200;1200;2655
P184066111;P184066111_1;A;0;0;0;1650;1200;2655
P184066111;P184066111_2;B;0;1240;0;1650;2440;2655
P184066111;P184066111_3;C;1650;1240;0;3300;2440;2655
P184066111;P184066111_4;D;1650;0;0;3300;1200;2655
P184066111;P184066111_5;E;3300;0;0;4950;1200;2655
P184066111;P184066111_6;F;3300;1240;0;4950;2440;2655
P184066111;P184066111_7;G;4950;1240;0;6600;2440;2655
P184066111;P184066111_8;H;4950;0;0;6600;1200;2655
P184066111;P184066111_9;I;6600;0;0;8250;1200;2655
P184066111;P184066111_10;J;6600;1240;0;8250;2440;2655
P184066111;P184066111_11;K;8250;1240;0;9900;2440;2655
P184066111;P184066111_12;L;8250;0;0;9900;1200;2655
P184066111;P184066111_13;M;9900;0;0;11550;1200;2655
P184066111;P184066111_14;N;9900;1240;0;11550;2440;2655
P184066111;P184066111_15;O;11550;1240;0;13200;2440;2655
P184066111;P184066111_16;P;11550;0;0;13200;1200;2655
P184066109;P184066109_1;A;0;0;0;1650;1200;2655
P184066109;P184066109_2;B;0;1240;0;1650;2440;2655
P184066109;P184066109_3;C;1650;1240;0;3300;2440;2655
P184066109;P184066109_4;D;1650;0;0;3300;1200;2655
P184066109;P184066109_5;E;3300;0;0;4950;1200;2655
P184066109;P184066109_6;F;3300;1240;0;4950;2440;2655
P184066109;P184066109_7;G;4950;1240;0;6600;2440;2655
P184066109;P184066109_8;H;4950;0;0;6600;1200;2655
P184066109;P184066109_9;I;6600;0;0;8250;1200;2655
P184066109;P184066109_10;J;6600;1240;0;8250;2440;2655
P184066109;P184066109_11;K;8250;1240;0;9900;2440;2655
P184066109;P184066109_12;L;8250;0;0;9900;1200;2655
P184066109;P184066109_13;M;9900;0;0;11550;1200;2655
P184066109;P184066109_14;N;9900;1240;0;11550;2440;2655
P184066109;P184066109_15;O;11550;1240;0;13200;2440;2655
P194066403;P194066403_1;A;0;1240;0;1900;2440;2820
P194066403;P194066403_2;B;0;0;0;1600;1200;2865
P194066403;P194066403_3;C;1600;0;0;3200;1200;2865
P194066403;P194066403_4;D;1900;1240;0;3500;2440;2865
P194066403;P194066403_5;E;3200;0;0;4800;1200;2865
P194066403;P194066403_6;F;3500;1240;0;5100;2440;2865
P194066403;P194066403_7;G;4800;0;0;6700;1200;2715
P194066403;P194066403_8;H;5100;1240;0;6700;2440;2865
P194066403;P194066403_9;I;6700;0;0;8300;1200;750
P194066403;P194066403_10;J;6700;1240;0;8600;2440;2820
P194066403;P194066403_11;K;8300;0;0;10200;1200;2305
P194066403;P194066403_12;L;8600;1240;0;10500;2440;1380
P194066403;P194066403_13;M;10200;0;0;11210;1206;2540
P194066403;P194066403_14;N;10500;1234;0;11510;2440;2840
P194066403;P194066403_15;O;11210;0;0;12220;1206;785
P194066403;P194066403_16;P;11510;1234;0;12520;2440;2425
P194066403;P194066403_17;Q;12220;0;0;13220;1200;1290
P194066401;P194066401_1;A;0;0;0;1900;1200;2715
P194066401;P194066401_2;B;0;1240;0;1900;2440;2715
P194066401;P194066401_3;C;1900;1240;0;3800;2440;2715
P194066401;P194066401_4;D;1900;0;0;3800;1200;2820
P194066401;P194066401_5;E;3800;0;0;5700;1200;2820
P194066401;P194066401_6;F;3800;1240;0;5400;2440;2865
P194066401;P194066401_7;G;5400;1240;0;7000;2440;2865
P194066401;P194066401_8;H;5700;0;0;7600;1200;2820
P194066401;P194066401_9;I;7000;1240;0;8900;2440;2820
P194066401;P194066401_10;J;7600;0;0;9500;1200;2820
P194066401;P194066401_11;K;8900;1240;0;10500;2440;2865
P194066401;P194066401_12;L;9500;0;0;11100;1200;2865
P194066401;P194066401_13;M;10500;1240;0;12400;2440;2715
P194066401;P194066401_14;N;11100;0;0;12700;1200;2865
P193066405;P193066405_1;A;0;0;0;1600;1200;2865
P193066405;P193066405_2;B;0;1200;0;1600;2400;2865
P193066405;P193066405_3;C;1600;1240;0;3500;2440;2820
P193066405;P193066405_4;D;1600;0;0;3500;1200;2820
P193066405;P193066405_5;E;3500;0;0;5100;1200;2865
P193066405;P193066405_6;F;3500;1240;0;5100;2440;2865
P193066405;P193066405_7;G;5100;1240;0;6700;2440;2865
P193066405;P193066405_8;H;5100;0;0;7000;1200;2820
P193066405;P193066405_9;I;6700;1240;0;8600;2440;2715
P193066405;P193066405_10;J;7000;0;0;8600;1200;2865
P193066405;P193066405_11;K;8600;0;0;10200;1200;2865
P193066405;P193066405_12;L;8600;1240;0;10200;2440;2865
P193066405;P193066405_13;M;10200;1240;0;11800;2440;2865
P193066405;P193066405_14;N;10200;0;0;11800;1200;2865
P193066405;P193066405_15;O;11800;0;0;13400;1200;2865
P193066405;P193066405_16;P;11800;1240;0;13400;2440;2865
P193066401;P193066401_1;A;0;0;0;1900;1200;2715
P193066401;P193066401_2;B;0;1240;0;1900;2440;2715
P193066401;P193066401_3;C;1900;1240;0;3800;2440;2715
P193066401;P193066401_4;D;1900;0;0;3800;1200;2820
P193066401;P193066401_5;E;3800;0;0;5700;1200;2820
P193066401;P193066401_6;F;3800;1240;0;5400;2440;2865
P193066401;P193066401_7;G;5400;1240;0;7300;2440;2305
P193066401;P193066401_8;H;5700;0;0;7600;1200;2715
P193066401;P193066401_9;I;7300;1240;0;9200;2440;2820
P193066401;P193066401_10;J;7600;0;0;9500;1200;2820
P193066401;P193066401_11;K;9200;1240;0;10800;2440;2865
P193066401;P193066401_12;L;9500;0;0;11100;1200;2865
P193066401;P193066401_13;M;10800;1240;0;12400;2440;2865
P193066401;P193066401_14;N;11100;0;0;12700;1200;2865
P192066401;P192066401_1;A;0;0;0;1900;1200;2715
P192066401;P192066401_2;B;0;1240;0;1900;2440;2820
P192066401;P192066401_3;C;1900;1240;0;3500;2440;2865
P192066401;P192066401_4;D;1900;0;0;3500;1200;2865
P192066401;P192066401_5;E;3500;0;0;5400;1200;2715
P192066401;P192066401_6;F;3500;1240;0;5400;2440;2715
P192066401;P192066401_7;G;5400;1240;0;7300;2440;2715
P192066401;P192066401_8;H;5400;0;0;7300;1200;2305
P192066401;P192066401_9;I;7300;0;0;9200;1200;2820
P192066401;P192066401_10;J;7300;1240;0;9200;2440;2820
P192066401;P192066401_11;K;9200;1240;0;11100;2440;2820
P192066401;P192066401_12;L;9200;0;0;11100;1200;2820
P192066401;P192066401_13;M;11100;0;0;12300;1600;2865
P192066401;P192066401_14;N;12300;0;0;13500;1600;2865
P191066405;P191066405_1;A;0;1240;0;1900;2440;2820
P191066405;P191066405_2;B;0;0;0;1600;1200;2865
P191066405;P191066405_3;C;1600;0;0;3200;1200;2865
P191066405;P191066405_4;D;1900;1240;0;3500;2440;2865
P191066405;P191066405_5;E;3200;0;0;4800;1200;2865
P191066405;P191066405_6;F;3500;1240;0;5100;2440;2865
P191066405;P191066405_7;G;4800;0;0;6400;1200;2865
P191066405;P191066405_8;H;5100;1240;0;6700;2440;2865
P191066405;P191066405_9;I;6400;0;0;8000;1200;2865
P191066405;P191066405_10;J;6700;1240;0;8300;2440;2865
P191066405;P191066405_11;K;8000;0;0;9600;1200;2865
P191066405;P191066405_12;L;8300;1240;0;10200;2440;2715
P191066405;P191066405_13;M;9600;0;0;11500;1200;2715
P191066405;P191066405_14;N;10200;1240;0;11800;2440;2865
P191066405;P191066405_15;O;11500;0;0;13400;1200;2820
P191066405;P191066405_16;P;11800;1240;0;13400;2440;2865
P191066401;P191066401_1;A;0;1240;0;1900;2440;2820
P191066401;P191066401_2;B;0;0;0;1900;1200;2820
P191066401;P191066401_3;C;1900;0;0;3500;1200;2865
P191066401;P191066401_4;D;1900;1240;0;3800;2440;2305
P191066401;P191066401_5;E;3500;0;0;5100;1200;2865
P191066401;P191066401_6;F;3800;1240;0;5400;2440;2865
P191066401;P191066401_7;G;5100;0;0;6700;1200;2865
P191066401;P191066401_8;H;5400;1240;0;7000;2440;2865
P191066401;P191066401_9;I;6700;0;0;8300;1200;2865
P191066401;P191066401_10;J;7000;1240;0;8600;2440;2865
P191066401;P191066401_11;K;8300;0;0;10200;1200;2820
P191066401;P191066401_12;L;8600;1240;0;10500;2440;2715
P191066401;P191066401_13;M;10200;0;0;12100;1200;2305
P191066401;P191066401_14;N;10500;1240;0;12100;2440;2865
P191066401;P191066401_15;O;12100;0;0;13300;1900;2820
P189066451;P189066451_1;A;0;0;0;1900;1200;2715
P189066451;P189066451_2;B;0;1240;0;1600;2440;2865
P189066451;P189066451_3;C;1600;1240;0;3200;2440;2865
P189066451;P189066451_4;D;1900;0;0;3500;1200;2865
P189066451;P189066451_5;E;3200;1240;0;4800;2440;2865
P189066451;P189066451_6;F;3500;0;0;5100;1200;2865
P189066451;P189066451_7;G;4800;1240;0;6700;2440;2305
P189066451;P189066451_8;H;5100;0;0;6700;1200;2865
P189066451;P189066451_9;I;6700;1240;0;8300;2440;2865
P189066451;P189066451_10;J;6700;0;0;8600;1200;2305
P189066451;P189066451_11;K;8300;1240;0;9900;2440;2865
P189066451;P189066451_12;L;8600;0;0;10200;1200;2865
P189066451;P189066451_13;M;9900;1240;0;11500;2440;2865
P189066451;P189066451_14;N;10200;0;0;11800;1200;2865
P189066451;P189066451_15;O;11500;1240;0;13100;2440;2865
P189066451;P189066451_16;P;11800;0;0;13400;1200;2865
P188066405;P188066405_1;A;0;0;0;1600;1200;2865
P188066405;P188066405_2;B;0;1240;0;1900;2440;2305
P188066405;P188066405_3;C;1600;0;0;3500;1200;2820
P188066405;P188066405_4;D;1900;1240;0;3500;2440;2865
P188066405;P188066405_5;E;3500;1240;0;5100;2440;2865
P188066405;P188066405_6;F;3500;0;0;5100;1200;2865
P188066405;P188066405_7;G;5100;0;0;6700;1200;2865
P188066405;P188066405_8;H;5100;1240;0;6700;2440;2865
P188066405;P188066405_9;I;6700;1240;0;8600;2440;2820
P188066405;P188066405_10;J;6700;0;0;8600;1200;1895
P188066405;P188066405_11;K;8600;0;0;10200;1200;2865
P188066405;P188066405_12;L;8600;1240;0;10200;2440;2865
P188066405;P188066405_13;M;10200;1240;0;11800;2440;2865
P188066405;P188066405_14;N;10200;0;0;11800;1200;2865
P188066405;P188066405_15;O;11800;0;0;13400;1200;2865
P188066405;P188066405_16;P;11800;1240;0;13400;2440;2865
P188066401;P188066401_1;A;0;0;0;1900;1200;2820
P188066401;P188066401_2;B;0;1240;0;1900;2440;2820
P188066401;P188066401_3;C;1900;1240;0;3800;2440;2820
P188066401;P188066401_4;D;1900;0;0;3800;1200;2715
P188066401;P188066401_5;E;3800;0;0;5700;1200;2715
P188066401;P188066401_6;F;3800;1240;0;5400;2440;2865
P188066401;P188066401_7;G;5400;1240;0;7300;2440;2715
P188066401;P188066401_8;H;5700;0;0;7600;1200;2305
P188066401;P188066401_9;I;7300;1240;0;9200;2440;2820
P188066401;P188066401_10;J;7600;0;0;9500;1200;2820
P188066401;P188066401_11;K;9200;1240;0;10800;2440;2865
P188066401;P188066401_12;L;9500;0;0;11100;1200;2865
P188066401;P188066401_13;M;10800;1240;0;12400;2440;2865
P188066401;P188066401_14;N;11100;0;0;12700;1200;2865
P187066403;P187066403_1;A;0;0;0;1600;1200;2865
P187066403;P187066403_2;B;0;1240;0;1600;2440;2865
P187066403;P187066403_3;C;1600;1240;0;3200;2440;2865
P187066403;P187066403_4;D;1600;0;0;3500;1200;2820
P187066403;P187066403_5;E;3200;1240;0;4800;2440;2865
P187066403;P187066403_6;F;3500;0;0;5100;1200;2865
P187066403;P187066403_7;G;4800;1240;0;6700;2440;2715
P187066403;P187066403_8;H;5100;0;0;6700;1200;2865
P187066403;P187066403_9;I;6700;0;0;8600;1200;2820
P187066403;P187066403_10;J;6700;1240;0;8600;2440;2820
P187066403;P187066403_11;K;8600;1234;0;9610;2440;2840
P187066403;P187066403_12;L;8600;0;0;9610;1206;2840
P187066403;P187066403_13;M;9610;0;0;10620;1206;2355
P187066403;P187066403_14;N;9610;1234;0;10620;2440;1085
P187066403;P187066403_15;O;10620;1234;0;11630;2440;2910
P187066403;P187066403_16;P;10620;0;0;11630;1206;970
P187066401;P187066401_1;A;0;1240;0;1900;2440;2305
P187066401;P187066401_2;B;0;0;0;1900;1200;2715
P187066401;P187066401_3;C;1900;0;0;3500;1200;2865
P187066401;P187066401_4;D;1900;1240;0;3500;2440;2865
P187066401;P187066401_5;E;3500;1240;0;5400;2440;2715
P187066401;P187066401_6;F;3500;0;0;5400;1200;2715
P187066401;P187066401_7;G;5400;0;0;7000;1200;2865
P187066401;P187066401_8;H;5400;1240;0;7300;2440;2820
P187066401;P187066401_9;I;7000;0;0;8900;1200;2820
P187066401;P187066401_10;J;7300;1240;0;8900;2440;2865
P187066401;P187066401_11;K;8900;1240;0;10500;2440;2865
P187066401;P187066401_12;L;8900;0;0;10500;1200;2865
P187066401;P187066401_13;M;10500;0;0;12100;1200;2865
P187066401;P187066401_14;N;10500;1240;0;12100;2440;2865
P187066401;P187066401_15;O;12100;0;0;13300;1900;2820
P186066405;P186066405_1;A;0;0;0;1900;1200;2820
P186066405;P186066405_2;B;0;1240;0;1900;2440;2715
P186066405;P186066405_3;C;1900;1240;0;3800;2440;2715
P186066405;P186066405_4;D;1900;0;0;3800;1200;2715
P186066405;P186066405_5;E;3800;0;0;5700;1200;2715
P186066405;P186066405_6;F;3800;1240;0;5400;2440;2865
P186066405;P186066405_7;G;5400;1240;0;7000;2440;2865
P186066405;P186066405_8;H;5700;0;0;7300;1200;2865
P186066405;P186066405_9;I;7000;1240;0;8600;2440;2865
P186066405;P186066405_10;J;7300;0;0;8900;1200;2865
P186066405;P186066405_11;K;8600;1240;0;10500;2440;2820
P186066405;P186066405_12;L;8900;0;0;10500;1200;2865
P186066405;P186066405_13;M;10500;1240;0;12100;2440;2865
P186066405;P186066405_14;N;10500;0;0;12100;1200;2865
P186066405;P186066405_15;O;12100;0;0;13300;1600;2865
P186066401;P186066401_1;A;0;0;0;1900;1200;2715
P186066401;P186066401_2;B;0;1240;0;1900;2440;2715
P186066401;P186066401_3;C;1900;1240;0;3500;2440;2865
P186066401;P186066401_4;D;1900;0;0;3800;1200;2820
P186066401;P186066401_5;E;3500;1240;0;5400;2440;2820
P186066401;P186066401_6;F;3800;0;0;5700;1200;2820
P186066401;P186066401_7;G;5400;1240;0;7300;2440;2820
P186066401;P186066401_8;H;5700;0;0;7300;1200;2865
P186066401;P186066401_9;I;7300;0;0;9200;1200;2715
P186066401;P186066401_10;J;7300;1240;0;8900;2440;2865
P186066401;P186066401_11;K;8900;1240;0;10500;2440;2865
P186066401;P186066401_12;L;9200;0;0;10800;1200;2865
P186066401;P186066401_13;M;10500;1240;0;12400;2440;2715
P186066401;P186066401_14;N;10800;0;0;12400;1200;2865
P185066401;P185066401_1;A;0;0;0;1900;1200;2820
P185066401;P185066401_2;B;0;1240;0;1900;2440;2305
P185066401;P185066401_3;C;1900;1240;0;3800;2440;2715
P185066401;P185066401_4;D;1900;0;0;3800;1200;2715
P185066401;P185066401_5;E;3800;0;0;5700;1200;2820
P185066401;P185066401_6;F;3800;1240;0;5700;2440;2715
P185066401;P185066401_7;G;5700;1240;0;7600;2440;2305
P185066401;P185066401_8;H;5700;0;0;7600;1200;2820
P185066401;P185066401_9;I;7600;0;0;9500;1200;2820
P185066401;P185066401_10;J;7600;1240;0;9200;2440;2865
P185066401;P185066401_11;K;9200;1240;0;11100;2440;2820
P185066401;P185066401_12;L;9500;0;0;11400;1200;2820
P185066401;P185066401_13;M;11100;1240;0;13000;2440;2820
P185066401;P185066401_14;N;11400;0;0;13300;1200;2820
Q185066401_1;Q185066401_1_1;A;0;1240;0;1900;2440;2820
Q185066401_1;Q185066401_1_2;B;0;0;0;1600;1200;2865
Q185066401_1;Q185066401_1_3;C;1600;0;0;3200;1200;2865
Q185066401_1;Q185066401_1_4;D;1900;1240;0;3800;2440;2715
Q185066401_1;Q185066401_1_5;E;3200;0;0;5100;1200;2715
Q185066401_1;Q185066401_1_6;F;3800;1240;0;5700;2440;2715
Q185066401_1;Q185066401_1_7;G;5100;0;0;7000;1200;2305
Q185066401_1;Q185066401_1_8;H;5700;1240;0;7300;2440;2865
Q185066401_1;Q185066401_1_9;I;7000;0;0;8600;1200;2865
Q185066401_1;Q185066401_1_10;J;7300;1240;0;9200;2440;2715
Q185066401_1;Q185066401_1_11;K;8600;0;0;10200;1200;2865
Q185066401_1;Q185066401_1_12;L;9200;1240;0;10800;2440;2865
Q185066401_1;Q185066401_1_13;M;10200;0;0;11800;1200;2865
Q185066401_1;Q185066401_1_14;N;10800;1240;0;12400;2440;2865
Q185066401_1;Q185066401_1_15;O;11800;0;0;13400;1200;2865
P184066405;P184066405_1;A;0;0;0;1900;1200;2820
P184066405;P184066405_2;B;0;1240;0;1600;2440;2865
P184066405;P184066405_3;C;1600;1240;0;3200;2440;2865
P184066405;P184066405_4;D;1900;0;0;3500;1200;2865
P184066405;P184066405_5;E;3200;1240;0;4800;2440;2865
P184066405;P184066405_6;F;3500;0;0;5400;1200;2715
P184066405;P184066405_7;G;4800;1240;0;6700;2440;2820
P184066405;P184066405_8;H;5400;0;0;7000;1200;2865
P184066405;P184066405_9;I;6700;1240;0;8300;2440;2865
P240068701;P240068701_1;A;0;0;0;5400;2100;2275
P240068701;P240068701_2;B;5400;0;0;10800;2100;2275
Q240068701_1;Q240068701_1_1;A;0;0;0;5400;2100;2275
Q240068701_1;Q240068701_1_2;B;5400;340;0;10800;2440;2275
Q240068701_2;Q240068701_2_1;A;0;0;0;5400;2100;2275
Q240068701_2;Q240068701_2_2;B;5400;0;0;10800;2100;2275
Q240068701_3;Q240068701_3_1;A;0;0;0;5400;2100;2275
Q240068701_3;Q240068701_3_2;B;5400;0;0;10800;2100;915
P209068713;P209068713_1;A;0;0;0;5400;2100;2275
P209068713;P209068713_2;B;5400;340;0;10800;2440;2275
P209068709;P209068709_1;A;0;0;0;5400;2100;2275
P209068709;P209068709_2;B;5400;0;0;10800;2100;2275
P209068703;P209068703_1;A;0;0;0;5400;2100;2275
P209068703;P209068703_2;B;5400;0;0;10800;2100;1935
P208068711;P208068711_1;A;0;0;0;5400;2100;2275
P208068711;P208068711_2;B;5400;1240;0;6400;2440;975
P208068711;P208068711_3;C;5400;0;0;6400;1200;975
P208068711;P208068711_4;D;6400;0;0;7400;1200;975
P208068711;P208068711_5;E;6400;1240;0;7400;2440;975
P208068711;P208068711_6;F;7400;1240;0;8400;2440;975
P208068711;P208068711_7;G;7400;0;0;8400;1200;975
P208068711;P208068711_8;H;8400;0;0;9400;1200;975
P208068711;P208068711_9;I;8400;1240;0;9400;2440;975
P208068711;P208068711_10;J;9400;1240;0;10400;2440;975
P208068711;P208068711_11;K;9400;0;0;10400;1200;975
P208068711;P208068711_12;L;10400;0;0;11400;1200;975
P208068711;P208068711_13;M;10400;1240;0;11400;2440;975
P208068707;P208068707_1;A;0;0;0;5400;2100;2275
P208068707;P208068707_2;B;5400;0;0;10800;2100;2275
P208068703;P208068703_1;A;0;0;0;5400;2100;2275
P208068703;P208068703_2;B;5400;0;0;10800;2100;2275
P207068713;P207068713_1;A;0;0;0;5400;2100;2275
P207068713;P207068713_2;B;5400;0;0;10800;2100;2275
P207068707;P207068707_1;A;0;0;0;5400;2100;2275
P207068707;P207068707_2;B;5400;340;0;10800;2440;2275
P207068703;P207068703_1;A;0;0;0;5400;2100;2275
P207068703;P207068703_2;B;5400;0;0;10800;2100;2275
P206068711;P206068711_1;A;0;0;0;5400;2100;2275
P206068711;P206068711_2;B;5400;340;0;10800;2440;2275
P206068711;P206068711_3;C;10800;0;0;11800;1200;975
P206068711;P206068711_4;D;10800;1200;0;11800;2400;975
P206068711;P206068711_5;E;11800;1440;0;13000;2440;975
P206068711;P206068711_6;F;11800;0;0;12800;1200;975
P206068707;P206068707_1;A;0;0;0;5400;2100;2275
P206068707;P206068707_2;B;5400;0;0;10800;2100;2275
P206068703;P206068703_1;A;0;0;0;5400;2100;2275
P206068703;P206068703_2;B;5400;0;0;10800;2100;2275
P205068713;P205068713_1;A;0;0;0;5400;2100;2275
P205068713;P205068713_2;B;5400;0;0;10800;2100;2275
P205068705;P205068705_1;A;0;0;0;5400;2100;2275
P205068705;P205068705_2;B;5400;0;0;10800;2100;2275
P205068703;P205068703_1;A;0;0;0;5400;2100;2275
P205068703;P205068703_2;B;5400;0;0;10800;2100;2275
P205068701;P205068701_1;A;0;0;0;5400;2100;2275
P205068701;P205068701_2;B;5400;0;0;10800;2100;2275
P202068713;P202068713_1;A;0;0;0;5400;2100;2275
P202068713;P202068713_2;B;5400;0;0;10800;2100;2275
P202068709;P202068709_1;A;0;0;0;5400;2100;2275
P202068709;P202068709_2;B;5400;0;0;10800;2100;2275
P202068703;P202068703_1;A;0;0;0;5400;2100;2275
P202068703;P202068703_2;B;5400;0;0;10800;2100;2275
P201068711;P201068711_1;A;0;0;0;5400;2100;2275
P201068711;P201068711_2;B;5400;0;0;10800;2100;2275
P201068711;P201068711_3;C;10800;0;0;11800;1200;975
P201068711;P201068711_4;D;10800;1240;0;11800;2440;975
P201068711;P201068711_5;E;11800;1440;0;13000;2440;975
P201068711;P201068711_6;F;11800;0;0;12800;1200;975
Q201068711_1;Q201068711_1_1;A;0;0;0;5400;2100;2275
Q201068711_1;Q201068711_1_2;B;5400;0;0;10800;2100;2275
Q201068711_1;Q201068711_1_3;C;10800;0;0;11800;1200;975
Q201068711_1;Q201068711_1_4;D;10800;1240;0;11800;2440;975
Q201068711_1;Q201068711_1_5;E;11800;1440;0;13000;2440;975
Q201068711_1;Q201068711_1_6;F;11800;0;0;12800;1200;975
P201068707;P201068707_1;A;0;0;0;5400;2100;2275
P201068707;P201068707_2;B;5400;0;0;10800;2100;2275
P201068703;P201068703_1;A;0;0;0;5400;2100;2275
P201068703;P201068703_2;B;5400;0;0;10800;2100;2275
P200068713;P200068713_1;A;0;0;0;5400;2100;2275
P200068713;P200068713_2;B;5400;0;0;10800;2100;2275
P200068707;P200068707_1;A;0;0;0;5400;2100;2275
P200068707;P200068707_2;B;5400;0;0;10800;2100;2275
P200068703;P200068703_1;A;0;0;0;5400;2100;2275
P200068703;P200068703_2;B;5400;0;0;10800;2100;2275
P199068711;P199068711_1;A;0;0;0;5400;2100;2275
P199068711;P199068711_2;B;5400;340;0;10800;2440;2275
P199068711;P199068711_3;C;10800;0;0;11810;1206;285
P199068711;P199068711_4;D;10800;1206;0;11800;2406;975
P199068711;P199068711_5;E;11800;1240;0;12800;2440;975
P199068711;P199068711_6;F;11810;40;0;12810;1240;975
Q199068711_1;Q199068711_1_1;A;0;0;0;5400;2100;2275
Q199068711_1;Q199068711_1_2;B;5400;1240;0;6400;2440;975
Q199068711_1;Q199068711_1_3;C;5400;0;0;6410;1206;285
Q199068711_1;Q199068711_1_4;D;6400;1240;0;7400;2440;975
Q199068711_1;Q199068711_1_5;E;6410;0;0;7410;1200;975
Q199068711_1;Q199068711_1_6;F;7400;1240;0;8400;2440;975
Q199068711_1;Q199068711_1_7;G;7410;0;0;8410;1200;975
P199068707;P199068707_1;A;0;0;0;5400;2100;2275
P199068707;P199068707_2;B;5400;0;0;10800;2100;2275
P199068703;P199068703_1;A;0;0;0;5400;2100;2275
P199068703;P199068703_2;B;5400;0;0;10800;2100;2275
P198068713;P198068713_1;A;0;0;0;5400;2100;2275
P198068713;P198068713_2;B;5400;0;0;10800;2100;2275
P198068705;P198068705_1;A;0;0;0;5400;2100;2275
P198068705;P198068705_2;B;5400;340;0;10800;2440;2275
P198068703;P198068703_1;A;0;0;0;5400;2100;2275
P198068703;P198068703_2;B;5400;0;0;10800;2100;2275
P198068701;P198068701_1;A;0;0;0;5400;2100;2275
P194068707;P194068707_1;A;0;0;0;5400;2100;2275
P194068707;P194068707_2;B;5400;0;0;10800;2100;2275
P194068703;P194068703_1;A;0;0;0;5400;2100;2275
P194068703;P194068703_2;B;5400;0;0;10800;2100;2275
P193068713;P193068713_1;A;0;0;0;5400;2100;2275
P193068713;P193068713_2;B;5400;0;0;10800;2100;2275
P193068707;P193068707_1;A;0;0;0;5400;2100;2275
P193068707;P193068707_2;B;5400;0;0;10800;2100;2275
P193068703;P193068703_1;A;0;0;0;5400;2100;2275
P193068703;P193068703_2;B;5400;0;0;10800;2100;2275
Q193068703_1;Q193068703_1_1;A;0;0;0;5400;2100;2275
Q193068703_1;Q193068703_1_2;B;5400;0;0;10800;2100;2275
P192068711;P192068711_1;A;0;0;0;5400;2100;2275
P192068711;P192068711_2;B;5400;0;0;10800;2100;2275
Q192068711_1;Q192068711_1_1;A;0;340;0;5400;2440;2275
Q192068711_1;Q192068711_1_2;B;5400;0;0;6400;1200;975
Q192068711_1;Q192068711_1_3;C;5400;1240;0;6400;2440;975
Q192068711_1;Q192068711_1_4;D;6400;1240;0;7400;2440;975
Q192068711_1;Q192068711_1_5;E;6400;0;0;7400;1200;975
Q192068711_1;Q192068711_1_6;F;7400;0;0;8400;1200;975
Q192068711_1;Q192068711_1_7;G;7400;1240;0;8400;2440;975
Q192068711_1;Q192068711_1_8;H;8400;1240;0;9400;2440;975
Q192068711_1;Q192068711_1_9;I;8400;0;0;9400;1200;975
Q192068711_1;Q192068711_1_10;J;9400;0;0;10400;1200;975
Q192068711_1;Q192068711_1_11;K;9400;1240;0;10400;2440;975
Q192068711_1;Q192068711_1_12;L;10400;1240;0;11400;2440;975
Q192068711_1;Q192068711_1_13;M;10400;0;0;11400;1200;975
P192068707;P192068707_1;A;0;0;0;5400;2100;2275
P192068707;P192068707_2;B;5400;0;0;10800;2100;2275
P192068703;P192068703_1;A;0;0;0;5400;2100;2275
P192068703;P192068703_2;B;5400;0;0;10800;2100;2275
P191068713;P191068713_1;A;0;0;0;5400;2100;2275
P191068713;P191068713_2;B;5400;0;0;10800;2100;2275
P191068705;P191068705_1;A;0;0;0;5400;2100;2275
P191068705;P191068705_2;B;5400;0;0;10800;2100;2275
P191068703;P191068703_1;A;0;0;0;5400;2100;2275
P191068703;P191068703_2;B;5400;0;0;10800;2100;2275
P191068701;P191068701_1;A;0;0;0;5400;2100;2275
P191068701;P191068701_2;B;5400;0;0;10800;2100;2275
P189068751;P189068751_1;A;0;0;0;5400;2100;2275
P189068751;P189068751_2;B;5400;0;0;10800;2100;2275
P188068713;P188068713_1;A;0;0;0;5400;2100;2275
P188068713;P188068713_2;B;5400;0;0;10800;2100;2275
P188068709;P188068709_1;A;0;0;0;5400;2100;2275
P188068709;P188068709_2;B;5400;0;0;10800;2100;2275
P188068703;P188068703_1;A;0;0;0;5400;2100;2275
P188068703;P188068703_2;B;5400;0;0;10800;2100;2275
P187068711;P187068711_1;A;0;0;0;5400;2100;2275
P187068711;P187068711_2;B;5400;0;0;10800;2100;1935
P187068711;P187068711_3;C;10800;0;0;11800;1200;975
P187068711;P187068711_4;D;10800;1240;0;11800;2440;975
P187068711;P187068711_5;E;11800;1440;0;13000;2440;975
P187068711;P187068711_6;F;11800;0;0;12800;1200;975
P187068707;P187068707_1;A;0;0;0;5400;2100;2275
P187068707;P187068707_2;B;5400;0;0;10800;2100;2275
P187068703;P187068703_1;A;0;0;0;5400;2100;2275
P187068703;P187068703_2;B;5400;0;0;10800;2100;2275
P186068713;P186068713_1;A;0;0;0;5400;2100;2275
P186068713;P186068713_2;B;5400;0;0;10800;2100;2275
P186068707;P186068707_1;A;0;0;0;5400;2100;2275
P186068707;P186068707_2;B;5400;0;0;10800;2100;2275
P186068703;P186068703_1;A;0;0;0;5400;2100;2275
P186068703;P186068703_2;B;5400;0;0;10800;2100;2275
P185068711;P185068711_1;A;0;0;0;5400;2100;2275
P185068711;P185068711_2;B;5400;0;0;6410;1206;285
P185068711;P185068711_3;C;5400;1240;0;6400;2440;975
P185068711;P185068711_4;D;6400;1240;0;7400;2440;975
P185068711;P185068711_5;E;6410;0;0;7410;1200;975
P185068711;P185068711_6;F;7400;1240;0;8400;2440;975
P185068711;P185068711_7;G;7410;0;0;8410;1200;975
P185068711;P185068711_8;H;8400;1240;0;9400;2440;975
P185068711;P185068711_9;I;8410;0;0;9410;1200;975
P185068711;P185068711_10;J;9400;1240;0;10400;2440;975
P185068711;P185068711_11;K;9410;0;0;10410;1200;975
P185068711;P185068711_12;L;10400;1240;0;11400;2440;975
P185068711;P185068711_13;M;10410;0;0;11410;1200;975
P185068711;P185068711_14;N;11400;1240;0;12400;2440;975
P185068707;P185068707_1;A;0;0;0;5400;2100;2275
P185068707;P185068707_2;B;5400;0;0;10800;2100;2275
Q185068707_1;Q185068707_1_1;A;0;0;0;5400;2100;2275
Q185068707_1;Q185068707_1_2;B;5400;0;0;10800;2100;2275
P185068703;P185068703_1;A;0;0;0;5400;2100;2275
P185068703;P185068703_2;B;5400;0;0;10800;2100;1595
P184068713;P184068713_1;A;0;0;0;5400;2100;2275
P184068713;P184068713_2;B;5400;0;0;10800;2100;2275
P184068705;P184068705_1;A;0;0;0;5400;2100;2275
P184068705;P184068705_2;B;5400;0;0;10800;2100;2275
Q184068705_1;Q184068705_1_1;A;0;0;0;5400;2100;2275
Q184068705_1;Q184068705_1_2;B;5400;0;0;10800;2100;915
P240066303;P240066303_1;A;0;0;0;1900;1200;2935
P240066303;P240066303_2;B;0;1240;0;1900;2440;2935
P240066303;P240066303_3;C;1900;1240;0;3800;2440;2935
P240066303;P240066303_4;D;1900;0;0;3800;1200;2935
P240066303;P240066303_5;E;3800;0;0;5700;1200;2935
P240066303;P240066303_6;F;3800;1240;0;5700;2440;2935
P240066303;P240066303_7;G;5700;1240;0;7600;2440;2935
P240066303;P240066303_8;H;5700;0;0;7600;1200;2935
P240066303;P240066303_9;I;7600;0;0;9500;1200;2935
P240066303;P240066303_10;J;7600;1240;0;9500;2440;2935
P240066303;P240066303_11;K;9500;1240;0;11400;2440;2935
P240066303;P240066303_12;L;9500;0;0;11400;1200;2935
P240066303;P240066303_13;M;11400;0;0;13300;1200;2935
P240066303;P240066303_14;N;11400;1240;0;13300;2440;2935
Q240066303_1;Q240066303_1_1;A;0;0;0;1900;1200;2935
Q240066303_1;Q240066303_1_2;B;0;1240;0;1900;2440;2935
Q240066303_1;Q240066303_1_3;C;1900;1240;0;3800;2440;2935
Q240066303_1;Q240066303_1_4;D;1900;0;0;3800;1200;2935
Q240066303_1;Q240066303_1_5;E;3800;0;0;5700;1200;2935
Q240066303_1;Q240066303_1_6;F;3800;1240;0;5700;2440;2935
Q240066303_1;Q240066303_1_7;G;5700;1240;0;7600;2440;2935
Q240066303_1;Q240066303_1_8;H;5700;0;0;7600;1200;2935
Q240066303_1;Q240066303_1_9;I;7600;0;0;9500;1200;2935
Q240066303_1;Q240066303_1_10;J;7600;1240;0;9500;2440;2935
Q240066303_1;Q240066303_1_11;K;9500;1240;0;11400;2440;2935
Q240066303_1;Q240066303_1_12;L;9500;0;0;11400;1200;2935
Q240066303_1;Q240066303_1_13;M;11400;0;0;13300;1200;2935
Q240066303_1;Q240066303_1_14;N;11400;1240;0;13300;2440;2935
Q240066303_2;Q240066303_2_1;A;0;0;0;1900;1200;2935
Q240066303_2;Q240066303_2_2;B;0;1240;0;1900;2440;2935
Q240066303_2;Q240066303_2_3;C;1900;1240;0;3800;2440;2935
Q240066303_2;Q240066303_2_4;D;1900;0;0;3800;1200;2935
Q240066303_2;Q240066303_2_5;E;3800;0;0;5700;1200;2935
Q240066303_2;Q240066303_2_6;F;3800;1240;0;5700;2440;2935
Q240066303_2;Q240066303_2_7;G;5700;1240;0;7600;2440;2935
Q240066303_2;Q240066303_2_8;H;5700;0;0;7600;1200;2935
Q240066303_2;Q240066303_2_9;I;7600;0;0;9500;1200;2935
Q240066303_2;Q240066303_2_10;J;7600;1240;0;9500;2440;2935
Q240066303_2;Q240066303_2_11;K;9500;1660;0;10070;2440;478
Q240066303_2;Q240066303_2_12;L;9500;0;0;11400;1200;2935
Q240066303_2;Q240066303_2_13;M;10070;1240;0;11970;2440;2935
Q240066303_2;Q240066303_2_14;N;11400;0;0;13300;1200;1490
P209066309;P209066309_1;A;0;0;0;1900;1200;2935
P209066309;P209066309_2;B;0;1240;0;1900;2440;2935
P209066309;P209066309_3;C;1900;1240;0;3800;2440;2935
P209066309;P209066309_4;D;1900;0;0;3800;1200;2935
P209066309;P209066309_5;E;3800;0;0;5700;1200;2935
P209066309;P209066309_6;F;3800;1240;0;5700;2440;2935
P209066309;P209066309_7;G;5700;1240;0;7600;2440;2935
P209066309;P209066309_8;H;5700;0;0;7600;1200;2935
P209066309;P209066309_9;I;7600;0;0;9500;1200;2935
P209066309;P209066309_10;J;7600;1240;0;9500;2440;2935
P209066309;P209066309_11;K;9500;1240;0;11400;2440;2935
P209066309;P209066309_12;L;9500;0;0;11400;1200;2935
P209066309;P209066309_13;M;11400;0;0;13300;1200;2935
P209066309;P209066309_14;N;11400;1240;0;13300;2440;2935
P209066303;P209066303_1;A;0;0;0;1900;1200;2935
P209066303;P209066303_2;B;0;1240;0;1900;2440;2935
P209066303;P209066303_3;C;1900;1240;0;3800;2440;2935
P209066303;P209066303_4;D;1900;0;0;3800;1200;2935
P209066303;P209066303_5;E;3800;0;0;5700;1200;2935
P209066303;P209066303_6;F;3800;1240;0;5700;2440;2935
P209066303;P209066303_7;G;5700;1240;0;7600;2440;2935
P209066303;P209066303_8;H;5700;0;0;7600;1200;2935
P209066303;P209066303_9;I;7600;0;0;9500;1200;2935
P209066303;P209066303_10;J;7600;1240;0;9500;2440;2935
P209066303;P209066303_11;K;9500;1240;0;11400;2440;2935
P209066303;P209066303_12;L;9500;0;0;11400;1200;2935
P209066303;P209066303_13;M;11400;0;0;13300;1200;2935
P209066303;P209066303_14;N;11400;1240;0;13300;2440;2935
P209066305;P209066305_1;A;0;0;0;1900;1200;2935
P209066305;P209066305_2;B;0;1240;0;1900;2440;2935
P209066305;P209066305_3;C;1900;1240;0;3800;2440;2935
P209066305;P209066305_4;D;1900;0;0;3800;1200;2935
P209066305;P209066305_5;E;3800;0;0;5700;1200;2935
P209066305;P209066305_6;F;3800;1240;0;5700;2440;2935
P209066305;P209066305_7;G;5700;1240;0;7600;2440;2935
P209066305;P209066305_8;H;5700;0;0;7600;1200;2935
P209066305;P209066305_9;I;7600;0;0;9500;1200;2935
P209066305;P209066305_10;J;7600;1240;0;9500;2440;2935
P209066305;P209066305_11;K;9500;1240;0;11400;2440;2935
P209066305;P209066305_12;L;9500;0;0;11400;1200;2935
P209066305;P209066305_13;M;11400;0;0;13300;1200;2935
P209066305;P209066305_14;N;11400;1240;0;13300;2440;2935
P208066309;P208066309_1;A;0;0;0;570;780;909
P208066309;P208066309_2;B;0;1240;0;1900;2440;2935
P208066309;P208066309_3;C;570;0;0;2470;1200;2935
P208066309;P208066309_4;D;1900;1240;0;3800;2440;2935
P208066309;P208066309_5;E;2470;0;0;4370;1200;2935
P208066309;P208066309_6;F;3800;1240;0;5700;2440;2935
P208066309;P208066309_7;G;4370;0;0;6270;1200;2935
P208066309;P208066309_8;H;5700;1240;0;7600;2440;2935
P208066309;P208066309_9;I;6270;0;0;8170;1200;2935
P208066309;P208066309_10;J;7600;1240;0;9500;2440;2935
P208066309;P208066309_11;K;8170;0;0;10070;1200;2935
P208066309;P208066309_12;L;9500;1240;0;11400;2440;2935
P208066309;P208066309_13;M;10070;0;0;11970;1200;2935
P208066309;P208066309_14;N;11400;1240;0;13300;2440;2935
P208066303;P208066303_1;A;0;0;0;1900;1200;2935
P208066303;P208066303_2;B;0;1660;0;570;2440;909
P208066303;P208066303_3;C;570;1240;0;2470;2440;2935
P208066303;P208066303_4;D;1900;0;0;3800;1200;2935
P208066303;P208066303_5;E;2470;1240;0;4370;2440;2935
P208066303;P208066303_6;F;3800;0;0;5700;1200;2935
P208066303;P208066303_7;G;4370;1240;0;6270;2440;2935
P208066303;P208066303_8;H;5700;0;0;7600;1200;2935
P208066303;P208066303_9;I;6270;1240;0;8170;2440;2935
P208066303;P208066303_10;J;7600;0;0;9500;1200;2935
P208066303;P208066303_11;K;8170;1240;0;10070;2440;2935
P208066303;P208066303_12;L;9500;0;0;11400;1200;2935
P208066303;P208066303_13;M;10070;1240;0;11970;2440;2935
P208066303;P208066303_14;N;11400;0;0;13300;1200;2935
P208066305;P208066305_1;A;0;0;0;1900;1200;2935
P208066305;P208066305_2;B;0;1240;0;1900;2440;2935
P208066305;P208066305_3;C;1900;1240;0;3800;2440;2935
P208066305;P208066305_4;D;1900;0;0;3800;1200;2935
P208066305;P208066305_5;E;3800;0;0;5700;1200;2935
P208066305;P208066305_6;F;3800;1240;0;5700;2440;2935
P208066305;P208066305_7;G;5700;1240;0;7600;2440;2935
P208066305;P208066305_8;H;5700;0;0;7600;1200;2935
P208066305;P208066305_9;I;7600;0;0;9500;1200;2935
P208066305;P208066305_10;J;7600;1240;0;9500;2440;2935
P208066305;P208066305_11;K;9500;1240;0;11400;2440;2935
P208066305;P208066305_12;L;9500;0;0;11400;1200;2935
P208066305;P208066305_13;M;11400;0;0;13300;1200;2935
P208066305;P208066305_14;N;11400;1240;0;13300;2440;2935
P207066309;P207066309_1;A;0;0;0;1900;1200;2935
P207066309;P207066309_2;B;0;1240;0;1900;2440;2935
P207066309;P207066309_3;C;1900;1240;0;3800;2440;2935
P207066309;P207066309_4;D;1900;0;0;3800;1200;2935
P207066309;P207066309_5;E;3800;0;0;5700;1200;2935
P207066309;P207066309_6;F;3800;1240;0;5700;2440;2935
P207066309;P207066309_7;G;5700;1240;0;7600;2440;2935
P207066309;P207066309_8;H;5700;0;0;7600;1200;2935
P207066309;P207066309_9;I;7600;0;0;9500;1200;2935
P207066309;P207066309_10;J;7600;1240;0;9500;2440;2935
P207066309;P207066309_11;K;9500;1240;0;11400;2440;2935
P207066309;P207066309_12;L;9500;0;0;11400;1200;2935
P207066309;P207066309_13;M;11400;0;0;13300;1200;2935
P207066309;P207066309_14;N;11400;1240;0;13300;2440;2935
P207066303;P207066303_1;A;0;0;0;1900;1200;2935
P207066303;P207066303_2;B;0;1240;0;1900;2440;2935
P207066303;P207066303_3;C;1900;1240;0;3800;2440;2935
P207066303;P207066303_4;D;1900;0;0;3800;1200;2935
P207066303;P207066303_5;E;3800;0;0;5700;1200;2935
P207066303;P207066303_6;F;3800;1240;0;5700;2440;2935
P207066303;P207066303_7;G;5700;1240;0;7600;2440;2935
P207066303;P207066303_8;H;5700;0;0;7600;1200;2935
P207066303;P207066303_9;I;7600;0;0;9500;1200;2935
P207066303;P207066303_10;J;7600;1240;0;9500;2440;2935
P207066303;P207066303_11;K;9500;1240;0;11400;2440;2935
P207066303;P207066303_12;L;9500;0;0;11400;1200;2935
P207066303;P207066303_13;M;11400;0;0;13300;1200;2935
P207066303;P207066303_14;N;11400;1240;0;13300;2440;2935
P207066307;P207066307_1;A;0;0;0;1900;1200;2935
P207066307;P207066307_2;B;0;1660;0;570;2440;478
P207066307;P207066307_3;C;570;1240;0;2470;2440;2935
P207066307;P207066307_4;D;1900;0;0;3800;1200;2935
P207066307;P207066307_5;E;2470;1240;0;4370;2440;2935
P207066307;P207066307_6;F;3800;0;0;5700;1200;2935
P207066307;P207066307_7;G;4370;1240;0;6270;2440;2935
P207066307;P207066307_8;H;5700;0;0;7600;1200;2935
P207066307;P207066307_9;I;6270;1240;0;8170;2440;2935
P207066307;P207066307_10;J;7600;0;0;9500;1200;2935
P207066307;P207066307_11;K;8170;1240;0;10070;2440;2935
P207066307;P207066307_12;L;9500;0;0;11400;1200;2935
P207066307;P207066307_13;M;10070;1234;0;11080;2440;285
P206066309;P206066309_1;A;0;0;0;1900;1200;2935
P206066309;P206066309_2;B;0;1240;0;1900;2440;2935
P206066309;P206066309_3;C;1900;1240;0;3800;2440;2935
P206066309;P206066309_4;D;1900;0;0;3800;1200;2935
P206066309;P206066309_5;E;3800;0;0;5700;1200;2935
P206066309;P206066309_6;F;3800;1240;0;5700;2440;2935
P206066309;P206066309_7;G;5700;1240;0;7600;2440;2935
P206066309;P206066309_8;H;5700;0;0;7600;1200;2935
P206066309;P206066309_9;I;7600;0;0;9500;1200;2935
P206066309;P206066309_10;J;7600;1240;0;9500;2440;2935
P206066309;P206066309_11;K;9500;1240;0;11400;2440;2935
P206066309;P206066309_12;L;9500;0;0;11400;1200;2935
P206066309;P206066309_13;M;11400;0;0;13300;1200;2935
P206066309;P206066309_14;N;11400;1240;0;13300;2440;2935
P206066303;P206066303_1;A;0;0;0;1900;1200;2935
P206066303;P206066303_2;B;0;1240;0;1900;2440;2935
P206066303;P206066303_3;C;1900;1240;0;3800;2440;2935
P206066303;P206066303_4;D;1900;0;0;3800;1200;2935
P206066303;P206066303_5;E;3800;0;0;5700;1200;2935
P206066303;P206066303_6;F;3800;1240;0;5700;2440;2935
P206066303;P206066303_7;G;5700;1240;0;7600;2440;2935
P206066303;P206066303_8;H;5700;0;0;7600;1200;2935
P206066303;P206066303_9;I;7600;0;0;8170;780;478
P206066303;P206066303_10;J;7600;1240;0;9500;2440;2935
P206066303;P206066303_11;K;8170;0;0;10070;1200;2935
P206066303;P206066303_12;L;9500;1240;0;11400;2440;2935
P206066303;P206066303_13;M;10070;0;0;11970;1200;2935
P206066303;P206066303_14;N;11400;1240;0;13300;2440;2935
P206066305;P206066305_1;A;0;0;0;1900;1200;2935
P206066305;P206066305_2;B;0;1240;0;1900;2440;2935
P206066305;P206066305_3;C;1900;1240;0;3800;2440;2935
P206066305;P206066305_4;D;1900;0;0;3800;1200;2935
P206066305;P206066305_5;E;3800;0;0;5700;1200;2935
P206066305;P206066305_6;F;3800;1240;0;5700;2440;2935
P206066305;P206066305_7;G;5700;1240;0;7600;2440;2935
P206066305;P206066305_8;H;5700;0;0;7600;1200;2935
P206066305;P206066305_9;I;7600;0;0;9500;1200;2935
P206066305;P206066305_10;J;7600;1240;0;9500;2440;2935
P206066305;P206066305_11;K;9500;1240;0;11400;2440;2935
P206066305;P206066305_12;L;9500;0;0;11400;1200;2935
P206066305;P206066305_13;M;11400;0;0;13300;1200;2935
P205066309;P205066309_1;A;0;0;0;1900;1200;2935
P205066309;P205066309_2;B;0;1240;0;1900;2440;2935
P205066309;P205066309_3;C;1900;1240;0;3800;2440;2935
P205066309;P205066309_4;D;1900;0;0;3800;1200;2935
P205066309;P205066309_5;E;3800;0;0;5700;1200;2935
P205066309;P205066309_6;F;3800;1240;0;5700;2440;2935
P205066309;P205066309_7;G;5700;1240;0;7600;2440;2935
P205066309;P205066309_8;H;5700;0;0;7600;1200;2935
P205066309;P205066309_9;I;7600;0;0;9500;1200;2935
P205066309;P205066309_10;J;7600;1240;0;9500;2440;2935
P205066309;P205066309_11;K;9500;1240;0;11400;2440;2935
P205066309;P205066309_12;L;9500;0;0;11400;1200;2935
P205066309;P205066309_13;M;11400;0;0;13300;1200;2935
P205066309;P205066309_14;N;11400;1240;0;13300;2440;2935
P205066303;P205066303_1;A;0;0;0;1900;1200;2935
P205066303;P205066303_2;B;0;1240;0;1900;2440;2935
P205066303;P205066303_3;C;1900;1240;0;3800;2440;2935
P205066303;P205066303_4;D;1900;0;0;3800;1200;2935
P205066303;P205066303_5;E;3800;0;0;5700;1200;2935
P205066303;P205066303_6;F;3800;1240;0;5700;2440;2935
P205066303;P205066303_7;G;5700;1240;0;7600;2440;2935
P205066303;P205066303_8;H;5700;0;0;7600;1200;2935
P205066303;P205066303_9;I;7600;0;0;9500;1200;2935
P205066303;P205066303_10;J;7600;1240;0;9500;2440;2935
P205066303;P205066303_11;K;9500;1240;0;11400;2440;2935
P205066303;P205066303_12;L;9500;0;0;11400;1200;2935
P205066303;P205066303_13;M;11400;0;0;13300;1200;2935
P205066303;P205066303_14;N;11400;1240;0;13300;2440;2935
P203066307;P203066307_1;A;0;0;0;1900;1200;2935
P203066307;P203066307_2;B;0;1200;0;1900;2400;2935
P203066307;P203066307_3;C;1900;1240;0;3800;2440;2935
P203066307;P203066307_4;D;1900;0;0;3800;1200;2935
P203066307;P203066307_5;E;3800;1240;0;5700;2440;2935
P203066307;P203066307_6;F;3800;0;0;5700;1200;2935
P203066307;P203066307_7;G;5700;0;0;7600;1200;2935
P203066307;P203066307_8;H;5700;1240;0;7600;2440;2935
P203066307;P203066307_9;I;7600;1240;0;9500;2440;2935
P203066307;P203066307_10;J;7600;0;0;9500;1200;2935
P203066307;P203066307_11;K;9500;0;0;11400;1200;2935
P203066307;P203066307_12;L;9500;1240;0;11400;2440;2935
P203066307;P203066307_13;M;11400;1240;0;13300;2440;2935
P203066307;P203066307_14;N;11400;0;0;13300;1200;2935
P202066309;P202066309_1;A;0;0;0;1900;1200;2935
P202066309;P202066309_2;B;0;1200;0;1900;2400;2935
P202066309;P202066309_3;C;1900;1240;0;3800;2440;2935
P202066309;P202066309_4;D;1900;0;0;3800;1200;2935
P202066309;P202066309_5;E;3800;0;0;5700;1200;2935
P202066309;P202066309_6;F;3800;1200;0;5700;2400;2935
P202066309;P202066309_7;G;5700;1240;0;7600;2440;2935
P202066309;P202066309_8;H;5700;0;0;7600;1200;2935
P202066309;P202066309_9;I;7600;0;0;9500;1200;2935
P202066309;P202066309_10;J;7600;1240;0;9500;2440;2935
P202066309;P202066309_11;K;9500;1240;0;11400;2440;2935
P202066309;P202066309_12;L;9500;0;0;11400;1200;2935
P202066309;P202066309_13;M;11400;0;0;13300;1200;2935
P202066309;P202066309_14;N;11400;1240;0;13300;2440;2935
P202066303;P202066303_1;A;0;0;0;1900;1200;2935
P202066303;P202066303_2;B;0;1240;0;1900;2440;2935
P202066303;P202066303_3;C;1900;1240;0;3800;2440;2935
P202066303;P202066303_4;D;1900;0;0;3800;1200;2935
P202066303;P202066303_5;E;3800;0;0;5700;1200;2935
P202066303;P202066303_6;F;3800;1240;0;5700;2440;2935
P202066303;P202066303_7;G;5700;1240;0;7600;2440;2935
P202066303;P202066303_8;H;5700;0;0;7600;1200;2935
P202066303;P202066303_9;I;7600;0;0;9500;1200;2935
P202066303;P202066303_10;J;7600;1240;0;9500;2440;2935
P202066303;P202066303_11;K;9500;1240;0;11400;2440;2935
P202066303;P202066303_12;L;9500;0;0;11400;1200;2935
P202066303;P202066303_13;M;11400;0;0;13300;1200;2935
P202066303;P202066303_14;N;11400;1240;0;13300;2440;2935
P202066305;P202066305_1;A;0;0;0;570;780;1771
P202066305;P202066305_2;B;0;1240;0;1900;2440;2935
P202066305;P202066305_3;C;570;0;0;2470;1200;2935
P202066305;P202066305_4;D;1900;1240;0;3800;2440;2935
P202066305;P202066305_5;E;2470;0;0;4370;1200;2935
P202066305;P202066305_6;F;3800;1240;0;5700;2440;2935
P202066305;P202066305_7;G;4370;0;0;6270;1200;2935
P202066305;P202066305_8;H;5700;1240;0;7600;2440;2935
P202066305;P202066305_9;I;6270;0;0;8170;1200;2935
P202066305;P202066305_10;J;7600;1240;0;9500;2440;2935
P202066305;P202066305_11;K;8170;0;0;10070;1200;2935
P202066305;P202066305_12;L;9500;1240;0;11400;2440;2935
P202066305;P202066305_13;M;10070;0;0;11970;1200;2935
P202066305;P202066305_14;N;11400;1240;0;13300;2440;2935
P201066309;P201066309_1;A;0;0;0;1900;1200;2935
P201066309;P201066309_2;B;0;1240;0;1900;2440;2935
P201066309;P201066309_3;C;1900;1240;0;3800;2440;2935
P201066309;P201066309_4;D;1900;0;0;3800;1200;2935
P201066309;P201066309_5;E;3800;0;0;5700;1200;2935
P201066309;P201066309_6;F;3800;1240;0;5700;2440;2935
P201066309;P201066309_7;G;5700;1240;0;7600;2440;2935
P201066309;P201066309_8;H;5700;0;0;7600;1200;2935
P201066309;P201066309_9;I;7600;0;0;9500;1200;2935
P201066309;P201066309_10;J;7600;1240;0;9500;2440;2935
P201066309;P201066309_11;K;9500;1240;0;11400;2440;2935
P201066309;P201066309_12;L;9500;0;0;11400;1200;2935
P201066309;P201066309_13;M;11400;0;0;13300;1200;2935
P201066309;P201066309_14;N;11400;1240;0;13300;2440;2935
P201066303;P201066303_1;A;0;0;0;1900;1200;2935
P201066303;P201066303_2;B;0;1240;0;1900;2440;2935
P201066303;P201066303_3;C;1900;1240;0;3800;2440;2935
P201066303;P201066303_4;D;1900;0;0;3800;1200;2935
P201066303;P201066303_5;E;3800;0;0;5700;1200;2935
P201066303;P201066303_6;F;3800;1240;0;5700;2440;2935
P201066303;P201066303_7;G;5700;1240;0;7600;2440;2935
P201066303;P201066303_8;H;5700;0;0;7600;1200;2935
P201066303;P201066303_9;I;7600;0;0;9500;1200;2935
P201066303;P201066303_10;J;7600;1240;0;9500;2440;2935
P201066303;P201066303_11;K;9500;1240;0;11400;2440;2935
P201066303;P201066303_12;L;9500;0;0;11400;1200;2935
P201066303;P201066303_13;M;11400;0;0;13300;1200;2935
P201066303;P201066303_14;N;11400;1240;0;13300;2440;2935
P201066305;P201066305_1;A;0;0;0;1900;1200;2935
P201066305;P201066305_2;B;0;1200;0;1900;2400;2935
P201066305;P201066305_3;C;1900;1240;0;3800;2440;2935
P201066305;P201066305_4;D;1900;0;0;3800;1200;2935
P201066305;P201066305_5;E;3800;0;0;5700;1200;2935
P201066305;P201066305_6;F;3800;1240;0;5700;2440;2935
P201066305;P201066305_7;G;5700;1240;0;7600;2440;2935
P201066305;P201066305_8;H;5700;0;0;7600;1200;2935
P201066305;P201066305_9;I;7600;0;0;9500;1200;2935
P201066305;P201066305_10;J;7600;1240;0;9500;2440;2935
P201066305;P201066305_11;K;9500;1240;0;11400;2440;2935
P201066305;P201066305_12;L;9500;0;0;11400;1200;2935
P201066305;P201066305_13;M;11400;0;0;13300;1200;2935
P201066305;P201066305_14;N;11400;1240;0;13300;2440;2935
P200066309;P200066309_1;A;0;0;0;1900;1200;2935
P200066309;P200066309_2;B;0;1240;0;1900;2440;2935
P200066309;P200066309_3;C;1900;1240;0;3800;2440;2935
P200066309;P200066309_4;D;1900;0;0;3800;1200;2935
P200066309;P200066309_5;E;3800;0;0;5700;1200;2935
P200066309;P200066309_6;F;3800;1240;0;5700;2440;2935
P200066309;P200066309_7;G;5700;1660;0;6270;2440;909
P200066309;P200066309_8;H;5700;0;0;7600;1200;2935
P200066309;P200066309_9;I;6270;1240;0;8170;2440;2935
P200066309;P200066309_10;J;7600;0;0;9500;1200;2935
P200066309;P200066309_11;K;8170;1240;0;10070;2440;2935
P200066309;P200066309_12;L;9500;0;0;11400;1200;2935
P200066309;P200066309_13;M;10070;1240;0;11970;2440;2935
P200066309;P200066309_14;N;11400;0;0;13300;1200;2935
P200066303;P200066303_1;A;0;0;0;1900;1200;2935
P200066303;P200066303_2;B;0;1240;0;1900;2440;2935
P200066303;P200066303_3;C;1900;1240;0;3800;2440;2935
P200066303;P200066303_4;D;1900;0;0;3800;1200;2935
P200066303;P200066303_5;E;3800;0;0;5700;1200;2935
P200066303;P200066303_6;F;3800;1240;0;5700;2440;2935
P200066303;P200066303_7;G;5700;1240;0;7600;2440;2935
P200066303;P200066303_8;H;5700;0;0;7600;1200;2935
P200066303;P200066303_9;I;7600;0;0;9500;1200;2935
P200066303;P200066303_10;J;7600;1240;0;9500;2440;2935
P200066303;P200066303_11;K;9500;1240;0;11400;2440;2935
P200066303;P200066303_12;L;9500;0;0;11400;1200;2935
P200066303;P200066303_13;M;11400;0;0;13300;1200;2935
P200066303;P200066303_14;N;11400;1240;0;13300;2440;2935
P200066307;P200066307_1;A;0;0;0;1900;1200;2935
P200066307;P200066307_2;B;0;1200;0;1900;2400;2935
P200066307;P200066307_3;C;1900;1240;0;3800;2440;2935
P200066307;P200066307_4;D;1900;0;0;3800;1200;2935
P200066307;P200066307_5;E;3800;1240;0;5700;2440;2935
P200066307;P200066307_6;F;3800;0;0;5700;1200;2935
P200066307;P200066307_7;G;5700;0;0;7600;1200;2935
P200066307;P200066307_8;H;5700;1240;0;7600;2440;2935
P200066307;P200066307_9;I;7600;1660;0;8170;2440;478
P200066307;P200066307_10;J;7600;0;0;9500;1200;2935
P200066307;P200066307_11;K;8170;1240;0;10070;2440;2935
P200066307;P200066307_12;L;9500;0;0;11400;1200;2935
P200066307;P200066307_13;M;10070;1240;0;11970;2440;2935
P200066307;P200066307_14;N;11400;0;0;13300;1200;2935
P200066307;P200066307_15;O;11970;1234;0;12980;2440;570
P199066309;P199066309_1;A;0;0;0;1900;1200;2935
P199066309;P199066309_2;B;0;1200;0;1900;2400;2935
P199066309;P199066309_3;C;1900;1240;0;3800;2440;2935
P199066309;P199066309_4;D;1900;0;0;3800;1200;2935
P199066309;P199066309_5;E;3800;0;0;5700;1200;2935
P199066309;P199066309_6;F;3800;1240;0;5700;2440;2935
P199066309;P199066309_7;G;5700;1240;0;7600;2440;2935
P199066309;P199066309_8;H;5700;0;0;7600;1200;2935
P199066309;P199066309_9;I;7600;0;0;9500;1200;2935
P199066309;P199066309_10;J;7600;1240;0;9500;2440;2935
P199066309;P199066309_11;K;9500;1240;0;11400;2440;2935
P199066309;P199066309_12;L;9500;0;0;11400;1200;2935
P199066309;P199066309_13;M;11400;0;0;13300;1200;2935
P199066303;P199066303_1;A;0;0;0;1900;1200;2935
P199066303;P199066303_2;B;0;1240;0;1900;2440;2935
P199066303;P199066303_3;C;1900;1240;0;3800;2440;2935
P199066303;P199066303_4;D;1900;0;0;3800;1200;2935
P199066303;P199066303_5;E;3800;0;0;5700;1200;2935
P199066303;P199066303_6;F;3800;1240;0;5700;2440;2935
P199066303;P199066303_7;G;5700;1240;0;7600;2440;2935
P199066303;P199066303_8;H;5700;0;0;7600;1200;2935
P199066303;P199066303_9;I;7600;0;0;9500;1200;2935
P199066303;P199066303_10;J;7600;1240;0;9500;2440;2935
P199066303;P199066303_11;K;9500;1240;0;11400;2440;2935
P199066303;P199066303_12;L;9500;0;0;11400;1200;2935
P199066303;P199066303_13;M;11400;0;0;13300;1200;2935
P199066303;P199066303_14;N;11400;1240;0;13300;2440;2935
P199066305;P199066305_1;A;0;0;0;1900;1200;2935
P199066305;P199066305_2;B;0;1240;0;1900;2440;2935
P199066305;P199066305_3;C;1900;1660;0;2470;2440;1340
P199066305;P199066305_4;D;1900;0;0;3800;1200;2935
P199066305;P199066305_5;E;2470;1240;0;4370;2440;2935
P199066305;P199066305_6;F;3800;0;0;5700;1200;2935
P199066305;P199066305_7;G;4370;1240;0;6270;2440;2935
P199066305;P199066305_8;H;5700;0;0;7600;1200;2935
P199066305;P199066305_9;I;6270;1240;0;8170;2440;2935
P199066305;P199066305_10;J;7600;0;0;9500;1200;2935
P199066305;P199066305_11;K;8170;1240;0;10070;2440;2935
P199066305;P199066305_12;L;9500;0;0;11400;1200;2935
P199066305;P199066305_13;M;10070;1240;0;11970;2440;2935
P199066305;P199066305_14;N;11400;0;0;13300;1200;2935
P198066309;P198066309_1;A;0;0;0;1900;1200;2935
P198066309;P198066309_2;B;0;1200;0;1900;2400;2935
P198066309;P198066309_3;C;1900;1240;0;3800;2440;2935
P198066309;P198066309_4;D;1900;0;0;3800;1200;2935
P198066309;P198066309_5;E;3800;0;0;5700;1200;2935
P198066309;P198066309_6;F;3800;1200;0;5700;2400;2935
P198066309;P198066309_7;G;5700;1240;0;7600;2440;2935
P198066309;P198066309_8;H;5700;0;0;7600;1200;2935
P198066309;P198066309_9;I;7600;1240;0;9500;2440;2935
P198066309;P198066309_10;J;7600;0;0;9500;1200;2935
P198066309;P198066309_11;K;9500;0;0;11400;1200;2935
P198066309;P198066309_12;L;9500;1240;0;11400;2440;2935
P198066309;P198066309_13;M;11400;1240;0;13300;2440;2935
P198066309;P198066309_14;N;11400;0;0;13300;1200;2935
P198066303;P198066303_1;A;0;0;0;1900;1200;2935
P198066303;P198066303_2;B;0;1240;0;1900;2440;2935
P198066303;P198066303_3;C;1900;1240;0;3800;2440;2935
P198066303;P198066303_4;D;1900;0;0;3800;1200;2935
P198066303;P198066303_5;E;3800;0;0;5700;1200;2935
P198066303;P198066303_6;F;3800;1240;0;5700;2440;2935
P198066303;P198066303_7;G;5700;1240;0;7600;2440;2935
P198066303;P198066303_8;H;5700;0;0;7600;1200;2935
P198066303;P198066303_9;I;7600;0;0;9500;1200;2935
P198066303;P198066303_10;J;7600;1240;0;9500;2440;2935
P198066303;P198066303_11;K;9500;1240;0;11400;2440;2935
P198066303;P198066303_12;L;9500;0;0;11400;1200;2935
P198066303;P198066303_13;M;11400;0;0;13300;1200;2935
P198066303;P198066303_14;N;11400;1240;0;13300;2440;2935
Q198066303_1;Q198066303_1_1;A;0;0;0;1900;1200;2935
Q198066303_1;Q198066303_1_2;B;0;1240;0;1900;2440;2935
Q198066303_1;Q198066303_1_3;C;1900;1240;0;3800;2440;2935
Q198066303_1;Q198066303_1_4;D;1900;0;0;3800;1200;2935
Q198066303_1;Q198066303_1_5;E;3800;0;0;5700;1200;2935
Q198066303_1;Q198066303_1_6;F;3800;1240;0;5700;2440;2935
Q198066303_1;Q198066303_1_7;G;5700;1240;0;7600;2440;2935
Q198066303_1;Q198066303_1_8;H;5700;0;0;7600;1200;2935
Q198066303_1;Q198066303_1_9;I;7600;0;0;9500;1200;2935
Q198066303_1;Q198066303_1_10;J;7600;1240;0;9500;2440;2935
Q198066303_1;Q198066303_1_11;K;9500;1240;0;11400;2440;1490
Q198066303_1;Q198066303_1_12;L;9500;0;0;10070;780;478
P180066309;P180066309_1;A;0;0;0;1900;1200;2935
P180066309;P180066309_2;B;0;1240;0;1900;2440;2935
P180066309;P180066309_3;C;1900;1240;0;3800;2440;2935
P180066309;P180066309_4;D;1900;0;0;3800;1200;2935
P180066309;P180066309_5;E;3800;0;0;5700;1200;2935
P180066309;P180066309_6;F;3800;1240;0;5700;2440;2935
P180066309;P180066309_7;G;5700;1240;0;7600;2440;2935
P180066309;P180066309_8;H;5700;0;0;7600;1200;2935
P180066309;P180066309_9;I;7600;0;0;9500;1200;2935
P180066309;P180066309_10;J;7600;1240;0;9500;2440;2935
P180066309;P180066309_11;K;9500;1240;0;11400;2440;2935
P180066309;P180066309_12;L;9500;0;0;11400;1200;2935
P180066309;P180066309_13;M;11400;0;0;13300;1200;2935
P180066309;P180066309_14;N;11400;1240;0;13300;2440;2935
P180066303;P180066303_1;A;0;0;0;570;780;909
P180066303;P180066303_2;B;0;1240;0;1900;2440;2935
P180066303;P180066303_3;C;570;0;0;2470;1200;2935
P180066303;P180066303_4;D;1900;1240;0;3800;2440;2935
P180066303;P180066303_5;E;2470;0;0;4370;1200;2935
P180066303;P180066303_6;F;3800;1240;0;5700;2440;2935
P180066303;P180066303_7;G;4370;0;0;6270;1200;2935
P180066303;P180066303_8;H;5700;1240;0;7600;2440;2935
P180066303;P180066303_9;I;6270;0;0;8170;1200;2935
P180066303;P180066303_10;J;7600;1240;0;9500;2440;2935
P180066303;P180066303_11;K;8170;0;0;10070;1200;2935
P180066303;P180066303_12;L;9500;1240;0;11400;2440;2935
P180066303;P180066303_13;M;10070;0;0;11970;1200;2935
P180066303;P180066303_14;N;11400;1240;0;13300;2440;2935
P180066305;P180066305_1;A;0;0;0;1900;1200;2935
P180066305;P180066305_2;B;0;1240;0;1900;2440;2935
P180066305;P180066305_3;C;1900;1240;0;3800;2440;2935
P180066305;P180066305_4;D;1900;0;0;3800;1200;2935
P180066305;P180066305_5;E;3800;0;0;5700;1200;2935
P180066305;P180066305_6;F;3800;1240;0;5700;2440;2935
P180066305;P180066305_7;G;5700;1240;0;7600;2440;2935
P180066305;P180066305_8;H;5700;0;0;7600;1200;2935
P180066305;P180066305_9;I;7600;0;0;9500;1200;2935
P180066305;P180066305_10;J;7600;1240;0;9500;2440;2935
P180066305;P180066305_11;K;9500;1240;0;11400;2440;2935
P180066305;P180066305_12;L;9500;0;0;11400;1200;2935
P179066309;P179066309_1;A;0;0;0;1900;1200;2935
P179066309;P179066309_2;B;0;1240;0;1900;2440;2935
P179066309;P179066309_3;C;1900;1240;0;3800;2440;2935
P179066309;P179066309_4;D;1900;0;0;3800;1200;2935
P179066309;P179066309_5;E;3800;0;0;5700;1200;2935
P179066309;P179066309_6;F;3800;1240;0;5700;2440;2935
P179066309;P179066309_7;G;5700;1240;0;7600;2440;2935
P179066309;P179066309_8;H;5700;0;0;7600;1200;2935
P179066309;P179066309_9;I;7600;0;0;9500;1200;2935
P179066309;P179066309_10;J;7600;1240;0;9500;2440;2935
P179066309;P179066309_11;K;9500;1240;0;11400;2440;2935
P179066309;P179066309_12;L;9500;0;0;11400;1200;2935
P179066309;P179066309_13;M;11400;0;0;13300;1200;2935
P179066309;P179066309_14;N;11400;1240;0;13300;2440;2935
P179066303;P179066303_1;A;0;0;0;1900;1200;2935
P179066303;P179066303_2;B;0;1240;0;1900;2440;2935
P179066303;P179066303_3;C;1900;1240;0;3800;2440;2935
P179066303;P179066303_4;D;1900;0;0;3800;1200;2935
P179066303;P179066303_5;E;3800;0;0;5700;1200;2935
P179066303;P179066303_6;F;3800;1240;0;5700;2440;2935
P179066303;P179066303_7;G;5700;1660;0;6270;2440;909
P179066303;P179066303_8;H;5700;0;0;7600;1200;2935
P179066303;P179066303_9;I;6270;1240;0;8170;2440;2935
P179066303;P179066303_10;J;7600;0;0;9500;1200;2935
P179066303;P179066303_11;K;8170;1240;0;10070;2440;2935
P179066303;P179066303_12;L;9500;0;0;11400;1200;2935
P179066303;P179066303_13;M;10070;1240;0;11970;2440;2935
P179066303;P179066303_14;N;11400;0;0;13300;1200;2935
P179066307;P179066307_1;A;0;0;0;1900;1200;2935
P179066307;P179066307_2;B;0;1240;0;1900;2440;2935
P179066307;P179066307_3;C;1900;1240;0;3800;2440;2935
P179066307;P179066307_4;D;1900;0;0;3800;1200;2935
P179066307;P179066307_5;E;3800;0;0;5700;1200;2935
P179066307;P179066307_6;F;3800;1240;0;5700;2440;2935
P179066307;P179066307_7;G;5700;1240;0;7600;2440;2935
P179066307;P179066307_8;H;5700;0;0;7600;1200;2935
P179066307;P179066307_9;I;7600;0;0;9500;1200;2935
P179066307;P179066307_10;J;7600;1240;0;9500;2440;2935
P179066307;P179066307_11;K;9500;1240;0;11400;2440;2935
P179066307;P179066307_12;L;9500;0;0;11400;1200;1490
P179066307;P179066307_13;M;11400;0;0;12410;1206;285
P178066309;P178066309_1;A;0;0;0;1900;1200;2935
P178066309;P178066309_2;B;0;1240;0;1900;2440;2935
P178066309;P178066309_3;C;1900;1240;0;3800;2440;2935
P178066309;P178066309_4;D;1900;0;0;3800;1200;2935
P178066309;P178066309_5;E;3800;0;0;5700;1200;2935
P178066309;P178066309_6;F;3800;1240;0;5700;2440;2935
P178066309;P178066309_7;G;5700;1240;0;7600;2440;2935
P178066309;P178066309_8;H;5700;0;0;7600;1200;2935
P178066309;P178066309_9;I;7600;0;0;9500;1200;2935
P178066309;P178066309_10;J;7600;1240;0;9500;2440;2935
P178066309;P178066309_11;K;9500;1240;0;11400;2440;2935
P178066309;P178066309_12;L;9500;0;0;11400;1200;2935
P178066309;P178066309_13;M;11400;0;0;13300;1200;2935
P178066309;P178066309_14;N;11400;1240;0;13300;2440;2935
P178066303;P178066303_1;A;0;0;0;1900;1200;2935
P178066303;P178066303_2;B;0;1240;0;1900;2440;2935
P178066303;P178066303_3;C;1900;1240;0;3800;2440;2935
P178066303;P178066303_4;D;1900;0;0;3800;1200;2935
P178066303;P178066303_5;E;3800;0;0;5700;1200;2935
P178066303;P178066303_6;F;3800;1240;0;5700;2440;2935
P178066303;P178066303_7;G;5700;1240;0;7600;2440;2935
P178066303;P178066303_8;H;5700;0;0;6270;780;478
P178066303;P178066303_9;I;6270;0;0;8170;1200;2935
P178066303;P178066303_10;J;7600;1240;0;9500;2440;2935
P178066303;P178066303_11;K;8170;0;0;10070;1200;2935
P178066303;P178066303_12;L;9500;1240;0;11400;2440;2935
P178066303;P178066303_13;M;10070;0;0;11970;1200;2935
P178066303;P178066303_14;N;11400;1240;0;13300;2440;2935
P178066305;P178066305_1;A;0;0;0;1900;1200;2935
P178066305;P178066305_2;B;0;1240;0;1900;2440;2935
P178066305;P178066305_3;C;1900;1240;0;3800;2440;2935
P178066305;P178066305_4;D;1900;0;0;3800;1200;2935
P178066305;P178066305_5;E;3800;0;0;4370;780;909
P178066305;P178066305_6;F;3800;1240;0;5700;2440;2935
P178066305;P178066305_7;G;4370;0;0;6270;1200;2935
P178066305;P178066305_8;H;5700;1240;0;7600;2440;2935
P178066305;P178066305_9;I;6270;0;0;8170;1200;2935
P178066305;P178066305_10;J;7600;1240;0;9500;2440;2935
P178066305;P178066305_11;K;8170;0;0;10070;1200;2935
P178066305;P178066305_12;L;9500;1240;0;11400;2440;2935
P178066305;P178066305_13;M;10070;0;0;11970;1200;2935
P178066305;P178066305_14;N;11400;1240;0;13300;2440;1490
P177066309;P177066309_1;A;0;0;0;1900;1200;2935
P177066309;P177066309_2;B;0;1240;0;1900;2440;2935
P177066309;P177066309_3;C;1900;1240;0;3800;2440;2935
P177066309;P177066309_4;D;1900;0;0;3800;1200;2935
P177066309;P177066309_5;E;3800;0;0;5700;1200;2935
P177066309;P177066309_6;F;3800;1240;0;5700;2440;2935
P177066309;P177066309_7;G;5700;1240;0;7600;2440;2935
P177066309;P177066309_8;H;5700;0;0;7600;1200;2935
P177066309;P177066309_9;I;7600;0;0;9500;1200;2935
P177066309;P177066309_10;J;7600;1240;0;9500;2440;2935
P177066309;P177066309_11;K;9500;1240;0;11400;2440;2935
P177066309;P177066309_12;L;9500;0;0;11400;1200;2935
P177066309;P177066309_13;M;11400;0;0;13300;1200;2935
P177066309;P177066309_14;N;11400;1240;0;13300;2440;2935
P177066303;P177066303_1;A;0;0;0;1900;1200;2935
P177066303;P177066303_2;B;0;1200;0;1900;2400;2935
P177066303;P177066303_3;C;1900;1240;0;3800;2440;2935
P177066303;P177066303_4;D;1900;0;0;3800;1200;2935
P177066303;P177066303_5;E;3800;1240;0;5700;2440;2935
P177066303;P177066303_6;F;3800;0;0;5700;1200;2935
P177066303;P177066303_7;G;5700;0;0;7600;1200;2935
P177066303;P177066303_8;H;5700;1240;0;7600;2440;2935
P177066303;P177066303_9;I;7600;1240;0;9500;2440;2935
P177066303;P177066303_10;J;7600;0;0;9500;1200;2935
P177066303;P177066303_11;K;9500;0;0;10070;780;478
P177066303;P177066303_12;L;9500;1240;0;11400;2440;2935
P177066303;P177066303_13;M;10070;0;0;11970;1200;2935
P177066303;P177066303_14;N;11400;1240;0;13300;2440;2935
P175066307;P175066307_1;A;0;0;0;1900;1200;2935
P175066307;P175066307_2;B;0;1200;0;1900;2400;2935
P175066307;P175066307_3;C;1900;1240;0;3800;2440;2935
P175066307;P175066307_4;D;1900;0;0;3800;1200;2935
P175066307;P175066307_5;E;3800;0;0;5700;1200;2935
P175066307;P175066307_6;F;3800;1240;0;5700;2440;2935
P175066307;P175066307_7;G;5700;1240;0;7600;2440;2935
P175066307;P175066307_8;H;5700;0;0;7600;1200;2935
P175066307;P175066307_9;I;7600;0;0;9500;1200;2935
P175066307;P175066307_10;J;7600;1240;0;9500;2440;2935
P175066307;P175066307_11;K;9500;1240;0;11400;2440;2935
P175066307;P175066307_12;L;9500;0;0;11400;1200;2935
P175066307;P175066307_13;M;11400;0;0;13300;1200;2935
P175066307;P175066307_14;N;11400;1240;0;13300;2440;2935
P174066309;P174066309_1;A;0;0;0;570;780;1340
P174066309;P174066309_2;B;0;1240;0;1900;2440;2935
P174066309;P174066309_3;C;570;0;0;2470;1200;2935
P174066309;P174066309_4;D;1900;1240;0;3800;2440;2935
P174066309;P174066309_5;E;2470;0;0;4370;1200;2935
P174066309;P174066309_6;F;3800;1240;0;5700;2440;2935
P174066309;P174066309_7;G;4370;0;0;6270;1200;2935
P174066309;P174066309_8;H;5700;1240;0;7600;2440;2935
P174066309;P174066309_9;I;6270;0;0;8170;1200;2935
P174066309;P174066309_10;J;7600;1240;0;9500;2440;2935
P174066309;P174066309_11;K;8170;0;0;10070;1200;2935
P174066309;P174066309_12;L;9500;1240;0;11400;2440;2935
P174066309;P174066309_13;M;10070;0;0;11970;1200;2935
P174066309;P174066309_14;N;11400;1240;0;13300;2440;2935
P174066305;P174066305_1;A;0;0;0;1900;1200;2935
P174066305;P174066305_2;B;0;1240;0;1900;2440;2935
P174066305;P174066305_3;C;1900;1240;0;3800;2440;2935
P174066305;P174066305_4;D;1900;0;0;3800;1200;2935
P174066305;P174066305_5;E;3800;0;0;5700;1200;2935
P174066305;P174066305_6;F;3800;1240;0;5700;2440;2935
P174066305;P174066305_7;G;5700;1240;0;7600;2440;2935
P174066305;P174066305_8;H;5700;0;0;7600;1200;2935
P174066305;P174066305_9;I;7600;0;0;9500;1200;2935
P174066305;P174066305_10;J;7600;1240;0;9500;2440;2935
P174066305;P174066305_11;K;9500;1240;0;11400;2440;2935
P174066305;P174066305_12;L;9500;0;0;11400;1200;2935
P174066305;P174066305_13;M;11400;0;0;13300;1200;2935
P174066305;P174066305_14;N;11400;1240;0;13300;2440;2935
P173066309;P173066309_1;A;0;0;0;1900;1200;2935
P173066309;P173066309_2;B;0;1240;0;1900;2440;2935
P173066309;P173066309_3;C;1900;1240;0;3800;2440;2935
P173066309;P173066309_4;D;1900;0;0;3800;1200;2935
P173066309;P173066309_5;E;3800;0;0;5700;1200;2935
P173066309;P173066309_6;F;3800;1240;0;5700;2440;2935
P173066309;P173066309_7;G;5700;1240;0;7600;2440;2935
P173066309;P173066309_8;H;5700;0;0;7600;1200;2935
P173066309;P173066309_9;I;7600;0;0;9500;1200;2935
P173066309;P173066309_10;J;7600;1660;0;8170;2440;909
P173066309;P173066309_11;K;8170;1240;0;10070;2440;2935
P173066309;P173066309_12;L;9500;0;0;11400;1200;2935
P173066309;P173066309_13;M;10070;1240;0;11970;2440;2935
P173066309;P173066309_14;N;11400;0;0;13300;1200;2935
P173066303;P173066303_1;A;0;0;0;1900;1200;2935
P173066303;P173066303_2;B;0;1240;0;1900;2440;2935
P173066303;P173066303_3;C;1900;1240;0;3800;2440;2935
P173066303;P173066303_4;D;1900;0;0;3800;1200;2935
P173066303;P173066303_5;E;3800;0;0;5700;1200;2935
P173066303;P173066303_6;F;3800;1240;0;5700;2440;2935
P173066303;P173066303_7;G;5700;1240;0;7600;2440;2935
P173066303;P173066303_8;H;5700;0;0;7600;1200;2935
P173066303;P173066303_9;I;7600;0;0;9500;1200;2935
P173066303;P173066303_10;J;7600;1240;0;9500;2440;2935
P173066303;P173066303_11;K;9500;1240;0;11400;2440;2935
P173066303;P173066303_12;L;9500;0;0;11400;1200;2935
P173066303;P173066303_13;M;11400;0;0;13300;1200;2935
P173066303;P173066303_14;N;11400;1240;0;13300;2440;2935
P173066305;P173066305_1;A;0;0;0;1900;1200;2935
P173066305;P173066305_2;B;0;1200;0;1900;2400;2935
P173066305;P173066305_3;C;1900;1240;0;3800;2440;2935
P173066305;P173066305_4;D;1900;0;0;3800;1200;2935
P173066305;P173066305_5;E;3800;1240;0;5700;2440;2935
P173066305;P173066305_6;F;3800;0;0;5700;1200;2935
P173066305;P173066305_7;G;5700;0;0;7600;1200;2935
P173066305;P173066305_8;H;5700;1240;0;7600;2440;2935
P173066305;P173066305_9;I;7600;1240;0;9500;2440;2935
P173066305;P173066305_10;J;7600;0;0;9500;1200;2935
P173066305;P173066305_11;K;9500;0;0;11400;1200;2935
P173066305;P173066305_12;L;9500;1240;0;11400;2440;2935
P173066305;P173066305_13;M;11400;1240;0;13300;2440;2935
P173066305;P173066305_14;N;11400;0;0;13300;1200;2935
P172066309;P172066309_1;A;0;0;0;1900;1200;2935
P172066309;P172066309_2;B;0;1240;0;1900;2440;2935
P172066309;P172066309_3;C;1900;1240;0;3800;2440;2935
P172066309;P172066309_4;D;1900;0;0;3800;1200;2935
P172066309;P172066309_5;E;3800;0;0;5700;1200;2935
P172066309;P172066309_6;F;3800;1240;0;5700;2440;2935
P172066309;P172066309_7;G;5700;1240;0;7600;2440;2935
P172066309;P172066309_8;H;5700;0;0;7600;1200;2935
P172066309;P172066309_9;I;7600;0;0;8170;780;1340
P172066309;P172066309_10;J;7600;1240;0;9500;2440;2935
P172066309;P172066309_11;K;8170;0;0;10070;1200;2935
P172066309;P172066309_12;L;9500;1240;0;11400;2440;2935
P172066309;P172066309_13;M;10070;0;0;11970;1200;2935
P172066309;P172066309_14;N;11400;1240;0;13300;2440;2935
P172066303;P172066303_1;A;0;0;0;1900;1200;2935
P172066303;P172066303_2;B;0;1240;0;1900;2440;2935
P172066303;P172066303_3;C;1900;1240;0;3800;2440;2935
P172066303;P172066303_4;D;1900;0;0;3800;1200;2935
P172066303;P172066303_5;E;3800;0;0;5700;1200;2935
P172066303;P172066303_6;F;3800;1240;0;5700;2440;2935
P172066303;P172066303_7;G;5700;1240;0;7600;2440;2935
P172066303;P172066303_8;H;5700;0;0;7600;1200;2935
P172066303;P172066303_9;I;7600;0;0;9500;1200;2935
P172066303;P172066303_10;J;7600;1240;0;9500;2440;2935
P172066303;P172066303_11;K;9500;1240;0;11400;2440;2935
P172066303;P172066303_12;L;9500;0;0;11400;1200;2935
P172066303;P172066303_13;M;11400;0;0;13300;1200;2935
P172066303;P172066303_14;N;11400;1240;0;13300;2440;2935
P172066307;P172066307_1;A;0;0;0;1900;1200;2935
P172066307;P172066307_2;B;0;1200;0;1900;2400;2935
P172066307;P172066307_3;C;1900;1240;0;3800;2440;2935
P172066307;P172066307_4;D;1900;0;0;3800;1200;2935
P172066307;P172066307_5;E;3800;1240;0;5700;2440;2935
P172066307;P172066307_6;F;3800;0;0;5700;1200;2935
P172066307;P172066307_7;G;5700;0;0;7600;1200;2935
P172066307;P172066307_8;H;5700;1240;0;7600;2440;2935
P172066307;P172066307_9;I;7600;1240;0;9500;2440;2935
P172066307;P172066307_10;J;7600;0;0;9500;1200;2935
P172066307;P172066307_11;K;9500;0;0;11400;1200;2935
P172066307;P172066307_12;L;9500;1240;0;11400;2440;2935
P172066307;P172066307_13;M;11400;1240;0;13300;2440;2935
P172066307;P172066307_14;N;11400;0;0;12410;1206;285
P171066309;P171066309_1;A;0;0;0;1900;1200;2935
P171066309;P171066309_2;B;0;1200;0;1900;2400;2935
P171066309;P171066309_3;C;1900;1240;0;3800;2440;2935
P171066309;P171066309_4;D;1900;0;0;3800;1200;2935
P171066309;P171066309_5;E;3800;0;0;5700;1200;2935
P171066309;P171066309_6;F;3800;1240;0;5700;2440;2935
P171066309;P171066309_7;G;5700;1240;0;7600;2440;2935
P171066309;P171066309_8;H;5700;0;0;7600;1200;2935
P171066309;P171066309_9;I;7600;0;0;9500;1200;2935
P171066309;P171066309_10;J;7600;1240;0;9500;2440;2935
P171066309;P171066309_11;K;9500;1240;0;11400;2440;2935
P171066309;P171066309_12;L;9500;0;0;11400;1200;2935
P171066309;P171066309_13;M;11400;0;0;13300;1200;2935
P171066309;P171066309_14;N;11400;1240;0;13300;2440;2935
P171066303;P171066303_1;A;0;0;0;1900;1200;2935
P171066303;P171066303_2;B;0;1240;0;1900;2440;2935
P171066303;P171066303_3;C;1900;1240;0;3800;2440;2935
P171066303;P171066303_4;D;1900;0;0;3800;1200;2935
P171066303;P171066303_5;E;3800;0;0;5700;1200;2935
P171066303;P171066303_6;F;3800;1240;0;5700;2440;2935
P171066303;P171066303_7;G;5700;1240;0;7600;2440;2935
P171066303;P171066303_8;H;5700;0;0;7600;1200;2935
P171066303;P171066303_9;I;7600;0;0;9500;1200;2935
P171066303;P171066303_10;J;7600;1240;0;9500;2440;2935
P171066303;P171066303_11;K;9500;1240;0;11400;2440;2935
P171066303;P171066303_12;L;9500;0;0;11400;1200;2935
P171066303;P171066303_13;M;11400;0;0;13300;1200;2935
P171066303;P171066303_14;N;11400;1240;0;13300;2440;2935
P171066305;P171066305_1;A;0;0;0;570;780;909
P171066305;P171066305_2;B;0;1240;0;1900;2440;2935
P171066305;P171066305_3;C;570;0;0;2470;1200;2935
P171066305;P171066305_4;D;1900;1240;0;3800;2440;2935
P171066305;P171066305_5;E;2470;0;0;4370;1200;2935
P171066305;P171066305_6;F;3800;1240;0;5700;2440;2935
P171066305;P171066305_7;G;4370;0;0;6270;1200;2935
P171066305;P171066305_8;H;5700;1240;0;7600;2440;2935
P171066305;P171066305_9;I;6270;0;0;8170;1200;2935
P171066305;P171066305_10;J;7600;1240;0;9500;2440;2935
P171066305;P171066305_11;K;8170;0;0;10070;1200;2935
P171066305;P171066305_12;L;9500;1240;0;11400;2440;2935
P171066305;P171066305_13;M;10070;0;0;11970;1200;2935
P171066305;P171066305_14;N;11400;1240;0;13300;2440;2935
P170066309;P170066309_1;A;0;0;0;1900;1200;2935
P170066309;P170066309_2;B;0;1200;0;1900;2400;2935
P170066309;P170066309_3;C;1900;1240;0;3800;2440;2935
P170066309;P170066309_4;D;1900;0;0;3800;1200;2935
P170066309;P170066309_5;E;3800;0;0;5700;1200;2935
P170066309;P170066309_6;F;3800;1240;0;5700;2440;2935
P170066309;P170066309_7;G;5700;1240;0;7600;2440;2935
P170066309;P170066309_8;H;5700;0;0;7600;1200;2935
P170066309;P170066309_9;I;7600;0;0;9500;1200;2935
P170066309;P170066309_10;J;7600;1240;0;9500;2440;2935
P170066309;P170066309_11;K;9500;1240;0;11400;2440;2935
P170066309;P170066309_12;L;9500;0;0;11400;1200;2935
P170066309;P170066309_13;M;11400;0;0;13300;1200;2935
P170066309;P170066309_14;N;11400;1240;0;13300;2440;2935
P170066303;P170066303_1;A;0;0;0;570;780;1340
P170066303;P170066303_2;B;0;1240;0;1900;2440;2935
P170066303;P170066303_3;C;570;0;0;2470;1200;2935
P170066303;P170066303_4;D;1900;1240;0;3800;2440;2935
P170066303;P170066303_5;E;2470;0;0;4370;1200;2935
P170066303;P170066303_6;F;3800;1240;0;5700;2440;2935
P170066303;P170066303_7;G;4370;0;0;6270;1200;2935
P170066303;P170066303_8;H;5700;1240;0;7600;2440;2935
P170066303;P170066303_9;I;6270;0;0;8170;1200;2935
P170066303;P170066303_10;J;7600;1240;0;9500;2440;2935
P170066303;P170066303_11;K;8170;0;0;10070;1200;2935
P170066303;P170066303_12;L;9500;1240;0;11400;2440;2935
P170066303;P170066303_13;M;10070;0;0;11970;1200;2935
P170066303;P170066303_14;N;11400;1240;0;13300;2440;2935
P168066307;P168066307_1;A;0;0;0;1900;1200;2935
P168066307;P168066307_2;B;0;1240;0;1900;2440;2935
P168066307;P168066307_3;C;1900;1240;0;3800;2440;2935
P168066307;P168066307_4;D;1900;0;0;3800;1200;2935
P168066307;P168066307_5;E;3800;0;0;5700;1200;2935
P168066307;P168066307_6;F;3800;1240;0;5700;2440;2935
P168066307;P168066307_7;G;5700;1240;0;7600;2440;2935
P168066307;P168066307_8;H;5700;0;0;7600;1200;2935
P168066307;P168066307_9;I;7600;0;0;9500;1200;2935
P168066307;P168066307_10;J;7600;1240;0;9500;2440;2935
P168066307;P168066307_11;K;9500;1240;0;11400;2440;2935
P168066307;P168066307_12;L;9500;0;0;11400;1200;2935
P168066307;P168066307_13;M;11400;0;0;13300;1200;2935
P168066307;P168066307_14;N;11400;1240;0;13300;2440;2935
P167066309;P167066309_1;A;0;0;0;1900;1200;2935
P167066309;P167066309_2;B;0;1240;0;1900;2440;2935
P167066309;P167066309_3;C;1900;1240;0;3800;2440;2935
P167066309;P167066309_4;D;1900;0;0;3800;1200;2935
P167066309;P167066309_5;E;3800;0;0;5700;1200;2935
P167066309;P167066309_6;F;3800;1240;0;5700;2440;2935
P167066309;P167066309_7;G;5700;1240;0;7600;2440;2935
P167066309;P167066309_8;H;5700;0;0;7600;1200;2935
P167066309;P167066309_9;I;7600;0;0;9500;1200;2935
P167066309;P167066309_10;J;7600;1240;0;9500;2440;2935
P167066309;P167066309_11;K;9500;1240;0;11400;2440;2935
P167066309;P167066309_12;L;9500;0;0;11400;1200;2935
P167066309;P167066309_13;M;11400;0;0;13300;1200;2935
P167066309;P167066309_14;N;11400;1240;0;13300;2440;2935
P167066303;P167066303_1;A;0;0;0;1900;1200;2935
P167066303;P167066303_2;B;0;1240;0;1900;2440;2935
P167066303;P167066303_3;C;1900;1240;0;3800;2440;2935
P167066303;P167066303_4;D;1900;0;0;3800;1200;2935
P167066303;P167066303_5;E;3800;0;0;5700;1200;2935
P167066303;P167066303_6;F;3800;1240;0;5700;2440;2935
P167066303;P167066303_7;G;5700;1240;0;7600;2440;2935
P167066303;P167066303_8;H;5700;0;0;7600;1200;2935
P167066303;P167066303_9;I;7600;0;0;9500;1200;2935
P167066303;P167066303_10;J;7600;1240;0;9500;2440;2935
P167066303;P167066303_11;K;9500;1240;0;11400;2440;2935
P167066303;P167066303_12;L;9500;0;0;10070;780;478
P167066303;P167066303_13;M;10070;0;0;11970;1200;2935
P167066303;P167066303_14;N;11400;1240;0;13300;2440;2935
P167066305;P167066305_1;A;0;0;0;1900;1200;2935
P167066305;P167066305_2;B;0;1240;0;1900;2440;2935
P167066305;P167066305_3;C;1900;1240;0;3800;2440;2935
P167066305;P167066305_4;D;1900;0;0;3800;1200;2935
P167066305;P167066305_5;E;3800;0;0;5700;1200;2935
P167066305;P167066305_6;F;3800;1240;0;5700;2440;2935
P167066305;P167066305_7;G;5700;1240;0;7600;2440;2935
P167066305;P167066305_8;H;5700;0;0;7600;1200;2935
P167066305;P167066305_9;I;7600;0;0;9500;1200;2935
P167066305;P167066305_10;J;7600;1240;0;9500;2440;2935
P167066305;P167066305_11;K;9500;1240;0;11400;2440;2935
P167066305;P167066305_12;L;9500;0;0;11400;1200;2935
P167066305;P167066305_13;M;11400;0;0;13300;1200;2935
P167066305;P167066305_14;N;11400;1240;0;13300;2440;2935
P166066309;P166066309_1;A;0;0;0;1900;1200;2935
P166066309;P166066309_2;B;0;1200;0;1900;2400;2935
P166066309;P166066309_3;C;1900;1240;0;3800;2440;2935
P166066309;P166066309_4;D;1900;0;0;3800;1200;2935
P166066309;P166066309_5;E;3800;0;0;5700;1200;2935
P166066309;P166066309_6;F;3800;1660;0;4370;2440;909
P166066309;P166066309_7;G;4370;1240;0;6270;2440;2935
P166066309;P166066309_8;H;5700;0;0;7600;1200;2935
P166066309;P166066309_9;I;6270;1240;0;8170;2440;2935
P166066309;P166066309_10;J;7600;0;0;9500;1200;2935
P166066309;P166066309_11;K;8170;1240;0;10070;2440;2935
P166066309;P166066309_12;L;9500;0;0;11400;1200;2935
P166066309;P166066309_13;M;10070;1240;0;11970;2440;2935
P166066309;P166066309_14;N;11400;0;0;13300;1200;2935
P166066303;P166066303_1;A;0;0;0;1900;1200;2935
P166066303;P166066303_2;B;0;1240;0;1900;2440;2935
P166066303;P166066303_3;C;1900;1240;0;3800;2440;2935
P166066303;P166066303_4;D;1900;0;0;3800;1200;2935
P166066303;P166066303_5;E;3800;0;0;5700;1200;2935
P166066303;P166066303_6;F;3800;1240;0;5700;2440;2935
P166066303;P166066303_7;G;5700;1240;0;7600;2440;2935
P166066303;P166066303_8;H;5700;0;0;7600;1200;2935
P166066303;P166066303_9;I;7600;0;0;9500;1200;2935
P166066303;P166066303_10;J;7600;1240;0;9500;2440;2935
P166066303;P166066303_11;K;9500;1240;0;11400;2440;2935
P166066303;P166066303_12;L;9500;0;0;11400;1200;2935
P166066303;P166066303_13;M;11400;0;0;13300;1200;2935
P166066303;P166066303_14;N;11400;1240;0;13300;2440;2935
P166066305;P166066305_1;A;0;0;0;1900;1200;2935
P166066305;P166066305_2;B;0;1240;0;1900;2440;2935
P166066305;P166066305_3;C;1900;1240;0;3800;2440;2935
P166066305;P166066305_4;D;1900;0;0;3800;1200;2935
P166066305;P166066305_5;E;3800;0;0;5700;1200;2935
P166066305;P166066305_6;F;3800;1240;0;5700;2440;2935
P166066305;P166066305_7;G;5700;1240;0;7600;2440;2935
P166066305;P166066305_8;H;5700;0;0;7600;1200;2935
P166066305;P166066305_9;I;7600;0;0;9500;1200;2935
P166066305;P166066305_10;J;7600;1240;0;9500;2440;2935
P166066305;P166066305_11;K;9500;1240;0;11400;2440;2935
P166066305;P166066305_12;L;9500;0;0;11400;1200;2935
P166066305;P166066305_13;M;11400;0;0;13300;1200;2935
P166066305;P166066305_14;N;11400;1240;0;13300;2440;2935
P165066309;P165066309_1;A;0;0;0;1900;1200;2935
P165066309;P165066309_2;B;0;1200;0;1900;2400;2935
P165066309;P165066309_3;C;1900;1240;0;3800;2440;2935
P165066309;P165066309_4;D;1900;0;0;3800;1200;2935
P165066309;P165066309_5;E;3800;1660;0;4370;2440;478
P165066309;P165066309_6;F;3800;0;0;5700;1200;2935
P165066309;P165066309_7;G;4370;1240;0;6270;2440;2935
P165066309;P165066309_8;H;5700;0;0;7600;1200;2935
P165066309;P165066309_9;I;6270;1240;0;8170;2440;2935
P165066309;P165066309_10;J;7600;0;0;9500;1200;2935
P165066309;P165066309_11;K;8170;1240;0;10070;2440;2935
P165066309;P165066309_12;L;9500;0;0;11400;1200;2935
P165066309;P165066309_13;M;10070;1240;0;11970;2440;2935
P165066309;P165066309_14;N;11400;0;0;13300;1200;2935
Q165066309_1;Q165066309_1_1;A;0;0;0;1900;1200;2935
Q165066309_1;Q165066309_1_2;B;0;1240;0;1900;2440;2935
Q165066309_1;Q165066309_1_3;C;1900;1240;0;3800;2440;2935
Q165066309_1;Q165066309_1_4;D;1900;0;0;3800;1200;2935
Q165066309_1;Q165066309_1_5;E;3800;0;0;5700;1200;2935
Q165066309_1;Q165066309_1_6;F;3800;1240;0;5700;2440;2935
Q165066309_1;Q165066309_1_7;G;5700;1240;0;7600;2440;2935
Q165066309_1;Q165066309_1_8;H;5700;0;0;7600;1200;2935
Q165066309_1;Q165066309_1_9;I;7600;0;0;9500;1200;2935
Q165066309_1;Q165066309_1_10;J;7600;1240;0;9500;2440;2935
Q165066309_1;Q165066309_1_11;K;9500;1240;0;11400;2440;2935
Q165066309_1;Q165066309_1_12;L;9500;0;0;11400;1200;2935
Q165066309_1;Q165066309_1_13;M;11400;0;0;13300;1200;2935
P240215303;P240215303_1;A;0;0;0;1000;1200;2835
P240215303;P240215303_2;B;0;1240;0;1000;2440;2835
P240215303;P240215303_3;C;1000;1240;0;2000;2440;2835
P240215303;P240215303_4;D;1000;0;0;2000;1200;2835
P240215303;P240215303_5;E;2000;0;0;3000;1200;2835
P240215303;P240215303_6;F;2000;1240;0;3000;2440;2835
P240215303;P240215303_7;G;3000;1240;0;4000;2440;2835
P240215303;P240215303_8;H;3000;0;0;4000;1200;2835
P240215303;P240215303_9;I;4000;0;0;5000;1200;2835
P240215303;P240215303_10;J;4000;1240;0;5000;2440;2835
P240215303;P240215303_11;K;5000;1240;0;6000;2440;2835
P240215303;P240215303_12;L;5000;0;0;6000;1200;2835
P240215303;P240215303_13;M;6000;0;0;7000;1200;2835
P240215303;P240215303_14;N;6000;1240;0;7000;2440;2835
P240215303;P240215303_15;O;7000;1240;0;8000;2440;2835
P240215303;P240215303_16;P;7000;0;0;8000;1200;2835
P240215303;P240215303_17;Q;8000;0;0;9000;1200;2835
P240215303;P240215303_18;R;8000;1240;0;9000;2440;2835
P240215303;P240215303_19;S;9000;1240;0;10000;2440;2835
P240215303;P240215303_20;T;9000;0;0;10000;1200;2835
P240215303;P240215303_21;U;10000;0;0;11000;1200;2835
P240215303;P240215303_22;V;10000;1240;0;11000;2440;2835
P240215303;P240215303_23;W;11000;1240;0;12000;2440;2835
P240215303;P240215303_24;X;11000;0;0;12000;1200;2835
P240215303;P240215303_25;Y;12000;0;0;13200;1000;2835
P240215303;P240215303_26;Z;12000;1240;0;13000;2440;2835
Q240215303_1;Q240215303_1_1;A;0;0;0;1000;1200;2835
Q240215303_1;Q240215303_1_2;B;0;1240;0;1000;2440;2835
Q240215303_1;Q240215303_1_3;C;1000;1240;0;2000;2440;2835
Q240215303_1;Q240215303_1_4;D;1000;0;0;2000;1200;2835
Q240215303_1;Q240215303_1_5;E;2000;0;0;3000;1200;2835
Q240215303_1;Q240215303_1_6;F;2000;1240;0;3000;2440;2835
Q240215303_1;Q240215303_1_7;G;3000;1240;0;4000;2440;2835
Q240215303_1;Q240215303_1_8;H;3000;0;0;4000;1200;2835
Q240215303_1;Q240215303_1_9;I;4000;0;0;5000;1200;2835
Q240215303_1;Q240215303_1_10;J;4000;1240;0;5000;2440;2835
Q240215303_1;Q240215303_1_11;K;5000;1240;0;6000;2440;2835
Q240215303_1;Q240215303_1_12;L;5000;0;0;6000;1200;2835
Q240215303_1;Q240215303_1_13;M;6000;0;0;7000;1200;2835
Q240215303_1;Q240215303_1_14;N;6000;1240;0;7000;2440;2835
Q240215303_1;Q240215303_1_15;O;7000;1240;0;8000;2440;2835
Q240215303_1;Q240215303_1_16;P;7000;0;0;8000;1200;2835
Q240215303_1;Q240215303_1_17;Q;8000;0;0;9000;1200;2835
Q240215303_1;Q240215303_1_18;R;8000;1240;0;9000;2440;2835
Q240215303_1;Q240215303_1_19;S;9000;1240;0;10000;2440;2835
Q240215303_1;Q240215303_1_20;T;9000;0;0;10000;1200;2835
Q240215303_1;Q240215303_1_21;U;10000;0;0;11000;1200;2835
Q240215303_1;Q240215303_1_22;V;10000;1240;0;11000;2440;2835
Q240215303_1;Q240215303_1_23;W;11000;1240;0;12000;2440;2835
Q240215303_1;Q240215303_1_24;X;11000;0;0;12000;1200;2835
Q240215303_1;Q240215303_1_25;Y;12000;0;0;13200;1000;2835
Q240215303_1;Q240215303_1_26;Z;12000;1240;0;13000;2440;2835
P209215303;P209215303_1;A;0;0;0;1000;1200;2835
P209215303;P209215303_2;B;0;1240;0;1000;2440;2835
P209215303;P209215303_3;C;1000;1240;0;2000;2440;2835
P209215303;P209215303_4;D;1000;0;0;2000;1200;2835
P209215303;P209215303_5;E;2000;0;0;3000;1200;2835
P209215303;P209215303_6;F;2000;1240;0;3000;2440;2835
P209215303;P209215303_7;G;3000;1240;0;4000;2440;2835
P209215303;P209215303_8;H;3000;0;0;4000;1200;2835
P209215303;P209215303_9;I;4000;0;0;5000;1200;2835
P209215303;P209215303_10;J;4000;1240;0;5000;2440;2835
P209215303;P209215303_11;K;5000;1240;0;6000;2440;2835
P209215303;P209215303_12;L;5000;0;0;6000;1200;2835
P209215303;P209215303_13;M;6000;0;0;7000;1200;2835
P209215303;P209215303_14;N;6000;1240;0;7000;2440;2835
P209215303;P209215303_15;O;7000;1240;0;8000;2440;2835
P209215303;P209215303_16;P;7000;0;0;8000;1200;2835
P209215303;P209215303_17;Q;8000;0;0;9000;1200;2835
P209215303;P209215303_18;R;8000;1240;0;9000;2440;2835
P209215303;P209215303_19;S;9000;1240;0;10000;2440;2835
P209215303;P209215303_20;T;9000;0;0;10000;1200;2835
P209215303;P209215303_21;U;10000;0;0;11000;1200;2835
P209215303;P209215303_22;V;10000;1240;0;11000;2440;2835
P209215303;P209215303_23;W;11000;1240;0;12000;2440;2835
P209215303;P209215303_24;X;11000;0;0;12000;1200;2835
P209215303;P209215303_25;Y;12000;0;0;13200;1000;2835
P209215303;P209215303_26;Z;12000;1240;0;13000;2440;2835
P208215307;P208215307_1;A;0;0;0;1000;1200;2835
P208215307;P208215307_2;B;0;1240;0;1000;2440;2835
P208215307;P208215307_3;C;1000;1240;0;2000;2440;2835
P208215307;P208215307_4;D;1000;0;0;2000;1200;2835
P208215307;P208215307_5;E;2000;0;0;3000;1200;2835
P208215307;P208215307_6;F;2000;1240;0;3000;2440;2835
P208215307;P208215307_7;G;3000;1240;0;4000;2440;2835
P208215307;P208215307_8;H;3000;0;0;4000;1200;2835
P208215307;P208215307_9;I;4000;0;0;5000;1200;2835
P208215307;P208215307_10;J;4000;1240;0;5000;2440;2835
P208215307;P208215307_11;K;5000;1240;0;6000;2440;2835
P208215307;P208215307_12;L;5000;0;0;6000;1200;2835
P208215307;P208215307_13;M;6000;0;0;7000;1200;2835
P208215307;P208215307_14;N;6000;1240;0;7000;2440;2835
P208215307;P208215307_15;O;7000;1240;0;8000;2440;2835
P208215307;P208215307_16;P;7000;0;0;8000;1200;2835
P208215307;P208215307_17;Q;8000;0;0;9000;1200;2835
P208215307;P208215307_18;R;8000;1240;0;9000;2440;2835
P208215307;P208215307_19;S;9000;1240;0;10000;2440;2835
P208215307;P208215307_20;T;9000;0;0;10000;1200;2835
P208215307;P208215307_21;U;10000;0;0;11000;1200;2835
P208215307;P208215307_22;V;10000;1240;0;11000;2440;2835
P208215307;P208215307_23;W;11000;1240;0;12000;2440;2835
P208215307;P208215307_24;X;11000;0;0;12000;1200;2835
P208215307;P208215307_25;Y;12000;0;0;13200;1000;2835
P208215307;P208215307_26;Z;12000;1240;0;13000;2440;2835
P208215305;P208215305_1;A;0;0;0;1000;1200;2835
P208215305;P208215305_2;B;0;1240;0;1000;2440;2835
P208215305;P208215305_3;C;1000;1240;0;2000;2440;2835
P208215305;P208215305_4;D;1000;0;0;2000;1200;2835
P208215305;P208215305_5;E;2000;0;0;3000;1200;2835
P208215305;P208215305_6;F;2000;1240;0;3000;2440;2835
P208215305;P208215305_7;G;3000;1240;0;4000;2440;2835
P208215305;P208215305_8;H;3000;0;0;4000;1200;2835
P208215305;P208215305_9;I;4000;0;0;5000;1200;2835
P208215305;P208215305_10;J;4000;1240;0;5000;2440;2835
P208215305;P208215305_11;K;5000;1240;0;6000;2440;2835
P208215305;P208215305_12;L;5000;0;0;6000;1200;2835
P208215305;P208215305_13;M;6000;0;0;7000;1200;2835
P208215305;P208215305_14;N;6000;1240;0;7000;2440;2835
P208215305;P208215305_15;O;7000;1240;0;8000;2440;2835
P208215305;P208215305_16;P;7000;0;0;8000;1200;2835
P208215305;P208215305_17;Q;8000;0;0;9000;1200;2835
P208215305;P208215305_18;R;8000;1240;0;9000;2440;2835
P208215305;P208215305_19;S;9000;1240;0;10000;2440;2835
P208215305;P208215305_20;T;9000;0;0;10000;1200;2835
P208215305;P208215305_21;U;10000;0;0;11000;1200;2835
P208215305;P208215305_22;V;10000;1240;0;11000;2440;2835
P208215305;P208215305_23;W;11000;1240;0;12000;2440;2835
P208215305;P208215305_24;X;11000;0;0;12000;1200;2835
P208215305;P208215305_25;Y;12000;0;0;13200;1000;2835
P208215305;P208215305_26;Z;12000;1240;0;13000;2440;2835
P208215303;P208215303_1;A;0;0;0;1000;1200;2835
P208215303;P208215303_2;B;0;1240;0;1000;2440;2835
P208215303;P208215303_3;C;1000;1240;0;2000;2440;2835
P208215303;P208215303_4;D;1000;0;0;2000;1200;2835
P208215303;P208215303_5;E;2000;0;0;3000;1200;2835
P208215303;P208215303_6;F;2000;1240;0;3000;2440;2835
P208215303;P208215303_7;G;3000;1240;0;4000;2440;2835
P208215303;P208215303_8;H;3000;0;0;4000;1200;2835
P208215303;P208215303_9;I;4000;0;0;5000;1200;2835
P208215303;P208215303_10;J;4000;1240;0;5000;2440;2835
P208215303;P208215303_11;K;5000;1240;0;6000;2440;2835
P208215303;P208215303_12;L;5000;0;0;6000;1200;2835
P208215303;P208215303_13;M;6000;0;0;7000;1200;2835
P208215303;P208215303_14;N;6000;1240;0;7000;2440;2835
P208215303;P208215303_15;O;7000;1240;0;8000;2440;2835
P208215303;P208215303_16;P;7000;0;0;8000;1200;2835
P208215303;P208215303_17;Q;8000;0;0;9000;1200;2835
P208215303;P208215303_18;R;8000;1240;0;9000;2440;2835
P208215303;P208215303_19;S;9000;1240;0;10000;2440;2835
P208215303;P208215303_20;T;9000;0;0;10000;1200;2835
P208215303;P208215303_21;U;10000;0;0;11000;1200;2835
P208215303;P208215303_22;V;10000;1240;0;11000;2440;2835
P208215303;P208215303_23;W;11000;1240;0;12000;2440;2835
P208215303;P208215303_24;X;11000;0;0;12000;1200;2835
P208215303;P208215303_25;Y;12000;0;0;13200;1000;2835
P208215303;P208215303_26;Z;12000;1240;0;13000;2440;2835
P207215307;P207215307_1;A;0;0;0;1000;1200;2835
P207215307;P207215307_2;B;0;1240;0;1000;2440;2835
P207215307;P207215307_3;C;1000;1240;0;2000;2440;2835
P207215307;P207215307_4;D;1000;0;0;2000;1200;2835
P207215307;P207215307_5;E;2000;0;0;3000;1200;2835
P207215307;P207215307_6;F;2000;1240;0;3000;2440;2835
P207215307;P207215307_7;G;3000;1240;0;4000;2440;2835
P207215307;P207215307_8;H;3000;0;0;4000;1200;2835
P207215307;P207215307_9;I;4000;0;0;5000;1200;2835
P207215307;P207215307_10;J;4000;1240;0;5000;2440;2835
P207215307;P207215307_11;K;5000;1240;0;6000;2440;2835
P207215307;P207215307_12;L;5000;0;0;6000;1200;2835
P207215307;P207215307_13;M;6000;0;0;7000;1200;2835
P207215307;P207215307_14;N;6000;1240;0;7000;2440;2835
P207215307;P207215307_15;O;7000;1240;0;8000;2440;2835
P207215307;P207215307_16;P;7000;0;0;8000;1200;2835
P207215307;P207215307_17;Q;8000;0;0;9000;1200;2835
P207215307;P207215307_18;R;8000;1240;0;9000;2440;2835
P207215307;P207215307_19;S;9000;1240;0;10000;2440;2835
P207215307;P207215307_20;T;9000;0;0;10000;1200;2835
P207215307;P207215307_21;U;10000;0;0;11000;1200;975
P207215303;P207215303_1;A;0;0;0;1000;1200;2835
P207215303;P207215303_2;B;0;1240;0;1000;2440;2835
P207215303;P207215303_3;C;1000;1240;0;2000;2440;2835
P207215303;P207215303_4;D;1000;0;0;2000;1200;2835
P207215303;P207215303_5;E;2000;0;0;3000;1200;2835
P207215303;P207215303_6;F;2000;1240;0;3000;2440;2835
P207215303;P207215303_7;G;3000;1240;0;4000;2440;2835
P207215303;P207215303_8;H;3000;0;0;4000;1200;2835
P207215303;P207215303_9;I;4000;0;0;5000;1200;2835
P207215303;P207215303_10;J;4000;1240;0;5000;2440;2835
P207215303;P207215303_11;K;5000;1240;0;6000;2440;2835
P207215303;P207215303_12;L;5000;0;0;6000;1200;2835
P207215303;P207215303_13;M;6000;0;0;7000;1200;2835
P207215303;P207215303_14;N;6000;1240;0;7000;2440;2835
P207215303;P207215303_15;O;7000;1240;0;8000;2440;2835
P207215303;P207215303_16;P;7000;0;0;8000;1200;2835
P207215303;P207215303_17;Q;8000;0;0;9000;1200;2835
P207215303;P207215303_18;R;8000;1240;0;9000;2440;2835
P207215303;P207215303_19;S;9000;1240;0;10000;2440;2835
P207215303;P207215303_20;T;9000;0;0;10000;1200;2835
P207215303;P207215303_21;U;10000;0;0;11000;1200;2835
P207215303;P207215303_22;V;10000;1240;0;11000;2440;2835
P207215303;P207215303_23;W;11000;1240;0;12000;2440;2835
P207215303;P207215303_24;X;11000;0;0;12000;1200;2835
P207215303;P207215303_25;Y;12000;0;0;13200;1000;2835
P207215303;P207215303_26;Z;12000;1240;0;13000;2440;2835
P206215307;P206215307_1;A;0;0;0;1000;1200;2835
P206215307;P206215307_2;B;0;1240;0;1000;2440;2835
P206215307;P206215307_3;C;1000;1240;0;2000;2440;2835
P206215307;P206215307_4;D;1000;0;0;2000;1200;2835
P206215307;P206215307_5;E;2000;0;0;3000;1200;2835
P206215307;P206215307_6;F;2000;1240;0;3000;2440;2835
P206215307;P206215307_7;G;3000;1240;0;4000;2440;2835
P206215307;P206215307_8;H;3000;0;0;4000;1200;2835
P206215307;P206215307_9;I;4000;0;0;5000;1200;2835
P206215307;P206215307_10;J;4000;1240;0;5000;2440;2835
P206215307;P206215307_11;K;5000;1240;0;6000;2440;2835
P206215307;P206215307_12;L;5000;0;0;6000;1200;2835
P206215307;P206215307_13;M;6000;0;0;7000;1200;2835
P206215307;P206215307_14;N;6000;1240;0;7000;2440;2835
P206215307;P206215307_15;O;7000;1240;0;8000;2440;2835
P206215307;P206215307_16;P;7000;0;0;8000;1200;2835
P206215307;P206215307_17;Q;8000;0;0;9000;1200;2835
P206215307;P206215307_18;R;8000;1240;0;9000;2440;2835
P206215307;P206215307_19;S;9000;1240;0;10000;2440;2835
P206215307;P206215307_20;T;9000;0;0;10000;1200;2835
P206215307;P206215307_21;U;10000;0;0;11000;1200;2835
P206215307;P206215307_22;V;10000;1240;0;11000;2440;2835
P206215307;P206215307_23;W;11000;1240;0;12000;2440;2835
P206215307;P206215307_24;X;11000;0;0;12000;1200;2835
P206215307;P206215307_25;Y;12000;0;0;13200;1000;2835
P206215307;P206215307_26;Z;12000;1240;0;13000;2440;2835
P206215303;P206215303_1;A;0;0;0;1000;1200;2835
P206215303;P206215303_2;B;0;1240;0;1000;2440;2835
P206215303;P206215303_3;C;1000;1240;0;2000;2440;2835
P206215303;P206215303_4;D;1000;0;0;2000;1200;2835
P206215303;P206215303_5;E;2000;0;0;3000;1200;2835
P206215303;P206215303_6;F;2000;1240;0;3000;2440;2835
P206215303;P206215303_7;G;3000;1240;0;4000;2440;2835
P206215303;P206215303_8;H;3000;0;0;4000;1200;2835
P206215303;P206215303_9;I;4000;0;0;5000;1200;2835
P206215303;P206215303_10;J;4000;1240;0;5000;2440;2835
P206215303;P206215303_11;K;5000;1240;0;6000;2440;2835
P206215303;P206215303_12;L;5000;0;0;6000;1200;2835
P206215303;P206215303_13;M;6000;0;0;7000;1200;2835
P206215303;P206215303_14;N;6000;1240;0;7000;2440;2835
P206215303;P206215303_15;O;7000;1240;0;8000;2440;2835
P206215303;P206215303_16;P;7000;0;0;8000;1200;2835
P206215303;P206215303_17;Q;8000;0;0;9000;1200;2835
P206215303;P206215303_18;R;8000;1240;0;9000;2440;2835
P206215303;P206215303_19;S;9000;1240;0;10000;2440;2835
P206215303;P206215303_20;T;9000;0;0;10000;1200;2835
P206215303;P206215303_21;U;10000;0;0;11000;1200;2835
P206215303;P206215303_22;V;10000;1240;0;11000;2440;2835
P206215303;P206215303_23;W;11000;1240;0;12000;2440;2835
P206215303;P206215303_24;X;11000;0;0;12000;1200;2835
P206215303;P206215303_25;Y;12000;0;0;13200;1000;2835
P206215303;P206215303_26;Z;12000;1240;0;13000;2440;2835
P205215307;P205215307_1;A;0;0;0;1000;1200;2835
P205215307;P205215307_2;B;0;1240;0;1000;2440;2835
P205215307;P205215307_3;C;1000;1240;0;2000;2440;2835
P205215307;P205215307_4;D;1000;0;0;2000;1200;2835
P205215307;P205215307_5;E;2000;0;0;3000;1200;2835
P205215307;P205215307_6;F;2000;1240;0;3000;2440;2835
P205215307;P205215307_7;G;3000;1240;0;4000;2440;2835
P205215307;P205215307_8;H;3000;0;0;4000;1200;2835
P205215307;P205215307_9;I;4000;0;0;5000;1200;2835
P205215307;P205215307_10;J;4000;1240;0;5000;2440;2835
P205215307;P205215307_11;K;5000;1240;0;6000;2440;2835
P205215307;P205215307_12;L;5000;0;0;6000;1200;2835
P205215307;P205215307_13;M;6000;0;0;7000;1200;2835
P205215307;P205215307_14;N;6000;1240;0;7000;2440;2835
P205215307;P205215307_15;O;7000;1240;0;8000;2440;2835
P205215307;P205215307_16;P;7000;0;0;8000;1200;2835
P205215307;P205215307_17;Q;8000;0;0;9000;1200;2835
P205215307;P205215307_18;R;8000;1240;0;9000;2440;2835
P205215307;P205215307_19;S;9000;1240;0;10000;2440;2835
P205215307;P205215307_20;T;9000;0;0;10000;1200;2835
P205215307;P205215307_21;U;10000;0;0;11000;1200;2835
P205215307;P205215307_22;V;10000;1240;0;11000;2440;2835
P205215307;P205215307_23;W;11000;1240;0;12000;2440;2835
P205215307;P205215307_24;X;11000;0;0;12000;1200;2835
P205215307;P205215307_25;Y;12000;0;0;13200;1000;2835
P205215307;P205215307_26;Z;12000;1240;0;13000;2440;2835
P205215305;P205215305_1;A;0;0;0;1000;1200;2835
P205215305;P205215305_2;B;0;1240;0;1000;2440;2835
P205215305;P205215305_3;C;1000;1240;0;2000;2440;2835
P205215305;P205215305_4;D;1000;0;0;2000;1200;2835
P205215305;P205215305_5;E;2000;0;0;3000;1200;2835
P205215305;P205215305_6;F;2000;1240;0;3000;2440;2835
P205215305;P205215305_7;G;3000;1240;0;4000;2440;2835
P205215305;P205215305_8;H;3000;0;0;4000;1200;2835
P205215305;P205215305_9;I;4000;0;0;5000;1200;2835
P205215305;P205215305_10;J;4000;1240;0;5000;2440;2835
P205215305;P205215305_11;K;5000;1240;0;6000;2440;2835
P205215305;P205215305_12;L;5000;0;0;6000;1200;2835
P205215305;P205215305_13;M;6000;0;0;7000;1200;2835
P205215305;P205215305_14;N;6000;1240;0;7000;2440;2835
P205215305;P205215305_15;O;7000;1240;0;8000;2440;2835
P205215305;P205215305_16;P;7000;0;0;8000;1200;2835
P205215305;P205215305_17;Q;8000;0;0;9000;1200;2835
P205215305;P205215305_18;R;8000;1240;0;9000;2440;2835
P205215305;P205215305_19;S;9000;1240;0;10000;2440;2835
P205215305;P205215305_20;T;9000;0;0;10000;1200;2835
P205215305;P205215305_21;U;10000;0;0;11000;1200;2835
P205215305;P205215305_22;V;10000;1240;0;11000;2440;2835
P205215305;P205215305_23;W;11000;1240;0;12000;2440;2835
P205215305;P205215305_24;X;11000;0;0;12000;1200;2835
P205215305;P205215305_25;Y;12000;0;0;13200;1000;2835
P205215305;P205215305_26;Z;12000;1240;0;13000;2440;2835
P205215303;P205215303_1;A;0;0;0;1000;1200;2835
P205215303;P205215303_2;B;0;1240;0;1000;2440;2835
P205215303;P205215303_3;C;1000;1240;0;2000;2440;2835
P205215303;P205215303_4;D;1000;0;0;2000;1200;2835
P205215303;P205215303_5;E;2000;0;0;3000;1200;2835
P205215303;P205215303_6;F;2000;1240;0;3000;2440;2835
P205215303;P205215303_7;G;3000;1240;0;4000;2440;2835
P205215303;P205215303_8;H;3000;0;0;4000;1200;2835
P205215303;P205215303_9;I;4000;0;0;5000;1200;2835
P205215303;P205215303_10;J;4000;1240;0;5000;2440;2835
P205215303;P205215303_11;K;5000;1240;0;6000;2440;2835
P205215303;P205215303_12;L;5000;0;0;6000;1200;2835
P205215303;P205215303_13;M;6000;0;0;7000;1200;2835
P205215303;P205215303_14;N;6000;1240;0;7000;2440;2835
P205215303;P205215303_15;O;7000;1240;0;8000;2440;2835
P205215303;P205215303_16;P;7000;0;0;8000;1200;2835
P205215303;P205215303_17;Q;8000;0;0;9000;1200;2835
P205215303;P205215303_18;R;8000;1240;0;9000;2440;2835
P205215303;P205215303_19;S;9000;1240;0;10000;2440;2835
P205215303;P205215303_20;T;9000;0;0;10000;1200;2835
P205215303;P205215303_21;U;10000;0;0;11000;1200;2835
P205215303;P205215303_22;V;10000;1240;0;11000;2440;2835
P205215303;P205215303_23;W;11000;1240;0;12000;2440;2835
P205215303;P205215303_24;X;11000;0;0;12000;1200;2835
P205215303;P205215303_25;Y;12000;0;0;13200;1000;1905
P202215307;P202215307_1;A;0;0;0;1000;1200;2835
P202215307;P202215307_2;B;0;1240;0;1000;2440;2835
P202215307;P202215307_3;C;1000;1240;0;2000;2440;2835
P202215307;P202215307_4;D;1000;0;0;2000;1200;2835
P202215307;P202215307_5;E;2000;0;0;3000;1200;2835
P202215307;P202215307_6;F;2000;1240;0;3000;2440;2835
P202215307;P202215307_7;G;3000;1240;0;4000;2440;2835
P202215307;P202215307_8;H;3000;0;0;4000;1200;2835
P202215307;P202215307_9;I;4000;0;0;5000;1200;2835
P202215307;P202215307_10;J;4000;1240;0;5000;2440;2835
P202215307;P202215307_11;K;5000;1240;0;6000;2440;2835
P202215307;P202215307_12;L;5000;0;0;6000;1200;2835
P202215307;P202215307_13;M;6000;0;0;7000;1200;2835
P202215307;P202215307_14;N;6000;1240;0;7000;2440;2835
P202215307;P202215307_15;O;7000;1240;0;8000;2440;2835
P202215307;P202215307_16;P;7000;0;0;8000;1200;2835
P202215307;P202215307_17;Q;8000;0;0;9000;1200;2835
P202215307;P202215307_18;R;8000;1240;0;9000;2440;2835
P202215307;P202215307_19;S;9000;1240;0;10000;2440;2835
P202215307;P202215307_20;T;9000;0;0;10000;1200;2835
P202215307;P202215307_21;U;10000;0;0;11000;1200;2835
P202215307;P202215307_22;V;10000;1240;0;11000;2440;2835
P202215307;P202215307_23;W;11000;1240;0;12000;2440;2835
P202215307;P202215307_24;X;11000;0;0;12000;1200;2835
P202215307;P202215307_25;Y;12000;0;0;13200;1000;2835
P202215307;P202215307_26;Z;12000;1240;0;13000;2440;2835
P202215303;P202215303_1;A;0;0;0;1000;1200;2835
P202215303;P202215303_2;B;0;1240;0;1000;2440;2835
P202215303;P202215303_3;C;1000;1240;0;2000;2440;2835
P202215303;P202215303_4;D;1000;0;0;2000;1200;2835
P202215303;P202215303_5;E;2000;0;0;3000;1200;2835
P202215303;P202215303_6;F;2000;1240;0;3000;2440;2835
P202215303;P202215303_7;G;3000;1240;0;4000;2440;2835
P202215303;P202215303_8;H;3000;0;0;4000;1200;2835
P202215303;P202215303_9;I;4000;0;0;5000;1200;2835
P202215303;P202215303_10;J;4000;1240;0;5000;2440;2835
P202215303;P202215303_11;K;5000;1240;0;6000;2440;2835
P202215303;P202215303_12;L;5000;0;0;6000;1200;2835
P202215303;P202215303_13;M;6000;0;0;7000;1200;2835
P202215303;P202215303_14;N;6000;1240;0;7000;2440;2835
P202215303;P202215303_15;O;7000;1240;0;8000;2440;2835
P202215303;P202215303_16;P;7000;0;0;8000;1200;2835
P202215303;P202215303_17;Q;8000;0;0;9000;1200;2835
P202215303;P202215303_18;R;8000;1240;0;9000;2440;2835
P202215303;P202215303_19;S;9000;1240;0;10000;2440;2835
P202215303;P202215303_20;T;9000;0;0;10000;1200;2835
P202215303;P202215303_21;U;10000;0;0;11000;1200;2835
P202215303;P202215303_22;V;10000;1240;0;11000;2440;2835
P202215303;P202215303_23;W;11000;1240;0;12000;2440;2835
P202215303;P202215303_24;X;11000;0;0;12000;1200;2835
P202215303;P202215303_25;Y;12000;0;0;13200;1000;2835
P202215303;P202215303_26;Z;12000;1240;0;13000;2440;2835
P201215305;P201215305_1;A;0;0;0;1000;1200;2835
P201215305;P201215305_2;B;0;1240;0;1000;2440;2835
P201215305;P201215305_3;C;1000;1240;0;2000;2440;2835
P201215305;P201215305_4;D;1000;0;0;2000;1200;2835
P201215305;P201215305_5;E;2000;0;0;3000;1200;2835
P201215305;P201215305_6;F;2000;1240;0;3000;2440;2835
P201215305;P201215305_7;G;3000;1240;0;4000;2440;2835
P201215305;P201215305_8;H;3000;0;0;4000;1200;2835
P201215305;P201215305_9;I;4000;0;0;5000;1200;2835
P201215305;P201215305_10;J;4000;1240;0;5000;2440;2835
P201215305;P201215305_11;K;5000;1240;0;6000;2440;2835
P201215305;P201215305_12;L;5000;0;0;6000;1200;2835
P201215305;P201215305_13;M;6000;0;0;7000;1200;2835
P201215305;P201215305_14;N;6000;1240;0;7000;2440;2835
P201215305;P201215305_15;O;7000;1240;0;8000;2440;2835
P201215305;P201215305_16;P;7000;0;0;8000;1200;2835
P201215305;P201215305_17;Q;8000;0;0;9000;1200;2835
P201215305;P201215305_18;R;8000;1240;0;9000;2440;2835
P201215305;P201215305_19;S;9000;1240;0;10000;2440;2835
P201215305;P201215305_20;T;9000;0;0;10000;1200;2835
P201215305;P201215305_21;U;10000;0;0;11000;1200;2835
P201215305;P201215305_22;V;10000;1240;0;11000;2440;2835
P201215305;P201215305_23;W;11000;1240;0;12000;2440;2835
P201215305;P201215305_24;X;11000;0;0;12000;1200;2835
P201215305;P201215305_25;Y;12000;0;0;13200;1000;2835
P201215305;P201215305_26;Z;12000;1240;0;13000;2440;2835
P201215303;P201215303_1;A;0;0;0;1000;1200;2835
P201215303;P201215303_2;B;0;1240;0;1000;2440;2835
P201215303;P201215303_3;C;1000;1240;0;2000;2440;2835
P201215303;P201215303_4;D;1000;0;0;2000;1200;2835
P201215303;P201215303_5;E;2000;0;0;3000;1200;2835
P201215303;P201215303_6;F;2000;1240;0;3000;2440;2835
P201215303;P201215303_7;G;3000;1240;0;4000;2440;2835
P201215303;P201215303_8;H;3000;0;0;4000;1200;2835
P201215303;P201215303_9;I;4000;0;0;5000;1200;2835
P201215303;P201215303_10;J;4000;1240;0;5000;2440;2835
P201215303;P201215303_11;K;5000;1240;0;6000;2440;2835
P201215303;P201215303_12;L;5000;0;0;6000;1200;2835
P201215303;P201215303_13;M;6000;0;0;7000;1200;2835
P201215303;P201215303_14;N;6000;1240;0;7000;2440;2835
P201215303;P201215303_15;O;7000;1240;0;8000;2440;2835
P201215303;P201215303_16;P;7000;0;0;8000;1200;2835
P201215303;P201215303_17;Q;8000;0;0;9000;1200;2835
P201215303;P201215303_18;R;8000;1240;0;9000;2440;2835
P201215303;P201215303_19;S;9000;1240;0;10000;2440;2835
P201215303;P201215303_20;T;9000;0;0;10000;1200;2835
P201215303;P201215303_21;U;10000;0;0;11000;1200;2835
P201215303;P201215303_22;V;10000;1240;0;11000;2440;2835
P201215303;P201215303_23;W;11000;1240;0;12000;2440;2835
P201215303;P201215303_24;X;11000;0;0;12000;1200;2835
P201215303;P201215303_25;Y;12000;0;0;13200;1000;2835
P201215303;P201215303_26;Z;12000;1240;0;13000;2440;2835
P200215307;P200215307_1;A;0;0;0;1000;1200;2835
P200215307;P200215307_2;B;0;1240;0;1000;2440;2835
P200215307;P200215307_3;C;1000;1240;0;2000;2440;2835
P200215307;P200215307_4;D;1000;0;0;2000;1200;2835
P200215307;P200215307_5;E;2000;0;0;3000;1200;2835
P200215307;P200215307_6;F;2000;1240;0;3000;2440;2835
P200215307;P200215307_7;G;3000;1240;0;4000;2440;2835
P200215307;P200215307_8;H;3000;0;0;4000;1200;2835
P200215307;P200215307_9;I;4000;0;0;5000;1200;2835
P200215307;P200215307_10;J;4000;1240;0;5000;2440;2835
P200215307;P200215307_11;K;5000;1240;0;6000;2440;2835
P200215307;P200215307_12;L;5000;0;0;6000;1200;2835
P200215307;P200215307_13;M;6000;0;0;7000;1200;2835
P200215307;P200215307_14;N;6000;1240;0;7000;2440;2835
P200215307;P200215307_15;O;7000;1240;0;8000;2440;2835
P200215307;P200215307_16;P;7000;0;0;8000;1200;2835
P200215307;P200215307_17;Q;8000;0;0;9000;1200;2835
P200215307;P200215307_18;R;8000;1240;0;9000;2440;2835
P200215307;P200215307_19;S;9000;1240;0;10000;2440;2835
P200215307;P200215307_20;T;9000;0;0;10000;1200;2835
P200215307;P200215307_21;U;10000;0;0;11000;1200;2835
P200215307;P200215307_22;V;10000;1240;0;11000;2440;2835
P200215307;P200215307_23;W;11000;1240;0;12000;2440;2835
P200215307;P200215307_24;X;11000;0;0;12000;1200;2835
P200215307;P200215307_25;Y;12000;0;0;13200;1000;2835
P200215307;P200215307_26;Z;12000;1240;0;13000;2440;2835
P200215303;P200215303_1;A;0;0;0;1000;1200;2835
P200215303;P200215303_2;B;0;1240;0;1000;2440;2835
P200215303;P200215303_3;C;1000;1240;0;2000;2440;2835
P200215303;P200215303_4;D;1000;0;0;2000;1200;2835
P200215303;P200215303_5;E;2000;0;0;3000;1200;2835
P200215303;P200215303_6;F;2000;1240;0;3000;2440;2835
P200215303;P200215303_7;G;3000;1240;0;4000;2440;2835
P200215303;P200215303_8;H;3000;0;0;4000;1200;2835
P200215303;P200215303_9;I;4000;0;0;5000;1200;2835
P200215303;P200215303_10;J;4000;1240;0;5000;2440;2835
P200215303;P200215303_11;K;5000;1240;0;6000;2440;2835
P200215303;P200215303_12;L;5000;0;0;6000;1200;2835
P200215303;P200215303_13;M;6000;0;0;7000;1200;2835
P200215303;P200215303_14;N;6000;1240;0;7000;2440;2835
P200215303;P200215303_15;O;7000;1240;0;8000;2440;2835
P200215303;P200215303_16;P;7000;0;0;8000;1200;2835
P200215303;P200215303_17;Q;8000;0;0;9000;1200;2835
P200215303;P200215303_18;R;8000;1240;0;9000;2440;2835
P200215303;P200215303_19;S;9000;1240;0;10000;2440;2835
P200215303;P200215303_20;T;9000;0;0;10000;1200;2835
P200215303;P200215303_21;U;10000;0;0;11000;1200;2835
P200215303;P200215303_22;V;10000;1240;0;11000;2440;2835
P200215303;P200215303_23;W;11000;1240;0;12000;2440;2835
P200215303;P200215303_24;X;11000;0;0;12000;1200;2835
P200215303;P200215303_25;Y;12000;0;0;13200;1000;2835
P200215303;P200215303_26;Z;12000;1240;0;13000;2440;2835
P199215307;P199215307_1;A;0;0;0;1000;1200;2835
P199215307;P199215307_2;B;0;1240;0;1000;2440;2835
P199215307;P199215307_3;C;1000;1240;0;2000;2440;2835
P199215307;P199215307_4;D;1000;0;0;2000;1200;2835
P199215307;P199215307_5;E;2000;0;0;3000;1200;2835
P199215307;P199215307_6;F;2000;1240;0;3000;2440;2835
P199215307;P199215307_7;G;3000;1240;0;4000;2440;2835
P199215307;P199215307_8;H;3000;0;0;4000;1200;2835
P199215307;P199215307_9;I;4000;0;0;5000;1200;2835
P199215307;P199215307_10;J;4000;1240;0;5000;2440;2835
P199215307;P199215307_11;K;5000;1240;0;6000;2440;2835
P199215307;P199215307_12;L;5000;0;0;6000;1200;2835
P199215307;P199215307_13;M;6000;0;0;7000;1200;2835
P199215307;P199215307_14;N;6000;1240;0;7000;2440;2835
P199215307;P199215307_15;O;7000;1240;0;8000;2440;2835
P199215307;P199215307_16;P;7000;0;0;8000;1200;2835
P199215307;P199215307_17;Q;8000;0;0;9000;1200;2835
P199215307;P199215307_18;R;8000;1240;0;9000;2440;2835
P199215307;P199215307_19;S;9000;1240;0;10000;2440;2835
P199215307;P199215307_20;T;9000;0;0;10000;1200;2835
P199215307;P199215307_21;U;10000;0;0;11000;1200;2835
P199215307;P199215307_22;V;10000;1240;0;11000;2440;2835
P199215307;P199215307_23;W;11000;1240;0;12000;2440;2835
P199215307;P199215307_24;X;11000;0;0;12000;1200;2835
P199215307;P199215307_25;Y;12000;0;0;13200;1000;2835
P199215307;P199215307_26;Z;12000;1240;0;13000;2440;2835
P199215303;P199215303_1;A;0;0;0;1000;1200;2835
P199215303;P199215303_2;B;0;1240;0;1000;2440;2835
P199215303;P199215303_3;C;1000;1240;0;2000;2440;2835
P199215303;P199215303_4;D;1000;0;0;2000;1200;2835
P199215303;P199215303_5;E;2000;0;0;3000;1200;2835
P199215303;P199215303_6;F;2000;1240;0;3000;2440;2835
P199215303;P199215303_7;G;3000;1240;0;4000;2440;2835
P199215303;P199215303_8;H;3000;0;0;4000;1200;2835
P199215303;P199215303_9;I;4000;0;0;5000;1200;2835
P199215303;P199215303_10;J;4000;1240;0;5000;2440;2835
P199215303;P199215303_11;K;5000;1240;0;6000;2440;2835
P199215303;P199215303_12;L;5000;0;0;6000;1200;2835
P199215303;P199215303_13;M;6000;0;0;7000;1200;2835
P199215303;P199215303_14;N;6000;1240;0;7000;2440;2835
P199215303;P199215303_15;O;7000;1240;0;8000;2440;2835
P199215303;P199215303_16;P;7000;0;0;8000;1200;2835
P199215303;P199215303_17;Q;8000;0;0;9000;1200;2835
P199215303;P199215303_18;R;8000;1240;0;9000;2440;2835
P199215303;P199215303_19;S;9000;1240;0;10000;2440;2835
P199215303;P199215303_20;T;9000;0;0;10000;1200;2835
P199215303;P199215303_21;U;10000;0;0;11000;1200;2835
P199215303;P199215303_22;V;10000;1240;0;11000;2440;2835
P199215303;P199215303_23;W;11000;1240;0;12000;2440;2835
P199215303;P199215303_24;X;11000;0;0;12000;1200;2835
P199215303;P199215303_25;Y;12000;0;0;13200;1000;2835
P199215303;P199215303_26;Z;12000;1240;0;13000;2440;2835
P198215307;P198215307_1;A;0;0;0;1000;1200;2835
P198215307;P198215307_2;B;0;1240;0;1000;2440;2835
P198215307;P198215307_3;C;1000;1240;0;2000;2440;2835
P198215307;P198215307_4;D;1000;0;0;2000;1200;2835
P198215307;P198215307_5;E;2000;0;0;3000;1200;2835
P198215307;P198215307_6;F;2000;1240;0;3000;2440;2835
P198215307;P198215307_7;G;3000;1240;0;4000;2440;2835
P198215307;P198215307_8;H;3000;0;0;4000;1200;2835
P198215307;P198215307_9;I;4000;0;0;5000;1200;2835
P198215307;P198215307_10;J;4000;1240;0;5000;2440;2835
P198215307;P198215307_11;K;5000;1240;0;6000;2440;2835
P198215307;P198215307_12;L;5000;0;0;6000;1200;2835
P198215307;P198215307_13;M;6000;0;0;7000;1200;2835
P198215307;P198215307_14;N;6000;1240;0;7000;2440;2835
P198215307;P198215307_15;O;7000;1240;0;8000;2440;2835
P198215307;P198215307_16;P;7000;0;0;8000;1200;2835
P198215307;P198215307_17;Q;8000;0;0;9000;1200;2835
P198215307;P198215307_18;R;8000;1240;0;9000;2440;2835
P198215307;P198215307_19;S;9000;1240;0;10000;2440;2835
P198215307;P198215307_20;T;9000;0;0;10000;1200;2835
P198215307;P198215307_21;U;10000;0;0;11000;1200;2835
P198215307;P198215307_22;V;10000;1240;0;11000;2440;2835
P198215307;P198215307_23;W;11000;1240;0;12000;2440;2835
P198215307;P198215307_24;X;11000;0;0;12000;1200;2835
P198215307;P198215307_25;Y;12000;0;0;13200;1000;2835
P198215307;P198215307_26;Z;12000;1240;0;13000;2440;2835
P198215305;P198215305_1;A;0;0;0;1000;1200;2835
P198215305;P198215305_2;B;0;1240;0;1000;2440;2835
P198215305;P198215305_3;C;1000;1240;0;2000;2440;2835
P198215305;P198215305_4;D;1000;0;0;2000;1200;2835
P198215305;P198215305_5;E;2000;0;0;3000;1200;2835
P198215305;P198215305_6;F;2000;1240;0;3000;2440;2835
P198215305;P198215305_7;G;3000;1240;0;4000;2440;2835
P198215305;P198215305_8;H;3000;0;0;4000;1200;2835
P198215305;P198215305_9;I;4000;0;0;5000;1200;2835
P198215305;P198215305_10;J;4000;1240;0;5000;2440;2835
P198215305;P198215305_11;K;5000;1240;0;6000;2440;2835
P198215305;P198215305_12;L;5000;0;0;6000;1200;2835
P198215305;P198215305_13;M;6000;0;0;7000;1200;2835
P198215305;P198215305_14;N;6000;1240;0;7000;2440;2835
P198215305;P198215305_15;O;7000;1240;0;8000;2440;2835
P198215305;P198215305_16;P;7000;0;0;8000;1200;2835
P198215305;P198215305_17;Q;8000;0;0;9000;1200;2835
P198215305;P198215305_18;R;8000;1240;0;9000;2440;2835
P198215305;P198215305_19;S;9000;1240;0;10000;2440;2835
P198215305;P198215305_20;T;9000;0;0;10000;1200;2835
P198215305;P198215305_21;U;10000;0;0;11000;1200;2835
P198215305;P198215305_22;V;10000;1240;0;11000;2440;2835
P198215305;P198215305_23;W;11000;1240;0;12000;2440;2835
P198215305;P198215305_24;X;11000;0;0;12000;1200;2835
P198215305;P198215305_25;Y;12000;0;0;13200;1000;2835
P198215305;P198215305_26;Z;12000;1240;0;13000;2440;2835
P198215303;P198215303_1;A;0;0;0;1000;1200;2835
P198215303;P198215303_2;B;0;1240;0;1000;2440;2835
P198215303;P198215303_3;C;1000;1240;0;2000;2440;2835
P198215303;P198215303_4;D;1000;0;0;2000;1200;2835
P198215303;P198215303_5;E;2000;0;0;3000;1200;2835
P198215303;P198215303_6;F;2000;1240;0;3000;2440;2835
P198215303;P198215303_7;G;3000;1240;0;4000;2440;2835
P198215303;P198215303_8;H;3000;0;0;4000;1200;2835
P198215303;P198215303_9;I;4000;0;0;5000;1200;2835
P198215303;P198215303_10;J;4000;1240;0;5000;2440;2835
P198215303;P198215303_11;K;5000;1240;0;6000;2440;2835
P198215303;P198215303_12;L;5000;0;0;6000;1200;2835
P198215303;P198215303_13;M;6000;0;0;7000;1200;2835
P198215303;P198215303_14;N;6000;1240;0;7000;2440;2835
P198215303;P198215303_15;O;7000;1240;0;8000;2440;2835
P198215303;P198215303_16;P;7000;0;0;8000;1200;2835
P198215303;P198215303_17;Q;8000;0;0;9000;1200;2835
P198215303;P198215303_18;R;8000;1240;0;9000;2440;2835
P198215303;P198215303_19;S;9000;1240;0;10000;2440;2835
P198215303;P198215303_20;T;9000;0;0;10000;1200;2835
P198215303;P198215303_21;U;10000;0;0;11000;1200;2835
P198215303;P198215303_22;V;10000;1240;0;11000;2440;2835
P198215303;P198215303_23;W;11000;1240;0;12000;2440;2835
P198215303;P198215303_24;X;11000;0;0;12000;1200;2835
P198215303;P198215303_25;Y;12000;0;0;13200;1000;2835
P198215303;P198215303_26;Z;12000;1240;0;13000;2440;2835
P194215305;P194215305_1;A;0;0;0;1000;1200;2835
P194215305;P194215305_2;B;0;1240;0;1000;2440;2835
P194215305;P194215305_3;C;1000;1240;0;2000;2440;2835
P194215305;P194215305_4;D;1000;0;0;2000;1200;2835
P194215305;P194215305_5;E;2000;0;0;3000;1200;2835
P194215305;P194215305_6;F;2000;1240;0;3000;2440;2835
P194215305;P194215305_7;G;3000;1240;0;4000;2440;2835
P194215305;P194215305_8;H;3000;0;0;4000;1200;2835
P194215305;P194215305_9;I;4000;0;0;5000;1200;2835
P194215305;P194215305_10;J;4000;1240;0;5000;2440;2835
P194215305;P194215305_11;K;5000;1240;0;6000;2440;2835
P194215305;P194215305_12;L;5000;0;0;6000;1200;2835
P194215305;P194215305_13;M;6000;0;0;7000;1200;2835
P194215305;P194215305_14;N;6000;1240;0;7000;2440;2835
P194215305;P194215305_15;O;7000;1240;0;8000;2440;2835
P194215305;P194215305_16;P;7000;0;0;8000;1200;2835
P194215305;P194215305_17;Q;8000;0;0;9000;1200;2835
P194215305;P194215305_18;R;8000;1240;0;9000;2440;2835
P194215305;P194215305_19;S;9000;1240;0;10000;2440;2835
P194215305;P194215305_20;T;9000;0;0;10000;1200;2835
P194215305;P194215305_21;U;10000;0;0;11000;1200;2835
P194215305;P194215305_22;V;10000;1240;0;11000;2440;2835
P194215305;P194215305_23;W;11000;1240;0;12000;2440;2835
P194215305;P194215305_24;X;11000;0;0;12000;1200;2835
P194215305;P194215305_25;Y;12000;0;0;13200;1000;2835
P194215305;P194215305_26;Z;12000;1240;0;13000;2440;2835
P194215303;P194215303_1;A;0;0;0;1000;1200;2835
P194215303;P194215303_2;B;0;1240;0;1000;2440;2835
P194215303;P194215303_3;C;1000;1240;0;2000;2440;2835
P194215303;P194215303_4;D;1000;0;0;2000;1200;2835
P194215303;P194215303_5;E;2000;0;0;3000;1200;2835
P194215303;P194215303_6;F;2000;1240;0;3000;2440;2835
P194215303;P194215303_7;G;3000;1240;0;4000;2440;2835
P194215303;P194215303_8;H;3000;0;0;4000;1200;2835
P194215303;P194215303_9;I;4000;0;0;5000;1200;2835
P194215303;P194215303_10;J;4000;1240;0;5000;2440;2835
P194215303;P194215303_11;K;5000;1240;0;6000;2440;2835
P194215303;P194215303_12;L;5000;0;0;6000;1200;2835
P194215303;P194215303_13;M;6000;0;0;7000;1200;2835
P194215303;P194215303_14;N;6000;1240;0;7000;2440;2835
P194215303;P194215303_15;O;7000;1240;0;8000;2440;2835
P194215303;P194215303_16;P;7000;0;0;8000;1200;2835
P194215303;P194215303_17;Q;8000;0;0;9000;1200;2835
P194215303;P194215303_18;R;8000;1240;0;9000;2440;2835
P194215303;P194215303_19;S;9000;1240;0;10000;2440;2835
P194215303;P194215303_20;T;9000;0;0;10000;1200;2835
P194215303;P194215303_21;U;10000;0;0;11000;1200;2835
P194215303;P194215303_22;V;10000;1240;0;11000;2440;2835
P194215303;P194215303_23;W;11000;1240;0;12000;2440;2835
P194215303;P194215303_24;X;11000;0;0;12000;1200;2835
P194215303;P194215303_25;Y;12000;0;0;13200;1000;2835
P194215303;P194215303_26;Z;12000;1240;0;13000;2440;2835
P193215307;P193215307_1;A;0;0;0;1000;1200;2835
P193215307;P193215307_2;B;0;1240;0;1000;2440;2835
P193215307;P193215307_3;C;1000;1240;0;2000;2440;2835
P193215307;P193215307_4;D;1000;0;0;2000;1200;2835
P193215307;P193215307_5;E;2000;0;0;3000;1200;2835
P193215307;P193215307_6;F;2000;1240;0;3000;2440;2835
P193215307;P193215307_7;G;3000;1240;0;4000;2440;2835
P193215307;P193215307_8;H;3000;0;0;4000;1200;2835
P193215307;P193215307_9;I;4000;0;0;5000;1200;2835
P193215307;P193215307_10;J;4000;1240;0;5000;2440;2835
P193215307;P193215307_11;K;5000;1240;0;6000;2440;2835
P193215307;P193215307_12;L;5000;0;0;6000;1200;2835
P193215307;P193215307_13;M;6000;0;0;7000;1200;2835
P193215307;P193215307_14;N;6000;1240;0;7000;2440;2835
P193215307;P193215307_15;O;7000;1240;0;8000;2440;2835
P193215307;P193215307_16;P;7000;0;0;8000;1200;2835
P193215307;P193215307_17;Q;8000;0;0;9000;1200;2835
P193215307;P193215307_18;R;8000;1240;0;9000;2440;2835
P193215307;P193215307_19;S;9000;1240;0;10000;2440;2835
P193215307;P193215307_20;T;9000;0;0;10000;1200;2835
P193215307;P193215307_21;U;10000;0;0;11000;1200;2835
P193215307;P193215307_22;V;10000;1240;0;11000;2440;2835
P193215307;P193215307_23;W;11000;1240;0;12000;2440;2835
P193215307;P193215307_24;X;11000;0;0;12000;1200;2835
P193215307;P193215307_25;Y;12000;0;0;13200;1000;2835
P193215307;P193215307_26;Z;12000;1240;0;13000;2440;2835
P193215303;P193215303_1;A;0;0;0;1000;1200;2835
P193215303;P193215303_2;B;0;1240;0;1000;2440;2835
P193215303;P193215303_3;C;1000;1240;0;2000;2440;2835
P193215303;P193215303_4;D;1000;0;0;2000;1200;2835
P193215303;P193215303_5;E;2000;0;0;3000;1200;2835
P193215303;P193215303_6;F;2000;1240;0;3000;2440;2835
P193215303;P193215303_7;G;3000;1240;0;4000;2440;2835
P193215303;P193215303_8;H;3000;0;0;4000;1200;2835
P193215303;P193215303_9;I;4000;0;0;5000;1200;2835
P193215303;P193215303_10;J;4000;1240;0;5000;2440;2835
P193215303;P193215303_11;K;5000;1240;0;6000;2440;2835
P193215303;P193215303_12;L;5000;0;0;6000;1200;2835
P193215303;P193215303_13;M;6000;0;0;7000;1200;2835
P193215303;P193215303_14;N;6000;1240;0;7000;2440;2835
P193215303;P193215303_15;O;7000;1240;0;8000;2440;2835
P193215303;P193215303_16;P;7000;0;0;8000;1200;2835
P193215303;P193215303_17;Q;8000;0;0;9000;1200;2835
P193215303;P193215303_18;R;8000;1240;0;9000;2440;2835
P193215303;P193215303_19;S;9000;1240;0;10000;2440;2835
P193215303;P193215303_20;T;9000;0;0;10000;1200;2835
P193215303;P193215303_21;U;10000;0;0;11000;1200;2835
P193215303;P193215303_22;V;10000;1240;0;11000;2440;2835
P193215303;P193215303_23;W;11000;1240;0;12000;2440;2835
P193215303;P193215303_24;X;11000;0;0;12000;1200;2835
P193215303;P193215303_25;Y;12000;0;0;13200;1000;2835
P193215303;P193215303_26;Z;12000;1240;0;13000;2440;2835
Q193215303_1;Q193215303_1_1;A;0;0;0;1000;1200;2835
Q193215303_1;Q193215303_1_2;B;0;1240;0;1000;2440;2835
Q193215303_1;Q193215303_1_3;C;1000;1240;0;2000;2440;2835
Q193215303_1;Q193215303_1_4;D;1000;0;0;2000;1200;2835
Q193215303_1;Q193215303_1_5;E;2000;0;0;3000;1200;2835
Q193215303_1;Q193215303_1_6;F;2000;1240;0;3000;2440;2835
Q193215303_1;Q193215303_1_7;G;3000;1240;0;4000;2440;2835
Q193215303_1;Q193215303_1_8;H;3000;0;0;4000;1200;2835
Q193215303_1;Q193215303_1_9;I;4000;0;0;5000;1200;2835
Q193215303_1;Q193215303_1_10;J;4000;1240;0;5000;2440;2835
Q193215303_1;Q193215303_1_11;K;5000;1240;0;6000;2440;2835
Q193215303_1;Q193215303_1_12;L;5000;0;0;6000;1200;2835
Q193215303_1;Q193215303_1_13;M;6000;0;0;7000;1200;2835
Q193215303_1;Q193215303_1_14;N;6000;1240;0;7000;2440;2835
Q193215303_1;Q193215303_1_15;O;7000;1240;0;8000;2440;2835
Q193215303_1;Q193215303_1_16;P;7000;0;0;8000;1200;2835
Q193215303_1;Q193215303_1_17;Q;8000;0;0;9000;1200;2835
Q193215303_1;Q193215303_1_18;R;8000;1240;0;9000;2440;2835
Q193215303_1;Q193215303_1_19;S;9000;1240;0;10000;2440;2835
Q193215303_1;Q193215303_1_20;T;9000;0;0;10000;1200;2835
Q193215303_1;Q193215303_1_21;U;10000;0;0;11000;1200;2835
Q193215303_1;Q193215303_1_22;V;10000;1240;0;11000;2440;2835
Q193215303_1;Q193215303_1_23;W;11000;1240;0;12000;2440;2835
Q193215303_1;Q193215303_1_24;X;11000;0;0;12000;1200;2835
Q193215303_1;Q193215303_1_25;Y;12000;0;0;13200;1000;2835
Q193215303_1;Q193215303_1_26;Z;12000;1240;0;13000;2440;2835
P192215307;P192215307_1;A;0;0;0;1000;1200;2835
P192215307;P192215307_2;B;0;1240;0;1000;2440;2835
P192215307;P192215307_3;C;1000;1240;0;2000;2440;2835
P192215307;P192215307_4;D;1000;0;0;2000;1200;2835
P192215307;P192215307_5;E;2000;0;0;3000;1200;2835
P192215307;P192215307_6;F;2000;1240;0;3000;2440;2835
P192215307;P192215307_7;G;3000;1240;0;4000;2440;2835
P192215307;P192215307_8;H;3000;0;0;4000;1200;2835
P192215307;P192215307_9;I;4000;0;0;5000;1200;2835
P192215307;P192215307_10;J;4000;1240;0;5000;2440;2835
P192215307;P192215307_11;K;5000;1240;0;6000;2440;2835
P192215307;P192215307_12;L;5000;0;0;6000;1200;2835
P192215307;P192215307_13;M;6000;0;0;7000;1200;2835
P192215307;P192215307_14;N;6000;1240;0;7000;2440;2835
P192215307;P192215307_15;O;7000;1240;0;8000;2440;2835
P192215307;P192215307_16;P;7000;0;0;8000;1200;2835
P192215307;P192215307_17;Q;8000;0;0;9000;1200;2835
P192215307;P192215307_18;R;8000;1240;0;9000;2440;2835
P192215307;P192215307_19;S;9000;1240;0;10000;2440;2835
P192215307;P192215307_20;T;9000;0;0;10000;1200;2835
P192215307;P192215307_21;U;10000;0;0;11000;1200;2835
P192215307;P192215307_22;V;10000;1240;0;11000;2440;2835
P192215307;P192215307_23;W;11000;1240;0;12000;2440;2835
P192215307;P192215307_24;X;11000;0;0;12000;1200;2835
P192215307;P192215307_25;Y;12000;0;0;13200;1000;2835
P192215307;P192215307_26;Z;12000;1240;0;13000;2440;2835
P192215303;P192215303_1;A;0;0;0;1000;1200;2835
P192215303;P192215303_2;B;0;1240;0;1000;2440;2835
P192215303;P192215303_3;C;1000;1240;0;2000;2440;2835
P192215303;P192215303_4;D;1000;0;0;2000;1200;2835
P192215303;P192215303_5;E;2000;0;0;3000;1200;2835
P192215303;P192215303_6;F;2000;1240;0;3000;2440;2835
P192215303;P192215303_7;G;3000;1240;0;4000;2440;2835
P192215303;P192215303_8;H;3000;0;0;4000;1200;2835
P192215303;P192215303_9;I;4000;0;0;5000;1200;2835
P192215303;P192215303_10;J;4000;1240;0;5000;2440;2835
P192215303;P192215303_11;K;5000;1240;0;6000;2440;2835
P192215303;P192215303_12;L;5000;0;0;6000;1200;2835
P192215303;P192215303_13;M;6000;0;0;7000;1200;2835
P192215303;P192215303_14;N;6000;1240;0;7000;2440;2835
P192215303;P192215303_15;O;7000;1240;0;8000;2440;2835
P192215303;P192215303_16;P;7000;0;0;8000;1200;2835
P192215303;P192215303_17;Q;8000;0;0;9000;1200;2835
P192215303;P192215303_18;R;8000;1240;0;9000;2440;2835
P192215303;P192215303_19;S;9000;1240;0;10000;2440;2835
P192215303;P192215303_20;T;9000;0;0;10000;1200;2835
P192215303;P192215303_21;U;10000;0;0;11000;1200;2835
P192215303;P192215303_22;V;10000;1240;0;11000;2440;2835
P192215303;P192215303_23;W;11000;1240;0;12000;2440;2835
P192215303;P192215303_24;X;11000;0;0;12000;1200;2835
P192215303;P192215303_25;Y;12000;0;0;13200;1000;2835
P192215303;P192215303_26;Z;12000;1240;0;13000;2440;2835
P191215307;P191215307_1;A;0;0;0;1000;1200;2835
P191215307;P191215307_2;B;0;1240;0;1000;2440;2835
P191215307;P191215307_3;C;1000;1240;0;2000;2440;2835
P191215307;P191215307_4;D;1000;0;0;2000;1200;2835
P191215307;P191215307_5;E;2000;0;0;3000;1200;2835
P191215307;P191215307_6;F;2000;1240;0;3000;2440;2835
P191215307;P191215307_7;G;3000;1240;0;4000;2440;2835
P191215307;P191215307_8;H;3000;0;0;4000;1200;2835
P191215307;P191215307_9;I;4000;0;0;5000;1200;2835
P191215307;P191215307_10;J;4000;1240;0;5000;2440;2835
P191215307;P191215307_11;K;5000;1240;0;6000;2440;2835
P191215307;P191215307_12;L;5000;0;0;6000;1200;2835
P191215307;P191215307_13;M;6000;0;0;7000;1200;2835
P191215307;P191215307_14;N;6000;1240;0;7000;2440;2835
P191215307;P191215307_15;O;7000;1240;0;8000;2440;2835
P191215307;P191215307_16;P;7000;0;0;8000;1200;2835
P191215307;P191215307_17;Q;8000;0;0;9000;1200;2835
P191215307;P191215307_18;R;8000;1240;0;9000;2440;2835
P191215307;P191215307_19;S;9000;1240;0;10000;2440;2835
P191215307;P191215307_20;T;9000;0;0;10000;1200;2835
P191215307;P191215307_21;U;10000;0;0;11000;1200;2835
P191215307;P191215307_22;V;10000;1240;0;11000;2440;2835
P191215307;P191215307_23;W;11000;1240;0;12000;2440;2835
P191215307;P191215307_24;X;11000;0;0;12000;1200;2835
P191215307;P191215307_25;Y;12000;0;0;13200;1000;2835
P191215307;P191215307_26;Z;12000;1240;0;13000;2440;2835
P191215305;P191215305_1;A;0;0;0;1000;1200;2835
P191215305;P191215305_2;B;0;1240;0;1000;2440;2835
P191215305;P191215305_3;C;1000;1240;0;2000;2440;2835
P191215305;P191215305_4;D;1000;0;0;2000;1200;2835
P191215305;P191215305_5;E;2000;0;0;3000;1200;2835
P191215305;P191215305_6;F;2000;1240;0;3000;2440;2835
P191215305;P191215305_7;G;3000;1240;0;4000;2440;2835
P191215305;P191215305_8;H;3000;0;0;4000;1200;2835
P191215305;P191215305_9;I;4000;0;0;5000;1200;2835
P191215305;P191215305_10;J;4000;1240;0;5000;2440;2835
P191215305;P191215305_11;K;5000;1240;0;6000;2440;2835
P191215305;P191215305_12;L;5000;0;0;6000;1200;2835
P191215305;P191215305_13;M;6000;0;0;7000;1200;2835
P191215305;P191215305_14;N;6000;1240;0;7000;2440;2835
P191215305;P191215305_15;O;7000;1240;0;8000;2440;2835
P191215305;P191215305_16;P;7000;0;0;8000;1200;2835
P191215305;P191215305_17;Q;8000;0;0;9000;1200;2835
P191215305;P191215305_18;R;8000;1240;0;9000;2440;2835
P191215305;P191215305_19;S;9000;1240;0;10000;2440;2835
P191215305;P191215305_20;T;9000;0;0;10000;1200;2835
P191215305;P191215305_21;U;10000;0;0;11000;1200;2835
P191215305;P191215305_22;V;10000;1240;0;11000;2440;2835
P191215305;P191215305_23;W;11000;1240;0;12000;2440;2835
P191215305;P191215305_24;X;11000;0;0;12000;1200;2835
P191215305;P191215305_25;Y;12000;0;0;13200;1000;2835
P191215305;P191215305_26;Z;12000;1240;0;13000;2440;2835
P191215303;P191215303_1;A;0;0;0;1000;1200;2835
P191215303;P191215303_2;B;0;1240;0;1000;2440;2835
P191215303;P191215303_3;C;1000;1240;0;2000;2440;2835
P191215303;P191215303_4;D;1000;0;0;2000;1200;2835
P191215303;P191215303_5;E;2000;0;0;3000;1200;2835
P191215303;P191215303_6;F;2000;1240;0;3000;2440;2835
P191215303;P191215303_7;G;3000;1240;0;4000;2440;2835
P191215303;P191215303_8;H;3000;0;0;4000;1200;2835
P191215303;P191215303_9;I;4000;0;0;5000;1200;2835
P191215303;P191215303_10;J;4000;1240;0;5000;2440;2835
P191215303;P191215303_11;K;5000;1240;0;6000;2440;2835
P191215303;P191215303_12;L;5000;0;0;6000;1200;2835
P191215303;P191215303_13;M;6000;0;0;7000;1200;2835
P191215303;P191215303_14;N;6000;1240;0;7000;2440;2835
P191215303;P191215303_15;O;7000;1240;0;8000;2440;2835
P191215303;P191215303_16;P;7000;0;0;8000;1200;2835
P191215303;P191215303_17;Q;8000;0;0;9000;1200;2835
P191215303;P191215303_18;R;8000;1240;0;9000;2440;2835
P191215303;P191215303_19;S;9000;1240;0;10000;2440;2835
P191215303;P191215303_20;T;9000;0;0;10000;1200;2835
P191215303;P191215303_21;U;10000;0;0;11000;1200;2835
P191215303;P191215303_22;V;10000;1240;0;11000;2440;2835
P191215303;P191215303_23;W;11000;1240;0;12000;2440;2835
P191215303;P191215303_24;X;11000;0;0;12000;1200;2835
P191215303;P191215303_25;Y;12000;0;0;13200;1000;975
P188215307;P188215307_1;A;0;0;0;1000;1200;2835
P188215307;P188215307_2;B;0;1240;0;1000;2440;2835
P188215307;P188215307_3;C;1000;1240;0;2000;2440;2835
P188215307;P188215307_4;D;1000;0;0;2000;1200;2835
P188215307;P188215307_5;E;2000;0;0;3000;1200;2835
P188215307;P188215307_6;F;2000;1240;0;3000;2440;2835
P188215307;P188215307_7;G;3000;1240;0;4000;2440;2835
P188215307;P188215307_8;H;3000;0;0;4000;1200;2835
P188215307;P188215307_9;I;4000;0;0;5000;1200;2835
P188215307;P188215307_10;J;4000;1240;0;5000;2440;2835
P188215307;P188215307_11;K;5000;1240;0;6000;2440;2835
P188215307;P188215307_12;L;5000;0;0;6000;1200;2835
P188215307;P188215307_13;M;6000;0;0;7000;1200;2835
P188215307;P188215307_14;N;6000;1240;0;7000;2440;2835
P188215307;P188215307_15;O;7000;1240;0;8000;2440;2835
P188215307;P188215307_16;P;7000;0;0;8000;1200;2835
P188215307;P188215307_17;Q;8000;0;0;9000;1200;2835
P188215307;P188215307_18;R;8000;1240;0;9000;2440;2835
P188215307;P188215307_19;S;9000;1240;0;10000;2440;2835
P188215307;P188215307_20;T;9000;0;0;10000;1200;2835
P188215307;P188215307_21;U;10000;0;0;11000;1200;2835
P188215307;P188215307_22;V;10000;1240;0;11000;2440;2835
P188215307;P188215307_23;W;11000;1240;0;12000;2440;2835
P188215307;P188215307_24;X;11000;0;0;12000;1200;2835
P188215307;P188215307_25;Y;12000;0;0;13200;1000;2835
P188215307;P188215307_26;Z;12000;1240;0;13000;2440;2835
P188215303;P188215303_1;A;0;0;0;1000;1200;2835
P188215303;P188215303_2;B;0;1240;0;1000;2440;2835
P188215303;P188215303_3;C;1000;1240;0;2000;2440;2835
P188215303;P188215303_4;D;1000;0;0;2000;1200;2835
P188215303;P188215303_5;E;2000;0;0;3000;1200;2835
P188215303;P188215303_6;F;2000;1240;0;3000;2440;2835
P188215303;P188215303_7;G;3000;1240;0;4000;2440;2835
P188215303;P188215303_8;H;3000;0;0;4000;1200;2835
P188215303;P188215303_9;I;4000;0;0;5000;1200;2835
P188215303;P188215303_10;J;4000;1240;0;5000;2440;2835
P188215303;P188215303_11;K;5000;1240;0;6000;2440;2835
P188215303;P188215303_12;L;5000;0;0;6000;1200;2835
P188215303;P188215303_13;M;6000;0;0;7000;1200;2835
P188215303;P188215303_14;N;6000;1240;0;7000;2440;2835
P188215303;P188215303_15;O;7000;1240;0;8000;2440;2835
P188215303;P188215303_16;P;7000;0;0;8000;1200;2835
P188215303;P188215303_17;Q;8000;0;0;9000;1200;2835
P188215303;P188215303_18;R;8000;1240;0;9000;2440;2835
P188215303;P188215303_19;S;9000;1240;0;10000;2440;2835
P188215303;P188215303_20;T;9000;0;0;10000;1200;2835
P188215303;P188215303_21;U;10000;0;0;11000;1200;2835
P188215303;P188215303_22;V;10000;1240;0;11000;2440;2835
P188215303;P188215303_23;W;11000;1240;0;12000;2440;2835
P188215303;P188215303_24;X;11000;0;0;12000;1200;2835
P188215303;P188215303_25;Y;12000;0;0;13200;1000;2835
P188215303;P188215303_26;Z;12000;1240;0;13000;2440;2835
P187215307;P187215307_1;A;0;0;0;1000;1200;2835
P187215307;P187215307_2;B;0;1240;0;1000;2440;2835
P187215307;P187215307_3;C;1000;1240;0;2000;2440;2835
P187215307;P187215307_4;D;1000;0;0;2000;1200;2835
P187215307;P187215307_5;E;2000;0;0;3000;1200;2835
P187215307;P187215307_6;F;2000;1240;0;3000;2440;2835
P187215307;P187215307_7;G;3000;1240;0;4000;2440;2835
P187215307;P187215307_8;H;3000;0;0;4000;1200;2835
P187215307;P187215307_9;I;4000;0;0;5000;1200;2835
P187215307;P187215307_10;J;4000;1240;0;5000;2440;2835
P187215307;P187215307_11;K;5000;1240;0;6000;2440;2835
P187215307;P187215307_12;L;5000;0;0;6000;1200;2835
P187215307;P187215307_13;M;6000;0;0;7000;1200;2835
P187215307;P187215307_14;N;6000;1240;0;7000;2440;2835
P187215307;P187215307_15;O;7000;1240;0;8000;2440;2835
P187215307;P187215307_16;P;7000;0;0;8000;1200;2835
P187215307;P187215307_17;Q;8000;0;0;9000;1200;2835
P187215307;P187215307_18;R;8000;1240;0;9000;2440;2835
P187215307;P187215307_19;S;9000;1240;0;10000;2440;2835
P187215307;P187215307_20;T;9000;0;0;10000;1200;2835
P187215307;P187215307_21;U;10000;0;0;11000;1200;2835
P187215307;P187215307_22;V;10000;1240;0;11000;2440;2835
P187215307;P187215307_23;W;11000;1240;0;12000;2440;2835
P187215307;P187215307_24;X;11000;0;0;12000;1200;2835
P187215307;P187215307_25;Y;12000;0;0;13200;1000;2835
P187215307;P187215307_26;Z;12000;1240;0;13000;2440;2835
P187215305;P187215305_1;A;0;0;0;1000;1200;2835
P187215305;P187215305_2;B;0;1240;0;1000;2440;2835
P187215305;P187215305_3;C;1000;1240;0;2000;2440;2835
P187215305;P187215305_4;D;1000;0;0;2000;1200;2835
P187215305;P187215305_5;E;2000;0;0;3000;1200;2835
P187215305;P187215305_6;F;2000;1240;0;3000;2440;2835
P187215305;P187215305_7;G;3000;1240;0;4000;2440;2835
P187215305;P187215305_8;H;3000;0;0;4000;1200;2835
P187215305;P187215305_9;I;4000;0;0;5000;1200;2835
P187215305;P187215305_10;J;4000;1240;0;5000;2440;2835
P187215305;P187215305_11;K;5000;1240;0;6000;2440;2835
P187215305;P187215305_12;L;5000;0;0;6000;1200;2835
P187215305;P187215305_13;M;6000;0;0;7000;1200;2835
P187215305;P187215305_14;N;6000;1240;0;7000;2440;2835
P187215305;P187215305_15;O;7000;1240;0;8000;2440;2835
P187215305;P187215305_16;P;7000;0;0;8000;1200;2835
P187215305;P187215305_17;Q;8000;0;0;9000;1200;2835
P187215305;P187215305_18;R;8000;1240;0;9000;2440;2835
P187215305;P187215305_19;S;9000;1240;0;10000;2440;2835
P187215305;P187215305_20;T;9000;0;0;10000;1200;2835
P187215305;P187215305_21;U;10000;0;0;11000;1200;2835
P187215305;P187215305_22;V;10000;1240;0;11000;2440;2835
P187215305;P187215305_23;W;11000;1240;0;12000;2440;2835
P187215305;P187215305_24;X;11000;0;0;12000;1200;2835
P187215305;P187215305_25;Y;12000;0;0;13200;1000;2835
P187215305;P187215305_26;Z;12000;1240;0;13000;2440;2835
P187215303;P187215303_1;A;0;0;0;1000;1200;2835
P187215303;P187215303_2;B;0;1240;0;1000;2440;2835
P187215303;P187215303_3;C;1000;1240;0;2000;2440;2835
P187215303;P187215303_4;D;1000;0;0;2000;1200;2835
P187215303;P187215303_5;E;2000;0;0;3000;1200;2835
P187215303;P187215303_6;F;2000;1240;0;3000;2440;2835
P187215303;P187215303_7;G;3000;1240;0;4000;2440;2835
P187215303;P187215303_8;H;3000;0;0;4000;1200;2835
P187215303;P187215303_9;I;4000;0;0;5000;1200;2835
P187215303;P187215303_10;J;4000;1240;0;5000;2440;2835
P187215303;P187215303_11;K;5000;1240;0;6000;2440;2835
P187215303;P187215303_12;L;5000;0;0;6000;1200;2835
P187215303;P187215303_13;M;6000;0;0;7000;1200;2835
P187215303;P187215303_14;N;6000;1240;0;7000;2440;2835
P187215303;P187215303_15;O;7000;1240;0;8000;2440;2835
P187215303;P187215303_16;P;7000;0;0;8000;1200;2835
P187215303;P187215303_17;Q;8000;0;0;9000;1200;2835
P187215303;P187215303_18;R;8000;1240;0;9000;2440;2835
P187215303;P187215303_19;S;9000;1240;0;10000;2440;2835
P187215303;P187215303_20;T;9000;0;0;10000;1200;2835
P187215303;P187215303_21;U;10000;0;0;11000;1200;2835
P187215303;P187215303_22;V;10000;1240;0;11000;2440;2835
P187215303;P187215303_23;W;11000;1240;0;12000;2440;2835
P187215303;P187215303_24;X;11000;0;0;12000;1200;2835
P186215303;P186215303_1;A;0;0;0;1000;1200;2835
P186215303;P186215303_2;B;0;1240;0;1000;2440;2835
P186215303;P186215303_3;C;1000;1240;0;2000;2440;2835
P186215303;P186215303_4;D;1000;0;0;2000;1200;2835
P186215303;P186215303_5;E;2000;0;0;3000;1200;2835
P186215303;P186215303_6;F;2000;1240;0;3000;2440;2835
P186215303;P186215303_7;G;3000;1240;0;4000;2440;2835
P186215303;P186215303_8;H;3000;0;0;4000;1200;2835
P186215303;P186215303_9;I;4000;0;0;5000;1200;2835
P186215303;P186215303_10;J;4000;1240;0;5000;2440;2835
P186215303;P186215303_11;K;5000;1240;0;6000;2440;2835
P186215303;P186215303_12;L;5000;0;0;6000;1200;2835
P186215303;P186215303_13;M;6000;0;0;7000;1200;2835
P186215303;P186215303_14;N;6000;1240;0;7000;2440;2835
P186215303;P186215303_15;O;7000;1240;0;8000;2440;2835
P186215303;P186215303_16;P;7000;0;0;8000;1200;2835
P186215303;P186215303_17;Q;8000;0;0;9000;1200;2835
P186215303;P186215303_18;R;8000;1240;0;9000;2440;2835
P186215303;P186215303_19;S;9000;1240;0;10000;2440;2835
P186215303;P186215303_20;T;9000;0;0;10000;1200;2835
P186215303;P186215303_21;U;10000;0;0;11000;1200;2835
P186215303;P186215303_22;V;10000;1240;0;11000;2440;2835
P186215303;P186215303_23;W;11000;1240;0;12000;2440;2835
P186215303;P186215303_24;X;11000;0;0;12000;1200;2835
P186215303;P186215303_25;Y;12000;0;0;13200;1000;2835
P186215303;P186215303_26;Z;12000;1240;0;13000;2440;2835
P185215307;P185215307_1;A;0;0;0;1000;1200;2835
P185215307;P185215307_2;B;0;1240;0;1000;2440;2835
P185215307;P185215307_3;C;1000;1240;0;2000;2440;2835
P185215307;P185215307_4;D;1000;0;0;2000;1200;2835
P185215307;P185215307_5;E;2000;0;0;3000;1200;2835
P185215307;P185215307_6;F;2000;1240;0;3000;2440;2835
P185215307;P185215307_7;G;3000;1240;0;4000;2440;2835
P185215307;P185215307_8;H;3000;0;0;4000;1200;2835
P185215307;P185215307_9;I;4000;0;0;5000;1200;2835
P185215307;P185215307_10;J;4000;1240;0;5000;2440;2835
P185215307;P185215307_11;K;5000;1240;0;6000;2440;2835
P185215307;P185215307_12;L;5000;0;0;6000;1200;2835
P185215307;P185215307_13;M;6000;0;0;7000;1200;2835
P185215307;P185215307_14;N;6000;1240;0;7000;2440;2835
P185215307;P185215307_15;O;7000;1240;0;8000;2440;2835
P185215307;P185215307_16;P;7000;0;0;8000;1200;2835
P185215307;P185215307_17;Q;8000;0;0;9000;1200;2835
P185215307;P185215307_18;R;8000;1240;0;9000;2440;2835
P185215307;P185215307_19;S;9000;1240;0;10000;2440;2835
P185215307;P185215307_20;T;9000;0;0;10000;1200;2835
P185215307;P185215307_21;U;10000;0;0;11000;1200;2835
P185215307;P185215307_22;V;10000;1240;0;11000;2440;2835
P185215307;P185215307_23;W;11000;1240;0;12000;2440;2835
P185215307;P185215307_24;X;11000;0;0;12000;1200;2835
P185215307;P185215307_25;Y;12000;0;0;13200;1000;2835
P185215307;P185215307_26;Z;12000;1240;0;13000;2440;2835
P185215303;P185215303_1;A;0;0;0;1000;1200;2835
P185215303;P185215303_2;B;0;1240;0;1000;2440;2835
P185215303;P185215303_3;C;1000;1240;0;2000;2440;2835
P185215303;P185215303_4;D;1000;0;0;2000;1200;2835
P185215303;P185215303_5;E;2000;0;0;3000;1200;2835
P185215303;P185215303_6;F;2000;1240;0;3000;2440;2835
P185215303;P185215303_7;G;3000;1240;0;4000;2440;2835
P185215303;P185215303_8;H;3000;0;0;4000;1200;2835
P185215303;P185215303_9;I;4000;0;0;5000;1200;2835
P185215303;P185215303_10;J;4000;1240;0;5000;2440;2835
P185215303;P185215303_11;K;5000;1240;0;6000;2440;2835
P185215303;P185215303_12;L;5000;0;0;6000;1200;2835
P185215303;P185215303_13;M;6000;0;0;7000;1200;2835
P185215303;P185215303_14;N;6000;1240;0;7000;2440;2835
P185215303;P185215303_15;O;7000;1240;0;8000;2440;2835
P185215303;P185215303_16;P;7000;0;0;8000;1200;2835
P185215303;P185215303_17;Q;8000;0;0;9000;1200;2835
P185215303;P185215303_18;R;8000;1240;0;9000;2440;2835
P185215303;P185215303_19;S;9000;1240;0;10000;2440;2835
P185215303;P185215303_20;T;9000;0;0;10000;1200;2835
P185215303;P185215303_21;U;10000;0;0;11000;1200;2835
P185215303;P185215303_22;V;10000;1240;0;11000;2440;2835
P185215303;P185215303_23;W;11000;1240;0;12000;2440;2835
P185215303;P185215303_24;X;11000;0;0;12000;1200;2835
P185215303;P185215303_25;Y;12000;0;0;13200;1000;2835
P185215303;P185215303_26;Z;12000;1240;0;13000;2440;2835
P184215307;P184215307_1;A;0;0;0;1000;1200;2835
P184215307;P184215307_2;B;0;1240;0;1000;2440;2835
P184215307;P184215307_3;C;1000;1240;0;2000;2440;2835
P184215307;P184215307_4;D;1000;0;0;2000;1200;2835
P184215307;P184215307_5;E;2000;0;0;3000;1200;2835
P184215307;P184215307_6;F;2000;1240;0;3000;2440;2835
P184215307;P184215307_7;G;3000;1240;0;4000;2440;2835
P184215307;P184215307_8;H;3000;0;0;4000;1200;2835
P184215307;P184215307_9;I;4000;0;0;5000;1200;2835
P184215307;P184215307_10;J;4000;1240;0;5000;2440;2835
P184215307;P184215307_11;K;5000;1240;0;6000;2440;2835
P184215307;P184215307_12;L;5000;0;0;6000;1200;2835
P184215307;P184215307_13;M;6000;0;0;7000;1200;2835
P184215307;P184215307_14;N;6000;1240;0;7000;2440;2835
P184215307;P184215307_15;O;7000;1240;0;8000;2440;2835
P184215307;P184215307_16;P;7000;0;0;8000;1200;2835
P184215307;P184215307_17;Q;8000;0;0;9000;1200;2835
P184215307;P184215307_18;R;8000;1240;0;9000;2440;2835
P184215307;P184215307_19;S;9000;1240;0;10000;2440;2835
P184215307;P184215307_20;T;9000;0;0;10000;1200;2835
P184215307;P184215307_21;U;10000;0;0;11000;1200;2835
P184215307;P184215307_22;V;10000;1240;0;11000;2440;2835
P184215307;P184215307_23;W;11000;1240;0;12000;2440;2835
P184215307;P184215307_24;X;11000;0;0;12000;1200;2835
P184215307;P184215307_25;Y;12000;0;0;13200;1000;2835
P184215307;P184215307_26;Z;12000;1240;0;13000;2440;2835
P184215305;P184215305_1;A;0;0;0;1000;1200;2835
P184215305;P184215305_2;B;0;1240;0;1000;2440;1905
P184215305;P184215305_3;C;1000;1240;0;2000;2440;2835
P184215305;P184215305_4;D;1000;0;0;2000;1200;2835
P184215305;P184215305_5;E;2000;0;0;3000;1200;2835
P184215305;P184215305_6;F;2000;1240;0;3000;2440;2835
P184215305;P184215305_7;G;3000;1240;0;4000;2440;2835
P184215305;P184215305_8;H;3000;0;0;4000;1200;2835
P184215305;P184215305_9;I;4000;0;0;5000;1200;2835
P184215305;P184215305_10;J;4000;1240;0;5000;2440;2835
P184215305;P184215305_11;K;5000;1240;0;6000;2440;2835
P184215305;P184215305_12;L;5000;0;0;6000;1200;2835
P184215305;P184215305_13;M;6000;0;0;7000;1200;2835
P184215305;P184215305_14;N;6000;1240;0;7000;2440;2835
P184215305;P184215305_15;O;7000;1240;0;8000;2440;2835
P184215305;P184215305_16;P;7000;0;0;8000;1200;2835
P184215305;P184215305_17;Q;8000;0;0;9000;1200;1905
P184215305;P184215305_18;R;8000;1240;0;9000;2440;2835
P194066309;P194066309_1;A;0;0;0;1900;1200;2935
P194066309;P194066309_2;B;0;1240;0;1900;2440;2935
P194066309;P194066309_3;C;1900;1240;0;3800;2440;2935
P194066309;P194066309_4;D;1900;0;0;3800;1200;2935
P194066309;P194066309_5;E;3800;0;0;5700;1200;2935
P194066309;P194066309_6;F;3800;1240;0;5700;2440;2935
P194066309;P194066309_7;G;5700;1240;0;7600;2440;2935
P194066309;P194066309_8;H;5700;0;0;7600;1200;2935
P194066309;P194066309_9;I;7600;0;0;9500;1200;2935
P194066309;P194066309_10;J;7600;1240;0;9500;2440;2935
P194066309;P194066309_11;K;9500;1240;0;11400;2440;2935
P194066309;P194066309_12;L;9500;0;0;11400;1200;2935
P194066309;P194066309_13;M;11400;0;0;13300;1200;2935
P194066309;P194066309_14;N;11400;1240;0;13300;2440;2935
P194066303;P194066303_1;A;0;0;0;1900;1200;2935
P194066303;P194066303_2;B;0;1240;0;1900;2440;2935
P194066303;P194066303_3;C;1900;1240;0;3800;2440;2935
P194066303;P194066303_4;D;1900;0;0;3800;1200;2935
P194066303;P194066303_5;E;3800;0;0;5700;1200;2935
P194066303;P194066303_6;F;3800;1240;0;5700;2440;2935
P194066303;P194066303_7;G;5700;1240;0;7600;2440;2935
P194066303;P194066303_8;H;5700;0;0;7600;1200;2935
P194066303;P194066303_9;I;7600;0;0;9500;1200;2935
P194066303;P194066303_10;J;7600;1240;0;9500;2440;2935
P194066303;P194066303_11;K;9500;1240;0;11400;2440;2935
P194066303;P194066303_12;L;9500;0;0;11400;1200;2935
P194066303;P194066303_13;M;11400;0;0;13300;1200;2935
P194066303;P194066303_14;N;11400;1240;0;13300;2440;2935
P194066305;P194066305_1;A;0;0;0;1900;1200;2935
P194066305;P194066305_2;B;0;1240;0;1900;2440;2935
P194066305;P194066305_3;C;1900;1240;0;3800;2440;2935
P194066305;P194066305_4;D;1900;0;0;3800;1200;2935
P194066305;P194066305_5;E;3800;0;0;5700;1200;2935
P194066305;P194066305_6;F;3800;1240;0;5700;2440;2935
P194066305;P194066305_7;G;5700;1240;0;7600;2440;2935
P194066305;P194066305_8;H;5700;0;0;7600;1200;2935
P194066305;P194066305_9;I;7600;0;0;9500;1200;2935
P194066305;P194066305_10;J;7600;1240;0;9500;2440;2935
P194066305;P194066305_11;K;9500;1240;0;11400;2440;2935
P194066305;P194066305_12;L;9500;0;0;11400;1200;2935
P194066305;P194066305_13;M;11400;0;0;13300;1200;2935
P194066305;P194066305_14;N;11400;1240;0;13300;2440;2935
P193066309;P193066309_1;A;0;0;0;570;780;1771
P193066309;P193066309_2;B;0;1240;0;1900;2440;2935
P193066309;P193066309_3;C;570;0;0;2470;1200;2935
P193066309;P193066309_4;D;1900;1240;0;3800;2440;2935
P193066309;P193066309_5;E;2470;0;0;4370;1200;2935
P193066309;P193066309_6;F;3800;1240;0;5700;2440;2935
P193066309;P193066309_7;G;4370;0;0;6270;1200;2935
P193066309;P193066309_8;H;5700;1240;0;7600;2440;2935
P193066309;P193066309_9;I;6270;0;0;8170;1200;2935
P193066309;P193066309_10;J;7600;1240;0;9500;2440;2935
P193066309;P193066309_11;K;8170;0;0;10070;1200;2935
P193066309;P193066309_12;L;9500;1240;0;11400;2440;2935
P193066309;P193066309_13;M;10070;0;0;11970;1200;2935
P193066309;P193066309_14;N;11400;1240;0;13300;2440;2935
P193066309;P193066309_15;O;11970;0;0;12540;780;478
P193066303;P193066303_1;A;0;0;0;1900;1200;2935
P193066303;P193066303_2;B;0;1240;0;1900;2440;2935
P193066303;P193066303_3;C;1900;1240;0;3800;2440;2935
P193066303;P193066303_4;D;1900;0;0;3800;1200;2935
P193066303;P193066303_5;E;3800;0;0;5700;1200;2935
P193066303;P193066303_6;F;3800;1240;0;5700;2440;2935
P193066303;P193066303_7;G;5700;1240;0;7600;2440;2935
P193066303;P193066303_8;H;5700;0;0;7600;1200;2935
P193066303;P193066303_9;I;7600;0;0;9500;1200;2935
P193066303;P193066303_10;J;7600;1240;0;9500;2440;2935
P193066303;P193066303_11;K;9500;1240;0;11400;2440;2935
P193066303;P193066303_12;L;9500;0;0;11400;1200;2935
P193066303;P193066303_13;M;11400;0;0;13300;1200;2935
P193066303;P193066303_14;N;11400;1240;0;13300;2440;2935
P193066307;P193066307_1;A;0;0;0;1900;1200;2935
P193066307;P193066307_2;B;0;1240;0;1900;2440;2935
P193066307;P193066307_3;C;1900;1240;0;3800;2440;2935
P193066307;P193066307_4;D;1900;0;0;3800;1200;2935
P193066307;P193066307_5;E;3800;0;0;5700;1200;2935
P193066307;P193066307_6;F;3800;1240;0;5700;2440;2935
P193066307;P193066307_7;G;5700;1240;0;7600;2440;2935
P193066307;P193066307_8;H;5700;0;0;7600;1200;2935
P193066307;P193066307_9;I;7600;0;0;9500;1200;2935
P193066307;P193066307_10;J;7600;1240;0;9500;2440;2935
P193066307;P193066307_11;K;9500;1240;0;11400;2440;2935
P193066307;P193066307_12;L;9500;0;0;11400;1200;2935
P193066307;P193066307_13;M;11400;0;0;13300;1200;2935
P193066307;P193066307_14;N;11400;1240;0;13300;2440;2935
Q193066307_1;Q193066307_1_1;A;0;0;0;1900;1200;2935
Q193066307_1;Q193066307_1_2;B;0;1200;0;1900;2400;2935
Q193066307_1;Q193066307_1_3;C;1900;1240;0;3800;2440;2935
Q193066307_1;Q193066307_1_4;D;1900;0;0;3800;1200;2935
Q193066307_1;Q193066307_1_5;E;3800;1240;0;5700;2440;2935
Q193066307_1;Q193066307_1_6;F;3800;0;0;5700;1200;2935
Q193066307_1;Q193066307_1_7;G;5700;0;0;7600;1200;2935
Q193066307_1;Q193066307_1_8;H;5700;1240;0;7600;2440;2935
Q193066307_1;Q193066307_1_9;I;7600;1240;0;9500;2440;2935
Q193066307_1;Q193066307_1_10;J;7600;0;0;9500;1200;2935
Q193066307_1;Q193066307_1_11;K;9500;0;0;11400;1200;2935
Q193066307_1;Q193066307_1_12;L;9500;1240;0;11400;2440;2935
Q193066307_1;Q193066307_1_13;M;11400;1240;0;13300;2440;2935
Q193066307_1;Q193066307_1_14;N;11400;0;0;13300;1200;2935
P192066309;P192066309_1;A;0;0;0;570;780;1340
P192066309;P192066309_2;B;0;1240;0;1900;2440;2935
P192066309;P192066309_3;C;570;0;0;2470;1200;2935
P192066309;P192066309_4;D;1900;1240;0;3800;2440;2935
P192066309;P192066309_5;E;2470;0;0;4370;1200;2935
P192066309;P192066309_6;F;3800;1240;0;5700;2440;2935
P192066309;P192066309_7;G;4370;0;0;6270;1200;2935
P192066309;P192066309_8;H;5700;1240;0;7600;2440;2935
P192066309;P192066309_9;I;6270;0;0;8170;1200;2935
P192066309;P192066309_10;J;7600;1240;0;9500;2440;2935
P192066309;P192066309_11;K;8170;0;0;10070;1200;2935
P192066309;P192066309_12;L;9500;1240;0;11400;2440;2935
P192066309;P192066309_13;M;10070;0;0;11970;1200;2935
P192066309;P192066309_14;N;11400;1240;0;13300;2440;2935
P192066303;P192066303_1;A;0;0;0;1900;1200;2935
P192066303;P192066303_2;B;0;1240;0;1900;2440;2935
P192066303;P192066303_3;C;1900;1240;0;3800;2440;2935
P192066303;P192066303_4;D;1900;0;0;3800;1200;2935
P192066303;P192066303_5;E;3800;0;0;5700;1200;2935
P192066303;P192066303_6;F;3800;1240;0;5700;2440;2935
P192066303;P192066303_7;G;5700;1240;0;7600;2440;2935
P192066303;P192066303_8;H;5700;0;0;7600;1200;2935
P192066303;P192066303_9;I;7600;0;0;9500;1200;2935
P192066303;P192066303_10;J;7600;1240;0;9500;2440;2935
P192066303;P192066303_11;K;9500;1240;0;11400;2440;2935
P192066303;P192066303_12;L;9500;0;0;11400;1200;2935
P192066303;P192066303_13;M;11400;0;0;13300;1200;2935
P192066303;P192066303_14;N;11400;1240;0;13300;2440;2935
P192066305;P192066305_1;A;0;0;0;1900;1200;2935
P192066305;P192066305_2;B;0;1200;0;1900;2400;2935
P192066305;P192066305_3;C;1900;1240;0;3800;2440;2935
P192066305;P192066305_4;D;1900;0;0;3800;1200;2935
P192066305;P192066305_5;E;3800;0;0;5700;1200;2935
P192066305;P192066305_6;F;3800;1240;0;5700;2440;2935
P192066305;P192066305_7;G;5700;1240;0;7600;2440;2935
P192066305;P192066305_8;H;5700;0;0;7600;1200;2935
P192066305;P192066305_9;I;7600;0;0;9500;1200;2935
P192066305;P192066305_10;J;7600;1240;0;9500;2440;2935
P192066305;P192066305_11;K;9500;1240;0;11400;2440;2935
P192066305;P192066305_12;L;9500;0;0;11400;1200;2935
P192066305;P192066305_13;M;11400;0;0;13300;1200;2935
P192066305;P192066305_14;N;11400;1240;0;13300;2440;2935
P191066309;P191066309_1;A;0;0;0;1900;1200;2935
P191066309;P191066309_2;B;0;1200;0;1900;2400;2935
P191066309;P191066309_3;C;1900;1240;0;3800;2440;2935
P191066309;P191066309_4;D;1900;0;0;3800;1200;2935
P191066309;P191066309_5;E;3800;0;0;5700;1200;2935
P191066309;P191066309_6;F;3800;1240;0;5700;2440;2935
P191066309;P191066309_7;G;5700;1240;0;7600;2440;2935
P191066309;P191066309_8;H;5700;0;0;7600;1200;2935
P191066309;P191066309_9;I;7600;0;0;9500;1200;2935
P191066309;P191066309_10;J;7600;1240;0;9500;2440;2935
P191066309;P191066309_11;K;9500;1240;0;11400;2440;2935
P191066309;P191066309_12;L;9500;0;0;11400;1200;2935
P191066309;P191066309_13;M;11400;0;0;13300;1200;2935
P191066309;P191066309_14;N;11400;1240;0;13300;2440;2935
P191066303;P191066303_1;A;0;0;0;1900;1200;2935
P191066303;P191066303_2;B;0;1240;0;1900;2440;2935
P191066303;P191066303_3;C;1900;1240;0;3800;2440;2935
P191066303;P191066303_4;D;1900;0;0;3800;1200;2935
P191066303;P191066303_5;E;3800;0;0;5700;1200;2935
P191066303;P191066303_6;F;3800;1240;0;5700;2440;2935
P191066303;P191066303_7;G;5700;1240;0;7600;2440;2935
P191066303;P191066303_8;H;5700;0;0;7600;1200;2935
P191066303;P191066303_9;I;7600;0;0;9500;1200;2935
P191066303;P191066303_10;J;7600;1240;0;9500;2440;2935
P191066303;P191066303_11;K;9500;1240;0;11400;2440;2935
P191066303;P191066303_12;L;9500;0;0;11400;1200;2935
P191066303;P191066303_13;M;11400;0;0;13300;1200;2935
P191066303;P191066303_14;N;11400;1240;0;13300;2440;2935
P189066307;P189066307_1;A;0;0;0;570;780;1340
P189066307;P189066307_2;B;0;1240;0;1900;2440;2935
P189066307;P189066307_3;C;570;0;0;2470;1200;2935
P189066307;P189066307_4;D;1900;1240;0;3800;2440;2935
P189066307;P189066307_5;E;2470;0;0;4370;1200;2935
P189066307;P189066307_6;F;3800;1240;0;5700;2440;2935
P189066307;P189066307_7;G;4370;0;0;6270;1200;2935
P189066307;P189066307_8;H;5700;1240;0;7600;2440;2935
P189066307;P189066307_9;I;6270;0;0;8170;1200;2935
P189066307;P189066307_10;J;7600;1240;0;9500;2440;2935
P189066307;P189066307_11;K;8170;0;0;10070;1200;2935
P189066307;P189066307_12;L;9500;1240;0;11400;2440;2935
P189066307;P189066307_13;M;10070;0;0;11970;1200;2935
P189066307;P189066307_14;N;11400;1240;0;13300;2440;2935
P189066307;P189066307_15;O;11970;0;0;12980;1206;570
P188066309;P188066309_1;A;0;0;0;1900;1200;2935
P188066309;P188066309_2;B;0;1200;0;1900;2400;2935
P188066309;P188066309_3;C;1900;1240;0;3800;2440;2935
P188066309;P188066309_4;D;1900;0;0;3800;1200;2935
P188066309;P188066309_5;E;3800;1240;0;5700;2440;2935
P188066309;P188066309_6;F;3800;0;0;5700;1200;2935
P188066309;P188066309_7;G;5700;0;0;7600;1200;2935
P188066309;P188066309_8;H;5700;1240;0;7600;2440;2935
P188066309;P188066309_9;I;7600;1240;0;9500;2440;2935
P188066309;P188066309_10;J;7600;0;0;9500;1200;2935
P188066309;P188066309_11;K;9500;0;0;11400;1200;2935
P188066309;P188066309_12;L;9500;1240;0;11400;2440;2935
P188066309;P188066309_13;M;11400;1240;0;13300;2440;2935
P188066309;P188066309_14;N;11400;0;0;13300;1200;2935
P188066303;P188066303_1;A;0;0;0;1900;1200;2935
P188066303;P188066303_2;B;0;1200;0;1900;2400;2935
P188066303;P188066303_3;C;1900;1240;0;3800;2440;2935
P188066303;P188066303_4;D;1900;0;0;3800;1200;2935
P188066303;P188066303_5;E;3800;1240;0;5700;2440;2935
P188066303;P188066303_6;F;3800;0;0;5700;1200;2935
P188066303;P188066303_7;G;5700;0;0;7600;1200;2935
P188066303;P188066303_8;H;5700;1240;0;7600;2440;2935
P188066303;P188066303_9;I;7600;1240;0;9500;2440;2935
P188066303;P188066303_10;J;7600;0;0;9500;1200;2935
P188066303;P188066303_11;K;9500;0;0;11400;1200;2935
P188066303;P188066303_12;L;9500;1240;0;11400;2440;2935
P188066303;P188066303_13;M;11400;1240;0;13300;2440;2935
P188066303;P188066303_14;N;11400;0;0;13300;1200;2935
P188066305;P188066305_1;A;0;0;0;1900;1200;2935
P188066305;P188066305_2;B;0;1200;0;1900;2400;2935
P188066305;P188066305_3;C;1900;1240;0;3800;2440;2935
P188066305;P188066305_4;D;1900;0;0;3800;1200;2935
P188066305;P188066305_5;E;3800;1240;0;5700;2440;2935
P188066305;P188066305_6;F;3800;0;0;5700;1200;2935
P188066305;P188066305_7;G;5700;0;0;7600;1200;2935
P188066305;P188066305_8;H;5700;1240;0;7600;2440;2935
P188066305;P188066305_9;I;7600;1240;0;9500;2440;2935
P188066305;P188066305_10;J;7600;0;0;9500;1200;2935
P188066305;P188066305_11;K;9500;0;0;11400;1200;2935
P188066305;P188066305_12;L;9500;1240;0;11400;2440;2935
P188066305;P188066305_13;M;11400;1240;0;13300;2440;2935
P188066305;P188066305_14;N;11400;0;0;13300;1200;2935
P187066309;P187066309_1;A;0;0;0;1900;1200;2935
P187066309;P187066309_2;B;0;1240;0;1900;2440;2935
P187066309;P187066309_3;C;1900;1240;0;3800;2440;2935
P187066309;P187066309_4;D;1900;0;0;3800;1200;2935
P187066309;P187066309_5;E;3800;0;0;5700;1200;2935
P187066309;P187066309_6;F;3800;1660;0;4370;2440;1340
P187066309;P187066309_7;G;4370;1240;0;6270;2440;2935
P187066309;P187066309_8;H;5700;0;0;7600;1200;2935
P187066309;P187066309_9;I;6270;1240;0;8170;2440;2935
P187066309;P187066309_10;J;7600;0;0;9500;1200;2935
P187066309;P187066309_11;K;8170;1240;0;10070;2440;2935
P187066309;P187066309_12;L;9500;0;0;11400;1200;2935
P187066309;P187066309_13;M;10070;1240;0;11970;2440;2935
P187066309;P187066309_14;N;11400;0;0;13300;1200;2935
P187066303;P187066303_1;A;0;0;0;1900;1200;2935
P187066303;P187066303_2;B;0;1240;0;1900;2440;2935
P187066303;P187066303_3;C;1900;1240;0;3800;2440;2935
P187066303;P187066303_4;D;1900;0;0;3800;1200;2935
P187066303;P187066303_5;E;3800;0;0;5700;1200;2935
P187066303;P187066303_6;F;3800;1240;0;5700;2440;2935
P187066303;P187066303_7;G;5700;1240;0;7600;2440;2935
P187066303;P187066303_8;H;5700;0;0;7600;1200;2935
P187066303;P187066303_9;I;7600;0;0;9500;1200;2935
P187066303;P187066303_10;J;7600;1240;0;9500;2440;2935
P187066303;P187066303_11;K;9500;1240;0;11400;2440;2935
P187066303;P187066303_12;L;9500;0;0;11400;1200;2935
P187066303;P187066303_13;M;11400;0;0;13300;1200;2935
P187066303;P187066303_14;N;11400;1240;0;13300;2440;2935
P187066305;P187066305_1;A;0;1240;0;1900;2440;2935
P187066305;P187066305_2;B;0;0;0;1900;1200;2935
P187066305;P187066305_3;C;1900;0;0;3800;1200;2935
P187066305;P187066305_4;D;1900;1240;0;3800;2440;2935
P187066305;P187066305_5;E;3800;1240;0;5700;2440;2935
P187066305;P187066305_6;F;3800;0;0;5700;1200;2935
P187066305;P187066305_7;G;5700;0;0;7600;1200;2935
P187066305;P187066305_8;H;5700;1240;0;7600;2440;2935
P187066305;P187066305_9;I;7600;1240;0;9500;2440;2935
P187066305;P187066305_10;J;7600;0;0;9500;1200;2935
P187066305;P187066305_11;K;9500;0;0;11400;1200;2935
P187066305;P187066305_12;L;9500;1240;0;11400;2440;2935
P187066305;P187066305_13;M;11400;1240;0;13300;2440;2935
P187066305;P187066305_14;N;11400;0;0;13300;1200;2935
P186066309;P186066309_1;A;0;0;0;1900;1200;2935
P186066309;P186066309_2;B;0;1200;0;1900;2400;2935
P186066309;P186066309_3;C;1900;1240;0;3800;2440;2935
P186066309;P186066309_4;D;1900;0;0;3800;1200;2935
P186066309;P186066309_5;E;3800;0;0;5700;1200;2935
P186066309;P186066309_6;F;3800;1200;0;5700;2400;2935
P186066309;P186066309_7;G;5700;1240;0;7600;2440;2935
P186066309;P186066309_8;H;5700;0;0;7600;1200;2935
P186066309;P186066309_9;I;7600;1660;0;8170;2440;1771
P186066309;P186066309_10;J;7600;0;0;9500;1200;2935
P186066309;P186066309_11;K;8170;1240;0;10070;2440;2935
P186066309;P186066309_12;L;9500;0;0;11400;1200;2935
P186066309;P186066309_13;M;10070;1240;0;11970;2440;2935
P186066309;P186066309_14;N;11400;0;0;13300;1200;2935
P186066303;P186066303_1;A;0;0;0;1900;1200;2935
P186066303;P186066303_2;B;0;1240;0;1900;2440;2935
P186066303;P186066303_3;C;1900;1240;0;3800;2440;2935
P186066303;P186066303_4;D;1900;0;0;3800;1200;2935
P186066303;P186066303_5;E;3800;0;0;5700;1200;2935
P186066303;P186066303_6;F;3800;1240;0;5700;2440;2935
P186066303;P186066303_7;G;5700;1240;0;7600;2440;2935
P186066303;P186066303_8;H;5700;0;0;7600;1200;2935
P186066303;P186066303_9;I;7600;0;0;9500;1200;2935
P186066303;P186066303_10;J;7600;1240;0;9500;2440;2935
P186066303;P186066303_11;K;9500;1240;0;11400;2440;2935
P186066303;P186066303_12;L;9500;0;0;11400;1200;2935
P186066303;P186066303_13;M;11400;0;0;13300;1200;2935
P186066303;P186066303_14;N;11400;1240;0;13300;2440;2935
P186066307;P186066307_1;A;0;0;0;1900;1200;2935
P186066307;P186066307_2;B;0;1240;0;1900;2440;2935
P186066307;P186066307_3;C;1900;1240;0;3800;2440;2935
P186066307;P186066307_4;D;1900;0;0;3800;1200;2935
P186066307;P186066307_5;E;3800;0;0;5700;1200;2935
P186066307;P186066307_6;F;3800;1240;0;5700;2440;2935
P186066307;P186066307_7;G;5700;1240;0;7600;2440;2935
P186066307;P186066307_8;H;5700;0;0;7600;1200;2935
P186066307;P186066307_9;I;7600;0;0;9500;1200;2935
P186066307;P186066307_10;J;7600;1240;0;9500;2440;2935
P186066307;P186066307_11;K;9500;1660;0;10070;2440;909
P186066307;P186066307_12;L;9500;0;0;11400;1200;2935
P186066307;P186066307_13;M;10070;1240;0;11970;2440;2935
P186066307;P186066307_14;N;11400;0;0;13300;1200;2935
P186066307;P186066307_15;O;11970;1234;0;12980;2440;285
P185066309;P185066309_1;A;0;0;0;1900;1200;2935
P185066309;P185066309_2;B;0;1240;0;1900;2440;2935
P185066309;P185066309_3;C;1900;1240;0;3800;2440;2935
P185066309;P185066309_4;D;1900;0;0;3800;1200;2935
P185066309;P185066309_5;E;3800;0;0;5700;1200;2935
P185066309;P185066309_6;F;3800;1240;0;5700;2440;2935
P185066309;P185066309_7;G;5700;1240;0;7600;2440;2935
P185066309;P185066309_8;H;5700;0;0;7600;1200;2935
P185066309;P185066309_9;I;7600;0;0;9500;1200;2935
P185066309;P185066309_10;J;7600;1240;0;9500;2440;2935
P185066309;P185066309_11;K;9500;1240;0;11400;2440;2935
P185066309;P185066309_12;L;9500;0;0;11400;1200;2935
P185066309;P185066309_13;M;11400;0;0;13300;1200;1490
P185066303;P185066303_1;A;0;0;0;1900;1200;2935
P185066303;P185066303_2;B;0;1240;0;1900;2440;2935
P185066303;P185066303_3;C;1900;1240;0;3800;2440;2935
P185066303;P185066303_4;D;1900;0;0;3800;1200;2935
P185066303;P185066303_5;E;3800;0;0;5700;1200;2935
P185066303;P185066303_6;F;3800;1240;0;5700;2440;2935
P185066303;P185066303_7;G;5700;1240;0;7600;2440;2935
P185066303;P185066303_8;H;5700;0;0;7600;1200;2935
P185066303;P185066303_9;I;7600;0;0;9500;1200;2935
P185066303;P185066303_10;J;7600;1240;0;9500;2440;2935
P185066303;P185066303_11;K;9500;1240;0;11400;2440;2935
P185066303;P185066303_12;L;9500;0;0;11400;1200;2935
P185066303;P185066303_13;M;11400;0;0;13300;1200;2935
P185066303;P185066303_14;N;11400;1240;0;13300;2440;2935
P185066305;P185066305_1;A;0;0;0;1900;1200;2935
P185066305;P185066305_2;B;0;1240;0;1900;2440;2935
P185066305;P185066305_3;C;1900;1240;0;3800;2440;2935
P185066305;P185066305_4;D;1900;0;0;3800;1200;2935
P185066305;P185066305_5;E;3800;0;0;5700;1200;2935
P185066305;P185066305_6;F;3800;1660;0;4370;2440;909
P185066305;P185066305_7;G;4370;1240;0;6270;2440;2935
P185066305;P185066305_8;H;5700;0;0;7600;1200;2935
P185066305;P185066305_9;I;6270;1240;0;8170;2440;2935
P185066305;P185066305_10;J;7600;0;0;9500;1200;2935
P185066305;P185066305_11;K;8170;1240;0;10070;2440;2935
P185066305;P185066305_12;L;9500;0;0;11400;1200;2935
P185066305;P185066305_13;M;10070;1240;0;11970;2440;2935
P185066305;P185066305_14;N;11400;0;0;13300;1200;2935
P184066309;P184066309_1;A;0;0;0;1900;1200;2935
P184066309;P184066309_2;B;0;1240;0;1900;2440;2935
P184066309;P184066309_3;C;1900;1240;0;3800;2440;2935
P184066309;P184066309_4;D;1900;0;0;3800;1200;2935
P184066309;P184066309_5;E;3800;0;0;5700;1200;2935
P184066309;P184066309_6;F;3800;1240;0;5700;2440;2935
P184066309;P184066309_7;G;5700;1240;0;7600;2440;2935
P184066309;P184066309_8;H;5700;0;0;7600;1200;2935
P184066309;P184066309_9;I;7600;0;0;9500;1200;2935
P184066309;P184066309_10;J;7600;1240;0;9500;2440;2935
P184066309;P184066309_11;K;9500;1240;0;11400;2440;2935
P184066309;P184066309_12;L;9500;0;0;11400;1200;2935
P184066309;P184066309_13;M;11400;0;0;13300;1200;1490
P180066401;P180066401_1;A;0;1240;0;1900;2440;2715
P180066401;P180066401_2;B;0;0;0;1900;1200;2820
P180066401;P180066401_3;C;1900;0;0;3800;1200;2820
P180066401;P180066401_4;D;1900;1240;0;3500;2440;2865
P180066401;P180066401_5;E;3500;1240;0;5100;2440;2865
P180066401;P180066401_6;F;3800;0;0;5700;1200;2305
P180066401;P180066401_7;G;5100;1240;0;6700;2440;2865
P180066401;P180066401_8;H;5700;0;0;7300;1200;2865
P180066401;P180066401_9;I;6700;1240;0;8600;2440;2715
P180066401;P180066401_10;J;7300;0;0;9200;1200;2715
P180066401;P180066401_11;K;8600;1240;0;10500;2440;2715
P180066401;P180066401_12;L;9200;0;0;11100;1200;2305
P180066401;P180066401_13;M;10500;1240;0;12400;2440;2820
P180066401;P180066401_14;N;11100;0;0;13000;1200;2820
P179066405;P179066405_1;A;0;0;0;1600;1200;2865
P179066405;P179066405_2;B;0;1240;0;1600;2440;2865
P179066405;P179066405_3;C;1600;1240;0;3200;2440;2865
P179066405;P179066405_4;D;1600;0;0;3200;1200;2865
P179066405;P179066405_5;E;3200;0;0;4800;1200;2865
P179066405;P179066405_6;F;3200;1240;0;4800;2440;2865
P179066405;P179066405_7;G;4800;1240;0;6400;2440;2865
P179066405;P179066405_8;H;4800;0;0;6400;1200;2865
P179066405;P179066405_9;I;6400;0;0;8000;1200;2865
P179066405;P179066405_10;J;6400;1240;0;8300;2440;2820
P179066405;P179066405_11;K;8000;0;0;9900;1200;2820
P179066405;P179066405_12;L;8300;1240;0;10200;2440;2820
P179066405;P179066405_13;M;9900;0;0;11800;1200;2820
P179066405;P179066405_14;N;10200;1240;0;11800;2440;2865
P179066405;P179066405_15;O;11800;1240;0;13400;2440;2865
P179066405;P179066405_16;P;11800;0;0;13400;1200;2865
P179066401;P179066401_1;A;0;1240;0;1600;2440;2865
P179066401;P179066401_2;B;0;0;0;1600;1200;2865
P179066401;P179066401_3;C;1600;0;0;3200;1200;2865
P179066401;P179066401_4;D;1600;1240;0;3200;2440;2865
P179066401;P179066401_5;E;3200;1240;0;5100;2440;2715
P179066401;P179066401_6;F;3200;0;0;5100;1200;2715
P179066401;P179066401_7;G;5100;0;0;7000;1200;2715
P179066401;P179066401_8;H;5100;1240;0;6700;2440;2865
P179066401;P179066401_9;I;6700;1240;0;8600;2440;2715
P179066401;P179066401_10;J;7000;0;0;8900;1200;2820
P179066401;P179066401_11;K;8600;1240;0;10500;2440;2820
P179066401;P179066401_12;L;8900;0;0;10500;1200;2865
P179066401;P179066401_13;M;10500;1240;0;12100;2440;2865
P179066401;P179066401_14;N;10500;0;0;12100;1200;2865
P179066401;P179066401_15;O;12100;0;0;13300;1600;2865
P178066401;P178066401_1;A;0;1240;0;1900;2440;2305
P178066401;P178066401_2;B;0;0;0;1900;1200;2820
P178066401;P178066401_3;C;1900;0;0;3800;1200;2820
P178066401;P178066401_4;D;1900;1240;0;3800;2440;2820
P178066401;P178066401_5;E;3800;1240;0;5700;2440;2820
P178066401;P178066401_6;F;3800;0;0;5400;1200;2865
P178066401;P178066401_7;G;5400;0;0;7000;1200;2865
P178066401;P178066401_8;H;5700;1240;0;7600;2440;2820
P178066401;P178066401_9;I;7000;0;0;8600;1200;2865
P178066401;P178066401_10;J;7600;1240;0;9500;2440;2820
P178066401;P178066401_11;K;8600;0;0;10500;1200;2715
P178066401;P178066401_12;L;9500;1240;0;11400;2440;2715
P178066401;P178066401_13;M;10500;0;0;12400;1200;2715
P178066401;P178066401_14;N;11400;1240;0;13300;2440;2715
P177066405;P177066405_1;A;0;0;0;1900;1200;2715
P177066405;P177066405_2;B;0;1240;0;1600;2440;2865
P177066405;P177066405_3;C;1600;1240;0;3200;2440;2865
P177066405;P177066405_4;D;1900;0;0;3800;1200;2305
P177066405;P177066405_5;E;3200;1240;0;4800;2440;2865
P177066405;P177066405_6;F;3800;0;0;5400;1200;2865
P177066405;P177066405_7;G;4800;1240;0;6400;2440;2865
P177066405;P177066405_8;H;5400;0;0;7000;1200;2865
P177066405;P177066405_9;I;6400;1240;0;8300;2440;2820
P177066405;P177066405_10;J;7000;0;0;8600;1200;2865
P177066405;P177066405_11;K;8300;1240;0;10200;2440;2820
P177066405;P177066405_12;L;8600;0;0;10500;1200;2820
P177066405;P177066405_13;M;10200;1240;0;12100;2440;2820
P177066405;P177066405_14;N;10500;0;0;12100;1200;2865
P177066405;P177066405_15;O;12100;0;0;13300;1900;2715
P177066401;P177066401_1;A;0;0;0;1900;1200;2715
P177066401;P177066401_2;B;0;1240;0;1900;2440;2305
P177066401;P177066401_3;C;1900;1240;0;3500;2440;2865
P177066401;P177066401_4;D;1900;0;0;3500;1200;2865
P177066401;P177066401_5;E;3500;0;0;5100;1200;2865
P177066401;P177066401_6;F;3500;1240;0;5400;2440;2820
P177066401;P177066401_7;G;5100;0;0;6700;1200;2865
P177066401;P177066401_8;H;5400;1240;0;7000;2440;2865
P177066401;P177066401_9;I;6700;0;0;8300;1200;2865
P177066401;P177066401_10;J;7000;1240;0;8600;2440;2865
P177066401;P177066401_11;K;8300;0;0;10200;1200;2715
P177066401;P177066401_12;L;8600;1240;0;10500;2440;2715
P177066401;P177066401_13;M;10200;0;0;12100;1200;2820
P177066401;P177066401_14;N;10500;1240;0;12100;2440;2865
P177066401;P177066401_15;O;12100;0;0;13300;1600;2865
P174066405;P174066405_1;A;0;0;0;1600;1200;2865
P174066405;P174066405_2;B;0;1200;0;1600;2400;2865
P174066405;P174066405_3;C;1600;1240;0;3200;2440;2865
P174066405;P174066405_4;D;1600;0;0;3200;1200;2865
P174066405;P174066405_5;E;3200;0;0;4800;1200;2865
P174066405;P174066405_6;F;3200;1240;0;4800;2440;2865
P174066405;P174066405_7;G;4800;1240;0;6400;2440;2865
P174066405;P174066405_8;H;4800;0;0;6700;1200;2715
P174066405;P174066405_9;I;6400;1240;0;8300;2440;2305
P174066405;P174066405_10;J;6700;0;0;8300;1200;2865
P174066405;P174066405_11;K;8300;0;0;10200;1200;2305
P174066405;P174066405_12;L;8300;1240;0;10200;2440;2820
P174066405;P174066405_13;M;10200;1240;0;11800;2440;2865
P174066405;P174066405_14;N;10200;0;0;11800;1200;2865
P174066405;P174066405_15;O;11800;0;0;13400;1200;2865
P174066405;P174066405_16;P;11800;1240;0;13400;2440;2865
P174066401;P174066401_1;A;0;0;0;1900;1200;2715
P174066401;P174066401_2;B;0;1240;0;1900;2440;2715
P174066401;P174066401_3;C;1900;1240;0;3800;2440;2305
P174066401;P174066401_4;D;1900;0;0;3800;1200;2820
P174066401;P174066401_5;E;3800;0;0;5700;1200;2820
P174066401;P174066401_6;F;3800;1240;0;5700;2440;2305
P174066401;P174066401_7;G;5700;1240;0;7300;2440;2865
P174066401;P174066401_8;H;5700;0;0;7300;1200;2865
P174066401;P174066401_9;I;7300;0;0;8900;1200;2865
P174066401;P174066401_10;J;7300;1240;0;9200;2440;2715
P174066401;P174066401_11;K;8900;0;0;10800;1200;2715
P174066401;P174066401_12;L;9200;1240;0;11100;2440;2820
P174066401;P174066401_13;M;10800;0;0;12700;1200;2820
P174066401;P174066401_14;N;11100;1240;0;12700;2440;2865
P173066403;P173066403_1;A;0;0;0;1600;1200;2865
P173066403;P173066403_2;B;0;1200;0;1600;2400;2865
P173066403;P173066403_3;C;1600;1240;0;3200;2440;2865
P173066403;P173066403_4;D;1600;0;0;3200;1200;2865
P173066403;P173066403_5;E;3200;0;0;5100;1200;2820
P173066403;P173066403_6;F;3200;1240;0;5100;2440;2820
P173066403;P173066403_7;G;5100;1240;0;6700;2440;2865
P173066403;P173066403_8;H;5100;0;0;7000;1200;2820
P173066403;P173066403_9;I;6700;1240;0;8600;2440;2820
P173066403;P173066403_10;J;7000;0;0;8900;1200;1380
P173066403;P173066403_11;K;8600;1234;0;9610;2440;2725
P173066403;P173066403_12;L;8900;0;0;9910;1206;2840
P173066403;P173066403_13;M;9610;1234;0;10620;2440;2655
P173066403;P173066403_14;N;9910;0;0;10920;1206;2840
P173066403;P173066403_15;O;10620;1234;0;11630;2440;2355
P173066403;P173066403_16;P;10920;0;0;11930;1206;2910
P173066403;P173066403_17;Q;11630;1240;0;12630;2440;1290
P173066401;P173066401_1;A;0;1240;0;1900;2440;2715
P173066401;P173066401_2;B;0;0;0;1600;1200;2865
P173066401;P173066401_3;C;1600;0;0;3200;1200;2865
P173066401;P173066401_4;D;1900;1240;0;3500;2440;2865
P173066401;P173066401_5;E;3200;0;0;4800;1200;2865
P173066401;P173066401_6;F;3500;1240;0;5100;2440;2865
P173066401;P173066401_7;G;4800;0;0;6400;1200;2865
P173066401;P173066401_8;H;5100;1240;0;6700;2440;2865
P173066401;P173066401_9;I;6400;0;0;8000;1200;2865
P173066401;P173066401_10;J;6700;1240;0;8600;2440;2715
P173066401;P173066401_11;K;8000;0;0;9900;1200;2305
P173066401;P173066401_12;L;8600;1240;0;10500;2440;2820
P173066401;P173066401_13;M;9900;0;0;11800;1200;2820
P173066401;P173066401_14;N;10500;1240;0;12400;2440;2820
P173066401;P173066401_15;O;11800;0;0;13400;1200;2865
P172066405;P172066405_1;A;0;1240;0;1600;2440;2865
P172066405;P172066405_2;B;0;0;0;1600;1200;2865
P172066405;P172066405_3;C;1600;0;0;3200;1200;2865
P172066405;P172066405_4;D;1600;1240;0;3200;2440;2865
P172066405;P172066405_5;E;3200;1240;0;5100;2440;2715
P172066405;P172066405_6;F;3200;0;0;5100;1200;2715
P172066405;P172066405_7;G;5100;0;0;6700;1200;2865
P172066405;P172066405_8;H;5100;1240;0;6700;2440;2865
P172066405;P172066405_9;I;6700;1240;0;8300;2440;2865
P172066405;P172066405_10;J;6700;0;0;8600;1200;2820
P172066405;P172066405_11;K;8300;1240;0;9900;2440;2865
P172066405;P172066405_12;L;8600;0;0;10200;1200;2865
P172066405;P172066405_13;M;9900;1240;0;11500;2440;2865
P172066405;P172066405_14;N;10200;0;0;11800;1200;2865
P172066405;P172066405_15;O;11500;1240;0;13100;2440;2865
P172066405;P172066405_16;P;11800;0;0;13400;1200;2865
P172066401;P172066401_1;A;0;0;0;1900;1200;2820
P172066401;P172066401_2;B;0;1240;0;1600;2440;2865
P172066401;P172066401_3;C;1600;1240;0;3200;2440;2865
P172066401;P172066401_4;D;1900;0;0;3800;1200;2715
P172066401;P172066401_5;E;3200;1240;0;5100;2440;2715
P172066401;P172066401_6;F;3800;0;0;5700;1200;2820
P172066401;P172066401_7;G;5100;1240;0;7000;2440;2820
P172066401;P172066401_8;H;5700;0;0;7600;1200;2820
P172066401;P172066401_9;I;7000;1240;0;8600;2440;2865
P172066401;P172066401_10;J;7600;0;0;9500;1200;2715
P172066401;P172066401_11;K;8600;1240;0;10500;2440;2305
P172066401;P172066401_12;L;9500;0;0;11400;1200;2820
P172066401;P172066401_13;M;10500;1240;0;12100;2440;2865
P172066401;P172066401_14;N;11400;0;0;13000;1200;2865
P171066401;P171066401_1;A;0;0;0;1600;1200;2865
P171066401;P171066401_2;B;0;1240;0;1900;2440;2715
P171066401;P171066401_3;C;1600;0;0;3200;1200;2865
P171066401;P171066401_4;D;1900;1240;0;3800;2440;2715
P171066401;P171066401_5;E;3200;0;0;5100;1200;2715
P171066401;P171066401_6;F;3800;1240;0;5400;2440;2865
P171066401;P171066401_7;G;5100;0;0;6700;1200;2865
P171066401;P171066401_8;H;5400;1240;0;7000;2440;2865
P171066401;P171066401_9;I;6700;0;0;8300;1200;2865
P171066401;P171066401_10;J;7000;1240;0;8600;2440;2865
P171066401;P171066401_11;K;8300;0;0;9900;1200;2865
P171066401;P171066401_12;L;8600;1240;0;10200;2440;2865
P171066401;P171066401_13;M;9900;0;0;11500;1200;2865
P171066401;P171066401_14;N;10200;1240;0;11800;2440;2865
P171066401;P171066401_15;O;11500;0;0;13400;1200;2820
P171066401;P171066401_16;P;11800;1240;0;13400;2440;2865
Q171066401_1;Q171066401_1_1;A;0;0;0;1900;1200;2715
Q171066401_1;Q171066401_1_2;B;0;1240;0;1900;2440;2715
Q171066401_1;Q171066401_1_3;C;1900;1240;0;3800;2440;2715
Q171066401_1;Q171066401_1_4;D;1900;0;0;3800;1200;2715
Q171066401_1;Q171066401_1_5;E;3800;0;0;5700;1200;2715
Q171066401_1;Q171066401_1_6;F;3800;1240;0;5700;2440;2820
Q171066401_1;Q171066401_1_7;G;5700;1240;0;7600;2440;2820
Q171066401_1;Q171066401_1_8;H;5700;0;0;7600;1200;2820
Q171066401_1;Q171066401_1_9;I;7600;0;0;9500;1200;2820
Q171066401_1;Q171066401_1_10;J;7600;1240;0;9500;2440;1895
Q171066401_1;Q171066401_1_11;K;9500;1240;0;11100;2440;2865
Q171066401_1;Q171066401_1_12;L;9500;0;0;11100;1200;2865
Q171066401_1;Q171066401_1_13;M;11100;0;0;12300;1900;2715
Q171066401_1;Q171066401_1_14;N;12300;0;0;13500;1600;2865
P170066405;P170066405_1;A;0;0;0;1600;1200;2865
P170066405;P170066405_2;B;0;1200;0;1600;2400;2865
P170066405;P170066405_3;C;1600;1240;0;3200;2440;2865
P170066405;P170066405_4;D;1600;0;0;3200;1200;2865
P170066405;P170066405_5;E;3200;1240;0;5100;2440;2715
P170066405;P170066405_6;F;3200;0;0;4800;1200;2865
P170066405;P170066405_7;G;4800;0;0;6400;1200;2865
P170066405;P170066405_8;H;5100;1240;0;6700;2440;2865
P170066405;P170066405_9;I;6400;0;0;8300;1200;2715
P170066405;P170066405_10;J;6700;1240;0;8600;2440;2715
P170066405;P170066405_11;K;8300;0;0;10200;1200;2820
P170066405;P170066405_12;L;8600;1240;0;10200;2440;2865
P170066405;P170066405_13;M;10200;0;0;11800;1200;2865
P170066405;P170066405_14;N;10200;1240;0;11800;2440;2865
P170066405;P170066405_15;O;11800;0;0;13000;1900;1895
Q170066405_1;Q170066405_1_1;A;0;0;0;1900;1200;2820
Q170066405_1;Q170066405_1_2;B;0;1240;0;1900;2440;970
Q170066405_1;Q170066405_1_3;C;1900;1240;0;3500;2440;1455
P240065607;P240065607_1;A;0;620;0;1600;1820;1200
P240065607;P240065607_2;B;1600;620;0;3200;1820;2355
P240065607;P240065607_3;C;3200;1240;0;4800;2440;2355
P240065607;P240065607_4;D;3200;20;0;4800;1220;2355
P240065607;P240065607_5;E;4800;1240;0;6400;2440;2355
P240065607;P240065607_6;F;4800;0;0;6400;1200;2355
P240065607;P240065607_7;G;6400;0;0;8000;1200;1200
P240065607;P240065607_8;H;6400;1240;0;8000;2440;1200
P240065607;P240065607_9;I;8000;1240;0;9600;2440;1200
P240065607;P240065607_10;J;8000;0;0;9600;1200;1200
P240065607;P240065607_11;K;9600;0;0;11200;1200;1200
P240065607;P240065607_12;L;9600;1240;0;11200;2440;1200
P240065607;P240065607_13;M;11200;1240;0;12800;2440;1200
P240065607;P240065607_14;N;11200;0;0;12800;1200;1200
P240065701;P240065701_1;A;0;620;0;1600;1820;1200
P240065701;P240065701_2;B;1600;1240;0;3200;2440;1200
P240065701;P240065701_3;C;1600;0;0;3200;1200;1200
P240065701;P240065701_4;D;3200;620;0;4800;1820;1200
P240065701;P240065701_5;E;4800;620;0;6400;1820;2355
P240065701;P240065701_6;F;6400;1240;0;8000;2440;2355
P240065701;P240065701_7;G;6400;0;0;8000;1200;2355
P240065701;P240065701_8;H;8000;0;0;9600;1200;2355
P240065701;P240065701_9;I;8000;1240;0;9600;2440;2355
P240065701;P240065701_10;J;9600;1240;0;11200;2440;2355
P240065701;P240065701_11;K;9600;0;0;11200;1200;2355
P240065701;P240065701_12;L;11200;0;0;12800;1200;1200
Q240065701_1;Q240065701_1_1;A;0;620;0;1600;1820;1200
Q240065701_1;Q240065701_1_2;B;1600;1240;0;3200;2440;1200
Q240065701_1;Q240065701_1_3;C;1600;0;0;3200;1200;1200
Q240065701_1;Q240065701_1_4;D;3200;0;0;4800;1200;1200
Q240065701_1;Q240065701_1_5;E;3200;1240;0;4800;2440;1200
Q240065701_1;Q240065701_1_6;F;4800;1240;0;6400;2440;1200
Q240065701_1;Q240065701_1_7;G;4800;0;0;6400;1200;1200
Q240065701_1;Q240065701_1_8;H;6400;0;0;8000;1200;1200
Q240065701_1;Q240065701_1_9;I;6400;1240;0;8000;2440;1200
Q240065701_1;Q240065701_1_10;J;8000;1240;0;9600;2440;1200
Q240065701_1;Q240065701_1_11;K;8000;0;0;9600;1200;1200
Q240065701_1;Q240065701_1_12;L;9600;0;0;11200;1200;1200
Q240065701_1;Q240065701_1_13;M;9600;1240;0;11200;2440;1200
Q240065701_1;Q240065701_1_14;N;11200;1240;0;12800;2440;1200
Q240065701_1;Q240065701_1_15;O;11200;0;0;12800;1200;1200
P209065607;P209065607_1;A;0;1240;0;1600;2440;1200
P209065607;P209065607_2;B;0;0;0;1600;1200;1200
P209065607;P209065607_3;C;1600;620;0;3200;1820;1200
P209065607;P209065607_4;D;3200;1240;0;4800;2440;2355
P209065607;P209065607_5;E;3200;0;0;4800;1200;2355
P209065607;P209065607_6;F;4800;620;0;6400;1820;1200
P209065607;P209065607_7;G;6400;1240;0;8000;2440;1200
P209065607;P209065607_8;H;6400;0;0;8000;1200;1200
P209065607;P209065607_9;I;8000;0;0;9600;1200;1200
P209065607;P209065607_10;J;8000;1240;0;9600;2440;1200
P209065607;P209065607_11;K;9600;1240;0;11200;2440;1200
P209065607;P209065607_12;L;9600;0;0;11200;1200;1200
P209065607;P209065607_13;M;11200;0;0;12800;1200;1200
P209065607;P209065607_14;N;11200;1240;0;12800;2440;1200
P209065711;P209065711_1;A;0;620;0;1600;1820;1200
P209065711;P209065711_2;B;1600;620;0;3200;1820;1200
P209065711;P209065711_3;C;3200;620;0;4800;1820;2355
P209065711;P209065711_4;D;4800;620;0;6400;1820;2355
P209065711;P209065711_5;E;6400;1240;0;8000;2440;2355
P209065711;P209065711_6;F;6400;0;0;8000;1200;2355
P209065711;P209065711_7;G;8000;0;0;9600;1200;2355
P209065711;P209065711_8;H;8000;1240;0;9600;2440;2355
P209065711;P209065711_9;I;9600;1240;0;11200;2440;1200
P209065711;P209065711_10;J;9600;0;0;11200;1200;1200
P209065711;P209065711_11;K;11200;0;0;12800;1200;1200
P209065711;P209065711_12;L;11200;1240;0;12800;2440;1200
P208065607;P208065607_1;A;0;620;0;1600;1820;1200
P208065607;P208065607_2;B;1600;1240;0;3200;2440;1200
P208065607;P208065607_3;C;1600;20;0;3200;1220;1200
P208065607;P208065607_4;D;3200;620;0;4800;1820;2355
P208065607;P208065607_5;E;4800;620;0;6400;1820;2355
P208065607;P208065607_6;F;6400;1240;0;8000;2440;2355
P208065607;P208065607_7;G;6400;0;0;8000;1200;2355
P208065607;P208065607_8;H;8000;1240;0;9600;2440;2355
P208065607;P208065607_9;I;8000;0;0;9600;1200;2355
P208065607;P208065607_10;J;9600;0;0;11200;1200;2355
P208065607;P208065607_11;K;9600;1240;0;11200;2440;1200
P208065607;P208065607_12;L;11200;1240;0;12800;2440;1200
P208065711;P208065711_1;A;0;620;0;1600;1820;1200
P208065711;P208065711_2;B;1600;620;0;3200;1820;1200
P208065711;P208065711_3;C;3200;620;0;4800;1820;2355
P208065711;P208065711_4;D;4800;620;0;6400;1820;2355
P208065711;P208065711_5;E;6400;1240;0;8000;2440;2355
P208065711;P208065711_6;F;6400;0;0;8000;1200;2355
P208065711;P208065711_7;G;8000;0;0;9600;1200;2355
P208065711;P208065711_8;H;8000;1240;0;9600;2440;2355
P208065711;P208065711_9;I;9600;1240;0;11200;2440;1200
P208065711;P208065711_10;J;9600;0;0;11200;1200;1200
P208065711;P208065711_11;K;11200;0;0;12800;1200;1200
P208065711;P208065711_12;L;11200;1240;0;12800;2440;1200
P207065607;P207065607_1;A;0;620;0;1600;1820;1200
P207065607;P207065607_2;B;1600;1240;0;3200;2440;1200
P207065607;P207065607_3;C;1600;20;0;3200;1220;1200
P207065607;P207065607_4;D;3200;620;0;4800;1820;1200
P207065607;P207065607_5;E;4800;620;0;6400;1820;2355
P207065607;P207065607_6;F;6400;1240;0;8000;2440;2355
P207065607;P207065607_7;G;6400;0;0;8000;1200;2355
P207065607;P207065607_8;H;8000;0;0;9600;1200;2355
P207065607;P207065607_9;I;8000;1240;0;9600;2440;2355
P207065607;P207065607_10;J;9600;1240;0;11200;2440;2355
P207065607;P207065607_11;K;9600;0;0;11200;1200;2355
P207065607;P207065607_12;L;11200;0;0;12800;1200;1200
P207065711;P207065711_1;A;0;0;0;1600;1200;1200
P207065711;P207065711_2;B;0;1240;0;1600;2440;1200
P207065711;P207065711_3;C;1600;620;0;3200;1820;1200
P207065711;P207065711_4;D;3200;1240;0;4800;2440;1200
P207065711;P207065711_5;E;3200;0;0;4800;1200;1200
P207065711;P207065711_6;F;4800;620;0;6400;1820;2355
P207065711;P207065711_7;G;6400;1240;0;8000;2440;2355
P207065711;P207065711_8;H;6400;0;0;8000;1200;2355
P207065711;P207065711_9;I;8000;1240;0;9600;2440;2355
P207065711;P207065711_10;J;8000;0;0;9600;1200;1200
P207065711;P207065711_11;K;9600;0;0;11200;1200;1200
P207065711;P207065711_12;L;9600;1240;0;11200;2440;1200
P207065711;P207065711_13;M;11200;1240;0;12800;2440;1200
P207065711;P207065711_14;N;11200;0;0;12800;1200;1200
P207065705;P207065705_1;A;0;620;0;1600;1820;1200
P207065705;P207065705_2;B;1600;620;0;3200;1820;1200
P207065705;P207065705_3;C;3200;1240;0;4800;2440;1200
P207065705;P207065705_4;D;3200;20;0;4800;1220;1200
P207065705;P207065705_5;E;4800;0;0;6400;1200;2355
P207065705;P207065705_6;F;4800;1220;0;6400;2420;2355
P207065705;P207065705_7;G;6400;1240;0;8000;2440;2355
P207065705;P207065705_8;H;6400;0;0;8000;1200;2355
P207065705;P207065705_9;I;8000;0;0;9600;1200;1200
P207065705;P207065705_10;J;8000;1240;0;9600;2440;1200
P207065705;P207065705_11;K;9600;1240;0;11200;2440;1200
P207065705;P207065705_12;L;9600;0;0;11200;1200;1200
P207065705;P207065705_13;M;11200;0;0;12800;1200;1200
P207065705;P207065705_14;N;11200;1240;0;12800;2440;1200
P206065607;P206065607_1;A;0;620;0;1600;1820;1200
P206065607;P206065607_2;B;1600;620;0;3200;1820;1200
P206065607;P206065607_3;C;3200;620;0;4800;1820;1200
P206065607;P206065607_4;D;4800;620;0;6400;1820;2355
P206065607;P206065607_5;E;6400;1240;0;8000;2440;2355
P206065607;P206065607_6;F;6400;0;0;8000;1200;2355
P206065607;P206065607_7;G;8000;0;0;9600;1200;2355
P206065607;P206065607_8;H;8000;1240;0;9600;2440;2355
P206065607;P206065607_9;I;9600;1240;0;11200;2440;2355
P206065607;P206065607_10;J;9600;0;0;11200;1200;1200
P206065607;P206065607_11;K;11200;0;0;12800;1200;1200
P206065607;P206065607_12;L;11200;1240;0;12800;2440;1200
P206065711;P206065711_1;A;0;620;0;1600;1820;1200
P206065711;P206065711_2;B;1600;620;0;3200;1820;1200
P206065711;P206065711_3;C;3200;1240;0;4800;2440;1200
P206065711;P206065711_4;D;3200;20;0;4800;1220;1200
P206065711;P206065711_5;E;4800;620;0;6400;1820;2355
P206065711;P206065711_6;F;6400;1240;0;8000;2440;2355
P206065711;P206065711_7;G;6400;0;0;8000;1200;2355
P206065711;P206065711_8;H;8000;1240;0;9600;2440;2355
P206065711;P206065711_9;I;8000;0;0;9600;1200;1200
P206065711;P206065711_10;J;9600;0;0;11200;1200;1200
P206065711;P206065711_11;K;9600;1240;0;11200;2440;1200
P206065711;P206065711_12;L;11200;1240;0;12800;2440;1200
P206065711;P206065711_13;M;11200;0;0;12800;1200;1200
P205065607;P205065607_1;A;0;0;0;1600;1200;1200
P205065607;P205065607_2;B;0;1220;0;1600;2420;1200
P205065607;P205065607_3;C;1600;620;0;3200;1820;1200
P205065607;P205065607_4;D;3200;620;0;4800;1820;1200
P205065607;P205065607_5;E;4800;620;0;6400;1820;2355
P205065607;P205065607_6;F;6400;1240;0;8000;2440;2355
P205065607;P205065607_7;G;6400;0;0;8000;1200;2355
P205065607;P205065607_8;H;8000;1240;0;9600;2440;2355
P205065607;P205065607_9;I;8000;0;0;9600;1200;2355
P205065607;P205065607_10;J;9600;0;0;11200;1200;2355
P205065607;P205065607_11;K;9600;1240;0;11200;2440;2355
P205065607;P205065607_12;L;11200;1240;0;12800;2440;1200
Q205065607_1;Q205065607_1_1;A;0;620;0;1600;1820;1200
Q205065607_1;Q205065607_1_2;B;1600;620;0;3200;1820;2355
Q205065607_1;Q205065607_1_3;C;3200;620;0;4800;1820;2355
Q205065607_1;Q205065607_1_4;D;4800;1240;0;6400;2440;2355
Q205065607_1;Q205065607_1_5;E;4800;0;0;6400;1200;2355
Q205065607_1;Q205065607_1_6;F;6400;1240;0;8000;2440;1200
Q205065607_1;Q205065607_1_7;G;6400;0;0;8000;1200;1200
Q205065607_1;Q205065607_1_8;H;8000;0;0;9600;1200;1200
Q205065607_1;Q205065607_1_9;I;8000;1240;0;9600;2440;1200
Q205065607_1;Q205065607_1_10;J;9600;1240;0;11200;2440;1200
Q205065607_1;Q205065607_1_11;K;9600;0;0;11200;1200;1200
Q205065607_1;Q205065607_1_12;L;11200;0;0;12800;1200;1200
Q205065607_1;Q205065607_1_13;M;11200;1240;0;12800;2440;1200
P205065711;P205065711_1;A;0;620;0;1600;1820;1200
P205065711;P205065711_2;B;1600;620;0;3200;1820;1200
P205065711;P205065711_3;C;3200;1240;0;4800;2440;1200
P205065711;P205065711_4;D;3200;20;0;4800;1220;1200
P205065711;P205065711_5;E;4800;620;0;6400;1820;2355
P205065711;P205065711_6;F;6400;1240;0;8000;2440;2355
P205065711;P205065711_7;G;6400;0;0;8000;1200;2355
P205065711;P205065711_8;H;8000;0;0;9600;1200;2355
P205065711;P205065711_9;I;8000;1240;0;9600;2440;2355
P205065711;P205065711_10;J;9600;1240;0;11200;2440;1200
P205065711;P205065711_11;K;9600;0;0;11200;1200;1200
P205065711;P205065711_12;L;11200;0;0;12800;1200;1200
P205065711;P205065711_13;M;11200;1240;0;12800;2440;1200
P205065701;P205065701_1;A;0;620;0;1600;1820;1200
P205065701;P205065701_2;B;1600;1240;0;3200;2440;1200
P205065701;P205065701_3;C;1600;0;0;3200;1200;1200
P205065701;P205065701_4;D;3200;620;0;4800;1820;2355
P205065701;P205065701_5;E;4800;620;0;6400;1820;2355
P205065701;P205065701_6;F;6400;1240;0;8000;2440;1200
P205065701;P205065701_7;G;6400;0;0;8000;1200;1200
P205065701;P205065701_8;H;8000;1240;0;9600;2440;1200
P205065701;P205065701_9;I;8000;0;0;9600;1200;1200
P205065701;P205065701_10;J;9600;0;0;11200;1200;1200
P205065701;P205065701_11;K;9600;1240;0;11200;2440;1200
P205065701;P205065701_12;L;11200;1240;0;12800;2440;1200
P202065607;P202065607_1;A;0;620;0;1600;1820;1200
P202065607;P202065607_2;B;1600;1240;0;3200;2440;1200
P202065607;P202065607_3;C;1600;20;0;3200;1220;1200
P202065607;P202065607_4;D;3200;620;0;4800;1820;2355
P202065607;P202065607_5;E;4800;1240;0;6400;2440;2355
P202065607;P202065607_6;F;4800;20;0;6400;1220;2355
P202065607;P202065607_7;G;6400;1240;0;8000;2440;2355
P202065607;P202065607_8;H;6400;0;0;8000;1200;2355
P202065607;P202065607_9;I;8000;0;0;9600;1200;2355
P202065607;P202065607_10;J;8000;1240;0;9600;2440;1200
P202065607;P202065607_11;K;9600;1240;0;11200;2440;1200
P202065607;P202065607_12;L;9600;0;0;11200;1200;1200
P202065607;P202065607_13;M;11200;0;0;12800;1200;1200
P202065607;P202065607_14;N;11200;1240;0;12800;2440;1200
P202065711;P202065711_1;A;0;620;0;1600;1820;1200
P202065711;P202065711_2;B;1600;620;0;3200;1820;1200
P202065711;P202065711_3;C;3200;1240;0;4800;2440;2355
P202065711;P202065711_4;D;3200;20;0;4800;1220;2355
P202065711;P202065711_5;E;4800;620;0;6400;1820;2355
P202065711;P202065711_6;F;6400;1240;0;8000;2440;2355
P202065711;P202065711_7;G;6400;0;0;8000;1200;1200
P202065711;P202065711_8;H;8000;0;0;9600;1200;1200
P202065711;P202065711_9;I;8000;1240;0;9600;2440;1200
P202065711;P202065711_10;J;9600;1240;0;11200;2440;1200
P202065711;P202065711_11;K;9600;0;0;11200;1200;1200
P202065711;P202065711_12;L;11200;0;0;12800;1200;1200
P202065711;P202065711_13;M;11200;1240;0;12800;2440;1200
P202065701;P202065701_1;A;0;620;0;1600;1820;1200
P202065701;P202065701_2;B;1600;620;0;3200;1820;2355
P202065701;P202065701_3;C;3200;620;0;4800;1820;2355
P202065701;P202065701_4;D;4800;1240;0;6400;2440;2355
P202065701;P202065701_5;E;4800;0;0;6400;1200;2355
P202065701;P202065701_6;F;6400;1240;0;8000;2440;1200
P202065701;P202065701_7;G;6400;0;0;8000;1200;1200
P202065701;P202065701_8;H;8000;0;0;9600;1200;1200
P202065701;P202065701_9;I;8000;1240;0;9600;2440;1200
P202065701;P202065701_10;J;9600;1240;0;11200;2440;1200
P202065701;P202065701_11;K;9600;0;0;11200;1200;1200
P202065701;P202065701_12;L;11200;0;0;12800;1200;1200
P202065701;P202065701_13;M;11200;1240;0;12800;2440;1200
P201065607;P201065607_1;A;0;620;0;1600;1820;1200
P201065607;P201065607_2;B;1600;620;0;3200;1820;1200
P201065607;P201065607_3;C;3200;1240;0;4800;2440;1200
P201065607;P201065607_4;D;3200;20;0;4800;1220;1200
P201065607;P201065607_5;E;4800;620;0;6400;1820;2355
P201065607;P201065607_6;F;6400;1240;0;8000;2440;2355
P201065607;P201065607_7;G;6400;0;0;8000;1200;2355
P201065607;P201065607_8;H;8000;0;0;9600;1200;2355
P201065607;P201065607_9;I;8000;1240;0;9600;2440;2355
P201065607;P201065607_10;J;9600;1240;0;11200;2440;2355
P201065607;P201065607_11;K;9600;0;0;11200;1200;2355
P201065607;P201065607_12;L;11200;1240;0;12800;2440;1200
P201065711;P201065711_1;A;0;620;0;1600;1820;1200
P201065711;P201065711_2;B;1600;620;0;3200;1820;1200
P201065711;P201065711_3;C;3200;1240;0;4800;2440;1200
P201065711;P201065711_4;D;3200;0;0;4800;1200;1200
P201065711;P201065711_5;E;4800;0;0;6400;1200;2355
P201065711;P201065711_6;F;4800;1220;0;6400;2420;2355
P201065711;P201065711_7;G;6400;0;0;8000;1200;2355
P201065711;P201065711_8;H;6400;1240;0;8000;2440;2355
P201065711;P201065711_9;I;8000;0;0;9600;1200;1200
P201065711;P201065711_10;J;8000;1240;0;9600;2440;1200
P201065711;P201065711_11;K;9600;1240;0;11200;2440;1200
P201065711;P201065711_12;L;9600;0;0;11200;1200;1200
P201065711;P201065711_13;M;11200;0;0;12800;1200;1200
P201065711;P201065711_14;N;11200;1240;0;12800;2440;1200
P200065607;P200065607_1;A;0;620;0;1600;1820;1200
P200065607;P200065607_2;B;1600;620;0;3200;1820;1200
P200065607;P200065607_3;C;3200;620;0;4800;1820;1200
P200065607;P200065607_4;D;4800;620;0;6400;1820;2355
P200065607;P200065607_5;E;6400;1240;0;8000;2440;2355
P200065607;P200065607_6;F;6400;0;0;8000;1200;2355
P200065607;P200065607_7;G;8000;0;0;9600;1200;2355
P200065607;P200065607_8;H;8000;1240;0;9600;2440;2355
P200065607;P200065607_9;I;9600;0;0;11200;1200;2355
P200065607;P200065607_10;J;9600;1240;0;11200;2440;2355
P200065607;P200065607_11;K;11200;1240;0;12800;2440;2355
P200065711;P200065711_1;A;0;620;0;1600;1820;1200
P200065711;P200065711_2;B;1600;620;0;3200;1820;1200
P200065711;P200065711_3;C;3200;620;0;4800;1820;2355
P200065711;P200065711_4;D;4800;1240;0;6400;2440;2355
P200065711;P200065711_5;E;4800;0;0;6400;1200;2355
P200065711;P200065711_6;F;6400;0;0;8000;1200;2355
P200065711;P200065711_7;G;6400;1240;0;8000;2440;1200
P200065711;P200065711_8;H;8000;1240;0;9600;2440;1200
P200065711;P200065711_9;I;8000;0;0;9600;1200;1200
P200065711;P200065711_10;J;9600;0;0;11200;1200;1200
P200065711;P200065711_11;K;9600;1240;0;11200;2440;1200
P200065711;P200065711_12;L;11200;1240;0;12800;2440;1200
P200065711;P200065711_13;M;11200;0;0;12800;1200;1200
P200065705;P200065705_1;A;0;620;0;1600;1820;1200
P200065705;P200065705_2;B;1600;620;0;3200;1820;1200
P200065705;P200065705_3;C;3200;1240;0;4800;2440;1200
P200065705;P200065705_4;D;3200;0;0;4800;1200;1200
P200065705;P200065705_5;E;4800;0;0;6400;1200;2355
P200065705;P200065705_6;F;4800;1220;0;6400;2420;2355
P200065705;P200065705_7;G;6400;1240;0;8000;2440;2355
P200065705;P200065705_8;H;6400;0;0;8000;1200;2355
P200065705;P200065705_9;I;8000;0;0;9600;1200;1200
P200065705;P200065705_10;J;8000;1240;0;9600;2440;1200
P200065705;P200065705_11;K;9600;1240;0;11200;2440;1200
P200065705;P200065705_12;L;9600;0;0;11200;1200;1200
P200065705;P200065705_13;M;11200;0;0;12800;1200;1200
P200065705;P200065705_14;N;11200;1240;0;12800;2440;1200
P199065607;P199065607_1;A;0;620;0;1600;1820;1200
P199065607;P199065607_2;B;1600;1240;0;3200;2440;1200
P199065607;P199065607_3;C;1600;0;0;3200;1200;1200
P199065607;P199065607_4;D;3200;620;0;4800;1820;1200
P199065607;P199065607_5;E;4800;620;0;6400;1820;2355
P199065607;P199065607_6;F;6400;1240;0;8000;2440;2355
P199065607;P199065607_7;G;6400;0;0;8000;1200;2355
P199065607;P199065607_8;H;8000;1240;0;9600;2440;2355
P199065607;P199065607_9;I;8000;0;0;9600;1200;2355
P199065607;P199065607_10;J;9600;0;0;11200;1200;2355
P199065607;P199065607_11;K;9600;1240;0;11200;2440;1200
P199065607;P199065607_12;L;11200;1240;0;12800;2440;1200
P199065607;P199065607_13;M;11200;0;0;12800;1200;1200
P199065711;P199065711_1;A;0;620;0;1600;1820;1200
P199065711;P199065711_2;B;1600;620;0;3200;1820;1200
P199065711;P199065711_3;C;3200;620;0;4800;1820;2355
P199065711;P199065711_4;D;4800;1240;0;6400;2440;2355
P199065711;P199065711_5;E;4800;0;0;6400;1200;2355
P199065711;P199065711_6;F;6400;1240;0;8000;2440;2355
P199065711;P199065711_7;G;6400;0;0;8000;1200;1200
P199065711;P199065711_8;H;8000;0;0;9600;1200;1200
P199065711;P199065711_9;I;8000;1240;0;9600;2440;1200
P199065711;P199065711_10;J;9600;1240;0;11200;2440;1200
P199065711;P199065711_11;K;9600;0;0;11200;1200;1200
P199065711;P199065711_12;L;11200;0;0;12800;1200;1200
P199065711;P199065711_13;M;11200;1240;0;12800;2440;1200
P198065607;P198065607_1;A;0;620;0;1600;1820;1200
P198065607;P198065607_2;B;1600;1240;0;3200;2440;1200
P198065607;P198065607_3;C;1600;20;0;3200;1220;1200
P198065607;P198065607_4;D;3200;620;0;4800;1820;1200
P198065607;P198065607_5;E;4800;620;0;6400;1820;2355
P198065607;P198065607_6;F;6400;1240;0;8000;2440;2355
P198065607;P198065607_7;G;6400;0;0;8000;1200;2355
P198065607;P198065607_8;H;8000;1240;0;9600;2440;2355
P198065607;P198065607_9;I;8000;0;0;9600;1200;2355
P198065607;P198065607_10;J;9600;0;0;11200;1200;2355
P198065607;P198065607_11;K;9600;1240;0;11200;2440;2355
P198065607;P198065607_12;L;11200;1240;0;12800;2440;2355
Q198065607_1;Q198065607_1_1;A;0;0;0;1600;1200;1200
Q198065607_1;Q198065607_1_2;B;0;1240;0;1600;2440;1200
Q198065607_1;Q198065607_1_3;C;1600;620;0;3200;1820;1200
Q198065607_1;Q198065607_1_4;D;3200;1240;0;4800;2440;1200
Q198065607_1;Q198065607_1_5;E;3200;20;0;4800;1220;1200
Q198065607_1;Q198065607_1_6;F;4800;1240;0;6400;2440;1200
Q198065607_1;Q198065607_1_7;G;4800;0;0;6400;1200;1200
Q198065607_1;Q198065607_1_8;H;6400;0;0;8000;1200;1200
Q198065607_1;Q198065607_1_9;I;6400;1240;0;8000;2440;1200
Q198065607_1;Q198065607_1_10;J;8000;1240;0;9600;2440;1200
Q198065607_1;Q198065607_1_11;K;8000;0;0;9600;1200;1200
Q198065607_1;Q198065607_1_12;L;9600;0;0;11200;1200;1200
Q198065607_1;Q198065607_1_13;M;9600;1240;0;11200;2440;1200
Q198065607_1;Q198065607_1_14;N;11200;1240;0;12800;2440;1200
Q198065607_1;Q198065607_1_15;O;11200;0;0;12800;1200;1200
P198065711;P198065711_1;A;0;620;0;1600;1820;1200
P198065711;P198065711_2;B;1600;1240;0;3200;2440;1200
P198065711;P198065711_3;C;1600;0;0;3200;1200;1200
P198065711;P198065711_4;D;3200;620;0;4800;1820;1200
P198065711;P198065711_5;E;4800;1240;0;6400;2440;2355
P198065711;P198065711_6;F;4800;20;0;6400;1220;2355
P198065711;P198065711_7;G;6400;1240;0;8000;2440;2355
P198065711;P198065711_8;H;6400;0;0;8000;1200;2355
P198065711;P198065711_9;I;8000;0;0;9600;1200;1200
P198065711;P198065711_10;J;8000;1240;0;9600;2440;1200
P198065711;P198065711_11;K;9600;1240;0;11200;2440;1200
P198065711;P198065711_12;L;9600;0;0;11200;1200;1200
P198065711;P198065711_13;M;11200;0;0;12800;1200;1200
P198065711;P198065711_14;N;11200;1240;0;12800;2440;1200
P198065701;P198065701_1;A;0;620;0;1600;1820;1200
P198065701;P198065701_2;B;1600;620;0;3200;1820;1200
P198065701;P198065701_3;C;3200;620;0;4800;1820;1200
P198065701;P198065701_4;D;4800;1240;0;6400;2440;2355
P198065701;P198065701_5;E;4800;20;0;6400;1220;2355
P198065701;P198065701_6;F;6400;0;0;8000;1200;1200
P198065701;P198065701_7;G;6400;1240;0;8000;2440;1200
P198065701;P198065701_8;H;8000;1240;0;9600;2440;1200
P198065701;P198065701_9;I;8000;0;0;9600;1200;1200
P198065701;P198065701_10;J;9600;0;0;11200;1200;1200
P240063703;P240063703_1;A;0;1240;0;1800;2440;2655
P240063703;P240063703_2;B;0;0;0;1800;1200;2655
P240063703;P240063703_3;C;1800;0;0;3140;2000;2215
P240063703;P240063703_4;D;3140;0;0;4480;2000;2215
P240063703;P240063703_5;E;4480;0;0;5820;2000;2215
P240063703;P240063703_6;F;5820;0;0;7160;2000;2215
P240063703;P240063703_7;G;7160;0;0;8500;2000;2215
P240063703;P240063703_8;H;8500;0;0;10350;1950;2760
P240063703;P240063703_9;I;10350;0;0;12200;1950;2760
P240063703;P240063703_10;J;12200;0;0;13400;1800;2655
P209063703;P209063703_1;A;0;0;0;1700;1940;1350
P209063703;P209063703_2;B;1700;1240;0;3500;2440;2655
P209063703;P209063703_3;C;1700;0;0;3500;1200;2655
P209063703;P209063703_4;D;3500;0;0;5300;1200;2655
P209063703;P209063703_5;E;3500;1240;0;5300;2440;2655
P209063703;P209063703_6;F;5300;1240;0;7100;2440;2655
P209063703;P209063703_7;G;5300;0;0;7700;1200;2835
P209063703;P209063703_8;H;7100;1240;0;9500;2440;2835
P209063703;P209063703_9;I;7700;0;0;10100;1200;2835
P209063703;P209063703_10;J;9500;1240;0;11300;2440;2655
P209063703;P209063703_11;K;10100;0;0;11900;1200;2655
P209063703;P209063703_12;L;11300;1240;0;13100;2440;2655
P208063703;P208063703_1;A;0;0;0;1340;2000;2215
P208063703;P208063703_2;B;1340;440;0;2680;2440;2215
P208063703;P208063703_3;C;2680;0;0;4530;1950;2760
P208063703;P208063703_4;D;4530;0;0;6380;1950;2760
P208063703;P208063703_5;E;6380;0;0;7720;2000;2215
P208063703;P208063703_6;F;7720;0;0;9520;1200;2655
P208063703;P208063703_7;G;7720;1240;0;9520;2440;2655
P208063703;P208063703_8;H;9520;1240;0;11320;2440;2655
P208063703;P208063703_9;I;9520;0;0;11320;1200;2655
P208063703;P208063703_10;J;11320;0;0;13120;1200;2655
P208063703;P208063703_11;K;11320;1240;0;13120;2440;2655
P208063701;P208063701_1;A;0;0;0;1010;1206;385
P208063701;P208063701_2;B;0;1240;0;1800;2440;1350
P208063701;P208063701_3;C;1800;0;0;3140;2000;2215
P208063701;P208063701_4;D;3140;0;0;4480;2000;2215
P208063701;P208063701_5;E;4480;0;0;6330;1950;2760
P208063701;P208063701_6;F;6330;0;0;7670;2000;2215
P208063701;P208063701_7;G;7670;0;0;9010;2000;2215
P208063701;P208063701_8;H;9010;0;0;10350;2000;2215
P208063701;P208063701_9;I;10350;0;0;11690;2000;2215
P208063701;P208063701_10;J;11690;0;0;13030;2000;2215
P207063703;P207063703_1;A;0;0;0;1850;1950;2760
P207063703;P207063703_2;B;1850;0;0;3700;1950;2760
P207063703;P207063703_3;C;3700;0;0;5040;2000;2215
P207063703;P207063703_4;D;5040;0;0;6380;2000;2215
P207063703;P207063703_5;E;6380;0;0;8230;1950;2760
P207063703;P207063703_6;F;8230;0;0;10080;1950;2760
P207063703;P207063703_7;G;10080;0;0;11420;2000;2215
P207063703;P207063703_8;H;11420;1240;0;13220;2440;2655
P207063703;P207063703_9;I;11420;0;0;13270;1200;2800
P206063705;P206063705_1;A;0;500;0;1700;2440;2655
P206063705;P206063705_2;B;1700;0;0;3040;2000;2215
P206063705;P206063705_3;C;3040;0;0;4380;2000;2215
P206063705;P206063705_4;D;4380;0;0;6230;1950;2760
P206063705;P206063705_5;E;6230;1240;0;8030;2440;2655
P206063705;P206063705_6;F;6230;0;0;8030;1200;2655
P206063705;P206063705_7;G;8030;0;0;9730;1940;1350
P206063705;P206063705_8;H;9730;0;0;11580;1950;2760
P206063705;P206063705_9;I;11580;0;0;13380;1200;2655
P206063705;P206063705_10;J;11580;1240;0;13380;2440;2655
P206063703;P206063703_1;A;0;0;0;1340;2000;2215
P206063703;P206063703_2;B;1340;440;0;2680;2440;2215
P206063703;P206063703_3;C;2680;0;0;4020;2000;2215
P206063703;P206063703_4;D;4020;440;0;5360;2440;2215
P206063703;P206063703_5;E;5360;0;0;6700;2000;2215
P206063703;P206063703_6;F;6700;0;0;8550;1950;2760
P206063703;P206063703_7;G;8550;0;0;10350;1200;2655
P206063703;P206063703_8;H;8550;1240;0;10350;2440;2655
P206063703;P206063703_9;I;10350;1240;0;12150;2440;2655
P206063703;P206063703_10;J;10350;0;0;12150;1200;2655
P206063703;P206063703_11;K;12150;0;0;13490;2000;2215
P205063705;P205063705_1;A;0;0;0;1340;2000;2215
P205063705;P205063705_2;B;1340;440;0;2680;2440;2215
P205063705;P205063705_3;C;2680;0;0;4020;2000;2215
P205063705;P205063705_4;D;4020;440;0;5360;2440;2215
P205063705;P205063705_5;E;5360;1240;0;7160;2440;2655
P205063705;P205063705_6;F;5360;0;0;7160;1200;2655
P205063705;P205063705_7;G;7160;0;0;9010;1950;2760
P205063705;P205063705_8;H;9010;0;0;10350;2000;2215
P205063705;P205063705_9;I;10350;0;0;11690;2000;2215
P205063705;P205063705_10;J;11690;0;0;13030;2000;2215
P205063703;P205063703_1;A;0;1240;0;1800;2440;2655
P205063703;P205063703_2;B;0;0;0;1800;1200;2655
P205063703;P205063703_3;C;1800;0;0;3650;1950;2760
P205063703;P205063703_4;D;3650;0;0;5500;1950;2760
P205063703;P205063703_5;E;5500;0;0;7300;1200;2655
P205063703;P205063703_6;F;5500;1240;0;7900;2440;2835
P205063703;P205063703_7;G;7300;0;0;9100;1200;2655
P205063703;P205063703_8;H;7900;1240;0;9700;2440;2655
P205063703;P205063703_9;I;9100;0;0;10900;1200;2655
P205063703;P205063703_10;J;9700;1240;0;11500;2440;1350
P205063703;P205063703_11;K;11500;0;0;13500;1340;2215
P202063705;P202063705_1;A;0;0;0;1340;2000;2215
P202063705;P202063705_2;B;1340;440;0;2680;2440;2215
P202063705;P202063705_3;C;2680;0;0;4530;1950;2760
P202063705;P202063705_4;D;4530;0;0;5870;2000;2215
P202063705;P202063705_5;E;5870;0;0;7210;2000;2215
P202063705;P202063705_6;F;7210;0;0;8550;2000;2215
P202063705;P202063705_7;G;8550;0;0;9890;2000;2215
P202063705;P202063705_8;H;9890;0;0;11690;1200;2655
P202063705;P202063705_9;I;9890;1240;0;11690;2440;2655
P202063705;P202063705_10;J;11690;1240;0;13490;2440;2655
P202063705;P202063705_11;K;11690;0;0;13490;1200;2655
P202063703;P202063703_1;A;0;0;0;1800;1200;2655
P202063703;P202063703_2;B;0;1240;0;1800;2440;2655
P202063703;P202063703_3;C;1800;0;0;3650;1950;2760
P202063703;P202063703_4;D;3650;0;0;5500;1950;2760
P202063703;P202063703_5;E;5500;0;0;6840;2000;2215
P202063703;P202063703_6;F;6840;0;0;8180;2000;2215
P202063703;P202063703_7;G;8180;0;0;9520;2000;2215
P202063703;P202063703_8;H;9520;0;0;10860;2000;2215
P202063703;P202063703_9;I;10860;0;0;12200;2000;2215
P202063703;P202063703_10;J;12200;0;0;13400;1800;2655
P201063703;P201063703_1;A;0;0;0;1340;2000;2215
P201063703;P201063703_2;B;1340;440;0;2680;2440;2215
P201063703;P201063703_3;C;2680;0;0;4530;1950;2760
P201063703;P201063703_4;D;4530;0;0;6330;1200;2655
P201063703;P201063703_5;E;4530;1240;0;6330;2440;2655
P201063703;P201063703_6;F;6330;0;0;7670;2000;2215
P201063703;P201063703_7;G;7670;0;0;9010;2000;2215
P201063703;P201063703_8;H;9010;0;0;10350;2000;2215
P201063703;P201063703_9;I;10350;0;0;11690;2000;2215
P201063703;P201063703_10;J;11690;0;0;13030;2000;2215
P201063701;P201063701_1;A;0;0;0;1700;1940;1350
P201063701;P201063701_2;B;1700;0;0;3040;2000;2215
P201063701;P201063701_3;C;3040;0;0;4380;2000;2215
P201063701;P201063701_4;D;4380;0;0;5720;2000;2215
P201063701;P201063701_5;E;5720;0;0;7060;2000;2215
P201063701;P201063701_6;F;7060;0;0;8400;2000;2215
P201063701;P201063701_7;G;8400;0;0;10200;1200;2655
P201063701;P201063701_8;H;8400;1240;0;10200;2440;2655
P201063701;P201063701_9;I;10200;0;0;12050;1950;2760
P201063701;P201063701_10;J;12050;0;0;13390;2000;2215
P200063703;P200063703_1;A;0;0;0;1850;1950;2760
P200063703;P200063703_2;B;1850;0;0;3190;2000;2215
P200063703;P200063703_3;C;3190;0;0;4530;2000;2215
P200063703;P200063703_4;D;4530;1240;0;6330;2440;2655
P200063703;P200063703_5;E;4530;0;0;6330;1200;2655
P200063703;P200063703_6;F;6330;0;0;8130;1200;2655
P200063703;P200063703_7;G;6330;1240;0;8130;2440;2655
P200063703;P200063703_8;H;8130;0;0;9980;1950;2760
P200063703;P200063703_9;I;9980;0;0;11780;1200;2655
P200063703;P200063703_10;J;9980;1240;0;11780;2440;2655
P200063703;P200063703_11;K;11780;0;0;13120;2000;2215
P199063705;P199063705_1;A;0;0;0;1850;1950;2760
P199063705;P199063705_2;B;1850;0;0;3700;1950;2760
P199063705;P199063705_3;C;3700;0;0;5550;1950;2760
P199063705;P199063705_4;D;5550;1240;0;7350;2440;2655
P199063705;P199063705_5;E;5550;0;0;7350;1200;2655
P199063705;P199063705_6;F;7350;0;0;8550;2400;2835
P199063705;P199063705_7;G;8550;1240;0;10350;2440;2655
P199063705;P199063705_8;H;8550;0;0;10350;1200;2655
P199063705;P199063705_9;I;10350;0;0;12050;1940;2655
P199063705;P199063705_10;J;12050;0;0;13250;1800;2655
P199063703;P199063703_1;A;0;440;0;1340;2440;2215
P199063703;P199063703_2;B;1340;0;0;2680;2000;2215
P199063703;P199063703_3;C;2680;0;0;4530;1950;2760
P199063703;P199063703_4;D;4530;0;0;5870;2000;2215
P199063703;P199063703_5;E;5870;0;0;7210;2000;2215
P199063703;P199063703_6;F;7210;1240;0;9010;2440;2655
P199063703;P199063703_7;G;7210;0;0;9010;1200;2655
P199063703;P199063703_8;H;9010;0;0;10860;1950;2760
P199063703;P199063703_9;I;10860;0;0;12200;2000;2215
P199063703;P199063703_10;J;12200;0;0;13400;1800;2655
P198063705;P198063705_1;A;0;0;0;1800;1200;2655
P198063705;P198063705_2;B;0;1200;0;1800;2400;2655
P198063705;P198063705_3;C;1800;0;0;3140;2000;2215
P198063705;P198063705_4;D;3140;0;0;4480;2000;2215
P198063705;P198063705_5;E;4480;0;0;5820;2000;2215
P198063705;P198063705_6;F;5820;0;0;7160;2000;2215
P198063705;P198063705_7;G;7160;0;0;8500;2000;2215
P198063705;P198063705_8;H;8500;0;0;10300;1200;2655
P198063705;P198063705_9;I;8500;1240;0;10300;2440;2655
P198063705;P198063705_10;J;10300;0;0;12150;1950;2760
P198063705;P198063705_11;K;12150;0;0;13350;1850;2800
P198063703;P198063703_1;A;0;0;0;1700;1940;1350
P198063703;P198063703_2;B;1700;0;0;3550;1950;2760
P198063703;P198063703_3;C;3550;0;0;5400;1950;2760
P198063703;P198063703_4;D;5400;1240;0;7200;2440;2655
P198063703;P198063703_5;E;5400;0;0;7200;1200;2655
P198063703;P198063703_6;F;7200;0;0;9000;1200;2655
P198063703;P198063703_7;G;7200;1240;0;9000;2440;2655
P198063703;P198063703_8;H;9000;0;0;10340;2000;2215
P198063703;P198063703_9;I;10340;0;0;11680;2000;2215
P198063703;P198063703_10;J;11680;1240;0;13480;2440;2655
P198063703;P198063703_11;K;11680;0;0;13480;1200;2655
P194063703;P194063703_1;A;0;0;0;1850;1950;2760
P194063703;P194063703_2;B;1850;0;0;3700;1950;2760
P194063703;P194063703_3;C;3700;0;0;4900;2400;2835
P194063703;P194063703_4;D;4900;0;0;6240;2000;2215
P194063703;P194063703_5;E;6240;0;0;7580;2000;2215
P194063703;P194063703_6;F;7580;0;0;8920;2000;2215
P194063703;P194063703_7;G;8920;0;0;10260;2000;2215
P194063703;P194063703_8;H;10260;0;0;11460;2400;2835
P194063703;P194063703_9;I;11460;0;0;13260;1200;2655
P194063703;P194063703_10;J;11460;1240;0;13260;2440;2655
P194063701;P194063701_1;A;0;0;0;1800;1200;2655
P194063701;P194063701_2;B;0;1200;0;1800;2400;2655
P194063701;P194063701_3;C;1800;1240;0;3600;2440;2655
P194063701;P194063701_4;D;1800;0;0;3600;1200;2655
P194063701;P194063701_5;E;3600;0;0;5450;1950;2760
P194063701;P194063701_6;F;5450;0;0;7300;1950;2760
P194063701;P194063701_7;G;7300;0;0;9150;1950;2760
P194063701;P194063701_8;H;9150;0;0;10490;2000;2215
P194063701;P194063701_9;I;10490;0;0;11830;2000;2215
P194063701;P194063701_10;J;11830;0;0;13170;2000;2215
P193063703;P193063703_1;A;0;0;0;1850;1950;2760
P193063703;P193063703_2;B;1850;0;0;3190;2000;2215
P193063703;P193063703_3;C;3190;0;0;4530;2000;2215
P193063703;P193063703_4;D;4530;0;0;5870;2000;2215
P193063703;P193063703_5;E;5870;0;0;7720;1950;2760
P193063703;P193063703_6;F;7720;1240;0;9520;2440;2655
P193063703;P193063703_7;G;7720;0;0;9520;1200;2655
P193063703;P193063703_8;H;9520;0;0;10860;2000;2215
P193063703;P193063703_9;I;10860;0;0;12200;2000;2215
P193063703;P193063703_10;J;12200;0;0;13400;2400;2835
P192063705;P192063705_1;A;0;0;0;1850;1950;2760
P192063705;P192063705_2;B;1850;0;0;3190;2000;2215
P192063705;P192063705_3;C;3190;0;0;4990;1200;2655
P192063705;P192063705_4;D;3190;1240;0;4990;2440;2655
P192063705;P192063705_5;E;4990;1240;0;6790;2440;2655
P192063705;P192063705_6;F;4990;0;0;6790;1200;2655
P192063705;P192063705_7;G;6790;0;0;8590;1200;2655
P192063705;P192063705_8;H;6790;1240;0;8590;2440;2655
P192063705;P192063705_9;I;8590;0;0;10440;1950;2760
P192063705;P192063705_10;J;10440;0;0;11780;2000;2215
P192063705;P192063705_11;K;11780;0;0;13120;2000;2215
P192063703;P192063703_1;A;0;0;0;1340;2000;2215
P192063703;P192063703_2;B;1340;1240;0;3140;2440;2655
P192063703;P192063703_3;C;1340;0;0;3140;1200;2655
P192063703;P192063703_4;D;3140;0;0;4990;1950;2760
P192063703;P192063703_5;E;4990;0;0;6840;1950;2760
P192063703;P192063703_6;F;6840;0;0;8180;2000;2215
P192063703;P192063703_7;G;8180;0;0;9520;2000;2215
P192063703;P192063703_8;H;9520;0;0;10860;2000;2215
P192063703;P192063703_9;I;10860;0;0;12200;2000;2215
P192063703;P192063703_10;J;12200;0;0;13400;1800;2655
P191063705;P191063705_1;A;0;0;0;1700;1940;1350
P191063705;P191063705_2;B;1700;0;0;3040;2000;2215
P191063705;P191063705_3;C;3040;0;0;4380;2000;2215
P191063705;P191063705_4;D;4380;0;0;5720;2000;2215
P191063705;P191063705_5;E;5720;0;0;7060;2000;2215
P191063705;P191063705_6;F;7060;0;0;8400;2000;2215
P191063705;P191063705_7;G;8400;0;0;10200;1200;2655
P191063705;P191063705_8;H;8400;1240;0;10200;2440;2655
P191063705;P191063705_9;I;10200;1240;0;12000;2440;2655
P191063705;P191063705_10;J;10200;0;0;12000;1200;2655
P191063705;P191063705_11;K;12000;0;0;13340;2000;2215
P191063703;P191063703_1;A;0;0;0;1850;1950;2760
P191063703;P191063703_2;B;1850;0;0;3700;1950;2760
P191063703;P191063703_3;C;3700;0;0;5500;1200;2655
P191063703;P191063703_4;D;3700;1240;0;5500;2440;2655
P191063703;P191063703_5;E;5500;0;0;6840;2000;2215
P191063703;P191063703_6;F;6840;0;0;8180;2000;2215
P191063703;P191063703_7;G;8180;0;0;9520;2000;2215
P191063703;P191063703_8;H;9520;0;0;10860;2000;2215
P191063703;P191063703_9;I;10860;0;0;12200;2000;2215
P191063703;P191063703_10;J;12200;0;0;13400;1800;2655
P188063705;P188063705_1;A;0;0;0;1850;1950;2760
P188063705;P188063705_2;B;1850;490;0;3700;2440;2760
P188063705;P188063705_3;C;3700;1240;0;5500;2440;2655
P188063705;P188063705_4;D;3700;0;0;5500;1200;2655
P188063705;P188063705_5;E;5500;0;0;7300;1200;2655
P188063705;P188063705_6;F;5500;1240;0;7900;2440;2835
P188063705;P188063705_7;G;7300;0;0;9100;1200;2655
P188063705;P188063705_8;H;7900;1240;0;9700;2440;2655
P188063705;P188063705_9;I;9100;0;0;10900;1200;2655
P188063705;P188063705_10;J;9700;1240;0;11500;2440;2655
P188063705;P188063705_11;K;11500;0;0;13500;1340;2215
P188063703;P188063703_1;A;0;0;0;1340;2000;2215
P188063703;P188063703_2;B;1340;440;0;2680;2440;2215
P188063703;P188063703_3;C;2680;0;0;4020;2000;2215
P188063703;P188063703_4;D;4020;440;0;5360;2440;2215
P188063703;P188063703_5;E;5360;0;0;7210;1950;2760
P188063703;P188063703_6;F;7210;0;0;9060;1950;2760
P188063703;P188063703_7;G;9060;0;0;10400;2000;2215
P188063703;P188063703_8;H;10400;0;0;11740;2000;2215
P188063703;P188063703_9;I;11740;0;0;13080;2000;2215
P187063703;P187063703_1;A;0;0;0;1340;2000;2215
P187063703;P187063703_2;B;1340;440;0;2680;2440;2215
P187063703;P187063703_3;C;2680;0;0;4020;2000;2215
P187063703;P187063703_4;D;4020;440;0;5360;2440;2215
P187063703;P187063703_5;E;5360;1240;0;7160;2440;2655
P187063703;P187063703_6;F;5360;0;0;7160;1200;2655
P187063703;P187063703_7;G;7160;0;0;9010;1950;2760
P187063703;P187063703_8;H;9010;0;0;10350;2000;2215
P187063703;P187063703_9;I;10350;0;0;11690;2000;2215
P187063703;P187063703_10;J;11690;0;0;13030;2000;2215
P187063701;P187063701_1;A;0;0;0;1010;1206;385
P187063701;P187063701_2;B;0;1240;0;1800;2440;2655
P187063701;P187063701_3;C;1010;0;0;2810;1200;2655
P187063701;P187063701_4;D;1800;1240;0;3600;2440;2655
P187063701;P187063701_5;E;2810;0;0;4610;1200;2655
P187063701;P187063701_6;F;3600;1240;0;5400;2440;2655
P187063701;P187063701_7;G;4610;0;0;6410;1200;2655
P187063701;P187063701_8;H;5400;1240;0;7200;2440;2655
P187063701;P187063701_9;I;6410;0;0;8210;1200;2655
P187063701;P187063701_10;J;8210;0;0;9550;2000;2215
P187063701;P187063701_11;K;9550;0;0;10890;2000;2215
P187063701;P187063701_12;L;10890;0;0;12740;1950;2760
P186063705;P186063705_1;A;0;0;0;1850;1950;2760
P186063705;P186063705_2;B;1850;0;0;3190;2000;2215
P186063705;P186063705_3;C;3190;0;0;4530;2000;2215
P186063705;P186063705_4;D;4530;0;0;5870;2000;2215
P186063705;P186063705_5;E;5870;0;0;7210;2000;2215
P186063705;P186063705_6;F;7210;0;0;8550;2000;2215
P186063705;P186063705_7;G;8550;0;0;9890;2000;2215
P186063705;P186063705_8;H;9890;0;0;11740;1950;2760
P186063705;P186063705_9;I;11740;0;0;13080;2000;2215
P186063703;P186063703_1;A;0;440;0;1340;2440;2215
P186063703;P186063703_2;B;1340;0;0;2680;2000;2215
P186063703;P186063703_3;C;2680;440;0;4020;2440;2215
P186063703;P186063703_4;D;4020;0;0;5870;1950;2760
P186063703;P186063703_5;E;5870;0;0;7720;1950;2760
P186063703;P186063703_6;F;7720;0;0;9060;2000;2215
P186063703;P186063703_7;G;9060;0;0;10400;2000;2215
P186063703;P186063703_8;H;10400;0;0;12200;1200;2655
P186063703;P186063703_9;I;10400;1240;0;12200;2440;2655
P186063703;P186063703_10;J;12200;0;0;13400;1800;2655
P185063705;P185063705_1;A;0;0;0;1850;1950;2760
P185063705;P185063705_2;B;1850;0;0;3190;2000;2215
P185063705;P185063705_3;C;3190;0;0;4530;2000;2215
P185063705;P185063705_4;D;4530;0;0;5870;2000;2215
P185063705;P185063705_5;E;5870;0;0;7670;1200;2655
P185063705;P185063705_6;F;5870;1240;0;7670;2440;2655
P185063705;P185063705_7;G;7670;0;0;9520;1950;2760
P185063705;P185063705_8;H;9520;0;0;10860;2000;2215
P185063705;P185063705_9;I;10860;0;0;12200;2000;2215
P185063705;P185063705_10;J;12200;0;0;13400;2400;2835
P185063703;P185063703_1;A;0;440;0;1340;2440;2215
P185063703;P185063703_2;B;1340;0;0;2680;2000;2215
P185063703;P185063703_3;C;2680;0;0;4480;1200;2655
P185063703;P185063703_4;D;2680;1240;0;4480;2440;2655
P185063703;P185063703_5;E;4480;1240;0;6280;2440;2655
P185063703;P185063703_6;F;4480;0;0;6280;1200;2655
P185063703;P185063703_7;G;6280;0;0;8080;1200;2655
P185063703;P185063703_8;H;6280;1240;0;8080;2440;2655
P185063703;P185063703_9;I;8080;0;0;9930;1950;2760
P185063703;P185063703_10;J;9930;0;0;11780;1950;2760
P185063703;P185063703_11;K;11780;0;0;13120;2000;2215
P184063705;P184063705_1;A;0;0;0;1850;1950;2760
P184063705;P184063705_2;B;1850;0;0;3190;2000;2215
P184063705;P184063705_3;C;3190;0;0;4530;2000;2215
P184063705;P184063705_4;D;4530;0;0;5870;2000;2215
P184063705;P184063705_5;E;5870;0;0;7210;2000;2215
P184063705;P184063705_6;F;7210;0;0;8550;2000;2215
P184063705;P184063705_7;G;8550;0;0;9890;2000;2215
P184063705;P184063705_8;H;9890;1240;0;11690;2440;2655
P184063705;P184063705_9;I;9890;0;0;11690;1200;2655
P184063705;P184063705_10;J;11690;0;0;13490;1200;2655
P184063705;P184063705_11;K;11690;1240;0;13490;2440;2655
Q184063705_1;Q184063705_1_1;A;0;0;0;1850;1950;950
Q184063705_1;Q184063705_1_2;B;1850;0;0;3190;2000;2215
Q184063705_1;Q184063705_1_3;C;3190;0;0;4530;2000;2215
Q184063705_1;Q184063705_1_4;D;4530;0;0;5870;2000;2215
Q184063705_1;Q184063705_1_5;E;5870;0;0;7210;2000;2215
Q184063705_1;Q184063705_1_6;F;7210;1240;0;9010;2440;1350
P240167101;P240167101_1;A;0;635;0;1700;1805;2160
P240167101;P240167101_2;B;1700;1270;0;3400;2440;2765
P240167101;P240167101_3;C;1700;0;0;3400;1170;2665
P240167101;P240167101_4;D;3400;1270;0;5100;2440;2665
P240167101;P240167101_5;E;3400;0;0;5100;1170;2665
P240167101;P240167101_6;F;5100;0;0;6800;1170;2665
P240167101;P240167101_7;G;5100;1270;0;6800;2440;2665
P240167101;P240167101_8;H;6800;1270;0;8500;2440;2665
P240167101;P240167101_9;I;6800;0;0;8500;1170;2665
P240167101;P240167101_10;J;8500;0;0;10200;1170;2665
P240167101;P240167101_11;K;8500;1270;0;10200;2440;2665
P240167101;P240167101_12;L;10200;1270;0;11900;2440;2665
P240167101;P240167101_13;M;10200;0;0;11900;1170;2665
P240167101;P240167101_14;N;11900;0;0;13070;1700;2665
Q240167101_1;Q240167101_1_1;A;0;635;0;1700;1805;2665
Q240167101_1;Q240167101_1_2;B;1700;635;0;3400;1805;2665
Q240167101_1;Q240167101_1_3;C;3400;1270;0;5100;2440;2665
Q240167101_1;Q240167101_1_4;D;3400;0;0;5100;1170;2665
Q240167101_1;Q240167101_1_5;E;5100;0;0;6800;1170;2665
Q240167101_1;Q240167101_1_6;F;5100;1270;0;6800;2440;2665
Q240167101_1;Q240167101_1_7;G;6800;1270;0;8500;2440;2665
Q240167101_1;Q240167101_1_8;H;6800;0;0;8500;1170;2665
Q240167101_1;Q240167101_1_9;I;8500;0;0;10200;1170;2160
Q240167101_1;Q240167101_1_10;J;8500;1270;0;10200;2440;2715
Q240167101_1;Q240167101_1_11;K;10200;1270;0;11900;2440;2665
Q240167101_1;Q240167101_1_12;L;10200;0;0;11900;1170;2665
P209167101;P209167101_1;A;0;635;0;1700;1805;2715
P209167101;P209167101_2;B;1700;1270;0;3400;2440;2665
P209167101;P209167101_3;C;1700;0;0;3400;1170;2665
P209167101;P209167101_4;D;3400;1270;0;5100;2440;2765
P209167101;P209167101_5;E;3400;0;0;5100;1170;2160
P209167101;P209167101_6;F;5100;0;0;6800;1170;2715
P209167101;P209167101_7;G;5100;1270;0;6800;2440;2665
P209167101;P209167101_8;H;6800;1270;0;8500;2440;2665
P209167101;P209167101_9;I;6800;0;0;8500;1170;2665
P209167101;P209167101_10;J;8500;0;0;10200;1170;2665
P209167101;P209167101_11;K;8500;1270;0;10200;2440;2665
P209167101;P209167101_12;L;10200;1270;0;11900;2440;2665
P209167101;P209167101_13;M;10200;0;0;11900;1170;2665
P209167101;P209167101_14;N;11900;0;0;13070;1700;2665
P208167101;P208167101_1;A;0;635;0;1700;1805;2665
P208167101;P208167101_2;B;1700;1270;0;3400;2440;2665
P208167101;P208167101_3;C;1700;50;0;3400;1220;2715
P208167101;P208167101_4;D;3400;0;0;5100;1170;2665
P208167101;P208167101_5;E;3400;1270;0;5100;2440;2665
P208167101;P208167101_6;F;5100;1270;0;6800;2440;2665
P208167101;P208167101_7;G;5100;0;0;6800;1170;2160
P208167101;P208167101_8;H;6800;0;0;8500;1170;2160
P208167101;P208167101_9;I;6800;1270;0;8500;2440;2765
P208167101;P208167101_10;J;8500;1270;0;10200;2440;2665
P208167101;P208167101_11;K;8500;0;0;10200;1170;2665
P208167101;P208167101_12;L;10200;0;0;11900;1170;2665
P208167101;P208167101_13;M;10200;1270;0;11900;2440;2665
P208167101;P208167101_14;N;11900;0;0;13070;1700;2665
Q208167101_1;Q208167101_1_1;A;0;0;0;1700;1170;700
Q208167101_1;Q208167101_1_2;B;0;1270;0;1700;2440;700
Q208167101_1;Q208167101_1_3;C;1700;1270;0;3400;2440;2665
Q208167101_1;Q208167101_1_4;D;1700;50;0;3400;1220;2665
Q208167101_1;Q208167101_1_5;E;3400;0;0;5100;1170;2665
Q208167101_1;Q208167101_1_6;F;3400;1220;0;5100;2390;2665
Q208167101_1;Q208167101_1_7;G;5100;1270;0;6800;2440;2665
Q208167101_1;Q208167101_1_8;H;5100;0;0;6800;1170;2665
Q208167101_1;Q208167101_1_9;I;6800;0;0;8500;1170;2665
Q208167101_1;Q208167101_1_10;J;6800;1270;0;8500;2440;2665
Q208167101_1;Q208167101_1_11;K;8500;1270;0;10200;2440;2665
Q208167101_1;Q208167101_1_12;L;8500;0;0;10200;1170;2665
Q208167101_1;Q208167101_1_13;M;10200;0;0;11900;1170;2665
Q208167101_1;Q208167101_1_14;N;10200;1270;0;11900;2440;2665
Q208167101_1;Q208167101_1_15;O;11900;0;0;13070;1700;2665
P207167103;P207167103_1;A;0;0;0;1700;1170;700
P207167103;P207167103_2;B;0;1270;0;1700;2440;700
P207167103;P207167103_3;C;1700;635;0;3400;1805;2665
P207167103;P207167103_4;D;3400;1270;0;5100;2440;2665
P207167103;P207167103_5;E;3400;0;0;5100;1170;2665
P207167103;P207167103_6;F;5100;1270;0;6800;2440;2715
P207167103;P207167103_7;G;5100;0;0;6800;1170;2715
P207167103;P207167103_8;H;6800;0;0;8500;1170;2665
P207167103;P207167103_9;I;6800;1270;0;8500;2440;2665
P207167103;P207167103_10;J;8500;1270;0;10200;2440;2665
P207167103;P207167103_11;K;8500;0;0;10200;1170;2665
P207167103;P207167103_12;L;10200;0;0;11900;1170;2665
P207167103;P207167103_13;M;10200;1270;0;11900;2440;2715
P207167103;P207167103_14;N;11900;0;0;13070;1700;700
P207167101;P207167101_1;A;0;635;0;1700;1805;2160
P207167101;P207167101_2;B;1700;1270;0;3400;2440;2765
P207167101;P207167101_3;C;1700;0;0;3400;1170;2665
P207167101;P207167101_4;D;3400;0;0;5100;1170;2665
P207167101;P207167101_5;E;3400;1270;0;5100;2440;2665
P207167101;P207167101_6;F;5100;1270;0;6800;2440;2665
P207167101;P207167101_7;G;5100;0;0;6800;1170;2665
P207167101;P207167101_8;H;6800;0;0;8500;1170;2665
P207167101;P207167101_9;I;6800;1270;0;8500;2440;2665
P207167101;P207167101_10;J;8500;1270;0;10200;2440;2665
P207167101;P207167101_11;K;8500;0;0;10200;1170;2665
P207167101;P207167101_12;L;10200;0;0;11900;1170;2665
P207167101;P207167101_13;M;10200;1270;0;11900;2440;2665
P207167101;P207167101_14;N;11900;0;0;13070;1700;2665
P206167101;P206167101_1;A;0;635;0;1700;1805;1355
P206167101;P206167101_2;B;1700;1270;0;3400;2440;2665
P206167101;P206167101_3;C;1700;50;0;3400;1220;2715
P206167101;P206167101_4;D;3400;0;0;5100;1170;2715
P206167101;P206167101_5;E;3400;1220;0;5100;2390;2665
P206167101;P206167101_6;F;5100;1270;0;6800;2440;2715
P206167101;P206167101_7;G;5100;0;0;6800;1170;2665
P206167101;P206167101_8;H;6800;0;0;8500;1170;2665
P206167101;P206167101_9;I;6800;1270;0;8500;2440;2665
P206167101;P206167101_10;J;8500;1270;0;10200;2440;2665
P206167101;P206167101_11;K;8500;0;0;10200;1170;2765
P206167101;P206167101_12;L;10200;0;0;11900;1170;2715
P206167101;P206167101_13;M;10200;1270;0;11900;2440;2665
P206167101;P206167101_14;N;11900;0;0;13070;1700;2665
Q206167101_1;Q206167101_1_1;A;0;635;0;1700;1805;2765
Q206167101_1;Q206167101_1_2;B;1700;635;0;3400;1805;2715
Q206167101_1;Q206167101_1_3;C;3400;1270;0;5100;2440;2665
Q206167101_1;Q206167101_1_4;D;3400;0;0;5100;1170;2665
Q206167101_1;Q206167101_1_5;E;5100;0;0;6800;1170;2665
Q206167101_1;Q206167101_1_6;F;5100;1270;0;6800;2440;2665
Q206167101_1;Q206167101_1_7;G;6800;1270;0;8500;2440;2665
Q206167101_1;Q206167101_1_8;H;6800;0;0;8500;1170;2665
Q206167101_1;Q206167101_1_9;I;8500;0;0;10200;1170;2665
Q206167101_1;Q206167101_1_10;J;8500;1270;0;10200;2440;2665
Q206167101_1;Q206167101_1_11;K;10200;1270;0;11900;2440;2665
Q206167101_1;Q206167101_1_12;L;10200;0;0;11900;1170;2665
Q206167101_1;Q206167101_1_13;M;11900;0;0;13070;1700;2010
P205167101;P205167101_1;A;0;635;0;1700;1805;2160
P205167101;P205167101_2;B;1700;1270;0;3400;2440;2715
P205167101;P205167101_3;C;1700;0;0;3400;1170;2665
P205167101;P205167101_4;D;3400;1270;0;5100;2440;2665
P205167101;P205167101_5;E;3400;0;0;5100;1170;2665
P205167101;P205167101_6;F;5100;0;0;6800;1170;2715
P205167101;P205167101_7;G;5100;1270;0;6800;2440;2665
P205167101;P205167101_8;H;6800;1270;0;8500;2440;2665
P205167101;P205167101_9;I;6800;0;0;8500;1170;2665
P205167101;P205167101_10;J;8500;0;0;10200;1170;2715
P205167101;P205167101_11;K;8500;1270;0;10200;2440;2160
P205167101;P205167101_12;L;10200;1270;0;11900;2440;2715
P205167101;P205167101_13;M;10200;0;0;11900;1170;2665
P205167101;P205167101_14;N;11900;0;0;13070;1700;2665
Q205167101_1;Q205167101_1_1;A;0;635;0;1700;1805;700
Q205167101_1;Q205167101_1_2;B;1700;635;0;3400;1805;2665
Q205167101_1;Q205167101_1_3;C;3400;1270;0;5100;2440;2665
Q205167101_1;Q205167101_1_4;D;3400;50;0;5100;1220;2665
Q205167101_1;Q205167101_1_5;E;5100;0;0;6800;1170;2665
Q205167101_1;Q205167101_1_6;F;5100;1270;0;6800;2440;2665
Q205167101_1;Q205167101_1_7;G;6800;1270;0;8500;2440;2665
Q205167101_1;Q205167101_1_8;H;6800;0;0;8500;1170;2665
Q205167101_1;Q205167101_1_9;I;8500;0;0;10200;1170;2665
Q205167101_1;Q205167101_1_10;J;8500;1270;0;10200;2440;2665
Q205167101_1;Q205167101_1_11;K;10200;1270;0;11900;2440;2665
Q205167101_1;Q205167101_1_12;L;10200;0;0;11900;1170;2665
Q205167101_1;Q205167101_1_13;M;11900;0;0;13070;1700;2665
P202167107;P202167107_1;A;0;0;0;1700;1170;1405
P202167107;P202167107_2;B;0;1270;0;1700;2440;750
P202167107;P202167107_3;C;1700;1270;0;3400;2440;2715
P202167107;P202167107_4;D;1700;50;0;3400;1220;2665
P202167107;P202167107_5;E;3400;0;0;5100;1170;2665
P202167107;P202167107_6;F;3400;1220;0;5100;2390;2665
P202167107;P202167107_7;G;5100;1270;0;6800;2440;2715
P202167107;P202167107_8;H;5100;0;0;6800;1170;2665
P202167107;P202167107_9;I;6800;0;0;8500;1170;2665
P202167107;P202167107_10;J;6800;1270;0;8500;2440;2665
P202167107;P202167107_11;K;8500;1270;0;10200;2440;2665
P202167107;P202167107_12;L;8500;0;0;10200;1170;2665
P202167107;P202167107_13;M;10200;0;0;11900;1170;2665
P202167107;P202167107_14;N;10200;1270;0;11900;2440;2665
P202167107;P202167107_15;O;11900;0;0;13070;1700;2665
P202167101;P202167101_1;A;0;635;0;1700;1805;2160
P202167101;P202167101_2;B;1700;1270;0;3400;2440;2665
P202167101;P202167101_3;C;1700;50;0;3400;1220;2665
P202167101;P202167101_4;D;3400;0;0;5100;1170;2665
P202167101;P202167101_5;E;3400;1270;0;5100;2440;2665
P202167101;P202167101_6;F;5100;1270;0;6800;2440;2665
P202167101;P202167101_7;G;5100;0;0;6800;1170;2665
P202167101;P202167101_8;H;6800;0;0;8500;1170;2665
P202167101;P202167101_9;I;6800;1270;0;8500;2440;2665
P202167101;P202167101_10;J;8500;1270;0;10200;2440;2665
P202167101;P202167101_11;K;8500;0;0;10200;1170;2665
P202167101;P202167101_12;L;10200;0;0;11900;1170;2665
P202167101;P202167101_13;M;10200;1270;0;11900;2440;2715
P202167101;P202167101_14;N;11900;0;0;13070;1700;2715
P201167101;P201167101_1;A;0;0;0;1700;1170;1355
P201167101;P201167101_2;B;0;1220;0;1700;2390;1355
P201167101;P201167101_3;C;1700;1270;0;3400;2440;2665
P201167101;P201167101_4;D;1700;0;0;3400;1170;2665
P201167101;P201167101_5;E;3400;635;0;5100;1805;2765
P201167101;P201167101_6;F;5100;1270;0;6800;2440;2715
P201167101;P201167101_7;G;5100;0;0;6800;1170;2665
P201167101;P201167101_8;H;6800;0;0;8500;1170;2665
P201167101;P201167101_9;I;6800;1270;0;8500;2440;2665
P201167101;P201167101_10;J;8500;1270;0;10200;2440;2665
P201167101;P201167101_11;K;8500;0;0;10200;1170;2665
P201167101;P201167101_12;L;10200;0;0;11900;1170;2665
P201167101;P201167101_13;M;10200;1270;0;11900;2440;2665
P201167101;P201167101_14;N;11900;0;0;13070;1700;2665
Q201167101_1;Q201167101_1_1;A;0;0;0;1700;1170;700
Q201167101_1;Q201167101_1_2;B;0;1270;0;1700;2440;700
Q201167101_1;Q201167101_1_3;C;1700;1270;0;3400;2440;2665
Q201167101_1;Q201167101_1_4;D;1700;50;0;3400;1220;2665
Q201167101_1;Q201167101_1_5;E;3400;0;0;5100;1170;2665
Q201167101_1;Q201167101_1_6;F;3400;1270;0;5100;2440;2665
Q201167101_1;Q201167101_1_7;G;5100;1270;0;6800;2440;2665
Q201167101_1;Q201167101_1_8;H;5100;0;0;6800;1170;2665
Q201167101_1;Q201167101_1_9;I;6800;0;0;8500;1170;2665
Q201167101_1;Q201167101_1_10;J;6800;1270;0;8500;2440;2665
Q201167101_1;Q201167101_1_11;K;8500;1270;0;10200;2440;2665
Q201167101_1;Q201167101_1_12;L;8500;0;0;10200;1170;2665
Q201167101_1;Q201167101_1_13;M;10200;0;0;11900;1170;2665
Q201167101_1;Q201167101_1_14;N;10200;1270;0;11900;2440;2665
Q201167101_1;Q201167101_1_15;O;11900;0;0;13070;1700;2665
P200167101;P200167101_1;A;0;635;0;1700;1805;2765
P200167101;P200167101_2;B;1700;1270;0;3400;2440;2160
P200167101;P200167101_3;C;1700;0;0;3400;1170;2665
P200167101;P200167101_4;D;3400;0;0;5100;1170;2665
P200167101;P200167101_5;E;3400;1270;0;5100;2440;2665
P200167101;P200167101_6;F;5100;1270;0;6800;2440;2665
P200167101;P200167101_7;G;5100;0;0;6800;1170;2665
P200167101;P200167101_8;H;6800;0;0;8500;1170;2665
P200167101;P200167101_9;I;6800;1270;0;8500;2440;2665
P200167101;P200167101_10;J;8500;1270;0;10200;2440;2665
P200167101;P200167101_11;K;8500;0;0;10200;1170;2765
P200167101;P200167101_12;L;10200;0;0;11900;1170;2765
P200167101;P200167101_13;M;10200;1270;0;11900;2440;2765
P200167101;P200167101_14;N;11900;0;0;13070;1700;2665
Q200167101_1;Q200167101_1_1;A;0;0;0;1700;1170;700
Q200167101_1;Q200167101_1_2;B;0;1220;0;1700;2390;700
Q200167101_1;Q200167101_1_3;C;1700;1270;0;3400;2440;2665
Q200167101_1;Q200167101_1_4;D;1700;50;0;3400;1220;2665
Q200167101_1;Q200167101_1_5;E;3400;0;0;5100;1170;2665
Q200167101_1;Q200167101_1_6;F;3400;1270;0;5100;2440;2665
Q200167101_1;Q200167101_1_7;G;5100;1270;0;6800;2440;2665
Q200167101_1;Q200167101_1_8;H;5100;0;0;6800;1170;2665
Q200167101_1;Q200167101_1_9;I;6800;0;0;8500;1170;2665
Q200167101_1;Q200167101_1_10;J;6800;1270;0;8500;2440;2665
Q200167101_1;Q200167101_1_11;K;8500;1270;0;10200;2440;2715
Q200167101_1;Q200167101_1_12;L;8500;0;0;10200;1170;2715
Q200167101_1;Q200167101_1_13;M;10200;0;0;11900;1170;2665
Q200167101_1;Q200167101_1_14;N;10200;1270;0;11900;2440;2665
Q200167101_1;Q200167101_1_15;O;11900;0;0;13070;1700;2665
P199167101;P199167101_1;A;0;635;0;1700;1805;1355
P199167101;P199167101_2;B;1700;1270;0;3400;2440;2715
P199167101;P199167101_3;C;1700;50;0;3400;1220;2665
P199167101;P199167101_4;D;3400;0;0;5100;1170;2665
P199167101;P199167101_5;E;3400;1220;0;5100;2390;2715
P199167101;P199167101_6;F;5100;1270;0;6800;2440;2665
P199167101;P199167101_7;G;5100;0;0;6800;1170;2665
P199167101;P199167101_8;H;6800;0;0;8500;1170;2665
P199167101;P199167101_9;I;6800;1270;0;8500;2440;2665
P199167101;P199167101_10;J;8500;1270;0;10200;2440;2715
P199167101;P199167101_11;K;8500;0;0;10200;1170;2665
P199167101;P199167101_12;L;10200;0;0;11900;1170;2665
P199167101;P199167101_13;M;10200;1270;0;11900;2440;2665
P199167101;P199167101_14;N;11900;0;0;13070;1700;2665
Q199167101_1;Q199167101_1_1;A;0;0;0;1700;1170;700
Q199167101_1;Q199167101_1_2;B;0;1220;0;1700;2390;700
Q199167101_1;Q199167101_1_3;C;1700;635;0;3400;1805;2665
Q199167101_1;Q199167101_1_4;D;3400;1270;0;5100;2440;2665
Q199167101_1;Q199167101_1_5;E;3400;50;0;5100;1220;2665
Q199167101_1;Q199167101_1_6;F;5100;1270;0;6800;2440;2665
Q199167101_1;Q199167101_1_7;G;5100;0;0;6800;1170;2665
Q199167101_1;Q199167101_1_8;H;6800;0;0;8500;1170;2665
Q199167101_1;Q199167101_1_9;I;6800;1270;0;8500;2440;2665
Q199167101_1;Q199167101_1_10;J;8500;1270;0;10200;2440;2665
Q199167101_1;Q199167101_1_11;K;8500;0;0;10200;1170;2665
Q199167101_1;Q199167101_1_12;L;10200;0;0;11900;1170;2715
Q199167101_1;Q199167101_1_13;M;10200;1270;0;11900;2440;2715
Q199167101_1;Q199167101_1_14;N;11900;0;0;13070;1700;2665
P198167101;P198167101_1;A;0;635;0;1700;1805;2160
P198167101;P198167101_2;B;1700;1270;0;3400;2440;2665
P198167101;P198167101_3;C;1700;50;0;3400;1220;2665
P198167101;P198167101_4;D;3400;0;0;5100;1170;2715
P198167101;P198167101_5;E;3400;1270;0;5100;2440;2665
P198167101;P198167101_6;F;5100;1270;0;6800;2440;2665
P198167101;P198167101_7;G;5100;0;0;6800;1170;2665
P198167101;P198167101_8;H;6800;0;0;8500;1170;2665
P198167101;P198167101_9;I;6800;1270;0;8500;2440;2665
P198167101;P198167101_10;J;8500;1270;0;10200;2440;2715
P198167101;P198167101_11;K;8500;0;0;10200;1170;2665
P198167101;P198167101_12;L;10200;0;0;11900;1170;2665
P198167101;P198167101_13;M;10200;1270;0;11900;2440;2665
P198167101;P198167101_14;N;11900;0;0;13070;1700;2665
Q198167101_1;Q198167101_1_1;A;0;635;0;1700;1805;2665
Q198167101_1;Q198167101_1_2;B;1700;635;0;3400;1805;2665
Q198167101_1;Q198167101_1_3;C;3400;1270;0;5100;2440;2665
Q198167101_1;Q198167101_1_4;D;3400;0;0;5100;1170;2665
Q198167101_1;Q198167101_1_5;E;5100;0;0;6800;1170;2665
Q198167101_1;Q198167101_1_6;F;5100;1270;0;6800;2440;2665
Q198167101_1;Q198167101_1_7;G;6800;1270;0;8500;2440;2665
Q198167101_1;Q198167101_1_8;H;6800;0;0;8500;1170;2665
Q198167101_1;Q198167101_1_9;I;8500;0;0;10200;1170;2665
Q198167101_1;Q198167101_1_10;J;8500;1270;0;10200;2440;2665
Q198167101_1;Q198167101_1_11;K;10200;1270;0;11900;2440;2665
Q198167101_1;Q198167101_1_12;L;10200;0;0;11900;1170;2665
Q198167101_1;Q198167101_1_13;M;11900;0;0;13070;1700;2665
P194167101;P194167101_1;A;0;635;0;1700;1805;2765
P194167101;P194167101_2;B;1700;1270;0;3400;2440;2160
P194167101;P194167101_3;C;1700;50;0;3400;1220;2715
P194167101;P194167101_4;D;3400;0;0;5100;1170;2665
P194167101;P194167101_5;E;3400;1270;0;5100;2440;2665
P194167101;P194167101_6;F;5100;1270;0;6800;2440;2665
P194167101;P194167101_7;G;5100;50;0;6800;1220;2665
P194167101;P194167101_8;H;6800;0;0;8500;1170;2665
P194167101;P194167101_9;I;6800;1270;0;8500;2440;2665
P194167101;P194167101_10;J;8500;1270;0;10200;2440;2665
P194167101;P194167101_11;K;8500;0;0;10200;1170;2665
P194167101;P194167101_12;L;10200;0;0;11900;1170;2665
P194167101;P194167101_13;M;10200;1270;0;11900;2440;2665
P194167101;P194167101_14;N;11900;0;0;13070;1700;2665
Q194167101_1;Q194167101_1_1;A;0;635;0;1700;1805;2160
Q194167101_1;Q194167101_1_2;B;1700;1270;0;3400;2440;2715
Q194167101_1;Q194167101_1_3;C;1700;0;0;3400;1170;2665
Q194167101_1;Q194167101_1_4;D;3400;0;0;5100;1170;2665
Q194167101_1;Q194167101_1_5;E;3400;1270;0;5100;2440;2665
Q194167101_1;Q194167101_1_6;F;5100;1270;0;6800;2440;2665
Q194167101_1;Q194167101_1_7;G;5100;0;0;6800;1170;2665
Q194167101_1;Q194167101_1_8;H;6800;0;0;8500;1170;2665
Q194167101_1;Q194167101_1_9;I;6800;1270;0;8500;2440;2665
Q194167101_1;Q194167101_1_10;J;8500;1270;0;10200;2440;2665
Q194167101_1;Q194167101_1_11;K;8500;0;0;10200;1170;2665
Q194167101_1;Q194167101_1_12;L;10200;0;0;11900;1170;2665
Q194167101_1;Q194167101_1_13;M;10200;1270;0;11900;2440;2665
Q194167101_1;Q194167101_1_14;N;11900;0;0;13070;1700;2665
P193167103;P193167103_1;A;0;1270;0;1700;2440;700
P193167103;P193167103_2;B;0;50;0;1700;1220;700
P193167103;P193167103_3;C;1700;25;0;3400;1195;2665
P193167103;P193167103_4;D;1700;1270;0;3400;2440;2765
P193167103;P193167103_5;E;3400;635;0;5100;1805;2715
P193167103;P193167103_6;F;5100;1270;0;6800;2440;2665
P193167103;P193167103_7;G;5100;50;0;6800;1220;2665
P193167103;P193167103_8;H;6800;0;0;8500;1170;2665
P193167103;P193167103_9;I;6800;1270;0;8500;2440;2665
P193167103;P193167103_10;J;8500;1270;0;10200;2440;2665
P193167103;P193167103_11;K;8500;0;0;10200;1170;2665
P193167103;P193167103_12;L;10200;0;0;11900;1170;2665
P193167103;P193167103_13;M;10200;1270;0;11900;2440;2665
P193167103;P193167103_14;N;11900;0;0;13070;1700;2665
P193167101;P193167101_1;A;0;635;0;1700;1805;2160
P193167101;P193167101_2;B;1700;1270;0;3400;2440;2665
P193167101;P193167101_3;C;1700;50;0;3400;1220;2665
P193167101;P193167101_4;D;3400;1270;0;5100;2440;2665
P193167101;P193167101_5;E;3400;0;0;5100;1170;2665
P193167101;P193167101_6;F;5100;0;0;6800;1170;2665
P193167101;P193167101_7;G;5100;1270;0;6800;2440;2665
P193167101;P193167101_8;H;6800;1270;0;8500;2440;2665
P193167101;P193167101_9;I;6800;0;0;8500;1170;2715
P193167101;P193167101_10;J;8500;0;0;10200;1170;2665
P193167101;P193167101_11;K;8500;1270;0;10200;2440;2665
P193167101;P193167101_12;L;10200;1270;0;11900;2440;2665
P193167101;P193167101_13;M;10200;0;0;11900;1170;2665
P193167101;P193167101_14;N;11900;0;0;13070;1700;2665
P192167103;P192167103_1;A;0;635;0;1700;1805;700
P192167103;P192167103_2;B;1700;1270;0;3400;2440;2665
P192167103;P192167103_3;C;1700;50;0;3400;1220;2665
P192167103;P192167103_4;D;3400;1270;0;5100;2440;2665
P192167103;P192167103_5;E;3400;50;0;5100;1220;2665
P192167103;P192167103_6;F;5100;0;0;6800;1170;2765
P192167103;P192167103_7;G;5100;1270;0;6800;2440;2665
P192167103;P192167103_8;H;6800;1270;0;8500;2440;2665
P192167103;P192167103_9;I;6800;0;0;8500;1170;2665
P192167103;P192167103_10;J;8500;0;0;10200;1170;2665
P192167103;P192167103_11;K;8500;1270;0;10200;2440;2715
P192167103;P192167103_12;L;10200;1270;0;11900;2440;2665
P192167103;P192167103_13;M;10200;0;0;11900;1170;2665
P192167103;P192167103_14;N;11900;0;0;13070;1700;2715
P192167101;P192167101_1;A;0;635;0;1700;1805;2160
P192167101;P192167101_2;B;1700;1270;0;3400;2440;2765
P192167101;P192167101_3;C;1700;0;0;3400;1170;2665
P192167101;P192167101_4;D;3400;0;0;5100;1170;2665
P192167101;P192167101_5;E;3400;1270;0;5100;2440;2665
P192167101;P192167101_6;F;5100;1270;0;6800;2440;2665
P192167101;P192167101_7;G;5100;0;0;6800;1170;2665
P192167101;P192167101_8;H;6800;0;0;8500;1170;2665
P192167101;P192167101_9;I;6800;1270;0;8500;2440;2665
P192167101;P192167101_10;J;8500;1270;0;10200;2440;2665
P192167101;P192167101_11;K;8500;0;0;10200;1170;2665
P192167101;P192167101_12;L;10200;0;0;11900;1170;2665
P192167101;P192167101_13;M;10200;1270;0;11900;2440;2665
P192167101;P192167101_14;N;11900;0;0;13070;1700;2665
P191167103;P191167103_1;A;0;635;0;1700;1805;2665
P191167103;P191167103_2;B;1700;635;0;3400;1805;2665
P191167103;P191167103_3;C;3400;1270;0;5100;2440;2665
P191167103;P191167103_4;D;3400;0;0;5100;1170;2715
P191167103;P191167103_5;E;5100;0;0;6800;1170;2765
P191167103;P191167103_6;F;5100;1270;0;6800;2440;2665
P191167103;P191167103_7;G;6800;1270;0;8500;2440;2665
P191167103;P191167103_8;H;6800;0;0;8500;1170;2665
P191167103;P191167103_9;I;8500;0;0;10200;1170;2665
P191167103;P191167103_10;J;8500;1270;0;10200;2440;2665
P191167103;P191167103_11;K;10200;1270;0;11900;2440;2665
P191167103;P191167103_12;L;10200;0;0;11900;1170;2665
P191167103;P191167103_13;M;11900;0;0;13070;1700;1355
P191167101;P191167101_1;A;0;1270;0;1700;2440;700
P191167101;P191167101_2;B;0;0;0;1700;1170;700
P191167101;P191167101_3;C;1700;0;0;3400;1170;2665
P191167101;P191167101_4;D;1700;1270;0;3400;2440;2665
P191167101;P191167101_5;E;3400;1270;0;5100;2440;2665
P191167101;P191167101_6;F;3400;50;0;5100;1220;2665
P191167101;P191167101_7;G;5100;0;0;6800;1170;2665
P191167101;P191167101_8;H;5100;1270;0;6800;2440;2665
P191167101;P191167101_9;I;6800;1270;0;8500;2440;2765
P191167101;P191167101_10;J;6800;0;0;8500;1170;2160
P191167101;P191167101_11;K;8500;0;0;10200;1170;2665
P191167101;P191167101_12;L;8500;1270;0;10200;2440;2665
P191167101;P191167101_13;M;10200;1270;0;11900;2440;2665
P191167101;P191167101_14;N;10200;0;0;11900;1170;2665
P191167101;P191167101_15;O;11900;0;0;13070;1700;2665
P188167103;P188167103_1;A;0;635;0;1700;1805;1355
P188167103;P188167103_2;B;1700;1270;0;3400;2440;2665
P188167103;P188167103_3;C;1700;50;0;3400;1220;2665
P188167103;P188167103_4;D;3400;0;0;5100;1170;2665
P188167103;P188167103_5;E;3400;1270;0;5100;2440;2665
P188167103;P188167103_6;F;5100;1270;0;6800;2440;2765
P188167103;P188167103_7;G;5100;0;0;6800;1170;2665
P188167103;P188167103_8;H;6800;0;0;8500;1170;2665
P188167103;P188167103_9;I;6800;1270;0;8500;2440;2665
P188167103;P188167103_10;J;8500;1270;0;10200;2440;2665
P188167103;P188167103_11;K;8500;0;0;10200;1170;2665
P188167103;P188167103_12;L;10200;0;0;11900;1170;2665
P188167103;P188167103_13;M;10200;1270;0;11900;2440;2665
P188167103;P188167103_14;N;11900;0;0;13070;1700;2665
P188167101;P188167101_1;A;0;635;0;1700;1805;1355
P188167101;P188167101_2;B;1700;1270;0;3400;2440;2665
P188167101;P188167101_3;C;1700;50;0;3400;1220;2665
P188167101;P188167101_4;D;3400;0;0;5100;1170;2665
P188167101;P188167101_5;E;3400;1270;0;5100;2440;2665
P188167101;P188167101_6;F;5100;1270;0;6800;2440;2665
P188167101;P188167101_7;G;5100;0;0;6800;1170;2665
P188167101;P188167101_8;H;6800;0;0;8500;1170;2665
P188167101;P188167101_9;I;6800;1270;0;8500;2440;2665
P188167101;P188167101_10;J;8500;1270;0;10200;2440;2715
P188167101;P188167101_11;K;8500;0;0;10200;1170;2665
P188167101;P188167101_12;L;10200;0;0;11900;1170;2665
P188167101;P188167101_13;M;10200;1270;0;11900;2440;2665
P188167101;P188167101_14;N;11900;0;0;13070;1700;2665
P187167101;P187167101_1;A;0;635;0;1700;1805;1355
P187167101;P187167101_2;B;1700;1270;0;3400;2440;2665
P187167101;P187167101_3;C;1700;50;0;3400;1220;2665
P187167101;P187167101_4;D;3400;0;0;5100;1170;2665
P187167101;P187167101_5;E;3400;1270;0;5100;2440;2715
P187167101;P187167101_6;F;5100;1270;0;6800;2440;2665
P187167101;P187167101_7;G;5100;0;0;6800;1170;2665
P187167101;P187167101_8;H;6800;0;0;8500;1170;2665
P187167101;P187167101_9;I;6800;1270;0;8500;2440;2665
P187167101;P187167101_10;J;8500;1270;0;10200;2440;2665
P187167101;P187167101_11;K;8500;0;0;10200;1170;2665
P187167101;P187167101_12;L;10200;0;0;11900;1170;2665
P187167101;P187167101_13;M;10200;1270;0;11900;2440;2665
P187167101;P187167101_14;N;11900;0;0;13070;1700;2665
Q187167101_1;Q187167101_1_1;A;0;635;0;1700;1805;2160
Q187167101_1;Q187167101_1_2;B;1700;1270;0;3400;2440;2715
Q187167101_1;Q187167101_1_3;C;1700;0;0;3400;1170;2665
Q187167101_1;Q187167101_1_4;D;3400;0;0;5100;1170;2665
Q187167101_1;Q187167101_1_5;E;3400;1270;0;5100;2440;2665
Q187167101_1;Q187167101_1_6;F;5100;1270;0;6800;2440;2665
Q187167101_1;Q187167101_1_7;G;5100;0;0;6800;1170;2665
Q187167101_1;Q187167101_1_8;H;6800;0;0;8500;1170;2665
Q187167101_1;Q187167101_1_9;I;6800;1270;0;8500;2440;2665
Q187167101_1;Q187167101_1_10;J;8500;1270;0;10200;2440;2665
Q187167101_1;Q187167101_1_11;K;8500;0;0;10200;1170;2665
Q187167101_1;Q187167101_1_12;L;10200;0;0;11900;1170;2665
Q187167101_1;Q187167101_1_13;M;10200;1270;0;11900;2440;2665
Q187167101_1;Q187167101_1_14;N;11900;0;0;13070;1700;2665
P186167103;P186167103_1;A;0;635;0;1700;1805;2665
P186167103;P186167103_2;B;1700;635;0;3400;1805;2665
P186167103;P186167103_3;C;3400;1270;0;5100;2440;2665
P186167103;P186167103_4;D;3400;0;0;5100;1170;2665
P186167103;P186167103_5;E;5100;0;0;6800;1170;2665
P186167103;P186167103_6;F;5100;1270;0;6800;2440;2715
P186167103;P186167103_7;G;6800;1270;0;8500;2440;2665
P186167103;P186167103_8;H;6800;0;0;8500;1170;2665
P186167103;P186167103_9;I;8500;0;0;10200;1170;2665
P186167103;P186167103_10;J;8500;1270;0;10200;2440;2665
P186167103;P186167103_11;K;10200;1270;0;11900;2440;2665
P186167103;P186167103_12;L;10200;0;0;11900;1170;2665
P186167103;P186167103_13;M;11900;0;0;13070;1700;2665
P186167101;P186167101_1;A;0;635;0;1700;1805;2765
P186167101;P186167101_2;B;1700;1270;0;3400;2440;2160
P186167101;P186167101_3;C;1700;0;0;3400;1170;2665
P186167101;P186167101_4;D;3400;0;0;5100;1170;2665
P186167101;P186167101_5;E;3400;1270;0;5100;2440;2665
P186167101;P186167101_6;F;5100;1270;0;6800;2440;2665
P186167101;P186167101_7;G;5100;0;0;6800;1170;2665
P186167101;P186167101_8;H;6800;0;0;8500;1170;2665
P186167101;P186167101_9;I;6800;1270;0;8500;2440;2665
P186167101;P186167101_10;J;8500;1270;0;10200;2440;2665
P186167101;P186167101_11;K;8500;0;0;10200;1170;2665
P186167101;P186167101_12;L;10200;0;0;11900;1170;2665
P186167101;P186167101_13;M;10200;1270;0;11900;2440;2665
P186167101;P186167101_14;N;11900;0;0;13070;1700;2665
P185167103;P185167103_1;A;0;635;0;1700;1805;2665
P185167103;P185167103_2;B;1700;635;0;3400;1805;2665
P185167103;P185167103_3;C;3400;1270;0;5100;2440;2665
P185167103;P185167103_4;D;3400;0;0;5100;1170;2715
P185167103;P185167103_5;E;5100;0;0;6800;1170;2715
P185167103;P185167103_6;F;5100;1270;0;6800;2440;2665
P185167103;P185167103_7;G;6800;1270;0;8500;2440;2665
P185167103;P185167103_8;H;6800;0;0;8500;1170;2665
P185167103;P185167103_9;I;8500;0;0;10200;1170;2665
P185167103;P185167103_10;J;8500;1270;0;10200;2440;2665
P185167103;P185167103_11;K;10200;1270;0;11900;2440;2665
P185167103;P185167103_12;L;10200;0;0;11900;1170;700
P185167101;P185167101_1;A;0;0;0;1700;1170;2665
P185167101;P185167101_2;B;0;1170;0;1700;2340;2665
P185167101;P185167101_3;C;1700;635;0;3400;1805;2665
P185167101;P185167101_4;D;3400;1270;0;5100;2440;2665
P185167101;P185167101_5;E;3400;0;0;5100;1170;2715
P185167101;P185167101_6;F;5100;635;0;6800;1805;2665
P185167101;P185167101_7;G;6800;1270;0;8500;2440;2665
P185167101;P185167101_8;H;6800;0;0;8500;1170;2665
P185167101;P185167101_9;I;8500;1270;0;10200;2440;2665
P185167101;P185167101_10;J;8500;0;0;10200;1170;2665
P185167101;P185167101_11;K;10200;0;0;11900;1170;2665
P185167101;P185167101_12;L;10200;1270;0;11900;2440;2665
P185167101;P185167101_13;M;11900;0;0;13070;1700;2715
P184167103;P184167103_1;A;0;635;0;1700;1805;2765
P184167103;P184167103_2;B;1700;635;0;3400;1805;2715
P184167103;P184167103_3;C;3400;635;0;5100;1805;2665
P184167103;P184167103_4;D;5100;1270;0;6800;2440;2665
P184167103;P184167103_5;E;5100;50;0;6800;1220;2665
P184167103;P184167103_6;F;6800;0;0;8500;1170;2010
P240064505;P240064505_1;A;0;0;0;1900;1200;2855
P240064505;P240064505_2;B;0;1240;0;1900;2440;2855
P240064505;P240064505_3;C;1900;1240;0;2900;2440;2865
P240064505;P240064505_4;D;1900;0;0;2900;1200;2865
P240064505;P240064505_5;E;2900;0;0;3900;1200;2865
P240064505;P240064505_6;F;2900;1240;0;3900;2440;2835
P240064505;P240064505_7;G;3900;1240;0;4900;2440;2700
P240064505;P240064505_8;H;3900;0;0;4900;1200;2700
P240064505;P240064505_9;I;4900;0;0;5900;1200;2700
P240064505;P240064505_10;J;4900;1240;0;5900;2440;2700
P240064505;P240064505_11;K;5900;1240;0;6900;2440;2700
P240064505;P240064505_12;L;5900;0;0;6900;1200;2700
P240064505;P240064505_13;M;6900;0;0;7900;1200;2700
P240064505;P240064505_14;N;6900;1240;0;7900;2440;2700
P240064505;P240064505_15;O;7900;1240;0;8900;2440;2700
P240064505;P240064505_16;P;7900;0;0;8900;1200;1815
P240064503;P240064503_1;A;0;0;0;1600;1200;2700
P240064503;P240064503_2;B;0;1240;0;1300;2440;2935
P240064503;P240064503_3;C;1300;1240;0;2600;2440;2935
P240064503;P240064503_4;D;1600;0;0;2900;1200;2935
P240064503;P240064503_5;E;2600;1240;0;3900;2440;2935
P240064503;P240064503_6;F;2900;0;0;4200;1200;2935
P240064503;P240064503_7;G;3900;1240;0;5200;2440;2935
P240064503;P240064503_8;H;4200;0;0;5500;1200;2935
P240064503;P240064503_9;I;5200;1660;0;5770;2440;1340
P240064503;P240064503_10;J;5500;0;0;6070;780;1340
P240064501;P240064501_1;A;0;0;0;1600;1200;2700
P240064501;P240064501_2;B;0;1240;0;1600;2440;2700
P240064501;P240064501_3;C;1600;1240;0;3200;2440;2700
P240064501;P240064501_4;D;1600;0;0;2600;1200;2700
P240064501;P240064501_5;E;2600;0;0;3600;1200;2700
P240064501;P240064501_6;F;3200;1240;0;4800;2440;2700
P240064501;P240064501_7;G;3600;0;0;5200;1200;2700
P240064501;P240064501_8;H;4800;1240;0;6700;2440;2865
P240064501;P240064501_9;I;5200;0;0;7100;1200;2865
P240064501;P240064501_10;J;6700;1240;0;8600;2440;2865
P240064501;P240064501_11;K;7100;0;0;9000;1200;2865
P240064501;P240064501_12;L;8600;1240;0;10200;2440;2700
P240064501;P240064501_13;M;9000;0;0;10600;1200;2340
P240064501;P240064501_14;N;10200;1660;0;10770;2440;1771
P240064501;P240064501_15;O;10600;0;0;11170;780;1771
P240064501;P240064501_16;P;10600;780;0;11170;1560;1340
P240064501;P240064501_17;Q;10770;1660;0;11340;2440;478
P240064501;P240064501_18;R;11170;0;0;12170;1200;2700
P240064501;P240064501_19;S;11340;1234;0;12350;2440;2370
P240064501;P240064501_20;T;12170;0;0;13170;1200;2160
P240064501;P240064501_21;U;12350;1240;0;13350;2440;2160
P209064501;P209064501_1;A;0;0;0;1900;1200;2865
P209064501;P209064501_2;B;0;1240;0;1600;2440;2520
P209064501;P209064501_3;C;1600;1240;0;3200;2440;2700
P209064501;P209064501_4;D;1900;0;0;2910;1206;2370
P209064501;P209064501_5;E;2910;0;0;4810;1200;2865
P209064501;P209064501_6;F;3200;1234;0;4210;2440;2370
P209064501;P209064501_7;G;4210;1240;0;5810;2440;2700
P209064501;P209064501_8;H;4810;0;0;6710;1200;2865
P209064501;P209064501_9;I;5810;1240;0;7710;2440;2865
P209064501;P209064501_10;J;6710;0;0;8310;1200;2700
P209064501;P209064501_11;K;7710;1240;0;9310;2440;2700
P209064501;P209064501_12;L;8310;0;0;9910;1200;2700
P209064501;P209064501_13;M;9310;1240;0;10910;2440;2700
P209064501;P209064501_14;N;9910;0;0;11810;1200;2865
P209064501;P209064501_15;O;10910;1240;0;11910;2440;2700
P209064501;P209064501_16;P;11810;0;0;12810;1200;2700
P209064501;P209064501_17;Q;11910;1240;0;12910;2440;2700
P209064501;P209064501_18;R;12810;0;0;13380;780;1771
P209064501;P209064501_19;S;12910;780;0;13480;1560;1771
P209064501;P209064501_20;T;12910;1660;0;13480;2440;1771
P208064501;P208064501_1;A;0;0;0;1600;1200;2700
P208064501;P208064501_2;B;0;1240;0;1000;2440;2340
P208064501;P208064501_3;C;1000;1240;0;2000;2440;2700
P208064501;P208064501_4;D;1600;0;0;3200;1200;2160
P208064501;P208064501_5;E;2000;1240;0;3600;2440;2700
P208064501;P208064501_6;F;3200;0;0;5100;1200;2865
P208064501;P208064501_7;G;3600;1240;0;5500;2440;2865
P208064501;P208064501_8;H;5100;0;0;6700;1200;2700
P208064501;P208064501_9;I;5500;1240;0;7100;2440;2700
P208064501;P208064501_10;J;6700;0;0;8300;1200;2700
P208064501;P208064501_11;K;7100;1240;0;8100;2440;2700
P208064501;P208064501_12;L;8100;1240;0;9100;2440;2700
P208064501;P208064501_13;M;8300;0;0;9300;1200;2700
P208064501;P208064501_14;N;9100;1240;0;10100;2440;1815
P208064501;P208064501_15;O;9300;0;0;9870;780;1771
P208064501;P208064501_16;P;9870;0;0;10880;1206;2370
P208064501;P208064501_17;Q;10100;1234;0;11110;2440;2370
P208064501;P208064501_18;R;10880;0;0;12780;1200;2865
P208064501;P208064501_19;S;11110;1240;0;12710;2440;2700
P208064501;P208064501_20;T;12710;1660;0;13280;2440;1771
P208064501;P208064501_21;U;12780;0;0;13350;780;478
P207064505;P207064505_1;A;0;0;0;1000;1200;2865
P207064505;P207064505_2;B;0;1240;0;1000;2440;2385
P207064505;P207064505_3;C;1000;620;0;2000;1820;2700
P207064505;P207064505_4;D;2000;1240;0;3000;2440;2700
P207064505;P207064505_5;E;2000;0;0;3000;1200;2700
P207064505;P207064505_6;F;3000;1240;0;4000;2440;2700
P207064505;P207064505_7;G;3000;0;0;4000;1200;2745
P207064505;P207064505_8;H;4000;0;0;5000;1200;2700
P207064505;P207064505_9;I;4000;1240;0;5000;2440;2700
P207064505;P207064505_10;J;5000;1240;0;6000;2440;2700
P207064505;P207064505_11;K;5000;0;0;6000;1200;2745
P207064505;P207064505_12;L;6000;0;0;7000;1200;2865
P207064505;P207064505_13;M;6000;1240;0;7000;2440;2385
P207064505;P207064505_14;N;7000;1240;0;8000;2440;2700
P207064505;P207064505_15;O;7000;0;0;8000;1200;2700
P207064505;P207064505_16;P;8000;0;0;9000;1200;2700
P207064505;P207064505_17;Q;8000;1240;0;9000;2440;2700
P207064505;P207064505_18;R;9000;1240;0;10000;2440;930
P207064501;P207064501_1;A;0;1660;0;570;2440;1340
P207064501;P207064501_2;B;0;0;0;570;780;1340
P207064501;P207064501_3;C;0;780;0;570;1560;1771
P207064501;P207064501_4;D;570;0;0;2170;1200;2700
P207064501;P207064501_5;E;570;1240;0;2470;2440;2865
P207064501;P207064501_6;F;2170;0;0;3170;1200;2520
P207064501;P207064501_7;G;2470;1240;0;4070;2440;2700
P207064501;P207064501_8;H;3170;0;0;4770;1200;2700
P207064501;P207064501_9;I;4070;1240;0;5670;2440;2700
P207064501;P207064501_10;J;4770;0;0;6370;1200;2700
P207064501;P207064501_11;K;5670;1240;0;7270;2440;2700
P207064501;P207064501_12;L;6370;0;0;8270;1200;2865
P207064501;P207064501_13;M;7270;1240;0;9170;2440;2865
P207064501;P207064501_14;N;8270;0;0;10170;1200;2865
P207064501;P207064501_15;O;9170;1240;0;10770;2440;2160
P207064501;P207064501_16;P;10170;0;0;11180;1206;2370
P207064501;P207064501_17;Q;10770;1240;0;11770;2440;2700
P207064501;P207064501_18;R;11180;0;0;12180;1200;2700
P207064501;P207064501_19;S;11770;1240;0;12770;2440;2700
P207064501;P207064501_20;T;12180;0;0;13180;1200;2700
P207064501;P207064501_21;U;12770;1660;0;13340;2440;1771
P206064501;P206064501_1;A;0;1240;0;1600;2440;2700
P206064501;P206064501_2;B;0;0;0;1900;1200;2865
P206064501;P206064501_3;C;1600;1240;0;3500;2440;2865
P206064501;P206064501_4;D;1900;0;0;3500;1200;2700
P206064501;P206064501_5;E;3500;0;0;5100;1200;2700
P206064501;P206064501_6;F;3500;1240;0;5100;2440;2700
P206064501;P206064501_7;G;5100;1240;0;6700;2440;2520
P206064501;P206064501_8;H;5100;0;0;6100;1200;2865
P206064501;P206064501_9;I;6100;0;0;6670;780;1771
P206064501;P206064501_10;J;6670;0;0;8270;1200;2340
P206064501;P206064501_11;K;6700;1240;0;8300;2440;2700
P206064501;P206064501_12;L;8270;0;0;9870;1200;2700
P206064501;P206064501_13;M;8300;1240;0;9900;2440;2700
P206064501;P206064501_14;N;9870;0;0;10870;1200;2700
P206064501;P206064501_15;O;9900;1240;0;10900;2440;2700
P206064501;P206064501_16;P;10870;0;0;11880;1206;2370
P206064501;P206064501_17;Q;10900;1234;0;11910;2440;2370
P206064501;P206064501_18;R;11880;0;0;13480;1200;2700
P206064501;P206064501_19;S;11910;1240;0;12910;2440;2700
P206064501;P206064501_20;T;12910;1660;0;13480;2440;1771
P205064503;P205064503_1;A;0;0;0;1300;1200;2935
P205064503;P205064503_2;B;0;1240;0;1300;2440;2935
P205064503;P205064503_3;C;1300;1240;0;2600;2440;2935
P205064503;P205064503_4;D;1300;0;0;2600;1200;2935
P205064503;P205064503_5;E;2600;0;0;3900;1200;2935
P205064503;P205064503_6;F;2600;1240;0;3900;2440;2935
P205064503;P205064503_7;G;3900;1240;0;5200;2440;2935
P205064503;P205064503_8;H;3900;0;0;5200;1200;2935
P205064503;P205064503_9;I;5200;0;0;6500;1200;2935
P205064503;P205064503_10;J;5200;1240;0;6500;2440;2935
P205064503;P205064503_11;K;6500;1240;0;7800;2440;2935
P205064503;P205064503_12;L;6500;0;0;7070;780;1340
P205064503;P205064503_13;M;7070;0;0;7640;780;1340
P205064503;P205064503_14;N;7640;0;0;8940;1200;2935
P205064503;P205064503_15;O;7800;1240;0;9100;2440;2935
P205064503;P205064503_16;P;8940;0;0;10240;1200;2935
P205064503;P205064503_17;Q;9100;1240;0;10400;2440;2935
P205064503;P205064503_18;R;10240;0;0;11540;1200;2935
P205064503;P205064503_19;S;10400;1240;0;11700;2440;2935
P205064503;P205064503_20;T;11540;0;0;12840;1200;2935
P205064501;P205064501_1;A;0;1240;0;1000;2440;2700
P205064501;P205064501_2;B;0;0;0;1000;1200;2865
P205064501;P205064501_3;C;1000;0;0;2900;1200;2865
P205064501;P205064501_4;D;1000;1240;0;2900;2440;2865
P205064501;P205064501_5;E;2900;1660;0;3470;2440;1771
P205064501;P205064501_6;F;2900;0;0;4800;1200;2865
P205064501;P205064501_7;G;3470;1240;0;5370;2440;2865
P205064501;P205064501_8;H;4800;0;0;6400;1200;2700
P205064501;P205064501_9;I;5370;1240;0;6370;2440;2340
P205064501;P205064501_10;J;6370;1234;0;7380;2440;2370
P205064501;P205064501_11;K;6400;0;0;8300;1200;2865
P205064501;P205064501_12;L;7380;1240;0;8980;2440;2700
P205064501;P205064501_13;M;8300;0;0;9900;1200;2700
P205064501;P205064501_14;N;8980;1240;0;9980;2440;2700
P205064501;P205064501_15;O;9900;0;0;10900;1200;2700
P205064501;P205064501_16;P;9980;1240;0;10980;2440;2700
P205064501;P205064501_17;Q;10900;0;0;11900;1200;2700
P205064501;P205064501_18;R;10980;1240;0;12580;2440;2160
P205064501;P205064501_19;S;11900;0;0;12900;1200;2700
P205064501;P205064501_20;T;12580;1660;0;13150;2440;1771
P205064501;P205064501_21;U;12900;0;0;13470;780;1771
P205064501;P205064501_22;V;12900;780;0;13470;1560;909
P202064505;P202064505_1;A;0;620;0;1000;1820;2745
P202064505;P202064505_2;B;1000;1240;0;2000;2440;2700
P202064505;P202064505_3;C;1000;0;0;2000;1200;2700
P202064505;P202064505_4;D;2000;0;0;3000;1200;2700
P202064505;P202064505_5;E;2000;1240;0;3000;2440;2700
P202064505;P202064505_6;F;3000;1240;0;4000;2440;2700
P202064505;P202064505_7;G;3000;0;0;4000;1200;2700
P202064505;P202064505_8;H;4000;0;0;5000;1200;2700
P202064505;P202064505_9;I;4000;1240;0;5000;2440;2700
P202064505;P202064505_10;J;5000;1240;0;6000;2440;2700
P202064505;P202064505_11;K;5000;0;0;6000;1200;2340
P202064505;P202064505_12;L;6000;0;0;7000;1200;2865
P202064505;P202064505_13;M;6000;1240;0;7000;2440;2865
P202064505;P202064505_14;N;7000;1240;0;8000;2440;2385
P202064505;P202064505_15;O;7000;0;0;8000;1200;2835
P202064505;P202064505_16;P;8000;0;0;9000;1200;2745
P202064505;P202064505_17;Q;8000;1240;0;9000;2440;2700
P202064505;P202064505_18;R;9000;1240;0;10000;2440;2700
P202064505;P202064505_19;S;9000;0;0;10000;1200;2340
P202064505;P202064505_20;T;10000;0;0;11000;1200;2865
P202064505;P202064505_21;U;10000;1240;0;11000;2440;2865
P202064505;P202064505_22;V;11000;1240;0;12000;2440;2340
P202064505;P202064505_23;W;11000;0;0;12000;1200;2700
P202064505;P202064505_24;X;12000;0;0;13200;1000;1815
P202064501;P202064501_1;A;0;0;0;1000;1200;2340
P202064501;P202064501_2;B;0;1240;0;1600;2440;2700
P202064501;P202064501_3;C;1000;0;0;2600;1200;2700
P202064501;P202064501_4;D;1600;1240;0;3500;2440;2865
P202064501;P202064501_5;E;2600;0;0;4500;1200;2865
P202064501;P202064501_6;F;3500;1240;0;5400;2440;2865
P202064501;P202064501_7;G;4500;0;0;6100;1200;2700
P202064501;P202064501_8;H;5400;1240;0;7000;2440;2700
P202064501;P202064501_9;I;6100;0;0;7700;1200;2700
P202064501;P202064501_10;J;7000;1234;0;8010;2440;2370
P202064501;P202064501_11;K;7700;0;0;8700;1200;2160
P202064501;P202064501_12;L;8010;1240;0;9610;2440;2700
P202064501;P202064501_13;M;8700;0;0;10600;1200;2865
P202064501;P202064501_14;N;9610;1240;0;11510;2440;2865
P202064501;P202064501_15;O;10600;0;0;11610;1206;2370
P202064501;P202064501_16;P;11510;1240;0;13410;2440;2160
P202064501;P202064501_17;Q;11610;0;0;13210;1200;2520
P201064507;P201064507_1;A;0;0;0;1600;1200;2700
P201064507;P201064507_2;B;0;1240;0;1900;2440;2865
P201064507;P201064507_3;C;1600;0;0;3500;1200;2865
P201064507;P201064507_4;D;1900;1240;0;3800;2440;2865
P201064507;P201064507_5;E;3500;0;0;5100;1200;2700
P201064507;P201064507_6;F;3800;1240;0;5400;2440;2700
P201064507;P201064507_7;G;5100;0;0;6700;1200;2700
P201064507;P201064507_8;H;5400;1240;0;7000;2440;2700
P201064507;P201064507_9;I;6700;0;0;7700;1200;2700
P201064507;P201064507_10;J;7000;1240;0;8000;2440;2700
P201064507;P201064507_11;K;7700;0;0;8700;1200;2700
P201064507;P201064507_12;L;8000;1240;0;9000;2440;2700
P201064507;P201064507_13;M;8700;0;0;10300;1200;2700
P201064507;P201064507_14;N;9000;1240;0;10600;2440;2700
P201064507;P201064507_15;O;10300;0;0;11900;1200;2700
P201064507;P201064507_16;P;10600;1240;0;12200;2440;2700
P201064507;P201064507_17;Q;11900;0;0;13500;1200;2700
P201064507;P201064507_18;R;12200;1240;0;13200;2440;2700
P201064501;P201064501_1;A;0;0;0;1600;1200;2520
P201064501;P201064501_2;B;0;1240;0;1600;2440;2520
P201064501;P201064501_3;C;1600;1660;0;2170;2440;1771
P201064501;P201064501_4;D;1600;0;0;2170;780;1771
P201064501;P201064501_5;E;1600;780;0;2170;1560;1771
P201064501;P201064501_6;F;2170;0;0;2740;780;1771
P201064501;P201064501_7;G;2170;840;0;3370;2440;2700
P201064501;P201064501_8;H;2740;0;0;3310;780;1771
P201064501;P201064501_9;I;3310;0;0;3880;780;1771
P201064501;P201064501_10;J;3370;1240;0;5270;2440;2865
P201064501;P201064501_11;K;3880;0;0;5480;1200;2700
P201064501;P201064501_12;L;5270;1240;0;6870;2440;2700
P201064501;P201064501_13;M;5480;0;0;7080;1200;2700
P201064501;P201064501_14;N;6870;1240;0;8470;2440;2700
P201064501;P201064501_15;O;7080;0;0;8680;1200;2700
P201064501;P201064501_16;P;8470;1240;0;10370;2440;2865
P201064501;P201064501_17;Q;8680;0;0;9680;1200;2700
P201064501;P201064501_18;R;9680;0;0;10680;1200;2700
P201064501;P201064501_19;S;10370;1240;0;11370;2440;2700
P201064501;P201064501_20;T;10680;0;0;11690;1206;2370
P201064501;P201064501_21;U;11370;1240;0;13270;2440;2865
P201064501;P201064501_22;V;11690;0;0;13290;1200;2700
P200064501;P200064501_1;A;0;0;0;570;780;1340
P200064501;P200064501_2;B;0;780;0;570;1560;1340
P200064501;P200064501_3;C;0;1660;0;570;2440;1340
P200064501;P200064501_4;D;570;1240;0;1570;2440;2520
P200064501;P200064501_5;E;570;0;0;2170;1200;2700
P200064501;P200064501_6;F;1570;1240;0;3170;2440;2700
P200064501;P200064501_7;G;2170;0;0;3770;1200;2700
P200064501;P200064501_8;H;3170;1240;0;4770;2440;2700
P200064501;P200064501_9;I;3770;0;0;5370;1200;2700
P200064501;P200064501_10;J;4770;1240;0;6370;2440;2700
P200064501;P200064501_11;K;5370;0;0;6970;1200;2340
P200064501;P200064501_12;L;6370;1234;0;7380;2440;2370
P200064501;P200064501_13;M;6970;0;0;8570;1200;2520
P200064501;P200064501_14;N;7380;1240;0;9280;2440;2865
P200064501;P200064501_15;O;8570;0;0;10470;1200;2865
P200064501;P200064501_16;P;9280;1240;0;11180;2440;2865
P200064501;P200064501_17;Q;10470;0;0;12370;1200;2865
P200064501;P200064501_18;R;11180;1240;0;12180;2440;2865
P200064501;P200064501_19;S;12180;1660;0;12750;2440;1771
P200064501;P200064501_20;T;12370;0;0;13370;1200;1455
P199064501;P199064501_1;A;0;0;0;1010;1206;2370
P199064501;P199064501_2;B;0;1240;0;1900;2440;2865
P199064501;P199064501_3;C;1010;0;0;2910;1200;2865
P199064501;P199064501_4;D;1900;1240;0;2900;2440;2700
P199064501;P199064501_5;E;2900;1240;0;3900;2440;2340
P199064501;P199064501_6;F;2910;0;0;4510;1200;2340
P199064501;P199064501_7;G;3900;1240;0;4900;2440;2700
P199064501;P199064501_8;H;4510;0;0;5510;1200;2700
P199064501;P199064501_9;I;4900;1660;0;5470;2440;1771
P199064501;P199064501_10;J;5470;1660;0;6040;2440;1771
P199064501;P199064501_11;K;5510;0;0;6520;1206;2370
P199064501;P199064501_12;L;6040;1234;0;7050;2440;2370
P199064501;P199064501_13;M;6520;0;0;8420;1200;2865
P199064501;P199064501_14;N;7050;1240;0;8650;2440;2520
P199064501;P199064501_15;O;8420;0;0;10020;1200;2700
P199064501;P199064501_16;P;8650;1240;0;10550;2440;2865
P199064501;P199064501_17;Q;10020;0;0;11920;1200;2865
P199064501;P199064501_18;R;10550;1240;0;12150;2440;2700
P199064501;P199064501_19;S;11920;0;0;12920;1200;2700
P199064501;P199064501_20;T;12150;1240;0;13150;2440;2700
P199064501;P199064501_21;U;12920;0;0;13490;780;1771
P198064505;P198064505_1;A;0;0;0;1900;1200;2855
P198064505;P198064505_2;B;0;1240;0;1900;2440;2855
P198064505;P198064505_3;C;1900;1240;0;2900;2440;2865
P198064505;P198064505_4;D;1900;0;0;2900;1200;2865
P198064505;P198064505_5;E;2900;0;0;3900;1200;2865
P198064505;P198064505_6;F;2900;1240;0;3900;2440;2790
P198064505;P198064505_7;G;3900;1240;0;4900;2440;2700
P198064505;P198064505_8;H;3900;0;0;4900;1200;2700
P198064505;P198064505_9;I;4900;0;0;5900;1200;2700
P198064505;P198064505_10;J;4900;1240;0;5900;2440;2700
P198064505;P198064505_11;K;5900;1240;0;6900;2440;2700
P198064505;P198064505_12;L;5900;0;0;6900;1200;2700
P198064505;P198064505_13;M;6900;0;0;7900;1200;2700
P198064505;P198064505_14;N;6900;1240;0;7900;2440;2700
P198064505;P198064505_15;O;7900;1240;0;8900;2440;2700
P198064505;P198064505_16;P;7900;0;0;8900;1200;2700
P198064505;P198064505_17;Q;8900;0;0;9900;1200;2700
P198064505;P198064505_18;R;8900;1240;0;9900;2440;2700
P198064505;P198064505_19;S;9900;1240;0;10900;2440;2700
P198064505;P198064505_20;T;9900;0;0;10900;1200;2700
P198064505;P198064505_21;U;10900;0;0;11900;1200;2700
P198064505;P198064505_22;V;10900;1240;0;11900;2440;2700
P198064505;P198064505_23;W;11900;1440;0;13100;2440;2700
P198064505;P198064505_24;X;11900;0;0;12900;1200;2700
P198064503;P198064503_1;A;0;0;0;1300;1200;2935
P198064503;P198064503_2;B;0;1240;0;1300;2440;2935
P198064503;P198064503_3;C;1300;1240;0;2600;2440;2935
P198064503;P198064503_4;D;1300;0;0;2600;1200;2935
P198064503;P198064503_5;E;2600;0;0;3900;1200;2935
P198064503;P198064503_6;F;2600;1240;0;3900;2440;2935
P198064503;P198064503_7;G;3900;1240;0;5200;2440;2935
P198064503;P198064503_8;H;3900;0;0;5200;1200;2935
P198064503;P198064503_9;I;5200;0;0;6500;1200;2935
P198064503;P198064503_10;J;5200;1240;0;6500;2440;2935
P198064503;P198064503_11;K;6500;1240;0;7800;2440;2935
P198064503;P198064503_12;L;6500;0;0;7800;1200;2935
P198064503;P198064503_13;M;7800;0;0;9100;1200;2935
P198064503;P198064503_14;N;7800;1240;0;9100;2440;2935
P198064503;P198064503_15;O;9100;1240;0;10400;2440;2935
P198064503;P198064503_16;P;9100;0;0;10400;1200;2935
P198064503;P198064503_17;Q;10400;0;0;10970;780;1340
P198064501;P198064501_1;A;0;0;0;570;780;1771
P198064501;P198064501_2;B;0;780;0;570;1560;1771
P198064501;P198064501_3;C;0;1660;0;570;2440;1771
P198064501;P198064501_4;D;570;1240;0;1570;2440;2700
P198064501;P198064501_5;E;570;0;0;1570;1200;2700
P198064501;P198064501_6;F;1570;0;0;3470;1200;2865
P198064501;P198064501_7;G;1570;1240;0;3170;2440;2700
P198064501;P198064501_8;H;3170;1240;0;4770;2440;2700
P198064501;P198064501_9;I;3470;0;0;4480;1206;2370
P198064501;P198064501_10;J;4480;0;0;5480;1200;2340
P198064501;P198064501_11;K;4770;1240;0;5770;2440;750
P198064501;P198064501_12;L;5480;0;0;7080;1200;2160
P198064501;P198064501_13;M;5770;1234;0;6780;2440;2370
P198064501;P198064501_14;N;6780;1240;0;8380;2440;2700
P198064501;P198064501_15;O;7080;0;0;8680;1200;2700
P198064501;P198064501_16;P;8380;1240;0;9980;2440;2700
P198064501;P198064501_17;Q;8680;0;0;10580;1200;2865
P198064501;P198064501_18;R;9980;1240;0;11880;2440;2865
P198064501;P198064501_19;S;10580;0;0;12480;1200;2865
P198064501;P198064501_20;T;11880;1240;0;13480;2440;2700
P194064507;P194064507_1;A;0;0;0;1000;1200;2700
P194064507;P194064507_2;B;0;1240;0;1000;2440;2700
P194064507;P194064507_3;C;1000;1240;0;2000;2440;2700
P194064507;P194064507_4;D;1000;0;0;2600;1200;2700
P194064507;P194064507_5;E;2000;1240;0;3600;2440;2700
P194064507;P194064507_6;F;2600;0;0;4200;1200;2700
P194064507;P194064507_7;G;3600;1240;0;4600;2440;2700
P194064507;P194064507_8;H;4200;0;0;5800;1200;2700
P194064507;P194064507_9;I;4600;1240;0;6200;2440;2700
P194064507;P194064507_10;J;5800;0;0;7400;1200;2700
P194064507;P194064507_11;K;6200;1240;0;7800;2440;2700
P194064507;P194064507_12;L;7400;0;0;9000;1200;2700
P194064507;P194064507_13;M;7800;1240;0;8800;2440;2700
P194064507;P194064507_14;N;8800;1240;0;9800;2440;2700
P194064507;P194064507_15;O;9000;0;0;10000;1200;2700
P194064507;P194064507_16;P;9800;1660;0;10370;2440;1771
P194064507;P194064507_17;Q;10000;0;0;10570;780;1771
P194064507;P194064507_18;R;10370;1240;0;12270;2440;2865
P194064507;P194064507_19;S;10570;0;0;12470;1200;2865
P194064507;P194064507_20;T;12270;1440;0;13470;2440;2700
P194064507;P194064507_21;U;12470;0;0;13470;1200;2700
P194064501;P194064501_1;A;0;0;0;1600;1200;2700
P194064501;P194064501_2;B;0;1240;0;1600;2440;2700
P194064501;P194064501_3;C;1600;1240;0;3200;2440;2700
P194064501;P194064501_4;D;1600;0;0;3500;1200;2865
P194064501;P194064501_5;E;3200;1234;0;4210;2440;2370
P194064501;P194064501_6;F;3500;0;0;5400;1200;2865
P194064501;P194064501_7;G;4210;1240;0;6110;2440;2865
P194064501;P194064501_8;H;5400;0;0;6400;1200;2700
P194064501;P194064501_9;I;6110;1240;0;7110;2440;2700
P194064501;P194064501_10;J;6400;0;0;7400;1200;2340
P194064501;P194064501_11;K;7110;1240;0;8710;2440;2700
P194064501;P194064501_12;L;7400;0;0;9000;1200;2700
P194064501;P194064501_13;M;8710;1240;0;10310;2440;2700
P194064501;P194064501_14;N;9000;0;0;10900;1200;2865
P194064501;P194064501_15;O;10310;1240;0;11910;2440;2700
P194064501;P194064501_16;P;10900;0;0;12800;1200;2865
P194064501;P194064501_17;Q;11910;1240;0;12910;2440;2520
P194064501;P194064501_18;R;12800;0;0;13370;780;1771
P194064501;P194064501_19;S;12910;780;0;13480;1560;1771
P194064501;P194064501_20;T;12910;1660;0;13480;2440;478
P193064505;P193064505_1;A;0;620;0;1000;1820;2700
P193064505;P193064505_2;B;1000;1240;0;2000;2440;2790
P193064505;P193064505_3;C;1000;0;0;2000;1200;2385
P193064505;P193064505_4;D;2000;0;0;3000;1200;2865
P193064505;P193064505_5;E;2000;1240;0;3000;2440;2700
P193064505;P193064505_6;F;3000;1240;0;4000;2440;2700
P193064505;P193064505_7;G;3000;0;0;4000;1200;2700
P193064505;P193064505_8;H;4000;0;0;5000;1200;2700
P193064505;P193064505_9;I;4000;1240;0;5000;2440;2700
P193064505;P193064505_10;J;5000;1240;0;6000;2440;2865
P193064505;P193064505_11;K;5000;0;0;6000;1200;2865
P193064505;P193064505_12;L;6000;0;0;7000;1200;2865
P193064505;P193064505_13;M;6000;1240;0;7000;2440;2745
P193064505;P193064505_14;N;7000;1240;0;8000;2440;2700
P193064505;P193064505_15;O;7000;0;0;8000;1200;2700
P193064505;P193064505_16;P;8000;0;0;9000;1200;2700
P193064505;P193064505_17;Q;8000;1240;0;9000;2440;2700
P193064505;P193064505_18;R;9000;1240;0;10000;2440;1815
P193064501;P193064501_1;A;0;0;0;1300;1200;2935
P193064501;P193064501_2;B;0;1240;0;1300;2440;2935
P193064501;P193064501_3;C;1300;1240;0;2600;2440;2935
P193064501;P193064501_4;D;1300;0;0;2600;1200;2935
P193064501;P193064501_5;E;2600;0;0;3900;1200;2935
P193064501;P193064501_6;F;2600;1660;0;3170;2440;1340
P193064501;P193064501_7;G;3170;1660;0;3740;2440;1340
P193064501;P193064501_8;H;3740;1240;0;5640;2440;2865
P193064501;P193064501_9;I;3900;0;0;5500;1200;2865
P193064501;P193064501_10;J;5500;0;0;6510;1206;2370
P193064501;P193064501_11;K;5640;1240;0;6640;2440;2700
P193064501;P193064501_12;L;6510;0;0;8410;1200;2865
P193064501;P193064501_13;M;6640;1240;0;8540;2440;2865
P193064501;P193064501_14;N;8410;0;0;9410;1200;2700
P193064501;P193064501_15;O;8540;1240;0;9540;2440;2340
P193064501;P193064501_16;P;9410;0;0;11010;1200;2700
P193064501;P193064501_17;Q;9540;1240;0;11440;2440;2865
P193064501;P193064501_18;R;11010;0;0;12910;1200;2865
P193064501;P193064501_19;S;11440;1234;0;12450;2440;2370
P193064501;P193064501_20;T;12450;1234;0;13460;2440;1185
P193064501;P193064501_21;U;12910;0;0;13480;780;1771
P192064501;P192064501_1;A;0;1240;0;1000;2440;2700
P192064501;P192064501_2;B;0;0;0;1600;1200;2700
P192064501;P192064501_3;C;1000;1240;0;2600;2440;2700
P192064501;P192064501_4;D;1600;0;0;3200;1200;2520
P192064501;P192064501_5;E;2600;1234;0;3610;2440;1185
P192064501;P192064501_6;F;3200;0;0;4200;1200;2700
P192064501;P192064501_7;G;3610;1240;0;5210;2440;2700
P192064501;P192064501_8;H;4200;0;0;6100;1200;2865
P192064501;P192064501_9;I;5210;1240;0;7110;2440;2865
P192064501;P192064501_10;J;6100;0;0;8000;1200;2865
P192064501;P192064501_11;K;7110;1240;0;9010;2440;2865
P192064501;P192064501_12;L;8000;0;0;9000;1200;2700
P192064501;P192064501_13;M;9000;0;0;10600;1200;2700
P192064501;P192064501_14;N;9010;1240;0;10610;2440;2700
P192064501;P192064501_15;O;10600;0;0;11600;1200;2700
P192064501;P192064501_16;P;10610;1240;0;11610;2440;2700
P192064501;P192064501_17;Q;11600;0;0;12600;1200;2700
P192064501;P192064501_18;R;11610;1240;0;13210;2440;2340
P192064501;P192064501_19;S;12600;0;0;13170;780;1771
P191064501;P191064501_1;A;0;0;0;1600;1200;2700
P191064501;P191064501_2;B;0;1240;0;1600;2440;2700
P191064501;P191064501_3;C;1600;1240;0;3200;2440;2700
P191064501;P191064501_4;D;1600;0;0;3200;1200;2700
P191064501;P191064501_5;E;3200;0;0;4800;1200;2520
P191064501;P191064501_6;F;3200;1240;0;4200;2440;2865
P191064501;P191064501_7;G;4200;1660;0;4770;2440;1771
P191064501;P191064501_8;H;4770;1660;0;5340;2440;1771
P191064501;P191064501_9;I;4800;0;0;6000;1600;2520
P191064501;P191064501_10;J;5340;1660;0;5910;2440;1771
P191064501;P191064501_11;K;5910;1660;0;6480;2440;1771
P191064501;P191064501_12;L;6000;0;0;7900;1200;2865
P191064501;P191064501_13;M;6480;1240;0;8080;2440;2700
P191064501;P191064501_14;N;7900;0;0;9500;1200;1815
P191064501;P191064501_15;O;8080;1240;0;9980;2440;2865
P191064501;P191064501_16;P;9500;0;0;11400;1200;2865
P191064501;P191064501_17;Q;9980;1240;0;11880;2440;2865
P191064501;P191064501_18;R;11400;0;0;12410;1206;2370
P191064501;P191064501_19;S;11880;1234;0;12890;2440;2370
P191064501;P191064501_20;T;12410;0;0;13420;1206;2370
P191064501;P191064501_21;U;12890;1660;0;13460;2440;1340
P189064551;P189064551_1;A;0;620;0;1000;1820;2700
P189064551;P189064551_2;B;1000;1240;0;2000;2440;2700
P189064551;P189064551_3;C;1000;20;0;2000;1220;2700
P189064551;P189064551_4;D;2000;0;0;3000;1200;2700
P189064551;P189064551_5;E;2000;1240;0;3000;2440;2790
P189064551;P189064551_6;F;3000;1240;0;4000;2440;2700
P189064551;P189064551_7;G;3000;0;0;4000;1200;2700
P189064551;P189064551_8;H;4000;0;0;5000;1200;2700
P189064551;P189064551_9;I;4000;1240;0;5000;2440;2700
P189064551;P189064551_10;J;5000;1240;0;6000;2440;2340
P189064551;P189064551_11;K;5000;0;0;6000;1200;2865
P189064551;P189064551_12;L;6000;0;0;7000;1200;2865
P189064551;P189064551_13;M;6000;1240;0;7000;2440;2865
P189064551;P189064551_14;N;7000;1240;0;8000;2440;2865
P189064551;P189064551_15;O;7000;0;0;8000;1200;2700
P189064551;P189064551_16;P;8000;0;0;9000;1200;2700
P189064551;P189064551_17;Q;8000;1240;0;9000;2440;930
P189064551;P189064551_18;R;9000;1240;0;10000;2440;2520
P189064551;P189064551_19;S;9000;0;0;10000;1200;2700
P189064551;P189064551_20;T;10000;0;0;11600;1200;2700
P189064551;P189064551_21;U;10000;1240;0;11600;2440;2700
P189064551;P189064551_22;V;11600;1240;0;13500;2440;2865
P189064551;P189064551_23;W;11600;0;0;13500;1200;2865
P188064501;P188064501_1;A;0;0;0;1000;1200;2700
P188064501;P188064501_2;B;0;1240;0;1600;2440;2700
P188064501;P188064501_3;C;1000;0;0;2600;1200;2700
P188064501;P188064501_4;D;1600;1240;0;3200;2440;2700
P188064501;P188064501_5;E;2600;0;0;3600;1200;2340
P188064501;P188064501_6;F;3200;1240;0;4800;2440;2700
P188064501;P188064501_7;G;3600;0;0;5200;1200;2700
P188064501;P188064501_8;H;4800;1660;0;5370;2440;1771
P188064501;P188064501_9;I;5200;0;0;5770;780;1771
P188064501;P188064501_10;J;5200;780;0;5770;1560;1771
P188064501;P188064501_11;K;5370;1660;0;5940;2440;1771
P188064501;P188064501_12;L;5770;0;0;6770;1200;2700
P188064501;P188064501_13;M;5940;1240;0;7840;2440;2865
P188064501;P188064501_14;N;6770;0;0;8370;1200;2160
P188064501;P188064501_15;O;7840;1240;0;9440;2440;2700
P188064501;P188064501_16;P;8370;0;0;10270;1200;2865
P188064501;P188064501_17;Q;9440;1234;0;10450;2440;2370
P188064501;P188064501_18;R;10270;0;0;11270;1200;2700
P188064501;P188064501_19;S;10450;1240;0;11450;2440;2520
P188064501;P188064501_20;T;11270;0;0;13170;1200;2865
P188064501;P188064501_21;U;11450;1240;0;13350;2440;2865
P187064507;P187064507_1;A;0;0;0;1600;1200;2700
P187064507;P187064507_2;B;0;1240;0;1000;2440;2700
P187064507;P187064507_3;C;1000;1240;0;2000;2440;2700
P187064507;P187064507_4;D;1600;0;0;3200;1200;2700
P187064507;P187064507_5;E;2000;1240;0;3600;2440;2700
P187064507;P187064507_6;F;3200;0;0;4800;1200;2700
P187064507;P187064507_7;G;3600;1240;0;4600;2440;2700
P187064507;P187064507_8;H;4600;1240;0;6200;2440;2700
P187064507;P187064507_9;I;4800;0;0;6400;1200;2700
P187064507;P187064507_10;J;6200;1240;0;7200;2440;2700
P187064507;P187064507_11;K;6400;0;0;8000;1200;2700
P187064507;P187064507_12;L;7200;1240;0;8200;2440;2700
P187064507;P187064507_13;M;8000;0;0;8570;780;1771
P187064507;P187064507_14;N;8200;1240;0;9200;2440;2340
P187064507;P187064507_15;O;8570;0;0;10170;1200;2700
P187064507;P187064507_16;P;9200;1240;0;10800;2440;2700
P187064507;P187064507_17;Q;10170;0;0;11770;1200;2700
P187064507;P187064507_18;R;10800;1240;0;12400;2440;2700
P187064507;P187064507_19;S;11770;0;0;13370;1200;2700
P187064507;P187064507_20;T;12400;1234;0;13410;2440;2370
P187064501;P187064501_1;A;0;1240;0;1900;2440;2865
P187064501;P187064501_2;B;0;0;0;1600;1200;2700
P187064501;P187064501_3;C;1600;20;0;3200;1220;2700
P187064501;P187064501_4;D;1900;1240;0;3500;2440;2700
P187064501;P187064501_5;E;3200;0;0;4800;1200;2160
P187064501;P187064501_6;F;3500;1240;0;5400;2440;2865
P187064501;P187064501_7;G;4800;0;0;5800;1200;2700
P187064501;P187064501_8;H;5400;1240;0;7300;2440;2865
P187064501;P187064501_9;I;5800;0;0;6810;1206;2370
P187064501;P187064501_10;J;6810;0;0;7810;1200;2700
P187064501;P187064501_11;K;7300;1660;0;7870;2440;1771
P187064501;P187064501_12;L;7810;0;0;8810;1200;2700
P187064501;P187064501_13;M;7870;1240;0;8870;2440;2700
P187064501;P187064501_14;N;8810;0;0;10710;1200;2160
P187064501;P187064501_15;O;8870;1240;0;9870;2440;2160
P187064501;P187064501_16;P;9870;1240;0;10870;2440;2160
P187064501;P187064501_17;Q;10710;0;0;11710;1200;2700
P187064501;P187064501_18;R;10870;1660;0;11440;2440;1340
P187064501;P187064501_19;S;11440;1240;0;13040;2440;2700
P187064501;P187064501_20;T;11710;0;0;13310;1200;2700
P186064505;P186064505_1;A;0;1240;0;1900;2440;2855
P186064505;P186064505_2;B;0;0;0;1900;1200;2855
P186064505;P186064505_3;C;1900;0;0;2900;1200;2865
P186064505;P186064505_4;D;1900;1240;0;2900;2440;2865
P186064505;P186064505_5;E;2900;1240;0;3900;2440;2745
P186064505;P186064505_6;F;2900;0;0;3900;1200;2700
P186064505;P186064505_7;G;3900;0;0;4900;1200;1815
P186064505;P186064505_8;H;3900;1240;0;4900;2440;2700
P186064505;P186064505_9;I;4900;1240;0;5900;2440;2865
P186064505;P186064505_10;J;4900;0;0;5900;1200;2865
P186064505;P186064505_11;K;5900;0;0;6900;1200;1455
P186064505;P186064505_12;L;5900;1240;0;6900;2440;2835
P186064505;P186064505_13;M;6900;1240;0;7900;2440;2745
P186064505;P186064505_14;N;6900;0;0;7900;1200;2700
P186064505;P186064505_15;O;7900;0;0;8900;1200;2700
P186064505;P186064505_16;P;7900;1240;0;8900;2440;2700
P186064505;P186064505_17;Q;8900;1240;0;9900;2440;2700
P186064505;P186064505_18;R;8900;0;0;9900;1200;2700
P186064505;P186064505_19;S;9900;0;0;10900;1200;2700
P186064505;P186064505_20;T;9900;1240;0;10900;2440;2700
P186064505;P186064505_21;U;10900;1240;0;11900;2440;1815
P186064501;P186064501_1;A;0;0;0;1300;1200;2935
P186064501;P186064501_2;B;0;1240;0;1300;2440;2935
P186064501;P186064501_3;C;1300;1240;0;2600;2440;2935
P186064501;P186064501_4;D;1300;0;0;2600;1200;2935
P186064501;P186064501_5;E;2600;0;0;3900;1200;2935
P186064501;P186064501_6;F;2600;1240;0;3900;2440;2935
P186064501;P186064501_7;G;3900;1660;0;4470;2440;1340
P186064501;P186064501_8;H;3900;0;0;4470;780;1340
P186064501;P186064501_9;I;3900;780;0;4470;1560;1340
P186064501;P186064501_10;J;4470;0;0;5770;1200;2935
P186064501;P186064501_11;K;4470;1240;0;5770;2440;2935
P186064501;P186064501_12;L;5770;1240;0;7070;2440;2935
P186064501;P186064501_13;M;5770;0;0;7070;1200;2935
P186064501;P186064501_14;N;7070;0;0;8370;1200;2935
P186064501;P186064501_15;O;7070;1240;0;8370;2440;2935
P186064501;P186064501_16;P;8370;1240;0;9670;2440;2935
P186064501;P186064501_17;Q;8370;0;0;9670;1200;2935
P186064501;P186064501_18;R;9670;0;0;10970;1200;2935
P186064501;P186064501_19;S;9670;1240;0;10970;2440;2935
P186064501;P186064501_20;T;10970;1240;0;12270;2440;2935
P186064501;P186064501_21;U;10970;0;0;12270;1200;2935
P186064501;P186064501_22;V;12270;0;0;12840;780;1340
P186064501;P186064501_23;W;12270;840;0;13470;2440;2700
P186064501;P186064501_24;X;12840;0;0;13410;780;1771
Q186064501_1;Q186064501_1_1;A;0;0;0;1600;1200;2700
Q186064501_1;Q186064501_1_2;B;0;1200;0;1600;2400;2700
Q186064501_1;Q186064501_1_3;C;1600;1240;0;3200;2440;2700
Q186064501_1;Q186064501_1_4;D;1600;0;0;3200;1200;2700
Q186064501_1;Q186064501_1_5;E;3200;0;0;4800;1200;2700
Q186064501_1;Q186064501_1_6;F;3200;1240;0;4800;2440;2700
Q186064501_1;Q186064501_1_7;G;4800;1240;0;6400;2440;2700
Q186064501_1;Q186064501_1_8;H;4800;0;0;6400;1200;2520
Q186064501_1;Q186064501_1_9;I;6400;0;0;7400;1200;2700
Q186064501_1;Q186064501_1_10;J;6400;1234;0;7410;2440;2370
Q186064501_1;Q186064501_1_11;K;7400;0;0;8400;1200;2700
Q186064501_1;Q186064501_1_12;L;7410;1240;0;8410;2440;2700
Q186064501_1;Q186064501_1_13;M;8400;0;0;9400;1200;2700
Q186064501_1;Q186064501_1_14;N;8410;1240;0;9410;2440;2700
Q186064501_1;Q186064501_1_15;O;9400;0;0;10410;1206;2370
Q186064501_1;Q186064501_1_16;P;9410;1240;0;11310;2440;2865
Q186064501_1;Q186064501_1_17;Q;10410;0;0;12310;1200;2865
Q186064501_1;Q186064501_1_18;R;11310;1240;0;13210;2440;2865
Q186064501_1;Q186064501_1_19;S;12310;0;0;12880;780;1771
Q186064501_1;Q186064501_1_20;T;12880;0;0;13450;780;478
P185064501;P185064501_1;A;0;0;0;1900;1200;2865
P185064501;P185064501_2;B;0;1240;0;1600;2440;2340
P185064501;P185064501_3;C;1600;1240;0;3200;2440;2700
P185064501;P185064501_4;D;1900;0;0;3800;1200;2865
P185064501;P185064501_5;E;3200;1240;0;5100;2440;2865
P185064501;P185064501_6;F;3800;0;0;4810;1206;2370
P185064501;P185064501_7;G;4810;0;0;6710;1200;2160
P185064501;P185064501_8;H;5100;1240;0;6700;2440;2700
P185064501;P185064501_9;I;6700;1240;0;8300;2440;2700
P185064501;P185064501_10;J;6710;0;0;8310;1200;2700
P185064501;P185064501_11;K;8300;1240;0;9900;2440;2700
P185064501;P185064501_12;L;8310;0;0;9910;1200;2700
P185064501;P185064501_13;M;9900;1240;0;10900;2440;2700
P185064501;P185064501_14;N;9910;0;0;11510;1200;2520
P185064501;P185064501_15;O;10900;1240;0;11900;2440;2700
P185064501;P185064501_16;P;11510;0;0;12510;1200;2700
P185064501;P185064501_17;Q;11900;1240;0;12900;2440;2700
P185064501;P185064501_18;R;12510;0;0;13080;780;1771
P185064501;P185064501_19;S;12900;780;0;13470;1560;1771
P185064501;P185064501_20;T;12900;1660;0;13470;2440;478
Q185064501_1;Q185064501_1_1;A;0;0;0;1600;1200;1455
Q185064501_1;Q185064501_1_2;B;0;1240;0;1900;2440;2160
P240335001;P240335001_1;A;0;0;0;1000;1200;2835
P240335001;P240335001_2;B;0;1200;0;1000;2400;2835
P240335001;P240335001_3;C;1000;1240;0;2000;2440;2835
P240335001;P240335001_4;D;1000;0;0;2000;1200;2835
P240335001;P240335001_5;E;2000;1240;0;3000;2440;2835
P240335001;P240335001_6;F;2000;0;0;3000;1200;2835
P240335001;P240335001_7;G;3000;0;0;4000;1200;2835
P240335001;P240335001_8;H;3000;1240;0;4000;2440;2835
P240335001;P240335001_9;I;4000;1290;0;5300;2440;2737
P240335001;P240335001_10;J;4000;0;0;5300;1150;2737
P240335001;P240335001_11;K;5300;0;0;6600;1150;2737
P240335001;P240335001_12;L;5300;1290;0;6600;2440;2737
P240335001;P240335001_13;M;6600;1290;0;7900;2440;2737
P240335001;P240335001_14;N;6600;0;0;7900;1150;2737
P240335001;P240335001_15;O;7900;0;0;9200;1150;2737
P240335001;P240335001_16;P;7900;1290;0;9200;2440;2737
P240335001;P240335001_17;Q;9200;1290;0;10500;2440;2737
P240335001;P240335001_18;R;9200;0;0;10500;1150;2737
P240335001;P240335001_19;S;10500;0;0;11800;1150;2737
P240335001;P240335001_20;T;10500;1290;0;11800;2440;2737
P240335001;P240335001_21;U;11800;1290;0;13100;2440;2737
P240335001;P240335001_22;V;11800;0;0;13100;1150;2737
P240335303;P240335303_1;A;0;0;0;1010;1206;2186
P240335303;P240335303_2;B;0;1206;0;1010;2412;2186
P240335303;P240335303_3;C;1010;1290;0;2310;2440;2737
P240335303;P240335303_4;D;1010;0;0;2310;1150;2737
P240335303;P240335303_5;E;2310;0;0;3610;1150;2737
P240335303;P240335303_6;F;2310;1290;0;3610;2440;2737
P240335303;P240335303_7;G;3610;1290;0;4910;2440;2737
P240335303;P240335303_8;H;3610;0;0;4910;1150;2737
P240335303;P240335303_9;I;4910;0;0;5920;1206;2186
P240335303;P240335303_10;J;4910;1290;0;6210;2440;2737
P240335303;P240335303_11;K;5920;0;0;6920;1200;2835
P240335303;P240335303_12;L;6210;1240;0;7210;2440;2835
P240335303;P240335303_13;M;6920;0;0;8220;1150;2737
P240335303;P240335303_14;N;7210;1290;0;8510;2440;2737
P240335303;P240335303_15;O;8220;0;0;9520;1150;2737
P240335303;P240335303_16;P;8510;1290;0;9810;2440;2737
P240335303;P240335303_17;Q;9520;0;0;10820;1150;2737
P240335303;P240335303_18;R;9810;1290;0;11110;2440;1391
P240335303;P240335303_19;S;10820;0;0;11820;1200;2835
P240335303;P240335303_20;T;11110;1240;0;12110;2440;2835
P209335303;P209335303_1;A;0;1234;0;1010;2440;2186
P209335303;P209335303_2;B;0;0;0;1010;1206;2186
P209335303;P209335303_3;C;1010;0;0;2010;1200;2835
P209335303;P209335303_4;D;1010;1240;0;2010;2440;2835
P209335303;P209335303_5;E;2010;1290;0;3310;2440;2737
P209335303;P209335303_6;F;2010;0;0;3310;1150;2737
P209335303;P209335303_7;G;3310;0;0;4610;1150;2737
P209335303;P209335303_8;H;3310;1290;0;4610;2440;2737
P209335303;P209335303_9;I;4610;1290;0;5910;2440;2737
P209335303;P209335303_10;J;4610;0;0;5910;1150;2737
P209335303;P209335303_11;K;5910;0;0;7210;1150;2737
P209335303;P209335303_12;L;5910;1290;0;7210;2440;2737
P209335303;P209335303_13;M;7210;1290;0;8510;2440;2737
P209335303;P209335303_14;N;7210;0;0;8510;1150;2737
P209335303;P209335303_15;O;8510;0;0;9510;1200;2835
P209335303;P209335303_16;P;8510;1240;0;9510;2440;2835
P209335303;P209335303_17;Q;9510;1240;0;10510;2440;2835
P209335303;P209335303_18;R;9510;0;0;10510;1200;2835
P209335303;P209335303_19;S;10510;0;0;11510;1200;2835
P209335303;P209335303_20;T;10510;1290;0;11810;2440;2737
P209335303;P209335303_21;U;11510;0;0;12810;1150;2737
P209335303;P209335303_22;V;11810;1290;0;13110;2440;2737
P208335305;P208335305_1;A;0;1290;0;1300;2440;2737
P208335305;P208335305_2;B;0;0;0;1300;1150;2737
P208335305;P208335305_3;C;1300;0;0;2600;1150;2737
P208335305;P208335305_4;D;1300;1150;0;2600;2300;2737
P208335305;P208335305_5;E;2600;0;0;3900;1150;2737
P208335305;P208335305_6;F;2600;1240;0;3600;2440;2835
P208335305;P208335305_7;G;3600;1234;0;4610;2440;2186
P208335305;P208335305_8;H;3900;0;0;4910;1206;2186
P208335305;P208335305_9;I;4610;1290;0;5910;2440;2737
P208335305;P208335305_10;J;4910;0;0;5910;1200;2835
P208335305;P208335305_11;K;5910;1234;0;6920;2440;2186
P208335305;P208335305_12;L;5910;0;0;6910;1200;2835
P208335305;P208335305_13;M;6910;0;0;7910;1200;2835
P208335305;P208335305_14;N;6920;1240;0;7920;2440;2835
P208335305;P208335305_15;O;7910;0;0;8910;1200;1815
P208335305;P208335305_16;P;7920;1240;0;8920;2440;1815
P208335305;P208335305_17;Q;8910;0;0;9910;1200;1815
P208335305;P208335305_18;R;8920;1240;0;9920;2440;1815
P208335305;P208335305_19;S;9910;0;0;10910;1200;1815
P208335305;P208335305_20;T;9920;1240;0;10920;2440;1815
P208335305;P208335305_21;U;10910;0;0;11910;1200;1815
P208335305;P208335305_22;V;10920;1240;0;11920;2440;1815
P208335305;P208335305_23;W;11910;0;0;12910;1200;1815
P208335305;P208335305_24;X;11920;1240;0;12920;2440;1815
P207335001;P207335001_1;A;0;0;0;1010;1206;2186
P207335001;P207335001_2;B;0;1240;0;1000;2440;2835
P207335001;P207335001_3;C;1000;1240;0;2000;2440;2835
P207335001;P207335001_4;D;1010;0;0;2010;1200;2835
P207335001;P207335001_5;E;2000;1240;0;3000;2440;2835
P207335001;P207335001_6;F;2010;0;0;3310;1150;2737
P207335001;P207335001_7;G;3000;1290;0;4300;2440;2737
P207335001;P207335001_8;H;3310;0;0;4610;1150;2737
P207335001;P207335001_9;I;4300;1290;0;5600;2440;2737
P207335001;P207335001_10;J;4610;0;0;5910;1150;2737
P207335001;P207335001_11;K;5600;1290;0;6900;2440;2737
P207335001;P207335001_12;L;5910;0;0;7210;1150;2737
P207335001;P207335001_13;M;6900;1290;0;8200;2440;2737
P207335001;P207335001_14;N;7210;0;0;8510;1150;2737
P207335001;P207335001_15;O;8200;1290;0;9500;2440;2737
P207335001;P207335001_16;P;8510;0;0;9810;1150;2737
P207335001;P207335001_17;Q;9500;1240;0;10500;2440;2835
P207335001;P207335001_18;R;9810;0;0;10810;1200;2835
P207335001;P207335001_19;S;10500;1290;0;11800;2440;2737
P207335001;P207335001_20;T;10810;0;0;12110;1150;2737
P207335001;P207335001_21;U;11800;1290;0;13100;2440;2737
P207335001;P207335001_22;V;12110;0;0;13410;1150;2737
P207335303;P207335303_1;A;0;0;0;1300;1150;2737
P207335303;P207335303_2;B;0;1150;0;1300;2300;2737
P207335303;P207335303_3;C;1300;1290;0;2600;2440;2737
P207335303;P207335303_4;D;1300;0;0;2600;1150;2737
P207335303;P207335303_5;E;2600;0;0;3900;1150;2737
P207335303;P207335303_6;F;2600;1290;0;3900;2440;2737
P207335303;P207335303_7;G;3900;1290;0;5200;2440;2737
P207335303;P207335303_8;H;3900;0;0;5200;1150;2737
P207335303;P207335303_9;I;5200;0;0;6500;1150;2737
P207335303;P207335303_10;J;5200;1290;0;6500;2440;2737
P207335303;P207335303_11;K;6500;1290;0;7800;2440;2737
P207335303;P207335303_12;L;6500;0;0;7800;1150;2737
P207335303;P207335303_13;M;7800;0;0;9100;1150;2737
P207335303;P207335303_14;N;7800;1290;0;9100;2440;2737
P207335303;P207335303_15;O;9100;1234;0;10110;2440;2186
P207335303;P207335303_16;P;9100;0;0;10110;1206;2186
P207335303;P207335303_17;Q;10110;0;0;11110;1200;2835
P207335303;P207335303_18;R;10110;1240;0;11110;2440;2835
P207335303;P207335303_19;S;11110;1240;0;12110;2440;2835
P207335303;P207335303_20;T;11110;0;0;12110;1200;2835
P207335303;P207335303_21;U;12110;0;0;13410;1150;2737
P207335303;P207335303_22;V;12110;1290;0;13410;2440;2737
P206335001;P206335001_1;A;0;1290;0;1300;2440;2737
P206335001;P206335001_2;B;0;0;0;1300;1150;2737
P206335001;P206335001_3;C;1300;0;0;2600;1150;2737
P206335001;P206335001_4;D;1300;1150;0;2600;2300;2737
P206335001;P206335001_5;E;2600;1290;0;3900;2440;2737
P206335001;P206335001_6;F;2600;0;0;3900;1150;2737
P206335001;P206335001_7;G;3900;0;0;4900;1200;2835
P206335001;P206335001_8;H;3900;1240;0;4900;2440;2835
P206335001;P206335001_9;I;4900;1234;0;5910;2440;2186
P206335001;P206335001_10;J;4900;0;0;5900;1200;2835
P206335001;P206335001_11;K;5900;0;0;6900;1200;2835
P206335001;P206335001_12;L;5910;1290;0;7210;2440;2737
P206335001;P206335001_13;M;6900;0;0;8200;1150;2737
P206335001;P206335001_14;N;7210;1290;0;8510;2440;2737
P206335001;P206335001_15;O;8200;0;0;9500;1150;2737
P206335001;P206335001_16;P;8510;1290;0;9810;2440;2737
P206335001;P206335001_17;Q;9500;0;0;10800;1150;2737
P206335001;P206335001_18;R;9810;1290;0;11110;2440;2737
P206335001;P206335001_19;S;10800;0;0;12100;1150;2737
P206335001;P206335001_20;T;11110;1290;0;12410;2440;2737
P206335001;P206335001_21;U;12100;0;0;13400;1150;2737
P206335001;P206335001_22;V;12410;1240;0;13410;2440;2835
P205335001;P205335001_1;A;0;1290;0;1300;2440;2737
P205335001;P205335001_2;B;0;0;0;1010;1206;2186
P205335001;P205335001_3;C;1010;0;0;2020;1206;2186
P205335001;P205335001_4;D;1300;1240;0;2300;2440;2835
P205335001;P205335001_5;E;2020;0;0;3020;1200;2835
P205335001;P205335001_6;F;2300;1240;0;3300;2440;2835
P205335001;P205335001_7;G;3020;0;0;4020;1200;2835
P205335001;P205335001_8;H;3300;1240;0;4300;2440;2835
P205335001;P205335001_9;I;4020;0;0;5020;1200;2835
P205335001;P205335001_10;J;4300;1240;0;5300;2440;2835
P205335001;P205335001_11;K;5020;0;0;6320;1150;2737
P205335001;P205335001_12;L;5300;1290;0;6600;2440;2737
P205335001;P205335001_13;M;6320;0;0;7320;1200;2835
P205335001;P205335001_14;N;6600;1240;0;7600;2440;2835
P205335001;P205335001_15;O;7320;0;0;8320;1200;2835
P205335001;P205335001_16;P;7600;1240;0;8600;2440;2835
P205335001;P205335001_17;Q;8320;0;0;9620;1150;2737
P205335001;P205335001_18;R;8600;1290;0;9900;2440;2737
P205335001;P205335001_19;S;9620;0;0;10920;1150;2737
P205335001;P205335001_20;T;9900;1290;0;11200;2440;2737
P205335001;P205335001_21;U;10920;0;0;12220;1150;2737
P205335001;P205335001_22;V;11200;1290;0;12500;2440;2737
P205335001;P205335001_23;W;12220;0;0;13426;1010;2186
P205335001;P205335001_24;X;12500;1240;0;13500;2440;2835
P205335303;P205335303_1;A;0;0;0;1300;1150;2737
P205335303;P205335303_2;B;0;1150;0;1300;2300;2737
P205335303;P205335303_3;C;1300;1290;0;2600;2440;2737
P205335303;P205335303_4;D;1300;0;0;2600;1150;2737
P205335303;P205335303_5;E;2600;0;0;3900;1150;2737
P205335303;P205335303_6;F;2600;1150;0;3900;2300;2737
P205335303;P205335303_7;G;3900;1290;0;5200;2440;2737
P205335303;P205335303_8;H;3900;0;0;5200;1150;2737
P205335303;P205335303_9;I;5200;0;0;6500;1150;2737
P205335303;P205335303_10;J;5200;1150;0;6500;2300;2737
P205335303;P205335303_11;K;6500;1290;0;7800;2440;2737
P205335303;P205335303_12;L;6500;0;0;7800;1150;2737
P205335303;P205335303_13;M;7800;1234;0;8810;2440;2186
P205335303;P205335303_14;N;7800;0;0;8810;1206;2186
P205335303;P205335303_15;O;8810;0;0;9810;1200;2835
P205335303;P205335303_16;P;8810;1240;0;9810;2440;2835
P205335303;P205335303_17;Q;9810;1240;0;10810;2440;2835
P205335303;P205335303_18;R;9810;0;0;10810;1200;2835
P205335303;P205335303_19;S;10810;0;0;11810;1200;2835
P205335303;P205335303_20;T;10810;1290;0;12110;2440;2737
P205335303;P205335303_21;U;11810;0;0;13110;1150;2737
P205335303;P205335303_22;V;12110;1290;0;13410;2440;2737
P202335303;P202335303_1;A;0;1290;0;1300;2440;2737
P202335303;P202335303_2;B;0;0;0;1300;1150;2737
P202335303;P202335303_3;C;1300;0;0;2600;1150;2737
P202335303;P202335303_4;D;1300;1150;0;2600;2300;2737
P202335303;P202335303_5;E;2600;1290;0;3900;2440;2737
P202335303;P202335303_6;F;2600;0;0;3610;1206;2186
P202335303;P202335303_7;G;3610;0;0;4610;1200;2835
P202335303;P202335303_8;H;3900;1240;0;4900;2440;2835
P202335303;P202335303_9;I;4610;0;0;5610;1200;2835
P202335303;P202335303_10;J;4900;1240;0;5900;2440;2835
P202335303;P202335303_11;K;5610;0;0;6610;1200;2835
P202335303;P202335303_12;L;5900;1240;0;6900;2440;2835
P202335303;P202335303_13;M;6610;0;0;7610;1200;2835
P202335303;P202335303_14;N;6900;1240;0;7900;2440;2835
P202335303;P202335303_15;O;7610;0;0;8610;1200;2835
P202335303;P202335303_16;P;7900;1240;0;8900;2440;2835
P202335303;P202335303_17;Q;8610;0;0;9610;1200;2835
P202335303;P202335303_18;R;8900;1240;0;9900;2440;2835
P202335303;P202335303_19;S;9610;0;0;10910;1150;2737
P202335303;P202335303_20;T;9900;1290;0;11200;2440;2737
P202335303;P202335303_21;U;10910;0;0;12210;1150;2737
P202335303;P202335303_22;V;11200;1290;0;12500;2440;2737
P202335303;P202335303_23;W;12210;0;0;13220;1206;2186
P202335303;P202335303_24;X;12500;1240;0;13500;2440;2835
P201335001;P201335001_1;A;0;0;0;1010;1206;2186
P201335001;P201335001_2;B;0;1206;0;1010;2412;2186
P201335001;P201335001_3;C;1010;1290;0;2310;2440;2737
P201335001;P201335001_4;D;1010;0;0;2310;1150;2737
P201335001;P201335001_5;E;2310;0;0;3610;1150;2737
P201335001;P201335001_6;F;2310;1290;0;3610;2440;2737
P201335001;P201335001_7;G;3610;1290;0;4910;2440;2737
P201335001;P201335001_8;H;3610;0;0;4910;1150;2737
P201335001;P201335001_9;I;4910;0;0;6210;1150;2737
P201335001;P201335001_10;J;4910;1290;0;6210;2440;2737
P201335001;P201335001_11;K;6210;1290;0;7510;2440;2737
P201335001;P201335001_12;L;6210;0;0;7510;1150;2737
P201335001;P201335001_13;M;7510;0;0;8810;1150;2737
P201335001;P201335001_14;N;7510;1290;0;8810;2440;2737
P201335001;P201335001_15;O;8810;1290;0;10110;2440;2737
P201335001;P201335001_16;P;8810;0;0;9820;1206;2186
P201335001;P201335001_17;Q;9820;0;0;11120;1150;2737
P201335001;P201335001_18;R;10110;1240;0;11110;2440;2835
P201335001;P201335001_19;S;11110;1290;0;12410;2440;2737
P201335001;P201335001_20;T;11120;0;0;12420;1150;2737
P201335001;P201335001_21;U;12410;1240;0;13410;2440;2835
P201335001;P201335001_22;V;12420;0;0;13420;1200;2835
P201335305;P201335305_1;A;0;1290;0;1300;2440;2737
P201335305;P201335305_2;B;0;0;0;1300;1150;2737
P201335305;P201335305_3;C;1300;0;0;2600;1150;2737
P201335305;P201335305_4;D;1300;1150;0;2600;2300;2737
P201335305;P201335305_5;E;2600;0;0;3610;1206;2186
P201335305;P201335305_6;F;2600;1234;0;3610;2440;2186
P201335305;P201335305_7;G;3610;1240;0;4610;2440;2835
P201335305;P201335305_8;H;3610;0;0;4610;1200;2835
P201335305;P201335305_9;I;4610;0;0;5610;1200;2835
P201335305;P201335305_10;J;4610;1240;0;5610;2440;2835
P201335305;P201335305_11;K;5610;1290;0;6910;2440;2737
P201335305;P201335305_12;L;5610;0;0;6910;1150;2737
P201335305;P201335305_13;M;6910;0;0;8210;1150;2737
P201335305;P201335305_14;N;6910;1290;0;8210;2440;2737
P201335305;P201335305_15;O;8210;1290;0;9510;2440;2737
P201335305;P201335305_16;P;8210;0;0;9510;1150;2737
P201335305;P201335305_17;Q;9510;0;0;10810;1150;2737
P201335305;P201335305_18;R;9510;1290;0;10810;2440;2737
P201335305;P201335305_19;S;10810;1290;0;12110;2440;2737
P201335305;P201335305_20;T;10810;0;0;12110;1150;2737
P201335305;P201335305_21;U;12110;0;0;13410;1150;2737
P201335305;P201335305_22;V;12110;1290;0;13410;2440;2737
P200335001;P200335001_1;A;0;0;0;1300;1150;2737
P200335001;P200335001_2;B;0;1290;0;1300;2440;2737
P200335001;P200335001_3;C;1300;1290;0;2600;2440;2737
P200335001;P200335001_4;D;1300;0;0;2600;1150;2737
P200335001;P200335001_5;E;2600;0;0;3900;1150;2737
P200335001;P200335001_6;F;2600;1290;0;3900;2440;2737
P200335001;P200335001_7;G;3900;1290;0;5200;2440;2737
P200335001;P200335001_8;H;3900;0;0;4900;1200;2835
P200335001;P200335001_9;I;4900;0;0;5900;1200;2835
P200335001;P200335001_10;J;5200;1234;0;6210;2440;2186
P200335001;P200335001_11;K;5900;0;0;6900;1200;2835
P200335001;P200335001_12;L;6210;1240;0;7210;2440;2835
P200335001;P200335001_13;M;6900;0;0;8200;1150;2737
P200335001;P200335001_14;N;7210;1290;0;8510;2440;2737
P200335001;P200335001_15;O;8200;0;0;9500;1150;2737
P200335001;P200335001_16;P;8510;1290;0;9810;2440;2737
P200335001;P200335001_17;Q;9500;0;0;10800;1150;2737
P200335001;P200335001_18;R;9810;1290;0;11110;2440;2737
P200335001;P200335001_19;S;10800;0;0;12100;1150;2737
P200335001;P200335001_20;T;11110;1290;0;12410;2440;2737
P200335001;P200335001_21;U;12100;0;0;13400;1150;2737
P200335001;P200335001_22;V;12410;1240;0;13410;2440;2835
P200335303;P200335303_1;A;0;0;0;1300;1150;2737
P200335303;P200335303_2;B;0;1150;0;1300;2300;2737
P200335303;P200335303_3;C;1300;1290;0;2600;2440;2737
P200335303;P200335303_4;D;1300;0;0;2600;1150;2737
P200335303;P200335303_5;E;2600;1240;0;3600;2440;2835
P200335303;P200335303_6;F;2600;0;0;3600;1200;2835
P200335303;P200335303_7;G;3600;0;0;4600;1200;2835
P200335303;P200335303_8;H;3600;1240;0;4600;2440;2835
P200335303;P200335303_9;I;4600;1234;0;5610;2440;2186
P200335303;P200335303_10;J;4600;0;0;5610;1206;2186
P200335303;P200335303_11;K;5610;0;0;6610;1200;2835
P200335303;P200335303_12;L;5610;1240;0;6610;2440;2835
P200335303;P200335303_13;M;6610;1240;0;7610;2440;2835
P200335303;P200335303_14;N;6610;0;0;7620;1206;2186
P200335303;P200335303_15;O;7610;1290;0;8910;2440;2737
P200335303;P200335303_16;P;7620;0;0;8620;1200;2835
P200335303;P200335303_17;Q;8620;0;0;9620;1200;2835
P200335303;P200335303_18;R;8910;1290;0;10210;2440;2737
P200335303;P200335303_19;S;9620;0;0;10920;1150;2737
P200335303;P200335303_20;T;10210;1290;0;11510;2440;2737
P200335303;P200335303_21;U;10920;0;0;12220;1150;2737
P200335303;P200335303_22;V;11510;1290;0;12810;2440;2737
P199335001;P199335001_1;A;0;0;0;1300;1150;2737
P199335001;P199335001_2;B;0;1234;0;1010;2440;2186
P199335001;P199335001_3;C;1010;1234;0;2020;2440;2186
P199335001;P199335001_4;D;1300;0;0;2600;1150;2737
P199335001;P199335001_5;E;2020;1240;0;3020;2440;2835
P199335001;P199335001_6;F;2600;0;0;3600;1200;2835
P199335001;P199335001_7;G;3020;1240;0;4020;2440;2835
P199335001;P199335001_8;H;3600;0;0;4600;1200;2835
P199335001;P199335001_9;I;4020;1290;0;5320;2440;2737
P199335001;P199335001_10;J;4600;0;0;5900;1150;2737
P199335001;P199335001_11;K;5320;1290;0;6620;2440;2737
P199335001;P199335001_12;L;5900;0;0;7200;1150;2737
P199335001;P199335001_13;M;6620;1290;0;7920;2440;2737
P199335001;P199335001_14;N;7200;0;0;8500;1150;2737
P199335001;P199335001_15;O;7920;1290;0;9220;2440;2737
P199335001;P199335001_16;P;8500;0;0;9800;1150;2737
P199335001;P199335001_17;Q;9220;1290;0;10520;2440;2737
P199335001;P199335001_18;R;9800;0;0;11100;1150;2737
P199335001;P199335001_19;S;10520;1290;0;11820;2440;2737
P199335001;P199335001_20;T;11100;0;0;12100;1200;2835
P199335001;P199335001_21;U;11820;1240;0;12820;2440;2835
P198335001;P198335001_1;A;0;0;0;1000;1200;2835
P198335001;P198335001_2;B;0;1200;0;1000;2400;2835
P198335001;P198335001_3;C;1000;1240;0;2000;2440;2835
P198335001;P198335001_4;D;1000;0;0;2000;1200;2835
P198335001;P198335001_5;E;2000;0;0;3000;1200;2835
P198335001;P198335001_6;F;2000;1200;0;3000;2400;2835
P198335001;P198335001_7;G;3000;1290;0;4300;2440;2737
P198335001;P198335001_8;H;3000;0;0;4300;1150;2737
P198335001;P198335001_9;I;4300;0;0;5600;1150;2737
P198335001;P198335001_10;J;4300;1290;0;5600;2440;2737
P198335001;P198335001_11;K;5600;1290;0;6900;2440;2737
P198335001;P198335001_12;L;5600;0;0;6900;1150;2737
P198335001;P198335001_13;M;6900;0;0;8200;1150;2737
P198335001;P198335001_14;N;6900;1290;0;8200;2440;2737
P198335001;P198335001_15;O;8200;1290;0;9500;2440;2737
P198335001;P198335001_16;P;8200;0;0;9500;1150;2737
P198335001;P198335001_17;Q;9500;0;0;10800;1150;2737
P198335001;P198335001_18;R;9500;1290;0;10800;2440;2737
P198335001;P198335001_19;S;10800;1290;0;12100;2440;2737
P198335001;P198335001_20;T;10800;0;0;12100;1150;2737
P198335001;P198335001_21;U;12100;0;0;13400;1150;2737
P198335001;P198335001_22;V;12100;1290;0;13400;2440;2737
P198335303;P198335303_1;A;0;1234;0;1010;2440;2186
P198335303;P198335303_2;B;0;0;0;1010;1206;2186
P198335303;P198335303_3;C;1010;0;0;2020;1206;2186
P198335303;P198335303_4;D;1010;1290;0;2310;2440;2737
P198335303;P198335303_5;E;2020;0;0;3020;1200;2835
P198335303;P198335303_6;F;2310;1240;0;3310;2440;2835
P198335303;P198335303_7;G;3020;0;0;4020;1200;2835
P198335303;P198335303_8;H;3310;1240;0;4310;2440;2835
P198335303;P198335303_9;I;4020;0;0;5320;1150;2737
P198335303;P198335303_10;J;4310;1290;0;5610;2440;2737
P198335303;P198335303_11;K;5320;0;0;6620;1150;2737
P198335303;P198335303_12;L;5610;1240;0;6610;2440;2835
P198335303;P198335303_13;M;6610;1240;0;7610;2440;2835
P198335303;P198335303_14;N;6620;0;0;7920;1150;2737
P198335303;P198335303_15;O;7610;1290;0;8910;2440;2737
P198335303;P198335303_16;P;7920;0;0;9220;1150;2737
P198335303;P198335303_17;Q;8910;1290;0;10210;2440;2737
P198335303;P198335303_18;R;9220;0;0;10520;1150;2737
P198335303;P198335303_19;S;10210;1290;0;11510;2440;2737
P198335303;P198335303_20;T;10520;0;0;11820;1150;2737
P198335303;P198335303_21;U;11510;1290;0;12810;2440;2737
P198335303;P198335303_22;V;11820;0;0;12830;1206;2186
P194335305;P194335305_1;A;0;1234;0;1010;2440;2186
P194335305;P194335305_2;B;0;0;0;1000;1200;2835
P194335305;P194335305_3;C;1000;0;0;2000;1200;2835
P194335305;P194335305_4;D;1010;1240;0;2010;2440;2835
P194335305;P194335305_5;E;2000;0;0;3300;1150;2737
P194335305;P194335305_6;F;2010;1240;0;3010;2440;2835
P194335305;P194335305_7;G;3010;1240;0;4010;2440;1815
P194335305;P194335305_8;H;3300;0;0;4300;1200;1815
P194335305;P194335305_9;I;4010;1240;0;5010;2440;1815
P194335305;P194335305_10;J;4300;0;0;5300;1200;1815
P194335305;P194335305_11;K;5010;1240;0;6010;2440;1815
P194335305;P194335305_12;L;5300;0;0;6300;1200;1815
P194335305;P194335305_13;M;6010;1240;0;7010;2440;1815
P194335305;P194335305_14;N;6300;0;0;7300;1200;1815
P194335305;P194335305_15;O;7010;1240;0;8010;2440;1815
P194335305;P194335305_16;P;7300;0;0;8300;1200;1815
P194335305;P194335305_17;Q;8010;1240;0;9010;2440;1815
P194335305;P194335305_18;R;8300;0;0;9300;1200;1815
P194335305;P194335305_19;S;9010;1240;0;10010;2440;1815
P194335305;P194335305_20;T;9300;0;0;10300;1200;1815
P194335305;P194335305_21;U;10010;1240;0;11010;2440;1815
P194335305;P194335305_22;V;10300;0;0;11300;1200;1815
P194335305;P194335305_23;W;11010;1240;0;12010;2440;1815
P194335305;P194335305_24;X;11300;0;0;12300;1200;1815
P194335305;P194335305_25;Y;12010;1240;0;13010;2440;1815
P194335305;P194335305_26;Z;12300;0;0;13500;1000;1815
P193335001;P193335001_1;A;0;1240;0;1000;2440;2835
P193335001;P193335001_2;B;0;0;0;1010;1206;2186
P193335001;P193335001_3;C;1000;1240;0;2000;2440;2835
P193335001;P193335001_4;D;1010;0;0;2010;1200;2835
P193335001;P193335001_5;E;2000;1240;0;3000;2440;2835
P193335001;P193335001_6;F;2010;0;0;3010;1200;2835
P193335001;P193335001_7;G;3000;1290;0;4300;2440;2737
P193335001;P193335001_8;H;3010;0;0;4310;1150;2737
P193335001;P193335001_9;I;4300;1290;0;5600;2440;2737
P193335001;P193335001_10;J;4310;0;0;5610;1150;2737
P193335001;P193335001_11;K;5600;1290;0;6900;2440;2737
P193335001;P193335001_12;L;5610;0;0;6910;1150;2737
P193335001;P193335001_13;M;6900;1290;0;8200;2440;2737
P193335001;P193335001_14;N;6910;0;0;8210;1150;2737
P193335001;P193335001_15;O;8200;1290;0;9500;2440;2737
P193335001;P193335001_16;P;8210;0;0;9510;1150;2737
P193335001;P193335001_17;Q;9500;1290;0;10800;2440;2737
P193335001;P193335001_18;R;9510;0;0;10810;1150;2737
P193335001;P193335001_19;S;10800;1290;0;12100;2440;2737
P193335001;P193335001_20;T;10810;0;0;12110;1150;2737
P193335001;P193335001_21;U;12100;1290;0;13400;2440;2737
P193335001;P193335001_22;V;12110;0;0;13410;1150;2737
P193335303;P193335303_1;A;0;0;0;1000;1200;2835
P193335303;P193335303_2;B;0;1200;0;1000;2400;2835
P193335303;P193335303_3;C;1000;1290;0;2300;2440;2737
P193335303;P193335303_4;D;1000;0;0;2300;1150;2737
P193335303;P193335303_5;E;2300;0;0;3600;1150;2737
P193335303;P193335303_6;F;2300;1290;0;3600;2440;2737
P193335303;P193335303_7;G;3600;1234;0;4610;2440;2186
P193335303;P193335303_8;H;3600;0;0;4610;1206;2186
P193335303;P193335303_9;I;4610;0;0;5610;1200;2835
P193335303;P193335303_10;J;4610;1240;0;5610;2440;2835
P193335303;P193335303_11;K;5610;1240;0;6610;2440;2835
P193335303;P193335303_12;L;5610;0;0;6610;1200;2835
P193335303;P193335303_13;M;6610;0;0;7610;1200;2835
P193335303;P193335303_14;N;6610;1234;0;7620;2440;2186
P193335303;P193335303_15;O;7610;0;0;8620;1206;2186
P193335303;P193335303_16;P;7620;1240;0;8620;2440;2835
P193335303;P193335303_17;Q;8620;1240;0;9620;2440;2835
P193335303;P193335303_18;R;8620;0;0;9620;1200;2835
P193335303;P193335303_19;S;9620;0;0;10620;1200;2835
P193335303;P193335303_20;T;9620;1290;0;10920;2440;2737
P193335303;P193335303_21;U;10620;0;0;11920;1150;2737
P193335303;P193335303_22;V;10920;1290;0;12220;2440;2737
P193335303;P193335303_23;W;11920;0;0;13220;1150;2737
P193335303;P193335303_24;X;12220;1430;0;13426;2440;2186
P192335001;P192335001_1;A;0;0;0;1300;1150;2737
P192335001;P192335001_2;B;0;1150;0;1300;2300;2737
P192335001;P192335001_3;C;1300;1290;0;2600;2440;2737
P192335001;P192335001_4;D;1300;0;0;2600;1150;2737
P192335001;P192335001_5;E;2600;0;0;3900;1150;2737
P192335001;P192335001_6;F;2600;1150;0;3900;2300;2737
P192335001;P192335001_7;G;3900;1290;0;5200;2440;2737
P192335001;P192335001_8;H;3900;0;0;5200;1150;2737
P192335001;P192335001_9;I;5200;0;0;6500;1150;2737
P192335001;P192335001_10;J;5200;1150;0;6500;2300;2737
P192335001;P192335001_11;K;6500;1290;0;7800;2440;2737
P192335001;P192335001_12;L;6500;0;0;7510;1206;2186
P192335001;P192335001_13;M;7510;0;0;8810;1150;2737
P192335001;P192335001_14;N;7800;1290;0;9100;2440;2737
P192335001;P192335001_15;O;8810;0;0;10110;1150;2737
P192335001;P192335001_16;P;9100;1290;0;10400;2440;2737
P192335001;P192335001_17;Q;10110;0;0;11410;1150;2737
P192335001;P192335001_18;R;10400;1240;0;11400;2440;2835
P192335001;P192335001_19;S;11400;1240;0;12400;2440;2835
P192335001;P192335001_20;T;11410;0;0;12410;1200;2835
P192335001;P192335001_21;U;12400;1240;0;13400;2440;2835
P192335001;P192335001_22;V;12410;0;0;13420;1206;2186
P191335001;P191335001_1;A;0;0;0;1300;1150;2737
P191335001;P191335001_2;B;0;1150;0;1300;2300;2737
P191335001;P191335001_3;C;1300;1290;0;2600;2440;2737
P191335001;P191335001_4;D;1300;0;0;2600;1150;2737
P191335001;P191335001_5;E;2600;0;0;3900;1150;2737
P191335001;P191335001_6;F;2600;1290;0;3900;2440;2737
P191335001;P191335001_7;G;3900;1290;0;5200;2440;2737
P191335001;P191335001_8;H;3900;0;0;5200;1150;2737
P191335001;P191335001_9;I;5200;0;0;6500;1150;2737
P191335001;P191335001_10;J;5200;1290;0;6500;2440;2737
P191335001;P191335001_11;K;6500;1290;0;7800;2440;2737
P191335001;P191335001_12;L;6500;0;0;7800;1150;2737
P191335001;P191335001_13;M;7800;0;0;9100;1150;2737
P191335001;P191335001_14;N;7800;1290;0;9100;2440;2737
P191335001;P191335001_15;O;9100;1240;0;10100;2440;2835
P191335001;P191335001_16;P;9100;0;0;10100;1200;2835
P191335001;P191335001_17;Q;10100;0;0;11110;1206;2186
P191335001;P191335001_18;R;10100;1240;0;11100;2440;2835
P191335001;P191335001_19;S;11100;1240;0;12100;2440;2835
P191335001;P191335001_20;T;11110;0;0;12410;1150;2737
P191335001;P191335001_21;U;12100;1290;0;13400;2440;2737
P191335001;P191335001_22;V;12410;0;0;13410;1200;2835
P191335303;P191335303_1;A;0;1240;0;1000;2440;2835
P191335303;P191335303_2;B;0;0;0;1000;1200;2835
P191335303;P191335303_3;C;1000;0;0;2000;1200;2835
P191335303;P191335303_4;D;1000;1200;0;2000;2400;2835
P191335303;P191335303_5;E;2000;1240;0;3000;2440;2835
P191335303;P191335303_6;F;2000;0;0;3000;1200;2835
P191335303;P191335303_7;G;3000;0;0;4300;1150;2737
P191335303;P191335303_8;H;3000;1290;0;4300;2440;2737
P191335303;P191335303_9;I;4300;1290;0;5600;2440;2737
P191335303;P191335303_10;J;4300;0;0;5600;1150;2737
P191335303;P191335303_11;K;5600;0;0;6900;1150;2737
P191335303;P191335303_12;L;5600;1290;0;6900;2440;2737
P191335303;P191335303_13;M;6900;1290;0;8200;2440;2737
P191335303;P191335303_14;N;6900;0;0;8200;1150;2737
P191335303;P191335303_15;O;8200;0;0;9500;1150;2737
P191335303;P191335303_16;P;8200;1290;0;9500;2440;2737
P191335303;P191335303_17;Q;9500;1290;0;10800;2440;2737
P191335303;P191335303_18;R;9500;0;0;10800;1150;2737
P191335303;P191335303_19;S;10800;0;0;12100;1150;2737
P191335303;P191335303_20;T;10800;1290;0;12100;2440;2737
P191335303;P191335303_21;U;12100;1290;0;13400;2440;2737
P191335303;P191335303_22;V;12100;0;0;13400;1150;2737
P188335001;P188335001_1;A;0;1234;0;1010;2440;2186
P188335001;P188335001_2;B;0;0;0;1010;1206;2186
P188335001;P188335001_3;C;1010;0;0;2020;1206;2186
P188335001;P188335001_4;D;1010;1240;0;2010;2440;2835
P188335001;P188335001_5;E;2010;1240;0;3010;2440;2835
P188335001;P188335001_6;F;2020;0;0;3020;1200;2835
P188335001;P188335001_7;G;3010;1240;0;4010;2440;2835
P188335001;P188335001_8;H;3020;0;0;4020;1200;2835
P188335001;P188335001_9;I;4010;1290;0;5310;2440;2737
P188335001;P188335001_10;J;4020;0;0;5320;1150;2737
P188335001;P188335001_11;K;5310;1290;0;6610;2440;2737
P188335001;P188335001_12;L;5320;0;0;6320;1200;2835
P188335001;P188335001_13;M;6320;0;0;7320;1200;2835
P188335001;P188335001_14;N;6610;1240;0;7610;2440;2835
P188335001;P188335001_15;O;7320;0;0;8330;1206;2186
P188335001;P188335001_16;P;7610;1290;0;8910;2440;2737
P188335001;P188335001_17;Q;8330;0;0;9630;1150;2737
P188335001;P188335001_18;R;8910;1290;0;10210;2440;2737
P188335001;P188335001_19;S;9630;0;0;10930;1150;2737
P188335001;P188335001_20;T;10210;1290;0;11510;2440;2737
P188335001;P188335001_21;U;10930;0;0;12230;1150;2737
P188335001;P188335001_22;V;11510;1290;0;12810;2440;2737
P188335001;P188335001_23;W;12230;0;0;13436;1010;2186
P188335303;P188335303_1;A;0;0;0;1000;1200;2835
P188335303;P188335303_2;B;0;1290;0;1300;2440;2737
P188335303;P188335303_3;C;1000;0;0;2000;1200;2835
P188335303;P188335303_4;D;1300;1240;0;2300;2440;2835
P188335303;P188335303_5;E;2000;0;0;3010;1206;2186
P188335303;P188335303_6;F;2300;1240;0;3300;2440;2835
P188335303;P188335303_7;G;3010;0;0;4010;1200;2835
P188335303;P188335303_8;H;3300;1240;0;4300;2440;2835
P188335303;P188335303_9;I;4010;0;0;5010;1200;2835
P188335303;P188335303_10;J;4300;1290;0;5600;2440;2737
P188335303;P188335303_11;K;5010;0;0;6310;1150;2737
P188335303;P188335303_12;L;5600;1290;0;6900;2440;2737
P188335303;P188335303_13;M;6310;0;0;7610;1150;2737
P188335303;P188335303_14;N;6900;1290;0;8200;2440;2737
P188335303;P188335303_15;O;7610;0;0;8910;1150;2737
P188335303;P188335303_16;P;8200;1290;0;9500;2440;2737
P188335303;P188335303_17;Q;8910;0;0;10210;1150;2737
P188335303;P188335303_18;R;9500;1290;0;10800;2440;2737
P188335303;P188335303_19;S;10210;0;0;11510;1150;2737
P188335303;P188335303_20;T;10800;1290;0;12100;2440;2737
P188335303;P188335303_21;U;11510;0;0;12810;1150;2737
P188335303;P188335303_22;V;12100;1290;0;13400;2440;2737
P187335305;P187335305_1;A;0;0;0;1300;1150;2737
P187335305;P187335305_2;B;0;1150;0;1300;2300;2737
P187335305;P187335305_3;C;1300;1290;0;2600;2440;2737
P187335305;P187335305_4;D;1300;0;0;2300;1200;2835
P187335305;P187335305_5;E;2300;0;0;3600;1150;2737
P187335305;P187335305_6;F;2600;1290;0;3900;2440;2737
P187335305;P187335305_7;G;3600;0;0;4900;1150;2737
P187335305;P187335305_8;H;3900;1290;0;5200;2440;2737
P187335305;P187335305_9;I;4900;0;0;5900;1200;2835
P187335305;P187335305_10;J;5200;1240;0;6200;2440;2835
P187335305;P187335305_11;K;5900;0;0;6910;1206;2186
P187335305;P187335305_12;L;6200;1240;0;7200;2440;2835
P187335305;P187335305_13;M;6910;0;0;7910;1200;1815
P187335305;P187335305_14;N;7200;1240;0;8200;2440;1815
P187335305;P187335305_15;O;7910;0;0;8910;1200;1815
P187335305;P187335305_16;P;8200;1240;0;9200;2440;1815
P187335305;P187335305_17;Q;8910;0;0;9910;1200;1815
P187335305;P187335305_18;R;9200;1240;0;10200;2440;1815
P187335305;P187335305_19;S;9910;0;0;10910;1200;1815
P187335305;P187335305_20;T;10200;1240;0;11200;2440;1815
P187335305;P187335305_21;U;10910;0;0;11910;1200;1815
P187335305;P187335305_22;V;11200;1240;0;12200;2440;1815
P187335305;P187335305_23;W;11910;0;0;12910;1200;1815
P187335305;P187335305_24;X;12200;1240;0;13200;2440;930
P186335001;P186335001_1;A;0;0;0;1010;1206;2186
P186335001;P186335001_2;B;0;1240;0;1000;2440;2835
P186335001;P186335001_3;C;1000;1240;0;2000;2440;2835
P186335001;P186335001_4;D;1010;0;0;2010;1200;2835
P186335001;P186335001_5;E;2000;1240;0;3000;2440;2835
P186335001;P186335001_6;F;2010;0;0;3310;1150;2737
P186335001;P186335001_7;G;3000;1290;0;4300;2440;2737
P186335001;P186335001_8;H;3310;0;0;4610;1150;2737
P186335001;P186335001_9;I;4300;1290;0;5600;2440;2737
P186335001;P186335001_10;J;4610;0;0;5910;1150;2737
P186335001;P186335001_11;K;5600;1234;0;6610;2440;2186
P186335001;P186335001_12;L;5910;0;0;6910;1200;2835
P186335001;P186335001_13;M;6610;1240;0;7610;2440;2835
P186335001;P186335001_14;N;6910;0;0;7910;1200;2835
P186335001;P186335001_15;O;7610;1240;0;8610;2440;2835
P186335001;P186335001_16;P;7910;0;0;8910;1200;2835
P186335001;P186335001_17;Q;8610;1240;0;9610;2440;2835
P186335001;P186335001_18;R;8910;0;0;9910;1200;2835
P186335001;P186335001_19;S;9610;1234;0;10620;2440;2186
P186335001;P186335001_20;T;9910;0;0;10920;1206;2186
P186335001;P186335001_21;U;10620;1290;0;11920;2440;2737
P186335001;P186335001_22;V;10920;0;0;12220;1150;2737
P186335001;P186335001_23;W;11920;1290;0;13220;2440;2737
P186335001;P186335001_24;X;12220;0;0;13420;1000;2835
P186335303;P186335303_1;A;0;0;0;1300;1150;2737
P186335303;P186335303_2;B;0;1150;0;1300;2300;2737
P186335303;P186335303_3;C;1300;1290;0;2600;2440;2737
P186335303;P186335303_4;D;1300;0;0;2600;1150;2737
P186335303;P186335303_5;E;2600;0;0;3900;1150;2737
P186335303;P186335303_6;F;2600;1150;0;3900;2300;2737
P186335303;P186335303_7;G;3900;1290;0;5200;2440;2737
P186335303;P186335303_8;H;3900;0;0;5200;1150;2737
P186335303;P186335303_9;I;5200;1290;0;6500;2440;2737
P186335303;P186335303_10;J;5200;0;0;6500;1150;2737
P186335303;P186335303_11;K;6500;0;0;7800;1150;2737
P186335303;P186335303_12;L;6500;1290;0;7800;2440;2737
P186335303;P186335303_13;M;7800;1290;0;9100;2440;2737
P186335303;P186335303_14;N;7800;0;0;9100;1150;2737
P186335303;P186335303_15;O;9100;0;0;10400;1150;2737
P186335303;P186335303_16;P;9100;1240;0;10100;2440;2835
P186335303;P186335303_17;Q;10100;1240;0;11100;2440;2835
P186335303;P186335303_18;R;10400;0;0;11410;1206;2186
P186335303;P186335303_19;S;11100;1234;0;12110;2440;2186
P186335303;P186335303_20;T;11410;0;0;12410;1200;2835
P186335303;P186335303_21;U;12110;1240;0;13110;2440;2835
P186335303;P186335303_22;V;12410;0;0;13410;1200;2835
P185335001;P185335001_1;A;0;0;0;1300;1150;2737
P185335001;P185335001_2;B;0;1150;0;1300;2300;2737
P185335001;P185335001_3;C;1300;1290;0;2600;2440;2737
P185335001;P185335001_4;D;1300;0;0;2600;1150;2737
P185335001;P185335001_5;E;2600;0;0;3900;1150;2737
P185335001;P185335001_6;F;2600;1150;0;3900;2300;2737
P185335001;P185335001_7;G;3900;1290;0;5200;2440;2737
P185335001;P185335001_8;H;3900;0;0;5200;1150;2737
P185335001;P185335001_9;I;5200;0;0;6500;1150;2737
P185335001;P185335001_10;J;5200;1150;0;6500;2300;2737
P185335001;P185335001_11;K;6500;1290;0;7800;2440;2737
P185335001;P185335001_12;L;6500;0;0;7800;1150;2737
P185335001;P185335001_13;M;7800;1290;0;9100;2440;2737
P185335001;P185335001_14;N;7800;0;0;8800;1200;2835
P185335001;P185335001_15;O;8800;0;0;9810;1206;2186
P185335001;P185335001_16;P;9100;1234;0;10110;2440;2186
P185335001;P185335001_17;Q;9810;0;0;11110;1150;2737
P185335001;P185335001_18;R;10110;1290;0;11410;2440;2737
P185335001;P185335001_19;S;11110;0;0;12410;1150;2737
P185335001;P185335001_20;T;11410;1240;0;12410;2440;2835
P185335001;P185335001_21;U;12410;0;0;13410;1200;2835
P185335001;P185335001_22;V;12410;1234;0;13420;2440;2186
P184335001;P184335001_1;A;0;0;0;1300;1150;2737
P184335001;P184335001_2;B;0;1150;0;1300;2300;2737
P184335001;P184335001_3;C;1300;1290;0;2600;2440;2737
P184335001;P184335001_4;D;1300;0;0;2600;1150;2737
P184335001;P184335001_5;E;2600;1240;0;3600;2440;2835
P184335001;P184335001_6;F;2600;0;0;3600;1200;2835
P184335001;P184335001_7;G;3600;0;0;4600;1200;2835
P184335001;P184335001_8;H;3600;1290;0;4900;2440;2737
P184335001;P184335001_9;I;4600;0;0;5600;1200;2835
P184335001;P184335001_10;J;4900;1240;0;5900;2440;2835
P184335001;P184335001_11;K;5600;0;0;6600;1200;2835
P184335001;P184335001_12;L;5900;1240;0;6900;2440;2835
P184335001;P184335001_13;M;6600;0;0;7900;1150;2737
P184335001;P184335001_14;N;6900;1290;0;8200;2440;2737
P184335001;P184335001_15;O;7900;0;0;9200;1150;2737
P184335001;P184335001_16;P;8200;1290;0;9500;2440;2737
P184335001;P184335001_17;Q;9200;0;0;10500;1150;2737
P184335001;P184335001_18;R;9500;1290;0;10800;2440;2737
P184335001;P184335001_19;S;10500;0;0;11800;1150;2737
P184335001;P184335001_20;T;10800;1290;0;12100;2440;2737
P184335001;P184335001_21;U;11800;0;0;13100;1150;2737
P184335001;P184335001_22;V;12100;1290;0;13400;2440;2737
Q184335001_1;Q184335001_1_1;A;0;0;0;1000;1200;2835
Q184335001_1;Q184335001_1_2;B;0;1234;0;1010;2440;2186
Q184335001_1;Q184335001_1_3;C;1000;0;0;2010;1206;2186
Q184335001_1;Q184335001_1_4;D;1010;1290;0;2310;2440;2737
Q184335001_1;Q184335001_1_5;E;2010;0;0;3010;1200;2835
Q184335001_1;Q184335001_1_6;F;2310;1240;0;3310;2440;2835
Q184335001_1;Q184335001_1_7;G;3010;0;0;4310;1150;2737
Q184335001_1;Q184335001_1_8;H;3310;1290;0;4610;2440;2737
Q184335001_1;Q184335001_1_9;I;4310;0;0;5610;1150;2737
Q184335001_1;Q184335001_1_10;J;4610;1290;0;5910;2440;2737
Q184335001_1;Q184335001_1_11;K;5610;0;0;6910;1150;2737
Q184335001_1;Q184335001_1_12;L;5910;1290;0;7210;2440;2737
Q184335001_1;Q184335001_1_13;M;6910;0;0;8210;1150;2737
Q184335001_1;Q184335001_1_14;N;7210;1290;0;8510;2440;2737
Q184335001_1;Q184335001_1_15;O;8210;0;0;9510;1150;2737
Q184335001_1;Q184335001_1_16;P;8510;1290;0;9810;2440;1391
Q184335001_1;Q184335001_1_17;Q;9510;0;0;10510;1200;2835
Q184335001_1;Q184335001_1_18;R;9810;1240;0;10810;2440;2835
P240064901;P240064901_1;A;0;0;0;1000;1200;2700
P240064901;P240064901_2;B;0;1240;0;1000;2440;2700
P240064901;P240064901_3;C;1000;1240;0;2000;2440;930
P240064901;P240064901_4;D;1000;0;0;2600;1200;2700
P240064901;P240064901_5;E;2000;1240;0;3600;2440;2700
P240064901;P240064901_6;F;2600;0;0;4200;1200;2700
P240064901;P240064901_7;G;3600;1660;0;4170;2440;478
P240064901;P240064901_8;H;4170;1240;0;5770;2440;2700
P240064901;P240064901_9;I;4200;0;0;5800;1200;2700
P240064901;P240064901_10;J;5770;1240;0;7370;2440;930
P240064901;P240064901_11;K;5800;0;0;6800;1200;2340
P240064901;P240064901_12;L;6800;0;0;8400;1200;2865
P240064901;P240064901_13;M;7370;1660;0;7940;2440;1771
P240064901;P240064901_14;N;7940;1240;0;8940;2440;2865
P240064901;P240064901_15;O;8400;0;0;9400;1200;2865
P240064901;P240064901_16;P;8940;1240;0;9940;2440;2865
P240064901;P240064901_17;Q;9400;0;0;11000;1200;2865
P240064901;P240064901_18;R;9940;1240;0;11540;2440;2865
P240064901;P240064901_19;S;11000;0;0;12600;1200;750
P240064901;P240064901_20;T;11540;1240;0;12540;2440;750
P240064901;P240064901_21;U;12540;1660;0;13110;2440;1771
P240064901;P240064901_22;V;12600;0;0;13170;780;478
P209064903;P209064903_1;A;0;0;0;1600;1200;2700
P209064903;P209064903_2;B;0;1200;0;1600;2400;2700
P209064903;P209064903_3;C;1600;1240;0;3200;2440;2700
P209064903;P209064903_4;D;1600;0;0;3200;1200;2700
P209064903;P209064903_5;E;3200;1240;0;4800;2440;2700
P209064903;P209064903_6;F;3200;0;0;4200;1200;2700
P209064903;P209064903_7;G;4200;0;0;5210;1206;385
P209064903;P209064903_8;H;4800;1240;0;5800;2440;2865
P209064903;P209064903_9;I;5210;0;0;6210;1200;2865
P209064903;P209064903_10;J;5800;1240;0;7400;2440;2865
P209064903;P209064903_11;K;6210;0;0;7210;1200;2865
P209064903;P209064903_12;L;7210;0;0;7780;780;1771
P209064903;P209064903_13;M;7400;780;0;7970;1560;478
P209064903;P209064903_14;N;7970;1240;0;9570;2440;1455
P209064903;P209064903_15;O;7970;0;0;8970;1200;2160
P208064905;P208064905_1;A;0;0;0;1600;1200;2700
P208064905;P208064905_2;B;0;1240;0;1600;2440;2700
P208064905;P208064905_3;C;1600;1240;0;3200;2440;2700
P208064905;P208064905_4;D;1600;0;0;3200;1200;2700
P208064905;P208064905_5;E;3200;0;0;4800;1200;2700
P208064905;P208064905_6;F;3200;1240;0;4800;2440;930
P208064905;P208064905_7;G;4800;1240;0;5800;2440;2700
P208064905;P208064905_8;H;4800;0;0;5800;1200;2700
P208064905;P208064905_9;I;5800;0;0;6800;1200;930
P208064905;P208064905_10;J;5800;1660;0;6370;2440;478
P208064905;P208064905_11;K;6370;1240;0;7970;2440;930
P208064905;P208064905_12;L;6800;0;0;7800;1200;2865
P208064905;P208064905_13;M;7800;0;0;8800;1200;2865
P208064905;P208064905_14;N;7970;1234;0;8980;2440;385
P208064905;P208064905_15;O;8800;0;0;10400;1200;2865
P208064905;P208064905_16;P;8980;1660;0;9550;2440;1771
P208064905;P208064905_17;Q;9550;1660;0;10120;2440;478
P208064905;P208064905_18;R;10120;1240;0;11720;2440;2865
P208064905;P208064905_19;S;10400;0;0;12000;1200;1635
P208064905;P208064905_20;T;11720;1240;0;12720;2440;2865
P208064905;P208064905_21;U;12000;0;0;13000;1200;2160
P206064903;P206064903_1;A;0;0;0;1600;1200;2700
P206064903;P206064903_2;B;0;1240;0;1600;2440;2700
P206064903;P206064903_3;C;1600;1240;0;3200;2440;2700
P206064903;P206064903_4;D;1600;0;0;2600;1200;2700
P206064903;P206064903_5;E;2600;0;0;4200;1200;2700
P206064903;P206064903_6;F;3200;1240;0;4800;2440;2700
P206064903;P206064903_7;G;4200;0;0;5200;1200;2700
P206064903;P206064903_8;H;4800;1240;0;6400;2440;2700
P206064903;P206064903_9;I;5200;0;0;6800;1200;2700
P206064903;P206064903_10;J;6400;1240;0;8000;2440;2700
P206064903;P206064903_11;K;6800;0;0;8400;1200;2700
P206064903;P206064903_12;L;8000;1240;0;9000;2440;2700
P206064903;P206064903_13;M;8400;0;0;9400;1200;2700
P206064903;P206064903_14;N;9000;1660;0;9570;2440;478
P206064903;P206064903_15;O;9400;0;0;10400;1200;2865
P206064903;P206064903_16;P;9570;1240;0;10570;2440;2865
P206064903;P206064903_17;Q;10400;0;0;11400;1200;2865
P206064903;P206064903_18;R;10570;1240;0;11570;2440;2865
P206064903;P206064903_19;S;11400;0;0;13000;1200;2865
P206064903;P206064903_20;T;11570;1240;0;13170;2440;2865
P205064901;P205064901_1;A;0;0;0;1600;1200;2700
P205064901;P205064901_2;B;0;1200;0;1600;2400;2700
P205064901;P205064901_3;C;1600;1660;0;2170;2440;478
P205064901;P205064901_4;D;1600;0;0;2800;1600;2700
P205064901;P205064901_5;E;2800;1240;0;4400;2440;2700
P205064901;P205064901_6;F;2800;0;0;3800;1200;2700
P205064901;P205064901_7;G;3800;40;0;4800;1240;2700
P205064901;P205064901_8;H;4400;1240;0;5400;2440;930
P205064901;P205064901_9;I;4800;0;0;6400;1200;2340
P205064901;P205064901_10;J;5400;1200;0;6400;2400;2865
P205064901;P205064901_11;K;6400;1660;0;6970;2440;1771
P205064901;P205064901_12;L;6400;0;0;6970;780;1771
P205064901;P205064901_13;M;6400;780;0;6970;1560;1771
P205064901;P205064901_14;N;6970;0;0;8570;1200;2865
P205064901;P205064901_15;O;6970;1240;0;7970;2440;2865
P205064901;P205064901_16;P;7970;1200;0;8970;2400;2865
P205064901;P205064901_17;Q;8570;0;0;9570;1200;2865
P205064901;P205064901_18;R;8970;1240;0;9970;2440;2865
P205064901;P205064901_19;S;9570;460;0;10140;1240;1771
P205064901;P205064901_20;T;9970;1240;0;12370;2440;975
P205064901;P205064901_21;U;10140;0;0;11740;1200;2865
P205064901;P205064901_22;V;11740;40;0;13340;1240;2865
P205064901;P205064901_23;W;12370;1240;0;13370;2440;2865
P202064903;P202064903_1;A;0;0;0;1600;1200;2700
P202064903;P202064903_2;B;0;1240;0;1600;2440;2700
P202064903;P202064903_3;C;1600;1240;0;3200;2440;2700
P202064903;P202064903_4;D;1600;0;0;3200;1200;2700
P202064903;P202064903_5;E;3200;0;0;4800;1200;2700
P202064903;P202064903_6;F;3200;1240;0;4800;2440;1815
P202064903;P202064903_7;G;4800;1240;0;5800;2440;2700
P202064903;P202064903_8;H;4800;0;0;5800;1200;2700
P202064903;P202064903_9;I;5800;0;0;6810;1206;770
P202064903;P202064903_10;J;5800;1660;0;6370;2440;1771
P202064903;P202064903_11;K;6370;1240;0;7370;2440;2865
P202064903;P202064903_12;L;6810;0;0;7810;1200;2865
P202064903;P202064903_13;M;7370;1240;0;8370;2440;2865
P202064903;P202064903_14;N;7810;0;0;9410;1200;2865
P202064903;P202064903_15;O;8370;1240;0;9370;2440;2340
P202064903;P202064903_16;P;9370;1660;0;9940;2440;1771
P202064903;P202064903_17;Q;9410;0;0;10410;1200;2865
P202064903;P202064903_18;R;9940;1240;0;10940;2440;2865
P202064903;P202064903_19;S;10410;0;0;12010;1200;2865
P202064903;P202064903_20;T;10940;1240;0;11940;2440;2865
P202064903;P202064903_21;U;11940;1240;0;12940;2440;2865
P200064903;P200064903_1;A;0;0;0;1000;1200;2700
P200064903;P200064903_2;B;0;1240;0;1600;2440;2700
P200064903;P200064903_3;C;1000;0;0;2600;1200;2700
P200064903;P200064903_4;D;1600;1240;0;3200;2440;2700
P200064903;P200064903_5;E;2600;0;0;4200;1200;2700
P200064903;P200064903_6;F;3200;1240;0;4800;2440;2700
P200064903;P200064903_7;G;4200;0;0;5800;1200;2700
P200064903;P200064903_8;H;4800;1240;0;5800;2440;2700
P200064903;P200064903_9;I;5800;1240;0;6800;2440;2700
P200064903;P200064903_10;J;5800;0;0;7400;1200;2700
P200064903;P200064903_11;K;6800;1240;0;8400;2440;2700
P200064903;P200064903_12;L;7400;0;0;8400;1200;2700
P200064903;P200064903_13;M;8400;0;0;9400;1200;930
P200064903;P200064903_14;N;8400;1240;0;10000;2440;2700
P200064903;P200064903_15;O;9400;0;0;11000;1200;2700
P200064903;P200064903_16;P;10000;1240;0;11000;2440;2865
P200064903;P200064903_17;Q;11000;1660;0;11570;2440;1771
P200064903;P200064903_18;R;11000;0;0;12200;1600;2865
P200064903;P200064903_19;S;11570;1660;0;12140;2440;1771
P200064903;P200064903_20;T;12140;1660;0;12710;2440;1771
P200064903;P200064903_21;U;12200;0;0;13400;1600;2865
P200064903;P200064903_22;V;12710;1660;0;13280;2440;1771
P199064903;P199064903_1;A;0;1240;0;1000;2440;2700
P199064903;P199064903_2;B;0;0;0;1600;1200;2700
P199064903;P199064903_3;C;1000;1240;0;2600;2440;2700
P199064903;P199064903_4;D;1600;0;0;3200;1200;2700
P199064903;P199064903_5;E;2600;1240;0;4200;2440;2700
P199064903;P199064903_6;F;3200;0;0;4800;1200;2700
P199064903;P199064903_7;G;4200;1240;0;5200;2440;2700
P199064903;P199064903_8;H;4800;0;0;5370;780;1340
P199064903;P199064903_9;I;5200;840;0;6400;2440;930
P199064903;P199064903_10;J;5370;0;0;5940;780;1771
P199064903;P199064903_11;K;5940;0;0;6510;780;1771
P199064903;P199064903_12;L;6400;1240;0;7400;2440;2865
P199064903;P199064903_13;M;6510;0;0;7510;1200;2865
P199064903;P199064903_14;N;7400;1240;0;9000;2440;2865
P199064903;P199064903_15;O;7510;0;0;9110;1200;2865
P199064903;P199064903_16;P;9000;1240;0;10000;2440;2865
P199064903;P199064903_17;Q;9110;0;0;10110;1200;2865
P199064903;P199064903_18;R;10000;1240;0;11000;2440;2865
P199064903;P199064903_19;S;10110;0;0;11110;1200;2865
P199064903;P199064903_20;T;11000;1240;0;12000;2440;2865
P199064903;P199064903_21;U;11110;0;0;12110;1200;2865
P199064903;P199064903_22;V;12000;1240;0;13000;2440;2865
P199064903;P199064903_23;W;12110;0;0;13110;1200;2865
P198064901;P198064901_1;A;0;0;0;1600;1200;2700
P198064901;P198064901_2;B;0;1200;0;1600;2400;2700
P198064901;P198064901_3;C;1600;1240;0;3200;2440;2700
P198064901;P198064901_4;D;1600;0;0;3200;1200;2700
P198064901;P198064901_5;E;3200;1240;0;4800;2440;2700
P198064901;P198064901_6;F;3200;0;0;4200;1200;2700
P198064901;P198064901_7;G;4200;0;0;5200;1200;2700
P198064901;P198064901_8;H;4800;1240;0;6400;2440;2865
P198064901;P198064901_9;I;5200;0;0;6800;1200;2865
P198064901;P198064901_10;J;6400;1240;0;7400;2440;2865
P198064901;P198064901_11;K;6800;0;0;8400;1200;2865
P198064901;P198064901_12;L;7400;1234;0;8410;2440;385
P198064901;P198064901_13;M;8400;0;0;9400;1200;2865
P198064901;P198064901_14;N;8410;1660;0;8980;2440;1771
P198064901;P198064901_15;O;8980;1660;0;9550;2440;1771
P198064901;P198064901_16;P;9400;0;0;10400;1200;2865
P198064901;P198064901_17;Q;9550;1240;0;11150;2440;2865
P198064901;P198064901_18;R;10400;0;0;11400;1200;2865
P198064901;P198064901_19;S;11150;1240;0;12150;2440;2865
P198064901;P198064901_20;T;11400;0;0;12400;1200;2865
P198064901;P198064901_21;U;12150;1240;0;13150;2440;2865
P198064901;P198064901_22;V;12400;0;0;12970;780;1340
P193064903;P193064903_1;A;0;0;0;1000;1200;2700
P193064903;P193064903_2;B;0;1240;0;1600;2440;2700
P193064903;P193064903_3;C;1000;0;0;2600;1200;2700
P193064903;P193064903_4;D;1600;1240;0;3200;2440;2700
P193064903;P193064903_5;E;2600;0;0;4200;1200;2700
P193064903;P193064903_6;F;3200;1240;0;4200;2440;2700
P193064903;P193064903_7;G;4200;1240;0;5800;2440;2700
P193064903;P193064903_8;H;4200;0;0;5800;1200;2700
P193064903;P193064903_9;I;5800;0;0;6800;1200;2700
P193064903;P193064903_10;J;5800;1240;0;6800;2440;2700
P193064903;P193064903_11;K;6800;1240;0;8400;2440;2700
P193064903;P193064903_12;L;6800;0;0;8400;1200;2700
P193064903;P193064903_13;M;8400;0;0;10000;1200;1815
P193064903;P193064903_14;N;8400;1240;0;10000;2440;2865
P193064903;P193064903_15;O;10000;1240;0;11000;2440;2865
P193064903;P193064903_16;P;10000;0;0;11000;1200;2865
P193064903;P193064903_17;Q;11000;0;0;12000;1200;2865
P193064903;P193064903_18;R;11000;1240;0;12000;2440;2865
P193064903;P193064903_19;S;12000;0;0;13200;2400;975
P192064903;P192064903_1;A;0;0;0;570;780;478
P192064903;P192064903_2;B;0;1240;0;1000;2440;2700
P192064903;P192064903_3;C;570;0;0;2170;1200;2700
P192064903;P192064903_4;D;1000;1240;0;2600;2440;2700
P192064903;P192064903_5;E;2170;0;0;3170;1200;2700
P192064903;P192064903_6;F;2600;1240;0;3600;2440;1815
P192064903;P192064903_7;G;3170;0;0;4770;1200;2865
P192064903;P192064903_8;H;3600;1240;0;5200;2440;2340
P192064903;P192064903_9;I;4770;0;0;5770;1200;2340
P192064903;P192064903_10;J;5200;1660;0;5770;2440;1771
P192064903;P192064903_11;K;5770;1660;0;6340;2440;1771
P192064903;P192064903_12;L;5770;0;0;6970;1600;2865
P192064903;P192064903_13;M;6340;1660;0;6910;2440;1771
P192064903;P192064903_14;N;6910;1660;0;7480;2440;1771
P192064903;P192064903_15;O;6970;0;0;7970;1200;2865
P192064903;P192064903_16;P;7480;1240;0;9080;2440;2865
P192064903;P192064903_17;Q;7970;0;0;9570;1200;2340
P192064903;P192064903_18;R;9080;1240;0;10080;2440;2865
P192064903;P192064903_19;S;9570;0;0;10570;1200;2865
P192064903;P192064903_20;T;10080;1240;0;11080;2440;2865
P192064903;P192064903_21;U;10570;0;0;11570;1200;2865
P192064903;P192064903_22;V;11080;1240;0;12080;2440;2340
P192064903;P192064903_23;W;11570;0;0;12580;1206;385
P192064903;P192064903_24;X;12080;1240;0;13080;2440;2865
P192064903;P192064903_25;Y;12580;0;0;13150;780;1771
P191064901;P191064901_1;A;0;1240;0;1600;2440;2700
P191064901;P191064901_2;B;0;0;0;1600;1200;2700
P191064901;P191064901_3;C;1600;0;0;3200;1200;2700
P191064901;P191064901_4;D;1600;1240;0;3200;2440;2700
P191064901;P191064901_5;E;3200;1240;0;4800;2440;2700
P191064901;P191064901_6;F;3200;0;0;4800;1200;2700
P191064901;P191064901_7;G;4800;0;0;6400;1200;2700
P191064901;P191064901_8;H;4800;1240;0;5800;2440;2700
P191064901;P191064901_9;I;5800;1240;0;6800;2440;2700
P191064901;P191064901_10;J;6400;0;0;6970;780;478
P191064901;P191064901_11;K;6800;840;0;8000;2440;2865
P191064901;P191064901_12;L;6970;0;0;7540;780;1771
P191064901;P191064901_13;M;7540;0;0;8110;780;1340
P191064901;P191064901_14;N;8000;840;0;9200;2440;2865
P191064901;P191064901_15;O;9200;1240;0;10800;2440;2865
P191064901;P191064901_16;P;9200;0;0;10200;1200;2865
P191064901;P191064901_17;Q;10200;0;0;11200;1200;2865
P191064901;P191064901_18;R;10800;1240;0;11800;2440;2865
P191064901;P191064901_19;S;11200;0;0;12200;1200;2865
P191064901;P191064901_20;T;11800;1240;0;12800;2440;2865
P191064901;P191064901_21;U;12200;0;0;13200;1200;1455
P187064905;P187064905_1;A;0;0;0;1600;1200;2700
P187064905;P187064905_2;B;0;1240;0;1600;2440;2700
P187064905;P187064905_3;C;1600;1240;0;3200;2440;2700
P187064905;P187064905_4;D;1600;0;0;3200;1200;2700
P187064905;P187064905_5;E;3200;0;0;4800;1200;2700
P187064905;P187064905_6;F;3200;1240;0;4800;2440;2700
P187064905;P187064905_7;G;4800;1240;0;6400;2440;2700
P187064905;P187064905_8;H;4800;0;0;6400;1200;2700
P187064905;P187064905_9;I;6400;0;0;6970;780;909
P187064905;P187064905_10;J;6400;1240;0;7400;2440;2700
P187064905;P187064905_11;K;6970;0;0;7970;1200;2700
P187064905;P187064905_12;L;7400;1240;0;9000;2440;2700
P187064905;P187064905_13;M;7970;0;0;9570;1200;2700
P187064905;P187064905_14;N;9000;1240;0;10600;2440;2700
P187064905;P187064905_15;O;9570;0;0;11170;1200;2700
P187064905;P187064905_16;P;10600;1240;0;11600;2440;2700
P187064905;P187064905_17;Q;11170;0;0;12170;1200;930
P187064905;P187064905_18;R;11600;1240;0;13200;2440;2865
P187064905;P187064905_19;S;12170;0;0;13170;1200;2865
P186064903;P186064903_1;A;0;0;0;1600;1200;2700
P186064903;P186064903_2;B;0;1240;0;1600;2440;2700
P186064903;P186064903_3;C;1600;1240;0;3200;2440;2700
P186064903;P186064903_4;D;1600;0;0;3200;1200;2700
P186064903;P186064903_5;E;3200;0;0;3770;780;478
P186064903;P186064903_6;F;3200;840;0;4400;2440;2700
P186064903;P186064903_7;G;4400;0;0;6000;1200;2700
P186064903;P186064903_8;H;4400;1240;0;5400;2440;2700
P186064903;P186064903_9;I;5400;1240;0;6400;2440;2865
P186064903;P186064903_10;J;6000;0;0;7600;1200;2865
P186064903;P186064903_11;K;6400;1240;0;8000;2440;2865
P186064903;P186064903_12;L;7600;0;0;8600;1200;2865
P186064903;P186064903_13;M;8000;1240;0;9000;2440;2865
P186064903;P186064903_14;N;8600;0;0;9600;1200;2865
P186064903;P186064903_15;O;9000;1240;0;10000;2440;2865
P186064903;P186064903_16;P;9600;0;0;10170;780;1771
P186064903;P186064903_17;Q;10000;780;0;10570;1560;1771
P186064903;P186064903_18;R;10000;1660;0;10570;2440;1771
P186064903;P186064903_19;S;10170;0;0;10740;780;1771
P186064903;P186064903_20;T;10570;1240;0;11570;2440;2865
P186064903;P186064903_21;U;10740;0;0;12340;1200;2865
P186064903;P186064903_22;V;11570;1240;0;13170;2440;2865
P186064903;P186064903_23;W;12340;0;0;13340;1200;1455
P185064903;P185064903_1;A;0;0;0;1600;1200;2700
P185064903;P185064903_2;B;0;1200;0;1600;2400;2700
P185064903;P185064903_3;C;1600;1240;0;3200;2440;2700
P185064903;P185064903_4;D;1600;0;0;3200;1200;2700
P185064903;P185064903_5;E;3200;1240;0;4200;2440;2700
P185064903;P185064903_6;F;3200;0;0;4200;1200;2700
P185064903;P185064903_7;G;4200;0;0;5800;1200;930
P185064903;P185064903_8;H;4200;1234;0;5210;2440;1155
P185064903;P185064903_9;I;5210;1240;0;6210;2440;2865
P185064903;P185064903_10;J;5800;0;0;7400;1200;2865
P185064903;P185064903_11;K;6210;1240;0;7210;2440;2865
P185064903;P185064903_12;L;7210;1240;0;8210;2440;2865
P185064903;P185064903_13;M;7400;0;0;9000;1200;2865
P185064903;P185064903_14;N;8210;1240;0;9810;2440;2865
P185064903;P185064903_15;O;9000;0;0;10000;1200;2865
P185064903;P185064903_16;P;9810;1240;0;10810;2440;2865
P185064903;P185064903_17;Q;10000;0;0;11000;1200;2865
P185064903;P185064903_18;R;10810;1240;0;11810;2440;2865
P185064903;P185064903_19;S;11000;0;0;11570;780;1771
P185064903;P185064903_20;T;11570;0;0;12570;1200;2865
P185064903;P185064903_21;U;11810;1240;0;13410;2440;2865
P185064903;P185064903_22;V;12570;0;0;13140;780;909
P184064901;P184064901_1;A;0;0;0;1600;1200;2700
P184064901;P184064901_2;B;0;1200;0;1600;2400;2700
P184064901;P184064901_3;C;1600;1240;0;2600;2440;2700
P184064901;P184064901_4;D;1600;0;0;2600;1200;2700
P184064901;P184064901_5;E;2600;0;0;4200;1200;2700
P184064901;P184064901_6;F;2600;1240;0;4200;2440;2700
P184064901;P184064901_7;G;4200;1660;0;4770;2440;478
P184064901;P184064901_8;H;4200;0;0;5400;1600;2700
P184064901;P184064901_9;I;5400;1240;0;7000;2440;2700
P184064901;P184064901_10;J;5400;0;0;7000;1200;2700
P184064901;P184064901_11;K;7000;0;0;8000;1200;930
P184064901;P184064901_12;L;7000;1240;0;8000;2440;2865
P184064901;P184064901_13;M;8000;1240;0;9000;2440;2865
P184064901;P184064901_14;N;8000;0;0;9000;1200;2865
P184064901;P184064901_15;O;9000;0;0;10600;1200;2865
P184064901;P184064901_16;P;9000;1240;0;10600;2440;2865
P184064901;P184064901_17;Q;10600;1660;0;11170;2440;1771
P184064901;P184064901_18;R;10600;0;0;11600;1200;2865
P184064901;P184064901_19;S;11170;1240;0;12170;2440;2865
P184064901;P184064901_20;T;11600;0;0;12170;780;1340
P184064901;P184064901_21;U;12170;0;0;13370;1000;1455
P194065607;P194065607_1;A;0;620;0;1600;1820;1200
P194065607;P194065607_2;B;1600;620;0;3200;1820;1200
P194065607;P194065607_3;C;3200;620;0;4800;1820;2355
P194065607;P194065607_4;D;4800;620;0;6400;1820;2355
P194065607;P194065607_5;E;6400;1240;0;8000;2440;1200
P194065607;P194065607_6;F;6400;0;0;8000;1200;1200
P194065607;P194065607_7;G;8000;0;0;9600;1200;1200
P194065607;P194065607_8;H;8000;1240;0;9600;2440;1200
P194065607;P194065607_9;I;9600;1240;0;11200;2440;1200
P194065607;P194065607_10;J;9600;0;0;11200;1200;1200
P194065607;P194065607_11;K;11200;0;0;12800;1200;1200
P194065607;P194065607_12;L;11200;1240;0;12800;2440;1200
P194065711;P194065711_1;A;0;620;0;1600;1820;1200
P194065711;P194065711_2;B;1600;620;0;3200;1820;1200
P194065711;P194065711_3;C;3200;1240;0;4800;2440;1200
P194065711;P194065711_4;D;3200;20;0;4800;1220;1200
P194065711;P194065711_5;E;4800;620;0;6400;1820;2355
P194065711;P194065711_6;F;6400;1240;0;8000;2440;2355
P194065711;P194065711_7;G;6400;0;0;8000;1200;2355
P194065711;P194065711_8;H;8000;0;0;9600;1200;2355
P194065711;P194065711_9;I;8000;1240;0;9600;2440;2355
P194065711;P194065711_10;J;9600;1240;0;11200;2440;2355
P194065711;P194065711_11;K;9600;0;0;11200;1200;2355
P194065711;P194065711_12;L;11200;0;0;12800;1200;1200
P193065607;P193065607_1;A;0;620;0;1600;1820;1200
P193065607;P193065607_2;B;1600;620;0;3200;1820;1200
P193065607;P193065607_3;C;3200;620;0;4800;1820;1200
P193065607;P193065607_4;D;4800;620;0;6400;1820;2355
P193065607;P193065607_5;E;6400;1240;0;8000;2440;2355
P193065607;P193065607_6;F;6400;0;0;8000;1200;2355
P193065607;P193065607_7;G;8000;0;0;9600;1200;2355
P193065607;P193065607_8;H;8000;1200;0;9600;2400;2355
P193065607;P193065607_9;I;9600;1240;0;11200;2440;2355
P193065607;P193065607_10;J;9600;0;0;11200;1200;2355
P193065607;P193065607_11;K;11200;1240;0;12800;2440;2355
P193065711;P193065711_1;A;0;0;0;1600;1200;1200
P193065711;P193065711_2;B;0;1220;0;1600;2420;1200
P193065711;P193065711_3;C;1600;620;0;3200;1820;2355
P193065711;P193065711_4;D;3200;620;0;4800;1820;2355
P193065711;P193065711_5;E;4800;620;0;6400;1820;2355
P193065711;P193065711_6;F;6400;1240;0;8000;2440;2355
P193065711;P193065711_7;G;6400;0;0;8000;1200;2355
P193065711;P193065711_8;H;8000;1240;0;9600;2440;2355
P193065711;P193065711_9;I;8000;0;0;9600;1200;2355
P193065711;P193065711_10;J;9600;0;0;11200;1200;2355
P193065711;P193065711_11;K;9600;1240;0;11200;2440;1200
P193065711;P193065711_12;L;11200;1240;0;12800;2440;1200
P193065711;P193065711_13;M;11200;0;0;12800;1200;1200
P193065705;P193065705_1;A;0;620;0;1600;1820;1200
P193065705;P193065705_2;B;1600;620;0;3200;1820;1200
P193065705;P193065705_3;C;3200;1240;0;4800;2440;2355
P193065705;P193065705_4;D;3200;20;0;4800;1220;2355
P193065705;P193065705_5;E;4800;1240;0;6400;2440;1200
P193065705;P193065705_6;F;4800;0;0;6400;1200;1200
P193065705;P193065705_7;G;6400;0;0;8000;1200;1200
P193065705;P193065705_8;H;6400;1240;0;8000;2440;1200
P193065705;P193065705_9;I;8000;1240;0;9600;2440;1200
P193065705;P193065705_10;J;8000;0;0;9600;1200;1200
P193065705;P193065705_11;K;9600;0;0;11200;1200;1200
P193065705;P193065705_12;L;9600;1240;0;11200;2440;1200
P193065705;P193065705_13;M;11200;1240;0;12800;2440;1200
P193065705;P193065705_14;N;11200;0;0;12800;1200;1200
P192065607;P192065607_1;A;0;620;0;1600;1820;1200
P192065607;P192065607_2;B;1600;620;0;3200;1820;1200
P192065607;P192065607_3;C;3200;1240;0;4800;2440;1200
P192065607;P192065607_4;D;3200;20;0;4800;1220;1200
P192065607;P192065607_5;E;4800;620;0;6400;1820;2355
P192065607;P192065607_6;F;6400;1240;0;8000;2440;2355
P192065607;P192065607_7;G;6400;0;0;8000;1200;2355
P192065607;P192065607_8;H;8000;1240;0;9600;2440;2355
P192065607;P192065607_9;I;8000;0;0;9600;1200;2355
P192065607;P192065607_10;J;9600;0;0;11200;1200;2355
P192065607;P192065607_11;K;9600;1240;0;11200;2440;2355
P192065607;P192065607_12;L;11200;1240;0;12800;2440;1200
P192065711;P192065711_1;A;0;620;0;1600;1820;1200
P192065711;P192065711_2;B;1600;1240;0;3200;2440;1200
P192065711;P192065711_3;C;1600;20;0;3200;1220;1200
P192065711;P192065711_4;D;3200;620;0;4800;1820;2355
P192065711;P192065711_5;E;4800;620;0;6400;1820;2355
P192065711;P192065711_6;F;6400;1240;0;8000;2440;2355
P192065711;P192065711_7;G;6400;0;0;8000;1200;2355
P192065711;P192065711_8;H;8000;1240;0;9600;2440;2355
P192065711;P192065711_9;I;8000;0;0;9600;1200;2355
P192065711;P192065711_10;J;9600;0;0;11200;1200;1200
P192065711;P192065711_11;K;9600;1240;0;11200;2440;1200
P192065711;P192065711_12;L;11200;1240;0;12800;2440;1200
P192065711;P192065711_13;M;11200;0;0;12800;1200;1200
P191065607;P191065607_1;A;0;620;0;1600;1820;1200
P191065607;P191065607_2;B;1600;620;0;3200;1820;1200
P191065607;P191065607_3;C;3200;620;0;4800;1820;1200
P191065607;P191065607_4;D;4800;620;0;6400;1820;2355
P191065607;P191065607_5;E;6400;1240;0;8000;2440;2355
P191065607;P191065607_6;F;6400;0;0;8000;1200;2355
P191065607;P191065607_7;G;8000;0;0;9600;1200;2355
P191065607;P191065607_8;H;8000;1200;0;9600;2400;2355
P191065607;P191065607_9;I;9600;1240;0;11200;2440;2355
P191065607;P191065607_10;J;9600;0;0;11200;1200;2355
P191065607;P191065607_11;K;11200;0;0;12800;1200;1200
P191065711;P191065711_1;A;0;620;0;1600;1820;1200
P191065711;P191065711_2;B;1600;620;0;3200;1820;1200
P191065711;P191065711_3;C;3200;620;0;4800;1820;1200
P191065711;P191065711_4;D;4800;620;0;6400;1820;2355
P191065711;P191065711_5;E;6400;1240;0;8000;2440;2355
P191065711;P191065711_6;F;6400;0;0;8000;1200;2355
P191065711;P191065711_7;G;8000;0;0;9600;1200;2355
P191065711;P191065711_8;H;8000;1200;0;9600;2400;2355
P191065711;P191065711_9;I;9600;1240;0;11200;2440;2355
P191065711;P191065711_10;J;9600;0;0;11200;1200;2355
P191065711;P191065711_11;K;11200;1240;0;12800;2440;2355
P191065711;P191065711_12;L;11200;0;0;12800;1200;1200
P191065701;P191065701_1;A;0;620;0;1600;1820;1200
P191065701;P191065701_2;B;1600;1240;0;3200;2440;1200
P191065701;P191065701_3;C;1600;20;0;3200;1220;1200
P191065701;P191065701_4;D;3200;620;0;4800;1820;1200
P191065701;P191065701_5;E;4800;1240;0;6400;2440;2355
P191065701;P191065701_6;F;4800;20;0;6400;1220;2355
P191065701;P191065701_7;G;6400;0;0;8000;1200;2355
P191065701;P191065701_8;H;6400;1240;0;8000;2440;1200
P191065701;P191065701_9;I;8000;1240;0;9600;2440;1200
P191065701;P191065701_10;J;8000;0;0;9600;1200;1200
P191065701;P191065701_11;K;9600;0;0;11200;1200;1200
P191065701;P191065701_12;L;9600;1240;0;11200;2440;1200
P191065701;P191065701_13;M;11200;1240;0;12800;2440;1200
P191065701;P191065701_14;N;11200;0;0;12800;1200;1200
P189065751;P189065751_1;A;0;620;0;1600;1820;1200
P189065751;P189065751_2;B;1600;620;0;3200;1820;1200
P189065751;P189065751_3;C;3200;1240;0;4800;2440;1200
P189065751;P189065751_4;D;3200;0;0;4800;1200;1200
P189065751;P189065751_5;E;4800;0;0;6400;1200;2355
P189065751;P189065751_6;F;4800;1220;0;6400;2420;2355
P189065751;P189065751_7;G;6400;0;0;8000;1200;2355
P189065751;P189065751_8;H;6400;1240;0;8000;2440;2355
P189065751;P189065751_9;I;8000;1240;0;9600;2440;1200
P189065751;P189065751_10;J;8000;0;0;9600;1200;1200
P189065751;P189065751_11;K;9600;0;0;11200;1200;1200
P189065751;P189065751_12;L;9600;1240;0;11200;2440;1200
P189065751;P189065751_13;M;11200;1240;0;12800;2440;1200
P189065751;P189065751_14;N;11200;0;0;12800;1200;1200
P188065607;P188065607_1;A;0;620;0;1600;1820;1200
P188065607;P188065607_2;B;1600;620;0;3200;1820;1200
P188065607;P188065607_3;C;3200;1240;0;4800;2440;1200
P188065607;P188065607_4;D;3200;20;0;4800;1220;1200
P188065607;P188065607_5;E;4800;620;0;6400;1820;2355
P188065607;P188065607_6;F;6400;1240;0;8000;2440;2355
P188065607;P188065607_7;G;6400;0;0;8000;1200;2355
P188065607;P188065607_8;H;8000;0;0;9600;1200;2355
P188065607;P188065607_9;I;8000;1240;0;9600;2440;2355
P188065607;P188065607_10;J;9600;1240;0;11200;2440;2355
P188065607;P188065607_11;K;9600;0;0;11200;1200;1200
P188065711;P188065711_1;A;0;620;0;1600;1820;1200
P188065711;P188065711_2;B;1600;620;0;3200;1820;1200
P188065711;P188065711_3;C;3200;620;0;4800;1820;2355
P188065711;P188065711_4;D;4800;620;0;6400;1820;2355
P188065711;P188065711_5;E;6400;1240;0;8000;2440;2355
P188065711;P188065711_6;F;6400;0;0;8000;1200;2355
P188065711;P188065711_7;G;8000;0;0;9600;1200;2355
P188065711;P188065711_8;H;8000;1240;0;9600;2440;2355
P188065711;P188065711_9;I;9600;1240;0;11200;2440;2355
P188065711;P188065711_10;J;9600;0;0;11200;1200;2355
P188065711;P188065711_11;K;11200;0;0;12800;1200;1200
P188065701;P188065701_1;A;0;620;0;1600;1820;1200
P188065701;P188065701_2;B;1600;620;0;3200;1820;1200
P188065701;P188065701_3;C;3200;1240;0;4800;2440;2355
P188065701;P188065701_4;D;3200;20;0;4800;1220;2355
P188065701;P188065701_5;E;4800;10;0;6400;1210;1200
P188065701;P188065701_6;F;4800;1225;0;6400;2425;1200
P188065701;P188065701_7;G;6400;0;0;8000;1200;1200
P188065701;P188065701_8;H;6400;1240;0;8000;2440;1200
P188065701;P188065701_9;I;8000;1240;0;9600;2440;1200
P188065701;P188065701_10;J;8000;0;0;9600;1200;1200
P188065701;P188065701_11;K;9600;0;0;11200;1200;1200
P188065701;P188065701_12;L;9600;1240;0;11200;2440;1200
P188065701;P188065701_13;M;11200;1240;0;12800;2440;1200
P188065701;P188065701_14;N;11200;0;0;12800;1200;1200
P187065607;P187065607_1;A;0;620;0;1600;1820;1200
P187065607;P187065607_2;B;1600;620;0;3200;1820;1200
P187065607;P187065607_3;C;3200;620;0;4800;1820;1200
P187065607;P187065607_4;D;4800;620;0;6400;1820;2355
P187065607;P187065607_5;E;6400;1240;0;8000;2440;2355
P187065607;P187065607_6;F;6400;0;0;8000;1200;2355
P187065607;P187065607_7;G;8000;1240;0;9600;2440;2355
P187065607;P187065607_8;H;8000;0;0;9600;1200;2355
P187065607;P187065607_9;I;9600;0;0;11200;1200;2355
P187065607;P187065607_10;J;9600;1240;0;11200;2440;1200
P187065607;P187065607_11;K;11200;1240;0;12800;2440;1200
P187065607;P187065607_12;L;11200;0;0;12800;1200;1200
P187065711;P187065711_1;A;0;620;0;1600;1820;1200
P187065711;P187065711_2;B;1600;1240;0;3200;2440;1200
P187065711;P187065711_3;C;1600;0;0;3200;1200;1200
P187065711;P187065711_4;D;3200;620;0;4800;1820;1200
P187065711;P187065711_5;E;4800;620;0;6400;1820;2355
P187065711;P187065711_6;F;6400;1240;0;8000;2440;2355
P187065711;P187065711_7;G;6400;0;0;8000;1200;2355
P187065711;P187065711_8;H;8000;1240;0;9600;2440;2355
P187065711;P187065711_9;I;8000;0;0;9600;1200;2355
P187065711;P187065711_10;J;9600;0;0;11200;1200;2355
P187065711;P187065711_11;K;9600;1240;0;11200;2440;2355
P187065711;P187065711_12;L;11200;1240;0;12800;2440;1200
P186065607;P186065607_1;A;0;620;0;1600;1820;1200
P186065607;P186065607_2;B;1600;620;0;3200;1820;1200
P186065607;P186065607_3;C;3200;620;0;4800;1820;1200
P186065607;P186065607_4;D;4800;620;0;6400;1820;2355
P186065607;P186065607_5;E;6400;1240;0;8000;2440;2355
P186065607;P186065607_6;F;6400;0;0;8000;1200;2355
P186065607;P186065607_7;G;8000;1240;0;9600;2440;2355
P186065607;P186065607_8;H;8000;0;0;9600;1200;2355
P186065607;P186065607_9;I;9600;0;0;11200;1200;2355
P186065607;P186065607_10;J;9600;1240;0;11200;2440;2355
P186065607;P186065607_11;K;11200;1240;0;12800;2440;2355
P186065711;P186065711_1;A;0;620;0;1600;1820;1200
P186065711;P186065711_2;B;1600;1240;0;3200;2440;1200
P186065711;P186065711_3;C;1600;20;0;3200;1220;1200
P186065711;P186065711_4;D;3200;620;0;4800;1820;1200
P186065711;P186065711_5;E;4800;620;0;6400;1820;2355
P186065711;P186065711_6;F;6400;1240;0;8000;2440;2355
P186065711;P186065711_7;G;6400;0;0;8000;1200;2355
P186065711;P186065711_8;H;8000;0;0;9600;1200;2355
P186065711;P186065711_9;I;8000;1240;0;9600;2440;2355
P186065711;P186065711_10;J;9600;1240;0;11200;2440;2355
P186065711;P186065711_11;K;9600;0;0;11200;1200;2355
P186065711;P186065711_12;L;11200;0;0;12800;1200;1200
P186065705;P186065705_1;A;0;620;0;1600;1820;1200
P186065705;P186065705_2;B;1600;620;0;3200;1820;1200
P186065705;P186065705_3;C;3200;1240;0;4800;2440;1200
P186065705;P186065705_4;D;3200;20;0;4800;1220;1200
P186065705;P186065705_5;E;4800;0;0;6400;1200;2355
P186065705;P186065705_6;F;4800;1200;0;6400;2400;2355
P186065705;P186065705_7;G;6400;1240;0;8000;2440;2355
P186065705;P186065705_8;H;6400;0;0;8000;1200;2355
P186065705;P186065705_9;I;8000;1240;0;9600;2440;1200
P186065705;P186065705_10;J;8000;0;0;9600;1200;1200
P186065705;P186065705_11;K;9600;0;0;11200;1200;1200
P186065705;P186065705_12;L;9600;1240;0;11200;2440;1200
P186065705;P186065705_13;M;11200;1240;0;12800;2440;1200
P186065705;P186065705_14;N;11200;0;0;12800;1200;1200
P185065607;P185065607_1;A;0;620;0;1600;1820;1200
P185065607;P185065607_2;B;1600;620;0;3200;1820;1200
P185065607;P185065607_3;C;3200;620;0;4800;1820;1200
P185065607;P185065607_4;D;4800;620;0;6400;1820;2355
P185065607;P185065607_5;E;6400;1240;0;8000;2440;2355
P185065607;P185065607_6;F;6400;0;0;8000;1200;2355
P185065607;P185065607_7;G;8000;0;0;9600;1200;2355
P185065607;P185065607_8;H;8000;1240;0;9600;2440;2355
P185065607;P185065607_9;I;9600;1240;0;11200;2440;2355
P185065607;P185065607_10;J;9600;0;0;11200;1200;1200
P185065607;P185065607_11;K;11200;0;0;12800;1200;1200
P185065607;P185065607_12;L;11200;1240;0;12800;2440;1200
P185065711;P185065711_1;A;0;620;0;1600;1820;1200
P185065711;P185065711_2;B;1600;620;0;3200;1820;1200
P185065711;P185065711_3;C;3200;620;0;4800;1820;2355
P185065711;P185065711_4;D;4800;1240;0;6400;2440;2355
P185065711;P185065711_5;E;4800;20;0;6400;1220;2355
P185065711;P185065711_6;F;6400;1240;0;8000;2440;2355
P185065711;P185065711_7;G;6400;0;0;8000;1200;2355
P185065711;P185065711_8;H;8000;0;0;9600;1200;2355
P185065711;P185065711_9;I;8000;1240;0;9600;2440;1200
P185065711;P185065711_10;J;9600;1240;0;11200;2440;1200
P185065711;P185065711_11;K;9600;0;0;11200;1200;1200
P185065711;P185065711_12;L;11200;0;0;12800;1200;1200
P185065711;P185065711_13;M;11200;1240;0;12800;2440;1200
P184065607;P184065607_1;A;0;620;0;1600;1820;1200
P184065607;P184065607_2;B;1600;620;0;3200;1820;1200
P184065607;P184065607_3;C;3200;620;0;4800;1820;1200
P184065607;P184065607_4;D;4800;620;0;6400;1820;2355
P184065607;P184065607_5;E;6400;1240;0;8000;2440;2355
P184065607;P184065607_6;F;6400;0;0;8000;1200;2355
P184065607;P184065607_7;G;8000;0;0;9600;1200;2355
P184065607;P184065607_8;H;8000;1240;0;9600;2440;2355
P184065607;P184065607_9;I;9600;1240;0;11200;2440;2355
P184065607;P184065607_10;J;9600;0;0;11200;1200;1200
P184065607;P184065607_11;K;11200;0;0;12800;1200;1200
Q184065607_1;Q184065607_1_1;A;0;620;0;1600;1820;1200
Q184065607_1;Q184065607_1_2;B;1600;620;0;3200;1820;1200
Q184065607_1;Q184065607_1_3;C;3200;620;0;4800;1820;1200
Q184065607_1;Q184065607_1_4;D;4800;1240;0;6400;2440;1200
Q184065607_1;Q184065607_1_5;E;4800;0;0;6400;1200;1200
Q184065607_1;Q184065607_1_6;F;6400;1240;0;8000;2440;1200
Q184065607_1;Q184065607_1_7;G;6400;0;0;8000;1200;1200
Q184065607_1;Q184065607_1_8;H;8000;0;0;9600;1200;1200
Q184065607_1;Q184065607_1_9;I;8000;1240;0;9600;2440;1200
Q184065607_1;Q184065607_1_10;J;9600;1240;0;11200;2440;1200
Q184065607_1;Q184065607_1_11;K;9600;0;0;11200;1200;1200
P180068703;P180068703_1;A;0;0;0;5400;2100;2275
P180068703;P180068703_2;B;5400;0;0;10800;2100;2275
P179068713;P179068713_1;A;0;0;0;5400;2100;2275
P179068713;P179068713_2;B;5400;0;0;10800;2100;2275
P179068707;P179068707_1;A;0;0;0;5400;2100;2275
P179068707;P179068707_2;B;5400;0;0;10800;2100;2275
P178068711;P178068711_1;A;0;0;0;5400;2100;2275
P178068711;P178068711_2;B;5400;0;0;10800;2100;2275
P178068711;P178068711_3;C;10800;0;0;11800;1200;975
P178068711;P178068711_4;D;10800;1240;0;11800;2440;975
P178068711;P178068711_5;E;11800;1440;0;13000;2440;975
P178068711;P178068711_6;F;11800;0;0;12800;1200;975
P178068707;P178068707_1;A;0;0;0;5400;2100;2275
P178068707;P178068707_2;B;5400;0;0;10800;2100;2275
P178068703;P178068703_1;A;0;0;0;5400;2100;2275
P178068703;P178068703_2;B;5400;0;0;10800;2100;2275
P177068713;P177068713_1;A;0;0;0;5400;2100;2275
P177068713;P177068713_2;B;5400;0;0;10800;2100;2275
P177068705;P177068705_1;A;0;0;0;5400;2100;2275
P177068705;P177068705_2;B;5400;0;0;10800;2100;2275
P177068703;P177068703_1;A;0;0;0;5400;2100;2275
P177068703;P177068703_2;B;5400;0;0;10800;2100;2275
P177068701;P177068701_1;A;0;0;0;5400;2100;2275
P177068701;P177068701_2;B;5400;0;0;10800;2100;2275
P174068713;P174068713_1;A;0;0;0;5400;2100;2275
P174068713;P174068713_2;B;5400;0;0;10800;2100;2275
P174068709;P174068709_1;A;0;0;0;5400;2100;2275
P174068709;P174068709_2;B;5400;0;0;10800;2100;2275
P174068703;P174068703_1;A;0;0;0;5400;2100;2275
P174068703;P174068703_2;B;5400;0;0;10800;2100;2275
P173068711;P173068711_1;A;0;0;0;5400;2100;2275
P173068711;P173068711_2;B;5400;1240;0;6400;2440;975
P173068711;P173068711_3;C;5400;0;0;6400;1200;975
P173068711;P173068711_4;D;6400;0;0;7400;1200;975
P173068711;P173068711_5;E;6400;1240;0;7400;2440;975
P173068711;P173068711_6;F;7400;1240;0;8400;2440;975
P173068711;P173068711_7;G;7400;0;0;8400;1200;975
P173068711;P173068711_8;H;8400;0;0;9400;1200;975
P173068711;P173068711_9;I;8400;1240;0;9400;2440;975
P173068711;P173068711_10;J;9400;1240;0;10400;2440;975
P173068711;P173068711_11;K;9400;0;0;10400;1200;975
P173068711;P173068711_12;L;10400;0;0;11400;1200;975
P173068711;P173068711_13;M;10400;1240;0;11400;2440;975
P173068711;P173068711_14;N;11400;1234;0;12410;2440;285
P173068707;P173068707_1;A;0;0;0;5400;2100;2275
P173068707;P173068707_2;B;5400;0;0;10800;2100;2275
P172068703;P172068703_1;A;0;0;0;5400;2100;2275
P172068703;P172068703_2;B;5400;0;0;10800;2100;2275
P171068711;P171068711_1;A;0;0;0;5400;2100;2275
P171068711;P171068711_2;B;5400;0;0;10800;2100;2275
P171068711;P171068711_3;C;10800;0;0;11800;1200;975
P171068711;P171068711_4;D;10800;1240;0;11800;2440;975
P171068711;P171068711_5;E;11800;1440;0;13000;2440;975
Q171068711_1;Q171068711_1_1;A;0;0;0;5400;2100;2275
Q171068711_1;Q171068711_1_2;B;5400;0;0;10800;2100;1595
Q171068711_1;Q171068711_1_3;C;10800;0;0;11800;1200;975
P171068703;P171068703_1;A;0;0;0;5400;2100;2275
P171068703;P171068703_2;B;5400;0;0;10800;2100;2275
P170068713;P170068713_1;A;0;0;0;5400;2100;2275
P170068713;P170068713_2;B;5400;0;0;10800;2100;2275
P170068705;P170068705_1;A;0;0;0;5400;2100;2275
P170068705;P170068705_2;B;5400;0;0;10800;2100;1255
P180065607;P180065607_1;A;0;620;0;1600;1820;1200
P180065607;P180065607_2;B;1600;620;0;3200;1820;2355
P180065607;P180065607_3;C;3200;620;0;4800;1820;2355
P180065607;P180065607_4;D;4800;1240;0;6400;2440;1200
P180065607;P180065607_5;E;4800;0;0;6400;1200;1200
P180065607;P180065607_6;F;6400;1240;0;8000;2440;1200
P180065607;P180065607_7;G;6400;0;0;8000;1200;1200
P180065607;P180065607_8;H;8000;0;0;9600;1200;1200
P180065607;P180065607_9;I;8000;1240;0;9600;2440;1200
P180065607;P180065607_10;J;9600;1240;0;11200;2440;1200
P180065607;P180065607_11;K;9600;0;0;11200;1200;1200
P180065607;P180065607_12;L;11200;0;0;12800;1200;1200
P180065607;P180065607_13;M;11200;1240;0;12800;2440;1200
P180065711;P180065711_1;A;0;1240;0;1600;2440;1200
P180065711;P180065711_2;B;0;20;0;1600;1220;1200
P180065711;P180065711_3;C;1600;620;0;3200;1820;1200
P180065711;P180065711_4;D;3200;620;0;4800;1820;1200
P180065711;P180065711_5;E;4800;620;0;6400;1820;2355
P180065711;P180065711_6;F;6400;1240;0;8000;2440;2355
P180065711;P180065711_7;G;6400;0;0;8000;1200;2355
P180065711;P180065711_8;H;8000;0;0;9600;1200;2355
P180065711;P180065711_9;I;8000;1240;0;9600;2440;2355
P180065711;P180065711_10;J;9600;1240;0;11200;2440;2355
P180065711;P180065711_11;K;9600;0;0;11200;1200;2355
P180065711;P180065711_12;L;11200;0;0;12800;1200;1200
P179065607;P179065607_1;A;0;620;0;1600;1820;1200
P179065607;P179065607_2;B;1600;1240;0;3200;2440;1200
P179065607;P179065607_3;C;1600;0;0;3200;1200;1200
P179065607;P179065607_4;D;3200;620;0;4800;1820;2355
P179065607;P179065607_5;E;4800;1240;0;6400;2440;2355
P179065607;P179065607_6;F;4800;0;0;6400;1200;2355
P179065607;P179065607_7;G;6400;1240;0;8000;2440;2355
P179065607;P179065607_8;H;6400;0;0;8000;1200;2355
P179065607;P179065607_9;I;8000;0;0;9600;1200;1200
P179065607;P179065607_10;J;8000;1240;0;9600;2440;1200
P179065607;P179065607_11;K;9600;1240;0;11200;2440;1200
P179065607;P179065607_12;L;9600;0;0;11200;1200;1200
P179065607;P179065607_13;M;11200;0;0;12800;1200;1200
P179065607;P179065607_14;N;11200;1240;0;12800;2440;1200
P179065711;P179065711_1;A;0;1240;0;1600;2440;1200
P179065711;P179065711_2;B;0;0;0;1600;1200;1200
P179065711;P179065711_3;C;1600;620;0;3200;1820;1200
P179065711;P179065711_4;D;3200;620;0;4800;1820;1200
P179065711;P179065711_5;E;4800;620;0;6400;1820;2355
P179065711;P179065711_6;F;6400;1240;0;8000;2440;2355
P179065711;P179065711_7;G;6400;0;0;8000;1200;2355
P179065711;P179065711_8;H;8000;0;0;9600;1200;2355
P179065711;P179065711_9;I;8000;1240;0;9600;2440;2355
P179065711;P179065711_10;J;9600;1240;0;11200;2440;2355
P179065711;P179065711_11;K;9600;0;0;11200;1200;2355
P179065711;P179065711_12;L;11200;0;0;12800;1200;1200
P179065705;P179065705_1;A;0;620;0;1600;1820;1200
P179065705;P179065705_2;B;1600;1240;0;3200;2440;1200
P179065705;P179065705_3;C;1600;20;0;3200;1220;1200
P179065705;P179065705_4;D;3200;620;0;4800;1820;1200
P179065705;P179065705_5;E;4800;620;0;6400;1820;2355
P179065705;P179065705_6;F;6400;1240;0;8000;2440;2355
P179065705;P179065705_7;G;6400;0;0;8000;1200;2355
P179065705;P179065705_8;H;8000;1240;0;9600;2440;1200
P179065705;P179065705_9;I;8000;0;0;9600;1200;1200
P179065705;P179065705_10;J;9600;0;0;11200;1200;1200
P179065705;P179065705_11;K;9600;1240;0;11200;2440;1200
P179065705;P179065705_12;L;11200;1240;0;12800;2440;1200
P179065705;P179065705_13;M;11200;0;0;12800;1200;1200
P178065607;P178065607_1;A;0;620;0;1600;1820;1200
P178065607;P178065607_2;B;1600;620;0;3200;1820;1200
P178065607;P178065607_3;C;3200;620;0;4800;1820;2355
P178065607;P178065607_4;D;4800;620;0;6400;1820;2355
P178065607;P178065607_5;E;6400;1240;0;8000;2440;2355
P178065607;P178065607_6;F;6400;0;0;8000;1200;2355
P178065607;P178065607_7;G;8000;1240;0;9600;2440;2355
P178065607;P178065607_8;H;8000;0;0;9600;1200;2355
P178065607;P178065607_9;I;9600;0;0;11200;1200;1200
P178065607;P178065607_10;J;9600;1240;0;11200;2440;1200
P178065607;P178065607_11;K;11200;1240;0;12800;2440;1200
P178065607;P178065607_12;L;11200;0;0;12800;1200;1200
P178065711;P178065711_1;A;0;620;0;1600;1820;1200
P178065711;P178065711_2;B;1600;1240;0;3200;2440;1200
P178065711;P178065711_3;C;1600;0;0;3200;1200;1200
P178065711;P178065711_4;D;3200;620;0;4800;1820;1200
P178065711;P178065711_5;E;4800;620;0;6400;1820;2355
P178065711;P178065711_6;F;6400;1240;0;8000;2440;2355
P178065711;P178065711_7;G;6400;0;0;8000;1200;2355
P178065711;P178065711_8;H;8000;1240;0;9600;2440;2355
P178065711;P178065711_9;I;8000;0;0;9600;1200;2355
P178065711;P178065711_10;J;9600;0;0;11200;1200;2355
P178065711;P178065711_11;K;9600;1240;0;11200;2440;2355
P178065711;P178065711_12;L;11200;1240;0;12800;2440;1200
P177065607;P177065607_1;A;0;620;0;1600;1820;1200
P177065607;P177065607_2;B;1600;620;0;3200;1820;1200
P177065607;P177065607_3;C;3200;620;0;4800;1820;2355
P177065607;P177065607_4;D;4800;620;0;6400;1820;2355
P177065607;P177065607_5;E;6400;1240;0;8000;2440;2355
P177065607;P177065607_6;F;6400;0;0;8000;1200;2355
P177065607;P177065607_7;G;8000;1240;0;9600;2440;2355
P177065607;P177065607_8;H;8000;0;0;9600;1200;2355
P177065607;P177065607_9;I;9600;0;0;11200;1200;2355
P177065607;P177065607_10;J;9600;1240;0;11200;2440;2355
P177065607;P177065607_11;K;11200;1240;0;12800;2440;1200
P177065711;P177065711_1;A;0;620;0;1600;1820;1200
P177065711;P177065711_2;B;1600;1240;0;3200;2440;1200
P177065711;P177065711_3;C;1600;20;0;3200;1220;1200
P177065711;P177065711_4;D;3200;620;0;4800;1820;1200
P177065711;P177065711_5;E;4800;620;0;6400;1820;2355
P177065711;P177065711_6;F;6400;1240;0;8000;2440;2355
P177065711;P177065711_7;G;6400;0;0;8000;1200;2355
P177065711;P177065711_8;H;8000;0;0;9600;1200;2355
P177065711;P177065711_9;I;8000;1240;0;9600;2440;2355
P177065711;P177065711_10;J;9600;1240;0;11200;2440;2355
P177065711;P177065711_11;K;9600;0;0;11200;1200;2355
P177065711;P177065711_12;L;11200;0;0;12800;1200;1200
P177065701;P177065701_1;A;0;620;0;1600;1820;1200
P177065701;P177065701_2;B;1600;1240;0;3200;2440;2355
P177065701;P177065701_3;C;1600;20;0;3200;1220;2355
P177065701;P177065701_4;D;3200;620;0;4800;1820;1200
P177065701;P177065701_5;E;4800;1240;0;6400;2440;1200
P177065701;P177065701_6;F;4800;0;0;6400;1200;1200
P177065701;P177065701_7;G;6400;1240;0;8000;2440;1200
P177065701;P177065701_8;H;6400;0;0;8000;1200;1200
P177065701;P177065701_9;I;8000;0;0;9600;1200;1200
P177065701;P177065701_10;J;8000;1240;0;9600;2440;1200
P177065701;P177065701_11;K;9600;1240;0;11200;2440;1200
P177065701;P177065701_12;L;9600;0;0;11200;1200;1200
P177065701;P177065701_13;M;11200;0;0;12800;1200;1200
P177065701;P177065701_14;N;11200;1240;0;12800;2440;1200
P174065607;P174065607_1;A;0;620;0;1600;1820;1200
P174065607;P174065607_2;B;1600;1240;0;3200;2440;1200
P174065607;P174065607_3;C;1600;20;0;3200;1220;1200
P174065607;P174065607_4;D;3200;620;0;4800;1820;1200
P174065607;P174065607_5;E;4800;1240;0;6400;2440;2355
P174065607;P174065607_6;F;4800;20;0;6400;1220;2355
P174065607;P174065607_7;G;6400;0;0;8000;1200;2355
P174065607;P174065607_8;H;6400;1240;0;8000;2440;2355
P174065607;P174065607_9;I;8000;1240;0;9600;2440;1200
P174065607;P174065607_10;J;8000;0;0;9600;1200;1200
P174065607;P174065607_11;K;9600;0;0;11200;1200;1200
P174065607;P174065607_12;L;9600;1240;0;11200;2440;1200
P174065607;P174065607_13;M;11200;1240;0;12800;2440;1200
P174065607;P174065607_14;N;11200;0;0;12800;1200;1200
P174065711;P174065711_1;A;0;0;0;1600;1200;1200
P174065711;P174065711_2;B;0;1220;0;1600;2420;1200
P174065711;P174065711_3;C;1600;620;0;3200;1820;1200
P174065711;P174065711_4;D;3200;620;0;4800;1820;2355
P174065711;P174065711_5;E;4800;620;0;6400;1820;2355
P174065711;P174065711_6;F;6400;1240;0;8000;2440;2355
P174065711;P174065711_7;G;6400;0;0;8000;1200;2355
P174065711;P174065711_8;H;8000;1240;0;9600;2440;2355
P174065711;P174065711_9;I;8000;0;0;9600;1200;1200
P174065711;P174065711_10;J;9600;0;0;11200;1200;1200
P174065711;P174065711_11;K;9600;1240;0;11200;2440;1200
P174065711;P174065711_12;L;11200;1240;0;12800;2440;1200
P174065711;P174065711_13;M;11200;0;0;12800;1200;1200
P174065701;P174065701_1;A;0;620;0;1600;1820;1200
P174065701;P174065701_2;B;1600;1240;0;3200;2440;1200
P174065701;P174065701_3;C;1600;0;0;3200;1200;1200
P174065701;P174065701_4;D;3200;620;0;4800;1820;2355
P174065701;P174065701_5;E;4800;620;0;6400;1820;1200
P174065701;P174065701_6;F;6400;1240;0;8000;2440;1200
P174065701;P174065701_7;G;6400;0;0;8000;1200;1200
P174065701;P174065701_8;H;8000;1240;0;9600;2440;1200
P173065607;P173065607_1;A;0;620;0;1600;1820;1200
P173065607;P173065607_2;B;1600;620;0;3200;1820;1200
P173065607;P173065607_3;C;3200;1240;0;4800;2440;1200
P173065607;P173065607_4;D;3200;20;0;4800;1220;1200
P173065607;P173065607_5;E;4800;620;0;6400;1820;2355
P173065607;P173065607_6;F;6400;1240;0;8000;2440;2355
P173065607;P173065607_7;G;6400;0;0;8000;1200;2355
P173065607;P173065607_8;H;8000;1240;0;9600;2440;2355
P173065607;P173065607_9;I;8000;0;0;9600;1200;2355
P173065607;P173065607_10;J;9600;0;0;11200;1200;2355
P173065607;P173065607_11;K;9600;1240;0;11200;2440;2355
P173065607;P173065607_12;L;11200;0;0;12800;1200;1200
P173065711;P173065711_1;A;0;620;0;1600;1820;1200
P173065711;P173065711_2;B;1600;620;0;3200;1820;1200
P173065711;P173065711_3;C;3200;620;0;4800;1820;2355
P173065711;P173065711_4;D;4800;1240;0;6400;2440;2355
P173065711;P173065711_5;E;4800;20;0;6400;1220;2355
P173065711;P173065711_6;F;6400;0;0;8000;1200;2355
P173065711;P173065711_7;G;6400;1240;0;8000;2440;2355
P173065711;P173065711_8;H;8000;1240;0;9600;2440;1200
P173065711;P173065711_9;I;8000;0;0;9600;1200;1200
P173065711;P173065711_10;J;9600;0;0;11200;1200;1200
P173065711;P173065711_11;K;9600;1240;0;11200;2440;1200
P173065711;P173065711_12;L;11200;1240;0;12800;2440;1200
P173065711;P173065711_13;M;11200;0;0;12800;1200;1200
P172065607;P172065607_1;A;0;620;0;1600;1820;1200
P172065607;P172065607_2;B;1600;1240;0;3200;2440;1200
P172065607;P172065607_3;C;1600;20;0;3200;1220;1200
P172065607;P172065607_4;D;3200;620;0;4800;1820;2355
P172065607;P172065607_5;E;4800;620;0;6400;1820;2355
P172065607;P172065607_6;F;6400;1240;0;8000;2440;2355
P172065607;P172065607_7;G;6400;0;0;8000;1200;2355
P172065607;P172065607_8;H;8000;0;0;9600;1200;2355
P172065607;P172065607_9;I;8000;1240;0;9600;2440;2355
P172065607;P172065607_10;J;9600;1240;0;11200;2440;1200
P172065607;P172065607_11;K;9600;0;0;11200;1200;1200
P172065607;P172065607_12;L;11200;0;0;12800;1200;1200
P172065607;P172065607_13;M;11200;1240;0;12800;2440;1200
P172065711;P172065711_1;A;0;620;0;1600;1820;1200
P172065711;P172065711_2;B;1600;1240;0;3200;2440;1200
P172065711;P172065711_3;C;1600;20;0;3200;1220;1200
P172065711;P172065711_4;D;3200;620;0;4800;1820;1200
P172065711;P172065711_5;E;4800;620;0;6400;1820;2355
P172065711;P172065711_6;F;6400;1240;0;8000;2440;2355
P172065711;P172065711_7;G;6400;0;0;8000;1200;2355
P172065711;P172065711_8;H;8000;1240;0;9600;2440;2355
P172065711;P172065711_9;I;8000;0;0;9600;1200;1200
P172065711;P172065711_10;J;9600;0;0;11200;1200;1200
P172065711;P172065711_11;K;9600;1240;0;11200;2440;1200
P172065711;P172065711_12;L;11200;1240;0;12800;2440;1200
P172065711;P172065711_13;M;11200;0;0;12800;1200;1200
P172065705;P172065705_1;A;0;620;0;1600;1820;1200
P172065705;P172065705_2;B;1600;620;0;3200;1820;1200
P172065705;P172065705_3;C;3200;1240;0;4800;2440;1200
P172065705;P172065705_4;D;3200;20;0;4800;1220;1200
P172065705;P172065705_5;E;4800;620;0;6400;1820;2355
P172065705;P172065705_6;F;6400;1240;0;8000;2440;2355
P172065705;P172065705_7;G;6400;0;0;8000;1200;2355
P172065705;P172065705_8;H;8000;1240;0;9600;2440;2355
P172065705;P172065705_9;I;8000;0;0;9600;1200;1200
P172065705;P172065705_10;J;9600;0;0;11200;1200;1200
P172065705;P172065705_11;K;9600;1240;0;11200;2440;1200
P172065705;P172065705_12;L;11200;1240;0;12800;2440;1200
P172065705;P172065705_13;M;11200;0;0;12800;1200;1200
P171065607;P171065607_1;A;0;620;0;1600;1820;1200
P171065607;P171065607_2;B;1600;620;0;3200;1820;2355
P171065607;P171065607_3;C;3200;620;0;4800;1820;2355
P171065607;P171065607_4;D;4800;1240;0;6400;2440;2355
P171065607;P171065607_5;E;4800;0;0;6400;1200;2355
P171065607;P171065607_6;F;6400;1240;0;8000;2440;2355
P171065607;P171065607_7;G;6400;0;0;8000;1200;1200
P171065607;P171065607_8;H;8000;0;0;9600;1200;1200
P171065607;P171065607_9;I;8000;1240;0;9600;2440;1200
P171065607;P171065607_10;J;9600;1240;0;11200;2440;1200
P171065607;P171065607_11;K;9600;0;0;11200;1200;1200
P171065607;P171065607_12;L;11200;0;0;12800;1200;1200
P171065607;P171065607_13;M;11200;1240;0;12800;2440;1200
P171065711;P171065711_1;A;0;620;0;1600;1820;1200
P171065711;P171065711_2;B;1600;1240;0;3200;2440;1200
P171065711;P171065711_3;C;1600;0;0;3200;1200;1200
P171065711;P171065711_4;D;3200;620;0;4800;1820;2355
P171065711;P171065711_5;E;4800;620;0;6400;1820;2355
P171065711;P171065711_6;F;6400;1240;0;8000;2440;2355
P171065711;P171065711_7;G;6400;0;0;8000;1200;2355
P171065711;P171065711_8;H;8000;1240;0;9600;2440;2355
P171065711;P171065711_9;I;8000;0;0;9600;1200;1200
P171065711;P171065711_10;J;9600;0;0;11200;1200;1200
P171065711;P171065711_11;K;9600;1240;0;11200;2440;1200
P171065711;P171065711_12;L;11200;1240;0;12800;2440;1200
P171065711;P171065711_13;M;11200;0;0;12800;1200;1200
P170065607;P170065607_1;A;0;620;0;1600;1820;1200
P170065607;P170065607_2;B;1600;620;0;3200;1820;1200
P170065607;P170065607_3;C;3200;620;0;4800;1820;2355
P170065607;P170065607_4;D;4800;1240;0;6400;2440;2355
P170065607;P170065607_5;E;4800;20;0;6400;1220;2355
P170065607;P170065607_6;F;6400;0;0;8000;1200;2355
P170065607;P170065607_7;G;6400;1240;0;8000;2440;2355
P170065607;P170065607_8;H;8000;1240;0;9600;2440;2355
P170065607;P170065607_9;I;8000;0;0;9600;1200;1200
P170065607;P170065607_10;J;9600;0;0;11200;1200;1200
P170065607;P170065607_11;K;9600;1240;0;11200;2440;1200
P170065607;P170065607_12;L;11200;1240;0;12800;2440;1200
P170065607;P170065607_13;M;11200;0;0;12800;1200;1200
Q170065607_1;Q170065607_1_1;A;0;620;0;1600;1820;1200
Q170065607_1;Q170065607_1_2;B;1600;1240;0;3200;2440;1200
Q170065607_1;Q170065607_1_3;C;1600;20;0;3200;1220;1200
Q170065607_1;Q170065607_1_4;D;3200;620;0;4800;1820;1200
Q170065607_1;Q170065607_1_5;E;4800;1240;0;6400;2440;1200
Q170065607_1;Q170065607_1_6;F;4800;0;0;6400;1200;1200
Q170065607_1;Q170065607_1_7;G;6400;0;0;8000;1200;1200
Q170065607_1;Q170065607_1_8;H;6400;1240;0;8000;2440;1200
Q170065607_1;Q170065607_1_9;I;8000;1240;0;9600;2440;1200
Q170065607_1;Q170065607_1_10;J;8000;0;0;9600;1200;1200
Q170065607_1;Q170065607_1_11;K;9600;0;0;11200;1200;1200
Q170065607_1;Q170065607_1_12;L;9600;1240;0;11200;2440;1200
Q170065607_1;Q170065607_1_13;M;11200;1240;0;12800;2440;1200
P240355301;P240355301_1;A;0;0;0;1000;1200;2700
P240355301;P240355301_2;B;0;1220;0;1000;2420;2700
P240355301;P240355301_3;C;1000;620;0;2000;1820;2700
P240355301;P240355301_4;D;2000;1240;0;3000;2440;2700
P240355301;P240355301_5;E;2000;20;0;3000;1220;2700
P240355301;P240355301_6;F;3000;1240;0;4000;2440;2700
P240355301;P240355301_7;G;3000;0;0;4000;1200;2700
P240355301;P240355301_8;H;4000;0;0;5000;1200;2700
P240355301;P240355301_9;I;4000;1240;0;5000;2440;2700
P240355301;P240355301_10;J;5000;1240;0;6000;2440;2700
P240355301;P240355301_11;K;5000;0;0;6000;1200;2700
P240355301;P240355301_12;L;6000;0;0;7000;1200;2700
P240355301;P240355301_13;M;6000;1240;0;7000;2440;2700
P240355301;P240355301_14;N;7000;1240;0;8000;2440;2700
P240355301;P240355301_15;O;7000;0;0;8000;1200;2700
P240355301;P240355301_16;P;8000;0;0;9000;1200;2700
P240355301;P240355301_17;Q;8000;1240;0;9000;2440;2700
P240355301;P240355301_18;R;9000;1240;0;10000;2440;2700
P240355301;P240355301_19;S;9000;0;0;10000;1200;2700
P240355301;P240355301_20;T;10000;0;0;10570;780;1340
P240355301;P240355301_21;U;10000;1240;0;11000;2440;2700
P240355301;P240355301_22;V;10570;0;0;11570;1200;2700
P240355301;P240355301_23;W;11000;1240;0;12000;2440;1905
P240355301;P240355301_24;X;11570;0;0;12570;1200;1905
P240355301;P240355301_25;Y;12000;1240;0;13000;2440;975
P240355301;P240355301_26;Z;12570;0;0;13140;780;478
P209355303;P209355303_1;A;0;0;0;570;780;909
P209355303;P209355303_2;B;0;1010;0;1000;2210;930
P209355303;P209355303_3;C;570;5;0;1770;1005;930
P209355303;P209355303_4;D;1000;1122;0;2000;2322;930
P209355303;P209355303_5;E;1770;0;0;2970;1000;2700
P209355303;P209355303_6;F;2000;1120;0;3000;2320;2700
P209355303;P209355303_7;G;2970;0;0;4170;1000;2700
P209355303;P209355303_8;H;3000;1240;0;4000;2440;2700
P209355303;P209355303_9;I;4000;1120;0;5000;2320;2700
P209355303;P209355303_10;J;4170;60;0;5370;1060;2700
P209355303;P209355303_11;K;5000;1240;0;6000;2440;2700
P209355303;P209355303_12;L;5370;0;0;6370;1200;2700
P209355303;P209355303_13;M;6000;1240;0;7000;2440;2700
P209355303;P209355303_14;N;6370;0;0;6940;780;909
P209355303;P209355303_15;O;6940;0;0;7940;1200;1905
P209355303;P209355303_16;P;7000;1240;0;8000;2440;2700
P209355303;P209355303_17;Q;7940;0;0;8940;1200;930
P209355303;P209355303_18;R;8000;1240;0;11000;2440;2455
P209355303;P209355303_19;S;8940;0;0;11940;1200;2455
P209355303;P209355303_20;T;11000;1240;0;12500;2440;2455
P209355303;P209355303_21;U;11940;0;0;13440;1200;1250
P208355305;P208355305_1;A;0;0;0;1000;1200;2835
P208355305;P208355305_2;B;0;1240;0;1000;2440;2835
P208355305;P208355305_3;C;1000;1240;0;2000;2440;2835
P208355305;P208355305_4;D;1000;0;0;2000;1200;2835
P208355305;P208355305_5;E;2000;0;0;3000;1200;2835
P208355305;P208355305_6;F;2000;1240;0;3000;2440;2835
P208355305;P208355305_7;G;3000;1240;0;4000;2440;2835
P208355305;P208355305_8;H;3000;0;0;4000;1200;2835
P208355305;P208355305_9;I;4000;0;0;5000;1200;2835
P208355305;P208355305_10;J;4000;1240;0;5000;2440;2835
P208355305;P208355305_11;K;5000;1240;0;6000;2440;975
P208355305;P208355305_12;L;5000;0;0;5570;780;1340
P208355305;P208355305_13;M;5570;0;0;6570;1200;1860
P208355305;P208355305_14;N;6000;1240;0;7000;2440;2700
P208355305;P208355305_15;O;6570;0;0;7570;1200;2700
P208355305;P208355305_16;P;7000;1240;0;8000;2440;2700
P208355305;P208355305_17;Q;7570;0;0;8570;1200;2700
P208355305;P208355305_18;R;8000;1240;0;9000;2440;2700
P208355305;P208355305_19;S;8570;0;0;9140;780;909
P208355305;P208355305_20;T;9000;1240;0;10000;2440;1905
P208355305;P208355305_21;U;9140;0;0;10150;1206;2170
P208355305;P208355305_22;V;10000;1234;0;11010;2440;2170
P208355305;P208355305_23;W;10150;0;0;11160;1206;2170
P208355305;P208355305_24;X;11010;1234;0;12020;2440;2170
P208355305;P208355305_25;Y;11160;0;0;12170;1206;2170
P208355305;P208355305_26;Z;12020;1234;0;13030;2440;2170
P208355305;P208355305_27;AA;12170;0;0;13170;1200;2835
P207355301;P207355301_1;A;0;620;0;1000;1820;2700
P207355301;P207355301_2;B;1000;1240;0;2000;2440;2700
P207355301;P207355301_3;C;1000;0;0;2000;1200;2700
P207355301;P207355301_4;D;2000;620;0;3000;1820;2700
P207355301;P207355301_5;E;3000;1240;0;4000;2440;2700
P207355301;P207355301_6;F;3000;0;0;4000;1200;2700
P207355301;P207355301_7;G;4000;0;0;5000;1200;2700
P207355301;P207355301_8;H;4000;1240;0;5000;2440;2700
P207355301;P207355301_9;I;5000;1240;0;6000;2440;2700
P207355301;P207355301_10;J;5000;0;0;6000;1200;2700
P207355301;P207355301_11;K;6000;0;0;7000;1200;2700
P207355301;P207355301_12;L;6000;1240;0;7000;2440;2700
P207355301;P207355301_13;M;7000;1240;0;8000;2440;2700
P207355301;P207355301_14;N;7000;0;0;8000;1200;2700
P207355301;P207355301_15;O;8000;0;0;9000;1200;2700
P207355301;P207355301_16;P;8000;1240;0;9000;2440;2700
P207355301;P207355301_17;Q;9000;1240;0;10000;2440;1905
P207355301;P207355301_18;R;9000;0;0;10000;1200;2700
P207355301;P207355301_19;S;10000;0;0;11000;1200;2700
P207355301;P207355301_20;T;10000;1240;0;11000;2440;2700
P207355301;P207355301_21;U;11000;1240;0;12000;2440;2700
P207355301;P207355301_22;V;11000;0;0;12000;1200;2700
P207355301;P207355301_23;W;12000;0;0;13200;1000;2700
P207355301;P207355301_24;X;12000;1240;0;13000;2440;2700
P206355303;P206355303_1;A;0;830;0;570;1610;1340
P206355303;P206355303_2;B;570;620;0;1570;1820;1815
P206355303;P206355303_3;C;1570;620;0;2570;1820;2700
P206355303;P206355303_4;D;2570;830;0;3140;1610;1340
P206355303;P206355303_5;E;3140;1240;0;4140;2440;2700
P206355303;P206355303_6;F;3140;20;0;4140;1220;2700
P206355303;P206355303_7;G;4140;0;0;5140;1200;2700
P206355303;P206355303_8;H;4140;1240;0;5140;2440;2700
P206355303;P206355303_9;I;5140;1660;0;5710;2440;1340
P206355303;P206355303_10;J;5140;0;0;6140;1200;1905
P206355303;P206355303_11;K;5710;1240;0;6710;2440;2700
P206355303;P206355303_12;L;6140;0;0;7140;1200;1905
P206355303;P206355303_13;M;6710;1660;0;7280;2440;478
P206355303;P206355303_14;N;7140;0;0;10140;1200;2455
P206355303;P206355303_15;O;7280;1240;0;10280;2440;2455
P206355303;P206355303_16;P;10140;0;0;13140;1200;2455
P206355303;P206355303_17;Q;10280;1240;0;13280;2440;2455
Q206355303_1;Q206355303_1_1;A;0;620;0;1000;1820;930
Q206355303_1;Q206355303_1_2;B;1000;1240;0;2000;2440;2700
Q206355303_1;Q206355303_1_3;C;1000;20;0;2000;1220;2700
Q206355303_1;Q206355303_1_4;D;2000;620;0;3000;1820;2700
Q206355303_1;Q206355303_1_5;E;3000;1240;0;4000;2440;2700
Q206355303_1;Q206355303_1_6;F;3000;0;0;4000;1200;1860
Q206355303_1;Q206355303_1_7;G;4000;1240;0;5000;2440;2700
Q206355303_1;Q206355303_1_8;H;4000;0;0;5000;1200;2700
Q206355303_1;Q206355303_1_9;I;5000;0;0;6000;1200;2700
Q206355303_1;Q206355303_1_10;J;5000;1240;0;6000;2440;2700
Q206355303_1;Q206355303_1_11;K;6000;1240;0;7000;2440;2700
Q206355303_1;Q206355303_1_12;L;6000;0;0;7000;1200;2700
Q206355303_1;Q206355303_1_13;M;7000;0;0;8000;1200;2700
Q206355303_1;Q206355303_1_14;N;7000;1240;0;8000;2440;2700
Q206355303_1;Q206355303_1_15;O;8000;1240;0;9000;2440;2700
Q206355303_1;Q206355303_1_16;P;8000;0;0;9000;1200;2700
Q206355303_1;Q206355303_1_17;Q;9000;0;0;12000;1200;2455
Q206355303_1;Q206355303_1_18;R;9000;1240;0;12000;2440;2455
Q206355303_1;Q206355303_1_19;S;12000;1240;0;13500;2440;2455
Q206355303_1;Q206355303_1_20;T;12000;0;0;13500;1200;2455
P205355301;P205355301_1;A;0;620;0;1000;1820;2700
P205355301;P205355301_2;B;1000;1240;0;2000;2440;2700
P205355301;P205355301_3;C;1000;20;0;2000;1220;2700
P205355301;P205355301_4;D;2000;1240;0;3000;2440;2700
P205355301;P205355301_5;E;2000;0;0;3000;1200;2700
P205355301;P205355301_6;F;3000;0;0;4000;1200;2700
P205355301;P205355301_7;G;3000;1240;0;4000;2440;2700
P205355301;P205355301_8;H;4000;1240;0;5000;2440;2700
P205355301;P205355301_9;I;4000;0;0;5000;1200;2700
P205355301;P205355301_10;J;5000;0;0;6000;1200;2700
P205355301;P205355301_11;K;5000;1240;0;6000;2440;2700
P205355301;P205355301_12;L;6000;1240;0;7000;2440;2700
P205355301;P205355301_13;M;6000;0;0;7000;1200;2700
P205355301;P205355301_14;N;7000;0;0;8000;1200;2700
P205355301;P205355301_15;O;7000;1240;0;8000;2440;2700
P205355301;P205355301_16;P;8000;1240;0;9000;2440;2700
P205355301;P205355301_17;Q;8000;0;0;9000;1200;2700
P205355301;P205355301_18;R;9000;0;0;10000;1200;2700
P205355301;P205355301_19;S;9000;1240;0;10000;2440;2700
P205355301;P205355301_20;T;10000;1240;0;11000;2440;2700
P205355301;P205355301_21;U;10000;0;0;11000;1200;2700
P205355301;P205355301_22;V;11000;0;0;12000;1200;1815
P205355301;P205355301_23;W;11000;1240;0;12000;2440;1905
P205355301;P205355301_24;X;12000;1440;0;13200;2440;1905
P205355301;P205355301_25;Y;12000;0;0;13000;1200;975
P202355303;P202355303_1;A;0;830;0;570;1610;1340
P202355303;P202355303_2;B;570;830;0;1140;1610;1340
P202355303;P202355303_3;C;1140;1610;0;1710;2390;1340
P202355303;P202355303_4;D;1140;205;0;2140;1405;2700
P202355303;P202355303_5;E;1710;1660;0;2280;2440;909
P202355303;P202355303_6;F;2140;0;0;3140;1200;2700
P202355303;P202355303_7;G;2280;1220;0;3280;2420;2700
P202355303;P202355303_8;H;3140;0;0;4140;1200;1905
P202355303;P202355303_9;I;3280;1240;0;4280;2440;1860
P202355303;P202355303_10;J;4140;0;0;5140;1200;2700
P202355303;P202355303_11;K;4280;1240;0;5780;2440;2455
P202355303;P202355303_12;L;5140;0;0;8140;1200;2455
P202355303;P202355303_13;M;5780;1240;0;8780;2440;2455
P202355303;P202355303_14;N;8140;0;0;11140;1200;2455
P202355303;P202355303_15;O;8780;1240;0;11780;2440;2455
P202355303;P202355303_16;P;11140;0;0;12640;1200;2455
P202355303;P202355303_17;Q;11780;1240;0;13280;2440;1250
P201355305;P201355305_1;A;0;1240;0;1000;2440;2835
P201355305;P201355305_2;B;0;0;0;1000;1200;2835
P201355305;P201355305_3;C;1000;0;0;2000;1200;2835
P201355305;P201355305_4;D;1000;1240;0;2000;2440;2835
P201355305;P201355305_5;E;2000;1240;0;3000;2440;2835
P201355305;P201355305_6;F;2000;0;0;3000;1200;2835
P201355305;P201355305_7;G;3000;0;0;4000;1200;2835
P201355305;P201355305_8;H;3000;1240;0;4000;2440;2835
P201355305;P201355305_9;I;4000;1240;0;5000;2440;2835
P201355305;P201355305_10;J;4000;0;0;5000;1200;2835
P201355305;P201355305_11;K;5000;0;0;6000;1200;2835
P201355305;P201355305_12;L;5000;1240;0;6000;2440;2700
P201355305;P201355305_13;M;6000;1240;0;7000;2440;2700
P201355305;P201355305_14;N;6000;0;0;7000;1200;2700
P201355305;P201355305_15;O;7000;0;0;8000;1200;2700
P201355305;P201355305_16;P;7000;1660;0;7570;2440;1340
P201355305;P201355305_17;Q;7570;1234;0;8580;2440;2170
P201355305;P201355305_18;R;8000;0;0;9010;1206;2170
P201355305;P201355305_19;S;8580;1234;0;9590;2440;2170
P201355305;P201355305_20;T;9010;0;0;10020;1206;2170
P201355305;P201355305_21;U;9590;1234;0;10600;2440;2170
P201355305;P201355305_22;V;10020;0;0;11030;1206;2170
P201355305;P201355305_23;W;10600;1234;0;11610;2440;1085
P201355305;P201355305_24;X;11030;0;0;12030;1200;2835
P201355305;P201355305_25;Y;11610;1240;0;12610;2440;975
P201355301;P201355301_1;A;0;620;0;1000;1820;2700
P201355301;P201355301_2;B;1000;1240;0;2000;2440;2700
P201355301;P201355301_3;C;1000;0;0;2000;1200;2700
P201355301;P201355301_4;D;2000;0;0;3000;1200;2700
P201355301;P201355301_5;E;2000;1220;0;3000;2420;2700
P201355301;P201355301_6;F;3000;1240;0;4000;2440;2700
P201355301;P201355301_7;G;3000;0;0;4000;1200;2700
P201355301;P201355301_8;H;4000;0;0;5000;1200;2700
P201355301;P201355301_9;I;4000;1240;0;5000;2440;2700
P201355301;P201355301_10;J;5000;1240;0;6000;2440;2700
P201355301;P201355301_11;K;5000;0;0;6000;1200;2700
P201355301;P201355301_12;L;6000;0;0;7000;1200;2700
P201355301;P201355301_13;M;6000;1240;0;7000;2440;2700
P201355301;P201355301_14;N;7000;1240;0;8000;2440;2700
P201355301;P201355301_15;O;7000;0;0;8000;1200;1860
P201355301;P201355301_16;P;8000;0;0;8570;780;1340
P201355301;P201355301_17;Q;8000;1240;0;9000;2440;2700
P201355301;P201355301_18;R;8570;0;0;9570;1200;2700
P201355301;P201355301_19;S;9000;1240;0;10000;2440;2700
P201355301;P201355301_20;T;9570;0;0;10570;1200;2700
P201355301;P201355301_21;U;10000;1240;0;11000;2440;2700
P201355301;P201355301_22;V;10570;0;0;11570;1200;2700
P201355301;P201355301_23;W;11000;1240;0;12000;2440;1905
P201355301;P201355301_24;X;11570;0;0;12570;1200;2700
P201355301;P201355301_25;Y;12000;1240;0;13000;2440;2700
P200355301;P200355301_1;A;0;0;0;1000;1200;2700
P200355301;P200355301_2;B;0;1220;0;1000;2420;2700
P200355301;P200355301_3;C;1000;1240;0;2000;2440;2700
P200355301;P200355301_4;D;1000;0;0;2000;1200;2700
P200355301;P200355301_5;E;2000;620;0;3000;1820;2700
P200355301;P200355301_6;F;3000;1240;0;4000;2440;2700
P200355301;P200355301_7;G;3000;0;0;4000;1200;2700
P200355301;P200355301_8;H;4000;0;0;5000;1200;2700
P200355301;P200355301_9;I;4000;1240;0;5000;2440;2700
P200355301;P200355301_10;J;5000;1240;0;6000;2440;2700
P200355301;P200355301_11;K;5000;0;0;6000;1200;2700
P200355301;P200355301_12;L;6000;0;0;7000;1200;2700
P200355301;P200355301_13;M;6000;1240;0;7000;2440;2700
P200355301;P200355301_14;N;7000;1240;0;8000;2440;2700
P200355301;P200355301_15;O;7000;0;0;8000;1200;2700
P200355301;P200355301_16;P;8000;0;0;9000;1200;2700
P200355301;P200355301_17;Q;8000;1240;0;9000;2440;2700
P200355301;P200355301_18;R;9000;1240;0;10000;2440;2700
P200355301;P200355301_19;S;9000;0;0;10000;1200;2700
P200355301;P200355301_20;T;10000;0;0;11000;1200;2700
P200355301;P200355301_21;U;10000;1240;0;11000;2440;2700
P200355301;P200355301_22;V;11000;1240;0;12000;2440;2700
P200355301;P200355301_23;W;11000;0;0;12000;1200;2700
P200355301;P200355301_24;X;12000;0;0;13200;1000;2700
P200355301;P200355301_25;Y;12000;1240;0;13000;2440;1905
P199355303;P199355303_1;A;0;620;0;1000;1820;2700
P199355303;P199355303_2;B;1000;1240;0;2000;2440;2700
P199355303;P199355303_3;C;1000;0;0;2000;1200;1905
P199355303;P199355303_4;D;2000;830;0;2570;1610;1340
P199355303;P199355303_5;E;2570;1240;0;3570;2440;1905
P199355303;P199355303_6;F;2570;460;0;3140;1240;1340
P199355303;P199355303_7;G;3140;0;0;4140;1200;1905
P199355303;P199355303_8;H;3570;1660;0;4140;2440;1340
P199355303;P199355303_9;I;4140;1240;0;7140;2440;2455
P199355303;P199355303_10;J;4140;0;0;7140;1200;2455
P199355303;P199355303_11;K;7140;0;0;10140;1200;2455
P199355303;P199355303_12;L;7140;1240;0;10140;2440;2455
P199355303;P199355303_13;M;10140;1240;0;13140;2440;2455
P199355303;P199355303_14;N;10140;0;0;13140;1200;2455
P198355301;P198355301_1;A;0;620;0;1000;1820;2700
P198355301;P198355301_2;B;1000;1240;0;2000;2440;2700
P198355301;P198355301_3;C;1000;20;0;2000;1220;2700
P198355301;P198355301_4;D;2000;0;0;3000;1200;2700
P198355301;P198355301_5;E;2000;1200;0;3000;2400;2700
P198355301;P198355301_6;F;3000;620;0;4000;1820;2700
P198355301;P198355301_7;G;4000;1240;0;5000;2440;2700
P198355301;P198355301_8;H;4000;0;0;5000;1200;2700
P198355301;P198355301_9;I;5000;0;0;6000;1200;2700
P198355301;P198355301_10;J;5000;1200;0;6000;2400;2700
P198355301;P198355301_11;K;6000;1240;0;7000;2440;2700
P198355301;P198355301_12;L;6000;0;0;7000;1200;2700
P198355301;P198355301_13;M;7000;0;0;8000;1200;2700
P198355301;P198355301_14;N;7000;1240;0;8000;2440;1905
P198355301;P198355301_15;O;8000;1240;0;9000;2440;1905
P198355301;P198355301_16;P;8000;0;0;9000;1200;1860
P198355301;P198355301_17;Q;9000;0;0;10000;1200;2700
P198355301;P198355301_18;R;9000;1240;0;10000;2440;2700
P198355301;P198355301_19;S;10000;1240;0;11000;2440;2700
P198355301;P198355301_20;T;10000;0;0;11000;1200;2700
P198355301;P198355301_21;U;11000;0;0;12000;1200;2700
P198355301;P198355301_22;V;11000;1240;0;12000;2440;2700
P198355301;P198355301_23;W;12000;1440;0;13200;2440;2700
P198355301;P198355301_24;X;12000;0;0;13000;1200;2700
P194355301;P194355301_1;A;0;830;0;570;1610;1340
P194355301;P194355301_2;B;570;830;0;1140;1610;909
P194355301;P194355301_3;C;1140;1240;0;2140;2440;2700
P194355301;P194355301_4;D;1140;0;0;2140;1200;2700
P194355301;P194355301_5;E;2140;0;0;3140;1200;2700
P194355301;P194355301_6;F;2140;1240;0;3140;2440;2700
P194355301;P194355301_7;G;3140;1240;0;4140;2440;2700
P194355301;P194355301_8;H;3140;0;0;4140;1200;2700
P194355301;P194355301_9;I;4140;0;0;5140;1200;2700
P194355301;P194355301_10;J;4140;1240;0;5140;2440;2700
P194355301;P194355301_11;K;5140;1240;0;6140;2440;2700
P194355301;P194355301_12;L;5140;0;0;6140;1200;2700
P194355301;P194355301_13;M;6140;0;0;7140;1200;2700
P194355301;P194355301_14;N;6140;1240;0;7140;2440;2700
P194355301;P194355301_15;O;7140;1240;0;8140;2440;2700
P194355301;P194355301_16;P;7140;0;0;8140;1200;2700
P194355301;P194355301_17;Q;8140;0;0;9140;1200;2700
P194355301;P194355301_18;R;8140;1240;0;9140;2440;2700
P194355301;P194355301_19;S;9140;1240;0;10140;2440;2700
P194355301;P194355301_20;T;9140;0;0;10140;1200;2700
P194355301;P194355301_21;U;10140;0;0;11140;1200;2700
P194355301;P194355301_22;V;10140;1240;0;11140;2440;2700
P194355301;P194355301_23;W;11140;1240;0;12140;2440;2700
P194355301;P194355301_24;X;11140;0;0;12140;1200;2700
P194355301;P194355301_25;Y;12140;0;0;13340;1000;2700
P194355301;P194355301_26;Z;12140;1440;0;13340;2440;2700
P193355301;P193355301_1;A;0;620;0;1000;1820;930
P193355301;P193355301_2;B;1000;620;0;2000;1820;2700
P193355301;P193355301_3;C;2000;1240;0;3000;2440;2700
P193355301;P193355301_4;D;2000;20;0;3000;1220;2700
P193355301;P193355301_5;E;3000;0;0;4000;1200;2700
P193355301;P193355301_6;F;3000;1220;0;4000;2420;1905
P193355301;P193355301_7;G;4000;1240;0;5000;2440;1860
P193355301;P193355301_8;H;4000;230;0;4570;1010;1340
P193355301;P193355301_9;I;4570;0;0;5570;1200;2700
P193355301;P193355301_10;J;5000;1220;0;6000;2420;1905
P193355301;P193355301_11;K;5570;0;0;6570;1200;1905
P193355301;P193355301_12;L;6000;1240;0;7000;2440;1860
P193355301;P193355301_13;M;6570;0;0;7570;1200;2700
P193355301;P193355301_14;N;7000;1240;0;8000;2440;2700
P193355301;P193355301_15;O;7570;0;0;8570;1200;2700
P193355301;P193355301_16;P;8000;1240;0;9000;2440;2700
P193355301;P193355301_17;Q;8570;0;0;9570;1200;2700
P193355301;P193355301_18;R;9000;1240;0;10000;2440;2700
P193355301;P193355301_19;S;9570;0;0;10570;1200;2700
P193355301;P193355301_20;T;10000;1240;0;11000;2440;2700
P193355301;P193355301_21;U;10570;0;0;11570;1200;2700
P193355301;P193355301_22;V;11000;1240;0;12000;2440;2700
P193355301;P193355301_23;W;11570;0;0;12570;1200;2700
P193355301;P193355301_24;X;12000;1240;0;13000;2440;2700
P193355301;P193355301_25;Y;12570;0;0;13140;780;1340
P192355303;P192355303_1;A;0;0;0;1000;1200;1815
P192355303;P192355303_2;B;0;1240;0;1000;2440;2700
P192355303;P192355303_3;C;1000;1240;0;2000;2440;2700
P192355303;P192355303_4;D;1000;20;0;2000;1220;2700
P192355303;P192355303_5;E;2000;0;0;3000;1200;2700
P192355303;P192355303_6;F;2000;1220;0;3000;2420;2700
P192355303;P192355303_7;G;3000;620;0;4000;1820;2700
P192355303;P192355303_8;H;4000;1240;0;5000;2440;2700
P192355303;P192355303_9;I;4000;0;0;5000;1200;2700
P192355303;P192355303_10;J;5000;1240;0;6000;2440;2700
P192355303;P192355303_11;K;5000;0;0;5570;780;1340
P192355303;P192355303_12;L;5570;0;0;8570;1200;2455
P192355303;P192355303_13;M;6000;1240;0;7500;2440;2455
P192355303;P192355303_14;N;7500;1240;0;9000;2440;2455
P192355303;P192355303_15;O;8570;0;0;10070;1200;2455
P192355303;P192355303_16;P;9000;1240;0;12000;2440;2455
P192355303;P192355303_17;Q;10070;0;0;13070;1200;2455
P192355303;P192355303_18;R;12000;1240;0;13500;2440;2455
Q192355303_1;Q192355303_1_1;A;0;620;0;1000;1820;1815
Q192355303_1;Q192355303_1_2;B;1000;620;0;2000;1820;2700
Q192355303_1;Q192355303_1_3;C;2000;1660;0;2570;2440;478
Q192355303_1;Q192355303_1_4;D;2000;0;0;3000;1200;2700
Q192355303_1;Q192355303_1_5;E;2570;1240;0;3570;2440;2700
Q192355303_1;Q192355303_1_6;F;3000;0;0;4000;1200;2700
Q192355303_1;Q192355303_1_7;G;3570;1220;0;4570;2420;2700
Q192355303_1;Q192355303_1_8;H;4000;0;0;5000;1200;2700
Q192355303_1;Q192355303_1_9;I;4570;1240;0;5570;2440;2700
Q192355303_1;Q192355303_1_10;J;5000;0;0;6000;1200;2700
Q192355303_1;Q192355303_1_11;K;5570;1240;0;6570;2440;2700
Q192355303_1;Q192355303_1_12;L;6000;0;0;7000;1200;2700
Q192355303_1;Q192355303_1_13;M;6570;1240;0;7570;2440;2700
Q192355303_1;Q192355303_1_14;N;7000;0;0;8000;1200;2700
Q192355303_1;Q192355303_1_15;O;7570;1240;0;8570;2440;1905
Q192355303_1;Q192355303_1_16;P;8000;0;0;9000;1200;1860
Q192355303_1;Q192355303_1_17;Q;8570;1240;0;11570;2440;2455
Q192355303_1;Q192355303_1_18;R;9000;0;0;12000;1200;2455
Q192355303_1;Q192355303_1_19;S;11570;1240;0;13070;2440;2455
Q192355303_1;Q192355303_1_20;T;12000;0;0;13500;1200;2455
P191355301;P191355301_1;A;0;620;0;1000;1820;1905
P191355301;P191355301_2;B;1000;620;0;2000;1820;1905
P191355301;P191355301_3;C;2000;620;0;3000;1820;1860
P191355301;P191355301_4;D;3000;830;0;3570;1610;1340
P191355301;P191355301_5;E;3570;1610;0;4140;2390;1340
P191355301;P191355301_6;F;3570;0;0;4570;1200;2700
P191355301;P191355301_7;G;4140;1240;0;5140;2440;2700
P191355301;P191355301_8;H;4570;20;0;5570;1220;2700
P191355301;P191355301_9;I;5140;1240;0;6140;2440;2700
P191355301;P191355301_10;J;5570;0;0;6570;1200;2700
P191355301;P191355301_11;K;6140;1240;0;7140;2440;2700
P191355301;P191355301_12;L;6570;0;0;7570;1200;2700
P191355301;P191355301_13;M;7140;1240;0;8140;2440;2700
P191355301;P191355301_14;N;7570;0;0;8570;1200;2700
P191355301;P191355301_15;O;8140;1240;0;9140;2440;2700
P191355301;P191355301_16;P;8570;0;0;9570;1200;2700
P191355301;P191355301_17;Q;9140;1240;0;10140;2440;2700
P191355301;P191355301_18;R;9570;0;0;10570;1200;2700
P191355301;P191355301_19;S;10140;1240;0;11140;2440;2700
P191355301;P191355301_20;T;10570;0;0;11570;1200;2700
P191355301;P191355301_21;U;11140;1240;0;12140;2440;2700
P191355301;P191355301_22;V;11570;0;0;12570;1200;2700
P191355301;P191355301_23;W;12140;1240;0;13140;2440;2700
P188355303;P188355303_1;A;0;1240;0;1000;2440;2700
P188355303;P188355303_2;B;0;0;0;1000;1200;2700
P188355303;P188355303_3;C;1000;0;0;2000;1200;2700
P188355303;P188355303_4;D;1000;1240;0;2000;2440;2700
P188355303;P188355303_5;E;2000;620;0;3000;1820;1815
P188355303;P188355303_6;F;3000;1240;0;4000;2440;1905
P188355303;P188355303_7;G;3000;0;0;4000;1200;1905
P188355303;P188355303_8;H;4000;830;0;4570;1610;909
P188355303;P188355303_9;I;4570;1240;0;5570;2440;2700
P188355303;P188355303_10;J;4570;20;0;5570;1220;2700
P188355303;P188355303_11;K;5570;0;0;8570;1200;2455
P188355303;P188355303_12;L;5570;1220;0;8570;2420;2455
P188355303;P188355303_13;M;8570;1240;0;11570;2440;2455
P188355303;P188355303_14;N;8570;0;0;11570;1200;2455
P188355303;P188355303_15;O;11570;0;0;13070;1200;2455
P188355303;P188355303_16;P;11570;1240;0;13070;2440;2455
P187355305;P187355305_1;A;0;1240;0;1000;2440;2835
P187355305;P187355305_2;B;0;0;0;1000;1200;2835
P187355305;P187355305_3;C;1000;0;0;2000;1200;2835
P187355305;P187355305_4;D;1000;1240;0;2000;2440;2835
P187355305;P187355305_5;E;2000;1240;0;3000;2440;2835
P187355305;P187355305_6;F;2000;0;0;3000;1200;2835
P187355305;P187355305_7;G;3000;0;0;4000;1200;2835
P187355305;P187355305_8;H;3000;1240;0;4000;2440;2835
P187355305;P187355305_9;I;4000;1240;0;5000;2440;2835
P187355305;P187355305_10;J;4000;0;0;5000;1200;2835
P187355305;P187355305_11;K;5000;0;0;6000;1200;2835
P187355305;P187355305_12;L;5000;1240;0;6000;2440;2835
P187355305;P187355305_13;M;6000;1240;0;7000;2440;2700
P187355305;P187355305_14;N;6000;0;0;7000;1200;2700
P187355305;P187355305_15;O;7000;0;0;8000;1200;2700
P187355305;P187355305_16;P;7000;1240;0;8000;2440;2700
P187355305;P187355305_17;Q;8000;1240;0;9000;2440;1860
P187355305;P187355305_18;R;8000;0;0;9010;1206;2170
P187355305;P187355305_19;S;9000;1234;0;10010;2440;2170
P187355305;P187355305_20;T;9010;0;0;10020;1206;2170
P187355305;P187355305_21;U;10010;1234;0;11020;2440;2170
P187355305;P187355305_22;V;10020;0;0;11030;1206;2170
P187355305;P187355305_23;W;11020;1234;0;12030;2440;2170
P187355305;P187355305_24;X;11030;0;0;12040;1206;2170
P187355305;P187355305_25;Y;12030;1240;0;13030;2440;2835
P187355305;P187355305_26;Z;12040;0;0;13040;1200;975
P187355301;P187355301_1;A;0;620;0;1000;1820;2700
P187355301;P187355301_2;B;1000;1240;0;2000;2440;2700
P187355301;P187355301_3;C;1000;0;0;2000;1200;2700
P187355301;P187355301_4;D;2000;1240;0;3000;2440;2700
P187355301;P187355301_5;E;2000;0;0;3000;1200;2700
P187355301;P187355301_6;F;3000;0;0;4000;1200;2700
P187355301;P187355301_7;G;3000;1240;0;4000;2440;2700
P187355301;P187355301_8;H;4000;1240;0;5000;2440;2700
P187355301;P187355301_9;I;4000;0;0;5000;1200;2700
P187355301;P187355301_10;J;5000;0;0;6000;1200;2700
P187355301;P187355301_11;K;5000;1240;0;6000;2440;2700
P187355301;P187355301_12;L;6000;1240;0;7000;2440;2700
P187355301;P187355301_13;M;6000;0;0;7000;1200;2700
P187355301;P187355301_14;N;7000;0;0;7570;780;1340
P187355301;P187355301_15;O;7000;1240;0;8000;2440;2700
P187355301;P187355301_16;P;7570;0;0;8570;1200;2700
P187355301;P187355301_17;Q;8000;1240;0;9000;2440;2700
P187355301;P187355301_18;R;8570;0;0;9140;780;478
P187355301;P187355301_19;S;9000;1240;0;10000;2440;1905
P187355301;P187355301_20;T;9140;0;0;10140;1200;2700
P187355301;P187355301_21;U;10000;1240;0;11000;2440;2700
P187355301;P187355301_22;V;10140;0;0;11140;1200;2700
P187355301;P187355301_23;W;11000;1240;0;12000;2440;2700
P187355301;P187355301_24;X;11140;0;0;12140;1200;2700
P187355301;P187355301_25;Y;12000;1240;0;13000;2440;2700
P187355301;P187355301_26;Z;12140;0;0;13140;1200;2700
P186355301;P186355301_1;A;0;1240;0;1000;2440;2700
P186355301;P186355301_2;B;0;20;0;1000;1220;2700
P186355301;P186355301_3;C;1000;620;0;2000;1820;2700
P186355301;P186355301_4;D;2000;1240;0;3000;2440;2700
P186355301;P186355301_5;E;2000;0;0;3000;1200;2700
P186355301;P186355301_6;F;3000;0;0;4000;1200;1860
P186355301;P186355301_7;G;3000;1660;0;3570;2440;1340
P186355301;P186355301_8;H;3570;1240;0;4570;2440;2700
P186355301;P186355301_9;I;4000;0;0;5000;1200;2700
P186355301;P186355301_10;J;4570;1240;0;5570;2440;2700
P186355301;P186355301_11;K;5000;0;0;6000;1200;2700
P186355301;P186355301_12;L;5570;1240;0;6570;2440;2700
P186355301;P186355301_13;M;6000;0;0;7000;1200;2700
P186355301;P186355301_14;N;6570;1240;0;7570;2440;2700
P186355301;P186355301_15;O;7000;0;0;8000;1200;2700
P186355301;P186355301_16;P;7570;1240;0;8570;2440;2700
P186355301;P186355301_17;Q;8000;0;0;9000;1200;2700
P186355301;P186355301_18;R;8570;1240;0;9570;2440;2700
P186355301;P186355301_19;S;9000;0;0;10000;1200;2700
P186355301;P186355301_20;T;9570;1240;0;10570;2440;2700
P186355301;P186355301_21;U;10000;0;0;11000;1200;2700
P186355301;P186355301_22;V;10570;1240;0;11570;2440;2700
P186355301;P186355301_23;W;11000;0;0;12000;1200;930
P186355301;P186355301_24;X;11570;1240;0;12570;2440;1905
P186355301;P186355301_25;Y;12000;0;0;13000;1200;1905
P186355301;P186355301_26;Z;12570;1660;0;13140;2440;1340
P185355303;P185355303_1;A;0;0;0;1000;1200;2700
P185355303;P185355303_2;B;0;1240;0;1000;2440;2700
P185355303;P185355303_3;C;1000;1240;0;2000;2440;2700
P185355303;P185355303_4;D;1000;0;0;2000;1200;2700
P185355303;P185355303_5;E;2000;0;0;3000;1200;2700
P185355303;P185355303_6;F;2000;1240;0;3000;2440;2700
P185355303;P185355303_7;G;3000;1240;0;4000;2440;2700
P185355303;P185355303_8;H;3000;0;0;4000;1200;930
P185355303;P185355303_9;I;4000;0;0;7000;1200;2455
P185355303;P185355303_10;J;4000;1240;0;5500;2440;2455
P185355303;P185355303_11;K;5500;1240;0;7000;2440;2455
P185355303;P185355303_12;L;7000;1240;0;10000;2440;2455
P185355303;P185355303_13;M;7000;0;0;10000;1200;2455
P185355303;P185355303_14;N;10000;0;0;13000;1200;2455
P185355303;P185355303_15;O;10000;1240;0;13000;2440;2455
Q185355303_1;Q185355303_1_1;A;0;620;0;1000;1820;930
Q185355303_1;Q185355303_1_2;B;1000;830;0;1570;1610;1340
Q185355303_1;Q185355303_1_3;C;1570;620;0;2570;1820;2700
Q185355303_1;Q185355303_1_4;D;2570;1240;0;3570;2440;2700
Q185355303_1;Q185355303_1_5;E;2570;20;0;3570;1220;2700
Q185355303_1;Q185355303_1_6;F;3570;10;0;4570;1210;2700
Q185355303_1;Q185355303_1_7;G;3570;1225;0;4570;2425;2700
Q185355303_1;Q185355303_1_8;H;4570;5;0;5570;1205;2700
Q185355303_1;Q185355303_1_9;I;4570;1222;0;5570;2422;2700
Q185355303_1;Q185355303_1_10;J;5570;0;0;6570;1200;2700
Q185355303_1;Q185355303_1_11;K;5570;1220;0;6570;2420;2700
Q185355303_1;Q185355303_1_12;L;6570;0;0;7570;1200;2700
Q185355303_1;Q185355303_1_13;M;6570;1240;0;7570;2440;1905
Q185355303_1;Q185355303_1_14;N;7570;0;0;8570;1200;1860
Q185355303_1;Q185355303_1_15;O;7570;1200;0;8570;2400;1815
Q185355303_1;Q185355303_1_16;P;8570;1240;0;10070;2440;2455
Q185355303_1;Q185355303_1_17;Q;8570;0;0;10070;1200;2455
Q185355303_1;Q185355303_1_18;R;10070;0;0;13070;1200;2455
Q185355303_1;Q185355303_1_19;S;10070;1200;0;13070;2400;2455
P184355301;P184355301_1;A;0;0;0;570;780;1340
P184355301;P184355301_2;B;0;1220;0;570;2000;478
P184355301;P184355301_3;C;570;620;0;1570;1820;2700
P184355301;P184355301_4;D;1570;1240;0;2570;2440;2700
P184355301;P184355301_5;E;1570;20;0;2570;1220;2700
P184355301;P184355301_6;F;2570;1240;0;3570;2440;2700
P184355301;P184355301_7;G;2570;0;0;3570;1200;2700
P184355301;P184355301_8;H;3570;620;0;4570;1820;2700
P184355301;P184355301_9;I;4570;1240;0;5570;2440;2700
P184355301;P184355301_10;J;4570;0;0;5570;1200;2700
P184355301;P184355301_11;K;5570;620;0;6570;1820;2700
P184355301;P184355301_12;L;6570;1240;0;7570;2440;2700
P184355301;P184355301_13;M;6570;0;0;7570;1200;2700
P184355301;P184355301_14;N;7570;0;0;8570;1200;2700
P184355301;P184355301_15;O;7570;1240;0;8570;2440;2700
P184355301;P184355301_16;P;8570;1240;0;9570;2440;2700
P184355301;P184355301_17;Q;8570;0;0;9570;1200;930
P184355301;P184355301_18;R;9570;0;0;10570;1200;1905
P184355301;P184355301_19;S;9570;1240;0;10570;2440;975
P180069803;P180069803_1;A;0;0;0;2200;2400;2995
P180069803;P180069803_2;B;2200;0;0;4400;2400;2995
P180069803;P180069803_3;C;4400;0;0;6600;2400;2995
P180069803;P180069803_4;D;6600;0;0;8800;2400;2995
P180069803;P180069803_5;E;8800;0;0;11000;2400;2995
P180069803;P180069803_6;F;11000;0;0;13200;2400;2995
P180068801;P180068801_1;A;0;0;0;2200;2400;2935
P180068801;P180068801_2;B;2200;0;0;4400;2400;2995
P180068801;P180068801_3;C;4400;0;0;6600;2400;2995
P180068801;P180068801_4;D;6600;0;0;8800;2400;2995
P180068801;P180068801_5;E;8800;0;0;11000;2400;2995
P180068801;P180068801_6;F;11000;0;0;13200;2400;2995
P179069801;P179069801_1;A;0;0;0;2200;2400;2995
P179069801;P179069801_2;B;2200;0;0;4400;2400;2995
P179069801;P179069801_3;C;4400;0;0;6600;2400;2995
P179069801;P179069801_4;D;6600;0;0;8800;2400;2965
P179069801;P179069801_5;E;8800;0;0;11000;2400;2995
P179069801;P179069801_6;F;11000;0;0;13200;2400;2995
P179068809;P179068809_1;A;0;0;0;2200;2400;2995
P179068809;P179068809_2;B;2200;0;0;4400;2400;2995
P179068809;P179068809_3;C;4400;0;0;6600;2400;2995
P179068809;P179068809_4;D;6600;0;0;8800;2400;2995
P179068809;P179068809_5;E;8800;0;0;11000;2400;2965
P179068809;P179068809_6;F;11000;0;0;13200;2400;2995
P179068801;P179068801_1;A;0;0;0;2200;2400;2995
P179068801;P179068801_2;B;2200;0;0;4400;2400;2995
P179068801;P179068801_3;C;4400;0;0;6600;2400;2965
P179068801;P179068801_4;D;6600;0;0;8800;2400;2995
P179068801;P179068801_5;E;8800;0;0;11000;2400;2995
P179068801;P179068801_6;F;11000;0;0;13200;2400;2995
P178069805;P178069805_1;A;0;0;0;2200;2400;2995
P178069805;P178069805_2;B;2200;0;0;3200;1200;2835
P178069805;P178069805_3;C;2200;1240;0;3200;2440;2835
P178069805;P178069805_4;D;3200;1240;0;4200;2440;2835
P178069805;P178069805_5;E;3200;0;0;4200;1200;2835
P178069805;P178069805_6;F;4200;0;0;5200;1200;2835
P178069805;P178069805_7;G;4200;1240;0;5200;2440;2835
P178069805;P178069805_8;H;5200;1240;0;6200;2440;2835
P178069805;P178069805_9;I;5200;0;0;6200;1200;2835
P178069805;P178069805_10;J;6200;0;0;7200;1200;2835
P178069805;P178069805_11;K;6200;1240;0;7200;2440;2835
P178069805;P178069805_12;L;7200;1240;0;8200;2440;2835
P178069805;P178069805_13;M;7200;0;0;8200;1200;2835
P178069805;P178069805_14;N;8200;0;0;9200;1200;2835
P178069805;P178069805_15;O;8200;1240;0;9200;2440;2835
P178069805;P178069805_16;P;9200;1240;0;10200;2440;2835
P178069805;P178069805_17;Q;9200;0;0;10200;1200;2835
P178069805;P178069805_18;R;10200;0;0;11200;1200;2835
P178069805;P178069805_19;S;10200;1240;0;11200;2440;2835
P178069805;P178069805_20;T;11200;1240;0;12200;2440;2835
P178069805;P178069805_21;U;11200;0;0;12200;1200;2835
P178068809;P178068809_1;A;0;0;0;2200;2400;2965
P178068809;P178068809_2;B;2200;0;0;4400;2400;2995
P178068809;P178068809_3;C;4400;0;0;6600;2400;2995
P178068809;P178068809_4;D;6600;0;0;8800;2400;2995
P178068809;P178068809_5;E;8800;0;0;11000;2400;2995
P178068809;P178068809_6;F;11000;0;0;13200;2400;2935
P178068801;P178068801_1;A;0;0;0;2200;2400;2995
P178068801;P178068801_2;B;2200;0;0;4400;2400;2995
P178068801;P178068801_3;C;4400;0;0;6600;2400;2995
P178068801;P178068801_4;D;6600;0;0;8800;2400;2995
P178068801;P178068801_5;E;8800;0;0;11000;2400;2995
P178068801;P178068801_6;F;11000;0;0;13200;2400;2995
P177069801;P177069801_1;A;0;0;0;2200;2400;2995
P177069801;P177069801_2;B;2200;0;0;4400;2400;2965
P177069801;P177069801_3;C;4400;0;0;6600;2400;2965
P177069801;P177069801_4;D;6600;0;0;8800;2400;2995
P177069801;P177069801_5;E;8800;0;0;11000;2400;2995
P177069801;P177069801_6;F;11000;0;0;13200;2400;2995
P177068809;P177068809_1;A;0;0;0;2200;2400;2995
P177068809;P177068809_2;B;2200;40;0;4400;2440;2995
P177068809;P177068809_3;C;4400;0;0;6600;2400;2965
P177068809;P177068809_4;D;6600;0;0;8800;2400;2935
P177068809;P177068809_5;E;8800;0;0;11000;2400;2995
P177068809;P177068809_6;F;11000;0;0;13200;2400;2995
P175068801;P175068801_1;A;0;0;0;2200;2400;2995
P175068801;P175068801_2;B;2200;40;0;4400;2440;2995
P175068801;P175068801_3;C;4400;0;0;6600;2400;2995
P175068801;P175068801_4;D;6600;0;0;8800;2400;2965
P175068801;P175068801_5;E;8800;0;0;11000;2400;2995
P175068801;P175068801_6;F;11000;0;0;13200;2400;1490
P174069805;P174069805_1;A;0;0;0;2200;2400;2935
P174069805;P174069805_2;B;2200;0;0;4400;2400;2995
P174069805;P174069805_3;C;4400;0;0;6600;2400;2995
P174069805;P174069805_4;D;6600;0;0;7600;1200;2835
P174069805;P174069805_5;E;6600;1240;0;7600;2440;2835
P174069805;P174069805_6;F;7600;1240;0;8600;2440;2835
P174069805;P174069805_7;G;7600;0;0;8600;1200;2835
P174069805;P174069805_8;H;8600;0;0;9600;1200;2835
P174069805;P174069805_9;I;8600;1240;0;9600;2440;2835
P174069805;P174069805_10;J;9600;1240;0;10600;2440;2835
P174069805;P174069805_11;K;9600;0;0;10600;1200;2835
P174069805;P174069805_12;L;10600;0;0;11600;1200;2835
P174069805;P174069805_13;M;10600;1240;0;11600;2440;2835
P174069805;P174069805_14;N;11600;1440;0;12800;2440;2835
P174069805;P174069805_15;O;11600;0;0;12600;1200;2835
P174068809;P174068809_1;A;0;0;0;2200;2400;2995
P174068809;P174068809_2;B;2200;0;0;4400;2400;2995
P174068809;P174068809_3;C;4400;0;0;6600;2400;2995
P174068809;P174068809_4;D;6600;0;0;8800;2400;2995
P174068809;P174068809_5;E;8800;0;0;11000;2400;2965
P174068809;P174068809_6;F;11000;0;0;13200;2400;2995
P174068801;P174068801_1;A;0;0;0;2200;2400;2995
P174068801;P174068801_2;B;2200;0;0;4400;2400;2995
P174068801;P174068801_3;C;4400;0;0;6600;2400;2995
P174068801;P174068801_4;D;6600;0;0;8800;2400;2995
P174068801;P174068801_5;E;8800;0;0;11000;2400;2995
P174068801;P174068801_6;F;11000;0;0;13200;2400;1490
P173069803;P173069803_1;A;0;0;0;2200;2400;2995
P173069803;P173069803_2;B;2200;0;0;4400;2400;2995
P173069803;P173069803_3;C;4400;0;0;6600;2400;2995
P173069803;P173069803_4;D;6600;0;0;8800;2400;2995
P173069803;P173069803_5;E;8800;0;0;11000;2400;2995
P173069803;P173069803_6;F;11000;0;0;13200;2400;2995
P173068801;P173068801_1;A;0;0;0;2200;2400;2935
P173068801;P173068801_2;B;2200;0;0;4400;2400;2995
P173068801;P173068801_3;C;4400;0;0;6600;2400;2995
P173068801;P173068801_4;D;6600;0;0;8800;2400;2995
P173068801;P173068801_5;E;8800;0;0;11000;2400;2995
P173068801;P173068801_6;F;11000;0;0;13200;2400;2935
P172069801;P172069801_1;A;0;0;0;2200;2400;2995
P172069801;P172069801_2;B;2200;0;0;4400;2400;2995
P172069801;P172069801_3;C;4400;0;0;6600;2400;2995
P172069801;P172069801_4;D;6600;0;0;8800;2400;2995
P172069801;P172069801_5;E;8800;0;0;11000;2400;2995
P172069801;P172069801_6;F;11000;0;0;13200;2400;2995
P172068809;P172068809_1;A;0;0;0;2200;2400;2995
P172068809;P172068809_2;B;2200;0;0;4400;2400;2995
P172068809;P172068809_3;C;4400;0;0;6600;2400;2965
P172068809;P172068809_4;D;6600;0;0;8800;2400;2935
P172068809;P172068809_5;E;8800;0;0;11000;2400;2965
P172068809;P172068809_6;F;11000;0;0;13200;2400;2995
P172068801;P172068801_1;A;0;0;0;2200;2400;2995
P172068801;P172068801_2;B;2200;0;0;4400;2400;2995
P172068801;P172068801_3;C;4400;0;0;6600;2400;2995
P172068801;P172068801_4;D;6600;0;0;8800;2400;2995
P172068801;P172068801_5;E;8800;0;0;11000;2400;2995
P172068801;P172068801_6;F;11000;0;0;13200;2400;1490
P171069805;P171069805_1;A;0;0;0;2200;2400;2995
P171069805;P171069805_2;B;2200;1240;0;3200;2440;2835
P171069805;P171069805_3;C;2200;0;0;3200;1200;2835
P171069805;P171069805_4;D;3200;0;0;4200;1200;2835
P171069805;P171069805_5;E;3200;1240;0;4200;2440;2835
P171069805;P171069805_6;F;4200;1240;0;5200;2440;2835
P171069805;P171069805_7;G;4200;0;0;5200;1200;2835
P171069805;P171069805_8;H;5200;0;0;6200;1200;2835
P171069805;P171069805_9;I;5200;1240;0;6200;2440;2835
P171069805;P171069805_10;J;6200;1240;0;7200;2440;2835
P171069805;P171069805_11;K;6200;0;0;7200;1200;2835
P171069805;P171069805_12;L;7200;0;0;8200;1200;2835
P171069805;P171069805_13;M;7200;1240;0;8200;2440;2835
P171069805;P171069805_14;N;8200;1240;0;9200;2440;2835
P171069805;P171069805_15;O;8200;0;0;9200;1200;2835
P171069805;P171069805_16;P;9200;0;0;10200;1200;2835
P171069805;P171069805_17;Q;9200;1240;0;10200;2440;2835
P171069805;P171069805_18;R;10200;1240;0;11200;2440;2835
P171069805;P171069805_19;S;10200;0;0;11200;1200;2835
P171069805;P171069805_20;T;11200;0;0;12200;1200;2835
P171069805;P171069805_21;U;11200;1240;0;12200;2440;2835
P171068809;P171068809_1;A;0;0;0;2200;2400;2935
P171068809;P171068809_2;B;2200;0;0;4400;2400;2995
P171068809;P171068809_3;C;4400;0;0;6600;2400;2995
P171068809;P171068809_4;D;6600;0;0;8800;2400;2995
P171068809;P171068809_5;E;8800;0;0;11000;2400;2995
P171068809;P171068809_6;F;11000;0;0;13200;2400;2995
P171068801;P171068801_1;A;0;0;0;2200;2400;2935
P171068801;P171068801_2;B;2200;0;0;4400;2400;2995
P171068801;P171068801_3;C;4400;0;0;6600;2400;2995
P171068801;P171068801_4;D;6600;0;0;8800;2400;2995
P171068801;P171068801_5;E;8800;0;0;11000;2400;2995
P171068801;P171068801_6;F;11000;0;0;13200;2400;2995
P170069801;P170069801_1;A;0;0;0;2200;2400;2995
P170069801;P170069801_2;B;2200;0;0;4400;2400;2995
P170069801;P170069801_3;C;4400;0;0;6600;2400;2995
P170069801;P170069801_4;D;6600;0;0;8800;2400;2995
P170069801;P170069801_5;E;8800;0;0;11000;2400;2995
P170069801;P170069801_6;F;11000;0;0;13200;2400;2995
P170068809;P170068809_1;A;0;0;0;2200;2400;2995
P170068809;P170068809_2;B;2200;40;0;4400;2440;2995
P170068809;P170068809_3;C;4400;0;0;6600;2400;2995
P170068809;P170068809_4;D;6600;0;0;8800;2400;2995
P170068809;P170068809_5;E;8800;0;0;11000;2400;2995
P170068809;P170068809_6;F;11000;0;0;13200;2400;2995
P167069805;P167069805_1;A;0;0;0;2200;2400;2995
P167069805;P167069805_2;B;2200;0;0;4400;2400;2935
P167069805;P167069805_3;C;4400;0;0;6600;2400;2995
P167069805;P167069805_4;D;6600;0;0;8800;2400;2995
P167069805;P167069805_5;E;8800;0;0;9800;1200;2835
P167069805;P167069805_6;F;8800;1240;0;9800;2440;2835
P167069805;P167069805_7;G;9800;1240;0;10800;2440;2835
P167069805;P167069805_8;H;9800;0;0;10800;1200;2835
P167069805;P167069805_9;I;10800;0;0;11800;1200;2835
P167069805;P167069805_10;J;10800;1240;0;11800;2440;2835
P167069805;P167069805_11;K;11800;1440;0;13000;2440;2835
P167069805;P167069805_12;L;11800;0;0;12800;1200;2835
P167068809;P167068809_1;A;0;0;0;2200;2400;2935
P167068809;P167068809_2;B;2200;0;0;4400;2400;2935
P167068809;P167068809_3;C;4400;0;0;6600;2400;2965
P167068809;P167068809_4;D;6600;0;0;8800;2400;2995
P167068809;P167068809_5;E;8800;0;0;11000;2400;2995
P167068809;P167068809_6;F;11000;0;0;13200;2400;2995
P167068801;P167068801_1;A;0;0;0;2200;2400;2995
P167068801;P167068801_2;B;2200;0;0;4400;2400;2995
P167068801;P167068801_3;C;4400;0;0;6600;2400;2995
P167068801;P167068801_4;D;6600;0;0;8800;2400;2995
P167068801;P167068801_5;E;8800;0;0;11000;2400;2995
P167068801;P167068801_6;F;11000;0;0;13200;2400;2995
Q167068801_1;Q167068801_1_1;A;0;0;0;2200;2400;2995
Q167068801_1;Q167068801_1_2;B;2200;0;0;4400;2400;2995
Q167068801_1;Q167068801_1_3;C;4400;0;0;6600;2400;2995
Q167068801_1;Q167068801_1_4;D;6600;0;0;8800;2400;2995
Q167068801_1;Q167068801_1_5;E;8800;0;0;11000;2400;2965
P240069801;P240069801_1;A;0;0;0;2200;2400;2995
P240069801;P240069801_2;B;2200;0;0;4400;2400;2995
P240069801;P240069801_3;C;4400;0;0;6600;2400;2995
P240069801;P240069801_4;D;6600;0;0;8800;2400;2995
P240069801;P240069801_5;E;8800;0;0;11000;2400;2995
P240069801;P240069801_6;F;11000;0;0;13200;2400;2995
P240068809;P240068809_1;A;0;0;0;2200;2400;2995
P240068809;P240068809_2;B;2200;0;0;4400;2400;2965
P240068809;P240068809_3;C;4400;0;0;6600;2400;2995
P240068809;P240068809_4;D;6600;0;0;8800;2400;2995
P240068809;P240068809_5;E;8800;0;0;11000;2400;2995
P240068809;P240068809_6;F;11000;0;0;13200;2400;2995
P209069805;P209069805_1;A;0;0;0;2200;2400;2965
P209069805;P209069805_2;B;2200;0;0;4400;2400;2995
P209069805;P209069805_3;C;4400;0;0;6600;2400;2995
P209069805;P209069805_4;D;6600;0;0;8800;2400;2995
P209069805;P209069805_5;E;8800;0;0;11000;2400;2995
P209069805;P209069805_6;F;11000;0;0;13200;2400;2995
P209068809;P209068809_1;A;0;0;0;2200;2400;2995
P209068809;P209068809_2;B;2200;0;0;4400;2400;2995
P209068809;P209068809_3;C;4400;0;0;6600;2400;2995
P209068809;P209068809_4;D;6600;0;0;8800;2400;2995
P209068809;P209068809_5;E;8800;0;0;11000;2400;2995
P209068809;P209068809_6;F;11000;0;0;13200;2400;2995
P209068801;P209068801_1;A;0;0;0;2200;2400;2965
P209068801;P209068801_2;B;2200;0;0;4400;2400;2965
P209068801;P209068801_3;C;4400;0;0;6600;2400;2995
P209068801;P209068801_4;D;6600;0;0;8800;2400;2995
P209068801;P209068801_5;E;8800;0;0;11000;2400;1520
P208069803;P208069803_1;A;0;0;0;2200;2400;2995
P208069803;P208069803_2;B;2200;0;0;4400;2400;2995
P208069803;P208069803_3;C;4400;0;0;6600;2400;2995
P208069803;P208069803_4;D;6600;0;0;8800;2400;2995
P208069803;P208069803_5;E;8800;0;0;11000;2400;2995
P208069803;P208069803_6;F;11000;0;0;13200;2400;2995
P208068801;P208068801_1;A;0;0;0;2200;2400;2995
P208068801;P208068801_2;B;2200;0;0;4400;2400;2995
P208068801;P208068801_3;C;4400;0;0;6600;2400;2995
P208068801;P208068801_4;D;6600;0;0;8800;2400;2995
P208068801;P208068801_5;E;8800;0;0;11000;2400;2995
P208068801;P208068801_6;F;11000;0;0;13200;2400;2995
P207069801;P207069801_1;A;0;0;0;2200;2400;2965
P207069801;P207069801_2;B;2200;0;0;4400;2400;2995
P207069801;P207069801_3;C;4400;0;0;6600;2400;2995
P207069801;P207069801_4;D;6600;0;0;8800;2400;2995
P207069801;P207069801_5;E;8800;0;0;11000;2400;2995
P207069801;P207069801_6;F;11000;0;0;13200;2400;2995
P207068809;P207068809_1;A;0;0;0;2200;2400;2995
P207068809;P207068809_2;B;2200;0;0;4400;2400;2995
P207068809;P207068809_3;C;4400;0;0;6600;2400;2995
P207068809;P207068809_4;D;6600;0;0;8800;2400;2965
P207068809;P207068809_5;E;8800;0;0;11000;2400;2995
P207068809;P207068809_6;F;11000;0;0;13200;2400;2995
P207068801;P207068801_1;A;0;0;0;2200;2400;2995
P207068801;P207068801_2;B;2200;0;0;4400;2400;2995
P207068801;P207068801_3;C;4400;0;0;6600;2400;2965
P207068801;P207068801_4;D;6600;0;0;8800;2400;2995
P207068801;P207068801_5;E;8800;0;0;11000;2400;2995
P206069805;P206069805_1;A;0;0;0;2200;2400;2995
P206069805;P206069805_2;B;2200;0;0;4400;2400;2995
P206069805;P206069805_3;C;4400;1240;0;5400;2440;2835
P206069805;P206069805_4;D;4400;0;0;5400;1200;2835
P206069805;P206069805_5;E;5400;0;0;6400;1200;2835
P206069805;P206069805_6;F;5400;1240;0;6400;2440;2835
P206069805;P206069805_7;G;6400;1240;0;7400;2440;2835
P206069805;P206069805_8;H;6400;0;0;7400;1200;2835
P206069805;P206069805_9;I;7400;0;0;8400;1200;2835
P206069805;P206069805_10;J;7400;1240;0;8400;2440;2835
P206069805;P206069805_11;K;8400;1240;0;9400;2440;2835
P206069805;P206069805_12;L;8400;0;0;9400;1200;2835
P206069805;P206069805_13;M;9400;0;0;10400;1200;2835
P206069805;P206069805_14;N;9400;1240;0;10400;2440;2835
P206069805;P206069805_15;O;10400;1240;0;11400;2440;2835
P206069805;P206069805_16;P;10400;0;0;11400;1200;2835
P206069805;P206069805_17;Q;11400;0;0;12400;1200;2835
P206069805;P206069805_18;R;11400;1240;0;12400;2440;2835
P206069805;P206069805_19;S;12400;1240;0;13400;2440;2835
P206069805;P206069805_20;T;12400;0;0;13400;1200;2835
P206068809;P206068809_1;A;0;0;0;2200;2400;2995
P206068809;P206068809_2;B;2200;0;0;4400;2400;2995
P206068809;P206068809_3;C;4400;0;0;6600;2400;2995
P206068809;P206068809_4;D;6600;0;0;8800;2400;2995
P206068809;P206068809_5;E;8800;0;0;11000;2400;2995
P206068809;P206068809_6;F;11000;0;0;13200;2400;2995
P206068801;P206068801_1;A;0;0;0;2200;2400;2995
P206068801;P206068801_2;B;2200;40;0;4400;2440;2995
P206068801;P206068801_3;C;4400;0;0;6600;2400;2995
P206068801;P206068801_4;D;6600;0;0;8800;2400;2995
P206068801;P206068801_5;E;8800;0;0;11000;2400;2995
P206068801;P206068801_6;F;11000;0;0;13200;2400;2995
P205069801;P205069801_1;A;0;0;0;2200;2400;2995
P205069801;P205069801_2;B;2200;40;0;4400;2440;2995
P205069801;P205069801_3;C;4400;0;0;6600;2400;2995
P205069801;P205069801_4;D;6600;40;0;8800;2440;2995
P205069801;P205069801_5;E;8800;0;0;11000;2400;2995
P205069801;P205069801_6;F;11000;40;0;13200;2440;2995
P205068809;P205068809_1;A;0;0;0;2200;2400;2995
P205068809;P205068809_2;B;2200;0;0;4400;2400;2995
P205068809;P205068809_3;C;4400;0;0;6600;2400;2995
P205068809;P205068809_4;D;6600;0;0;8800;2400;2995
P205068809;P205068809_5;E;8800;0;0;11000;2400;2995
P205068809;P205068809_6;F;11000;0;0;13200;2400;2995
P203068801;P203068801_1;A;0;0;0;2200;2400;2995
P203068801;P203068801_2;B;2200;0;0;4400;2400;2995
P203068801;P203068801_3;C;4400;0;0;6600;2400;2995
P203068801;P203068801_4;D;6600;0;0;8800;2400;2995
P203068801;P203068801_5;E;8800;0;0;11000;2400;2995
P203068801;P203068801_6;F;11000;0;0;13200;2400;2995
P202069805;P202069805_1;A;0;0;0;2200;2400;2995
P202069805;P202069805_2;B;2200;0;0;4400;2400;2995
P202069805;P202069805_3;C;4400;1240;0;5400;2440;2835
P202069805;P202069805_4;D;4400;0;0;5400;1200;2835
P202069805;P202069805_5;E;5400;0;0;6400;1200;2835
P202069805;P202069805_6;F;5400;1240;0;6400;2440;2835
P202069805;P202069805_7;G;6400;1240;0;7400;2440;2835
P202069805;P202069805_8;H;6400;0;0;7400;1200;2835
P202069805;P202069805_9;I;7400;0;0;8400;1200;2835
P202069805;P202069805_10;J;7400;1240;0;8400;2440;2835
P202069805;P202069805_11;K;8400;1240;0;9400;2440;2835
P202069805;P202069805_12;L;8400;0;0;9400;1200;2835
P202069805;P202069805_13;M;9400;0;0;10400;1200;2835
P202069805;P202069805_14;N;9400;1240;0;10400;2440;2835
P202069805;P202069805_15;O;10400;1240;0;11400;2440;2835
P202069805;P202069805_16;P;10400;0;0;11400;1200;2835
P202069805;P202069805_17;Q;11400;0;0;12400;1200;2835
P202069805;P202069805_18;R;11400;1240;0;12400;2440;2835
P202069805;P202069805_19;S;12400;1240;0;13400;2440;2835
P202069805;P202069805_20;T;12400;0;0;13400;1200;2835
Q202069805_1;Q202069805_1_1;A;0;0;0;2200;2400;2935
Q202069805_1;Q202069805_1_2;B;2200;1240;0;3200;2440;2835
Q202069805_1;Q202069805_1_3;C;2200;0;0;3200;1200;2835
Q202069805_1;Q202069805_1_4;D;3200;0;0;4200;1200;2835
Q202069805_1;Q202069805_1_5;E;3200;1240;0;4200;2440;2835
Q202069805_1;Q202069805_1_6;F;4200;1240;0;5200;2440;2835
Q202069805_1;Q202069805_1_7;G;4200;0;0;5200;1200;2835
Q202069805_1;Q202069805_1_8;H;5200;0;0;6200;1200;2835
Q202069805_1;Q202069805_1_9;I;5200;1240;0;6200;2440;2835
Q202069805_1;Q202069805_1_10;J;6200;1240;0;7200;2440;2835
Q202069805_1;Q202069805_1_11;K;6200;0;0;7200;1200;2835
P202068809;P202068809_1;A;0;0;0;2200;2400;2935
P202068809;P202068809_2;B;2200;0;0;4400;2400;2995
P202068809;P202068809_3;C;4400;0;0;6600;2400;2995
P202068809;P202068809_4;D;6600;0;0;8800;2400;2995
P202068809;P202068809_5;E;8800;0;0;11000;2400;2995
P202068809;P202068809_6;F;11000;0;0;13200;2400;2995
P202068801;P202068801_1;A;0;0;0;2200;2400;2995
P202068801;P202068801_2;B;2200;0;0;4400;2400;2995
P202068801;P202068801_3;C;4400;0;0;6600;2400;2995
P202068801;P202068801_4;D;6600;0;0;8800;2400;2995
P202068801;P202068801_5;E;8800;0;0;11000;2400;2995
P202068801;P202068801_6;F;11000;0;0;13200;2400;2995
P201069803;P201069803_1;A;0;0;0;2200;2400;2995
P201069803;P201069803_2;B;2200;0;0;4400;2400;2995
P201069803;P201069803_3;C;4400;0;0;6600;2400;2995
P201069803;P201069803_4;D;6600;0;0;8800;2400;2995
P201069803;P201069803_5;E;8800;0;0;11000;2400;2995
P201069803;P201069803_6;F;11000;0;0;13200;2400;2995
P201068809;P201068809_1;A;0;0;0;2200;2400;2995
P201068809;P201068809_2;B;2200;0;0;4400;2400;2995
P201068809;P201068809_3;C;4400;0;0;6600;2400;2995
P201068809;P201068809_4;D;6600;0;0;8800;2400;2995
P201068809;P201068809_5;E;8800;0;0;11000;2400;2995
P201068809;P201068809_6;F;11000;0;0;13200;2400;2995
P201068801;P201068801_1;A;0;0;0;2200;2400;2935
P201068801;P201068801_2;B;2200;0;0;4400;2400;2965
P201068801;P201068801_3;C;4400;0;0;6600;2400;2995
P201068801;P201068801_4;D;6600;0;0;8800;2400;2995
P201068801;P201068801_5;E;8800;0;0;11000;2400;2995
P201068801;P201068801_6;F;11000;0;0;13200;2400;1520
P200069801;P200069801_1;A;0;0;0;2200;2400;2995
P200069801;P200069801_2;B;2200;0;0;4400;2400;2995
P200069801;P200069801_3;C;4400;0;0;6600;2400;2995
P200069801;P200069801_4;D;6600;0;0;8800;2400;2995
P200069801;P200069801_5;E;8800;0;0;11000;2400;2995
P200069801;P200069801_6;F;11000;0;0;13200;2400;2995
P200068801;P200068801_1;A;0;0;0;2200;2400;2965
P200068801;P200068801_2;B;2200;0;0;4400;2400;2995
P200068801;P200068801_3;C;4400;0;0;6600;2400;2995
P200068801;P200068801_4;D;6600;0;0;8800;2400;2995
P200068801;P200068801_5;E;8800;0;0;11000;2400;2995
P200068801;P200068801_6;F;11000;0;0;13200;2400;2995
P199069805;P199069805_1;A;0;0;0;2200;2400;2995
P199069805;P199069805_2;B;2200;1240;0;3200;2440;2835
P199069805;P199069805_3;C;2200;0;0;3200;1200;2835
P199069805;P199069805_4;D;3200;0;0;4200;1200;2835
P199069805;P199069805_5;E;3200;1240;0;4200;2440;2835
P199069805;P199069805_6;F;4200;1240;0;5200;2440;2835
P199069805;P199069805_7;G;4200;0;0;5200;1200;2835
P199069805;P199069805_8;H;5200;0;0;6200;1200;2835
P199069805;P199069805_9;I;5200;1240;0;6200;2440;2835
P199069805;P199069805_10;J;6200;1240;0;7200;2440;2835
P199069805;P199069805_11;K;6200;0;0;7200;1200;2835
P199069805;P199069805_12;L;7200;0;0;8200;1200;2835
P199069805;P199069805_13;M;7200;1240;0;8200;2440;2835
P199069805;P199069805_14;N;8200;1240;0;9200;2440;2835
P199069805;P199069805_15;O;8200;0;0;9200;1200;2835
P199069805;P199069805_16;P;9200;0;0;10200;1200;2835
P199069805;P199069805_17;Q;9200;1240;0;10200;2440;2835
P199069805;P199069805_18;R;10200;1240;0;11200;2440;2835
P199069805;P199069805_19;S;10200;0;0;11200;1200;2835
P199069805;P199069805_20;T;11200;0;0;12200;1200;2835
P199069805;P199069805_21;U;11200;1240;0;12200;2440;2835
P199068809;P199068809_1;A;0;0;0;2200;2400;2965
P199068809;P199068809_2;B;2200;0;0;4400;2400;2995
P199068809;P199068809_3;C;4400;0;0;6600;2400;2995
P199068809;P199068809_4;D;6600;0;0;8800;2400;2995
P199068809;P199068809_5;E;8800;0;0;11000;2400;2995
P199068809;P199068809_6;F;11000;0;0;13200;2400;2995
P199068801;P199068801_1;A;0;0;0;2200;2400;2995
P199068801;P199068801_2;B;2200;0;0;4400;2400;2995
P199068801;P199068801_3;C;4400;0;0;6600;2400;2965
P199068801;P199068801_4;D;6600;0;0;8800;2400;2995
P199068801;P199068801_5;E;8800;0;0;11000;2400;2995
P199068801;P199068801_6;F;11000;0;0;13200;2400;2995
P198069801;P198069801_1;A;0;0;0;2200;2400;2995
P198069801;P198069801_2;B;2200;0;0;4400;2400;2995
P198069801;P198069801_3;C;4400;0;0;6600;2400;2965
P198069801;P198069801_4;D;6600;0;0;8800;2400;2995
P198069801;P198069801_5;E;8800;0;0;11000;2400;2995
P198069801;P198069801_6;F;11000;0;0;13200;2400;2995
P198068809;P198068809_1;A;0;0;0;2200;2400;2995
P198068809;P198068809_2;B;2200;0;0;4400;2400;2995
P198068809;P198068809_3;C;4400;0;0;6600;2400;2995
P198068809;P198068809_4;D;6600;0;0;8800;2400;2995
P198068809;P198068809_5;E;8800;0;0;11000;2400;2995
P198068809;P198068809_6;F;11000;0;0;13200;2400;2995
Q198068809_1;Q198068809_1_1;A;0;0;0;2200;2400;2965
Q198068809_1;Q198068809_1_2;B;2200;0;0;4400;2400;2995
Q198068809_1;Q198068809_1_3;C;4400;0;0;6600;2400;2995
Q198068809_1;Q198068809_1_4;D;6600;0;0;8800;2400;2995
Q198068809_1;Q198068809_1_5;E;8800;0;0;11000;2400;2995
Q198068809_1;Q198068809_1_6;F;11000;0;0;13200;2400;2995
Q198068809_2;Q198068809_2_1;A;0;0;0;2200;2400;1490
P178215307;P178215307_1;A;0;0;0;1000;1200;2835
P178215307;P178215307_2;B;0;1240;0;1000;2440;2835
P178215307;P178215307_3;C;1000;1240;0;2000;2440;2835
P178215307;P178215307_4;D;1000;0;0;2000;1200;2835
P178215307;P178215307_5;E;2000;0;0;3000;1200;2835
P178215307;P178215307_6;F;2000;1240;0;3000;2440;2835
P178215307;P178215307_7;G;3000;1240;0;4000;2440;2835
P178215307;P178215307_8;H;3000;0;0;4000;1200;2835
P178215307;P178215307_9;I;4000;0;0;5000;1200;2835
P178215307;P178215307_10;J;4000;1240;0;5000;2440;2835
P178215307;P178215307_11;K;5000;1240;0;6000;2440;2835
P178215307;P178215307_12;L;5000;0;0;6000;1200;2835
P178215307;P178215307_13;M;6000;0;0;7000;1200;2835
P178215307;P178215307_14;N;6000;1240;0;7000;2440;2835
P178215307;P178215307_15;O;7000;1240;0;8000;2440;2835
P178215307;P178215307_16;P;7000;0;0;8000;1200;2835
P178215307;P178215307_17;Q;8000;0;0;9000;1200;2835
P178215307;P178215307_18;R;8000;1240;0;9000;2440;2835
P178215307;P178215307_19;S;9000;1240;0;10000;2440;2835
P178215307;P178215307_20;T;9000;0;0;10000;1200;2835
P178215307;P178215307_21;U;10000;0;0;11000;1200;2835
P178215307;P178215307_22;V;10000;1240;0;11000;2440;2835
P178215307;P178215307_23;W;11000;1240;0;12000;2440;2835
P178215307;P178215307_24;X;11000;0;0;12000;1200;2835
P178215307;P178215307_25;Y;12000;0;0;13200;1000;2835
P178215307;P178215307_26;Z;12000;1240;0;13000;2440;2835
Q178215307_1;Q178215307_1_1;A;0;0;0;1000;1200;2835
Q178215307_1;Q178215307_1_2;B;0;1240;0;1000;2440;2835
Q178215307_1;Q178215307_1_3;C;1000;1240;0;2000;2440;2835
Q178215307_1;Q178215307_1_4;D;1000;0;0;2000;1200;2835
Q178215307_1;Q178215307_1_5;E;2000;0;0;3000;1200;2835
Q178215307_1;Q178215307_1_6;F;2000;1240;0;3000;2440;2835
Q178215307_1;Q178215307_1_7;G;3000;1240;0;4000;2440;2835
Q178215307_1;Q178215307_1_8;H;3000;0;0;4000;1200;2835
Q178215307_1;Q178215307_1_9;I;4000;0;0;5000;1200;2835
Q178215307_1;Q178215307_1_10;J;4000;1240;0;5000;2440;2835
Q178215307_1;Q178215307_1_11;K;5000;1240;0;6000;2440;2835
Q178215307_1;Q178215307_1_12;L;5000;0;0;6000;1200;2835
Q178215307_1;Q178215307_1_13;M;6000;0;0;7000;1200;2835
Q178215307_1;Q178215307_1_14;N;6000;1240;0;7000;2440;2835
Q178215307_1;Q178215307_1_15;O;7000;1240;0;8000;2440;2835
Q178215307_1;Q178215307_1_16;P;7000;0;0;8000;1200;2835
Q178215307_1;Q178215307_1_17;Q;8000;0;0;9000;1200;2835
Q178215307_1;Q178215307_1_18;R;8000;1240;0;9000;2440;2835
Q178215307_1;Q178215307_1_19;S;9000;1240;0;10000;2440;2835
Q178215307_1;Q178215307_1_20;T;9000;0;0;10000;1200;2835
Q178215307_1;Q178215307_1_21;U;10000;0;0;11000;1200;2835
Q178215307_1;Q178215307_1_22;V;10000;1240;0;11000;2440;2835
Q178215307_1;Q178215307_1_23;W;11000;1240;0;12000;2440;2835
Q178215307_1;Q178215307_1_24;X;11000;0;0;12000;1200;2835
Q178215307_1;Q178215307_1_25;Y;12000;0;0;13200;1000;2835
Q178215307_1;Q178215307_1_26;Z;12000;1240;0;13000;2440;2835
P178215303;P178215303_1;A;0;0;0;1000;1200;2835
P178215303;P178215303_2;B;0;1240;0;1000;2440;2835
P178215303;P178215303_3;C;1000;1240;0;2000;2440;2835
P178215303;P178215303_4;D;1000;0;0;2000;1200;2835
P178215303;P178215303_5;E;2000;0;0;3000;1200;2835
P178215303;P178215303_6;F;2000;1240;0;3000;2440;2835
P178215303;P178215303_7;G;3000;1240;0;4000;2440;2835
P178215303;P178215303_8;H;3000;0;0;4000;1200;2835
P178215303;P178215303_9;I;4000;0;0;5000;1200;2835
P178215303;P178215303_10;J;4000;1240;0;5000;2440;2835
P178215303;P178215303_11;K;5000;1240;0;6000;2440;2835
P178215303;P178215303_12;L;5000;0;0;6000;1200;2835
P178215303;P178215303_13;M;6000;0;0;7000;1200;2835
P178215303;P178215303_14;N;6000;1240;0;7000;2440;2835
P178215303;P178215303_15;O;7000;1240;0;8000;2440;2835
P178215303;P178215303_16;P;7000;0;0;8000;1200;2835
P178215303;P178215303_17;Q;8000;0;0;9000;1200;2835
P178215303;P178215303_18;R;8000;1240;0;9000;2440;2835
P178215303;P178215303_19;S;9000;1240;0;10000;2440;2835
P178215303;P178215303_20;T;9000;0;0;10000;1200;2835
P178215303;P178215303_21;U;10000;0;0;11000;1200;2835
P178215303;P178215303_22;V;10000;1240;0;11000;2440;2835
P178215303;P178215303_23;W;11000;1240;0;12000;2440;2835
P178215303;P178215303_24;X;11000;0;0;12000;1200;2835
P178215303;P178215303_25;Y;12000;0;0;13200;1000;2835
P178215303;P178215303_26;Z;12000;1240;0;13000;2440;2835
Q178215303_1;Q178215303_1_1;A;0;0;0;1000;1200;2835
Q178215303_1;Q178215303_1_2;B;0;1240;0;1000;2440;2835
Q178215303_1;Q178215303_1_3;C;1000;1240;0;2000;2440;2835
Q178215303_1;Q178215303_1_4;D;1000;0;0;2000;1200;2835
Q178215303_1;Q178215303_1_5;E;2000;0;0;3000;1200;2835
Q178215303_1;Q178215303_1_6;F;2000;1240;0;3000;2440;2835
Q178215303_1;Q178215303_1_7;G;3000;1240;0;4000;2440;2835
Q178215303_1;Q178215303_1_8;H;3000;0;0;4000;1200;2835
Q178215303_1;Q178215303_1_9;I;4000;0;0;5000;1200;2835
Q178215303_1;Q178215303_1_10;J;4000;1240;0;5000;2440;2835
Q178215303_1;Q178215303_1_11;K;5000;1240;0;6000;2440;2835
Q178215303_1;Q178215303_1_12;L;5000;0;0;6000;1200;2835
Q178215303_1;Q178215303_1_13;M;6000;0;0;7000;1200;2835
Q178215303_1;Q178215303_1_14;N;6000;1240;0;7000;2440;2835
Q178215303_1;Q178215303_1_15;O;7000;1240;0;8000;2440;2835
Q178215303_1;Q178215303_1_16;P;7000;0;0;8000;1200;2835
Q178215303_1;Q178215303_1_17;Q;8000;0;0;9000;1200;2835
Q178215303_1;Q178215303_1_18;R;8000;1240;0;9000;2440;2835
Q178215303_1;Q178215303_1_19;S;9000;1240;0;10000;2440;2835
Q178215303_1;Q178215303_1_20;T;9000;0;0;10000;1200;2835
Q178215303_1;Q178215303_1_21;U;10000;0;0;11000;1200;2835
Q178215303_1;Q178215303_1_22;V;10000;1240;0;11000;2440;2835
Q178215303_1;Q178215303_1_23;W;11000;1240;0;12000;2440;2835
Q178215303_1;Q178215303_1_24;X;11000;0;0;12000;1200;2835
Q178215303_1;Q178215303_1_25;Y;12000;0;0;13200;1000;2835
Q178215303_1;Q178215303_1_26;Z;12000;1240;0;13000;2440;2835
P177215307;P177215307_1;A;0;0;0;1000;1200;2835
P177215307;P177215307_2;B;0;1240;0;1000;2440;2835
P177215307;P177215307_3;C;1000;1240;0;2000;2440;2835
P177215307;P177215307_4;D;1000;0;0;2000;1200;2835
P177215307;P177215307_5;E;2000;0;0;3000;1200;2835
P177215307;P177215307_6;F;2000;1240;0;3000;2440;2835
P177215307;P177215307_7;G;3000;1240;0;4000;2440;2835
P177215307;P177215307_8;H;3000;0;0;4000;1200;2835
P177215307;P177215307_9;I;4000;0;0;5000;1200;2835
P177215307;P177215307_10;J;4000;1240;0;5000;2440;2835
P177215307;P177215307_11;K;5000;1240;0;6000;2440;2835
P177215307;P177215307_12;L;5000;0;0;6000;1200;2835
P177215307;P177215307_13;M;6000;0;0;7000;1200;2835
P177215307;P177215307_14;N;6000;1240;0;7000;2440;2835
P177215307;P177215307_15;O;7000;1240;0;8000;2440;2835
P177215307;P177215307_16;P;7000;0;0;8000;1200;2835
P177215307;P177215307_17;Q;8000;0;0;9000;1200;2835
P177215307;P177215307_18;R;8000;1240;0;9000;2440;2835
P177215307;P177215307_19;S;9000;1240;0;10000;2440;2835
P177215307;P177215307_20;T;9000;0;0;10000;1200;2835
P177215307;P177215307_21;U;10000;0;0;11000;1200;2835
P177215307;P177215307_22;V;10000;1240;0;11000;2440;2835
P177215307;P177215307_23;W;11000;1240;0;12000;2440;2835
P177215307;P177215307_24;X;11000;0;0;12000;1200;2835
P177215307;P177215307_25;Y;12000;0;0;13200;1000;2835
P177215307;P177215307_26;Z;12000;1240;0;13000;2440;2835
P177215305;P177215305_1;A;0;0;0;1000;1200;2835
P177215305;P177215305_2;B;0;1240;0;1000;2440;2835
P177215305;P177215305_3;C;1000;1240;0;2000;2440;2835
P177215305;P177215305_4;D;1000;0;0;2000;1200;2835
P177215305;P177215305_5;E;2000;0;0;3000;1200;2835
P177215305;P177215305_6;F;2000;1240;0;3000;2440;2835
P177215305;P177215305_7;G;3000;1240;0;4000;2440;2835
P177215305;P177215305_8;H;3000;0;0;4000;1200;2835
P177215305;P177215305_9;I;4000;0;0;5000;1200;2835
P177215305;P177215305_10;J;4000;1240;0;5000;2440;2835
P177215305;P177215305_11;K;5000;1240;0;6000;2440;2835
P177215305;P177215305_12;L;5000;0;0;6000;1200;2835
P177215305;P177215305_13;M;6000;0;0;7000;1200;2835
P177215305;P177215305_14;N;6000;1240;0;7000;2440;2835
P177215305;P177215305_15;O;7000;1240;0;8000;2440;2835
P177215305;P177215305_16;P;7000;0;0;8000;1200;2835
P177215305;P177215305_17;Q;8000;0;0;9000;1200;2835
P177215305;P177215305_18;R;8000;1240;0;9000;2440;2835
P177215305;P177215305_19;S;9000;1240;0;10000;2440;2835
P177215305;P177215305_20;T;9000;0;0;10000;1200;2835
P177215305;P177215305_21;U;10000;0;0;11000;1200;2835
P177215305;P177215305_22;V;10000;1240;0;11000;2440;2835
P177215305;P177215305_23;W;11000;1240;0;12000;2440;2835
P177215305;P177215305_24;X;11000;0;0;12000;1200;2835
P177215305;P177215305_25;Y;12000;0;0;13200;1000;2835
P177215305;P177215305_26;Z;12000;1240;0;13000;2440;2835
P177215303;P177215303_1;A;0;0;0;1000;1200;2835
P177215303;P177215303_2;B;0;1240;0;1000;2440;2835
P177215303;P177215303_3;C;1000;1240;0;2000;2440;2835
P177215303;P177215303_4;D;1000;0;0;2000;1200;2835
P177215303;P177215303_5;E;2000;0;0;3000;1200;2835
P177215303;P177215303_6;F;2000;1240;0;3000;2440;2835
P177215303;P177215303_7;G;3000;1240;0;4000;2440;2835
P177215303;P177215303_8;H;3000;0;0;4000;1200;2835
P177215303;P177215303_9;I;4000;0;0;5000;1200;2835
P177215303;P177215303_10;J;4000;1240;0;5000;2440;2835
P177215303;P177215303_11;K;5000;1240;0;6000;2440;2835
P177215303;P177215303_12;L;5000;0;0;6000;1200;2835
P177215303;P177215303_13;M;6000;0;0;7000;1200;2835
P177215303;P177215303_14;N;6000;1240;0;7000;2440;2835
P177215303;P177215303_15;O;7000;1240;0;8000;2440;2835
P177215303;P177215303_16;P;7000;0;0;8000;1200;2835
P177215303;P177215303_17;Q;8000;0;0;9000;1200;2835
P177215303;P177215303_18;R;8000;1240;0;9000;2440;2835
P177215303;P177215303_19;S;9000;1240;0;10000;2440;2835
P177215303;P177215303_20;T;9000;0;0;10000;1200;2835
P177215303;P177215303_21;U;10000;0;0;11000;1200;2835
P177215303;P177215303_22;V;10000;1240;0;11000;2440;2835
P177215303;P177215303_23;W;11000;1240;0;12000;2440;2835
P177215303;P177215303_24;X;11000;0;0;12000;1200;2835
P177215303;P177215303_25;Y;12000;0;0;13200;1000;2835
P177215303;P177215303_26;Z;12000;1240;0;13000;2440;2835
P174215307;P174215307_1;A;0;0;0;1000;1200;2835
P174215307;P174215307_2;B;0;1240;0;1000;2440;2835
P174215307;P174215307_3;C;1000;1240;0;2000;2440;2835
P174215307;P174215307_4;D;1000;0;0;2000;1200;2835
P174215307;P174215307_5;E;2000;0;0;3000;1200;2835
P174215307;P174215307_6;F;2000;1240;0;3000;2440;2835
P174215307;P174215307_7;G;3000;1240;0;4000;2440;2835
P174215307;P174215307_8;H;3000;0;0;4000;1200;2835
P174215307;P174215307_9;I;4000;0;0;5000;1200;2835
P174215307;P174215307_10;J;4000;1240;0;5000;2440;2835
P174215307;P174215307_11;K;5000;1240;0;6000;2440;2835
P174215307;P174215307_12;L;5000;0;0;6000;1200;2835
P174215307;P174215307_13;M;6000;0;0;7000;1200;2835
P174215307;P174215307_14;N;6000;1240;0;7000;2440;2835
P174215307;P174215307_15;O;7000;1240;0;8000;2440;2835
P174215307;P174215307_16;P;7000;0;0;8000;1200;2835
P174215307;P174215307_17;Q;8000;0;0;9000;1200;2835
P174215307;P174215307_18;R;8000;1240;0;9000;2440;2835
P174215307;P174215307_19;S;9000;1240;0;10000;2440;2835
P174215307;P174215307_20;T;9000;0;0;10000;1200;2835
P174215307;P174215307_21;U;10000;0;0;11000;1200;2835
P174215307;P174215307_22;V;10000;1240;0;11000;2440;2835
P174215307;P174215307_23;W;11000;1240;0;12000;2440;2835
P174215307;P174215307_24;X;11000;0;0;12000;1200;2835
P174215307;P174215307_25;Y;12000;0;0;13200;1000;2835
P174215307;P174215307_26;Z;12000;1240;0;13000;2440;2835
P174215303;P174215303_1;A;0;0;0;1000;1200;2835
P174215303;P174215303_2;B;0;1240;0;1000;2440;2835
P174215303;P174215303_3;C;1000;1240;0;2000;2440;2835
P174215303;P174215303_4;D;1000;0;0;2000;1200;2835
P174215303;P174215303_5;E;2000;0;0;3000;1200;2835
P174215303;P174215303_6;F;2000;1240;0;3000;2440;2835
P174215303;P174215303_7;G;3000;1240;0;4000;2440;2835
P174215303;P174215303_8;H;3000;0;0;4000;1200;2835
P174215303;P174215303_9;I;4000;0;0;5000;1200;2835
P174215303;P174215303_10;J;4000;1240;0;5000;2440;2835
P174215303;P174215303_11;K;5000;1240;0;6000;2440;2835
P174215303;P174215303_12;L;5000;0;0;6000;1200;2835
P174215303;P174215303_13;M;6000;0;0;7000;1200;2835
P174215303;P174215303_14;N;6000;1240;0;7000;2440;2835
P174215303;P174215303_15;O;7000;1240;0;8000;2440;2835
P174215303;P174215303_16;P;7000;0;0;8000;1200;2835
P174215303;P174215303_17;Q;8000;0;0;9000;1200;2835
P174215303;P174215303_18;R;8000;1240;0;9000;2440;2835
P174215303;P174215303_19;S;9000;1240;0;10000;2440;2835
P174215303;P174215303_20;T;9000;0;0;10000;1200;2835
P174215303;P174215303_21;U;10000;0;0;11000;1200;2835
P174215303;P174215303_22;V;10000;1240;0;11000;2440;2835
P174215303;P174215303_23;W;11000;1240;0;12000;2440;2835
P174215303;P174215303_24;X;11000;0;0;12000;1200;2835
P174215303;P174215303_25;Y;12000;0;0;13200;1000;2835
P174215303;P174215303_26;Z;12000;1240;0;13000;2440;2835
P173215305;P173215305_1;A;0;0;0;1000;1200;2835
P173215305;P173215305_2;B;0;1240;0;1000;2440;2835
P173215305;P173215305_3;C;1000;1240;0;2000;2440;2835
P173215305;P173215305_4;D;1000;0;0;2000;1200;2835
P173215305;P173215305_5;E;2000;0;0;3000;1200;2835
P173215305;P173215305_6;F;2000;1240;0;3000;2440;2835
P173215305;P173215305_7;G;3000;1240;0;4000;2440;2835
P173215305;P173215305_8;H;3000;0;0;4000;1200;2835
P173215305;P173215305_9;I;4000;0;0;5000;1200;2835
P173215305;P173215305_10;J;4000;1240;0;5000;2440;2835
P173215305;P173215305_11;K;5000;1240;0;6000;2440;2835
P173215305;P173215305_12;L;5000;0;0;6000;1200;2835
P173215305;P173215305_13;M;6000;0;0;7000;1200;2835
P173215305;P173215305_14;N;6000;1240;0;7000;2440;2835
P173215305;P173215305_15;O;7000;1240;0;8000;2440;2835
P173215305;P173215305_16;P;7000;0;0;8000;1200;2835
P173215305;P173215305_17;Q;8000;0;0;9000;1200;2835
P173215305;P173215305_18;R;8000;1240;0;9000;2440;2835
P173215305;P173215305_19;S;9000;1240;0;10000;2440;2835
P173215305;P173215305_20;T;9000;0;0;10000;1200;2835
P173215305;P173215305_21;U;10000;0;0;11000;1200;2835
P173215305;P173215305_22;V;10000;1240;0;11000;2440;2835
P173215305;P173215305_23;W;11000;1240;0;12000;2440;2835
P173215305;P173215305_24;X;11000;0;0;12000;1200;2835
P173215305;P173215305_25;Y;12000;0;0;13200;1000;2835
P173215305;P173215305_26;Z;12000;1240;0;13000;2440;2835
P173215303;P173215303_1;A;0;0;0;1000;1200;2835
P173215303;P173215303_2;B;0;1240;0;1000;2440;2835
P173215303;P173215303_3;C;1000;1240;0;2000;2440;2835
P173215303;P173215303_4;D;1000;0;0;2000;1200;2835
P173215303;P173215303_5;E;2000;0;0;3000;1200;2835
P173215303;P173215303_6;F;2000;1240;0;3000;2440;2835
P173215303;P173215303_7;G;3000;1240;0;4000;2440;2835
P173215303;P173215303_8;H;3000;0;0;4000;1200;2835
P173215303;P173215303_9;I;4000;0;0;5000;1200;2835
P173215303;P173215303_10;J;4000;1240;0;5000;2440;2835
P173215303;P173215303_11;K;5000;1240;0;6000;2440;2835
P173215303;P173215303_12;L;5000;0;0;6000;1200;2835
P173215303;P173215303_13;M;6000;0;0;7000;1200;2835
P173215303;P173215303_14;N;6000;1240;0;7000;2440;2835
P173215303;P173215303_15;O;7000;1240;0;8000;2440;2835
P173215303;P173215303_16;P;7000;0;0;8000;1200;2835
P173215303;P173215303_17;Q;8000;0;0;9000;1200;2835
P173215303;P173215303_18;R;8000;1240;0;9000;2440;2835
P173215303;P173215303_19;S;9000;1240;0;10000;2440;2835
P173215303;P173215303_20;T;9000;0;0;10000;1200;2835
P173215303;P173215303_21;U;10000;0;0;11000;1200;2835
P173215303;P173215303_22;V;10000;1240;0;11000;2440;2835
P173215303;P173215303_23;W;11000;1240;0;12000;2440;2835
P173215303;P173215303_24;X;11000;0;0;12000;1200;2835
P173215303;P173215303_25;Y;12000;0;0;13200;1000;2835
P173215303;P173215303_26;Z;12000;1240;0;13000;2440;2835
P172215307;P172215307_1;A;0;0;0;1000;1200;2835
P172215307;P172215307_2;B;0;1240;0;1000;2440;2835
P172215307;P172215307_3;C;1000;1240;0;2000;2440;2835
P172215307;P172215307_4;D;1000;0;0;2000;1200;2835
P172215307;P172215307_5;E;2000;0;0;3000;1200;2835
P172215307;P172215307_6;F;2000;1240;0;3000;2440;2835
P172215307;P172215307_7;G;3000;1240;0;4000;2440;2835
P172215307;P172215307_8;H;3000;0;0;4000;1200;2835
P172215307;P172215307_9;I;4000;0;0;5000;1200;2835
P172215307;P172215307_10;J;4000;1240;0;5000;2440;2835
P172215307;P172215307_11;K;5000;1240;0;6000;2440;2835
P172215307;P172215307_12;L;5000;0;0;6000;1200;2835
P172215307;P172215307_13;M;6000;0;0;7000;1200;2835
P172215307;P172215307_14;N;6000;1240;0;7000;2440;2835
P172215307;P172215307_15;O;7000;1240;0;8000;2440;2835
P172215307;P172215307_16;P;7000;0;0;8000;1200;2835
P172215307;P172215307_17;Q;8000;0;0;9000;1200;2835
P172215307;P172215307_18;R;8000;1240;0;9000;2440;2835
P172215307;P172215307_19;S;9000;1240;0;10000;2440;2835
P172215307;P172215307_20;T;9000;0;0;10000;1200;2835
P172215307;P172215307_21;U;10000;0;0;11000;1200;2835
P172215307;P172215307_22;V;10000;1240;0;11000;2440;2835
P172215307;P172215307_23;W;11000;1240;0;12000;2440;2835
P172215307;P172215307_24;X;11000;0;0;12000;1200;2835
P172215307;P172215307_25;Y;12000;0;0;13200;1000;2835
P172215307;P172215307_26;Z;12000;1240;0;13000;2440;2835
P172215303;P172215303_1;A;0;0;0;1000;1200;2835
P172215303;P172215303_2;B;0;1240;0;1000;2440;2835
P172215303;P172215303_3;C;1000;1240;0;2000;2440;2835
P172215303;P172215303_4;D;1000;0;0;2000;1200;2835
P172215303;P172215303_5;E;2000;0;0;3000;1200;2835
P172215303;P172215303_6;F;2000;1240;0;3000;2440;2835
P172215303;P172215303_7;G;3000;1240;0;4000;2440;2835
P172215303;P172215303_8;H;3000;0;0;4000;1200;2835
P172215303;P172215303_9;I;4000;0;0;5000;1200;2835
P172215303;P172215303_10;J;4000;1240;0;5000;2440;2835
P172215303;P172215303_11;K;5000;1240;0;6000;2440;2835
P172215303;P172215303_12;L;5000;0;0;6000;1200;2835
P172215303;P172215303_13;M;6000;0;0;7000;1200;2835
P172215303;P172215303_14;N;6000;1240;0;7000;2440;2835
P172215303;P172215303_15;O;7000;1240;0;8000;2440;2835
P172215303;P172215303_16;P;7000;0;0;8000;1200;2835
P172215303;P172215303_17;Q;8000;0;0;9000;1200;2835
P172215303;P172215303_18;R;8000;1240;0;9000;2440;2835
P172215303;P172215303_19;S;9000;1240;0;10000;2440;2835
P172215303;P172215303_20;T;9000;0;0;10000;1200;2835
P172215303;P172215303_21;U;10000;0;0;11000;1200;2835
P172215303;P172215303_22;V;10000;1240;0;11000;2440;2835
P172215303;P172215303_23;W;11000;1240;0;12000;2440;2835
P172215303;P172215303_24;X;11000;0;0;12000;1200;2835
P172215303;P172215303_25;Y;12000;0;0;13200;1000;2835
P172215303;P172215303_26;Z;12000;1240;0;13000;2440;2835
P171215307;P171215307_1;A;0;0;0;1000;1200;2835
P171215307;P171215307_2;B;0;1240;0;1000;2440;2835
P171215307;P171215307_3;C;1000;1240;0;2000;2440;2835
P171215307;P171215307_4;D;1000;0;0;2000;1200;2835
P171215307;P171215307_5;E;2000;0;0;3000;1200;2835
P171215307;P171215307_6;F;2000;1240;0;3000;2440;2835
P171215307;P171215307_7;G;3000;1240;0;4000;2440;2835
P171215307;P171215307_8;H;3000;0;0;4000;1200;2835
P171215307;P171215307_9;I;4000;0;0;5000;1200;2835
P171215307;P171215307_10;J;4000;1240;0;5000;2440;2835
P171215307;P171215307_11;K;5000;1240;0;6000;2440;2835
P171215307;P171215307_12;L;5000;0;0;6000;1200;2835
P171215307;P171215307_13;M;6000;0;0;7000;1200;2835
P171215307;P171215307_14;N;6000;1240;0;7000;2440;2835
P171215307;P171215307_15;O;7000;1240;0;8000;2440;2835
P171215307;P171215307_16;P;7000;0;0;8000;1200;2835
P171215307;P171215307_17;Q;8000;0;0;9000;1200;2835
P171215307;P171215307_18;R;8000;1240;0;9000;2440;2835
P171215307;P171215307_19;S;9000;1240;0;10000;2440;2835
P171215307;P171215307_20;T;9000;0;0;10000;1200;2835
P171215307;P171215307_21;U;10000;0;0;11000;1200;2835
P171215307;P171215307_22;V;10000;1240;0;11000;2440;2835
P171215307;P171215307_23;W;11000;1240;0;12000;2440;2835
P171215307;P171215307_24;X;11000;0;0;12000;1200;2835
P171215307;P171215307_25;Y;12000;0;0;13200;1000;2835
P171215307;P171215307_26;Z;12000;1240;0;13000;2440;2835
P171215303;P171215303_1;A;0;0;0;1000;1200;2835
P171215303;P171215303_2;B;0;1240;0;1000;2440;2835
P171215303;P171215303_3;C;1000;1240;0;2000;2440;2835
P171215303;P171215303_4;D;1000;0;0;2000;1200;2835
P171215303;P171215303_5;E;2000;0;0;3000;1200;2835
P171215303;P171215303_6;F;2000;1240;0;3000;2440;2835
P171215303;P171215303_7;G;3000;1240;0;4000;2440;2835
P171215303;P171215303_8;H;3000;0;0;4000;1200;2835
P171215303;P171215303_9;I;4000;0;0;5000;1200;2835
P171215303;P171215303_10;J;4000;1240;0;5000;2440;2835
P171215303;P171215303_11;K;5000;1240;0;6000;2440;2835
P171215303;P171215303_12;L;5000;0;0;6000;1200;2835
P171215303;P171215303_13;M;6000;0;0;7000;1200;2835
P171215303;P171215303_14;N;6000;1240;0;7000;2440;2835
P171215303;P171215303_15;O;7000;1240;0;8000;2440;2835
P171215303;P171215303_16;P;7000;0;0;8000;1200;2835
P171215303;P171215303_17;Q;8000;0;0;9000;1200;2835
P171215303;P171215303_18;R;8000;1240;0;9000;2440;2835
P171215303;P171215303_19;S;9000;1240;0;10000;2440;2835
P171215303;P171215303_20;T;9000;0;0;10000;1200;2835
P171215303;P171215303_21;U;10000;0;0;11000;1200;2835
P171215303;P171215303_22;V;10000;1240;0;11000;2440;2835
P171215303;P171215303_23;W;11000;1240;0;12000;2440;2835
P171215303;P171215303_24;X;11000;0;0;12000;1200;2835
P171215303;P171215303_25;Y;12000;0;0;13200;1000;2835
P171215303;P171215303_26;Z;12000;1240;0;13000;2440;2835
P170215307;P170215307_1;A;0;0;0;1000;1200;2835
P170215307;P170215307_2;B;0;1240;0;1000;2440;2835
P170215307;P170215307_3;C;1000;1240;0;2000;2440;2835
P170215307;P170215307_4;D;1000;0;0;2000;1200;2835
P170215307;P170215307_5;E;2000;0;0;3000;1200;2835
P170215307;P170215307_6;F;2000;1240;0;3000;2440;2835
P170215307;P170215307_7;G;3000;1240;0;4000;2440;2835
P170215307;P170215307_8;H;3000;0;0;4000;1200;2835
P170215307;P170215307_9;I;4000;0;0;5000;1200;2835
P170215307;P170215307_10;J;4000;1240;0;5000;2440;2835
P170215307;P170215307_11;K;5000;1240;0;6000;2440;2835
P170215307;P170215307_12;L;5000;0;0;6000;1200;2835
P170215307;P170215307_13;M;6000;0;0;7000;1200;2835
P170215307;P170215307_14;N;6000;1240;0;7000;2440;2835
P170215307;P170215307_15;O;7000;1240;0;8000;2440;2835
P170215307;P170215307_16;P;7000;0;0;8000;1200;2835
P170215307;P170215307_17;Q;8000;0;0;9000;1200;2835
P170215307;P170215307_18;R;8000;1240;0;9000;2440;2835
P170215307;P170215307_19;S;9000;1240;0;10000;2440;2835
P170215307;P170215307_20;T;9000;0;0;10000;1200;2835
P170215307;P170215307_21;U;10000;0;0;11000;1200;2835
P170215307;P170215307_22;V;10000;1240;0;11000;2440;2835
P170215307;P170215307_23;W;11000;1240;0;12000;2440;2835
P170215307;P170215307_24;X;11000;0;0;12000;1200;2835
P170215307;P170215307_25;Y;12000;0;0;13200;1000;2835
P170215307;P170215307_26;Z;12000;1240;0;13000;2440;2835
P170215305;P170215305_1;A;0;0;0;1000;1200;2835
P170215305;P170215305_2;B;0;1240;0;1000;2440;2835
P170215305;P170215305_3;C;1000;1240;0;2000;2440;2835
P170215305;P170215305_4;D;1000;0;0;2000;1200;2835
P170215305;P170215305_5;E;2000;0;0;3000;1200;2835
P170215305;P170215305_6;F;2000;1240;0;3000;2440;2835
P170215305;P170215305_7;G;3000;1240;0;4000;2440;2835
P170215305;P170215305_8;H;3000;0;0;4000;1200;2835
P170215305;P170215305_9;I;4000;0;0;5000;1200;2835
P170215305;P170215305_10;J;4000;1240;0;5000;2440;2835
P170215305;P170215305_11;K;5000;1240;0;6000;2440;2835
P170215305;P170215305_12;L;5000;0;0;6000;1200;2835
P170215305;P170215305_13;M;6000;0;0;7000;1200;2835
P170215305;P170215305_14;N;6000;1240;0;7000;2440;2835
P170215305;P170215305_15;O;7000;1240;0;8000;2440;2835
P170215305;P170215305_16;P;7000;0;0;8000;1200;2835
P170215305;P170215305_17;Q;8000;0;0;9000;1200;2835
P170215305;P170215305_18;R;8000;1240;0;9000;2440;2835
P170215305;P170215305_19;S;9000;1240;0;10000;2440;2835
P170215305;P170215305_20;T;9000;0;0;10000;1200;2835
P170215305;P170215305_21;U;10000;0;0;11000;1200;2835
P170215305;P170215305_22;V;10000;1240;0;11000;2440;2835
P170215305;P170215305_23;W;11000;1240;0;12000;2440;1905
P170215303;P170215303_1;A;0;0;0;1000;1200;2835
P170215303;P170215303_2;B;0;1240;0;1000;2440;2835
P170215303;P170215303_3;C;1000;1240;0;2000;2440;2835
P170215303;P170215303_4;D;1000;0;0;2000;1200;2835
P170215303;P170215303_5;E;2000;0;0;3000;1200;2835
P170215303;P170215303_6;F;2000;1240;0;3000;2440;2835
P170215303;P170215303_7;G;3000;1240;0;4000;2440;2835
P170215303;P170215303_8;H;3000;0;0;4000;1200;2835
P170215303;P170215303_9;I;4000;0;0;5000;1200;2835
P170215303;P170215303_10;J;4000;1240;0;5000;2440;2835
P170215303;P170215303_11;K;5000;1240;0;6000;2440;2835
P170215303;P170215303_12;L;5000;0;0;6000;1200;2835
P170215303;P170215303_13;M;6000;0;0;7000;1200;2835
P170215303;P170215303_14;N;6000;1240;0;7000;2440;2835
P170215303;P170215303_15;O;7000;1240;0;8000;2440;2835
P170215303;P170215303_16;P;7000;0;0;8000;1200;2835
P170215303;P170215303_17;Q;8000;0;0;9000;1200;2835
P170215303;P170215303_18;R;8000;1240;0;9000;2440;2835
P170215303;P170215303_19;S;9000;1240;0;10000;2440;2835
P167215303;P167215303_1;A;0;0;0;1000;1200;2835
P167215303;P167215303_2;B;0;1240;0;1000;2440;2835
P167215303;P167215303_3;C;1000;1240;0;2000;2440;2835
P167215303;P167215303_4;D;1000;0;0;2000;1200;2835
P167215303;P167215303_5;E;2000;0;0;3000;1200;2835
P167215303;P167215303_6;F;2000;1240;0;3000;2440;2835
P167215303;P167215303_7;G;3000;1240;0;4000;2440;2835
P167215303;P167215303_8;H;3000;0;0;4000;1200;2835
P167215303;P167215303_9;I;4000;0;0;5000;1200;2835
P167215303;P167215303_10;J;4000;1240;0;5000;2440;2835
P167215303;P167215303_11;K;5000;1240;0;6000;2440;2835
P167215303;P167215303_12;L;5000;0;0;6000;1200;2835
P167215303;P167215303_13;M;6000;0;0;7000;1200;2835
P167215303;P167215303_14;N;6000;1240;0;7000;2440;2835
P167215303;P167215303_15;O;7000;1240;0;8000;2440;2835
P167215303;P167215303_16;P;7000;0;0;8000;1200;2835
P167215303;P167215303_17;Q;8000;0;0;9000;1200;2835
P167215303;P167215303_18;R;8000;1240;0;9000;2440;2835
P167215303;P167215303_19;S;9000;1240;0;10000;2440;2835
P167215303;P167215303_20;T;9000;0;0;10000;1200;2835
P167215303;P167215303_21;U;10000;0;0;11000;1200;2835
P167215303;P167215303_22;V;10000;1240;0;11000;2440;2835
P167215303;P167215303_23;W;11000;1240;0;12000;2440;2835
P167215303;P167215303_24;X;11000;0;0;12000;1200;2835
P167215303;P167215303_25;Y;12000;0;0;13200;1000;2835
P167215303;P167215303_26;Z;12000;1240;0;13000;2440;2835
Q167215303_1;Q167215303_1_1;A;0;0;0;1000;1200;2835
Q167215303_1;Q167215303_1_2;B;0;1240;0;1000;2440;2835
Q167215303_1;Q167215303_1_3;C;1000;1240;0;2000;2440;2835
Q167215303_1;Q167215303_1_4;D;1000;0;0;2000;1200;2835
Q167215303_1;Q167215303_1_5;E;2000;0;0;3000;1200;2835
Q167215303_1;Q167215303_1_6;F;2000;1240;0;3000;2440;2835
Q167215303_1;Q167215303_1_7;G;3000;1240;0;4000;2440;2835
Q167215303_1;Q167215303_1_8;H;3000;0;0;4000;1200;2835
Q167215303_1;Q167215303_1_9;I;4000;0;0;5000;1200;2835
Q167215303_1;Q167215303_1_10;J;4000;1240;0;5000;2440;2835
Q167215303_1;Q167215303_1_11;K;5000;1240;0;6000;2440;2835
Q167215303_1;Q167215303_1_12;L;5000;0;0;6000;1200;2835
Q167215303_1;Q167215303_1_13;M;6000;0;0;7000;1200;2835
Q167215303_1;Q167215303_1_14;N;6000;1240;0;7000;2440;2835
Q167215303_1;Q167215303_1_15;O;7000;1240;0;8000;2440;2835
Q167215303_1;Q167215303_1_16;P;7000;0;0;8000;1200;2835
Q167215303_1;Q167215303_1_17;Q;8000;0;0;9000;1200;2835
Q167215303_1;Q167215303_1_18;R;8000;1240;0;9000;2440;2835
Q167215303_1;Q167215303_1_19;S;9000;1240;0;10000;2440;2835
Q167215303_1;Q167215303_1_20;T;9000;0;0;10000;1200;2835
Q167215303_1;Q167215303_1_21;U;10000;0;0;11000;1200;2835
Q167215303_1;Q167215303_1_22;V;10000;1240;0;11000;2440;2835
Q167215303_1;Q167215303_1_23;W;11000;1240;0;12000;2440;2835
Q167215303_1;Q167215303_1_24;X;11000;0;0;12000;1200;2835
Q167215303_1;Q167215303_1_25;Y;12000;0;0;13200;1000;2835
Q167215303_1;Q167215303_1_26;Z;12000;1240;0;13000;2440;2835
P166215307;P166215307_1;A;0;0;0;1000;1200;2835
P166215307;P166215307_2;B;0;1240;0;1000;2440;2835
P166215307;P166215307_3;C;1000;1240;0;2000;2440;2835
P166215307;P166215307_4;D;1000;0;0;2000;1200;2835
P166215307;P166215307_5;E;2000;0;0;3000;1200;2835
P166215307;P166215307_6;F;2000;1240;0;3000;2440;2835
P166215307;P166215307_7;G;3000;1240;0;4000;2440;2835
P166215307;P166215307_8;H;3000;0;0;4000;1200;1905
P166215307;P166215307_9;I;4000;0;0;5000;1200;2835
P166215307;P166215307_10;J;4000;1240;0;5000;2440;2835
P166215307;P166215307_11;K;5000;1240;0;6000;2440;2835
P166215307;P166215307_12;L;5000;0;0;6000;1200;2835
P166215307;P166215307_13;M;6000;0;0;7000;1200;2835
P166215307;P166215307_14;N;6000;1240;0;7000;2440;2835
P209240607;P209240607_1;A;0;0;0;1600;1200;2340
P209240607;P209240607_2;B;0;1240;0;1600;2440;2865
P209240607;P209240607_3;C;1600;1240;0;3200;2440;2865
P209240607;P209240607_4;D;1600;0;0;3200;1200;2865
P209240607;P209240607_5;E;3200;0;0;4800;1200;2865
P209240607;P209240607_6;F;3200;1240;0;4800;2440;2865
P209240607;P209240607_7;G;4800;1240;0;6400;2440;2865
P209240607;P209240607_8;H;4800;0;0;6400;1200;2865
P209240607;P209240607_9;I;6400;0;0;8000;1200;2865
P209240607;P209240607_10;J;6400;1240;0;8000;2440;2865
P209240607;P209240607_11;K;8000;1240;0;9600;2440;2865
P209240607;P209240607_12;L;8000;0;0;9600;1200;2865
P209240607;P209240607_13;M;9600;0;0;11200;1200;2340
P209240607;P209240607_14;N;9600;1240;0;11200;2440;2520
P209240607;P209240607_15;O;11200;1240;0;12800;2440;2865
P209240607;P209240607_16;P;11200;0;0;12210;1206;2895
P209240607;P209240607_17;Q;12210;0;0;13220;1206;2695
P207240607;P207240607_1;A;0;1240;0;1600;2440;2865
P207240607;P207240607_2;B;0;0;0;1600;1200;2865
P207240607;P207240607_3;C;1600;0;0;3200;1200;2865
P207240607;P207240607_4;D;1600;1240;0;3200;2440;2865
P207240607;P207240607_5;E;3200;1240;0;4800;2440;2865
P207240607;P207240607_6;F;3200;0;0;4800;1200;2865
P207240607;P207240607_7;G;4800;0;0;6400;1200;2865
P207240607;P207240607_8;H;4800;1240;0;6400;2440;2865
P207240607;P207240607_9;I;6400;1240;0;8000;2440;2700
P207240607;P207240607_10;J;6400;0;0;8000;1200;2520
P207240607;P207240607_11;K;8000;0;0;9600;1200;2865
P207240607;P207240607_12;L;8000;1240;0;9600;2440;2865
P207240607;P207240607_13;M;9600;1240;0;11200;2440;2865
P207240607;P207240607_14;N;9600;0;0;11200;1200;2865
P207240607;P207240607_15;O;11200;0;0;12800;1200;2865
P207240607;P207240607_16;P;11200;1234;0;12210;2440;2695
P207240607;P207240607_17;Q;12210;1234;0;13220;2440;2695
P206240609;P206240609_1;A;0;0;0;1600;1200;2700
P206240609;P206240609_2;B;0;1200;0;1600;2400;2700
P206240609;P206240609_3;C;1600;1240;0;3200;2440;2700
P206240609;P206240609_4;D;1600;0;0;3200;1200;2520
P206240609;P206240609_5;E;3200;0;0;4800;1200;2340
P206240609;P206240609_6;F;3200;1240;0;4800;2440;2865
P206240609;P206240609_7;G;4800;1240;0;6400;2440;2865
P206240609;P206240609_8;H;4800;0;0;6400;1200;2865
P206240609;P206240609_9;I;6400;0;0;8000;1200;2865
P206240609;P206240609_10;J;6400;1240;0;8000;2440;2865
P206240609;P206240609_11;K;8000;1240;0;9600;2440;2865
P206240609;P206240609_12;L;8000;0;0;9600;1200;1815
P206240609;P206240609_13;M;9600;0;0;10170;780;1771
P206240609;P206240609_14;N;9600;780;0;10170;1560;1771
P206240609;P206240609_15;O;9600;1660;0;10170;2440;909
P202240607;P202240607_1;A;0;0;0;1600;1200;2865
P202240607;P202240607_2;B;0;1240;0;1600;2440;2865
P202240607;P202240607_3;C;1600;1240;0;3200;2440;2865
P202240607;P202240607_4;D;1600;0;0;3200;1200;2865
P202240607;P202240607_5;E;3200;0;0;4800;1200;2865
P202240607;P202240607_6;F;3200;1240;0;4800;2440;2865
P202240607;P202240607_7;G;4800;1240;0;6400;2440;2865
P202240607;P202240607_8;H;4800;0;0;6400;1200;2865
P202240607;P202240607_9;I;6400;0;0;8000;1200;2865
P202240607;P202240607_10;J;6400;1240;0;8000;2440;2340
P202240607;P202240607_11;K;8000;1240;0;9600;2440;2700
P202240607;P202240607_12;L;8000;0;0;9600;1200;2865
P202240607;P202240607_13;M;9600;0;0;11200;1200;2865
P202240607;P202240607_14;N;9600;1240;0;11200;2440;2865
P202240607;P202240607_15;O;11200;1240;0;12800;2440;2160
P202240607;P202240607_16;P;11200;0;0;12210;1206;2895
P202240607;P202240607_17;Q;12210;0;0;13220;1206;2895
P200240607;P200240607_1;A;0;0;0;1600;1200;2865
P200240607;P200240607_2;B;0;1240;0;1600;2440;2865
P200240607;P200240607_3;C;1600;1240;0;3200;2440;2865
P200240607;P200240607_4;D;1600;0;0;3200;1200;2865
P200240607;P200240607_5;E;3200;0;0;4800;1200;2865
P200240607;P200240607_6;F;3200;1240;0;4800;2440;2865
P200240607;P200240607_7;G;4800;1240;0;6400;2440;2865
P200240607;P200240607_8;H;4800;0;0;6400;1200;2865
P200240607;P200240607_9;I;6400;0;0;8000;1200;2865
P200240607;P200240607_10;J;6400;1240;0;8000;2440;2865
P200240607;P200240607_11;K;8000;1240;0;9600;2440;2700
P200240607;P200240607_12;L;8000;0;0;9600;1200;2340
P200240607;P200240607_13;M;9600;0;0;11200;1200;2865
P200240607;P200240607_14;N;9600;1240;0;11200;2440;2865
P200240607;P200240607_15;O;11200;1240;0;12800;2440;2160
P200240607;P200240607_16;P;11200;0;0;12210;1206;2895
P200240607;P200240607_17;Q;12210;0;0;13220;1206;2895
P199240609;P199240609_1;A;0;0;0;1600;1200;2865
P199240609;P199240609_2;B;0;1200;0;1600;2400;2865
P199240609;P199240609_3;C;1600;1240;0;3200;2440;2865
P199240609;P199240609_4;D;1600;0;0;3200;1200;2865
P199240609;P199240609_5;E;3200;0;0;4800;1200;2700
P199240609;P199240609_6;F;3200;1240;0;4800;2440;2700
P199240609;P199240609_7;G;4800;1240;0;6400;2440;2865
P199240609;P199240609_8;H;4800;0;0;6400;1200;2865
P199240609;P199240609_9;I;6400;0;0;8000;1200;2700
P199240609;P199240609_10;J;6400;1240;0;8000;2440;2865
P199240609;P199240609_11;K;8000;1240;0;9600;2440;2865
P199240609;P199240609_12;L;8000;0;0;9600;1200;2865
P199240609;P199240609_13;M;9600;0;0;11200;1200;2865
P199240609;P199240609_14;N;9600;1240;0;11200;2440;2865
P199240609;P199240609_15;O;11200;1240;0;12800;2440;2865
P199240609;P199240609_16;P;11200;0;0;12800;1200;2865
P193240607;P193240607_1;A;0;0;0;1600;1200;2865
P193240607;P193240607_2;B;0;1240;0;1600;2440;2865
P193240607;P193240607_3;C;1600;1240;0;3200;2440;2865
P193240607;P193240607_4;D;1600;0;0;3200;1200;2865
P193240607;P193240607_5;E;3200;0;0;4800;1200;2865
P193240607;P193240607_6;F;3200;1240;0;4800;2440;2865
P193240607;P193240607_7;G;4800;1240;0;6400;2440;2865
P193240607;P193240607_8;H;4800;0;0;6400;1200;2520
P193240607;P193240607_9;I;6400;0;0;8000;1200;2700
P193240607;P193240607_10;J;6400;1240;0;8000;2440;2865
P193240607;P193240607_11;K;8000;1240;0;9600;2440;2865
P193240607;P193240607_12;L;8000;0;0;9600;1200;2865
P193240607;P193240607_13;M;9600;0;0;11200;1200;2865
P193240607;P193240607_14;N;9600;1240;0;11200;2440;2865
P193240607;P193240607_15;O;11200;1234;0;12210;2440;2710
P193240607;P193240607_16;P;11200;0;0;12210;1206;2895
P193240607;P193240607_17;Q;12210;0;0;13416;1010;2895
P193240607;P193240607_18;R;12210;1430;0;13416;2440;2710
P192240609;P192240609_1;A;0;0;0;1600;1200;2340
P192240609;P192240609_2;B;0;1240;0;1600;2440;2865
P192240609;P192240609_3;C;1600;1240;0;3200;2440;2865
P192240609;P192240609_4;D;1600;0;0;3200;1200;2865
P192240609;P192240609_5;E;3200;0;0;4800;1200;2865
P192240609;P192240609_6;F;3200;1240;0;4800;2440;2865
P192240609;P192240609_7;G;4800;1240;0;6400;2440;2865
P192240609;P192240609_8;H;4800;0;0;6400;1200;2865
P192240609;P192240609_9;I;6400;0;0;8000;1200;2865
P192240609;P192240609_10;J;6400;1240;0;8000;2440;2340
P192240609;P192240609_11;K;8000;1240;0;9600;2440;2865
P192240609;P192240609_12;L;8000;0;0;9600;1200;2865
P192240609;P192240609_13;M;9600;0;0;11200;1200;2865
P192240609;P192240609_14;N;9600;1240;0;11200;2440;2865
P192240609;P192240609_15;O;11200;1240;0;12800;2440;2865
P192240609;P192240609_16;P;11200;0;0;11770;780;1771
P192240609;P192240609_17;Q;11770;0;0;12340;780;1771
P192240609;P192240609_18;R;12340;0;0;12910;780;1771
P192240609;P192240609_19;S;12800;780;0;13370;1560;1771
P192240609;P192240609_20;T;12800;1660;0;13370;2440;909
P188240607;P188240607_1;A;0;0;0;1600;1200;2700
P188240607;P188240607_2;B;0;1240;0;1600;2440;2520
P188240607;P188240607_3;C;1600;1240;0;3200;2440;2865
P188240607;P188240607_4;D;1600;0;0;3200;1200;2865
P188240607;P188240607_5;E;3200;0;0;4800;1200;2865
P188240607;P188240607_6;F;3200;1240;0;4800;2440;2865
P188240607;P188240607_7;G;4800;1240;0;6400;2440;2865
P188240607;P188240607_8;H;4800;0;0;6400;1200;2865
P188240607;P188240607_9;I;6400;0;0;8000;1200;2865
P188240607;P188240607_10;J;6400;1240;0;8000;2440;2865
P188240607;P188240607_11;K;8000;1240;0;9600;2440;2865
P188240607;P188240607_12;L;8000;0;0;9600;1200;2865
P188240607;P188240607_13;M;9600;0;0;11200;1200;2865
P188240607;P188240607_14;N;9600;1240;0;11200;2440;2865
P188240607;P188240607_15;O;11200;1240;0;12800;2440;1455
P188240607;P188240607_16;P;11200;0;0;12210;1206;2895
P188240607;P188240607_17;Q;12210;0;0;13220;1206;2895
Q188240607_1;Q188240607_1_1;A;0;0;0;1600;1200;2865
Q188240607_1;Q188240607_1_2;B;0;1240;0;1600;2440;2700
Q188240607_1;Q188240607_1_3;C;1600;1240;0;3200;2440;2700
Q188240607_1;Q188240607_1_4;D;1600;0;0;3200;1200;2700
Q188240607_1;Q188240607_1_5;E;3200;0;0;4800;1200;2520
Q188240607_1;Q188240607_1_6;F;3200;1240;0;4800;2440;2865
Q188240607_1;Q188240607_1_7;G;4800;1240;0;6400;2440;2340
Q188240607_1;Q188240607_1_8;H;4800;0;0;6400;1200;2700
Q188240607_1;Q188240607_1_9;I;6400;0;0;8000;1200;2700
Q188240607_1;Q188240607_1_10;J;6400;1240;0;8000;2440;2700
Q188240607_1;Q188240607_1_11;K;8000;1240;0;9600;2440;2865
Q188240607_1;Q188240607_1_12;L;8000;0;0;9600;1200;2865
Q188240607_1;Q188240607_1_13;M;9600;0;0;11200;1200;2865
Q188240607_1;Q188240607_1_14;N;9600;1240;0;11200;2440;2865
Q188240607_1;Q188240607_1_15;O;11200;1240;0;12800;2440;2865
Q188240607_1;Q188240607_1_16;P;11200;0;0;12210;1206;2310
Q188240607_1;Q188240607_1_17;Q;12210;0;0;13220;1206;770
P186240607;P186240607_1;A;0;1240;0;1600;2440;2340
P186240607;P186240607_2;B;0;0;0;1600;1200;2865
P186240607;P186240607_3;C;1600;0;0;3200;1200;2865
P186240607;P186240607_4;D;1600;1240;0;3200;2440;2865
P186240607;P186240607_5;E;3200;1240;0;4800;2440;2865
P186240607;P186240607_6;F;3200;0;0;4800;1200;2865
P186240607;P186240607_7;G;4800;0;0;6400;1200;2865
P186240607;P186240607_8;H;4800;1240;0;6400;2440;2865
P186240607;P186240607_9;I;6400;1240;0;8000;2440;2865
P186240607;P186240607_10;J;6400;0;0;8000;1200;2865
P186240607;P186240607_11;K;8000;0;0;9600;1200;2865
P186240607;P186240607_12;L;8000;1240;0;9600;2440;2865
P186240607;P186240607_13;M;9600;1240;0;11200;2440;2865
P186240607;P186240607_14;N;9600;0;0;11200;1200;2865
P186240607;P186240607_15;O;11200;0;0;12800;1200;2865
P186240607;P186240607_16;P;11200;1234;0;12210;2440;2525
P186240607;P186240607_17;Q;12210;1234;0;13220;2440;2510
P185240609;P185240609_1;A;0;0;0;1600;1200;2865
P185240609;P185240609_2;B;0;1200;0;1600;2400;2865
P185240609;P185240609_3;C;1600;1240;0;3200;2440;2865
P185240609;P185240609_4;D;1600;0;0;3200;1200;2520
P185240609;P185240609_5;E;3200;1240;0;4800;2440;2700
P185240609;P185240609_6;F;3200;0;0;4800;1200;2700
P185240609;P185240609_7;G;4800;0;0;6400;1200;2520
P185240609;P185240609_8;H;4800;1240;0;6400;2440;2520
P185240609;P185240609_9;I;6400;1240;0;8000;2440;2865
P185240609;P185240609_10;J;6400;0;0;8000;1200;2865
P185240609;P185240609_11;K;8000;0;0;9600;1200;2865
P185240609;P185240609_12;L;8000;1240;0;9600;2440;2865
P185240609;P185240609_13;M;9600;1240;0;11200;2440;2865
P185240609;P185240609_14;N;9600;0;0;11200;1200;2865
P185240609;P185240609_15;O;11200;0;0;12800;1200;1455
P185240609;P185240609_16;P;11200;1660;0;11770;2440;1771
P185240609;P185240609_17;Q;11770;1660;0;12340;2440;1771
P185240609;P185240609_18;R;12340;1660;0;12910;2440;1340
P180064501;P180064501_1;A;0;1240;0;1600;2440;2700
P180064501;P180064501_2;B;0;0;0;1000;1200;2700
P180064501;P180064501_3;C;1000;0;0;2000;1200;2700
P180064501;P180064501_4;D;1600;1240;0;2600;2440;2865
P180064501;P180064501_5;E;2000;0;0;3010;1206;2370
P180064501;P180064501_6;F;2600;1240;0;4500;2440;2865
P180064501;P180064501_7;G;3010;0;0;4910;1200;2865
P180064501;P180064501_8;H;4500;1234;0;5510;2440;2370
P180064501;P180064501_9;I;4910;0;0;6810;1200;2865
P180064501;P180064501_10;J;5510;1240;0;6510;2440;2340
P180064501;P180064501_11;K;6510;1660;0;7080;2440;1771
P180064501;P180064501_12;L;6810;0;0;7380;780;1771
P180064501;P180064501_13;M;6810;780;0;7380;1560;478
P180064501;P180064501_14;N;7380;0;0;8980;1200;2700
P180064501;P180064501_15;O;7380;1240;0;8980;2440;2700
P180064501;P180064501_16;P;8980;1240;0;10880;2440;2865
P180064501;P180064501_17;Q;8980;0;0;10580;1200;2700
P180064501;P180064501_18;R;10580;0;0;11580;1200;2700
P180064501;P180064501_19;S;10880;1240;0;11880;2440;1815
P180064501;P180064501_20;T;11580;0;0;13180;1200;2700
P180064501;P180064501_21;U;11880;1240;0;13480;2440;1815
P179064501;P179064501_1;A;0;0;0;570;780;478
P179064501;P179064501_2;B;0;840;0;1200;2440;2700
P179064501;P179064501_3;C;570;0;0;1140;780;1771
P179064501;P179064501_4;D;1140;0;0;1710;780;1771
P179064501;P179064501_5;E;1200;1240;0;3100;2440;2865
P179064501;P179064501_6;F;1710;0;0;3610;1200;2865
P179064501;P179064501_7;G;3100;1240;0;4700;2440;2700
P179064501;P179064501_8;H;3610;0;0;4610;1200;2700
P179064501;P179064501_9;I;4610;0;0;6210;1200;2700
P179064501;P179064501_10;J;4700;1240;0;6300;2440;2700
P179064501;P179064501_11;K;6210;0;0;7810;1200;2700
P179064501;P179064501_12;L;6300;1240;0;7900;2440;2700
P179064501;P179064501_13;M;7810;0;0;9410;1200;2700
P179064501;P179064501_14;N;7900;1234;0;8910;2440;2370
P179064501;P179064501_15;O;8910;1240;0;10810;2440;2865
P179064501;P179064501_16;P;9410;0;0;11310;1200;2865
P179064501;P179064501_17;Q;10810;1240;0;12410;2440;2160
P179064501;P179064501_18;R;11310;0;0;12310;1200;2700
P179064501;P179064501_19;S;12310;0;0;13310;1200;2700
P179064501;P179064501_20;T;12410;1240;0;13410;2440;2700
P178064501;P178064501_1;A;0;1240;0;1600;2440;2520
P178064501;P178064501_2;B;0;0;0;570;780;1771
P178064501;P178064501_3;C;570;0;0;1140;780;1771
P178064501;P178064501_4;D;1140;0;0;3040;1200;2865
P178064501;P178064501_5;E;1600;1240;0;3500;2440;2865
P178064501;P178064501_6;F;3040;0;0;4040;1200;2340
P178064501;P178064501_7;G;3500;1234;0;4510;2440;2370
P178064501;P178064501_8;H;4040;0;0;5940;1200;2865
P178064501;P178064501_9;I;4510;1240;0;6410;2440;2865
P178064501;P178064501_10;J;5940;0;0;7540;1200;2340
P178064501;P178064501_11;K;6410;1240;0;8010;2440;2700
P178064501;P178064501_12;L;7540;0;0;9140;1200;2700
P178064501;P178064501_13;M;8010;1240;0;9610;2440;2700
P178064501;P178064501_14;N;9140;0;0;10740;1200;2700
P178064501;P178064501_15;O;9610;1240;0;11210;2440;2700
P178064501;P178064501_16;P;10740;0;0;12340;1200;2700
P178064501;P178064501_17;Q;11210;1240;0;12210;2440;2700
P178064501;P178064501_18;R;12210;1234;0;13220;2440;2370
P178064501;P178064501_19;S;12340;0;0;13340;1200;2700
P177064505;P177064505_1;A;0;0;0;1900;1200;2855
P177064505;P177064505_2;B;0;1240;0;1900;2440;2855
P177064505;P177064505_3;C;1900;1240;0;2900;2440;2700
P177064505;P177064505_4;D;1900;0;0;2900;1200;2700
P177064505;P177064505_5;E;2900;0;0;3900;1200;2700
P177064505;P177064505_6;F;2900;1240;0;3900;2440;2700
P177064505;P177064505_7;G;3900;1240;0;4900;2440;2700
P177064505;P177064505_8;H;3900;0;0;4900;1200;2700
P177064505;P177064505_9;I;4900;0;0;5900;1200;2700
P177064505;P177064505_10;J;4900;1240;0;5900;2440;2700
P177064505;P177064505_11;K;5900;1240;0;6900;2440;2865
P177064505;P177064505_12;L;5900;0;0;6900;1200;2865
P177064505;P177064505_13;M;6900;0;0;7900;1200;2865
P177064505;P177064505_14;N;6900;1240;0;7900;2440;2865
P177064505;P177064505_15;O;7900;1240;0;8900;2440;2340
P177064505;P177064505_16;P;7900;0;0;8900;1200;2700
P177064505;P177064505_17;Q;8900;0;0;9900;1200;2700
P177064505;P177064505_18;R;8900;1240;0;9900;2440;2700
P177064505;P177064505_19;S;9900;1240;0;10900;2440;2700
P177064505;P177064505_20;T;9900;0;0;10900;1200;2700
P177064505;P177064505_21;U;10900;0;0;11900;1200;2700
P177064505;P177064505_22;V;10900;1240;0;11900;2440;2520
P177064505;P177064505_23;W;11900;1440;0;13100;2440;2865
P177064505;P177064505_24;X;11900;0;0;12900;1200;2865
P177064503;P177064503_1;A;0;0;0;1300;1200;2935
P177064503;P177064503_2;B;0;1240;0;1300;2440;2935
P177064503;P177064503_3;C;1300;1240;0;2600;2440;2935
P177064503;P177064503_4;D;1300;0;0;2600;1200;2935
P177064503;P177064503_5;E;2600;0;0;3900;1200;2935
P177064503;P177064503_6;F;2600;1240;0;3900;2440;2935
P177064503;P177064503_7;G;3900;1240;0;5200;2440;2935
P177064503;P177064503_8;H;3900;0;0;5200;1200;2935
P177064503;P177064503_9;I;5200;0;0;6500;1200;2935
P177064503;P177064503_10;J;5200;1240;0;6500;2440;2935
P177064503;P177064503_11;K;6500;1660;0;7070;2440;1340
P177064503;P177064503_12;L;6500;0;0;7070;780;1340
P177064503;P177064503_13;M;6500;780;0;7070;1560;1340
P177064503;P177064503_14;N;7070;0;0;7640;780;909
P177064503;P177064503_15;O;7070;1140;0;8270;2440;2935
P177064503;P177064503_16;P;8270;1240;0;9570;2440;2935
P177064503;P177064503_17;Q;8270;0;0;9570;1200;2935
P177064503;P177064503_18;R;9570;0;0;10870;1200;2935
P177064503;P177064503_19;S;9570;1240;0;10870;2440;2935
P177064503;P177064503_20;T;10870;1240;0;12170;2440;2935
P177064501;P177064501_1;A;0;1660;0;570;2440;1771
P177064501;P177064501_2;B;0;0;0;570;780;1771
P177064501;P177064501_3;C;0;780;0;570;1560;1771
P177064501;P177064501_4;D;570;0;0;1570;1200;2160
P177064501;P177064501_5;E;570;1240;0;1570;2440;930
P177064501;P177064501_6;F;1570;1240;0;3170;2440;2700
P177064501;P177064501_7;G;1570;0;0;2140;780;1771
P177064501;P177064501_8;H;2140;0;0;2710;780;478
P177064501;P177064501_9;I;2710;0;0;3720;1206;2370
P177064501;P177064501_10;J;3170;1240;0;4770;2440;2700
P177064501;P177064501_11;K;3720;0;0;5320;1200;2700
P177064501;P177064501_12;L;4770;1240;0;6370;2440;2700
P177064501;P177064501_13;M;5320;0;0;6920;1200;2700
P177064501;P177064501_14;N;6370;1240;0;7970;2440;2700
P177064501;P177064501_15;O;6920;0;0;8520;1200;2700
P177064501;P177064501_16;P;7970;1240;0;9870;2440;2865
P177064501;P177064501_17;Q;8520;0;0;10420;1200;2865
P177064501;P177064501_18;R;9870;1240;0;11770;2440;2865
P177064501;P177064501_19;S;10420;0;0;12320;1200;2865
P177064501;P177064501_20;T;11770;1240;0;13370;2440;2700
P177064501;P177064501_21;U;12320;0;0;13330;1206;2370
P175064551;P175064551_1;A;0;1240;0;1000;2440;2835
P175064551;P175064551_2;B;0;0;0;1000;1200;2790
P175064551;P175064551_3;C;1000;0;0;2000;1200;2700
P175064551;P175064551_4;D;1000;1240;0;2000;2440;2700
P175064551;P175064551_5;E;2000;1240;0;3000;2440;2700
P175064551;P175064551_6;F;2000;0;0;3000;1200;2700
P175064551;P175064551_7;G;3000;0;0;4000;1200;2700
P175064551;P175064551_8;H;3000;1240;0;4000;2440;2700
P175064551;P175064551_9;I;4000;1240;0;5000;2440;2700
P175064551;P175064551_10;J;4000;0;0;5000;1200;930
P175064551;P175064551_11;K;5000;0;0;6000;1200;2520
P175064551;P175064551_12;L;5000;1240;0;6900;2440;2865
P175064551;P175064551_13;M;6000;0;0;7600;1200;2700
P175064551;P175064551_14;N;6900;1240;0;7900;2440;2700
P175064551;P175064551_15;O;7600;0;0;8600;1200;2700
P175064551;P175064551_16;P;7900;1240;0;9500;2440;2700
P175064551;P175064551_17;Q;8600;0;0;10200;1200;2160
P175064551;P175064551_18;R;9500;1240;0;10500;2440;2700
P175064551;P175064551_19;S;10200;0;0;11800;1200;2700
P175064551;P175064551_20;T;10500;1240;0;12400;2440;2865
P175064551;P175064551_21;U;11800;0;0;13400;1200;2700
P175064551;P175064551_22;V;12400;1240;0;13400;2440;930
P174064501;P174064501_1;A;0;1240;0;1000;2440;2700
P174064501;P174064501_2;B;0;20;0;1000;1220;2700
P174064501;P174064501_3;C;1000;0;0;2000;1200;2700
P174064501;P174064501_4;D;1000;1240;0;2900;2440;2865
P174064501;P174064501_5;E;2000;0;0;2570;780;1771
P174064501;P174064501_6;F;2570;0;0;3570;1200;2700
P174064501;P174064501_7;G;2900;1240;0;3900;2440;2700
P174064501;P174064501_8;H;3570;0;0;5470;1200;2865
P174064501;P174064501_9;I;3900;1240;0;5800;2440;2865
P174064501;P174064501_10;J;5470;0;0;7370;1200;2160
P174064501;P174064501_11;K;5800;1240;0;6800;2440;2700
P174064501;P174064501_12;L;6800;1240;0;8400;2440;2700
P174064501;P174064501_13;M;7370;0;0;8970;1200;2700
P174064501;P174064501_14;N;8400;1240;0;10000;2440;2700
P174064501;P174064501_15;O;8970;0;0;10570;1200;2700
P174064501;P174064501_16;P;10000;1240;0;11600;2440;2700
P174064501;P174064501_17;Q;10570;0;0;11580;1206;2370
P174064501;P174064501_18;R;11580;0;0;13180;1200;2160
P174064501;P174064501_19;S;11600;1240;0;13200;2440;2700
P173064501;P173064501_1;A;0;1240;0;1000;2440;2700
P173064501;P173064501_2;B;0;0;0;1600;1200;2700
P173064501;P173064501_3;C;1000;1240;0;2000;2440;2700
P173064501;P173064501_4;D;1600;0;0;2600;1200;2700
P173064501;P173064501_5;E;2000;1660;0;2570;2440;1771
P173064501;P173064501_6;F;2570;1660;0;3140;2440;1771
P173064501;P173064501_7;G;2600;0;0;3800;1600;2700
P173064501;P173064501_8;H;3140;1660;0;3710;2440;1771
P173064501;P173064501_9;I;3710;1660;0;4280;2440;1771
P173064501;P173064501_10;J;3800;0;0;5000;1600;2700
P173064501;P173064501_11;K;4280;1660;0;4850;2440;478
P173064501;P173064501_12;L;5000;0;0;6600;1200;2700
P173064501;P173064501_13;M;5000;1234;0;6010;2440;2370
P173064501;P173064501_14;N;6010;1240;0;7910;2440;2865
P173064501;P173064501_15;O;6600;0;0;7600;1200;2340
P173064501;P173064501_16;P;7600;0;0;8600;1200;2520
P173064501;P173064501_17;Q;7910;1234;0;8920;2440;2370
P173064501;P173064501_18;R;8600;0;0;10500;1200;2865
P173064501;P173064501_19;S;8920;1240;0;9920;2440;2700
P173064501;P173064501_20;T;9920;1240;0;11820;2440;2865
P173064501;P173064501_21;U;10500;0;0;12400;1200;2865
P173064501;P173064501_22;V;11820;1240;0;13420;2440;2700
P173064501;P173064501_23;W;12400;0;0;13400;1200;2700
P172064505;P172064505_1;A;0;0;0;1900;1200;2855
P172064505;P172064505_2;B;0;1240;0;1900;2440;2855
P172064505;P172064505_3;C;1900;1240;0;2900;2440;2835
P172064505;P172064505_4;D;1900;0;0;2900;1200;2865
P172064505;P172064505_5;E;2900;0;0;3900;1200;2865
P172064505;P172064505_6;F;2900;1240;0;3900;2440;2865
P172064505;P172064505_7;G;3900;1240;0;4900;2440;2835
P172064505;P172064505_8;H;3900;0;0;4900;1200;2865
P172064505;P172064505_9;I;4900;0;0;5900;1200;2700
P172064505;P172064505_10;J;4900;1240;0;5900;2440;2700
P172064505;P172064505_11;K;5900;1240;0;6900;2440;2700
P172064505;P172064505_12;L;5900;0;0;6900;1200;2700
P172064505;P172064505_13;M;6900;0;0;7900;1200;2865
P172064505;P172064505_14;N;6900;1240;0;7900;2440;2865
P172064505;P172064505_15;O;7900;1240;0;8900;2440;2160
P172064505;P172064505_16;P;7900;0;0;8900;1200;2790
P172064505;P172064505_17;Q;8900;0;0;9900;1200;2700
P172064505;P172064505_18;R;8900;1240;0;9900;2440;2700
P172064505;P172064505_19;S;9900;1240;0;10900;2440;2700
P172064505;P172064505_20;T;9900;0;0;10900;1200;2700
P172064505;P172064505_21;U;10900;0;0;11900;1200;2700
P172064505;P172064505_22;V;10900;1240;0;11900;2440;2700
P172064505;P172064505_23;W;11900;1440;0;13100;2440;2700
P172064505;P172064505_24;X;11900;0;0;12900;1200;2700
P172064501;P172064501_1;A;0;0;0;570;780;478
P172064501;P172064501_2;B;0;840;0;1200;2440;2700
P172064501;P172064501_3;C;570;0;0;1140;780;1771
P172064501;P172064501_4;D;1140;0;0;1710;780;1771
P172064501;P172064501_5;E;1200;840;0;2400;2440;2520
P172064501;P172064501_6;F;1710;0;0;2280;780;1771
P172064501;P172064501_7;G;2400;1240;0;4000;2440;2340
P172064501;P172064501_8;H;2400;0;0;3400;1200;2865
P172064501;P172064501_9;I;3400;0;0;4400;1200;2700
P172064501;P172064501_10;J;4000;1240;0;5900;2440;2865
P172064501;P172064501_11;K;4400;0;0;6300;1200;2865
P172064501;P172064501_12;L;5900;1240;0;7500;2440;2700
P172064501;P172064501_13;M;6300;0;0;7900;1200;2700
P172064501;P172064501_14;N;7500;1240;0;9100;2440;2700
P172064501;P172064501_15;O;7900;0;0;9500;1200;2700
P172064501;P172064501_16;P;9100;1240;0;10700;2440;2700
P172064501;P172064501_17;Q;9500;0;0;11400;1200;2865
P172064501;P172064501_18;R;10700;1240;0;12300;2440;1815
P172064501;P172064501_19;S;11400;0;0;12410;1206;2370
P172064501;P172064501_20;T;12300;1234;0;13310;2440;2370
P172064501;P172064501_21;U;12410;0;0;13410;1200;2700
P171064501;P171064501_1;A;0;1240;0;1600;2440;2700
P171064501;P171064501_2;B;0;0;0;1000;1200;2160
P171064501;P171064501_3;C;1000;0;0;2000;1200;2520
P171064501;P171064501_4;D;1600;1240;0;2600;2440;2700
P171064501;P171064501_5;E;2000;0;0;3900;1200;2865
P171064501;P171064501_6;F;2600;1240;0;4200;2440;2700
P171064501;P171064501_7;G;3900;0;0;5500;1200;2700
P171064501;P171064501_8;H;4200;1240;0;5800;2440;2700
P171064501;P171064501_9;I;5500;0;0;7100;1200;2700
P171064501;P171064501_10;J;5800;1240;0;6800;2440;2700
P171064501;P171064501_11;K;6800;1240;0;8400;2440;2700
P171064501;P171064501_12;L;7100;0;0;9000;1200;2865
P171064501;P171064501_13;M;8400;1234;0;9410;2440;2370
P171064501;P171064501_14;N;9000;0;0;10900;1200;2865
P171064501;P171064501_15;O;9410;1240;0;11310;2440;2865
P171064501;P171064501_16;P;10900;0;0;12800;1200;2160
P171064501;P171064501_17;Q;11310;1240;0;12910;2440;2700
P171064501;P171064501_18;R;12800;0;0;13370;780;1771
P171064501;P171064501_19;S;12910;780;0;13480;1560;1771
P171064501;P171064501_20;T;12910;1660;0;13480;2440;1771
P170064503;P170064503_1;A;0;0;0;1600;1200;2700
P170064503;P170064503_2;B;0;1240;0;1300;2440;2935
P170064503;P170064503_3;C;1300;1240;0;2600;2440;2935
P170064503;P170064503_4;D;1600;0;0;2900;1200;2935
P170064503;P170064503_5;E;2600;1240;0;3900;2440;2935
P170064503;P170064503_6;F;2900;0;0;4200;1200;2935
P170064503;P170064503_7;G;3900;1240;0;5200;2440;2935
P170064503;P170064503_8;H;4200;0;0;5500;1200;2935
P170064503;P170064503_9;I;5200;1240;0;6500;2440;2935
P170064503;P170064503_10;J;5500;0;0;6800;1200;2935
P170064503;P170064503_11;K;6500;1660;0;7070;2440;1340
P170064503;P170064503_12;L;6800;0;0;7370;780;1340
P170064503;P170064503_13;M;6800;780;0;7370;1560;1340
P170064503;P170064503_14;N;7070;1660;0;7640;2440;909
P170064503;P170064503_15;O;7370;0;0;8570;1300;2935
P170064503;P170064503_16;P;8570;1240;0;9870;2440;2935
P170064503;P170064503_17;Q;8570;0;0;9870;1200;2935
P170064503;P170064503_18;R;9870;0;0;11170;1200;2935
P170064503;P170064503_19;S;9870;1240;0;11170;2440;2935
P170064501;P170064501_1;A;0;0;0;1000;1200;2520
P170064501;P170064501_2;B;0;1220;0;1600;2420;2865
P170064501;P170064501_3;C;1000;0;0;2600;1200;2700
P170064501;P170064501_4;D;1600;1660;0;2170;2440;1771
P170064501;P170064501_5;E;2170;1234;0;3180;2440;2370
P170064501;P170064501_6;F;2600;0;0;3610;1206;2370
P170064501;P170064501_7;G;3180;1240;0;4780;2440;2700
P170064501;P170064501_8;H;3610;0;0;5210;1200;2700
P170064501;P170064501_9;I;4780;1240;0;6380;2440;2700
P170064501;P170064501_10;J;5210;0;0;6810;1200;2700
P170064501;P170064501_11;K;6380;1240;0;8280;2440;2865
P170064501;P170064501_12;L;6810;0;0;8710;1200;2865
P170064501;P170064501_13;M;8280;1660;0;8850;2440;1771
P170064501;P170064501_14;N;8710;0;0;9280;780;478
P170064501;P170064501_15;O;8850;1234;0;9860;2440;2370
P170064501;P170064501_16;P;9280;0;0;10280;1200;2700
P170064501;P170064501_17;Q;9860;1240;0;11460;2440;2340
P170064501;P170064501_18;R;10280;0;0;11280;1200;1815
P170064501;P170064501_19;S;11280;0;0;13180;1200;2865
P170064501;P170064501_20;T;11460;1240;0;13360;2440;2865
P168064551;P168064551_1;A;0;1240;0;1000;2440;2700
P168064551;P168064551_2;B;0;0;0;1000;1200;2700
P168064551;P168064551_3;C;1000;620;0;2000;1820;2700
P168064551;P168064551_4;D;2000;1240;0;3000;2440;2700
P168064551;P168064551_5;E;2000;0;0;3000;1200;2520
P168064551;P168064551_6;F;3000;0;0;4000;1200;2865
P168064551;P168064551_7;G;3000;1240;0;4000;2440;2865
P168064551;P168064551_8;H;4000;1240;0;5000;2440;2160
P168064551;P168064551_9;I;4000;0;0;5000;1200;2700
P168064551;P168064551_10;J;5000;0;0;6000;1200;2700
P168064551;P168064551_11;K;5000;1240;0;6000;2440;2700
P168064551;P168064551_12;L;6000;1240;0;7000;2440;2700
P168064551;P168064551_13;M;6000;0;0;7000;1200;2790
P168064551;P168064551_14;N;7000;0;0;8000;1200;2790
P168064551;P168064551_15;O;7000;1240;0;8000;2440;2700
P168064551;P168064551_16;P;8000;1240;0;9000;2440;2700
P168064551;P168064551_17;Q;8000;0;0;9000;1200;2700
P168064551;P168064551_18;R;9000;0;0;10000;1200;2700
P168064551;P168064551_19;S;9000;1240;0;10600;2440;2700
P168064551;P168064551_20;T;10000;0;0;11000;1200;2700
P168064551;P168064551_21;U;10600;1240;0;12500;2440;2865
P168064551;P168064551_22;V;11000;0;0;12000;1200;2700
P168064551;P168064551_23;W;12000;0;0;13000;1200;2700
P168064551;P168064551_24;X;12500;1240;0;13500;2440;2700
P167064505;P167064505_1;A;0;0;0;1900;1200;2855
P167064505;P167064505_2;B;0;1240;0;1900;2440;2855
P167064505;P167064505_3;C;1900;1240;0;2900;2440;2865
P167064505;P167064505_4;D;1900;0;0;2900;1200;1455
P167064505;P167064505_5;E;2900;0;0;3900;1200;2745
P167064505;P167064505_6;F;2900;1240;0;3900;2440;2700
P167064505;P167064505_7;G;3900;1240;0;4900;2440;930
P166064507;P166064507_1;A;0;1240;0;1600;2440;2700
P166064507;P166064507_2;B;0;0;0;1600;1200;2700
P166064507;P166064507_3;C;1600;0;0;3200;1200;2700
P166064507;P166064507_4;D;1600;1240;0;3200;2440;2700
P166064507;P166064507_5;E;3200;1240;0;4800;2440;2700
P166064507;P166064507_6;F;3200;0;0;4800;1200;2700
P166064507;P166064507_7;G;4800;0;0;6700;1200;2865
P166064507;P166064507_8;H;4800;1240;0;5800;2440;2700
P166064507;P166064507_9;I;5800;1240;0;6800;2440;2700
P166064507;P166064507_10;J;6700;0;0;7700;1200;2700
P166064507;P166064507_11;K;6800;1660;0;7370;2440;1771
P166064507;P166064507_12;L;7370;1240;0;9270;2440;2865
P166064507;P166064507_13;M;7700;0;0;9600;1200;2865
P166064507;P166064507_14;N;9270;1240;0;10870;2440;2700
P166064507;P166064507_15;O;9600;0;0;11200;1200;2700
P166064507;P166064507_16;P;10870;1240;0;12470;2440;2700
P166064507;P166064507_17;Q;11200;0;0;12800;1200;2700
P166064507;P166064507_18;R;12470;1240;0;13470;2440;2700
P166064507;P166064507_19;S;12800;0;0;13370;780;1771
P166064501;P166064501_1;A;0;1240;0;1600;2440;2700
P166064501;P166064501_2;B;0;0;0;1900;1200;2865
P166064501;P166064501_3;C;1600;1240;0;3500;2440;2160
P166064501;P166064501_4;D;1900;0;0;2900;1200;2700
P166064501;P166064501_5;E;2900;0;0;4500;1200;2340
P166064501;P166064501_6;F;3500;1240;0;4500;2440;2700
P166064501;P166064501_7;G;4500;0;0;5500;1200;2700
P166064501;P166064501_8;H;4500;1660;0;5070;2440;1771
P166064501;P166064501_9;I;5070;1240;0;6670;2440;2520
P166064501;P166064501_10;J;5500;0;0;7400;1200;2865
P166064501;P166064501_11;K;6670;1240;0;8270;2440;2700
P166064501;P166064501_12;L;7400;0;0;9000;1200;2700
P166064501;P166064501_13;M;8270;1240;0;9870;2440;2520
P166064501;P166064501_14;N;9000;0;0;10010;1206;2370
P166064501;P166064501_15;O;9870;1240;0;10870;2440;2700
P166064501;P166064501_16;P;10010;0;0;11910;1200;2865
P166064501;P166064501_17;Q;10870;1234;0;11880;2440;2370
P166064501;P166064501_18;R;11880;1660;0;12450;2440;1771
P166064501;P166064501_19;S;11910;0;0;12480;780;1771
P166064501;P166064501_20;T;11910;780;0;12480;1560;1771
P166064501;P166064501_21;U;12480;1234;0;13490;2440;2370
P166064501;P166064501_22;V;12480;0;0;13480;1200;2700
Q166064501_1;Q166064501_1_1;A;0;620;0;1600;1820;2700
Q166064501_1;Q166064501_1_2;B;1600;1240;0;3200;2440;2340
Q166064501_1;Q166064501_1_3;C;1600;0;0;3200;1200;2700
Q166064501_1;Q166064501_1_4;D;3200;0;0;4800;1200;1815
Q166064501_1;Q166064501_1_5;E;3200;1240;0;4200;2440;2700
Q166064501_1;Q166064501_1_6;F;4200;1240;0;5200;2440;2160
Q166064501_1;Q166064501_1_7;G;4800;0;0;5800;1200;2340
Q166064501_1;Q166064501_1_8;H;5200;1240;0;6200;2440;2865
Q166064501_1;Q166064501_1_9;I;5800;0;0;7700;1200;2865
Q166064501_1;Q166064501_1_10;J;6200;1240;0;8100;2440;2160
Q166064501_1;Q166064501_1_11;K;7700;0;0;8700;1200;2160
P240219501;P240219501_1;A;0;0;0;570;780;909
P240219501;P240219501_2;B;0;1220;0;570;2000;909
P240219501;P240219501_3;C;570;0;0;1140;780;909
P240219501;P240219501_4;D;570;1220;0;1140;2000;909
P240219501;P240219501_5;E;1140;0;0;1710;780;909
P240219501;P240219501_6;F;1140;1660;0;1710;2440;909
P240219501;P240219501_7;G;1140;780;0;1710;1560;909
P240219501;P240219501_8;H;1710;0;0;2280;780;478
P240219501;P240219501_9;I;1710;1234;0;2720;2440;2370
P240219501;P240219501_10;J;2280;14;0;3290;1220;2370
P240219501;P240219501_11;K;2720;1234;0;3730;2440;2370
P240219501;P240219501_12;L;3290;0;0;4300;1206;2370
P240219501;P240219501_13;M;3730;1234;0;4740;2440;2370
P240219501;P240219501_14;N;4300;0;0;5310;1206;1185
P240219501;P240219501_15;O;4740;1660;0;5310;2440;1771
P240219501;P240219501_16;P;5310;1660;0;5880;2440;1771
P240219501;P240219501_17;Q;5310;0;0;5880;780;1771
P240219501;P240219501_18;R;5310;780;0;5880;1560;1771
P240219501;P240219501_19;S;5880;0;0;6890;1206;385
P240219501;P240219501_20;T;5880;1240;0;6880;2440;2700
P240219501;P240219501_21;U;6880;1240;0;8480;2440;2700
P240219501;P240219501_22;V;6890;0;0;8490;1200;2700
P240219501;P240219501_23;W;8480;1240;0;10080;2440;2700
P240219501;P240219501_24;X;8490;0;0;9490;1200;2700
P240219501;P240219501_25;Y;9490;0;0;11090;1200;2700
P240219501;P240219501_26;Z;10080;1240;0;11080;2440;930
P240219501;P240219501_27;AA;11080;1660;0;11650;2440;1771
P240219501;P240219501_28;AB;11090;0;0;12290;1600;2700
P240219501;P240219501_29;AC;11650;1660;0;12220;2440;1771
P240219501;P240219501_30;AD;12220;1660;0;12790;2440;1771
P240219501;P240219501_31;AE;12290;0;0;13490;1600;2700
P240219501;P240219501_32;AF;12790;1660;0;13360;2440;1771
P209219507;P209219507_1;A;0;0;0;570;780;1771
P209219507;P209219507_2;B;0;780;0;570;1560;1771
P209219507;P209219507_3;C;0;1660;0;570;2440;1771
P209219507;P209219507_4;D;570;1660;0;1140;2440;1771
P209219507;P209219507_5;E;570;0;0;1770;1600;2700
P209219507;P209219507_6;F;1140;1660;0;1710;2440;1771
P209219507;P209219507_7;G;1710;1660;0;2280;2440;1771
P209219507;P209219507_8;H;1770;0;0;2970;1600;2700
P209219507;P209219507_9;I;2280;1660;0;2850;2440;1771
P209219507;P209219507_10;J;2850;1660;0;3420;2440;1771
P209219507;P209219507_11;K;2970;0;0;4170;1600;2700
P209219507;P209219507_12;L;3420;1660;0;3990;2440;909
P209219507;P209219507_13;M;4170;1240;0;5770;2440;2700
P209219507;P209219507_14;N;4170;0;0;5770;1200;2700
P209219507;P209219507_15;O;5770;0;0;7370;1200;2700
P209219507;P209219507_16;P;5770;1240;0;6770;2440;2700
P209219507;P209219507_17;Q;6770;1234;0;7780;2440;670
P209219507;P209219507_18;R;7370;0;0;8970;1200;2700
P209219507;P209219507_19;S;7780;1240;0;9380;2440;2700
P209219507;P209219507_20;T;8970;0;0;9970;1200;2700
P209219507;P209219507_21;U;9380;1240;0;10980;2440;1815
P209219507;P209219507_22;V;9970;0;0;10540;780;1771
P209219507;P209219507_23;W;10540;0;0;11110;780;1771
P209219507;P209219507_24;X;10980;780;0;11550;1560;1771
P209219507;P209219507_25;Y;10980;1660;0;11550;2440;1771
P209219507;P209219507_26;Z;11110;0;0;11680;780;1771
P209219507;P209219507_27;AA;11550;780;0;12120;1560;1771
P209219507;P209219507_28;AB;11550;1660;0;12120;2440;1771
P209219507;P209219507_29;AC;11680;0;0;12250;780;1771
P209219507;P209219507_30;AD;12120;780;0;12690;1560;1771
P207219503;P207219503_1;A;0;0;0;570;780;1771
P207219503;P207219503_2;B;0;780;0;570;1560;1771
P207219503;P207219503_3;C;0;1560;0;570;2340;1771
P207219503;P207219503_4;D;570;1234;0;1580;2440;385
P207219503;P207219503_5;E;570;0;0;2170;1200;2700
P207219503;P207219503_6;F;1580;1240;0;3180;2440;2700
P207219503;P207219503_7;G;2170;0;0;3170;1200;2700
P207219503;P207219503_8;H;3170;0;0;4770;1200;2700
P207219503;P207219503_9;I;3180;1240;0;4180;2440;2700
P207219503;P207219503_10;J;4180;1240;0;5780;2440;2700
P207219503;P207219503_11;K;4770;0;0;6370;1200;2700
P207219503;P207219503_12;L;5780;1240;0;7380;2440;2700
P207219503;P207219503_13;M;6370;0;0;7970;1200;2700
P207219503;P207219503_14;N;7380;1660;0;7950;2440;1771
P207219503;P207219503_15;O;7950;1660;0;8520;2440;1771
P207219503;P207219503_16;P;7970;0;0;8540;780;1771
P207219503;P207219503_17;Q;7970;780;0;8540;1560;1771
P207219503;P207219503_18;R;8520;1660;0;9090;2440;1771
P207219503;P207219503_19;S;8540;0;0;9110;780;1771
P207219503;P207219503_20;T;8540;780;0;9110;1560;1771
P207219503;P207219503_21;U;9090;1660;0;9660;2440;1771
P207219503;P207219503_22;V;9110;0;0;10110;1200;2700
P207219503;P207219503_23;W;9660;1240;0;11260;2440;2700
P207219503;P207219503_24;X;10110;0;0;11110;1200;1815
P207219503;P207219503_25;Y;11110;0;0;12710;1200;2700
P207219503;P207219503_26;Z;11260;1240;0;12860;2440;2700
P207219503;P207219503_27;AA;12710;0;0;13280;780;1771
P207219503;P207219503_28;AB;12860;780;0;13430;1560;1771
P207219503;P207219503_29;AC;12860;1660;0;13430;2440;1771
P206219503;P206219503_1;A;0;0;0;570;780;1771
P206219503;P206219503_2;B;0;780;0;570;1560;1771
P206219503;P206219503_3;C;0;1560;0;570;2340;1771
P206219503;P206219503_4;D;570;1660;0;1140;2440;1771
P206219503;P206219503_5;E;570;0;0;1770;1600;2700
P206219503;P206219503_6;F;1140;1660;0;1710;2440;1771
P206219503;P206219503_7;G;1710;1660;0;2280;2440;1771
P206219503;P206219503_8;H;1770;0;0;2970;1600;2700
P206219503;P206219503_9;I;2280;1660;0;2850;2440;1771
P206219503;P206219503_10;J;2850;1660;0;3420;2440;1771
P206219503;P206219503_11;K;2970;0;0;4170;1600;2700
P206219503;P206219503_12;L;3420;1660;0;3990;2440;1771
P206219503;P206219503_13;M;3990;1660;0;4560;2440;909
P206219503;P206219503_14;N;4170;0;0;5370;1600;2700
P206219503;P206219503_15;O;5370;0;0;6970;1200;2700
P206219503;P206219503_16;P;5370;1234;0;6380;2440;1055
P206219503;P206219503_17;Q;6380;1240;0;7980;2440;2700
P206219503;P206219503_18;R;6970;0;0;7970;1200;2700
P206219503;P206219503_19;S;7970;0;0;9570;1200;2700
P206219503;P206219503_20;T;7980;1240;0;8980;2440;2700
P206219503;P206219503_21;U;8980;1240;0;9980;2440;930
P206219503;P206219503_22;V;9570;0;0;11170;1200;2700
P206219503;P206219503_23;W;9980;1240;0;11580;2440;2700
P206219503;P206219503_24;X;11170;0;0;12770;1200;2700
P206219503;P206219503_25;Y;11580;1240;0;13180;2440;1815
P205219501;P205219501_1;A;0;830;0;570;1610;909
P205219501;P205219501_2;B;570;1610;0;1140;2390;909
P205219501;P205219501_3;C;570;415;0;1140;1195;909
P205219501;P205219501_4;D;1140;0;0;1710;780;909
P205219501;P205219501_5;E;1140;1220;0;1710;2000;909
P205219501;P205219501_6;F;1710;0;0;2280;780;909
P205219501;P205219501_7;G;1710;1220;0;2280;2000;909
P205219501;P205219501_8;H;2280;0;0;2850;780;909
P205219501;P205219501_9;I;2280;1234;0;3290;2440;2370
P205219501;P205219501_10;J;2850;0;0;3860;1206;2370
P205219501;P205219501_11;K;3290;1220;0;4300;2426;2370
P205219501;P205219501_12;L;3860;7;0;4870;1213;2370
P205219501;P205219501_13;M;4300;1223;0;5310;2429;2370
P205219501;P205219501_14;N;4870;0;0;5880;1206;2370
P205219501;P205219501_15;O;5310;1234;0;6320;2440;2370
P205219501;P205219501_16;P;5880;0;0;6450;780;1771
P205219501;P205219501_17;Q;6320;780;0;6890;1560;1771
P205219501;P205219501_18;R;6320;1660;0;6890;2440;1771
P205219501;P205219501_19;S;6450;0;0;7020;780;1771
P205219501;P205219501_20;T;6890;840;0;8090;2440;2700
P205219501;P205219501_21;U;7020;0;0;7590;780;1771
P205219501;P205219501_22;V;7590;0;0;8160;780;1771
P205219501;P205219501_23;W;8090;840;0;9290;2440;2700
P205219501;P205219501_24;X;8160;0;0;8730;780;1771
P205219501;P205219501_25;Y;8730;0;0;9300;780;1771
P205219501;P205219501_26;Z;9290;840;0;10490;2440;2700
P205219501;P205219501_27;AA;9300;0;0;9870;780;1771
P205219501;P205219501_28;AB;9870;0;0;10440;780;909
P205219501;P205219501_29;AC;10490;0;0;12090;1200;2700
P205219501;P205219501_30;AD;10490;1240;0;12090;2440;2700
P205219501;P205219501_31;AE;12090;0;0;13290;1600;2700
P202219507;P202219507_1;A;0;1240;0;1000;2440;2700
P202219507;P202219507_2;B;0;0;0;1000;1200;2700
P202219507;P202219507_3;C;1000;0;0;2600;1200;2700
P202219507;P202219507_4;D;1000;1234;0;2010;2440;1055
P202219507;P202219507_5;E;2010;1240;0;3610;2440;2700
P202219507;P202219507_6;F;2600;0;0;4200;1200;2700
P202219507;P202219507_7;G;3610;1240;0;5210;2440;2700
P202219507;P202219507_8;H;4200;0;0;5800;1200;2700
P202219507;P202219507_9;I;5210;1240;0;6810;2440;2700
P202219507;P202219507_10;J;5800;0;0;7400;1200;2700
P202219507;P202219507_11;K;6810;1240;0;7810;2440;2700
P202219507;P202219507_12;L;7400;0;0;8400;1200;2700
P202219507;P202219507_13;M;7810;1240;0;9410;2440;2700
P202219507;P202219507_14;N;8400;0;0;10000;1200;2700
P202219507;P202219507_15;O;9410;1240;0;10410;2440;1815
P202219507;P202219507_16;P;10000;0;0;10570;780;1771
P202219507;P202219507_17;Q;10410;780;0;10980;1560;1771
P202219507;P202219507_18;R;10410;1660;0;10980;2440;1771
P202219507;P202219507_19;S;10570;0;0;11140;780;1771
P202219507;P202219507_20;T;10980;840;0;12180;2440;2700
P202219507;P202219507_21;U;11140;0;0;11710;780;1771
P202219507;P202219507_22;V;11710;0;0;12280;780;1771
P202219507;P202219507_23;W;12180;840;0;13380;2440;2700
P202219507;P202219507_24;X;12280;0;0;12850;780;1771
P202219507;P202219507_25;Y;12850;0;0;13420;780;478
P200219503;P200219503_1;A;0;1660;0;570;2440;1771
P200219503;P200219503_2;B;0;0;0;570;780;1771
P200219503;P200219503_3;C;0;780;0;570;1560;1771
P200219503;P200219503_4;D;570;0;0;1140;780;1771
P200219503;P200219503_5;E;570;780;0;1140;1560;1771
P200219503;P200219503_6;F;570;1560;0;1140;2340;1771
P200219503;P200219503_7;G;1140;1660;0;1710;2440;1771
P200219503;P200219503_8;H;1140;0;0;1710;780;1771
P200219503;P200219503_9;I;1140;780;0;1710;1560;1771
P200219503;P200219503_10;J;1710;0;0;2280;780;1771
P200219503;P200219503_11;K;1710;780;0;2280;1560;1771
P200219503;P200219503_12;L;1710;1660;0;2280;2440;1771
P200219503;P200219503_13;M;2280;0;0;2850;780;1771
P200219503;P200219503_14;N;2280;780;0;2850;1560;1771
P200219503;P200219503_15;O;2280;1660;0;2850;2440;1771
P200219503;P200219503_16;P;2850;1240;0;4450;2440;2700
P200219503;P200219503_17;Q;2850;0;0;4450;1200;2700
P200219503;P200219503_18;R;4450;0;0;5020;780;1771
P200219503;P200219503_19;S;4450;840;0;5650;2440;2700
P200219503;P200219503_20;T;5020;0;0;5590;780;1771
P200219503;P200219503_21;U;5590;0;0;6160;780;1771
P200219503;P200219503_22;V;5650;840;0;6850;2440;2700
P200219503;P200219503_23;W;6160;0;0;6730;780;1771
P200219503;P200219503_24;X;6730;0;0;7300;780;1771
P200219503;P200219503_25;Y;6850;840;0;8050;2440;2700
P200219503;P200219503_26;Z;7300;0;0;7870;780;1771
P200219503;P200219503_27;AA;7870;0;0;8440;780;1771
P200219503;P200219503_28;AB;8050;840;0;9250;2440;2700
P200219503;P200219503_29;AC;8440;0;0;9010;780;1771
P200219503;P200219503_30;AD;9010;0;0;9580;780;1771
P200219503;P200219503_31;AE;9250;840;0;10450;2440;2700
P200219503;P200219503_32;AF;9580;0;0;10150;780;1771
P200219503;P200219503_33;AG;10150;0;0;10720;780;1771
P200219503;P200219503_34;AH;10450;1234;0;11460;2440;1055
P200219503;P200219503_35;AI;10720;0;0;11720;1200;2700
P200219503;P200219503_36;AJ;11460;1240;0;12460;2440;2700
P200219503;P200219503_37;AK;11720;0;0;13320;1200;2700
P200219503;P200219503_38;AL;12460;1240;0;13460;2440;2700
P199219503;P199219503_1;A;0;1660;0;570;2440;1771
P199219503;P199219503_2;B;0;0;0;570;780;1771
P199219503;P199219503_3;C;0;780;0;570;1560;1771
P199219503;P199219503_4;D;570;0;0;1140;780;1771
P199219503;P199219503_5;E;570;1240;0;1570;2440;2700
P199219503;P199219503_6;F;1140;0;0;2740;1200;2700
P199219503;P199219503_7;G;1570;1240;0;3170;2440;2700
P199219503;P199219503_8;H;2740;0;0;4340;1200;2700
P199219503;P199219503_9;I;3170;1240;0;4770;2440;2700
P199219503;P199219503_10;J;4340;0;0;5940;1200;2700
P199219503;P199219503_11;K;4770;1240;0;6370;2440;2700
P199219503;P199219503_12;L;5940;0;0;7540;1200;2700
P199219503;P199219503_13;M;6370;1660;0;6940;2440;1771
P199219503;P199219503_14;N;6940;1660;0;7510;2440;1771
P199219503;P199219503_15;O;7510;1660;0;8080;2440;1771
P199219503;P199219503_16;P;7540;0;0;8110;780;1771
P199219503;P199219503_17;Q;7540;780;0;8110;1560;1771
P199219503;P199219503_18;R;8080;1660;0;8650;2440;1771
P199219503;P199219503_19;S;8110;0;0;9110;1200;2700
P199219503;P199219503_20;T;8650;1240;0;10250;2440;2700
P199219503;P199219503_21;U;9110;0;0;10110;1200;2700
P199219503;P199219503_22;V;10110;0;0;11710;1200;2700
P199219503;P199219503_23;W;10250;1240;0;11850;2440;2700
P199219503;P199219503_24;X;11710;0;0;13310;1200;2700
P199219503;P199219503_25;Y;11850;1240;0;13450;2440;2700
P198219501;P198219501_1;A;0;830;0;570;1610;909
P198219501;P198219501_2;B;570;830;0;1140;1610;909
P198219501;P198219501_3;C;1140;1610;0;1710;2390;909
P198219501;P198219501_4;D;1140;830;0;1710;1610;909
P198219501;P198219501_5;E;1710;1660;0;2280;2440;909
P198219501;P198219501_6;F;1710;880;0;2280;1660;909
P198219501;P198219501_7;G;1710;100;0;2280;880;909
P198219501;P198219501_8;H;2280;0;0;2850;780;909
P198219501;P198219501_9;I;2280;1234;0;3290;2440;2370
P198219501;P198219501_10;J;2850;14;0;3860;1220;2370
P198219501;P198219501_11;K;3290;1234;0;4300;2440;2370
P198219501;P198219501_12;L;3860;0;0;4870;1206;2370
P198219501;P198219501_13;M;4300;1234;0;5310;2440;2370
P198219501;P198219501_14;N;4870;0;0;5880;1206;2370
P198219501;P198219501_15;O;5310;1234;0;6320;2440;1185
P198219501;P198219501_16;P;5880;0;0;6450;780;1771
P198219501;P198219501_17;Q;6320;780;0;6890;1560;1771
P198219501;P198219501_18;R;6320;1660;0;6890;2440;1771
P198219501;P198219501_19;S;6450;0;0;7020;780;1771
P198219501;P198219501_20;T;6890;840;0;8090;2440;2700
P198219501;P198219501_21;U;7020;0;0;7590;780;1771
P198219501;P198219501_22;V;7590;0;0;8160;780;1771
P198219501;P198219501_23;W;8090;780;0;8660;1560;1771
P198219501;P198219501_24;X;8090;1660;0;8660;2440;1771
P198219501;P198219501_25;Y;8160;0;0;8730;780;1771
P198219501;P198219501_26;Z;8660;1240;0;9660;2440;2700
P198219501;P198219501_27;AA;8730;0;0;9740;1206;770
P198219501;P198219501_28;AB;9660;1240;0;11260;2440;2700
P198219501;P198219501_29;AC;9740;0;0;10740;1200;2700
P198219501;P198219501_30;AD;10740;0;0;12340;1200;2700
P198219501;P198219501_31;AE;11260;1240;0;12860;2440;2700
P198219501;P198219501_32;AF;12340;0;0;13340;1200;1815
P198219501;P198219501_33;AG;12860;1660;0;13430;2440;1771
P193219503;P193219503_1;A;0;1660;0;570;2440;1771
P193219503;P193219503_2;B;0;0;0;570;780;1771
P193219503;P193219503_3;C;0;780;0;570;1560;1771
P193219503;P193219503_4;D;570;0;0;1140;780;1771
P193219503;P193219503_5;E;570;780;0;1140;1560;1771
P193219503;P193219503_6;F;570;1560;0;1140;2340;1771
P193219503;P193219503_7;G;1140;1660;0;1710;2440;1771
P193219503;P193219503_8;H;1140;0;0;1710;780;1771
P193219503;P193219503_9;I;1140;780;0;1710;1560;1771
P193219503;P193219503_10;J;1710;0;0;2280;780;1771
P193219503;P193219503_11;K;1710;780;0;2280;1560;1771
P193219503;P193219503_12;L;1710;1660;0;2280;2440;1771
P193219503;P193219503_13;M;2280;0;0;3880;1200;2700
P193219503;P193219503_14;N;2280;1240;0;3880;2440;2700
P193219503;P193219503_15;O;3880;1240;0;5480;2440;2700
P193219503;P193219503_16;P;3880;0;0;5480;1200;2700
P193219503;P193219503_17;Q;5480;0;0;6050;780;1771
P193219503;P193219503_18;R;5480;780;0;6050;1560;1771
P193219503;P193219503_19;S;5480;1660;0;6050;2440;1771
P193219503;P193219503_20;T;6050;1240;0;7650;2440;2700
P193219503;P193219503_21;U;6050;0;0;7650;1200;2700
P193219503;P193219503_22;V;7650;0;0;9250;1200;2700
P193219503;P193219503_23;W;7650;1240;0;9250;2440;2700
P193219503;P193219503_24;X;9250;1240;0;10850;2440;2700
P193219503;P193219503_25;Y;9250;0;0;10850;1200;2700
P193219503;P193219503_26;Z;10850;0;0;12450;1200;2700
P193219503;P193219503_27;AA;10850;1240;0;12450;2440;2700
P193219503;P193219503_28;AB;12450;1240;0;13450;2440;2700
P193219503;P193219503_29;AC;12450;0;0;13450;1200;2700
P192219503;P192219503_1;A;0;0;0;570;780;1771
P192219503;P192219503_2;B;0;780;0;570;1560;1771
P192219503;P192219503_3;C;0;1560;0;570;2340;1771
P192219503;P192219503_4;D;570;1240;0;2170;2440;2700
P192219503;P192219503_5;E;570;0;0;2170;1200;2700
P192219503;P192219503_6;F;2170;0;0;3770;1200;2700
P192219503;P192219503_7;G;2170;1240;0;3770;2440;2700
P192219503;P192219503_8;H;3770;1240;0;5370;2440;2700
P192219503;P192219503_9;I;3770;0;0;5370;1200;2700
P192219503;P192219503_10;J;5370;0;0;6970;1200;2700
P192219503;P192219503_11;K;5370;1240;0;6970;2440;2700
P192219503;P192219503_12;L;6970;1240;0;8570;2440;2700
P192219503;P192219503_13;M;6970;0;0;8570;1200;2700
P192219503;P192219503_14;N;8570;0;0;9570;1200;2700
P192219503;P192219503_15;O;8570;1240;0;9570;2440;2700
P192219503;P192219503_16;P;9570;1240;0;10570;2440;2700
P192219503;P192219503_17;Q;9570;0;0;10580;1206;1440
P192219503;P192219503_18;R;10570;1660;0;11140;2440;1771
P192219503;P192219503_19;S;10580;0;0;11150;780;1771
P192219503;P192219503_20;T;10580;780;0;11150;1560;1771
P192219503;P192219503_21;U;11140;1660;0;11710;2440;1771
P192219503;P192219503_22;V;11150;0;0;11720;780;1771
P192219503;P192219503_23;W;11150;780;0;11720;1560;1771
P192219503;P192219503_24;X;11710;1660;0;12280;2440;1771
P192219503;P192219503_25;Y;11720;0;0;12290;780;1771
P192219503;P192219503_26;Z;11720;780;0;12290;1560;1771
P192219503;P192219503_27;AA;12280;1660;0;12850;2440;1771
P192219503;P192219503_28;AB;12290;0;0;12860;780;1771
P192219503;P192219503_29;AC;12290;780;0;12860;1560;1771
P192219503;P192219503_30;AD;12850;1660;0;13420;2440;1771
P192219503;P192219503_31;AE;12860;0;0;13430;780;1771
P192219503;P192219503_32;AF;12860;780;0;13430;1560;1771
P191219501;P191219501_1;A;0;1660;0;570;2440;909
P191219501;P191219501_2;B;0;0;0;570;780;909
P191219501;P191219501_3;C;0;780;0;570;1560;909
P191219501;P191219501_4;D;570;0;0;1140;780;909
P191219501;P191219501_5;E;570;780;0;1140;1560;909
P191219501;P191219501_6;F;570;1560;0;1140;2340;909
P191219501;P191219501_7;G;1140;1660;0;1710;2440;478
P191219501;P191219501_8;H;1140;0;0;2150;1206;2370
P191219501;P191219501_9;I;1710;1234;0;2720;2440;2370
P191219501;P191219501_10;J;2150;0;0;3160;1206;2370
P191219501;P191219501_11;K;2720;1234;0;3730;2440;2370
P191219501;P191219501_12;L;3160;0;0;4170;1206;2370
P191219501;P191219501_13;M;3730;1234;0;4740;2440;1185
P191219501;P191219501_14;N;4170;0;0;4740;780;1771
P191219501;P191219501_15;O;4740;0;0;5310;780;1771
P191219501;P191219501_16;P;4740;780;0;5310;1560;1771
P191219501;P191219501_17;Q;4740;1660;0;5310;2440;1771
P191219501;P191219501_18;R;5310;1240;0;6910;2440;2700
P191219501;P191219501_19;S;5310;0;0;6910;1200;2700
P191219501;P191219501_20;T;6910;0;0;8510;1200;2700
P191219501;P191219501_21;U;6910;1240;0;8510;2440;2700
P191219501;P191219501_22;V;8510;1240;0;10110;2440;2700
P191219501;P191219501_23;W;8510;0;0;10110;1200;2700
P191219501;P191219501_24;X;10110;0;0;10680;780;1771
P191219501;P191219501_25;Y;10110;780;0;10680;1560;1771
P191219501;P191219501_26;Z;10110;1660;0;10680;2440;1771
P191219501;P191219501_27;AA;10680;1240;0;12280;2440;2700
P191219501;P191219501_28;AB;10680;0;0;11680;1200;2700
P191219501;P191219501_29;AC;11680;0;0;12680;1200;2700
P191219501;P191219501_30;AD;12280;1440;0;13480;2440;2700
P191219501;P191219501_31;AE;12680;0;0;13250;780;1771
P188219507;P188219507_1;A;0;1660;0;570;2440;1771
P188219507;P188219507_2;B;0;0;0;570;780;1771
P188219507;P188219507_3;C;0;780;0;570;1560;1771
P188219507;P188219507_4;D;570;0;0;2170;1200;2700
P188219507;P188219507_5;E;570;1240;0;2170;2440;2700
P188219507;P188219507_6;F;2170;1240;0;3770;2440;2700
P188219507;P188219507_7;G;2170;0;0;3770;1200;2700
P188219507;P188219507_8;H;3770;0;0;5370;1200;2700
P188219507;P188219507_9;I;3770;1240;0;5370;2440;2700
P188219507;P188219507_10;J;5370;1240;0;6370;2440;2700
P188219507;P188219507_11;K;5370;0;0;6970;1200;2700
P188219507;P188219507_12;L;6370;1234;0;7380;2440;1055
P188219507;P188219507_13;M;6970;0;0;7540;780;1771
P188219507;P188219507_14;N;7380;780;0;7950;1560;1771
P188219507;P188219507_15;O;7380;1660;0;7950;2440;1771
P188219507;P188219507_16;P;7540;0;0;8110;780;1771
P188219507;P188219507_17;Q;7950;840;0;9150;2440;2700
P188219507;P188219507_18;R;8110;0;0;8680;780;1771
P188219507;P188219507_19;S;8680;0;0;9250;780;1771
P188219507;P188219507_20;T;9150;1240;0;10150;2440;2700
P188219507;P188219507_21;U;9250;0;0;10250;1200;2700
P188219507;P188219507_22;V;10150;1240;0;11750;2440;2700
P188219507;P188219507_23;W;10250;0;0;11850;1200;2700
P188219507;P188219507_24;X;11750;1240;0;13350;2440;2700
P188219507;P188219507_25;Y;11850;0;0;13450;1200;2700
P187219503;P187219503_1;A;0;0;0;570;780;1771
P187219503;P187219503_2;B;0;780;0;570;1560;1771
P187219503;P187219503_3;C;0;1560;0;570;2340;1771
P187219503;P187219503_4;D;570;1660;0;1140;2440;1771
P187219503;P187219503_5;E;570;0;0;1140;780;1771
P187219503;P187219503_6;F;570;780;0;1140;1560;1771
P187219503;P187219503_7;G;1140;0;0;1710;780;1771
P187219503;P187219503_8;H;1140;780;0;1710;1560;1771
P187219503;P187219503_9;I;1140;1560;0;1710;2340;1771
P187219503;P187219503_10;J;1710;1660;0;2280;2440;1771
P187219503;P187219503_11;K;1710;0;0;2710;1200;2700
P187219503;P187219503_12;L;2280;1660;0;2850;2440;1771
P187219503;P187219503_13;M;2710;0;0;3280;780;1771
P187219503;P187219503_14;N;2710;780;0;3280;1560;1771
P187219503;P187219503_15;O;2850;1660;0;3420;2440;1771
P187219503;P187219503_16;P;3280;0;0;4480;1600;2700
P187219503;P187219503_17;Q;3420;1660;0;3990;2440;1771
P187219503;P187219503_18;R;3990;1660;0;4560;2440;1771
P187219503;P187219503_19;S;4480;0;0;5680;1600;2700
P187219503;P187219503_20;T;4560;1660;0;5130;2440;1771
P187219503;P187219503_21;U;5130;1660;0;5700;2440;1771
P187219503;P187219503_22;V;5680;0;0;6880;1600;2700
P187219503;P187219503_23;W;5700;1660;0;6270;2440;1771
P187219503;P187219503_24;X;6270;1660;0;6840;2440;1771
P187219503;P187219503_25;Y;6880;1240;0;8480;2440;2700
P187219503;P187219503_26;Z;6880;0;0;8480;1200;2700
P187219503;P187219503_27;AA;8480;0;0;10080;1200;2700
P187219503;P187219503_28;AB;8480;1240;0;10080;2440;2700
P187219503;P187219503_29;AC;10080;1240;0;11680;2440;2700
P187219503;P187219503_30;AD;10080;0;0;11080;1200;2700
P187219503;P187219503_31;AE;11080;0;0;12680;1200;2700
P187219503;P187219503_32;AF;11680;1240;0;13280;2440;2700
P185219503;P185219503_1;A;0;1660;0;570;2440;1771
P185219503;P185219503_2;B;0;0;0;570;780;1771
P185219503;P185219503_3;C;0;780;0;570;1560;1771
P185219503;P185219503_4;D;570;0;0;1140;780;1771
P185219503;P185219503_5;E;570;780;0;1140;1560;1771
P185219503;P185219503_6;F;570;1660;0;1140;2440;1771
P185219503;P185219503_7;G;1140;1240;0;2740;2440;2700
P185219503;P185219503_8;H;1140;0;0;2140;1200;2700
P185219503;P185219503_9;I;2140;0;0;3150;1206;1155
P185219503;P185219503_10;J;2740;1240;0;4340;2440;2700
P185219503;P185219503_11;K;3150;0;0;4750;1200;2700
P185219503;P185219503_12;L;4340;1240;0;5940;2440;2700
P185219503;P185219503_13;M;4750;0;0;6350;1200;2700
P185219503;P185219503_14;N;5940;1240;0;7540;2440;2700
P185219503;P185219503_15;O;6350;0;0;7950;1200;2700
P185219503;P185219503_16;P;7540;1240;0;8540;2440;2700
P185219503;P185219503_17;Q;7950;0;0;8950;1200;2700
P185219503;P185219503_18;R;8540;1660;0;9110;2440;1771
P185219503;P185219503_19;S;8950;0;0;9520;780;1771
P185219503;P185219503_20;T;8950;780;0;9520;1560;1771
P185219503;P185219503_21;U;9110;1660;0;9680;2440;1771
P185219503;P185219503_22;V;9520;0;0;10090;780;1771
P185219503;P185219503_23;W;9520;780;0;10090;1560;1771
P185219503;P185219503_24;X;9680;1660;0;10250;2440;1771
P185219503;P185219503_25;Y;10090;0;0;11290;1600;2700
P185219503;P185219503_26;Z;10250;1660;0;10820;2440;1771
P185219503;P185219503_27;AA;10820;1660;0;11390;2440;1771
P185219503;P185219503_28;AB;11290;0;0;12490;1600;2700
P185219503;P185219503_29;AC;11390;1660;0;11960;2440;1771
P185219503;P185219503_30;AD;11960;1660;0;12530;2440;1771
P185219503;P185219503_31;AE;12490;0;0;13490;1200;2700
P185219503;P185219503_32;AF;12530;1660;0;13100;2440;1771
P184219501;P184219501_1;A;0;830;0;570;1610;909
P184219501;P184219501_2;B;570;1610;0;1140;2390;909
P184219501;P184219501_3;C;570;830;0;1140;1610;909
P184219501;P184219501_4;D;1140;1660;0;1710;2440;909
P184219501;P184219501_5;E;1140;880;0;1710;1660;909
P184219501;P184219501_6;F;1140;100;0;1710;880;909
P184219501;P184219501_7;G;1710;0;0;2280;780;909
P184219501;P184219501_8;H;1710;780;0;2280;1560;909
P184219501;P184219501_9;I;1710;1560;0;2280;2340;478
P184219501;P184219501_10;J;2280;1234;0;3290;2440;2370
P184219501;P184219501_11;K;2280;0;0;3290;1206;2370
P184219501;P184219501_12;L;3290;0;0;4300;1206;2370
P184219501;P184219501_13;M;3290;1234;0;4300;2440;2370
P184219501;P184219501_14;N;4300;1234;0;5310;2440;2370
P184219501;P184219501_15;O;4300;0;0;5310;1206;1185
P184219501;P184219501_16;P;5310;0;0;5880;780;1771
P184219501;P184219501_17;Q;5310;780;0;5880;1560;1771
P184219501;P184219501_18;R;5310;1660;0;5880;2440;1771
P184219501;P184219501_19;S;5880;1660;0;6450;2440;1771
P184219501;P184219501_20;T;5880;0;0;6450;780;1771
P184219501;P184219501_21;U;5880;780;0;6450;1560;1771
P184219501;P184219501_22;V;6450;0;0;8050;1200;2700
P184219501;P184219501_23;W;6450;1240;0;8050;2440;2700
P184219501;P184219501_24;X;8050;1240;0;9050;2440;2700
P184219501;P184219501_25;Y;8050;0;0;9650;1200;2700
P184219501;P184219501_26;Z;9050;1240;0;10650;2440;2700
P184219501;P184219501_27;AA;9650;0;0;11250;1200;1815
P184219501;P184219501_28;AB;10650;1240;0;12250;2440;2700
P184219501;P184219501_29;AC;11250;0;0;12850;1200;2700
P184219501;P184219501_30;AD;12250;1234;0;13260;2440;285
P184219501;P184219501_31;AE;12850;0;0;13420;780;1771
Q184219501_1;Q184219501_1_1;A;0;0;0;570;780;1771
Q184219501_1;Q184219501_1_2;B;0;840;0;1200;2440;1815
Q184219501_1;Q184219501_1_3;C;570;0;0;1140;780;1771
Q184219501_1;Q184219501_1_4;D;1200;1240;0;2800;2440;1815
Q184219501_1;Q184219501_1_5;E;1200;0;0;2800;1200;1815
Q184219501_1;Q184219501_1_6;F;2800;0;0;3800;1200;1815
Q184219501_1;Q184219501_1_7;G;2800;1240;0;4400;2440;2700
P240217901;P240217901_1;A;0;0;0;1420;2300;990
P240217901;P240217901_2;B;1420;70;0;2840;2370;1935
P240217901;P240217901_3;C;2840;70;0;4260;2370;1935
P240217901;P240217901_4;D;4260;0;0;5680;2300;1935
P240217901;P240217901_5;E;5680;0;0;7100;2300;1935
P240217901;P240217901_6;F;7100;0;0;8520;2300;1935
P240217901;P240217901_7;G;8520;0;0;9940;2300;1935
P240217901;P240217901_8;H;9940;0;0;11360;2300;1935
P240217901;P240217901_9;I;11360;0;0;12780;2300;1935
P209217905;P209217905_1;A;0;70;0;1420;2370;990
P209217905;P209217905_2;B;1420;70;0;2840;2370;1935
P209217905;P209217905_3;C;2840;0;0;4260;2300;1935
P209217905;P209217905_4;D;4260;0;0;5680;2300;1935
P209217905;P209217905_5;E;5680;0;0;7100;2300;1935
P209217905;P209217905_6;F;7100;0;0;8520;2300;1935
P209217905;P209217905_7;G;8520;0;0;9940;2300;1935
P209217905;P209217905_8;H;9940;0;0;11360;2300;1935
P209217905;P209217905_9;I;11360;0;0;12780;2300;1935
P208217901;P208217901_1;A;0;70;0;1420;2370;990
P208217901;P208217901_2;B;1420;70;0;2840;2370;1935
P208217901;P208217901_3;C;2840;0;0;4260;2300;1935
P208217901;P208217901_4;D;4260;70;0;5680;2370;1935
P208217901;P208217901_5;E;5680;70;0;7100;2370;1935
P208217901;P208217901_6;F;7100;0;0;8520;2300;1935
P208217901;P208217901_7;G;8520;0;0;9940;2300;1935
P208217901;P208217901_8;H;9940;0;0;11360;2300;1935
P208217901;P208217901_9;I;11360;0;0;12780;2300;1935
P207217901;P207217901_1;A;0;70;0;1420;2370;990
P207217901;P207217901_2;B;1420;70;0;2840;2370;1935
P207217901;P207217901_3;C;2840;0;0;4260;2300;1935
P207217901;P207217901_4;D;4260;70;0;5680;2370;1935
P207217901;P207217901_5;E;5680;70;0;7100;2370;1935
P207217901;P207217901_6;F;7100;0;0;8520;2300;1935
P207217901;P207217901_7;G;8520;0;0;9940;2300;1935
P207217901;P207217901_8;H;9940;0;0;11360;2300;1935
P207217901;P207217901_9;I;11360;0;0;12780;2300;1935
P206217901;P206217901_1;A;0;0;0;1420;2300;990
P206217901;P206217901_2;B;1420;140;0;2840;2440;1935
P206217901;P206217901_3;C;2840;70;0;4260;2370;1935
P206217901;P206217901_4;D;4260;0;0;5680;2300;1935
P206217901;P206217901_5;E;5680;0;0;7100;2300;1935
P206217901;P206217901_6;F;7100;0;0;8520;2300;1935
P206217901;P206217901_7;G;8520;0;0;9940;2300;1935
P206217901;P206217901_8;H;9940;0;0;11360;2300;1935
P206217901;P206217901_9;I;11360;0;0;12780;2300;1935
P206217905;P206217905_1;A;0;0;0;1420;2300;990
P206217905;P206217905_2;B;1420;70;0;2840;2370;990
P206217905;P206217905_3;C;2840;0;0;4260;2300;1935
P206217905;P206217905_4;D;4260;70;0;5680;2370;1935
P206217905;P206217905_5;E;5680;0;0;7100;2300;1935
P206217905;P206217905_6;F;7100;0;0;8520;2300;1935
P206217905;P206217905_7;G;8520;0;0;9940;2300;1935
P206217905;P206217905_8;H;9940;0;0;11360;2300;990
P205217901;P205217901_1;A;0;0;0;1420;2300;990
P205217901;P205217901_2;B;1420;70;0;2840;2370;1935
P205217901;P205217901_3;C;2840;0;0;4260;2300;1935
P205217901;P205217901_4;D;4260;0;0;5680;2300;1935
P205217901;P205217901_5;E;5680;0;0;7100;2300;1935
P205217901;P205217901_6;F;7100;0;0;8520;2300;1935
P205217901;P205217901_7;G;8520;0;0;9940;2300;1935
P205217901;P205217901_8;H;9940;0;0;11360;2300;1935
P205217901;P205217901_9;I;11360;0;0;12780;2300;1935
P202217905;P202217905_1;A;0;70;0;1420;2370;990
P202217905;P202217905_2;B;1420;0;0;2840;2300;1935
P202217905;P202217905_3;C;2840;0;0;4260;2300;1935
P202217905;P202217905_4;D;4260;0;0;5680;2300;1935
P202217905;P202217905_5;E;5680;0;0;7100;2300;1935
P202217905;P202217905_6;F;7100;0;0;8520;2300;1935
P202217905;P202217905_7;G;8520;0;0;9940;2300;1935
P202217905;P202217905_8;H;9940;0;0;11360;2300;1935
P202217905;P202217905_9;I;11360;0;0;12780;2300;1935
P201217901;P201217901_1;A;0;70;0;1420;2370;990
P201217901;P201217901_2;B;1420;70;0;2840;2370;1935
P201217901;P201217901_3;C;2840;70;0;4260;2370;1935
P201217901;P201217901_4;D;4260;0;0;5680;2300;1935
P201217901;P201217901_5;E;5680;0;0;7100;2300;1935
P201217901;P201217901_6;F;7100;0;0;8520;2300;1935
P201217901;P201217901_7;G;8520;0;0;9940;2300;1935
P201217901;P201217901_8;H;9940;0;0;11360;2300;1935
P201217901;P201217901_9;I;11360;0;0;12780;2300;1935
P200217905;P200217905_1;A;0;70;0;1420;2370;990
P200217905;P200217905_2;B;1420;70;0;2840;2370;1935
P200217905;P200217905_3;C;2840;0;0;4260;2300;1935
P200217905;P200217905_4;D;4260;0;0;5680;2300;1935
P200217905;P200217905_5;E;5680;0;0;7100;2300;1935
P200217905;P200217905_6;F;7100;0;0;8520;2300;1935
P200217905;P200217905_7;G;8520;0;0;9940;2300;1935
P200217905;P200217905_8;H;9940;0;0;11360;2300;1935
P200217905;P200217905_9;I;11360;0;0;12780;2300;1935
P199217901;P199217901_1;A;0;70;0;1420;2370;990
P199217901;P199217901_2;B;1420;70;0;2840;2370;1935
P199217901;P199217901_3;C;2840;70;0;4260;2370;1935
P199217901;P199217901_4;D;4260;0;0;5680;2300;1935
P199217901;P199217901_5;E;5680;0;0;7100;2300;1935
P199217901;P199217901_6;F;7100;0;0;8520;2300;1935
P199217901;P199217901_7;G;8520;0;0;9940;2300;1935
P199217901;P199217901_8;H;9940;0;0;11360;2300;1935
P199217901;P199217901_9;I;11360;0;0;12780;2300;1935
P198217901;P198217901_1;A;0;0;0;1420;2300;990
P198217901;P198217901_2;B;1420;0;0;2840;2300;1935
P198217901;P198217901_3;C;2840;0;0;4260;2300;1935
P198217901;P198217901_4;D;4260;0;0;5680;2300;1935
P198217901;P198217901_5;E;5680;0;0;7100;2300;1935
P198217901;P198217901_6;F;7100;0;0;8520;2300;1935
P198217901;P198217901_7;G;8520;0;0;9940;2300;1935
P198217901;P198217901_8;H;9940;0;0;11360;2300;1935
P198217901;P198217901_9;I;11360;0;0;12780;2300;1935
P194217901;P194217901_1;A;0;0;0;1420;2300;990
P194217901;P194217901_2;B;1420;0;0;2840;2300;990
P194217901;P194217901_3;C;2840;70;0;4260;2370;1935
P194217901;P194217901_4;D;4260;0;0;5680;2300;1935
P194217901;P194217901_5;E;5680;0;0;7100;2300;1935
P194217901;P194217901_6;F;7100;0;0;8520;2300;1935
P194217901;P194217901_7;G;8520;0;0;9940;2300;1935
P194217901;P194217901_8;H;9940;0;0;11360;2300;1935
P194217901;P194217901_9;I;11360;0;0;12780;2300;990
P193217905;P193217905_1;A;0;70;0;1420;2370;990
P193217905;P193217905_2;B;1420;70;0;2840;2370;990
P193217905;P193217905_3;C;2840;0;0;4260;2300;1935
P193217905;P193217905_4;D;4260;70;0;5680;2370;1935
P193217905;P193217905_5;E;5680;0;0;7100;2300;1935
P193217905;P193217905_6;F;7100;0;0;8520;2300;1935
P193217905;P193217905_7;G;8520;0;0;9940;2300;1935
P193217905;P193217905_8;H;9940;0;0;11360;2300;990
P192217905;P192217905_1;A;0;0;0;1420;2300;990
P192217905;P192217905_2;B;1420;70;0;2840;2370;990
P192217905;P192217905_3;C;2840;70;0;4260;2370;1935
P192217905;P192217905_4;D;4260;70;0;5680;2370;1935
P192217905;P192217905_5;E;5680;0;0;7100;2300;1935
P192217905;P192217905_6;F;7100;0;0;8520;2300;1935
P192217905;P192217905_7;G;8520;0;0;9940;2300;1935
P192217905;P192217905_8;H;9940;0;0;11360;2300;1935
P191217901;P191217901_1;A;0;70;0;1420;2370;990
P191217901;P191217901_2;B;1420;70;0;2840;2370;990
P191217901;P191217901_3;C;2840;70;0;4260;2370;1935
P191217901;P191217901_4;D;4260;70;0;5680;2370;1935
P191217901;P191217901_5;E;5680;0;0;7100;2300;1935
P191217901;P191217901_6;F;7100;0;0;8520;2300;1935
P191217901;P191217901_7;G;8520;0;0;9940;2300;1935
P191217901;P191217901_8;H;9940;0;0;11360;2300;1935
P191217901;P191217901_9;I;11360;0;0;12780;2300;1935
P188217905;P188217905_1;A;0;70;0;1420;2370;990
P188217905;P188217905_2;B;1420;0;0;2840;2300;1935
P188217905;P188217905_3;C;2840;0;0;4260;2300;1935
P188217905;P188217905_4;D;4260;0;0;5680;2300;1935
P188217905;P188217905_5;E;5680;0;0;7100;2300;1935
P188217905;P188217905_6;F;7100;0;0;8520;2300;1935
P188217905;P188217905_7;G;8520;0;0;9940;2300;1935
P188217905;P188217905_8;H;9940;0;0;11360;2300;1935
P188217905;P188217905_9;I;11360;0;0;12780;2300;1935
P187217901;P187217901_1;A;0;0;0;1420;2300;990
P187217901;P187217901_2;B;1420;0;0;2840;2300;1935
P187217901;P187217901_3;C;2840;70;0;4260;2370;1935
P187217901;P187217901_4;D;4260;0;0;5680;2300;1935
P187217901;P187217901_5;E;5680;0;0;7100;2300;1935
P187217901;P187217901_6;F;7100;0;0;8520;2300;1935
P187217901;P187217901_7;G;8520;0;0;9940;2300;1935
P187217901;P187217901_8;H;9940;0;0;11360;2300;1935
P187217901;P187217901_9;I;11360;0;0;12780;2300;1935
P186217901;P186217901_1;A;0;0;0;1420;2300;990
P186217901;P186217901_2;B;1420;70;0;2840;2370;1935
P186217901;P186217901_3;C;2840;70;0;4260;2370;1935
P186217901;P186217901_4;D;4260;0;0;5680;2300;1935
P186217901;P186217901_5;E;5680;0;0;7100;2300;1935
P186217901;P186217901_6;F;7100;0;0;8520;2300;1935
P186217901;P186217901_7;G;8520;0;0;9940;2300;1935
P186217901;P186217901_8;H;9940;0;0;11360;2300;1935
P186217901;P186217901_9;I;11360;0;0;12780;2300;1935
P185217901;P185217901_1;A;0;70;0;1420;2370;990
P185217901;P185217901_2;B;1420;70;0;2840;2370;1935
P185217901;P185217901_3;C;2840;0;0;4260;2300;1935
P185217901;P185217901_4;D;4260;0;0;5680;2300;1935
P185217901;P185217901_5;E;5680;0;0;7100;2300;1935
P185217901;P185217901_6;F;7100;0;0;8520;2300;1935
P185217901;P185217901_7;G;8520;0;0;9940;2300;1935
P185217901;P185217901_8;H;9940;0;0;11360;2300;1935
P185217901;P185217901_9;I;11360;0;0;12780;2300;1935
P185217905;P185217905_1;A;0;70;0;1420;2370;990
P185217905;P185217905_2;B;1420;70;0;2840;2370;1935
P185217905;P185217905_3;C;2840;0;0;4260;2300;1935
P185217905;P185217905_4;D;4260;0;0;5680;2300;1935
P185217905;P185217905_5;E;5680;0;0;7100;2300;1935
P185217905;P185217905_6;F;7100;0;0;8520;2300;1935
P185217905;P185217905_7;G;8520;0;0;9940;2300;1935
P185217905;P185217905_8;H;9940;0;0;11360;2300;1935
P185217905;P185217905_9;I;11360;0;0;12780;2300;1935
P240067501;P240067501_1;A;0;1234;0;1010;2440;2186
P240067501;P240067501_2;B;0;0;0;1010;1206;2186
P240067501;P240067501_3;C;1010;0;0;2020;1206;2186
P240067501;P240067501_4;D;1010;1234;0;2020;2440;2186
P240067501;P240067501_5;E;2020;1240;0;3020;2440;2835
P240067501;P240067501_6;F;2020;0;0;3020;1200;2835
P240067501;P240067501_7;G;3020;0;0;4020;1200;2835
P240067501;P240067501_8;H;3020;1240;0;4020;2440;2835
P240067501;P240067501_9;I;4020;1240;0;5020;2440;2835
P240067501;P240067501_10;J;4020;0;0;5020;1200;2835
P240067501;P240067501_11;K;5020;0;0;6020;1200;2835
P240067501;P240067501_12;L;5020;1240;0;6020;2440;2835
P240067501;P240067501_13;M;6020;1240;0;7020;2440;2835
P240067501;P240067501_14;N;6020;0;0;7020;1200;2835
P240067501;P240067501_15;O;7020;0;0;8020;1200;2835
P240067501;P240067501_16;P;7020;1240;0;8020;2440;2835
P240067501;P240067501_17;Q;8020;1240;0;9020;2440;2835
P240067501;P240067501_18;R;8020;0;0;9020;1200;2835
P240067501;P240067501_19;S;9020;0;0;10020;1200;2835
P240067501;P240067501_20;T;9020;1240;0;10020;2440;2835
P240067501;P240067501_21;U;10020;1240;0;11020;2440;2835
P240067501;P240067501_22;V;10020;0;0;11020;1200;2835
P240067501;P240067501_23;W;11020;0;0;12020;1200;2835
P240067501;P240067501_24;X;11020;1240;0;12020;2440;2835
P240067501;P240067501_25;Y;12020;1430;0;13226;2440;2186
P240067501;P240067501_26;Z;12020;0;0;13030;1206;2186
P209067501;P209067501_1;A;0;0;0;1000;1200;2835
P209067501;P209067501_2;B;0;1234;0;1010;2440;2186
P209067501;P209067501_3;C;1000;0;0;2010;1206;2186
P209067501;P209067501_4;D;1010;1234;0;2020;2440;2186
P209067501;P209067501_5;E;2010;0;0;3020;1206;2186
P209067501;P209067501_6;F;2020;1240;0;3020;2440;2835
P209067501;P209067501_7;G;3020;1240;0;4020;2440;2835
P209067501;P209067501_8;H;3020;0;0;4020;1200;2835
P209067501;P209067501_9;I;4020;0;0;5020;1200;2835
P209067501;P209067501_10;J;4020;1240;0;5020;2440;2835
P209067501;P209067501_11;K;5020;1240;0;6020;2440;2835
P209067501;P209067501_12;L;5020;0;0;6020;1200;2835
P209067501;P209067501_13;M;6020;0;0;7020;1200;2835
P209067501;P209067501_14;N;6020;1240;0;7020;2440;1905
P209067501;P209067501_15;O;7020;1234;0;8030;2440;2186
P209067501;P209067501_16;P;7020;0;0;8030;1206;1093
P209067501;P209067501_17;Q;8030;0;0;9030;1200;2835
P209067501;P209067501_18;R;8030;1240;0;9030;2440;2835
P209067501;P209067501_19;S;9030;1240;0;10030;2440;2835
P209067501;P209067501_20;T;9030;0;0;10030;1200;2835
P209067501;P209067501_21;U;10030;0;0;11030;1200;2835
P209067501;P209067501_22;V;10030;1240;0;11030;2440;2835
P209067501;P209067501_23;W;11030;1240;0;12030;2440;2835
P209067501;P209067501_24;X;11030;0;0;12030;1200;1905
P209067501;P209067501_25;Y;12030;0;0;13230;1000;2835
P209067501;P209067501_26;Z;12030;1240;0;13030;2440;975
P208067501;P208067501_1;A;0;0;0;1000;1200;2835
P208067501;P208067501_2;B;0;1200;0;1000;2400;2835
P208067501;P208067501_3;C;1000;1240;0;2000;2440;2835
P208067501;P208067501_4;D;1000;0;0;2010;1206;2186
P208067501;P208067501_5;E;2000;1234;0;3010;2440;2186
P208067501;P208067501_6;F;2010;0;0;3020;1206;2186
P208067501;P208067501_7;G;3010;1234;0;4020;2440;2186
P208067501;P208067501_8;H;3020;0;0;4020;1200;2835
P208067501;P208067501_9;I;4020;0;0;5020;1200;2835
P208067501;P208067501_10;J;4020;1240;0;5020;2440;2835
P208067501;P208067501_11;K;5020;1240;0;6020;2440;2835
P208067501;P208067501_12;L;5020;0;0;6020;1200;2835
P208067501;P208067501_13;M;6020;0;0;7020;1200;2835
P208067501;P208067501_14;N;6020;1240;0;7020;2440;2835
P208067501;P208067501_15;O;7020;1240;0;8020;2440;2835
P208067501;P208067501_16;P;7020;0;0;8020;1200;2835
P208067501;P208067501_17;Q;8020;0;0;9020;1200;2835
P208067501;P208067501_18;R;8020;1240;0;9020;2440;2835
P208067501;P208067501_19;S;9020;1240;0;10020;2440;2835
P208067501;P208067501_20;T;9020;0;0;10020;1200;2835
P208067501;P208067501_21;U;10020;0;0;11020;1200;2835
P208067501;P208067501_22;V;10020;1240;0;11020;2440;2835
P208067501;P208067501_23;W;11020;1240;0;12020;2440;2835
P208067501;P208067501_24;X;11020;0;0;12020;1200;2835
P208067501;P208067501_25;Y;12020;0;0;13226;1010;2186
P208067501;P208067501_26;Z;12020;1234;0;13030;2440;2186
P207067505;P207067505_1;A;0;0;0;1010;1206;2186
P207067505;P207067505_2;B;0;1234;0;1010;2440;2186
P207067505;P207067505_3;C;1010;1234;0;2020;2440;2186
P207067505;P207067505_4;D;1010;0;0;2010;1200;2835
P207067505;P207067505_5;E;2010;0;0;3010;1200;2835
P207067505;P207067505_6;F;2020;1240;0;3020;2440;2835
P207067505;P207067505_7;G;3010;0;0;4010;1200;2835
P207067505;P207067505_8;H;3020;1240;0;4020;2440;2835
P207067505;P207067505_9;I;4010;0;0;5020;1206;2186
P207067505;P207067505_10;J;4020;1240;0;5020;2440;2835
P207067505;P207067505_11;K;5020;0;0;6020;1200;2835
P207067505;P207067505_12;L;5020;1240;0;6020;2440;2835
P207067505;P207067505_13;M;6020;1240;0;7020;2440;2835
P207067505;P207067505_14;N;6020;0;0;7020;1200;1905
P207067505;P207067505_15;O;7020;0;0;8030;1206;2975
P207067505;P207067505_16;P;7020;1234;0;8030;2440;2975
P207067505;P207067505_17;Q;8030;1234;0;9040;2440;2671
P207067505;P207067505_18;R;8030;0;0;9040;1206;2671
P207067505;P207067505_19;S;9040;0;0;10050;1206;2671
P207067505;P207067505_20;T;9040;1234;0;10050;2440;2186
P207067505;P207067505_21;U;10050;1234;0;11060;2440;2186
P207067505;P207067505_22;V;10050;0;0;11060;1206;2484
P207067505;P207067505_23;W;11060;0;0;12070;1206;2484
P207067501;P207067501_1;A;0;0;0;1010;1206;2186
P207067501;P207067501_2;B;0;1234;0;1010;2440;2186
P207067501;P207067501_3;C;1010;1234;0;2020;2440;2186
P207067501;P207067501_4;D;1010;0;0;2010;1200;2835
P207067501;P207067501_5;E;2010;0;0;3010;1200;2835
P207067501;P207067501_6;F;2020;1240;0;3020;2440;2835
P207067501;P207067501_7;G;3010;0;0;4010;1200;2835
P207067501;P207067501_8;H;3020;1240;0;4020;2440;1905
P207067501;P207067501_9;I;4010;0;0;5020;1206;2186
P207067501;P207067501_10;J;4020;1234;0;5030;2440;2186
P207067501;P207067501_11;K;5020;0;0;6020;1200;2835
P207067501;P207067501_12;L;5030;1240;0;6030;2440;2835
P207067501;P207067501_13;M;6020;0;0;7020;1200;2835
P207067501;P207067501_14;N;6030;1240;0;7030;2440;2835
P207067501;P207067501_15;O;7020;0;0;8020;1200;1905
P206067501;P206067501_1;A;0;0;0;1000;1200;2835
P206067501;P206067501_2;B;0;1240;0;1000;2440;2835
P206067501;P206067501_3;C;1000;1240;0;2000;2440;2835
P206067501;P206067501_4;D;1000;0;0;2000;1200;2835
P206067501;P206067501_5;E;2000;0;0;3000;1200;2835
P206067501;P206067501_6;F;2000;1240;0;3000;2440;2835
P206067501;P206067501_7;G;3000;1240;0;4000;2440;2835
P206067501;P206067501_8;H;3000;0;0;4000;1200;2835
P206067501;P206067501_9;I;4000;0;0;5000;1200;2835
P206067501;P206067501_10;J;4000;1240;0;5000;2440;2835
P206067501;P206067501_11;K;5000;1240;0;6000;2440;2835
P206067501;P206067501_12;L;5000;0;0;6010;1206;2186
P206067501;P206067501_13;M;6000;1234;0;7010;2440;2186
P206067501;P206067501_14;N;6010;0;0;7020;1206;2186
P206067501;P206067501_15;O;7010;1240;0;8010;2440;2835
P206067501;P206067501_16;P;7020;0;0;8020;1200;2835
P206067501;P206067501_17;Q;8010;1240;0;9010;2440;2835
P206067501;P206067501_18;R;8020;0;0;9020;1200;2835
P206067501;P206067501_19;S;9010;1240;0;10010;2440;2835
P206067501;P206067501_20;T;9020;0;0;10020;1200;2835
P206067501;P206067501_21;U;10010;1240;0;11010;2440;2835
P206067501;P206067501_22;V;10020;0;0;11020;1200;2835
P206067501;P206067501_23;W;11010;1240;0;12010;2440;2835
P206067501;P206067501_24;X;11020;0;0;12030;1206;2186
P206067501;P206067501_25;Y;12010;1234;0;13020;2440;2186
P206067501;P206067501_26;Z;12030;0;0;13040;1206;2186
P205067501;P205067501_1;A;0;0;0;1000;1200;2835
P205067501;P205067501_2;B;0;1240;0;1000;2440;2835
P205067501;P205067501_3;C;1000;1240;0;2000;2440;2835
P205067501;P205067501_4;D;1000;0;0;2000;1200;2835
P205067501;P205067501_5;E;2000;0;0;3000;1200;2835
P205067501;P205067501_6;F;2000;1240;0;3000;2440;2835
P205067501;P205067501_7;G;3000;1240;0;4000;2440;2835
P205067501;P205067501_8;H;3000;0;0;4000;1200;2835
P205067501;P205067501_9;I;4000;0;0;5000;1200;2835
P205067501;P205067501_10;J;4000;1240;0;5000;2440;2835
P205067501;P205067501_11;K;5000;1240;0;6000;2440;1905
P205067501;P205067501_12;L;5000;0;0;6000;1200;2835
P205067501;P205067501_13;M;6000;0;0;7000;1200;2835
P205067501;P205067501_14;N;6000;1240;0;7000;2440;2835
P205067501;P205067501_15;O;7000;1240;0;8000;2440;2835
P205067501;P205067501_16;P;7000;0;0;8000;1200;2835
P205067501;P205067501_17;Q;8000;0;0;9000;1200;2835
P205067501;P205067501_18;R;8000;1240;0;9000;2440;2835
P205067501;P205067501_19;S;9000;1240;0;10000;2440;2835
P205067501;P205067501_20;T;9000;0;0;10000;1200;2835
P205067501;P205067501_21;U;10000;0;0;11000;1200;2835
P205067501;P205067501_22;V;10000;1234;0;11010;2440;2186
P205067501;P205067501_23;W;11000;0;0;12010;1206;2186
P205067501;P205067501_24;X;11010;1234;0;12020;2440;2186
P205067501;P205067501_25;Y;12010;0;0;13020;1206;2186
P205067501;P205067501_26;Z;12020;1234;0;13030;2440;2186
P202067501;P202067501_1;A;0;0;0;1000;1200;2835
P202067501;P202067501_2;B;0;1240;0;1000;2440;2835
P202067501;P202067501_3;C;1000;1240;0;2000;2440;2835
P202067501;P202067501_4;D;1000;0;0;2000;1200;2835
P202067501;P202067501_5;E;2000;0;0;3000;1200;2835
P202067501;P202067501_6;F;2000;1240;0;3000;2440;2835
P202067501;P202067501_7;G;3000;1240;0;4000;2440;2835
P202067501;P202067501_8;H;3000;0;0;4000;1200;2835
P202067501;P202067501_9;I;4000;0;0;5000;1200;2835
P202067501;P202067501_10;J;4000;1240;0;5000;2440;2835
P202067501;P202067501_11;K;5000;1240;0;6000;2440;2835
P202067501;P202067501_12;L;5000;0;0;6000;1200;2835
P202067501;P202067501_13;M;6000;0;0;7000;1200;2835
P202067501;P202067501_14;N;6000;1234;0;7010;2440;2186
P202067501;P202067501_15;O;7000;0;0;8010;1206;2186
P202067501;P202067501_16;P;7010;1234;0;8020;2440;2186
P202067501;P202067501_17;Q;8010;0;0;9020;1206;2186
P202067501;P202067501_18;R;8020;1234;0;9030;2440;2186
P202067501;P202067501_19;S;9020;0;0;10030;1206;2186
P202067501;P202067501_20;T;9030;1240;0;10030;2440;2835
P202067501;P202067501_21;U;10030;1240;0;11030;2440;2835
P202067501;P202067501_22;V;10030;0;0;11030;1200;2835
P202067501;P202067501_23;W;11030;0;0;12030;1200;2835
P202067501;P202067501_24;X;11030;1240;0;12030;2440;2835
P202067501;P202067501_25;Y;12030;1440;0;13230;2440;2835
P202067501;P202067501_26;Z;12030;0;0;13030;1200;2835
P201067501;P201067501_1;A;0;0;0;1000;1200;2835
P201067501;P201067501_2;B;0;1240;0;1000;2440;2835
P201067501;P201067501_3;C;1000;1240;0;2000;2440;2835
P201067501;P201067501_4;D;1000;0;0;2000;1200;2835
P201067501;P201067501_5;E;2000;0;0;3000;1200;2835
P201067501;P201067501_6;F;2000;1240;0;3000;2440;2835
P201067501;P201067501_7;G;3000;1240;0;4000;2440;2835
P201067501;P201067501_8;H;3000;0;0;4000;1200;2835
P201067501;P201067501_9;I;4000;0;0;5000;1200;2835
P201067501;P201067501_10;J;4000;1240;0;5000;2440;2835
P201067501;P201067501_11;K;5000;1240;0;6000;2440;2835
P201067501;P201067501_12;L;5000;0;0;6000;1200;2835
P201067501;P201067501_13;M;6000;0;0;7000;1200;2835
P201067501;P201067501_14;N;6000;1240;0;7000;2440;2835
P201067501;P201067501_15;O;7000;1240;0;8000;2440;2835
P201067501;P201067501_16;P;7000;0;0;8000;1200;2835
P201067501;P201067501_17;Q;8000;0;0;9000;1200;2835
P201067501;P201067501_18;R;8000;1240;0;9000;2440;2835
P201067501;P201067501_19;S;9000;1240;0;10000;2440;2835
P201067501;P201067501_20;T;9000;0;0;10000;1200;2835
P201067501;P201067501_21;U;10000;0;0;11000;1200;2835
P201067501;P201067501_22;V;10000;1234;0;11010;2440;2186
P201067501;P201067501_23;W;11000;0;0;12010;1206;2186
P201067501;P201067501_24;X;11010;1234;0;12020;2440;2186
P201067501;P201067501_25;Y;12010;0;0;13020;1206;2186
P201067501;P201067501_26;Z;12020;1234;0;13030;2440;2186
P200067505;P200067505_1;A;0;1234;0;1010;2440;2186
P200067505;P200067505_2;B;0;0;0;1010;1206;2186
P200067505;P200067505_3;C;1010;0;0;2020;1206;2186
P200067505;P200067505_4;D;1010;1240;0;2010;2440;2835
P200067505;P200067505_5;E;2010;1234;0;3020;2440;2186
P200067505;P200067505_6;F;2020;0;0;3030;1206;2186
P200067505;P200067505_7;G;3020;1234;0;4030;2440;2186
P200067505;P200067505_8;H;3030;0;0;4040;1206;2186
P200067505;P200067505_9;I;4030;1234;0;5040;2440;2186
P200067505;P200067505_10;J;4040;0;0;5050;1206;2186
P200067505;P200067505_11;K;5040;1234;0;6050;2440;2186
P200067505;P200067505_12;L;5050;0;0;6060;1206;2186
P200067505;P200067505_13;M;6050;1240;0;7050;2440;2835
P200067505;P200067505_14;N;6060;0;0;7060;1200;2835
P200067505;P200067505_15;O;7050;1234;0;8060;2440;2186
P200067505;P200067505_16;P;7060;0;0;8070;1206;2244
P200067505;P200067505_17;Q;8060;1234;0;9070;2440;2063
P200067505;P200067505_18;R;8070;0;0;9080;1206;2186
P200067505;P200067505_19;S;9070;1234;0;10080;2440;2186
P200067505;P200067505_20;T;9080;0;0;10090;1206;2186
P200067505;P200067505_21;U;10080;1234;0;11090;2440;2186
P200067505;P200067505_22;V;10090;0;0;11100;1206;2186
P200067505;P200067505_23;W;11090;1234;0;12100;2440;2186
P200067505;P200067505_24;X;11100;0;0;12110;1206;2186
P200067505;P200067505_25;Y;12100;1234;0;13110;2440;2186
P200067505;P200067505_26;Z;12110;0;0;13120;1206;2186
P200067501;P200067501_1;A;0;1234;0;1010;2440;2186
P200067501;P200067501_2;B;0;0;0;1010;1206;2186
P200067501;P200067501_3;C;1010;0;0;2020;1206;2186
P200067501;P200067501_4;D;1010;1206;0;2020;2412;2186
P200067501;P200067501_5;E;2020;1234;0;3030;2440;2186
P200067501;P200067501_6;F;2020;0;0;3030;1206;2186
P200067501;P200067501_7;G;3030;0;0;4040;1206;2186
P200067501;P200067501_8;H;3030;1234;0;4040;2440;2186
P200067501;P200067501_9;I;4040;1234;0;5050;2440;2186
P200067501;P200067501_10;J;4040;0;0;5040;1200;2835
P200067501;P200067501_11;K;5040;0;0;6040;1200;2835
P200067501;P200067501_12;L;5050;1240;0;6050;2440;2835
P200067501;P200067501_13;M;6040;0;0;7040;1200;2835
P200067501;P200067501_14;N;6050;1240;0;7050;2440;2835
P200067501;P200067501_15;O;7040;0;0;8040;1200;2835
P200067501;P200067501_16;P;7050;1240;0;8050;2440;2835
P200067501;P200067501_17;Q;8040;0;0;9040;1200;2835
P200067501;P200067501_18;R;8050;1240;0;9050;2440;2835
P200067501;P200067501_19;S;9040;0;0;10040;1200;2835
P200067501;P200067501_20;T;9050;1240;0;10050;2440;2835
P200067501;P200067501_21;U;10040;0;0;11040;1200;2835
P200067501;P200067501_22;V;10050;1240;0;11050;2440;2835
P200067501;P200067501_23;W;11040;0;0;12040;1200;2835
P200067501;P200067501_24;X;11050;1240;0;12050;2440;2835
P200067501;P200067501_25;Y;12040;0;0;13040;1200;2835
P200067501;P200067501_26;Z;12050;1240;0;13050;2440;2835
P199067501;P199067501_1;A;0;0;0;1010;1206;2186
P199067501;P199067501_2;B;0;1206;0;1010;2412;2186
P199067501;P199067501_3;C;1010;1234;0;2020;2440;2186
P199067501;P199067501_4;D;1010;0;0;2020;1206;2186
P199067501;P199067501_5;E;2020;0;0;3030;1206;2186
P199067501;P199067501_6;F;2020;1240;0;3020;2440;2835
P199067501;P199067501_7;G;3020;1240;0;4020;2440;2835
P199067501;P199067501_8;H;3030;0;0;4030;1200;2835
P199067501;P199067501_9;I;4020;1240;0;5020;2440;2835
P199067501;P199067501_10;J;4030;0;0;5030;1200;2835
P199067501;P199067501_11;K;5020;1240;0;6020;2440;2835
P199067501;P199067501_12;L;5030;0;0;6030;1200;2835
P199067501;P199067501_13;M;6020;1240;0;7020;2440;2835
P199067501;P199067501_14;N;6030;0;0;7030;1200;2835
P199067501;P199067501_15;O;7020;1240;0;8020;2440;2835
P199067501;P199067501_16;P;7030;0;0;8030;1200;2835
P199067501;P199067501_17;Q;8020;1240;0;9020;2440;2835
P199067501;P199067501_18;R;8030;0;0;9030;1200;2835
P199067501;P199067501_19;S;9020;1240;0;10020;2440;2835
P199067501;P199067501_20;T;9030;0;0;10030;1200;2835
P199067501;P199067501_21;U;10020;1240;0;11020;2440;2835
P199067501;P199067501_22;V;10030;0;0;11030;1200;2835
P199067501;P199067501_23;W;11020;1240;0;12020;2440;2835
P199067501;P199067501_24;X;11030;0;0;12030;1200;2835
P199067501;P199067501_25;Y;12020;1240;0;13020;2440;2835
P199067501;P199067501_26;Z;12030;0;0;13040;1206;2186
P198067501;P198067501_1;A;0;0;0;1010;1206;2186
P198067501;P198067501_2;B;0;1206;0;1010;2412;2186
P198067501;P198067501_3;C;1010;1234;0;2020;2440;2186
P198067501;P198067501_4;D;1010;0;0;2020;1206;2186
P198067501;P198067501_5;E;2020;1234;0;3030;2440;2186
P198067501;P198067501_6;F;2020;0;0;3030;1206;2186
P198067501;P198067501_7;G;3030;0;0;4030;1200;2835
P198067501;P198067501_8;H;3030;1240;0;4030;2440;2835
P198067501;P198067501_9;I;4030;1240;0;5030;2440;2835
P198067501;P198067501_10;J;4030;0;0;5030;1200;2835
P198067501;P198067501_11;K;5030;0;0;6030;1200;2835
P198067501;P198067501_12;L;5030;1240;0;6030;2440;2835
P198067501;P198067501_13;M;6030;1240;0;7030;2440;2835
P198067501;P198067501_14;N;6030;0;0;7030;1200;2835
P198067501;P198067501_15;O;7030;0;0;8030;1200;2835
P198067501;P198067501_16;P;7030;1240;0;8030;2440;2835
P198067501;P198067501_17;Q;8030;1240;0;9030;2440;2835
P198067501;P198067501_18;R;8030;0;0;9030;1200;2835
P198067501;P198067501_19;S;9030;0;0;10030;1200;2835
P198067501;P198067501_20;T;9030;1240;0;10030;2440;2835
P198067501;P198067501_21;U;10030;1240;0;11030;2440;2835
P198067501;P198067501_22;V;10030;0;0;11030;1200;2835
P198067501;P198067501_23;W;11030;0;0;12030;1200;2835
P198067501;P198067501_24;X;11030;1240;0;12030;2440;2835
P198067501;P198067501_25;Y;12030;1440;0;13230;2440;2835
P198067501;P198067501_26;Z;12030;0;0;13030;1200;2835
P194067501;P194067501_1;A;0;0;0;1010;1206;2186
P194067501;P194067501_2;B;0;1206;0;1010;2412;2186
P194067501;P194067501_3;C;1010;1234;0;2020;2440;2186
P194067501;P194067501_4;D;1010;0;0;2020;1206;2186
P194067501;P194067501_5;E;2020;1234;0;3030;2440;2186
P194067501;P194067501_6;F;2020;0;0;3030;1206;2186
P194067501;P194067501_7;G;3030;0;0;4040;1206;2186
P194067501;P194067501_8;H;3030;1234;0;4040;2440;2186
P194067501;P194067501_9;I;4040;1234;0;5050;2440;2186
P194067501;P194067501_10;J;4040;0;0;5040;1200;2835
P194067501;P194067501_11;K;5040;0;0;6040;1200;2835
P194067501;P194067501_12;L;5050;1240;0;6050;2440;2835
P194067501;P194067501_13;M;6040;0;0;7040;1200;2835
P194067501;P194067501_14;N;6050;1240;0;7050;2440;2835
P194067501;P194067501_15;O;7040;0;0;8040;1200;2835
P194067501;P194067501_16;P;7050;1240;0;8050;2440;2835
P194067501;P194067501_17;Q;8040;0;0;9040;1200;2835
P194067501;P194067501_18;R;8050;1240;0;9050;2440;2835
P194067501;P194067501_19;S;9040;0;0;10040;1200;2835
P194067501;P194067501_20;T;9050;1240;0;10050;2440;2835
P194067501;P194067501_21;U;10040;0;0;11040;1200;2835
P194067501;P194067501_22;V;10050;1240;0;11050;2440;2835
P194067501;P194067501_23;W;11040;0;0;12040;1200;2835
P194067501;P194067501_24;X;11050;1240;0;12050;2440;2835
P194067501;P194067501_25;Y;12040;0;0;13040;1200;2835
P194067501;P194067501_26;Z;12050;1240;0;13050;2440;2835
P193067505;P193067505_1;A;0;0;0;1010;1206;2186
P193067505;P193067505_2;B;0;1206;0;1010;2412;2186
P193067505;P193067505_3;C;1010;1234;0;2020;2440;2186
P193067505;P193067505_4;D;1010;0;0;2020;1206;2186
P193067505;P193067505_5;E;2020;0;0;3020;1200;2835
P193067505;P193067505_6;F;2020;1240;0;3020;2440;2835
P193067505;P193067505_7;G;3020;1240;0;4020;2440;2835
P193067505;P193067505_8;H;3020;0;0;4020;1200;2835
P193067505;P193067505_9;I;4020;0;0;5020;1200;2835
P193067505;P193067505_10;J;4020;1240;0;5020;2440;2835
P193067505;P193067505_11;K;5020;1240;0;6020;2440;2835
P193067505;P193067505_12;L;5020;0;0;6020;1200;2835
P193067505;P193067505_13;M;6020;0;0;7020;1200;2835
P193067505;P193067505_14;N;6020;1234;0;7030;2440;2186
P193067505;P193067505_15;O;7020;0;0;8030;1206;2975
P193067505;P193067505_16;P;7030;1234;0;8040;2440;2969
P193067505;P193067505_17;Q;8030;0;0;9040;1206;2782
P193067505;P193067505_18;R;8040;1234;0;9050;2440;2969
P193067505;P193067505_19;S;9040;0;0;10050;1206;2975
P193067505;P193067505_20;T;9050;1234;0;10060;2440;2975
P193067505;P193067505_21;U;10050;0;0;11060;1206;2186
P193067505;P193067505_22;V;10060;1234;0;11070;2440;2186
P193067505;P193067505_23;W;11060;0;0;12070;1206;2186
P193067505;P193067505_24;X;11070;1234;0;12080;2440;1093
P193067501;P193067501_1;A;0;0;0;1000;1200;2835
P193067501;P193067501_2;B;0;1240;0;1000;2440;2835
P193067501;P193067501_3;C;1000;1240;0;2000;2440;2835
P193067501;P193067501_4;D;1000;0;0;2000;1200;2835
P193067501;P193067501_5;E;2000;0;0;3010;1206;2186
P193067501;P193067501_6;F;2000;1234;0;3010;2440;2186
P193067501;P193067501_7;G;3010;1240;0;4010;2440;2835
P193067501;P193067501_8;H;3010;0;0;4010;1200;2835
P193067501;P193067501_9;I;4010;0;0;5010;1200;2835
P193067501;P193067501_10;J;4010;1240;0;5010;2440;2835
P193067501;P193067501_11;K;5010;1240;0;6010;2440;2835
P193067501;P193067501_12;L;5010;0;0;6010;1200;2835
P193067501;P193067501_13;M;6010;0;0;7010;1200;2835
P193067501;P193067501_14;N;6010;1240;0;7010;2440;2835
P193067501;P193067501_15;O;7010;1240;0;8010;2440;2835
P193067501;P193067501_16;P;7010;0;0;8010;1200;2835
P193067501;P193067501_17;Q;8010;0;0;9010;1200;2835
P193067501;P193067501_18;R;8010;1240;0;9010;2440;2835
P193067501;P193067501_19;S;9010;1234;0;10020;2440;2186
P193067501;P193067501_20;T;9010;0;0;10020;1206;2186
P193067501;P193067501_21;U;10020;0;0;11030;1206;2186
P193067501;P193067501_22;V;10020;1234;0;11030;2440;2186
P193067501;P193067501_23;W;11030;1234;0;12040;2440;2186
P193067501;P193067501_24;X;11030;0;0;12040;1206;2186
P193067501;P193067501_25;Y;12040;0;0;13240;1000;2835
P193067501;P193067501_26;Z;12040;1240;0;13040;2440;2835
P192067501;P192067501_1;A;0;0;0;1010;1206;2186
P192067501;P192067501_2;B;0;1206;0;1010;2412;2186
P192067501;P192067501_3;C;1010;1240;0;2010;2440;2835
P192067501;P192067501_4;D;1010;0;0;2010;1200;2835
P192067501;P192067501_5;E;2010;0;0;3010;1200;2835
P192067501;P192067501_6;F;2010;1240;0;3010;2440;2835
P192067501;P192067501_7;G;3010;1240;0;4010;2440;2835
P192067501;P192067501_8;H;3010;0;0;4010;1200;2835
P192067501;P192067501_9;I;4010;0;0;5010;1200;2835
P192067501;P192067501_10;J;4010;1240;0;5010;2440;2835
P192067501;P192067501_11;K;5010;1240;0;6010;2440;2835
P192067501;P192067501_12;L;5010;0;0;6010;1200;2835
P192067501;P192067501_13;M;6010;0;0;7010;1200;2835
P192067501;P192067501_14;N;6010;1240;0;7010;2440;2835
P192067501;P192067501_15;O;7010;1240;0;8010;2440;2835
P192067501;P192067501_16;P;7010;0;0;8010;1200;2835
P192067501;P192067501_17;Q;8010;0;0;9010;1200;2835
P192067501;P192067501_18;R;8010;1240;0;9010;2440;2835
P192067501;P192067501_19;S;9010;1240;0;10010;2440;2835
P192067501;P192067501_20;T;9010;0;0;10010;1200;2835
P192067501;P192067501_21;U;10010;0;0;11010;1200;2835
P192067501;P192067501_22;V;10010;1234;0;11020;2440;2186
P192067501;P192067501_23;W;11010;0;0;12020;1206;2186
P192067501;P192067501_24;X;11020;1234;0;12030;2440;2186
P192067501;P192067501_25;Y;12020;0;0;13030;1206;2186
P192067501;P192067501_26;Z;12030;1234;0;13040;2440;2186
P191067501;P191067501_1;A;0;0;0;1010;1206;2186
P191067501;P191067501_2;B;0;1206;0;1010;2412;2186
P191067501;P191067501_3;C;1010;1234;0;2020;2440;2186
P191067501;P191067501_4;D;1010;0;0;2020;1206;2186
P191067501;P191067501_5;E;2020;0;0;3030;1206;2186
P191067501;P191067501_6;F;2020;1234;0;3030;2440;2186
P191067501;P191067501_7;G;3030;1234;0;4040;2440;2186
P191067501;P191067501_8;H;3030;0;0;4040;1206;2186
P191067501;P191067501_9;I;4040;0;0;5050;1206;2186
P191067501;P191067501_10;J;4040;1240;0;5040;2440;2835
P191067501;P191067501_11;K;5040;1240;0;6040;2440;2835
P191067501;P191067501_12;L;5050;0;0;6050;1200;2835
P191067501;P191067501_13;M;6040;1240;0;7040;2440;2835
P191067501;P191067501_14;N;6050;0;0;7050;1200;2835
P191067501;P191067501_15;O;7040;1240;0;8040;2440;2835
P191067501;P191067501_16;P;7050;0;0;8050;1200;2835
P191067501;P191067501_17;Q;8040;1240;0;9040;2440;2835
P191067501;P191067501_18;R;8050;0;0;9050;1200;2835
P191067501;P191067501_19;S;9040;1240;0;10040;2440;2835
P191067501;P191067501_20;T;9050;0;0;10050;1200;2835
P191067501;P191067501_21;U;10040;1240;0;11040;2440;2835
P191067501;P191067501_22;V;10050;0;0;11050;1200;2835
P191067501;P191067501_23;W;11040;1240;0;12040;2440;2835
P191067501;P191067501_24;X;11050;0;0;12050;1200;2835
P191067501;P191067501_25;Y;12040;1240;0;13040;2440;2835
P191067501;P191067501_26;Z;12050;0;0;13050;1200;2835
P189067551;P189067551_1;A;0;0;0;1000;1200;2835
P189067551;P189067551_2;B;0;1200;0;1000;2400;2835
P189067551;P189067551_3;C;1000;1234;0;2010;2440;2186
P189067551;P189067551_4;D;1000;0;0;2010;1206;2186
P189067551;P189067551_5;E;2010;0;0;3020;1206;2186
P189067551;P189067551_6;F;2010;1234;0;3020;2440;2186
P189067551;P189067551_7;G;3020;1234;0;4030;2440;2186
P189067551;P189067551_8;H;3020;0;0;4030;1206;2186
P189067551;P189067551_9;I;4030;0;0;5040;1206;2186
P189067551;P189067551_10;J;4030;1234;0;5040;2440;2186
P189067551;P189067551_11;K;5040;1234;0;6050;2440;2186
P189067551;P189067551_12;L;5040;0;0;6050;1206;2186
P189067551;P189067551_13;M;6050;0;0;7060;1206;2186
P189067551;P189067551_14;N;6050;1234;0;7060;2440;2186
P189067551;P189067551_15;O;7060;1234;0;8070;2440;2186
P189067551;P189067551_16;P;7060;0;0;8070;1206;2186
P189067551;P189067551_17;Q;8070;0;0;9080;1206;2186
P189067551;P189067551_18;R;8070;1240;0;9070;2440;2835
P189067551;P189067551_19;S;9070;1240;0;10070;2440;2835
P189067551;P189067551_20;T;9080;0;0;10080;1200;2835
P189067551;P189067551_21;U;10070;1240;0;11070;2440;2835
P189067551;P189067551_22;V;10080;0;0;11090;1206;1093
P189067551;P189067551_23;W;11070;1240;0;12070;2440;2835
P189067551;P189067551_24;X;11090;0;0;12090;1200;2835
P189067551;P189067551_25;Y;12070;1240;0;13070;2440;1905
P188067501;P188067501_1;A;0;0;0;1000;1200;2835
P188067501;P188067501_2;B;0;1200;0;1000;2400;2835
P188067501;P188067501_3;C;1000;1240;0;2000;2440;2835
P188067501;P188067501_4;D;1000;0;0;2000;1200;2835
P188067501;P188067501_5;E;2000;0;0;3000;1200;2835
P188067501;P188067501_6;F;2000;1200;0;3000;2400;2835
P188067501;P188067501_7;G;3000;1240;0;4000;2440;2835
P188067501;P188067501_8;H;3000;0;0;4000;1200;2835
P188067501;P188067501_9;I;4000;1240;0;5000;2440;2835
P188067501;P188067501_10;J;4000;0;0;5000;1200;2835
P188067501;P188067501_11;K;5000;0;0;6000;1200;2835
P188067501;P188067501_12;L;5000;1234;0;6010;2440;2186
P188067501;P188067501_13;M;6000;0;0;7010;1206;2186
P188067501;P188067501_14;N;6010;1234;0;7020;2440;2186
P188067501;P188067501_15;O;7010;0;0;8020;1206;2186
P188067501;P188067501_16;P;7020;1240;0;8020;2440;2835
P188067501;P188067501_17;Q;8020;1240;0;9020;2440;2835
P188067501;P188067501_18;R;8020;0;0;9020;1200;2835
P188067501;P188067501_19;S;9020;0;0;10020;1200;2835
P188067501;P188067501_20;T;9020;1240;0;10020;2440;2835
P188067501;P188067501_21;U;10020;1240;0;11020;2440;2835
P188067501;P188067501_22;V;10020;0;0;11020;1200;2835
P188067501;P188067501_23;W;11020;0;0;12020;1200;975
P188067501;P188067501_24;X;11020;1234;0;12030;2440;2186
P188067501;P188067501_25;Y;12020;0;0;13030;1206;2186
P188067501;P188067501_26;Z;12030;1234;0;13040;2440;2186
P187067501;P187067501_1;A;0;0;0;1000;1200;2835
P187067501;P187067501_2;B;0;1240;0;1000;2440;2835
P187067501;P187067501_3;C;1000;1240;0;2000;2440;2835
P187067501;P187067501_4;D;1000;0;0;2000;1200;2835
P187067501;P187067501_5;E;2000;0;0;3000;1200;2835
P187067501;P187067501_6;F;2000;1240;0;3000;2440;2835
P187067501;P187067501_7;G;3000;1240;0;4000;2440;2835
P187067501;P187067501_8;H;3000;0;0;4000;1200;2835
P187067501;P187067501_9;I;4000;0;0;5000;1200;2835
P187067501;P187067501_10;J;4000;1240;0;5000;2440;2835
P187067501;P187067501_11;K;5000;1240;0;6000;2440;2835
P187067501;P187067501_12;L;5000;0;0;6000;1200;2835
P187067501;P187067501_13;M;6000;0;0;7010;1206;2186
P187067501;P187067501_14;N;6000;1234;0;7010;2440;2186
P187067501;P187067501_15;O;7010;1234;0;8020;2440;2186
P187067501;P187067501_16;P;7010;0;0;8020;1206;2186
P187067501;P187067501_17;Q;8020;0;0;9030;1206;2186
P187067501;P187067501_18;R;8020;1234;0;9030;2440;2186
P187067501;P187067501_19;S;9030;1234;0;10040;2440;2186
P187067501;P187067501_20;T;9030;0;0;10030;1200;2835
P187067501;P187067501_21;U;10030;0;0;11030;1200;2835
P187067501;P187067501_22;V;10040;1240;0;11040;2440;2835
P187067501;P187067501_23;W;11030;0;0;12030;1200;2835
P187067501;P187067501_24;X;11040;1240;0;12040;2440;2835
P187067501;P187067501_25;Y;12030;0;0;13030;1200;2835
P187067501;P187067501_26;Z;12040;1240;0;13040;2440;2835
P186067505;P186067505_1;A;0;1240;0;1000;2440;1905
P186067505;P186067505_2;B;0;0;0;1010;1206;2186
P186067505;P186067505_3;C;1000;1234;0;2010;2440;2186
P186067505;P186067505_4;D;1010;0;0;2020;1206;2186
P186067505;P186067505_5;E;2010;1234;0;3020;2440;2186
P186067505;P186067505_6;F;2020;0;0;3030;1206;2186
P186067505;P186067505_7;G;3020;1234;0;4030;2440;2186
P186067505;P186067505_8;H;3030;0;0;4030;1200;1905
P186067505;P186067505_9;I;4030;0;0;5030;1200;2835
P186067505;P186067505_10;J;4030;1240;0;5030;2440;2835
P186067505;P186067505_11;K;5030;1240;0;6030;2440;2835
P186067505;P186067505_12;L;5030;0;0;6030;1200;2835
P186067505;P186067505_13;M;6030;0;0;7030;1200;2835
P186067505;P186067505_14;N;6030;1240;0;7030;2440;2835
P186067505;P186067505_15;O;7030;1240;0;8030;2440;2835
P186067505;P186067505_16;P;7030;0;0;8030;1200;1905
P186067505;P186067505_17;Q;8030;0;0;9030;1200;1905
P186067505;P186067505_18;R;8030;1234;0;9040;2440;2186
P186067505;P186067505_19;S;9030;0;0;10040;1206;2186
P186067505;P186067505_20;T;9040;1234;0;10050;2440;2063
P186067505;P186067505_21;U;10040;0;0;11050;1206;2186
P186067505;P186067505_22;V;10050;1234;0;11060;2440;2186
P186067505;P186067505_23;W;11050;0;0;12060;1206;2367
P186067505;P186067505_24;X;11060;1234;0;12070;2440;2186
P186067505;P186067505_25;Y;12060;0;0;13070;1206;2484
P186067505;P186067505_26;Z;12070;1234;0;13080;2440;1391
P185067501;P185067501_1;A;0;0;0;1010;1206;2186
P185067501;P185067501_2;B;0;1234;0;1010;2440;2186
P185067501;P185067501_3;C;1010;1234;0;2020;2440;2186
P185067501;P185067501_4;D;1010;0;0;2010;1200;1905
P185067501;P185067501_5;E;2010;0;0;3010;1200;2835
P185067501;P185067501_6;F;2020;1234;0;3030;2440;2186
P185067501;P185067501_7;G;3010;0;0;4020;1206;2186
P185067501;P185067501_8;H;3030;1234;0;4040;2440;2186
P185067501;P185067501_9;I;4020;0;0;5030;1206;2186
P185067501;P185067501_10;J;4040;1234;0;5050;2440;2186
P185067501;P185067501_11;K;5030;0;0;6040;1206;2186
P185067501;P185067501_12;L;5050;1240;0;6050;2440;2835
P185067501;P185067501_13;M;6040;0;0;7040;1200;2835
P185067501;P185067501_14;N;6050;1240;0;7050;2440;2835
P185067501;P185067501_15;O;7040;0;0;8040;1200;2835
P185067501;P185067501_16;P;7050;1240;0;8050;2440;2835
P185067501;P185067501_17;Q;8040;0;0;9040;1200;2835
P185067501;P185067501_18;R;8050;1240;0;9050;2440;2835
P185067501;P185067501_19;S;9040;0;0;10040;1200;1905
P185067501;P185067501_20;T;9050;1240;0;10050;2440;2835
P185067501;P185067501_21;U;10040;0;0;11040;1200;2835
P185067501;P185067501_22;V;10050;1240;0;11050;2440;2835
P185067501;P185067501_23;W;11040;0;0;12040;1200;2835
P185067501;P185067501_24;X;11050;1240;0;12050;2440;2835
P185067501;P185067501_25;Y;12040;0;0;13040;1200;2835
P185067501;P185067501_26;Z;12050;1240;0;13050;2440;2835
Q185067501_1;Q185067501_1_1;A;0;0;0;1000;1200;1905
Q185067501_1;Q185067501_1_2;B;0;1240;0;1000;2440;1905
Q185067501_1;Q185067501_1_3;C;1000;1240;0;2000;2440;2835
Q185067501_1;Q185067501_1_4;D;1000;0;0;2000;1200;2835
Q185067501_1;Q185067501_1_5;E;2000;0;0;3000;1200;2835
Q185067501_1;Q185067501_1_6;F;2000;1240;0;3000;2440;2835
Q185067501_1;Q185067501_1_7;G;3000;1240;0;4000;2440;2835
Q185067501_1;Q185067501_1_8;H;3000;0;0;4000;1200;2835
Q185067501_1;Q185067501_1_9;I;4000;0;0;5000;1200;2835
Q185067501_1;Q185067501_1_10;J;4000;1240;0;5000;2440;2835
Q185067501_1;Q185067501_1_11;K;5000;1240;0;6000;2440;2835
Q185067501_1;Q185067501_1_12;L;5000;0;0;6010;1206;2186
Q185067501_1;Q185067501_1_13;M;6000;1234;0;7010;2440;2186
Q185067501_1;Q185067501_1_14;N;6010;0;0;7020;1206;2186
Q185067501_1;Q185067501_1_15;O;7010;1234;0;8020;2440;2186
Q185067501_1;Q185067501_1_16;P;7020;0;0;8030;1206;2186
Q185067501_1;Q185067501_1_17;Q;8020;1240;0;9020;2440;2835
Q185067501_1;Q185067501_1_18;R;8030;0;0;9040;1206;2186
Q185067501_1;Q185067501_1_19;S;9020;1234;0;10030;2440;2186
Q185067501_1;Q185067501_1_20;T;9040;0;0;10050;1206;2186
Q185067501_1;Q185067501_1_21;U;10030;1234;0;11040;2440;1093
P194069803;P194069803_1;A;0;0;0;2200;2400;2995
P194069803;P194069803_2;B;2200;0;0;4400;2400;2995
P194069803;P194069803_3;C;4400;0;0;6600;2400;2995
P194069803;P194069803_4;D;6600;0;0;8800;2400;2995
P194069803;P194069803_5;E;8800;0;0;11000;2400;2995
P194069803;P194069803_6;F;11000;0;0;13200;2400;2995
P194068809;P194068809_1;A;0;0;0;2200;2400;2995
P194068809;P194068809_2;B;2200;0;0;4400;2400;2995
P194068809;P194068809_3;C;4400;0;0;6600;2400;2995
P194068809;P194068809_4;D;6600;0;0;8800;2400;2995
P194068809;P194068809_5;E;8800;0;0;11000;2400;2995
P194068809;P194068809_6;F;11000;0;0;13200;2400;2995
P194068801;P194068801_1;A;0;0;0;2200;2400;2995
P194068801;P194068801_2;B;2200;0;0;4400;2400;2995
P194068801;P194068801_3;C;4400;0;0;6600;2400;2995
P194068801;P194068801_4;D;6600;0;0;8800;2400;2995
P194068801;P194068801_5;E;8800;0;0;11000;2400;2995
P194068801;P194068801_6;F;11000;0;0;13200;2400;2995
P193069801;P193069801_1;A;0;0;0;2200;2400;2935
P193069801;P193069801_2;B;2200;0;0;4400;2400;2965
P193069801;P193069801_3;C;4400;0;0;6600;2400;2995
P193069801;P193069801_4;D;6600;0;0;8800;2400;2995
P193069801;P193069801_5;E;8800;0;0;11000;2400;2995
P193069801;P193069801_6;F;11000;0;0;13200;2400;2995
P193068809;P193068809_1;A;0;0;0;2200;2400;2995
P193068809;P193068809_2;B;2200;0;0;4400;2400;2995
P193068809;P193068809_3;C;4400;0;0;6600;2400;2995
P193068809;P193068809_4;D;6600;0;0;8800;2400;2965
P193068809;P193068809_5;E;8800;0;0;11000;2400;2995
P193068809;P193068809_6;F;11000;0;0;13200;2400;2995
P193068801;P193068801_1;A;0;0;0;2200;2400;2995
P193068801;P193068801_2;B;2200;0;0;4400;2400;2995
P193068801;P193068801_3;C;4400;0;0;6600;2400;2995
P193068801;P193068801_4;D;6600;0;0;8800;2400;2995
P193068801;P193068801_5;E;8800;0;0;11000;2400;2995
P193068801;P193068801_6;F;11000;0;0;13200;2400;2995
P192069805;P192069805_1;A;0;0;0;2200;2400;2965
P192069805;P192069805_2;B;2200;0;0;4400;2400;2995
P192069805;P192069805_3;C;4400;0;0;6600;2400;2995
P192069805;P192069805_4;D;6600;0;0;8800;2400;2995
P192069805;P192069805_5;E;8800;0;0;11000;2400;2995
P192069805;P192069805_6;F;11000;0;0;13200;2400;2995
Q192069805_1;Q192069805_1_1;A;0;0;0;2200;2400;1490
Q192069805_1;Q192069805_1_2;B;2200;1240;0;3200;2440;2835
Q192069805_1;Q192069805_1_3;C;2200;0;0;3200;1200;2835
Q192069805_1;Q192069805_1_4;D;3200;0;0;4200;1200;2835
Q192069805_1;Q192069805_1_5;E;3200;1240;0;4200;2440;2835
Q192069805_1;Q192069805_1_6;F;4200;1240;0;5200;2440;2835
Q192069805_1;Q192069805_1_7;G;4200;0;0;5200;1200;2835
Q192069805_1;Q192069805_1_8;H;5200;0;0;6200;1200;2835
Q192069805_1;Q192069805_1_9;I;5200;1240;0;6200;2440;2835
Q192069805_1;Q192069805_1_10;J;6200;1240;0;7200;2440;2835
Q192069805_1;Q192069805_1_11;K;6200;0;0;7200;1200;2835
Q192069805_1;Q192069805_1_12;L;7200;0;0;8200;1200;2835
Q192069805_1;Q192069805_1_13;M;7200;1240;0;8200;2440;2835
Q192069805_1;Q192069805_1_14;N;8200;1240;0;9200;2440;2835
Q192069805_1;Q192069805_1_15;O;8200;0;0;9200;1200;2835
Q192069805_1;Q192069805_1_16;P;9200;0;0;10200;1200;2835
Q192069805_1;Q192069805_1_17;Q;9200;1240;0;10200;2440;2835
Q192069805_1;Q192069805_1_18;R;10200;1240;0;11200;2440;2835
Q192069805_1;Q192069805_1_19;S;10200;0;0;11200;1200;2835
Q192069805_1;Q192069805_1_20;T;11200;0;0;12200;1200;2835
Q192069805_1;Q192069805_1_21;U;11200;1240;0;12200;2440;2835
Q192069805_1;Q192069805_1_22;V;12200;1440;0;13400;2440;2835
Q192069805_1;Q192069805_1_23;W;12200;0;0;13400;1000;2835
P192068809;P192068809_1;A;0;0;0;2200;2400;2995
P192068809;P192068809_2;B;2200;0;0;4400;2400;2995
P192068809;P192068809_3;C;4400;0;0;6600;2400;2995
P192068809;P192068809_4;D;6600;0;0;8800;2400;2995
P192068809;P192068809_5;E;8800;0;0;11000;2400;2995
P192068809;P192068809_6;F;11000;0;0;13200;2400;2995
P192068801;P192068801_1;A;0;0;0;2200;2400;2995
P192068801;P192068801_2;B;2200;0;0;4400;2400;2995
P192068801;P192068801_3;C;4400;0;0;6600;2400;2995
P192068801;P192068801_4;D;6600;0;0;8800;2400;1490
P191069801;P191069801_1;A;0;0;0;2200;2400;2995
P191069801;P191069801_2;B;2200;0;0;4400;2400;2995
P191069801;P191069801_3;C;4400;0;0;6600;2400;2995
P191069801;P191069801_4;D;6600;0;0;8800;2400;2995
P191069801;P191069801_5;E;8800;0;0;11000;2400;2995
P191069801;P191069801_6;F;11000;0;0;13200;2400;2995
P191068809;P191068809_1;A;0;0;0;2200;2400;2995
P191068809;P191068809_2;B;2200;0;0;4400;2400;2995
P191068809;P191068809_3;C;4400;0;0;6600;2400;2995
P191068809;P191068809_4;D;6600;0;0;8800;2400;2995
P191068809;P191068809_5;E;8800;0;0;11000;2400;2995
P191068809;P191068809_6;F;11000;0;0;13200;2400;2995
P189068801;P189068801_1;A;0;0;0;2200;2400;2965
P189068801;P189068801_2;B;2200;0;0;4400;2400;2995
P189068801;P189068801_3;C;4400;0;0;6600;2400;2995
P189068801;P189068801_4;D;6600;0;0;8800;2400;2995
P189068801;P189068801_5;E;8800;0;0;11000;2400;2995
P189068801;P189068801_6;F;11000;0;0;13200;2400;2995
P188069805;P188069805_1;A;0;0;0;2200;2400;2995
P188069805;P188069805_2;B;2200;0;0;4400;2400;2995
P188069805;P188069805_3;C;4400;0;0;5400;1200;2835
P188069805;P188069805_4;D;4400;1240;0;5400;2440;2835
P188069805;P188069805_5;E;5400;1240;0;6400;2440;2835
P188069805;P188069805_6;F;5400;0;0;6400;1200;2835
P188069805;P188069805_7;G;6400;0;0;7400;1200;2835
P188069805;P188069805_8;H;6400;1240;0;7400;2440;2835
P188069805;P188069805_9;I;7400;1240;0;8400;2440;2835
P188069805;P188069805_10;J;7400;0;0;8400;1200;2835
P188069805;P188069805_11;K;8400;0;0;9400;1200;2835
P188069805;P188069805_12;L;8400;1240;0;9400;2440;2835
P188069805;P188069805_13;M;9400;1240;0;10400;2440;2835
P188069805;P188069805_14;N;9400;0;0;10400;1200;2835
P188069805;P188069805_15;O;10400;0;0;11400;1200;2835
P188069805;P188069805_16;P;10400;1240;0;11400;2440;2835
P188069805;P188069805_17;Q;11400;1240;0;12400;2440;2835
P188069805;P188069805_18;R;11400;0;0;12400;1200;2835
P188069805;P188069805_19;S;12400;0;0;13400;1200;2835
P188069805;P188069805_20;T;12400;1240;0;13400;2440;2835
P188068809;P188068809_1;A;0;0;0;2200;2400;2995
P188068809;P188068809_2;B;2200;0;0;4400;2400;2995
P188068809;P188068809_3;C;4400;0;0;6600;2400;2995
P188068809;P188068809_4;D;6600;0;0;8800;2400;2995
P188068809;P188068809_5;E;8800;0;0;11000;2400;2995
P188068809;P188068809_6;F;11000;0;0;13200;2400;2995
P188068801;P188068801_1;A;0;0;0;2200;2400;2995
P188068801;P188068801_2;B;2200;0;0;4400;2400;2995
P188068801;P188068801_3;C;4400;0;0;6600;2400;2995
P188068801;P188068801_4;D;6600;0;0;8800;2400;2995
P188068801;P188068801_5;E;8800;0;0;11000;2400;2995
P188068801;P188068801_6;F;11000;0;0;13200;2400;2995
P187069803;P187069803_1;A;0;0;0;2200;2400;2995
P187069803;P187069803_2;B;2200;0;0;4400;2400;2935
P187069803;P187069803_3;C;4400;0;0;6600;2400;2995
P187069803;P187069803_4;D;6600;0;0;8800;2400;2995
P187069803;P187069803_5;E;8800;0;0;11000;2400;2995
P187069803;P187069803_6;F;11000;0;0;13200;2400;2995
P187068809;P187068809_1;A;0;0;0;2200;2400;2995
P187068809;P187068809_2;B;2200;0;0;4400;2400;2995
P187068809;P187068809_3;C;4400;0;0;6600;2400;2995
P187068809;P187068809_4;D;6600;0;0;8800;2400;2965
P187068809;P187068809_5;E;8800;0;0;11000;2400;2995
P187068809;P187068809_6;F;11000;0;0;13200;2400;2995
P187068801;P187068801_1;A;0;0;0;2200;2400;2995
P187068801;P187068801_2;B;2200;0;0;4400;2400;2995
P187068801;P187068801_3;C;4400;0;0;6600;2400;2965
P187068801;P187068801_4;D;6600;0;0;8800;2400;2995
P187068801;P187068801_5;E;8800;0;0;11000;2400;2995
P187068801;P187068801_6;F;11000;0;0;13200;2400;1520
P186069801;P186069801_1;A;0;0;0;2200;2400;2995
P186069801;P186069801_2;B;2200;0;0;4400;2400;2995
P186069801;P186069801_3;C;4400;0;0;6600;2400;2995
P186069801;P186069801_4;D;6600;0;0;8800;2400;2995
P186069801;P186069801_5;E;8800;0;0;11000;2400;2995
P186069801;P186069801_6;F;11000;0;0;13200;2400;2995
P186068801;P186068801_1;A;0;0;0;2200;2400;2995
P186068801;P186068801_2;B;2200;0;0;4400;2400;2995
P186068801;P186068801_3;C;4400;0;0;6600;2400;2995
P186068801;P186068801_4;D;6600;0;0;8800;2400;2995
P186068801;P186068801_5;E;8800;0;0;11000;2400;2995
P186068801;P186068801_6;F;11000;0;0;13200;2400;2995
P185069805;P185069805_1;A;0;0;0;2200;2400;2965
P185069805;P185069805_2;B;2200;0;0;3200;1200;2835
P185069805;P185069805_3;C;2200;1240;0;3200;2440;2835
P185069805;P185069805_4;D;3200;1240;0;4200;2440;2835
P185069805;P185069805_5;E;3200;0;0;4200;1200;2835
P185069805;P185069805_6;F;4200;0;0;5200;1200;2835
P185069805;P185069805_7;G;4200;1240;0;5200;2440;2835
P185069805;P185069805_8;H;5200;1240;0;6200;2440;2835
P185069805;P185069805_9;I;5200;0;0;6200;1200;2835
P185069805;P185069805_10;J;6200;0;0;7200;1200;2835
P185069805;P185069805_11;K;6200;1240;0;7200;2440;2835
P185069805;P185069805_12;L;7200;1240;0;8200;2440;2835
P185069805;P185069805_13;M;7200;0;0;8200;1200;2835
P185069805;P185069805_14;N;8200;0;0;9200;1200;2835
P185069805;P185069805_15;O;8200;1240;0;9200;2440;2835
P185069805;P185069805_16;P;9200;1240;0;10200;2440;2835
P185069805;P185069805_17;Q;9200;0;0;10200;1200;2835
P185069805;P185069805_18;R;10200;0;0;11200;1200;2835
P185069805;P185069805_19;S;10200;1240;0;11200;2440;2835
P185069805;P185069805_20;T;11200;1240;0;12200;2440;2835
P185069805;P185069805_21;U;11200;0;0;12200;1200;2835
P185069805;P185069805_22;V;12200;0;0;13400;1000;2835
P185069805;P185069805_23;W;12200;1440;0;13400;2440;2835
P185068809;P185068809_1;A;0;0;0;2200;2400;2935
P185068809;P185068809_2;B;2200;0;0;4400;2400;2995
P185068809;P185068809_3;C;4400;0;0;6600;2400;2995
P185068809;P185068809_4;D;6600;0;0;8800;2400;2995
P185068809;P185068809_5;E;8800;0;0;11000;2400;2995
P185068809;P185068809_6;F;11000;0;0;13200;2400;2995
P185068801;P185068801_1;A;0;0;0;2200;2400;2995
P185068801;P185068801_2;B;2200;0;0;4400;2400;2995
P185068801;P185068801_3;C;4400;0;0;6600;2400;2995
P185068801;P185068801_4;D;6600;0;0;8800;2400;2995
P185068801;P185068801_5;E;8800;0;0;11000;2400;2995
P185068801;P185068801_6;F;11000;0;0;13200;2400;2995
P184069801;P184069801_1;A;0;0;0;2200;2400;2995
P184069801;P184069801_2;B;2200;0;0;4400;2400;2965
P184069801;P184069801_3;C;4400;0;0;6600;2400;2995
P184069801;P184069801_4;D;6600;0;0;8800;2400;2995
P184069801;P184069801_5;E;8800;0;0;11000;2400;1520
P240224901;P240224901_1;A;0;0;0;1010;1206;2655
P240224901;P240224901_2;B;0;1234;0;1010;2440;2655
P240224901;P240224901_3;C;1010;1234;0;2020;2440;2655
P240224901;P240224901_4;D;1010;0;0;2020;1206;2655
P240224901;P240224901_5;E;2020;0;0;3030;1206;2655
P240224901;P240224901_6;F;2020;1234;0;3030;2440;2655
P240224901;P240224901_7;G;3030;1234;0;4040;2440;2055
P240224901;P240224901_8;H;3030;0;0;4040;1206;2170
P240224901;P240224901_9;I;4040;0;0;5040;1200;2790
P240224901;P240224901_10;J;4040;1240;0;5040;2440;2700
P240224901;P240224901_11;K;5040;1240;0;6040;2440;2700
P240224901;P240224901_12;L;5040;0;0;6050;1206;1185
P240224901;P240224901_13;M;6040;1240;0;7040;2440;2835
P240224901;P240224901_14;N;6050;0;0;7050;1200;2835
P240224901;P240224901_15;O;7040;1240;0;8040;2440;2835
P240224901;P240224901_16;P;7050;0;0;8060;1206;2170
P240224901;P240224901_17;Q;8040;1234;0;9050;2440;1085
P240224901;P240224901_18;R;8060;0;0;9060;1200;2835
P240224901;P240224901_19;S;9050;1240;0;10050;2440;1905
P240224901;P240224901_20;T;9060;0;0;10070;1206;770
P240224901;P240224901_21;U;10050;1234;0;11060;2440;2755
P240224901;P240224901_22;V;10070;0;0;11080;1206;2755
P240224901;P240224901_23;W;11060;1234;0;12070;2440;2725
P240224901;P240224901_24;X;11080;0;0;12090;1206;770
P240224901;P240224901_25;Y;12070;1234;0;13080;2440;2370
P240224901;P240224901_26;Z;12090;0;0;13100;1206;2370
Q240224901_1;Q240224901_1_1;A;0;0;0;1010;1206;2170
Q240224901_1;Q240224901_1_2;B;0;1234;0;1010;2440;2170
Q240224901_1;Q240224901_1_3;C;1010;1234;0;2020;2440;2170
Q240224901_1;Q240224901_1_4;D;1010;0;0;2020;1206;2170
Q240224901_1;Q240224901_1_5;E;2020;0;0;3030;1206;2170
Q240224901_1;Q240224901_1_6;F;2020;1240;0;3020;2440;2700
Q240224901_1;Q240224901_1_7;G;3020;1240;0;4020;2440;2700
Q240224901_1;Q240224901_1_8;H;3030;0;0;4030;1200;1815
Q240224901_1;Q240224901_1_9;I;4020;1240;0;5020;2440;2835
Q240224901_1;Q240224901_1_10;J;4030;0;0;5030;1200;1905
Q240224901_1;Q240224901_1_11;K;5020;1234;0;6030;2440;2370
Q240224901_1;Q240224901_1_12;L;5030;0;0;6040;1206;2370
Q240224901_1;Q240224901_1_13;M;6030;1234;0;7040;2440;2370
P208224901;P208224901_1;A;0;0;0;1010;1206;2655
P208224901;P208224901_2;B;0;1234;0;1010;2440;2655
P208224901;P208224901_3;C;1010;1234;0;2020;2440;2655
P208224901;P208224901_4;D;1010;0;0;2020;1206;2655
P208224901;P208224901_5;E;2020;0;0;3030;1206;2655
P208224901;P208224901_6;F;2020;1234;0;3030;2440;2655
P208224901;P208224901_7;G;3030;1234;0;4040;2440;1085
P208224901;P208224901_8;H;3030;0;0;4030;1200;2745
P208224901;P208224901_9;I;4030;0;0;5030;1200;2790
P208224901;P208224901_10;J;4040;1240;0;5040;2440;2790
P208224901;P208224901_11;K;5030;0;0;6030;1200;2700
P208224901;P208224901_12;L;5040;1240;0;6040;2440;2700
P208224901;P208224901_13;M;6030;0;0;7030;1200;2700
P208224901;P208224901_14;N;6040;1234;0;7050;2440;385
P208224901;P208224901_15;O;7030;0;0;8030;1200;2835
P208224901;P208224901_16;P;7050;1240;0;8050;2440;2835
P208224901;P208224901_17;Q;8030;0;0;9030;1200;2835
P208224901;P208224901_18;R;8050;1240;0;9050;2440;2835
P208224901;P208224901_19;S;9030;0;0;10030;1200;2835
P208224901;P208224901_20;T;9050;1240;0;10050;2440;2835
P208224901;P208224901_21;U;10030;0;0;11030;1200;2835
P208224901;P208224901_22;V;10050;1240;0;11050;2440;975
P208224901;P208224901_23;W;11030;0;0;12040;1206;2170
P208224901;P208224901_24;X;11050;1240;0;12050;2440;1905
P208224901;P208224901_25;Y;12040;0;0;13050;1206;1570
P208224901;P208224901_26;Z;12050;1234;0;13060;2440;2755
P206224903;P206224903_1;A;0;1240;0;1000;2440;2700
P206224903;P206224903_2;B;0;0;0;1000;1200;2745
P206224903;P206224903_3;C;1000;0;0;2000;1200;2700
P206224903;P206224903_4;D;1000;1240;0;2000;2440;2700
P206224903;P206224903_5;E;2000;1240;0;3000;2440;2745
P206224903;P206224903_6;F;2000;0;0;3000;1200;2700
P206224903;P206224903_7;G;3000;0;0;4000;1200;2700
P206224903;P206224903_8;H;3000;1240;0;4000;2440;2700
P206224903;P206224903_9;I;4000;1240;0;5000;2440;2790
P206224903;P206224903_10;J;4000;0;0;5000;1200;2700
P206224903;P206224903_11;K;5000;0;0;6000;1200;2700
P206224903;P206224903_12;L;5000;1240;0;6000;2440;2700
P206224903;P206224903_13;M;6000;1240;0;7000;2440;2700
P206224903;P206224903_14;N;6000;0;0;7000;1200;2700
P206224903;P206224903_15;O;7000;0;0;8000;1200;2835
P206224903;P206224903_16;P;7000;1240;0;8000;2440;2835
P206224903;P206224903_17;Q;8000;1240;0;9000;2440;2835
P206224903;P206224903_18;R;8000;0;0;9000;1200;2835
P206224903;P206224903_19;S;9000;0;0;10000;1200;2835
P206224903;P206224903_20;T;9000;1240;0;10000;2440;2835
P206224903;P206224903_21;U;10000;1240;0;11000;2440;2835
P206224903;P206224903_22;V;10000;0;0;11000;1200;2835
P206224903;P206224903_23;W;11000;0;0;12000;1200;2835
P206224903;P206224903_24;X;11000;1240;0;12000;2440;2835
P206224903;P206224903_25;Y;12000;1440;0;13200;2440;2835
P206224903;P206224903_26;Z;12000;0;0;13000;1200;2835
P205224901;P205224901_1;A;0;0;0;1010;1206;2540
P205224901;P205224901_2;B;0;1234;0;1010;2440;2655
P205224901;P205224901_3;C;1010;1234;0;2020;2440;2655
P205224901;P205224901_4;D;1010;0;0;2020;1206;2655
P205224901;P205224901_5;E;2020;0;0;3030;1206;2655
P205224901;P205224901_6;F;2020;1234;0;3030;2440;2655
P205224901;P205224901_7;G;3030;1240;0;4030;2440;2700
P205224901;P205224901_8;H;3030;0;0;4030;1200;2790
P205224901;P205224901_9;I;4030;0;0;5030;1200;2745
P205224901;P205224901_10;J;4030;1240;0;5030;2440;1815
P205224901;P205224901_11;K;5030;1240;0;6030;2440;2835
P205224901;P205224901_12;L;5030;0;0;6040;1206;2170
P205224901;P205224901_13;M;6030;1234;0;7040;2440;1085
P205224901;P205224901_14;N;6040;0;0;7040;1200;2835
P205224901;P205224901_15;O;7040;0;0;8050;1206;385
P205224901;P205224901_16;P;7040;1234;0;8050;2440;2725
P205224901;P205224901_17;Q;8050;1234;0;9060;2440;2695
P205224901;P205224901_18;R;8050;0;0;9060;1206;2755
P205224901;P205224901_19;S;9060;0;0;10070;1206;1155
P205224901;P205224901_20;T;9060;1234;0;10070;2440;2370
P205224901;P205224901_21;U;10070;1234;0;11080;2440;2370
P205224901;P205224901_22;V;10070;0;0;11080;1206;2370
P205224901;P205224901_23;W;11080;0;0;12286;1010;2370
P205224901;P205224901_24;X;11080;1234;0;12090;2440;2370
P205224901;P205224901_25;Y;12090;1430;0;13296;2440;2370
P205224901;P205224901_26;Z;12286;0;0;13492;1010;2370
P201224901;P201224901_1;A;0;0;0;1010;1206;2655
P201224901;P201224901_2;B;0;1206;0;1010;2412;2655
P201224901;P201224901_3;C;1010;1234;0;2020;2440;2655
P201224901;P201224901_4;D;1010;0;0;2020;1206;2655
P201224901;P201224901_5;E;2020;0;0;3030;1206;2655
P201224901;P201224901_6;F;2020;1234;0;3030;2440;2655
P201224901;P201224901_7;G;3030;1234;0;4040;2440;2655
P201224901;P201224901_8;H;3030;0;0;4030;1200;2700
P201224901;P201224901_9;I;4030;0;0;5030;1200;2700
P201224901;P201224901_10;J;4040;1240;0;5040;2440;2835
P201224901;P201224901_11;K;5030;0;0;6030;1200;2835
P201224901;P201224901_12;L;5040;1240;0;6040;2440;2835
P201224901;P201224901_13;M;6030;0;0;7030;1200;2835
P201224901;P201224901_14;N;6040;1240;0;7040;2440;2835
P201224901;P201224901_15;O;7030;0;0;8030;1200;2835
P201224901;P201224901_16;P;7040;1240;0;8040;2440;2835
P201224901;P201224901_17;Q;8030;0;0;9030;1200;2835
P201224901;P201224901_18;R;8040;1234;0;9050;2440;2170
P201224901;P201224901_19;S;9030;0;0;10030;1200;2835
P201224901;P201224901_20;T;9050;1234;0;10060;2440;385
P201224901;P201224901_21;U;10030;0;0;11040;1206;2695
P201224901;P201224901_22;V;10060;1234;0;11070;2440;2755
P201224901;P201224901_23;W;11040;0;0;12050;1206;1185
P201224901;P201224901_24;X;11070;1234;0;12080;2440;2370
P201224901;P201224901_25;Y;12050;0;0;13060;1206;2370
P201224901;P201224901_26;Z;12080;1234;0;13090;2440;2370
P200224903;P200224903_1;A;0;0;0;1000;1200;2700
P200224903;P200224903_2;B;0;1240;0;1000;2440;2700
P200224903;P200224903_3;C;1000;1240;0;2000;2440;2745
P200224903;P200224903_4;D;1000;0;0;2000;1200;2835
P200224903;P200224903_5;E;2000;0;0;3000;1200;2700
P200224903;P200224903_6;F;2000;1240;0;3000;2440;2700
P200224903;P200224903_7;G;3000;1240;0;4000;2440;2700
P200224903;P200224903_8;H;3000;0;0;4000;1200;2700
P200224903;P200224903_9;I;4000;0;0;5000;1200;2745
P200224903;P200224903_10;J;4000;1240;0;5000;2440;2790
P200224903;P200224903_11;K;5000;1240;0;6000;2440;2700
P200224903;P200224903_12;L;5000;0;0;6000;1200;2700
P200224903;P200224903_13;M;6000;0;0;7000;1200;2700
P200224903;P200224903_14;N;6000;1240;0;7000;2440;2835
P200224903;P200224903_15;O;7000;1240;0;8000;2440;2835
P200224903;P200224903_16;P;7000;0;0;8000;1200;2835
P200224903;P200224903_17;Q;8000;0;0;9000;1200;2835
P200224903;P200224903_18;R;8000;1240;0;9000;2440;2835
P200224903;P200224903_19;S;9000;1240;0;10000;2440;2835
P200224903;P200224903_20;T;9000;0;0;10000;1200;2835
P200224903;P200224903_21;U;10000;0;0;11000;1200;2835
P200224903;P200224903_22;V;10000;1240;0;11000;2440;2835
P200224903;P200224903_23;W;11000;1240;0;12000;2440;2835
P200224903;P200224903_24;X;11000;0;0;12000;1200;2835
P200224903;P200224903_25;Y;12000;0;0;13200;1000;2835
P200224903;P200224903_26;Z;12000;1240;0;13000;2440;2835
P198224901;P198224901_1;A;0;1234;0;1010;2440;2655
P198224901;P198224901_2;B;0;0;0;1010;1206;2655
P198224901;P198224901_3;C;1010;0;0;2020;1206;2540
P198224901;P198224901_4;D;1010;1234;0;2020;2440;2655
P198224901;P198224901_5;E;2020;1234;0;3030;2440;2540
P198224901;P198224901_6;F;2020;0;0;3020;1200;2835
P198224901;P198224901_7;G;3020;0;0;4020;1200;975
P198224901;P198224901_8;H;3030;1234;0;4040;2440;385
P198224901;P198224901_9;I;4020;0;0;5020;1200;2835
P198224901;P198224901_10;J;4040;1240;0;5040;2440;2835
P198224901;P198224901_11;K;5020;0;0;6020;1200;2835
P198224901;P198224901_12;L;5040;1240;0;6040;2440;2835
P198224901;P198224901_13;M;6020;0;0;7020;1200;2835
P198224901;P198224901_14;N;6040;1240;0;7040;2440;2835
P198224901;P198224901_15;O;7020;0;0;8020;1200;2835
P198224901;P198224901_16;P;7040;1240;0;8040;2440;1905
P198224901;P198224901_17;Q;8020;0;0;9020;1200;2835
P198224901;P198224901_18;R;8040;1234;0;9050;2440;1570
P198224901;P198224901_19;S;9020;0;0;10030;1206;2695
P198224901;P198224901_20;T;9050;1234;0;10060;2440;1955
P198224901;P198224901_21;U;10030;0;0;11040;1206;2370
P198224901;P198224901_22;V;10060;1234;0;11070;2440;2370
P198224901;P198224901_23;W;11040;0;0;12050;1206;2370
P198224901;P198224901_24;X;11070;1234;0;12080;2440;2370
P198224901;P198224901_25;Y;12050;0;0;13060;1206;2370
P198224901;P198224901_26;Z;12080;1234;0;13090;2440;2370
P194224901;P194224901_1;A;0;1234;0;1010;2440;2655
P194224901;P194224901_2;B;0;0;0;1010;1206;2655
P194224901;P194224901_3;C;1010;0;0;2020;1206;2655
P194224901;P194224901_4;D;1010;1234;0;2020;2440;2655
P194224901;P194224901_5;E;2020;1234;0;3030;2440;2655
P194224901;P194224901_6;F;2020;0;0;3030;1206;2170
P194224901;P194224901_7;G;3030;0;0;4040;1206;2170
P194224901;P194224901_8;H;3030;1234;0;4040;2440;2170
P194224901;P194224901_9;I;4040;1234;0;5050;2440;2170
P194224901;P194224901_10;J;4040;0;0;5050;1206;2170
P194224901;P194224901_11;K;5050;0;0;6060;1206;2170
P194224901;P194224901_12;L;5050;1240;0;6050;2440;2700
P194224901;P194224901_13;M;6050;1240;0;7050;2440;2745
P194224901;P194224901_14;N;6060;0;0;7060;1200;2700
P194224901;P194224901_15;O;7050;1240;0;8050;2440;2700
P194224901;P194224901_16;P;7060;0;0;8060;1200;2700
P194224901;P194224901_17;Q;8050;1240;0;9050;2440;1815
P194224901;P194224901_18;R;8060;0;0;9060;1200;2835
P194224901;P194224901_19;S;9050;1240;0;10050;2440;2835
P194224901;P194224901_20;T;9060;0;0;10060;1200;1905
P194224901;P194224901_21;U;10050;1234;0;11060;2440;2170
P194224901;P194224901_22;V;10060;0;0;11070;1206;2170
P194224901;P194224901_23;W;11060;1240;0;12060;2440;2835
P194224901;P194224901_24;X;11070;0;0;12070;1200;1905
P194224901;P194224901_25;Y;12060;1234;0;13070;2440;385
P194224901;P194224901_26;Z;12070;0;0;13080;1206;1155
P193224903;P193224903_1;A;0;0;0;1000;1200;2700
P193224903;P193224903_2;B;0;1240;0;1000;2440;2745
P193224903;P193224903_3;C;1000;1240;0;2000;2440;2700
P193224903;P193224903_4;D;1000;0;0;2000;1200;2700
P193224903;P193224903_5;E;2000;0;0;3000;1200;2745
P193224903;P193224903_6;F;2000;1240;0;3000;2440;2745
P193224903;P193224903_7;G;3000;1240;0;4000;2440;2700
P193224903;P193224903_8;H;3000;0;0;4000;1200;2700
P193224903;P193224903_9;I;4000;0;0;5000;1200;2700
P193224903;P193224903_10;J;4000;1240;0;5000;2440;2700
P193224903;P193224903_11;K;5000;1240;0;6000;2440;2700
P193224903;P193224903_12;L;5000;0;0;6000;1200;2700
P193224903;P193224903_13;M;6000;0;0;7000;1200;2700
P193224903;P193224903_14;N;6000;1240;0;7000;2440;930
P193224903;P193224903_15;O;7000;1240;0;8000;2440;2835
P193224903;P193224903_16;P;7000;0;0;8000;1200;2835
P193224903;P193224903_17;Q;8000;0;0;9000;1200;2835
P193224903;P193224903_18;R;8000;1240;0;9000;2440;2835
P193224903;P193224903_19;S;9000;1240;0;10000;2440;2835
P193224903;P193224903_20;T;9000;0;0;10000;1200;2835
P193224903;P193224903_21;U;10000;0;0;11000;1200;2835
P193224903;P193224903_22;V;10000;1240;0;11000;2440;2835
P193224903;P193224903_23;W;11000;1240;0;12000;2440;2835
P193224903;P193224903_24;X;11000;0;0;12000;1200;2835
P191224901;P191224901_1;A;0;0;0;1010;1206;2955
P191224901;P191224901_2;B;0;1234;0;1010;2440;2540
P191224901;P191224901_3;C;1010;1234;0;2020;2440;2655
P191224901;P191224901_4;D;1010;0;0;2020;1206;2170
P191224901;P191224901_5;E;2020;0;0;3030;1206;2170
P191224901;P191224901_6;F;2020;1234;0;3030;2440;2170
P191224901;P191224901_7;G;3030;1240;0;4030;2440;2700
P191224901;P191224901_8;H;3030;0;0;4030;1200;2700
P191224901;P191224901_9;I;4030;0;0;5030;1200;2700
P191224901;P191224901_10;J;4030;1240;0;5030;2440;2700
P191224901;P191224901_11;K;5030;1240;0;6030;2440;2700
P191224901;P191224901_12;L;5030;0;0;6030;1200;2700
P191224901;P191224901_13;M;6030;0;0;7030;1200;2700
P191224901;P191224901_14;N;6030;1240;0;7030;2440;2700
P191224901;P191224901_15;O;7030;1240;0;8030;2440;1815
P191224901;P191224901_16;P;7030;0;0;8030;1200;2835
P191224901;P191224901_17;Q;8030;0;0;9030;1200;2835
P191224901;P191224901_18;R;8030;1240;0;9030;2440;2835
P191224901;P191224901_19;S;9030;1240;0;10030;2440;2835
P191224901;P191224901_20;T;9030;0;0;10030;1200;2835
P191224901;P191224901_21;U;10030;0;0;11030;1200;2835
P191224901;P191224901_22;V;10030;1240;0;11030;2440;2835
P191224901;P191224901_23;W;11030;1234;0;12040;2440;2925
P191224901;P191224901_24;X;11030;0;0;12040;1206;2755
P191224901;P191224901_25;Y;12040;0;0;13246;1010;1185
P191224901;P191224901_26;Z;12040;1234;0;13050;2440;2370
Q191224901_1;Q191224901_1_1;A;0;0;0;1010;1206;2170
Q191224901_1;Q191224901_1_2;B;0;1234;0;1010;2440;2170
Q191224901_1;Q191224901_1_3;C;1010;1234;0;2020;2440;2170
Q191224901_1;Q191224901_1_4;D;1010;0;0;2020;1206;2170
Q191224901_1;Q191224901_1_5;E;2020;0;0;3030;1206;1085
Q191224901_1;Q191224901_1_6;F;2020;1240;0;3020;2440;2835
Q191224901_1;Q191224901_1_7;G;3020;1240;0;4020;2440;2700
Q191224901_1;Q191224901_1_8;H;3030;0;0;4030;1200;2700
Q191224901_1;Q191224901_1_9;I;4020;1240;0;5020;2440;2790
Q191224901_1;Q191224901_1_10;J;4030;0;0;5030;1200;1905
Q191224901_1;Q191224901_1_11;K;5020;1240;0;6020;2440;2835
Q191224901_1;Q191224901_1_12;L;5030;0;0;6030;1200;2835
Q191224901_1;Q191224901_1_13;M;6020;1240;0;7020;2440;2835
Q191224901_1;Q191224901_1_14;N;6030;0;0;7030;1200;2835
Q191224901_1;Q191224901_1_15;O;7020;1240;0;8020;2440;2835
Q191224901_1;Q191224901_1_16;P;7030;0;0;8030;1200;2835
Q191224901_1;Q191224901_1_17;Q;8020;1234;0;9030;2440;2170
Q191224901_1;Q191224901_1_18;R;8030;0;0;9040;1206;2170
Q191224901_1;Q191224901_1_19;S;9030;1240;0;10030;2440;2835
Q191224901_1;Q191224901_1_20;T;9040;0;0;10040;1200;975
Q191224901_1;Q191224901_1_21;U;10030;1234;0;11040;2440;385
Q191224901_1;Q191224901_1_22;V;10040;0;0;11050;1206;1185
Q191224901_1;Q191224901_1_23;W;11040;1234;0;12050;2440;2370
Q191224901_1;Q191224901_1_24;X;11050;0;0;12060;1206;2370
Q191224901_1;Q191224901_1_25;Y;12050;1234;0;13060;2440;2370
Q191224901_1;Q191224901_1_26;Z;12060;0;0;13070;1206;2370
P187224901;P187224901_1;A;0;0;0;1010;1206;2655
P187224901;P187224901_2;B;0;1234;0;1010;2440;2655
P187224901;P187224901_3;C;1010;1234;0;2020;2440;2655
P187224901;P187224901_4;D;1010;0;0;2020;1206;2655
P187224901;P187224901_5;E;2020;0;0;3030;1206;2655
P187224901;P187224901_6;F;2020;1234;0;3030;2440;2655
P187224901;P187224901_7;G;3030;1234;0;4040;2440;2170
P187224901;P187224901_8;H;3030;0;0;4030;1200;2835
P187224901;P187224901_9;I;4030;0;0;5030;1200;2835
P187224901;P187224901_10;J;4040;1240;0;5040;2440;2835
P187224901;P187224901_11;K;5030;0;0;6030;1200;2835
P187224901;P187224901_12;L;5040;1240;0;6040;2440;2835
P187224901;P187224901_13;M;6030;0;0;7030;1200;2835
P187224901;P187224901_14;N;6040;1240;0;7040;2440;1905
P187224901;P187224901_15;O;7030;0;0;8040;1206;2170
P187224901;P187224901_16;P;7040;1234;0;8050;2440;1085
P187224901;P187224901_17;Q;8040;0;0;9040;1200;2835
P187224901;P187224901_18;R;8050;1234;0;9060;2440;1570
P187224901;P187224901_19;S;9040;0;0;10050;1206;2725
P187224901;P187224901_20;T;9060;1234;0;10070;2440;2370
P187224901;P187224901_21;U;10050;0;0;11060;1206;2370
P187224901;P187224901_22;V;10070;1234;0;11080;2440;2370
P187224901;P187224901_23;W;11060;0;0;12070;1206;2370
P186224903;P186224903_1;A;0;1240;0;1000;2440;2835
P186224903;P186224903_2;B;0;0;0;1000;1200;2835
P186224903;P186224903_3;C;1000;0;0;2000;1200;2700
P186224903;P186224903_4;D;1000;1240;0;2000;2440;2700
P186224903;P186224903_5;E;2000;1240;0;3000;2440;2700
P186224903;P186224903_6;F;2000;0;0;3000;1200;2700
P186224903;P186224903_7;G;3000;0;0;4000;1200;2700
P186224903;P186224903_8;H;3000;1240;0;4000;2440;2700
P186224903;P186224903_9;I;4000;1240;0;5000;2440;2700
P186224903;P186224903_10;J;4000;0;0;5000;1200;2835
P186224903;P186224903_11;K;5000;0;0;6000;1200;2700
P186224903;P186224903_12;L;5000;1240;0;6000;2440;2700
P186224903;P186224903_13;M;6000;1240;0;7000;2440;1815
P186224903;P186224903_14;N;6000;0;0;7000;1200;2835
P186224903;P186224903_15;O;7000;0;0;8000;1200;2835
P186224903;P186224903_16;P;7000;1240;0;8000;2440;2835
P186224903;P186224903_17;Q;8000;1240;0;9000;2440;2835
P186224903;P186224903_18;R;8000;0;0;9000;1200;2835
P186224903;P186224903_19;S;9000;0;0;10000;1200;2835
P186224903;P186224903_20;T;9000;1240;0;10000;2440;2835
P186224903;P186224903_21;U;10000;1240;0;11000;2440;2835
P186224903;P186224903_22;V;10000;0;0;11000;1200;2835
P186224903;P186224903_23;W;11000;0;0;12000;1200;2835
P186224903;P186224903_24;X;11000;1240;0;12000;2440;2835
P186224903;P186224903_25;Y;12000;1440;0;13200;2440;2835
P186224903;P186224903_26;Z;12000;0;0;13000;1200;2835
P185224903;P185224903_1;A;0;0;0;1000;1200;2700
P185224903;P185224903_2;B;0;1200;0;1000;2400;2700
P185224903;P185224903_3;C;1000;1240;0;2000;2440;2700
P185224903;P185224903_4;D;1000;0;0;2000;1200;2700
P185224903;P185224903_5;E;2000;0;0;3000;1200;2700
P185224903;P185224903_6;F;2000;1240;0;3000;2440;2700
P185224903;P185224903_7;G;3000;1240;0;4000;2440;2790
P185224903;P185224903_8;H;3000;0;0;4000;1200;2745
P185224903;P185224903_9;I;4000;0;0;5000;1200;2700
P185224903;P185224903_10;J;4000;1240;0;5000;2440;2700
P185224903;P185224903_11;K;5000;1240;0;6000;2440;2700
P185224903;P185224903_12;L;5000;0;0;6000;1200;2700
P185224903;P185224903_13;M;6000;0;0;7000;1200;2835
P185224903;P185224903_14;N;6000;1240;0;7000;2440;2835
P185224903;P185224903_15;O;7000;1240;0;8000;2440;2835
P185224903;P185224903_16;P;7000;0;0;8000;1200;2835
P185224903;P185224903_17;Q;8000;0;0;9000;1200;2835
P185224903;P185224903_18;R;8000;1240;0;9000;2440;2835
P185224903;P185224903_19;S;9000;1240;0;10000;2440;2835
P185224903;P185224903_20;T;9000;0;0;10000;1200;2835
P185224903;P185224903_21;U;10000;0;0;11000;1200;2835
P185224903;P185224903_22;V;10000;1240;0;11000;2440;975
P240068601;P240068601_1;A;0;0;0;2000;1200;2000
P240068601;P240068601_2;B;0;1240;0;2000;2440;2000
P240068601;P240068601_3;C;2000;1240;0;4000;2440;2000
P240068601;P240068601_4;D;2000;0;0;4000;1200;2000
P240068601;P240068601_5;E;4000;0;0;6000;1200;2000
P240068601;P240068601_6;F;4000;1240;0;6000;2440;2000
P240068601;P240068601_7;G;6000;1240;0;8000;2440;2000
P240068601;P240068601_8;H;6000;0;0;8000;1200;2000
P240068601;P240068601_9;I;8000;0;0;10000;1200;2000
P240068601;P240068601_10;J;8000;1240;0;10000;2440;2000
P240068601;P240068601_11;K;10000;1240;0;12000;2440;2000
P240068601;P240068601_12;L;10000;0;0;12000;1200;2000
P240068601;P240068601_13;M;12000;0;0;13200;2000;2000
Q240068601_1;Q240068601_1_1;A;0;0;0;2000;1200;2000
Q240068601_1;Q240068601_1_2;B;0;1240;0;2000;2440;2000
Q240068601_1;Q240068601_1_3;C;2000;1240;0;4000;2440;2000
Q240068601_1;Q240068601_1_4;D;2000;0;0;4000;1200;2000
Q240068601_1;Q240068601_1_5;E;4000;0;0;6000;1200;2000
Q240068601_1;Q240068601_1_6;F;4000;1240;0;6000;2440;2000
Q240068601_1;Q240068601_1_7;G;6000;1240;0;8000;2440;2000
Q240068601_1;Q240068601_1_8;H;6000;0;0;8000;1200;2000
Q240068601_1;Q240068601_1_9;I;8000;0;0;10000;1200;2000
Q240068601_1;Q240068601_1_10;J;8000;1240;0;10000;2440;2000
Q240068601_1;Q240068601_1_11;K;10000;1240;0;12000;2440;2000
Q240068601_1;Q240068601_1_12;L;10000;0;0;12000;1200;2000
Q240068601_1;Q240068601_1_13;M;12000;0;0;13200;2000;2000
P209068601;P209068601_1;A;0;0;0;2000;1200;2000
P209068601;P209068601_2;B;0;1240;0;2000;2440;2000
P209068601;P209068601_3;C;2000;1240;0;4000;2440;2000
P209068601;P209068601_4;D;2000;0;0;4000;1200;2000
P209068601;P209068601_5;E;4000;0;0;6000;1200;2000
P209068601;P209068601_6;F;4000;1240;0;6000;2440;2000
P209068601;P209068601_7;G;6000;1240;0;8000;2440;2000
P209068601;P209068601_8;H;6000;0;0;8000;1200;2000
P209068601;P209068601_9;I;8000;0;0;10000;1200;2000
P209068601;P209068601_10;J;8000;1240;0;10000;2440;2000
P209068601;P209068601_11;K;10000;1240;0;12000;2440;2000
P209068601;P209068601_12;L;10000;0;0;12000;1200;2000
P209068601;P209068601_13;M;12000;0;0;13200;2000;2000
P209068603;P209068603_1;A;0;0;0;2000;1200;2000
P209068603;P209068603_2;B;0;1240;0;2000;2440;2000
P209068603;P209068603_3;C;2000;1240;0;4000;2440;2000
P209068603;P209068603_4;D;2000;0;0;4000;1200;2000
P209068603;P209068603_5;E;4000;0;0;6000;1200;2000
P209068603;P209068603_6;F;4000;1240;0;6000;2440;2000
P209068603;P209068603_7;G;6000;1240;0;8000;2440;2000
P209068603;P209068603_8;H;6000;0;0;8000;1200;2000
P209068603;P209068603_9;I;8000;0;0;10000;1200;2000
P209068603;P209068603_10;J;8000;1240;0;10000;2440;2000
P209068603;P209068603_11;K;10000;1240;0;12000;2440;2000
P209068603;P209068603_12;L;10000;0;0;12000;1200;2000
P209068603;P209068603_13;M;12000;0;0;13200;2000;2000
P209068605;P209068605_1;A;0;0;0;2000;1200;2000
P209068605;P209068605_2;B;0;1240;0;2000;2440;2000
P209068605;P209068605_3;C;2000;1240;0;4000;2440;2000
P209068605;P209068605_4;D;2000;0;0;4000;1200;2000
P209068605;P209068605_5;E;4000;0;0;6000;1200;2000
P209068605;P209068605_6;F;4000;1240;0;6000;2440;2000
P209068605;P209068605_7;G;6000;1240;0;8000;2440;2000
P209068605;P209068605_8;H;6000;0;0;8000;1200;2000
P209068605;P209068605_9;I;8000;0;0;10000;1200;2000
P209068605;P209068605_10;J;8000;1240;0;10000;2440;2000
P209068605;P209068605_11;K;10000;1240;0;12000;2440;2000
P209068605;P209068605_12;L;10000;0;0;12000;1200;2000
P209068605;P209068605_13;M;12000;0;0;13200;2000;2000
P208068601;P208068601_1;A;0;0;0;2000;1200;2000
P208068601;P208068601_2;B;0;1240;0;2000;2440;2000
P208068601;P208068601_3;C;2000;1240;0;4000;2440;2000
P208068601;P208068601_4;D;2000;0;0;4000;1200;2000
P208068601;P208068601_5;E;4000;0;0;6000;1200;2000
P208068601;P208068601_6;F;4000;1240;0;6000;2440;2000
P208068601;P208068601_7;G;6000;1240;0;8000;2440;2000
P208068601;P208068601_8;H;6000;0;0;8000;1200;2000
P208068601;P208068601_9;I;8000;0;0;10000;1200;2000
P208068601;P208068601_10;J;8000;1240;0;10000;2440;2000
P208068601;P208068601_11;K;10000;1240;0;12000;2440;2000
P208068601;P208068601_12;L;10000;0;0;12000;1200;2000
P208068601;P208068601_13;M;12000;0;0;13200;2000;2000
P208068603;P208068603_1;A;0;0;0;2000;1200;2000
P208068603;P208068603_2;B;0;1240;0;2000;2440;2000
P208068603;P208068603_3;C;2000;1240;0;4000;2440;2000
P208068603;P208068603_4;D;2000;0;0;4000;1200;2000
P208068603;P208068603_5;E;4000;0;0;6000;1200;2000
P208068603;P208068603_6;F;4000;1240;0;6000;2440;2000
P208068603;P208068603_7;G;6000;1240;0;8000;2440;2000
P208068603;P208068603_8;H;6000;0;0;8000;1200;2000
P208068603;P208068603_9;I;8000;0;0;10000;1200;2000
P208068603;P208068603_10;J;8000;1240;0;10000;2440;2000
P208068603;P208068603_11;K;10000;1240;0;12000;2440;2000
P208068603;P208068603_12;L;10000;0;0;12000;1200;2000
P208068603;P208068603_13;M;12000;0;0;13200;2000;2000
P208068605;P208068605_1;A;0;0;0;2000;1200;2000
P208068605;P208068605_2;B;0;1240;0;2000;2440;2000
P208068605;P208068605_3;C;2000;1240;0;4000;2440;2000
P208068605;P208068605_4;D;2000;0;0;4000;1200;2000
P208068605;P208068605_5;E;4000;0;0;6000;1200;2000
P208068605;P208068605_6;F;4000;1240;0;6000;2440;2000
P208068605;P208068605_7;G;6000;1240;0;8000;2440;2000
P208068605;P208068605_8;H;6000;0;0;8000;1200;2000
P208068605;P208068605_9;I;8000;0;0;10000;1200;2000
P208068605;P208068605_10;J;8000;1240;0;10000;2440;2000
P208068605;P208068605_11;K;10000;1240;0;12000;2440;2000
P208068605;P208068605_12;L;10000;0;0;12000;1200;2000
P208068605;P208068605_13;M;12000;0;0;13200;2000;2000
P207068601;P207068601_1;A;0;0;0;2000;1200;2000
P207068601;P207068601_2;B;0;1240;0;2000;2440;2000
P207068601;P207068601_3;C;2000;1240;0;4000;2440;2000
P207068601;P207068601_4;D;2000;0;0;4000;1200;2000
P207068601;P207068601_5;E;4000;0;0;6000;1200;2000
P207068601;P207068601_6;F;4000;1240;0;6000;2440;2000
P207068601;P207068601_7;G;6000;1240;0;8000;2440;2000
P207068601;P207068601_8;H;6000;0;0;8000;1200;2000
P207068601;P207068601_9;I;8000;0;0;10000;1200;2000
P207068601;P207068601_10;J;8000;1240;0;10000;2440;2000
P207068601;P207068601_11;K;10000;1240;0;12000;2440;2000
P207068601;P207068601_12;L;10000;0;0;12000;1200;2000
P207068601;P207068601_13;M;12000;0;0;13200;2000;2000
P207068605;P207068605_1;A;0;0;0;2000;1200;2000
P207068605;P207068605_2;B;0;1240;0;2000;2440;2000
P207068605;P207068605_3;C;2000;1240;0;4000;2440;2000
P207068605;P207068605_4;D;2000;0;0;4000;1200;2000
P207068605;P207068605_5;E;4000;0;0;6000;1200;2000
P207068605;P207068605_6;F;4000;1240;0;6000;2440;2000
P207068605;P207068605_7;G;6000;1240;0;8000;2440;2000
P207068605;P207068605_8;H;6000;0;0;8000;1200;2000
P207068605;P207068605_9;I;8000;0;0;10000;1200;2000
P207068605;P207068605_10;J;8000;1240;0;10000;2440;2000
P207068605;P207068605_11;K;10000;1240;0;12000;2440;2000
P207068605;P207068605_12;L;10000;0;0;12000;1200;2000
P207068605;P207068605_13;M;12000;0;0;13200;2000;2000
P206068601;P206068601_1;A;0;0;0;2000;1200;2000
P206068601;P206068601_2;B;0;1240;0;2000;2440;2000
P206068601;P206068601_3;C;2000;1240;0;4000;2440;2000
P206068601;P206068601_4;D;2000;0;0;4000;1200;2000
P206068601;P206068601_5;E;4000;0;0;6000;1200;2000
P206068601;P206068601_6;F;4000;1240;0;6000;2440;2000
P206068601;P206068601_7;G;6000;1240;0;8000;2440;2000
P206068601;P206068601_8;H;6000;0;0;8000;1200;2000
P206068601;P206068601_9;I;8000;0;0;10000;1200;2000
P206068601;P206068601_10;J;8000;1240;0;10000;2440;2000
P206068601;P206068601_11;K;10000;1240;0;12000;2440;2000
P206068601;P206068601_12;L;10000;0;0;12000;1200;2000
P206068601;P206068601_13;M;12000;0;0;13200;2000;2000
P206068603;P206068603_1;A;0;0;0;2000;1200;2000
P206068603;P206068603_2;B;0;1240;0;2000;2440;2000
P206068603;P206068603_3;C;2000;1240;0;4000;2440;2000
P206068603;P206068603_4;D;2000;0;0;4000;1200;2000
P206068603;P206068603_5;E;4000;0;0;6000;1200;2000
P206068603;P206068603_6;F;4000;1240;0;6000;2440;2000
P206068603;P206068603_7;G;6000;1240;0;8000;2440;2000
P206068603;P206068603_8;H;6000;0;0;8000;1200;2000
P206068603;P206068603_9;I;8000;0;0;10000;1200;2000
P206068603;P206068603_10;J;8000;1240;0;10000;2440;2000
P206068603;P206068603_11;K;10000;1240;0;12000;2440;2000
P206068603;P206068603_12;L;10000;0;0;12000;1200;2000
P206068603;P206068603_13;M;12000;0;0;13200;2000;2000
P205068601;P205068601_1;A;0;0;0;2000;1200;2000
P205068601;P205068601_2;B;0;1240;0;2000;2440;2000
P205068601;P205068601_3;C;2000;1240;0;4000;2440;2000
P205068601;P205068601_4;D;2000;0;0;4000;1200;2000
P205068601;P205068601_5;E;4000;0;0;6000;1200;2000
P205068601;P205068601_6;F;4000;1240;0;6000;2440;2000
P205068601;P205068601_7;G;6000;1240;0;8000;2440;2000
P205068601;P205068601_8;H;6000;0;0;8000;1200;2000
P205068601;P205068601_9;I;8000;0;0;10000;1200;2000
P205068601;P205068601_10;J;8000;1240;0;10000;2440;2000
P205068601;P205068601_11;K;10000;1240;0;12000;2440;2000
P205068601;P205068601_12;L;10000;0;0;12000;1200;2000
P205068601;P205068601_13;M;12000;0;0;13200;2000;2000
P205068603;P205068603_1;A;0;0;0;2000;1200;2000
P205068603;P205068603_2;B;0;1240;0;2000;2440;2000
P205068603;P205068603_3;C;2000;1240;0;4000;2440;2000
P205068603;P205068603_4;D;2000;0;0;4000;1200;2000
P205068603;P205068603_5;E;4000;0;0;6000;1200;2000
P205068603;P205068603_6;F;4000;1240;0;6000;2440;2000
P205068603;P205068603_7;G;6000;1240;0;8000;2440;2000
P205068603;P205068603_8;H;6000;0;0;8000;1200;2000
P205068603;P205068603_9;I;8000;0;0;10000;1200;2000
P205068603;P205068603_10;J;8000;1240;0;10000;2440;2000
P205068603;P205068603_11;K;10000;1240;0;12000;2440;2000
P205068603;P205068603_12;L;10000;0;0;12000;1200;2000
P205068603;P205068603_13;M;12000;0;0;13200;2000;2000
P205068605;P205068605_1;A;0;0;0;2000;1200;2000
P205068605;P205068605_2;B;0;1240;0;2000;2440;2000
P205068605;P205068605_3;C;2000;1240;0;4000;2440;2000
P205068605;P205068605_4;D;2000;0;0;4000;1200;2000
P205068605;P205068605_5;E;4000;0;0;6000;1200;2000
P205068605;P205068605_6;F;4000;1240;0;6000;2440;2000
P205068605;P205068605_7;G;6000;1240;0;8000;2440;2000
P205068605;P205068605_8;H;6000;0;0;8000;1200;2000
P205068605;P205068605_9;I;8000;0;0;10000;1200;2000
P205068605;P205068605_10;J;8000;1240;0;10000;2440;2000
P205068605;P205068605_11;K;10000;1240;0;12000;2440;2000
P205068605;P205068605_12;L;10000;0;0;12000;1200;2000
P205068605;P205068605_13;M;12000;0;0;13200;2000;2000
P202068601;P202068601_1;A;0;0;0;2000;1200;2000
P202068601;P202068601_2;B;0;1240;0;2000;2440;2000
P202068601;P202068601_3;C;2000;1240;0;4000;2440;2000
P202068601;P202068601_4;D;2000;0;0;4000;1200;2000
P202068601;P202068601_5;E;4000;0;0;6000;1200;2000
P202068601;P202068601_6;F;4000;1240;0;6000;2440;2000
P202068601;P202068601_7;G;6000;1240;0;8000;2440;2000
P202068601;P202068601_8;H;6000;0;0;8000;1200;2000
P202068601;P202068601_9;I;8000;0;0;10000;1200;2000
P202068601;P202068601_10;J;8000;1240;0;10000;2440;2000
P202068601;P202068601_11;K;10000;1240;0;12000;2440;2000
P202068601;P202068601_12;L;10000;0;0;12000;1200;2000
P202068601;P202068601_13;M;12000;0;0;13200;2000;2000
P202068603;P202068603_1;A;0;0;0;2000;1200;2000
P202068603;P202068603_2;B;0;1240;0;2000;2440;2000
P202068603;P202068603_3;C;2000;1240;0;4000;2440;2000
P202068603;P202068603_4;D;2000;0;0;4000;1200;2000
P202068603;P202068603_5;E;4000;0;0;6000;1200;2000
P202068603;P202068603_6;F;4000;1240;0;6000;2440;2000
P202068603;P202068603_7;G;6000;1240;0;8000;2440;2000
P202068603;P202068603_8;H;6000;0;0;8000;1200;2000
P202068603;P202068603_9;I;8000;0;0;10000;1200;2000
P202068603;P202068603_10;J;8000;1240;0;10000;2440;2000
P202068603;P202068603_11;K;10000;1240;0;12000;2440;2000
P202068603;P202068603_12;L;10000;0;0;12000;1200;2000
P202068603;P202068603_13;M;12000;0;0;13200;2000;2000
P202068605;P202068605_1;A;0;0;0;2000;1200;2000
P202068605;P202068605_2;B;0;1240;0;2000;2440;2000
P202068605;P202068605_3;C;2000;1240;0;4000;2440;2000
P202068605;P202068605_4;D;2000;0;0;4000;1200;2000
P202068605;P202068605_5;E;4000;0;0;6000;1200;2000
P202068605;P202068605_6;F;4000;1240;0;6000;2440;2000
P202068605;P202068605_7;G;6000;1240;0;8000;2440;2000
P202068605;P202068605_8;H;6000;0;0;8000;1200;2000
P202068605;P202068605_9;I;8000;0;0;10000;1200;2000
P202068605;P202068605_10;J;8000;1240;0;10000;2440;2000
P202068605;P202068605_11;K;10000;1240;0;12000;2440;2000
P202068605;P202068605_12;L;10000;0;0;12000;1200;2000
P202068605;P202068605_13;M;12000;0;0;13200;2000;2000
P201068601;P201068601_1;A;0;0;0;2000;1200;2000
P201068601;P201068601_2;B;0;1240;0;2000;2440;2000
P201068601;P201068601_3;C;2000;1240;0;4000;2440;2000
P201068601;P201068601_4;D;2000;0;0;4000;1200;2000
P201068601;P201068601_5;E;4000;0;0;6000;1200;2000
P201068601;P201068601_6;F;4000;1240;0;6000;2440;2000
P201068601;P201068601_7;G;6000;1240;0;8000;2440;2000
P201068601;P201068601_8;H;6000;0;0;8000;1200;2000
P201068601;P201068601_9;I;8000;0;0;10000;1200;2000
P201068601;P201068601_10;J;8000;1240;0;10000;2440;2000
P201068601;P201068601_11;K;10000;1240;0;12000;2440;2000
P201068601;P201068601_12;L;10000;0;0;12000;1200;2000
P201068601;P201068601_13;M;12000;0;0;13200;2000;2000
P201068603;P201068603_1;A;0;0;0;2000;1200;2000
P201068603;P201068603_2;B;0;1240;0;2000;2440;2000
P201068603;P201068603_3;C;2000;1240;0;4000;2440;2000
P201068603;P201068603_4;D;2000;0;0;4000;1200;2000
P201068603;P201068603_5;E;4000;0;0;6000;1200;2000
P201068603;P201068603_6;F;4000;1240;0;6000;2440;2000
P201068603;P201068603_7;G;6000;1240;0;8000;2440;2000
P201068603;P201068603_8;H;6000;0;0;8000;1200;2000
P201068603;P201068603_9;I;8000;0;0;10000;1200;2000
P201068603;P201068603_10;J;8000;1240;0;10000;2440;2000
P201068603;P201068603_11;K;10000;1240;0;12000;2440;2000
P201068603;P201068603_12;L;10000;0;0;12000;1200;2000
P201068603;P201068603_13;M;12000;0;0;13200;2000;2000
P201068605;P201068605_1;A;0;0;0;2000;1200;2000
P201068605;P201068605_2;B;0;1240;0;2000;2440;2000
P201068605;P201068605_3;C;2000;1240;0;4000;2440;2000
P201068605;P201068605_4;D;2000;0;0;4000;1200;2000
P201068605;P201068605_5;E;4000;0;0;6000;1200;2000
P201068605;P201068605_6;F;4000;1240;0;6000;2440;2000
P201068605;P201068605_7;G;6000;1240;0;8000;2440;2000
P201068605;P201068605_8;H;6000;0;0;8000;1200;2000
P201068605;P201068605_9;I;8000;0;0;10000;1200;2000
P201068605;P201068605_10;J;8000;1240;0;10000;2440;2000
P201068605;P201068605_11;K;10000;1240;0;12000;2440;2000
P201068605;P201068605_12;L;10000;0;0;12000;1200;2000
P200068601;P200068601_1;A;0;0;0;2000;1200;2000
P200068601;P200068601_2;B;0;1240;0;2000;2440;2000
P200068601;P200068601_3;C;2000;1240;0;4000;2440;2000
P200068601;P200068601_4;D;2000;0;0;4000;1200;2000
P200068601;P200068601_5;E;4000;0;0;6000;1200;2000
P200068601;P200068601_6;F;4000;1240;0;6000;2440;2000
P200068601;P200068601_7;G;6000;1240;0;8000;2440;2000
P200068601;P200068601_8;H;6000;0;0;8000;1200;2000
P200068601;P200068601_9;I;8000;0;0;10000;1200;2000
P200068601;P200068601_10;J;8000;1240;0;10000;2440;2000
P200068601;P200068601_11;K;10000;1240;0;12000;2440;2000
P200068601;P200068601_12;L;10000;0;0;12000;1200;2000
P200068601;P200068601_13;M;12000;0;0;13200;2000;2000
P200068605;P200068605_1;A;0;0;0;2000;1200;2000
P200068605;P200068605_2;B;0;1240;0;2000;2440;2000
P200068605;P200068605_3;C;2000;1240;0;4000;2440;2000
P200068605;P200068605_4;D;2000;0;0;4000;1200;2000
P200068605;P200068605_5;E;4000;0;0;6000;1200;2000
P200068605;P200068605_6;F;4000;1240;0;6000;2440;2000
P200068605;P200068605_7;G;6000;1240;0;8000;2440;2000
P200068605;P200068605_8;H;6000;0;0;8000;1200;2000
P200068605;P200068605_9;I;8000;0;0;10000;1200;2000
P200068605;P200068605_10;J;8000;1240;0;10000;2440;2000
P200068605;P200068605_11;K;10000;1240;0;12000;2440;2000
P200068605;P200068605_12;L;10000;0;0;12000;1200;2000
P200068605;P200068605_13;M;12000;0;0;13200;2000;2000
P199068601;P199068601_1;A;0;0;0;2000;1200;2000
P199068601;P199068601_2;B;0;1240;0;2000;2440;2000
P199068601;P199068601_3;C;2000;1240;0;4000;2440;2000
P199068601;P199068601_4;D;2000;0;0;4000;1200;2000
P199068601;P199068601_5;E;4000;0;0;6000;1200;2000
P199068601;P199068601_6;F;4000;1240;0;6000;2440;2000
P199068601;P199068601_7;G;6000;1240;0;8000;2440;2000
P199068601;P199068601_8;H;6000;0;0;8000;1200;2000
P199068601;P199068601_9;I;8000;0;0;10000;1200;2000
P199068601;P199068601_10;J;8000;1240;0;10000;2440;2000
P199068601;P199068601_11;K;10000;1240;0;12000;2440;2000
P199068601;P199068601_12;L;10000;0;0;12000;1200;2000
P199068601;P199068601_13;M;12000;0;0;13200;2000;2000
P199068603;P199068603_1;A;0;0;0;2000;1200;2000
P199068603;P199068603_2;B;0;1240;0;2000;2440;2000
P199068603;P199068603_3;C;2000;1240;0;4000;2440;2000
P199068603;P199068603_4;D;2000;0;0;4000;1200;2000
P199068603;P199068603_5;E;4000;0;0;6000;1200;2000
P199068603;P199068603_6;F;4000;1240;0;6000;2440;2000
P199068603;P199068603_7;G;6000;1240;0;8000;2440;2000
P199068603;P199068603_8;H;6000;0;0;8000;1200;2000
P199068603;P199068603_9;I;8000;0;0;10000;1200;2000
P199068603;P199068603_10;J;8000;1240;0;10000;2440;2000
P199068603;P199068603_11;K;10000;1240;0;12000;2440;2000
P199068603;P199068603_12;L;10000;0;0;12000;1200;2000
P199068603;P199068603_13;M;12000;0;0;13200;2000;2000
P199068605;P199068605_1;A;0;0;0;2000;1200;2000
P199068605;P199068605_2;B;0;1240;0;2000;2440;2000
P199068605;P199068605_3;C;2000;1240;0;4000;2440;2000
P199068605;P199068605_4;D;2000;0;0;4000;1200;2000
P199068605;P199068605_5;E;4000;0;0;6000;1200;2000
P199068605;P199068605_6;F;4000;1240;0;6000;2440;2000
P199068605;P199068605_7;G;6000;1240;0;8000;2440;2000
P199068605;P199068605_8;H;6000;0;0;8000;1200;2000
P199068605;P199068605_9;I;8000;0;0;10000;1200;2000
P199068605;P199068605_10;J;8000;1240;0;10000;2440;2000
P199068605;P199068605_11;K;10000;1240;0;12000;2440;2000
P199068605;P199068605_12;L;10000;0;0;12000;1200;2000
P199068605;P199068605_13;M;12000;0;0;13200;2000;2000
P198068601;P198068601_1;A;0;0;0;2000;1200;2000
P198068601;P198068601_2;B;0;1240;0;2000;2440;2000
P198068601;P198068601_3;C;2000;1240;0;4000;2440;2000
P198068601;P198068601_4;D;2000;0;0;4000;1200;2000
P198068601;P198068601_5;E;4000;0;0;6000;1200;2000
P198068601;P198068601_6;F;4000;1240;0;6000;2440;2000
P198068601;P198068601_7;G;6000;1240;0;8000;2440;2000
P198068601;P198068601_8;H;6000;0;0;8000;1200;2000
P198068601;P198068601_9;I;8000;0;0;10000;1200;2000
P198068601;P198068601_10;J;8000;1240;0;10000;2440;2000
P198068601;P198068601_11;K;10000;1240;0;12000;2440;2000
P198068601;P198068601_12;L;10000;0;0;12000;1200;2000
P198068601;P198068601_13;M;12000;0;0;13200;2000;2000
P198068603;P198068603_1;A;0;0;0;2000;1200;2000
P198068603;P198068603_2;B;0;1240;0;2000;2440;2000
P198068603;P198068603_3;C;2000;1240;0;4000;2440;2000
P198068603;P198068603_4;D;2000;0;0;4000;1200;2000
P198068603;P198068603_5;E;4000;0;0;6000;1200;2000
P198068603;P198068603_6;F;4000;1240;0;6000;2440;2000
P198068603;P198068603_7;G;6000;1240;0;8000;2440;2000
P198068603;P198068603_8;H;6000;0;0;8000;1200;2000
P198068603;P198068603_9;I;8000;0;0;10000;1200;2000
P198068603;P198068603_10;J;8000;1240;0;10000;2440;2000
P198068603;P198068603_11;K;10000;1240;0;12000;2440;2000
P198068603;P198068603_12;L;10000;0;0;12000;1200;2000
P198068603;P198068603_13;M;12000;0;0;13200;2000;2000
P198068605;P198068605_1;A;0;0;0;2000;1200;2000
P198068605;P198068605_2;B;0;1240;0;2000;2440;2000
P198068605;P198068605_3;C;2000;1240;0;4000;2440;2000
P198068605;P198068605_4;D;2000;0;0;4000;1200;2000
P198068605;P198068605_5;E;4000;0;0;6000;1200;2000
P198068605;P198068605_6;F;4000;1240;0;6000;2440;2000
P198068605;P198068605_7;G;6000;1240;0;8000;2440;2000
P198068605;P198068605_8;H;6000;0;0;8000;1200;2000
P198068605;P198068605_9;I;8000;0;0;10000;1200;2000
P198068605;P198068605_10;J;8000;1240;0;10000;2440;2000
P194068601;P194068601_1;A;0;0;0;2000;1200;2000
P194068601;P194068601_2;B;0;1240;0;2000;2440;2000
P194068601;P194068601_3;C;2000;1240;0;4000;2440;2000
P194068601;P194068601_4;D;2000;0;0;4000;1200;2000
P194068601;P194068601_5;E;4000;0;0;6000;1200;2000
P194068601;P194068601_6;F;4000;1240;0;6000;2440;2000
P194068601;P194068601_7;G;6000;1240;0;8000;2440;2000
P194068601;P194068601_8;H;6000;0;0;8000;1200;2000
P194068601;P194068601_9;I;8000;0;0;10000;1200;2000
P194068601;P194068601_10;J;8000;1240;0;10000;2440;2000
P194068601;P194068601_11;K;10000;1240;0;12000;2440;2000
P194068601;P194068601_12;L;10000;0;0;12000;1200;2000
P194068601;P194068601_13;M;12000;0;0;13200;2000;2000
P194068603;P194068603_1;A;0;0;0;2000;1200;2000
P194068603;P194068603_2;B;0;1240;0;2000;2440;2000
P194068603;P194068603_3;C;2000;1240;0;4000;2440;2000
P194068603;P194068603_4;D;2000;0;0;4000;1200;2000
P194068603;P194068603_5;E;4000;0;0;6000;1200;2000
P194068603;P194068603_6;F;4000;1240;0;6000;2440;2000
P194068603;P194068603_7;G;6000;1240;0;8000;2440;2000
P194068603;P194068603_8;H;6000;0;0;8000;1200;2000
P194068603;P194068603_9;I;8000;0;0;10000;1200;2000
P194068603;P194068603_10;J;8000;1240;0;10000;2440;2000
P194068603;P194068603_11;K;10000;1240;0;12000;2440;2000
P194068603;P194068603_12;L;10000;0;0;12000;1200;2000
P194068603;P194068603_13;M;12000;0;0;13200;2000;2000
P194068605;P194068605_1;A;0;0;0;2000;1200;2000
P194068605;P194068605_2;B;0;1240;0;2000;2440;2000
P194068605;P194068605_3;C;2000;1240;0;4000;2440;2000
P194068605;P194068605_4;D;2000;0;0;4000;1200;2000
P194068605;P194068605_5;E;4000;0;0;6000;1200;2000
P194068605;P194068605_6;F;4000;1240;0;6000;2440;2000
P194068605;P194068605_7;G;6000;1240;0;8000;2440;2000
P194068605;P194068605_8;H;6000;0;0;8000;1200;2000
P194068605;P194068605_9;I;8000;0;0;10000;1200;2000
P194068605;P194068605_10;J;8000;1240;0;10000;2440;2000
P194068605;P194068605_11;K;10000;1240;0;12000;2440;2000
P193068601;P193068601_1;A;0;0;0;2000;1200;2000
P193068601;P193068601_2;B;0;1240;0;2000;2440;2000
P193068601;P193068601_3;C;2000;1240;0;4000;2440;2000
P193068601;P193068601_4;D;2000;0;0;4000;1200;2000
P193068601;P193068601_5;E;4000;0;0;6000;1200;2000
P193068601;P193068601_6;F;4000;1240;0;6000;2440;2000
P193068601;P193068601_7;G;6000;1240;0;8000;2440;2000
P193068601;P193068601_8;H;6000;0;0;8000;1200;2000
P193068601;P193068601_9;I;8000;0;0;10000;1200;2000
P193068601;P193068601_10;J;8000;1240;0;10000;2440;2000
P193068601;P193068601_11;K;10000;1240;0;12000;2440;2000
P193068601;P193068601_12;L;10000;0;0;12000;1200;2000
P193068601;P193068601_13;M;12000;0;0;13200;2000;2000
P193068605;P193068605_1;A;0;0;0;2000;1200;2000
P193068605;P193068605_2;B;0;1240;0;2000;2440;2000
P193068605;P193068605_3;C;2000;1240;0;4000;2440;2000
P193068605;P193068605_4;D;2000;0;0;4000;1200;2000
P193068605;P193068605_5;E;4000;0;0;6000;1200;2000
P193068605;P193068605_6;F;4000;1240;0;6000;2440;2000
P193068605;P193068605_7;G;6000;1240;0;8000;2440;2000
P193068605;P193068605_8;H;6000;0;0;8000;1200;2000
P193068605;P193068605_9;I;8000;0;0;10000;1200;2000
P193068605;P193068605_10;J;8000;1240;0;10000;2440;2000
P193068605;P193068605_11;K;10000;1240;0;12000;2440;2000
P193068605;P193068605_12;L;10000;0;0;12000;1200;2000
P193068605;P193068605_13;M;12000;0;0;13200;2000;2000
P192068601;P192068601_1;A;0;0;0;2000;1200;2000
P192068601;P192068601_2;B;0;1240;0;2000;2440;2000
P192068601;P192068601_3;C;2000;1240;0;4000;2440;2000
P192068601;P192068601_4;D;2000;0;0;4000;1200;2000
P192068601;P192068601_5;E;4000;0;0;6000;1200;2000
P192068601;P192068601_6;F;4000;1240;0;6000;2440;2000
P192068601;P192068601_7;G;6000;1240;0;8000;2440;2000
P192068601;P192068601_8;H;6000;0;0;8000;1200;2000
P192068601;P192068601_9;I;8000;0;0;10000;1200;2000
P192068601;P192068601_10;J;8000;1240;0;10000;2440;2000
P192068601;P192068601_11;K;10000;1240;0;12000;2440;2000
P192068601;P192068601_12;L;10000;0;0;12000;1200;2000
P192068601;P192068601_13;M;12000;0;0;13200;2000;2000
P192068603;P192068603_1;A;0;0;0;2000;1200;2000
P192068603;P192068603_2;B;0;1240;0;2000;2440;2000
P192068603;P192068603_3;C;2000;1240;0;4000;2440;2000
P192068603;P192068603_4;D;2000;0;0;4000;1200;2000
P192068603;P192068603_5;E;4000;0;0;6000;1200;2000
P192068603;P192068603_6;F;4000;1240;0;6000;2440;2000
P192068603;P192068603_7;G;6000;1240;0;8000;2440;2000
P192068603;P192068603_8;H;6000;0;0;8000;1200;2000
P192068603;P192068603_9;I;8000;0;0;10000;1200;2000
P192068603;P192068603_10;J;8000;1240;0;10000;2440;2000
P192068603;P192068603_11;K;10000;1240;0;12000;2440;2000
P192068603;P192068603_12;L;10000;0;0;12000;1200;2000
P192068603;P192068603_13;M;12000;0;0;13200;2000;2000
P192068605;P192068605_1;A;0;0;0;2000;1200;2000
P192068605;P192068605_2;B;0;1240;0;2000;2440;2000
P192068605;P192068605_3;C;2000;1240;0;4000;2440;2000
P192068605;P192068605_4;D;2000;0;0;4000;1200;2000
P192068605;P192068605_5;E;4000;0;0;6000;1200;2000
P192068605;P192068605_6;F;4000;1240;0;6000;2440;2000
P192068605;P192068605_7;G;6000;1240;0;8000;2440;2000
P192068605;P192068605_8;H;6000;0;0;8000;1200;2000
P192068605;P192068605_9;I;8000;0;0;10000;1200;2000
P192068605;P192068605_10;J;8000;1240;0;10000;2440;2000
P192068605;P192068605_11;K;10000;1240;0;12000;2440;2000
P192068605;P192068605_12;L;10000;0;0;12000;1200;2000
P192068605;P192068605_13;M;12000;0;0;13200;2000;2000
P191068601;P191068601_1;A;0;0;0;2000;1200;2000
P191068601;P191068601_2;B;0;1240;0;2000;2440;2000
P191068601;P191068601_3;C;2000;1240;0;4000;2440;2000
P191068601;P191068601_4;D;2000;0;0;4000;1200;2000
P191068601;P191068601_5;E;4000;0;0;6000;1200;2000
P191068601;P191068601_6;F;4000;1240;0;6000;2440;2000
P191068601;P191068601_7;G;6000;1240;0;8000;2440;2000
P191068601;P191068601_8;H;6000;0;0;8000;1200;2000
P191068601;P191068601_9;I;8000;0;0;10000;1200;2000
P191068601;P191068601_10;J;8000;1240;0;10000;2440;2000
P191068601;P191068601_11;K;10000;1240;0;12000;2440;2000
P191068601;P191068601_12;L;10000;0;0;12000;1200;2000
P191068601;P191068601_13;M;12000;0;0;13200;2000;2000
P191068603;P191068603_1;A;0;0;0;2000;1200;2000
P191068603;P191068603_2;B;0;1240;0;2000;2440;2000
P191068603;P191068603_3;C;2000;1240;0;4000;2440;2000
P191068603;P191068603_4;D;2000;0;0;4000;1200;2000
P191068603;P191068603_5;E;4000;0;0;6000;1200;2000
P191068603;P191068603_6;F;4000;1240;0;6000;2440;2000
P191068603;P191068603_7;G;6000;1240;0;8000;2440;2000
P191068603;P191068603_8;H;6000;0;0;8000;1200;2000
P191068603;P191068603_9;I;8000;0;0;10000;1200;2000
P191068603;P191068603_10;J;8000;1240;0;10000;2440;2000
P191068603;P191068603_11;K;10000;1240;0;12000;2440;2000
P191068603;P191068603_12;L;10000;0;0;12000;1200;2000
P191068603;P191068603_13;M;12000;0;0;13200;2000;2000
P191068605;P191068605_1;A;0;0;0;2000;1200;2000
P191068605;P191068605_2;B;0;1240;0;2000;2440;2000
P191068605;P191068605_3;C;2000;1240;0;4000;2440;2000
P191068605;P191068605_4;D;2000;0;0;4000;1200;2000
P191068605;P191068605_5;E;4000;0;0;6000;1200;2000
P191068605;P191068605_6;F;4000;1240;0;6000;2440;2000
P191068605;P191068605_7;G;6000;1240;0;8000;2440;2000
P191068605;P191068605_8;H;6000;0;0;8000;1200;2000
P191068605;P191068605_9;I;8000;0;0;10000;1200;2000
P191068605;P191068605_10;J;8000;1240;0;10000;2440;2000
P191068605;P191068605_11;K;10000;1240;0;12000;2440;2000
P191068605;P191068605_12;L;10000;0;0;12000;1200;2000
P191068605;P191068605_13;M;12000;0;0;13200;2000;2000
P189068651;P189068651_1;A;0;0;0;2000;1200;2000
P189068651;P189068651_2;B;0;1240;0;2000;2440;2000
P189068651;P189068651_3;C;2000;1240;0;4000;2440;2000
P189068651;P189068651_4;D;2000;0;0;4000;1200;2000
P189068651;P189068651_5;E;4000;0;0;6000;1200;2000
P189068651;P189068651_6;F;4000;1240;0;6000;2440;2000
P189068651;P189068651_7;G;6000;1240;0;8000;2440;2000
P189068651;P189068651_8;H;6000;0;0;8000;1200;2000
P189068651;P189068651_9;I;8000;0;0;10000;1200;2000
P189068651;P189068651_10;J;8000;1240;0;10000;2440;2000
P189068651;P189068651_11;K;10000;1240;0;12000;2440;2000
P188068601;P188068601_1;A;0;0;0;2000;1200;2000
P188068601;P188068601_2;B;0;1240;0;2000;2440;2000
P188068601;P188068601_3;C;2000;1240;0;4000;2440;2000
P188068601;P188068601_4;D;2000;0;0;4000;1200;2000
P188068601;P188068601_5;E;4000;0;0;6000;1200;2000
P188068601;P188068601_6;F;4000;1240;0;6000;2440;2000
P188068601;P188068601_7;G;6000;1240;0;8000;2440;2000
P188068601;P188068601_8;H;6000;0;0;8000;1200;2000
P188068601;P188068601_9;I;8000;0;0;10000;1200;2000
P188068601;P188068601_10;J;8000;1240;0;10000;2440;2000
P188068601;P188068601_11;K;10000;1240;0;12000;2440;2000
P188068601;P188068601_12;L;10000;0;0;12000;1200;2000
P188068601;P188068601_13;M;12000;0;0;13200;2000;2000
P188068603;P188068603_1;A;0;0;0;2000;1200;2000
P188068603;P188068603_2;B;0;1240;0;2000;2440;2000
P188068603;P188068603_3;C;2000;1240;0;4000;2440;2000
P188068603;P188068603_4;D;2000;0;0;4000;1200;2000
P188068603;P188068603_5;E;4000;0;0;6000;1200;2000
P188068603;P188068603_6;F;4000;1240;0;6000;2440;2000
P188068603;P188068603_7;G;6000;1240;0;8000;2440;2000
P188068603;P188068603_8;H;6000;0;0;8000;1200;2000
P188068603;P188068603_9;I;8000;0;0;10000;1200;2000
P188068603;P188068603_10;J;8000;1240;0;10000;2440;2000
P188068603;P188068603_11;K;10000;1240;0;12000;2440;2000
P188068603;P188068603_12;L;10000;0;0;12000;1200;2000
P188068603;P188068603_13;M;12000;0;0;13200;2000;2000
P187068601;P187068601_1;A;0;0;0;2000;1200;2000
P187068601;P187068601_2;B;0;1240;0;2000;2440;2000
P187068601;P187068601_3;C;2000;1240;0;4000;2440;2000
P187068601;P187068601_4;D;2000;0;0;4000;1200;2000
P187068601;P187068601_5;E;4000;0;0;6000;1200;2000
P187068601;P187068601_6;F;4000;1240;0;6000;2440;2000
P187068601;P187068601_7;G;6000;1240;0;8000;2440;2000
P187068601;P187068601_8;H;6000;0;0;8000;1200;2000
P187068601;P187068601_9;I;8000;0;0;10000;1200;2000
P187068601;P187068601_10;J;8000;1240;0;10000;2440;2000
P187068601;P187068601_11;K;10000;1240;0;12000;2440;2000
P187068601;P187068601_12;L;10000;0;0;12000;1200;2000
P187068601;P187068601_13;M;12000;0;0;13200;2000;2000
P187068603;P187068603_1;A;0;0;0;2000;1200;2000
P187068603;P187068603_2;B;0;1240;0;2000;2440;2000
P187068603;P187068603_3;C;2000;1240;0;4000;2440;2000
P187068603;P187068603_4;D;2000;0;0;4000;1200;2000
P187068603;P187068603_5;E;4000;0;0;6000;1200;2000
P187068603;P187068603_6;F;4000;1240;0;6000;2440;2000
P187068603;P187068603_7;G;6000;1240;0;8000;2440;2000
P187068603;P187068603_8;H;6000;0;0;8000;1200;2000
P187068603;P187068603_9;I;8000;0;0;10000;1200;2000
P187068603;P187068603_10;J;8000;1240;0;10000;2440;2000
P187068603;P187068603_11;K;10000;1240;0;12000;2440;2000
P187068603;P187068603_12;L;10000;0;0;12000;1200;2000
P187068603;P187068603_13;M;12000;0;0;13200;2000;2000
P187068605;P187068605_1;A;0;0;0;2000;1200;2000
P187068605;P187068605_2;B;0;1240;0;2000;2440;2000
P187068605;P187068605_3;C;2000;1240;0;4000;2440;2000
P187068605;P187068605_4;D;2000;0;0;4000;1200;2000
P187068605;P187068605_5;E;4000;0;0;6000;1200;2000
P187068605;P187068605_6;F;4000;1240;0;6000;2440;2000
P187068605;P187068605_7;G;6000;1240;0;8000;2440;2000
P187068605;P187068605_8;H;6000;0;0;8000;1200;2000
P187068605;P187068605_9;I;8000;0;0;10000;1200;2000
P187068605;P187068605_10;J;8000;1240;0;10000;2440;2000
P187068605;P187068605_11;K;10000;1240;0;12000;2440;2000
P187068605;P187068605_12;L;10000;0;0;12000;1200;2000
P187068605;P187068605_13;M;12000;0;0;13200;2000;2000
P186068601;P186068601_1;A;0;0;0;2000;1200;2000
P186068601;P186068601_2;B;0;1240;0;2000;2440;2000
P186068601;P186068601_3;C;2000;1240;0;4000;2440;2000
P186068601;P186068601_4;D;2000;0;0;4000;1200;2000
P186068601;P186068601_5;E;4000;0;0;6000;1200;2000
P186068601;P186068601_6;F;4000;1240;0;6000;2440;2000
P186068601;P186068601_7;G;6000;1240;0;8000;2440;2000
P186068601;P186068601_8;H;6000;0;0;8000;1200;2000
P186068601;P186068601_9;I;8000;0;0;10000;1200;2000
P186068601;P186068601_10;J;8000;1240;0;10000;2440;2000
P186068601;P186068601_11;K;10000;1240;0;12000;2440;2000
P186068601;P186068601_12;L;10000;0;0;12000;1200;2000
P186068601;P186068601_13;M;12000;0;0;13200;2000;2000
P186068605;P186068605_1;A;0;0;0;2000;1200;2000
P186068605;P186068605_2;B;0;1240;0;2000;2440;2000
P186068605;P186068605_3;C;2000;1240;0;4000;2440;2000
P186068605;P186068605_4;D;2000;0;0;4000;1200;2000
P186068605;P186068605_5;E;4000;0;0;6000;1200;2000
P186068605;P186068605_6;F;4000;1240;0;6000;2440;2000
P186068605;P186068605_7;G;6000;1240;0;8000;2440;2000
P186068605;P186068605_8;H;6000;0;0;8000;1200;2000
P186068605;P186068605_9;I;8000;0;0;10000;1200;2000
P186068605;P186068605_10;J;8000;1240;0;10000;2440;2000
P186068605;P186068605_11;K;10000;1240;0;12000;2440;2000
P186068605;P186068605_12;L;10000;0;0;12000;1200;2000
P186068605;P186068605_13;M;12000;0;0;13200;2000;2000
P185068601;P185068601_1;A;0;0;0;2000;1200;2000
P185068601;P185068601_2;B;0;1240;0;2000;2440;2000
P185068601;P185068601_3;C;2000;1240;0;4000;2440;2000
P185068601;P185068601_4;D;2000;0;0;4000;1200;2000
P185068601;P185068601_5;E;4000;0;0;6000;1200;2000
P185068601;P185068601_6;F;4000;1240;0;6000;2440;2000
P185068601;P185068601_7;G;6000;1240;0;8000;2440;2000
P185068601;P185068601_8;H;6000;0;0;8000;1200;2000
P185068601;P185068601_9;I;8000;0;0;10000;1200;2000
P185068601;P185068601_10;J;8000;1240;0;10000;2440;2000
P185068601;P185068601_11;K;10000;1240;0;12000;2440;2000
P185068601;P185068601_12;L;10000;0;0;12000;1200;2000
P185068601;P185068601_13;M;12000;0;0;13200;2000;2000
P185068603;P185068603_1;A;0;0;0;2000;1200;2000
P185068603;P185068603_2;B;0;1240;0;2000;2440;2000
P185068603;P185068603_3;C;2000;1240;0;4000;2440;2000
P185068603;P185068603_4;D;2000;0;0;4000;1200;2000
P185068603;P185068603_5;E;4000;0;0;6000;1200;2000
P185068603;P185068603_6;F;4000;1240;0;6000;2440;2000
P185068603;P185068603_7;G;6000;1240;0;8000;2440;2000
P185068603;P185068603_8;H;6000;0;0;8000;1200;2000
P185068603;P185068603_9;I;8000;0;0;10000;1200;2000
P185068603;P185068603_10;J;8000;1240;0;10000;2440;2000
P185068603;P185068603_11;K;10000;1240;0;12000;2440;2000
P185068603;P185068603_12;L;10000;0;0;12000;1200;2000
P185068603;P185068603_13;M;12000;0;0;13200;2000;2000
P185068605;P185068605_1;A;0;0;0;2000;1200;2000
P185068605;P185068605_2;B;0;1240;0;2000;2440;2000
P185068605;P185068605_3;C;2000;1240;0;4000;2440;2000
P185068605;P185068605_4;D;2000;0;0;4000;1200;2000
P185068605;P185068605_5;E;4000;0;0;6000;1200;2000
P185068605;P185068605_6;F;4000;1240;0;6000;2440;2000
P185068605;P185068605_7;G;6000;1240;0;8000;2440;2000
P185068605;P185068605_8;H;6000;0;0;8000;1200;2000
P185068605;P185068605_9;I;8000;0;0;10000;1200;2000
P185068605;P185068605_10;J;8000;1240;0;10000;2440;2000
P185068605;P185068605_11;K;10000;1240;0;12000;2440;2000
P185068605;P185068605_12;L;10000;0;0;12000;1200;2000
P185068605;P185068605_13;M;12000;0;0;13200;2000;2000
P184068603;P184068603_1;A;0;0;0;2000;1200;2000
P184068603;P184068603_2;B;0;1240;0;2000;2440;2000
P184068603;P184068603_3;C;2000;1240;0;4000;2440;2000
P184068603;P184068603_4;D;2000;0;0;4000;1200;2000
P184068603;P184068603_5;E;4000;0;0;6000;1200;2000
P184068603;P184068603_6;F;4000;1240;0;6000;2440;2000
P184068603;P184068603_7;G;6000;1240;0;8000;2440;2000
P184068603;P184068603_8;H;6000;0;0;8000;1200;2000
P184068603;P184068603_9;I;8000;0;0;10000;1200;2000
P184068603;P184068603_10;J;8000;1240;0;10000;2440;2000
P240255301;P240255301_1;A;0;620;0;2300;1820;1350
P240255301;P240255301_2;B;2300;1240;0;4600;2440;2655
P240255301;P240255301_3;C;2300;20;0;4600;1220;2655
P240255301;P240255301_4;D;4600;1240;0;6900;2440;2655
P240255301;P240255301_5;E;4600;0;0;6900;1200;2655
P240255301;P240255301_6;F;6900;0;0;9200;1200;2655
P240255301;P240255301_7;G;6900;1240;0;9200;2440;2655
P240255301;P240255301_8;H;9200;1690;0;10750;2440;2195
P240255301;P240255301_9;I;9200;0;0;9950;1550;2195
P240255301;P240255301_10;J;9950;0;0;10640;1500;2255
P240255301;P240255301_11;K;10640;0;0;11390;1550;1120
P240255301;P240255301_12;L;10750;1690;0;12300;2440;1120
P240255301;P240255301_13;M;11390;0;0;12140;1550;1120
P240255301;P240255301_14;N;12140;0;0;12830;1500;2255
P209255301;P209255301_1;A;0;0;0;2300;1200;1350
P209255301;P209255301_2;B;0;1240;0;2300;2440;1350
P209255301;P209255301_3;C;2300;620;0;4600;1820;2655
P209255301;P209255301_4;D;4600;1240;0;6900;2440;2655
P209255301;P209255301_5;E;4600;0;0;6900;1200;2655
P209255301;P209255301_6;F;6900;1240;0;9200;2440;2655
P209255301;P209255301_7;G;6900;0;0;9200;1200;2655
P209255301;P209255301_8;H;9200;0;0;10750;750;2195
P209255301;P209255301_9;I;9200;890;0;9950;2440;1120
P209255301;P209255301_10;J;9950;940;0;10640;2440;2255
P209255301;P209255301_11;K;10640;940;0;11330;2440;2255
P209255301;P209255301_12;L;10750;0;0;12300;750;1120
P209255301;P209255301_13;M;11330;890;0;12080;2440;1120
P209255301;P209255301_14;N;12080;940;0;12770;2440;2255
P209255301;P209255301_15;O;12770;0;0;13460;1500;2255
P208255303;P208255303_1;A;0;620;0;2300;1820;2655
P208255303;P208255303_2;B;2300;1240;0;4600;2440;2655
P208255303;P208255303_3;C;2300;0;0;4600;1200;2655
P208255303;P208255303_4;D;4600;1240;0;6900;2440;2655
P208255303;P208255303_5;E;4600;0;0;6900;1200;2655
P208255303;P208255303_6;F;6900;0;0;9200;1200;2655
P208255303;P208255303_7;G;6900;1240;0;9200;2440;2655
P208255303;P208255303_8;H;9200;1690;0;10750;2440;2195
P208255303;P208255303_9;I;9200;0;0;9950;1550;2195
P208255303;P208255303_10;J;9950;0;0;10700;1550;2195
P208255303;P208255303_11;K;10700;0;0;13000;1200;2655
P208255303;P208255303_12;L;10750;1240;0;13050;2440;1350
P207255301;P207255301_1;A;0;620;0;2300;1820;2655
P207255301;P207255301_2;B;2300;1240;0;4600;2440;2655
P207255301;P207255301_3;C;2300;0;0;3850;750;2195
P207255301;P207255301_4;D;3850;0;0;5400;750;1120
P207255301;P207255301_5;E;4600;890;0;5350;2440;1120
P207255301;P207255301_6;F;5350;890;0;6100;2440;1120
P207255301;P207255301_7;G;5400;0;0;6950;750;1120
P207255301;P207255301_8;H;6100;940;0;6790;2440;2255
P207255301;P207255301_9;I;6790;940;0;7480;2440;2255
P207255301;P207255301_10;J;6950;0;0;8500;750;1120
P207255301;P207255301_11;K;7480;890;0;8230;2440;1120
P207255301;P207255301_12;L;8230;890;0;8980;2440;1120
P207255301;P207255301_13;M;8500;0;0;10050;750;1120
P207255301;P207255301_14;N;8980;940;0;9670;2440;2255
P207255301;P207255301_15;O;9670;940;0;10360;2440;2255
P207255301;P207255301_16;P;10050;0;0;11550;690;2255
P207255301;P207255301_17;Q;10360;940;0;11050;2440;2255
P207255301;P207255301_18;R;11050;890;0;11800;2440;1120
P207255301;P207255301_19;S;11550;0;0;13100;750;1120
P207255301;P207255301_20;T;11800;890;0;12550;2440;1120
P207255301;P207255301_21;U;12550;890;0;13300;2440;1120
P206255301;P206255301_1;A;0;1240;0;2300;2440;1350
P206255301;P206255301_2;B;0;20;0;2300;1220;1350
P206255301;P206255301_3;C;2300;0;0;4600;1200;2655
P206255301;P206255301_4;D;2300;1220;0;4600;2420;2655
P206255301;P206255301_5;E;4600;1690;0;6150;2440;2195
P206255301;P206255301_6;F;4600;0;0;6900;1200;2655
P206255301;P206255301_7;G;6150;1240;0;8450;2440;2655
P206255301;P206255301_8;H;6900;0;0;9200;1200;2655
P206255301;P206255301_9;I;8450;1240;0;10750;2440;2655
P206255301;P206255301_10;J;9200;0;0;11500;1200;2655
P206255301;P206255301_11;K;10750;1690;0;12300;2440;1120
P206255301;P206255301_12;L;11500;0;0;12250;1550;1120
P206255301;P206255301_13;M;12250;0;0;13000;1550;1120
P205255301;P205255301_1;A;0;620;0;2300;1820;2655
P205255301;P205255301_2;B;2300;1690;0;3850;2440;2195
P205255301;P205255301_3;C;2300;0;0;3050;1550;2195
P205255301;P205255301_4;D;3050;0;0;5350;1200;2655
P205255301;P205255301_5;E;3850;1240;0;6150;2440;2655
P205255301;P205255301_6;F;5350;0;0;7650;1200;2655
P205255301;P205255301_7;G;6150;1690;0;7700;2440;1120
P205255301;P205255301_8;H;7650;0;0;8400;1550;1120
P205255301;P205255301_9;I;7700;1690;0;9250;2440;1120
P205255301;P205255301_10;J;8400;0;0;9090;1500;2255
P205255301;P205255301_11;K;9090;0;0;9780;1500;2255
P205255301;P205255301_12;L;9250;1690;0;10800;2440;1120
P205255301;P205255301_13;M;9780;0;0;10530;1550;1120
P205255301;P205255301_14;N;10530;0;0;11220;1500;2255
P205255301;P205255301_15;O;10800;1690;0;12350;2440;1120
P205255301;P205255301_16;P;11220;0;0;11970;1550;1120
P205255301;P205255301_17;Q;11970;0;0;13470;690;2255
P205255301;P205255301_18;R;12350;690;0;13100;2240;1120
P202255301;P202255301_1;A;0;620;0;2300;1820;1350
P202255301;P202255301_2;B;2300;1240;0;4600;2440;2655
P202255301;P202255301_3;C;2300;20;0;4600;1220;2655
P202255301;P202255301_4;D;4600;1240;0;6900;2440;2655
P202255301;P202255301_5;E;4600;0;0;6900;1200;2655
P202255301;P202255301_6;F;6900;0;0;9200;1200;2655
P202255301;P202255301_7;G;6900;1240;0;9200;2440;2655
P202255301;P202255301_8;H;9200;1240;0;11500;2440;2655
P202255301;P202255301_9;I;9200;0;0;11500;1200;2655
P202255301;P202255301_10;J;11500;0;0;12700;2300;2655
P201255301;P201255301_1;A;0;620;0;2300;1820;1350
P201255301;P201255301_2;B;2300;1240;0;4600;2440;2655
P201255301;P201255301_3;C;2300;0;0;4600;1200;2655
P201255301;P201255301_4;D;4600;1240;0;6900;2440;2655
P201255301;P201255301_5;E;4600;0;0;6150;750;2195
P201255301;P201255301_6;F;6150;0;0;7700;750;2195
P201255301;P201255301_7;G;6900;1240;0;9200;2440;2655
P201255301;P201255301_8;H;7700;0;0;10000;1200;2655
P201255301;P201255301_9;I;9200;1240;0;11500;2440;2655
P201255301;P201255301_10;J;10000;0;0;12300;1200;2655
P201255301;P201255301_11;K;11500;1690;0;13050;2440;2195
P201255301;P201255301_12;L;12300;0;0;12990;1500;2255
P201255303;P201255303_1;A;0;620;0;2300;1820;1350
P201255303;P201255303_2;B;2300;1240;0;4600;2440;2655
P201255303;P201255303_3;C;2300;20;0;4600;1220;2655
P201255303;P201255303_4;D;4600;0;0;6900;1200;2655
P201255303;P201255303_5;E;4600;1240;0;6900;2440;2655
P201255303;P201255303_6;F;6900;1240;0;9200;2440;2655
P201255303;P201255303_7;G;6900;0;0;9200;1200;2655
P201255303;P201255303_8;H;9200;0;0;11500;1200;2655
P201255303;P201255303_9;I;9200;1240;0;11500;2440;2655
P201255303;P201255303_10;J;11500;0;0;12700;2300;2655
P200255301;P200255301_1;A;0;0;0;2300;1200;2655
P200255301;P200255301_2;B;0;1690;0;1550;2440;1120
P200255301;P200255301_3;C;1550;1240;0;3850;2440;2655
P200255301;P200255301_4;D;2300;0;0;3850;750;1120
P200255301;P200255301_5;E;3850;1690;0;5400;2440;1120
P200255301;P200255301_6;F;3850;0;0;4600;1550;1120
P200255301;P200255301_7;G;4600;0;0;5350;1550;1120
P200255301;P200255301_8;H;5350;0;0;6040;1500;2255
P200255301;P200255301_9;I;5400;1750;0;6900;2440;2255
P200255301;P200255301_10;J;6040;0;0;6790;1550;1120
P200255301;P200255301_11;K;6790;0;0;7540;1550;1120
P200255301;P200255301_12;L;6900;1690;0;8450;2440;1120
P200255301;P200255301_13;M;7540;0;0;8230;1500;2255
P200255301;P200255301_14;N;8230;0;0;8980;1550;1120
P200255301;P200255301_15;O;8450;1690;0;10000;2440;1120
P200255301;P200255301_16;P;8980;0;0;9730;1550;1120
P200255301;P200255301_17;Q;9730;0;0;10420;1500;2255
P200255301;P200255301_18;R;10000;1750;0;11500;2440;2255
P200255301;P200255301_19;S;10420;0;0;11110;1500;2255
P200255301;P200255301_20;T;11110;0;0;11800;1500;2255
P200255301;P200255301_21;U;11500;1690;0;13050;2440;1120
P200255301;P200255301_22;V;11800;0;0;12550;1550;1120
P199255301;P199255301_1;A;0;845;0;1550;1595;2195
P199255301;P199255301_2;B;1550;1240;0;3850;2440;2655
P199255301;P199255301_3;C;1550;0;0;3850;1200;2655
P199255301;P199255301_4;D;3850;1690;0;5400;2440;2195
P199255301;P199255301_5;E;3850;0;0;6150;1200;2655
P199255301;P199255301_6;F;5400;1690;0;6950;2440;1120
P199255301;P199255301_7;G;6150;0;0;6840;1500;2255
P199255301;P199255301_8;H;6840;0;0;7530;1500;2255
P199255301;P199255301_9;I;6950;1690;0;8500;2440;1120
P199255301;P199255301_10;J;7530;0;0;8280;1550;1120
P199255301;P199255301_11;K;8280;0;0;9030;1550;1120
P199255301;P199255301_12;L;8500;1690;0;10050;2440;1120
P199255301;P199255301_13;M;9030;0;0;9720;1500;2255
P199255301;P199255301_14;N;9720;0;0;10470;1550;1120
P199255301;P199255301_15;O;10050;1690;0;11600;2440;1120
P199255301;P199255301_16;P;10470;0;0;11220;1550;1120
P199255301;P199255301_17;Q;11220;0;0;11910;1500;2255
P199255301;P199255301_18;R;11600;1750;0;13100;2440;2255
P199255301;P199255301_19;S;11910;0;0;13460;750;1120
P199255301;P199255301_20;T;11910;750;0;13460;1500;1120
P198255301;P198255301_1;A;0;0;0;2300;1200;1350
P198255301;P198255301_2;B;0;1240;0;2300;2440;1350
P198255301;P198255301_3;C;2300;620;0;4600;1820;2655
P198255301;P198255301_4;D;4600;1240;0;6900;2440;2655
P198255301;P198255301_5;E;4600;0;0;6900;1200;2655
P198255301;P198255301_6;F;6900;1240;0;9200;2440;2655
P198255301;P198255301_7;G;6900;0;0;9200;1200;2655
P198255301;P198255301_8;H;9200;0;0;11500;1200;2655
P198255301;P198255301_9;I;9200;1240;0;11500;2440;2655
P198255301;P198255301_10;J;11500;0;0;12700;2300;2655
P198255301;P198255301_11;K;12700;0;0;13450;1550;2195
Q198255301_1;Q198255301_1_1;A;0;1240;0;2300;2440;1350
Q198255301_1;Q198255301_1_2;B;0;0;0;2300;1200;1350
Q198255301_1;Q198255301_1_3;C;2300;620;0;4600;1820;2655
Q198255301_1;Q198255301_1_4;D;4600;1240;0;6900;2440;2655
Q198255301_1;Q198255301_1_5;E;4600;0;0;6900;1200;2655
Q198255301_1;Q198255301_1_6;F;6900;0;0;9200;1200;2655
Q198255301_1;Q198255301_1_7;G;6900;1240;0;9200;2440;2655
Q198255301_1;Q198255301_1_8;H;9200;1750;0;10700;2440;2255
Q198255301_1;Q198255301_1_9;I;9200;0;0;9950;1550;1120
Q198255301_1;Q198255301_1_10;J;9950;0;0;10700;1550;1120
Q198255301_1;Q198255301_1_11;K;10700;0;0;12200;690;2255
Q198255301_1;Q198255301_1_12;L;10700;940;0;11390;2440;2255
Q198255301_1;Q198255301_1_13;M;11390;890;0;12140;2440;1120
Q198255301_1;Q198255301_1_14;N;12140;890;0;12890;2440;1120
P194255303;P194255303_1;A;0;845;0;1550;1595;2195
P194255303;P194255303_2;B;1550;1595;0;3100;2345;1120
P194255303;P194255303_3;C;1550;0;0;3850;1200;2655
P194255303;P194255303_4;D;3100;1240;0;5400;2440;2655
P194255303;P194255303_5;E;3850;0;0;6150;1200;2655
P194255303;P194255303_6;F;5400;1240;0;7700;2440;2655
P194255303;P194255303_7;G;6150;0;0;8450;1200;2655
P194255303;P194255303_8;H;7700;1240;0;10000;2440;2655
P194255303;P194255303_9;I;8450;0;0;10750;1200;2655
P194255303;P194255303_10;J;10000;1240;0;12300;2440;2655
P194255303;P194255303_11;K;10750;0;0;13050;1200;2655
P193255301;P193255301_1;A;0;620;0;2300;1820;2655
P193255301;P193255301_2;B;2300;1690;0;3850;2440;2195
P193255301;P193255301_3;C;2300;245;0;4600;1445;2655
P193255301;P193255301_4;D;3850;1690;0;5400;2440;1120
P193255301;P193255301_5;E;4600;0;0;6900;1200;2655
P193255301;P193255301_6;F;5400;1240;0;7700;2440;2655
P193255301;P193255301_7;G;6900;0;0;9200;1200;2655
P193255301;P193255301_8;H;7700;1240;0;10000;2440;2655
P193255301;P193255301_9;I;9200;0;0;11500;1200;1350
P193255301;P193255301_10;J;10000;1690;0;11550;2440;1120
P193255301;P193255301_11;K;11500;0;0;12190;1500;2255
P193255301;P193255301_12;L;11550;1750;0;13050;2440;2255
P193255301;P193255301_13;M;12190;0;0;12880;1500;2255
P192255301;P192255301_1;A;0;620;0;2300;1820;2655
P192255301;P192255301_2;B;2300;1690;0;3850;2440;2195
P192255301;P192255301_3;C;2300;0;0;2990;1500;2255
P192255301;P192255301_4;D;2990;0;0;3680;1500;2255
P192255301;P192255301_5;E;3680;0;0;4370;1500;2255
P192255301;P192255301_6;F;3850;1690;0;5400;2440;1120
P192255301;P192255301_7;G;4370;0;0;5120;1550;1120
P192255301;P192255301_8;H;5120;0;0;5870;1550;1120
P192255301;P192255301_9;I;5400;1690;0;6950;2440;1120
P192255301;P192255301_10;J;5870;0;0;6620;1550;1120
P192255301;P192255301_11;K;6620;0;0;7370;1550;1120
P192255301;P192255301_12;L;6950;1690;0;8500;2440;1120
P192255301;P192255301_13;M;7370;0;0;8120;1550;1120
P192255301;P192255301_14;N;8120;0;0;8870;1550;1120
P192255301;P192255301_15;O;8500;1690;0;10050;2440;1120
P192255301;P192255301_16;P;8870;0;0;9620;1550;1120
P192255301;P192255301_17;Q;9620;0;0;10310;1500;2255
P192255301;P192255301_18;R;10050;1750;0;11550;2440;2255
P192255301;P192255301_19;S;10310;0;0;11000;1500;2255
P192255301;P192255301_20;T;11000;0;0;11690;1500;2255
P192255301;P192255301_21;U;11550;1690;0;13100;2440;1120
P192255301;P192255301_22;V;11690;0;0;12440;1550;1120
P192255301;P192255301_23;W;12440;0;0;13190;1550;1120
P191255301;P191255301_1;A;0;0;0;2300;1200;1350
P191255301;P191255301_2;B;0;1240;0;2300;2440;1350
P191255301;P191255301_3;C;2300;1240;0;4600;2440;2655
P191255301;P191255301_4;D;2300;245;0;3850;995;1120
P191255301;P191255301_5;E;3850;0;0;6150;1200;2655
P191255301;P191255301_6;F;4600;1240;0;6900;2440;2655
P191255301;P191255301_7;G;6150;0;0;8450;1200;2655
P191255301;P191255301_8;H;6900;1240;0;9200;2440;2655
P191255301;P191255301_9;I;8450;0;0;10750;1200;2655
P191255301;P191255301_10;J;9200;1240;0;11500;2440;2655
P191255301;P191255301_11;K;10750;0;0;13050;1200;2655
Q191255301_1;Q191255301_1_1;A;0;620;0;2300;1820;1350
Q191255301_1;Q191255301_1_2;B;2300;1240;0;4600;2440;2655
Q191255301_1;Q191255301_1_3;C;2300;20;0;4600;1220;2655
Q191255301_1;Q191255301_1_4;D;4600;0;0;6900;1200;2655
Q191255301_1;Q191255301_1_5;E;4600;1220;0;6900;2420;2655
Q191255301_1;Q191255301_1_6;F;6900;0;0;9200;1200;2655
Q191255301_1;Q191255301_1_7;G;6900;1240;0;9200;2440;2655
Q191255301_1;Q191255301_1_8;H;9200;0;0;10750;750;1120
Q191255301_1;Q191255301_1_9;I;9200;890;0;9950;2440;1120
Q191255301_1;Q191255301_1_10;J;9950;750;0;10640;2250;2255
Q191255301_1;Q191255301_1_11;K;10640;890;0;11390;2440;1120
Q191255301_1;Q191255301_1_12;L;10750;140;0;12300;890;1120
Q191255301_1;Q191255301_1_13;M;11390;890;0;12140;2440;1120
Q191255301_1;Q191255301_1_14;N;12140;890;0;12890;2440;1120
P188255301;P188255301_1;A;0;620;0;2300;1820;2655
P188255301;P188255301_2;B;2300;1690;0;3850;2440;2195
P188255301;P188255301_3;C;2300;0;0;4600;1200;2655
P188255301;P188255301_4;D;3850;1445;0;5400;2195;1120
P188255301;P188255301_5;E;4600;0;0;6900;1200;2655
P188255301;P188255301_6;F;5400;1220;0;7700;2420;2655
P188255301;P188255301_7;G;6900;0;0;9200;1200;2655
P188255301;P188255301_8;H;7700;1240;0;10000;2440;2655
P188255301;P188255301_9;I;9200;0;0;11500;1200;2655
P188255301;P188255301_10;J;10000;1240;0;12300;2440;2655
P188255301;P188255301_11;K;11500;0;0;13000;690;2255
P188255301;P188255301_12;L;12300;940;0;12990;2440;2255
P187255301;P187255301_1;A;0;620;0;2300;1820;2655
P187255301;P187255301_2;B;2300;1240;0;4600;2440;2655
P187255301;P187255301_3;C;2300;20;0;4600;1220;2655
P187255301;P187255301_4;D;4600;1240;0;6900;2440;2655
P187255301;P187255301_5;E;4600;245;0;6150;995;1120
P187255301;P187255301_6;F;6150;0;0;7700;750;1120
P187255301;P187255301_7;G;6900;890;0;7650;2440;1120
P187255301;P187255301_8;H;7650;940;0;8340;2440;2255
P187255301;P187255301_9;I;7700;0;0;9250;750;1120
P187255301;P187255301_10;J;8340;890;0;9090;2440;1120
P187255301;P187255301_11;K;9090;890;0;9840;2440;1120
P187255301;P187255301_12;L;9250;0;0;10750;690;2255
P187255301;P187255301_13;M;9840;940;0;10530;2440;2255
P187255301;P187255301_14;N;10530;890;0;11280;2440;1120
P187255301;P187255301_15;O;10750;0;0;12300;750;1120
P187255301;P187255301_16;P;11280;940;0;11970;2440;2255
P187255301;P187255301_17;Q;11970;750;0;13470;1440;2255
P187255301;P187255301_18;R;11970;1750;0;13470;2440;2255
P187255303;P187255303_1;A;0;845;0;1550;1595;1120
P187255303;P187255303_2;B;1550;845;0;3100;1595;1120
P187255303;P187255303_3;C;3100;620;0;5400;1820;2655
P187255303;P187255303_4;D;5400;620;0;7700;1820;2655
P187255303;P187255303_5;E;7700;1240;0;10000;2440;2655
P187255303;P187255303_6;F;7700;0;0;10000;1200;2655
P187255303;P187255303_7;G;10000;0;0;12300;1200;2655
P187255303;P187255303_8;H;10000;1240;0;12300;2440;2655
P187255303;P187255303_9;I;12300;0;0;13500;2300;2655
P186255301;P186255301_1;A;0;620;0;2300;1820;2655
P186255301;P186255301_2;B;2300;620;0;4600;1820;2655
P186255301;P186255301_3;C;4600;1240;0;6900;2440;2655
P186255301;P186255301_4;D;4600;0;0;6150;750;1120
P186255301;P186255301_5;E;6150;0;0;8450;1200;2655
P186255301;P186255301_6;F;6900;1240;0;9200;2440;2655
P186255301;P186255301_7;G;8450;0;0;10750;1200;2655
P186255301;P186255301_8;H;9200;1690;0;10750;2440;1120
P186255301;P186255301_9;I;10750;0;0;12300;750;1120
P186255301;P186255301_10;J;10750;890;0;11500;2440;1120
P186255301;P186255301_11;K;11500;890;0;12250;2440;1120
P186255301;P186255301_12;L;12250;940;0;12940;2440;2255
P185255301;P185255301_1;A;0;620;0;2300;1820;2655
P185255301;P185255301_2;B;2300;620;0;4600;1820;2655
P185255301;P185255301_3;C;4600;1240;0;6900;2440;2655
P185255301;P185255301_4;D;4600;0;0;6900;1200;2655
P185255301;P185255301_5;E;6900;0;0;9200;1200;2655
P185255301;P185255301_6;F;6900;1200;0;9200;2400;2655
P185255301;P185255301_7;G;9200;1240;0;11500;2440;2655
P185255301;P185255301_8;H;9200;0;0;10750;750;2195
P185255301;P185255301_9;I;10750;0;0;12300;750;1120
P185255301;P185255301_10;J;11500;890;0;12250;2440;1120
P185255301;P185255301_11;K;12250;890;0;13000;2440;1120
P184255301;P184255301_1;A;0;620;0;2300;1820;2655
P184255301;P184255301_2;B;2300;620;0;4600;1820;2655
P184255301;P184255301_3;C;4600;1240;0;6900;2440;2655
P184255301;P184255301_4;D;4600;0;0;6900;1200;2655
P184255301;P184255301_5;E;6900;0;0;9200;1200;2655
P184255301;P184255301_6;F;6900;1240;0;9200;2440;2655
P184255301;P184255301_7;G;9200;1690;0;10750;2440;1120
P184255301;P184255301_8;H;9200;0;0;9950;1550;1120
P184255301;P184255301_9;I;9950;0;0;10640;1500;2255
P184255301;P184255301_10;J;10640;0;0;11330;1500;2255
P184255301;P184255301_11;K;10750;1690;0;12300;2440;1120
P184255301;P184255301_12;L;11330;0;0;12080;1550;1120
P184255301;P184255301_13;M;12080;0;0;12770;1500;2255
P184255301;P184255301_14;N;12770;940;0;13460;2440;2255
Q184255301_1;Q184255301_1_1;A;0;845;0;1550;1595;1120
Q184255301_1;Q184255301_1_2;B;1550;845;0;3100;1595;1120
Q184255301_1;Q184255301_1_3;C;3100;1595;0;4600;2285;2255
Q184255301_1;Q184255301_1_4;D;3100;0;0;3790;1500;2255
Q184255301_1;Q184255301_1_5;E;3790;0;0;4480;1500;2255
Q184255301_1;Q184255301_1_6;F;4480;47;0;5170;1547;2255
Q184255301_1;Q184255301_1_7;G;4600;1618;0;6150;2368;1120
Q184255301_1;Q184255301_1_8;H;5170;0;0;5920;1550;1120
Q184255301_1;Q184255301_1_9;I;5920;0;0;6670;1550;1120
Q184255301_1;Q184255301_1_10;J;6150;1690;0;7700;2440;1120
P209066701;P209066701_1;A;0;0;0;1010;1206;2302
P209066701;P209066701_2;B;0;1234;0;1010;2440;2302
P209066701;P209066701_3;C;1010;1234;0;2020;2440;2302
P209066701;P209066701_4;D;1010;0;0;2020;1206;2302
P209066701;P209066701_5;E;2020;0;0;3030;1206;2302
P209066701;P209066701_6;F;2020;1234;0;3030;2440;2302
P209066701;P209066701_7;G;3030;1234;0;4040;2440;2302
P209066701;P209066701_8;H;3030;0;0;4630;1200;2700
P209066701;P209066701_9;I;4040;1234;0;5050;2440;2302
P209066701;P209066701_10;J;4630;0;0;5640;1206;2302
P209066701;P209066701_11;K;5050;1234;0;6060;2440;2302
P209066701;P209066701_12;L;5640;0;0;6650;1206;2302
P209066701;P209066701_13;M;6060;1240;0;7660;2440;2700
P209066701;P209066701_14;N;6650;0;0;8250;1200;2700
P209066701;P209066701_15;O;7660;1240;0;9260;2440;2700
P209066701;P209066701_16;P;8250;0;0;9850;1200;2700
P209066701;P209066701_17;Q;9260;1240;0;10860;2440;2700
P209066701;P209066701_18;R;9850;0;0;11450;1200;2700
P209066701;P209066701_19;S;10860;1240;0;12460;2440;2700
P209066701;P209066701_20;T;11450;0;0;12460;1206;2302
P209066701;P209066701_21;U;12460;0;0;13470;1206;2302
P209066701;P209066701_22;V;12460;1234;0;13470;2440;2302
P208066701;P208066701_1;A;0;1240;0;1600;2440;2700
P208066701;P208066701_2;B;0;0;0;1010;1206;2302
P208066701;P208066701_3;C;1010;0;0;2020;1206;2302
P208066701;P208066701_4;D;1600;1234;0;2610;2440;2302
P208066701;P208066701_5;E;2020;0;0;3620;1200;2700
P208066701;P208066701_6;F;2610;1240;0;4210;2440;2700
P208066701;P208066701_7;G;3620;0;0;5220;1200;2700
P208066701;P208066701_8;H;4210;1234;0;5220;2440;2302
P208066701;P208066701_9;I;5220;0;0;6230;1206;2302
P208066701;P208066701_10;J;5220;1234;0;6230;2440;2302
P208066701;P208066701_11;K;6230;1234;0;7240;2440;2302
P208066701;P208066701_12;L;6230;0;0;7830;1200;2700
P208066701;P208066701_13;M;7240;1240;0;8840;2440;2700
P208066701;P208066701_14;N;7830;0;0;9430;1200;2700
P208066701;P208066701_15;O;8840;1234;0;9850;2440;2302
P208066701;P208066701_16;P;9430;0;0;10440;1206;2302
P208066701;P208066701_17;Q;9850;1234;0;10860;2440;2302
P208066701;P208066701_18;R;10440;0;0;11450;1206;2302
P208066701;P208066701_19;S;10860;1234;0;11870;2440;2302
P208066701;P208066701_20;T;11450;0;0;13050;1200;2700
P208066701;P208066701_21;U;11870;1240;0;13470;2440;2700
P207066701;P207066701_1;A;0;1240;0;1600;2440;2700
P207066701;P207066701_2;B;0;0;0;1010;1206;2302
P207066701;P207066701_3;C;1010;0;0;2020;1206;2302
P207066701;P207066701_4;D;1600;1234;0;2610;2440;2302
P207066701;P207066701_5;E;2020;0;0;3620;1200;2700
P207066701;P207066701_6;F;2610;1240;0;4210;2440;2700
P207066701;P207066701_7;G;3620;0;0;5220;1200;2700
P207066701;P207066701_8;H;4210;1234;0;5220;2440;2302
P207066701;P207066701_9;I;5220;0;0;6230;1206;2302
P207066701;P207066701_10;J;5220;1234;0;6230;2440;2302
P207066701;P207066701_11;K;6230;1234;0;7240;2440;2302
P207066701;P207066701_12;L;6230;0;0;7240;1206;2302
P207066701;P207066701_13;M;7240;0;0;8250;1206;2302
P207066701;P207066701_14;N;7240;1234;0;8250;2440;2302
P207066701;P207066701_15;O;8250;1240;0;9850;2440;2700
P207066701;P207066701_16;P;8250;0;0;9850;1200;2700
P207066701;P207066701_17;Q;9850;0;0;11450;1200;2700
P207066701;P207066701_18;R;9850;1234;0;10860;2440;2302
P207066701;P207066701_19;S;10860;1234;0;11870;2440;2302
P207066701;P207066701_20;T;11450;0;0;12460;1206;2302
P207066701;P207066701_21;U;11870;1240;0;13470;2440;2700
P207066701;P207066701_22;V;12460;0;0;13470;1206;2302
P206066701;P206066701_1;A;0;0;0;1600;1200;2700
P206066701;P206066701_2;B;0;1240;0;1600;2440;2700
P206066701;P206066701_3;C;1600;1234;0;2610;2440;2302
P206066701;P206066701_4;D;1600;0;0;2610;1206;2302
P206066701;P206066701_5;E;2610;0;0;3620;1206;2302
P206066701;P206066701_6;F;2610;1240;0;4210;2440;2700
P206066701;P206066701_7;G;3620;0;0;4630;1206;2302
P206066701;P206066701_8;H;4210;1234;0;5220;2440;2302
P206066701;P206066701_9;I;4630;0;0;5640;1206;2302
P206066701;P206066701_10;J;5220;1234;0;6230;2440;2302
P206066701;P206066701_11;K;5640;0;0;6650;1206;2302
P206066701;P206066701_12;L;6230;1234;0;7240;2440;2302
P206066701;P206066701_13;M;6650;0;0;7660;1206;2302
P206066701;P206066701_14;N;7240;1240;0;8840;2440;2700
P206066701;P206066701_15;O;7660;0;0;9260;1200;2700
P206066701;P206066701_16;P;8840;1240;0;10440;2440;2700
P206066701;P206066701_17;Q;9260;0;0;10860;1200;2700
P206066701;P206066701_18;R;10440;1240;0;12040;2440;2700
P206066701;P206066701_19;S;10860;0;0;12460;1200;2700
P206066701;P206066701_20;T;12040;1234;0;13050;2440;2302
P206066701;P206066701_21;U;12460;0;0;13470;1206;2302
P203066701;P203066701_1;A;0;0;0;1010;1206;2302
P203066701;P203066701_2;B;0;1240;0;1600;2440;2700
P203066701;P203066701_3;C;1010;0;0;2610;1200;2700
P203066701;P203066701_4;D;1600;1234;0;2610;2440;2302
P203066701;P203066701_5;E;2610;1234;0;3620;2440;2302
P203066701;P203066701_6;F;2610;0;0;3620;1206;2302
P203066701;P203066701_7;G;3620;0;0;4630;1206;2302
P203066701;P203066701_8;H;3620;1240;0;5220;2440;2700
P203066701;P203066701_9;I;4630;0;0;6230;1200;2700
P203066701;P203066701_10;J;5220;1240;0;6820;2440;2700
P203066701;P203066701_11;K;6230;0;0;7830;1200;2700
P203066701;P203066701_12;L;6820;1234;0;7830;2440;2302
P203066701;P203066701_13;M;7830;1234;0;8840;2440;2302
P203066701;P203066701_14;N;7830;0;0;8840;1206;2302
P203066701;P203066701_15;O;8840;0;0;9850;1206;2302
P203066701;P203066701_16;P;8840;1234;0;9850;2440;2302
P203066701;P203066701_17;Q;9850;1234;0;10860;2440;2302
P203066701;P203066701_18;R;9850;0;0;10860;1206;2302
P203066701;P203066701_19;S;10860;0;0;11870;1206;2302
P203066701;P203066701_20;T;10860;1234;0;11870;2440;2302
P203066701;P203066701_21;U;11870;1240;0;13470;2440;2700
P203066701;P203066701_22;V;11870;0;0;13470;1200;2700
P202066701;P202066701_1;A;0;0;0;1600;1200;2700
P202066701;P202066701_2;B;0;1240;0;1600;2440;2700
P202066701;P202066701_3;C;1600;1234;0;2610;2440;2302
P202066701;P202066701_4;D;1600;0;0;3200;1200;2700
P202066701;P202066701_5;E;2610;1240;0;4210;2440;2700
P202066701;P202066701_6;F;3200;0;0;4800;1200;2700
P202066701;P202066701_7;G;4210;1234;0;5220;2440;2302
P202066701;P202066701_8;H;4800;0;0;5810;1206;2302
P202066701;P202066701_9;I;5220;1234;0;6230;2440;2302
P202066701;P202066701_10;J;5810;0;0;6820;1206;2302
P202066701;P202066701_11;K;6230;1234;0;7240;2440;2302
P202066701;P202066701_12;L;6820;0;0;7830;1206;2302
P202066701;P202066701_13;M;7240;1234;0;8250;2440;2302
P202066701;P202066701_14;N;7830;0;0;8840;1206;2302
P202066701;P202066701_15;O;8250;1240;0;9850;2440;2700
P202066701;P202066701_16;P;8840;0;0;10440;1200;2700
P202066701;P202066701_17;Q;9850;1240;0;11450;2440;2700
P202066701;P202066701_18;R;10440;0;0;11450;1206;2302
P202066701;P202066701_19;S;11450;0;0;12460;1206;2302
P202066701;P202066701_20;T;11450;1234;0;12460;2440;2302
P201066701;P201066701_1;A;0;0;0;1600;1200;2700
P201066701;P201066701_2;B;0;1240;0;1600;2440;2700
P201066701;P201066701_3;C;1600;1240;0;3200;2440;2700
P201066701;P201066701_4;D;1600;0;0;3200;1200;2700
P201066701;P201066701_5;E;3200;0;0;4800;1200;2700
P201066701;P201066701_6;F;3200;1234;0;4210;2440;2302
P201066701;P201066701_7;G;4210;1234;0;5220;2440;2302
P201066701;P201066701_8;H;4800;0;0;5810;1206;2302
P201066701;P201066701_9;I;5220;1234;0;6230;2440;2302
P201066701;P201066701_10;J;5810;0;0;6820;1206;2302
P201066701;P201066701_11;K;6230;1234;0;7240;2440;2302
P201066701;P201066701_12;L;6820;0;0;7830;1206;2302
P201066701;P201066701_13;M;7240;1240;0;8840;2440;2700
P201066701;P201066701_14;N;7830;0;0;9430;1200;2700
P201066701;P201066701_15;O;8840;1240;0;10440;2440;2700
P201066701;P201066701_16;P;9430;0;0;10440;1206;2302
P201066701;P201066701_17;Q;10440;1234;0;11450;2440;2302
P201066701;P201066701_18;R;10440;0;0;11450;1206;2302
P201066701;P201066701_19;S;11450;0;0;13050;1200;1815
P201066701;P201066701_20;T;11450;1234;0;12460;2440;2302
P200066701;P200066701_1;A;0;0;0;1600;1200;2700
P200066701;P200066701_2;B;0;1240;0;1600;2440;2700
P200066701;P200066701_3;C;1600;1240;0;3200;2440;2700
P200066701;P200066701_4;D;1600;0;0;3200;1200;2700
P200066701;P200066701_5;E;3200;0;0;4210;1206;2302
P200066701;P200066701_6;F;3200;1234;0;4210;2440;2302
P200066701;P200066701_7;G;4210;1234;0;5220;2440;2302
P200066701;P200066701_8;H;4210;0;0;5220;1206;2302
P200066701;P200066701_9;I;5220;0;0;6230;1206;2302
P200066701;P200066701_10;J;5220;1234;0;6230;2440;2302
P200066701;P200066701_11;K;6230;1234;0;7240;2440;2302
P200066701;P200066701_12;L;6230;0;0;7240;1206;2302
P200066701;P200066701_13;M;7240;0;0;8840;1200;2700
P200066701;P200066701_14;N;7240;1240;0;8840;2440;2700
P200066701;P200066701_15;O;8840;1240;0;10440;2440;2700
P200066701;P200066701_16;P;8840;0;0;9850;1206;2302
P200066701;P200066701_17;Q;9850;0;0;10860;1206;2302
P200066701;P200066701_18;R;10440;1234;0;11450;2440;2302
P200066701;P200066701_19;S;10860;0;0;12460;1200;930
P199066701;P199066701_1;A;0;0;0;1600;1200;2700
P199066701;P199066701_2;B;0;1240;0;1600;2440;2700
P199066701;P199066701_3;C;1600;1240;0;3200;2440;2700
P199066701;P199066701_4;D;1600;0;0;3200;1200;2700
P199066701;P199066701_5;E;3200;0;0;4210;1206;2302
P199066701;P199066701_6;F;3200;1234;0;4210;2440;2302
P199066701;P199066701_7;G;4210;1234;0;5220;2440;2302
P199066701;P199066701_8;H;4210;0;0;5220;1206;2302
P199066701;P199066701_9;I;5220;0;0;6230;1206;2302
P199066701;P199066701_10;J;5220;1234;0;6230;2440;2302
P199066701;P199066701_11;K;6230;1234;0;7240;2440;2302
P199066701;P199066701_12;L;6230;0;0;7240;1206;2302
P199066701;P199066701_13;M;7240;0;0;8840;1200;2700
P199066701;P199066701_14;N;7240;1240;0;8840;2440;2700
P199066701;P199066701_15;O;8840;1234;0;9850;2440;2302
P199066701;P199066701_16;P;8840;0;0;9850;1206;2302
P199066701;P199066701_17;Q;9850;0;0;10860;1206;2302
P199066701;P199066701_18;R;9850;1240;0;11450;2440;1815
P199066701;P199066701_19;S;10860;0;0;11870;1206;1151
P194066701;P194066701_1;A;0;0;0;1010;1206;2302
P194066701;P194066701_2;B;0;1206;0;1010;2412;2302
P194066701;P194066701_3;C;1010;1234;0;2020;2440;2302
P194066701;P194066701_4;D;1010;0;0;2020;1206;2302
P194066701;P194066701_5;E;2020;0;0;3030;1206;2302
P194066701;P194066701_6;F;2020;1234;0;3030;2440;2302
P194066701;P194066701_7;G;3030;1234;0;4040;2440;2302
P194066701;P194066701_8;H;3030;0;0;4040;1206;2302
P194066701;P194066701_9;I;4040;0;0;5050;1206;2302
P194066701;P194066701_10;J;4040;1234;0;5050;2440;2302
P194066701;P194066701_11;K;5050;1234;0;6060;2440;2302
P194066701;P194066701_12;L;5050;0;0;6060;1206;2302
P194066701;P194066701_13;M;6060;0;0;7070;1206;2302
P194066701;P194066701_14;N;6060;1240;0;7660;2440;2700
P194066701;P194066701_15;O;7070;0;0;8670;1200;2700
P194066701;P194066701_16;P;7660;1240;0;9260;2440;2700
P194066701;P194066701_17;Q;8670;0;0;10270;1200;2700
P194066701;P194066701_18;R;9260;1240;0;10860;2440;2700
P194066701;P194066701_19;S;10270;0;0;11870;1200;2700
P194066701;P194066701_20;T;10860;1240;0;12460;2440;2700
P194066701;P194066701_21;U;11870;0;0;13470;1200;2700
P194066701;P194066701_22;V;12460;1234;0;13470;2440;2302
P193066701;P193066701_1;A;0;0;0;1600;1200;2700
P193066701;P193066701_2;B;0;1200;0;1600;2400;2700
P193066701;P193066701_3;C;1600;1240;0;3200;2440;2700
P193066701;P193066701_4;D;1600;0;0;3200;1200;2700
P193066701;P193066701_5;E;3200;0;0;4800;1200;2700
P193066701;P193066701_6;F;3200;1200;0;4800;2400;2700
P193066701;P193066701_7;G;4800;1240;0;6400;2440;2700
P193066701;P193066701_8;H;4800;0;0;6400;1200;2700
P193066701;P193066701_9;I;6400;0;0;7410;1206;2302
P193066701;P193066701_10;J;6400;1234;0;7410;2440;2302
P193066701;P193066701_11;K;7410;1234;0;8420;2440;2302
P193066701;P193066701_12;L;7410;0;0;8420;1206;2302
P193066701;P193066701_13;M;8420;0;0;9430;1206;2302
P193066701;P193066701_14;N;8420;1234;0;9430;2440;2302
P193066701;P193066701_15;O;9430;1234;0;10440;2440;2302
P193066701;P193066701_16;P;9430;0;0;10440;1206;2302
P193066701;P193066701_17;Q;10440;0;0;11450;1206;2302
P193066701;P193066701_18;R;10440;1234;0;11450;2440;2302
P193066701;P193066701_19;S;11450;1234;0;12460;2440;2302
P193066701;P193066701_20;T;11450;0;0;13050;1200;2700
P193066701;P193066701_21;U;12460;1234;0;13470;2440;2302
P192066701;P192066701_1;A;0;0;0;1010;1206;2302
P192066701;P192066701_2;B;0;1234;0;1010;2440;2302
P192066701;P192066701_3;C;1010;1234;0;2020;2440;2302
P192066701;P192066701_4;D;1010;0;0;2020;1206;2302
P192066701;P192066701_5;E;2020;0;0;3030;1206;2302
P192066701;P192066701_6;F;2020;1234;0;3030;2440;2302
P192066701;P192066701_7;G;3030;1240;0;4630;2440;2700
P192066701;P192066701_8;H;3030;0;0;4630;1200;2700
P192066701;P192066701_9;I;4630;0;0;6230;1200;2700
P192066701;P192066701_10;J;4630;1240;0;6230;2440;2700
P192066701;P192066701_11;K;6230;1240;0;7830;2440;2700
P192066701;P192066701_12;L;6230;0;0;7830;1200;2700
P192066701;P192066701_13;M;7830;0;0;9430;1200;2700
P192066701;P192066701_14;N;7830;1234;0;8840;2440;2302
P192066701;P192066701_15;O;8840;1234;0;9850;2440;2302
P192066701;P192066701_16;P;9430;0;0;10440;1206;2302
P192066701;P192066701_17;Q;9850;1240;0;11450;2440;2700
P192066701;P192066701_18;R;10440;0;0;11450;1206;2302
P192066701;P192066701_19;S;11450;1234;0;12460;2440;2302
P192066701;P192066701_20;T;11450;0;0;12460;1206;2302
P192066701;P192066701_21;U;12460;0;0;13470;1206;2302
P192066701;P192066701_22;V;12460;1234;0;13470;2440;2302
P189066701;P189066701_1;A;0;0;0;1010;1206;2302
P189066701;P189066701_2;B;0;1234;0;1010;2440;2302
P189066701;P189066701_3;C;1010;1234;0;2020;2440;2302
P189066701;P189066701_4;D;1010;0;0;2610;1200;2700
P189066701;P189066701_5;E;2020;1240;0;3620;2440;2700
P189066701;P189066701_6;F;2610;0;0;4210;1200;2700
P189066701;P189066701_7;G;3620;1240;0;5220;2440;2700
P189066701;P189066701_8;H;4210;0;0;5810;1200;2700
P189066701;P189066701_9;I;5220;1240;0;6820;2440;2700
P189066701;P189066701_10;J;5810;0;0;6820;1206;2302
P189066701;P189066701_11;K;6820;0;0;7830;1206;2302
P189066701;P189066701_12;L;6820;1234;0;7830;2440;2302
P189066701;P189066701_13;M;7830;1240;0;9430;2440;2700
P189066701;P189066701_14;N;7830;0;0;8840;1206;2302
P189066701;P189066701_15;O;8840;0;0;9850;1206;2302
P189066701;P189066701_16;P;9430;1234;0;10440;2440;2302
P189066701;P189066701_17;Q;9850;0;0;10860;1206;2302
P189066701;P189066701_18;R;10440;1234;0;11450;2440;2302
P189066701;P189066701_19;S;10860;0;0;11870;1206;2302
P189066701;P189066701_20;T;11450;1234;0;12460;2440;2302
P189066701;P189066701_21;U;11870;0;0;12880;1206;2302
P189066701;P189066701_22;V;12460;1234;0;13470;2440;2302
P188066701;P188066701_1;A;0;0;0;1600;1200;2700
P188066701;P188066701_2;B;0;1200;0;1600;2400;2700
P188066701;P188066701_3;C;1600;1240;0;3200;2440;2700
P188066701;P188066701_4;D;1600;0;0;2610;1206;2302
P188066701;P188066701_5;E;2610;0;0;3620;1206;2302
P188066701;P188066701_6;F;3200;1234;0;4210;2440;2302
P188066701;P188066701_7;G;3620;0;0;4630;1206;2302
P188066701;P188066701_8;H;4210;1240;0;5810;2440;2700
P188066701;P188066701_9;I;4630;0;0;6230;1200;2700
P188066701;P188066701_10;J;5810;1240;0;7410;2440;2700
P188066701;P188066701_11;K;6230;0;0;7830;1200;2700
P188066701;P188066701_12;L;7410;1240;0;9010;2440;2700
P188066701;P188066701_13;M;7830;0;0;9430;1200;2700
P188066701;P188066701_14;N;9010;1234;0;10020;2440;2302
P188066701;P188066701_15;O;9430;0;0;10440;1206;2302
P188066701;P188066701_16;P;10020;1234;0;11030;2440;2302
P188066701;P188066701_17;Q;10440;0;0;11450;1206;2302
P188066701;P188066701_18;R;11030;1234;0;12040;2440;2302
P188066701;P188066701_19;S;11450;0;0;12460;1206;2302
P188066701;P188066701_20;T;12040;1234;0;13050;2440;2302
P188066701;P188066701_21;U;12460;0;0;13470;1206;2302
P187066701;P187066701_1;A;0;0;0;1010;1206;2302
P187066701;P187066701_2;B;0;1206;0;1010;2412;2302
P187066701;P187066701_3;C;1010;1240;0;2610;2440;2700
P187066701;P187066701_4;D;1010;0;0;2610;1200;2700
P187066701;P187066701_5;E;2610;0;0;4210;1200;2700
P187066701;P187066701_6;F;2610;1240;0;4210;2440;2700
P187066701;P187066701_7;G;4210;1240;0;5810;2440;2700
P187066701;P187066701_8;H;4210;0;0;5810;1200;2700
P187066701;P187066701_9;I;5810;0;0;7410;1200;2700
P187066701;P187066701_10;J;5810;1234;0;6820;2440;2302
P187066701;P187066701_11;K;6820;1234;0;7830;2440;2302
P187066701;P187066701_12;L;7410;0;0;8420;1206;2302
P187066701;P187066701_13;M;7830;1234;0;8840;2440;2302
P187066701;P187066701_14;N;8420;0;0;9430;1206;2302
P187066701;P187066701_15;O;8840;1234;0;9850;2440;2302
P187066701;P187066701_16;P;9430;0;0;10440;1206;2302
P187066701;P187066701_17;Q;9850;1234;0;10860;2440;2302
P187066701;P187066701_18;R;10440;0;0;11450;1206;2302
P187066701;P187066701_19;S;10860;1234;0;11870;2440;2302
P187066701;P187066701_20;T;11450;0;0;12460;1206;2302
P187066701;P187066701_21;U;11870;1240;0;13470;2440;2700
P187066701;P187066701_22;V;12460;0;0;13470;1206;2302
P186066701;P186066701_1;A;0;0;0;1600;1200;2700
P186066701;P186066701_2;B;0;1200;0;1600;2400;2700
P186066701;P186066701_3;C;1600;1240;0;3200;2440;2700
P186066701;P186066701_4;D;1600;0;0;3200;1200;2700
P186066701;P186066701_5;E;3200;0;0;4800;1200;2700
P186066701;P186066701_6;F;3200;1234;0;4210;2440;2302
P186066701;P186066701_7;G;4210;1234;0;5220;2440;2302
P186066701;P186066701_8;H;4800;0;0;6400;1200;2700
P186066701;P186066701_9;I;5220;1234;0;6230;2440;2302
P186066701;P186066701_10;J;6230;1234;0;7240;2440;2302
P186066701;P186066701_11;K;6400;0;0;7410;1206;2302
P186066701;P186066701_12;L;7240;1234;0;8250;2440;2302
P186066701;P186066701_13;M;7410;0;0;8420;1206;2302
P186066701;P186066701_14;N;8250;1240;0;9850;2440;2700
P186066701;P186066701_15;O;8420;0;0;10020;1200;2700
P186066701;P186066701_16;P;9850;1240;0;11450;2440;2700
P186066701;P186066701_17;Q;10020;0;0;11030;1206;2302
P186066701;P186066701_18;R;11030;0;0;12040;1206;2302
P186066701;P186066701_19;S;11450;1234;0;12460;2440;2302
P186066701;P186066701_20;T;12040;0;0;13050;1206;2302
P186066701;P186066701_21;U;12460;1234;0;13470;2440;2302
P185066701;P185066701_1;A;0;0;0;1600;1200;2700
P185066701;P185066701_2;B;0;1200;0;1600;2400;2700
P185066701;P185066701_3;C;1600;1240;0;3200;2440;2700
P185066701;P185066701_4;D;1600;0;0;2610;1206;2302
P185066701;P185066701_5;E;2610;0;0;4210;1200;2700
P185066701;P185066701_6;F;3200;1240;0;4800;2440;2700
P185066701;P185066701_7;G;4210;0;0;5810;1200;2700
P185066701;P185066701_8;H;4800;1234;0;5810;2440;2302
P185066701;P185066701_9;I;5810;1234;0;6820;2440;2302
P185066701;P185066701_10;J;5810;0;0;6820;1206;2302
P185066701;P185066701_11;K;6820;0;0;7830;1206;2302
P185066701;P185066701_12;L;6820;1234;0;7830;2440;2302
P185066701;P185066701_13;M;7830;1234;0;8840;2440;2302
P185066701;P185066701_14;N;7830;0;0;9430;1200;2700
P185066701;P185066701_15;O;8840;1240;0;10440;2440;2700
P185066701;P185066701_16;P;9430;0;0;10440;1206;2302
P185066701;P185066701_17;Q;10440;0;0;11450;1206;2302
P185066701;P185066701_18;R;10440;1240;0;12040;2440;1815
P178259901;P178259901_1;A;0;0;0;1200;2400;2905
P178259901;P178259901_2;B;1200;40;0;2400;2440;2905
P178259901;P178259901_3;C;2400;0;0;3600;2400;2905
P178259901;P178259901_4;D;3600;40;0;4800;2440;2905
P178259901;P178259901_5;E;4800;0;0;6000;2400;2905
P178259901;P178259901_6;F;6000;40;0;7200;2440;2905
P178259901;P178259901_7;G;7200;0;0;8400;2400;2905
P178259901;P178259901_8;H;8400;40;0;9600;2440;2905
P178259901;P178259901_9;I;9600;0;0;10800;2400;2905
P178259901;P178259901_10;J;10800;40;0;12000;2440;2905
P178259901;P178259901_11;K;12000;0;0;13200;2400;2905
P178259905;P178259905_1;A;0;0;0;1200;2400;2905
P178259905;P178259905_2;B;1200;0;0;2400;2400;2905
P178259905;P178259905_3;C;2400;0;0;3600;2400;2905
P178259905;P178259905_4;D;3600;0;0;4800;2400;2905
P178259905;P178259905_5;E;4800;0;0;6000;2400;2905
P178259905;P178259905_6;F;6000;0;0;7200;2400;2905
P178259905;P178259905_7;G;7200;0;0;8400;2400;2905
P178259905;P178259905_8;H;8400;0;0;9600;2400;2905
P178259905;P178259905_9;I;9600;0;0;10800;2400;2905
P178259905;P178259905_10;J;10800;0;0;12000;2400;2905
P178259905;P178259905_11;K;12000;0;0;13200;2400;2905
Q178259905_1;Q178259905_1_1;A;0;0;0;1200;2400;2905
Q178259905_1;Q178259905_1_2;B;1200;0;0;2400;2400;2905
Q178259905_1;Q178259905_1_3;C;2400;0;0;3600;2400;2905
Q178259905_1;Q178259905_1_4;D;3600;0;0;4800;2400;2905
Q178259905_1;Q178259905_1_5;E;4800;0;0;6000;2400;2905
Q178259905_1;Q178259905_1_6;F;6000;0;0;7200;2400;2905
Q178259905_1;Q178259905_1_7;G;7200;0;0;8400;2400;2905
Q178259905_1;Q178259905_1_8;H;8400;0;0;9600;2400;2905
Q178259905_1;Q178259905_1_9;I;9600;0;0;10800;2400;2905
Q178259905_1;Q178259905_1_10;J;10800;0;0;12000;2400;2905
Q178259905_1;Q178259905_1_11;K;12000;0;0;13200;2400;2905
Q178259905_2;Q178259905_2_1;A;0;0;0;1200;2400;2905
Q178259905_2;Q178259905_2_2;B;1200;0;0;2400;2400;2905
Q178259905_2;Q178259905_2_3;C;2400;0;0;3600;2400;2905
Q178259905_2;Q178259905_2_4;D;3600;0;0;4800;2400;2905
Q178259905_2;Q178259905_2_5;E;4800;0;0;6000;2400;2905
Q178259905_2;Q178259905_2_6;F;6000;0;0;7200;2400;2905
Q178259905_2;Q178259905_2_7;G;7200;0;0;8400;2400;2905
Q178259905_2;Q178259905_2_8;H;8400;0;0;9600;2400;2905
Q178259905_2;Q178259905_2_9;I;9600;0;0;10800;2400;2905
Q178259905_2;Q178259905_2_10;J;10800;1234;0;11810;2440;2370
Q178259905_2;Q178259905_2_11;K;10800;0;0;11810;1206;2170
Q178259905_2;Q178259905_2_12;L;11810;0;0;13016;1010;2170
Q178259905_2;Q178259905_2_13;M;11810;1234;0;12820;2440;2170
P177259901;P177259901_1;A;0;0;0;1200;2400;2905
P177259901;P177259901_2;B;1200;0;0;2400;2400;2905
P177259901;P177259901_3;C;2400;0;0;3600;2400;2905
P177259901;P177259901_4;D;3600;0;0;4800;2400;2905
P177259901;P177259901_5;E;4800;0;0;6000;2400;2905
P177259901;P177259901_6;F;6000;0;0;7200;2400;2905
P177259901;P177259901_7;G;7200;0;0;8400;2400;2905
P177259901;P177259901_8;H;8400;0;0;9600;2400;2905
P177259901;P177259901_9;I;9600;0;0;10800;2400;2905
P177259901;P177259901_10;J;10800;0;0;12000;2400;2905
P177259901;P177259901_11;K;12000;0;0;13200;2400;2905
P177259907;P177259907_1;A;0;0;0;1200;2400;2905
P177259907;P177259907_2;B;1200;0;0;2400;2400;2905
P177259907;P177259907_3;C;2400;0;0;3600;2400;2905
P177259907;P177259907_4;D;3600;0;0;4800;2400;2905
P177259907;P177259907_5;E;4800;0;0;6000;2400;2905
P177259907;P177259907_6;F;6000;0;0;7200;2400;2905
P177259907;P177259907_7;G;7200;0;0;8400;2400;2905
P177259907;P177259907_8;H;8400;0;0;9600;2400;2905
P177259907;P177259907_9;I;9600;0;0;10800;2400;2905
P177259907;P177259907_10;J;10800;0;0;12000;2400;2905
P177259907;P177259907_11;K;12000;0;0;13200;800;1200
P177259907;P177259907_12;L;12000;1430;0;13206;2440;2170
Q177259907_1;Q177259907_1_1;A;0;0;0;1200;2400;2905
Q177259907_1;Q177259907_1_2;B;1200;40;0;2400;2440;2905
Q177259907_1;Q177259907_1_3;C;2400;0;0;3600;2400;2905
Q177259907_1;Q177259907_1_4;D;3600;40;0;4800;2440;2905
Q177259907_1;Q177259907_1_5;E;4800;0;0;6000;2400;2905
Q177259907_1;Q177259907_1_6;F;6000;0;0;7200;2400;2905
Q177259907_1;Q177259907_1_7;G;7200;0;0;8400;2400;2905
Q177259907_1;Q177259907_1_8;H;8400;0;0;9600;2400;2905
Q177259907_1;Q177259907_1_9;I;9600;0;0;10800;2400;2905
Q177259907_1;Q177259907_1_10;J;10800;0;0;12000;2400;2905
Q177259907_1;Q177259907_1_11;K;12000;0;0;13206;1010;2170
P174259901;P174259901_1;A;0;0;0;1200;2400;2905
P174259901;P174259901_2;B;1200;40;0;2400;2440;2905
P174259901;P174259901_3;C;2400;0;0;3600;2400;2905
P174259901;P174259901_4;D;3600;0;0;4800;2400;2905
P174259901;P174259901_5;E;4800;0;0;6000;2400;2905
P174259901;P174259901_6;F;6000;0;0;7200;2400;2905
P174259901;P174259901_7;G;7200;0;0;8400;2400;2905
P174259901;P174259901_8;H;8400;0;0;9600;2400;2905
P174259901;P174259901_9;I;9600;0;0;10800;2400;2905
P174259901;P174259901_10;J;10800;0;0;12000;2400;2905
P174259901;P174259901_11;K;12000;0;0;13200;2400;760
P174259905;P174259905_1;A;0;0;0;1200;2400;2905
P174259905;P174259905_2;B;1200;40;0;2400;2440;2905
P174259905;P174259905_3;C;2400;0;0;3600;2400;2905
P174259905;P174259905_4;D;3600;40;0;4800;2440;2905
P174259905;P174259905_5;E;4800;0;0;6000;2400;2905
P174259905;P174259905_6;F;6000;40;0;7200;2440;2905
P174259905;P174259905_7;G;7200;0;0;8400;2400;2905
P174259905;P174259905_8;H;8400;40;0;9600;2440;2905
P174259905;P174259905_9;I;9600;0;0;10800;2400;2905
P174259905;P174259905_10;J;10800;40;0;12000;2440;1475
P174259905;P174259905_11;K;12000;0;0;13206;1010;2270
P174259905;P174259905_12;L;12000;1010;0;13010;2216;1085
P174259903;P174259903_1;A;0;0;0;1200;2400;2905
P174259903;P174259903_2;B;1200;0;0;2400;2400;2905
P174259903;P174259903_3;C;2400;0;0;3600;2400;2905
P174259903;P174259903_4;D;3600;0;0;4800;2400;2905
P174259903;P174259903_5;E;4800;0;0;6000;2400;2905
P174259903;P174259903_6;F;6000;0;0;7200;2400;2905
P174259903;P174259903_7;G;7200;0;0;8400;2400;2905
P174259903;P174259903_8;H;8400;0;0;9600;2400;2905
P174259903;P174259903_9;I;9600;0;0;10800;2400;2905
P174259903;P174259903_10;J;10800;0;0;12000;2400;2905
P174259903;P174259903_11;K;12000;0;0;13200;2400;2905
P173259901;P173259901_1;A;0;0;0;1200;2400;2905
P173259901;P173259901_2;B;1200;0;0;2400;2400;2905
P173259901;P173259901_3;C;2400;0;0;3600;2400;2905
P173259901;P173259901_4;D;3600;0;0;4800;2400;2905
P173259901;P173259901_5;E;4800;0;0;6000;2400;2905
P173259901;P173259901_6;F;6000;0;0;7200;2400;2905
P173259901;P173259901_7;G;7200;0;0;8400;2400;2905
P173259901;P173259901_8;H;8400;0;0;9600;2400;2905
P173259901;P173259901_9;I;9600;0;0;10800;2400;2905
P173259901;P173259901_10;J;10800;0;0;12000;2400;2190
P173259909;P173259909_1;A;0;0;0;1200;2400;2905
P173259909;P173259909_2;B;1200;0;0;2400;2400;2905
P173259909;P173259909_3;C;2400;0;0;3600;2400;2905
P173259909;P173259909_4;D;3600;0;0;4800;2400;2905
P173259909;P173259909_5;E;4800;0;0;6000;2400;2905
P173259909;P173259909_6;F;6000;0;0;7200;2400;2905
P173259909;P173259909_7;G;7200;0;0;8400;2400;2905
P173259909;P173259909_8;H;8400;1660;0;8970;2440;1771
P173259909;P173259909_9;I;8400;0;0;8970;780;1771
P173259909;P173259909_10;J;8400;780;0;8970;1560;1771
P173259909;P173259909_11;K;8970;0;0;9540;780;1771
P173259909;P173259909_12;L;8970;780;0;9540;1560;1771
P173259909;P173259909_13;M;8970;1660;0;9540;2440;1771
P173259909;P173259909_14;N;9540;1660;0;10110;2440;1771
P173259909;P173259909_15;O;9540;0;0;10110;780;1771
P173259909;P173259909_16;P;9540;780;0;10110;1560;1771
P173259909;P173259909_17;Q;10110;0;0;10680;780;1771
P173259909;P173259909_18;R;10110;780;0;10680;1560;1771
P173259909;P173259909_19;S;10110;1660;0;10680;2440;1771
P173259909;P173259909_20;T;10680;1660;0;11250;2440;1771
P173259909;P173259909_21;U;10680;0;0;11250;780;1771
P173259909;P173259909_22;V;10680;780;0;11250;1560;1771
P173259909;P173259909_23;W;11250;0;0;11820;780;1771
P173259909;P173259909_24;X;11250;780;0;11820;1560;1771
P173259909;P173259909_25;Y;11250;1660;0;11820;2440;1771
P173259909;P173259909_26;Z;11820;1660;0;12390;2440;1340
P172259901;P172259901_1;A;0;0;0;1200;2400;2905
P172259901;P172259901_2;B;1200;0;0;2400;2400;2905
P172259901;P172259901_3;C;2400;0;0;3600;2400;2905
P172259901;P172259901_4;D;3600;0;0;4800;2400;2905
P172259901;P172259901_5;E;4800;0;0;6000;2400;2905
P172259901;P172259901_6;F;6000;0;0;7200;2400;2905
P172259901;P172259901_7;G;7200;0;0;8400;2400;2905
P172259901;P172259901_8;H;8400;0;0;9600;2400;2905
P172259901;P172259901_9;I;9600;0;0;10800;2400;2905
P172259905;P172259905_1;A;0;0;0;1200;2400;2905
P172259905;P172259905_2;B;1200;0;0;2400;2400;2905
P172259905;P172259905_3;C;2400;0;0;3600;2400;2905
P172259905;P172259905_4;D;3600;0;0;4800;2400;2905
P172259905;P172259905_5;E;4800;0;0;6000;2400;2905
P172259905;P172259905_6;F;6000;0;0;7200;2400;2905
P172259905;P172259905_7;G;7200;0;0;8400;2400;2905
P172259905;P172259905_8;H;8400;0;0;9600;2400;2905
P172259905;P172259905_9;I;9600;0;0;10800;2400;2905
P172259905;P172259905_10;J;10800;0;0;12000;2400;2905
P172259905;P172259905_11;K;12000;0;0;13200;2400;2905
P172259903;P172259903_1;A;0;0;0;1200;2400;2905
P172259903;P172259903_2;B;1200;40;0;2400;2440;2905
P172259903;P172259903_3;C;2400;0;0;3600;2400;2905
P172259903;P172259903_4;D;3600;40;0;4800;2440;2905
P172259903;P172259903_5;E;4800;0;0;6000;2400;2905
P172259903;P172259903_6;F;6000;0;0;7200;2400;2905
P172259903;P172259903_7;G;7200;0;0;8400;2400;2905
P172259903;P172259903_8;H;8400;0;0;9600;2400;2905
P172259903;P172259903_9;I;9600;1240;0;10400;2440;800
P172259903;P172259903_10;J;9600;0;0;10610;1206;2170
P172259903;P172259903_11;K;10400;1234;0;11410;2440;2170
P171259901;P171259901_1;A;0;0;0;1200;2400;2905
P171259901;P171259901_2;B;1200;0;0;2400;2400;2905
P171259901;P171259901_3;C;2400;0;0;3600;2400;2905
P171259901;P171259901_4;D;3600;0;0;4800;2400;2905
P171259901;P171259901_5;E;4800;0;0;6000;2400;2905
P171259901;P171259901_6;F;6000;0;0;7200;2400;2905
P171259901;P171259901_7;G;7200;0;0;8400;2400;2905
P171259901;P171259901_8;H;8400;0;0;9600;2400;2905
P171259901;P171259901_9;I;9600;0;0;10800;2400;2905
P171259901;P171259901_10;J;10800;0;0;12000;2400;2905
P171259901;P171259901_11;K;12000;0;0;13200;2400;2905
P180063701;P180063701_1;A;0;0;0;1850;1950;2760
P180063701;P180063701_2;B;1850;0;0;3190;2000;2215
P180063701;P180063701_3;C;3190;0;0;4990;1200;2655
P180063701;P180063701_4;D;3190;1240;0;4990;2440;2655
P180063701;P180063701_5;E;4990;0;0;6840;1950;2760
P180063701;P180063701_6;F;6840;0;0;8640;1200;2655
P180063701;P180063701_7;G;6840;1240;0;8640;2440;2655
P180063701;P180063701_8;H;8640;0;0;9980;2000;2215
P180063701;P180063701_9;I;9980;0;0;11320;2000;2215
P180063701;P180063701_10;J;11320;1240;0;13120;2440;2655
P179063703;P179063703_1;A;0;1240;0;1800;2440;2655
P179063703;P179063703_2;B;0;0;0;1800;1200;2655
P179063703;P179063703_3;C;1800;0;0;3650;1950;2760
P179063703;P179063703_4;D;3650;0;0;4850;2400;2835
P179063703;P179063703_5;E;4850;0;0;6700;1950;2760
P179063703;P179063703_6;F;6700;0;0;8550;1950;2760
P179063703;P179063703_7;G;8550;0;0;10350;1200;2655
P179063703;P179063703_8;H;8550;1240;0;10350;2440;2655
P179063703;P179063703_9;I;10350;0;0;11690;2000;2215
P179063703;P179063703_10;J;11690;0;0;13030;2000;2215
P178063705;P178063705_1;A;0;0;0;1340;2000;2215
P178063705;P178063705_2;B;1340;440;0;2680;2440;2215
P178063705;P178063705_3;C;2680;0;0;4020;2000;2215
P178063705;P178063705_4;D;4020;0;0;5820;1200;2655
P178063705;P178063705_5;E;4020;1240;0;5820;2440;2655
P178063705;P178063705_6;F;5820;0;0;7160;2000;2215
P178063705;P178063705_7;G;7160;0;0;8960;1200;2655
P178063705;P178063705_8;H;7160;1240;0;8960;2440;2655
P178063705;P178063705_9;I;8960;1240;0;10760;2440;1350
P178063705;P178063705_10;J;10760;0;0;12100;2000;2215
P178063705;P178063705_11;K;12100;0;0;13440;2000;2215
P178063703;P178063703_1;A;0;0;0;1850;1950;2760
P178063703;P178063703_2;B;1850;1240;0;3650;2440;2655
P178063703;P178063703_3;C;1850;0;0;3650;1200;2655
P178063703;P178063703_4;D;3650;0;0;5500;1950;2760
P178063703;P178063703_5;E;5500;0;0;7350;1950;2760
P178063703;P178063703_6;F;7350;0;0;8690;2000;2215
P178063703;P178063703_7;G;8690;0;0;10030;2000;2215
P178063703;P178063703_8;H;10030;0;0;11370;2000;2215
P178063703;P178063703_9;I;11370;0;0;13370;1340;2215
P177063703;P177063703_1;A;0;0;0;1800;1200;2655
P177063703;P177063703_2;B;0;1240;0;1800;2440;2655
P177063703;P177063703_3;C;1800;1240;0;3600;2440;2655
P177063703;P177063703_4;D;1800;0;0;3600;1200;2655
P177063703;P177063703_5;E;3600;0;0;4940;2000;2215
P177063703;P177063703_6;F;4940;0;0;6280;2000;2215
P177063703;P177063703_7;G;6280;0;0;7620;2000;2215
P177063703;P177063703_8;H;7620;0;0;8960;2000;2215
P177063703;P177063703_9;I;8960;0;0;10810;1950;2760
P177063703;P177063703_10;J;10810;0;0;12660;1950;2760
P174063705;P174063705_1;A;0;0;0;1340;2000;2215
P174063705;P174063705_2;B;1340;0;0;2680;2000;2215
P174063705;P174063705_3;C;2680;0;0;4020;2000;2215
P174063705;P174063705_4;D;4020;0;0;5360;2000;2215
P174063705;P174063705_5;E;5360;1240;0;7160;2440;2655
P174063705;P174063705_6;F;5360;0;0;7160;1200;2655
P174063705;P174063705_7;G;7160;0;0;9010;1950;2760
P174063705;P174063705_8;H;9010;0;0;10860;1950;2760
P174063705;P174063705_9;I;10860;0;0;12200;2000;2215
P174063705;P174063705_10;J;12200;0;0;13400;1800;2655
P174063703;P174063703_1;A;0;440;0;1340;2440;2215
P174063703;P174063703_2;B;1340;0;0;3140;1200;2655
P174063703;P174063703_3;C;1340;1240;0;3140;2440;2655
P174063703;P174063703_4;D;3140;0;0;4990;1950;2760
P174063703;P174063703_5;E;4990;0;0;6330;2000;2215
P174063703;P174063703_6;F;6330;0;0;7670;2000;2215
P174063703;P174063703_7;G;7670;0;0;9010;2000;2215
P174063703;P174063703_8;H;9010;1240;0;10810;2440;2655
P174063703;P174063703_9;I;9010;0;0;11410;1200;2835
P174063703;P174063703_10;J;10810;1240;0;13210;2440;2835
P174063703;P174063703_11;K;11410;0;0;13210;1200;2655
P173063705;P173063705_1;A;0;0;0;1850;1950;2760
P173063705;P173063705_2;B;1850;0;0;3190;2000;2215
P173063705;P173063705_3;C;3190;0;0;4530;2000;2215
P173063705;P173063705_4;D;4530;0;0;5870;2000;2215
P173063705;P173063705_5;E;5870;0;0;7670;1200;2655
P173063705;P173063705_6;F;5870;1240;0;7670;2440;2655
P173063705;P173063705_7;G;7670;0;0;9010;2000;2215
P173063705;P173063705_8;H;9010;0;0;10350;2000;2215
P173063705;P173063705_9;I;10350;0;0;11690;2000;2215
P173063705;P173063705_10;J;11690;0;0;13490;1200;2655
P173063701;P173063701_1;A;0;0;0;1340;2000;2215
P173063701;P173063701_2;B;1340;0;0;3190;1950;2760
P173063701;P173063701_3;C;3190;0;0;5040;1950;2760
P173063701;P173063701_4;D;5040;1240;0;6840;2440;2655
P173063701;P173063701_5;E;5040;0;0;6840;1200;2655
P173063701;P173063701_6;F;6840;0;0;8640;1200;2655
P173063701;P173063701_7;G;6840;1240;0;8640;2440;2655
P173063701;P173063701_8;H;8640;1240;0;10440;2440;2655
P173063701;P173063701_9;I;8640;0;0;10440;1200;2655
P173063701;P173063701_10;J;10440;0;0;12290;1950;2760
P173063701;P173063701_11;K;12290;0;0;13490;1800;2655
P172063703;P172063703_1;A;0;0;0;1340;2000;2215
P172063703;P172063703_2;B;1340;0;0;2680;2000;2215
P172063703;P172063703_3;C;2680;0;0;4020;2000;2215
P172063703;P172063703_4;D;4020;0;0;5360;2000;2215
P172063703;P172063703_5;E;5360;0;0;7210;1950;2760
P172063703;P172063703_6;F;7210;0;0;8550;2000;2215
P172063703;P172063703_7;G;8550;0;0;9890;2000;2215
P172063703;P172063703_8;H;9890;0;0;11740;1950;2760
P172063703;P172063703_9;I;11740;0;0;13080;2000;2215
P171063705;P171063705_1;A;0;0;0;1800;1200;2655
P171063705;P171063705_2;B;0;1240;0;1800;2440;2655
P171063705;P171063705_3;C;1800;0;0;3650;1950;2760
P171063705;P171063705_4;D;3650;0;0;4990;2000;2215
P171063705;P171063705_5;E;4990;1240;0;6790;2440;2655
P171063705;P171063705_6;F;4990;0;0;6790;1200;2655
P171063705;P171063705_7;G;6790;0;0;8640;1950;2760
P171063705;P171063705_8;H;8640;0;0;9980;2000;2215
P171063705;P171063705_9;I;9980;0;0;11320;2000;2215
P171063705;P171063705_10;J;11320;0;0;13320;1340;2215
P171063703;P171063703_1;A;0;0;0;1850;1950;2760
P171063703;P171063703_2;B;1850;490;0;3700;2440;2760
P171063703;P171063703_3;C;3700;0;0;5550;1950;2760
P171063703;P171063703_4;D;5550;0;0;7350;1200;2655
P171063703;P171063703_5;E;5550;1240;0;7350;2440;2655
P171063703;P171063703_6;F;7350;1240;0;9150;2440;2655
P171063703;P171063703_7;G;7350;0;0;9150;1200;2655
P171063703;P171063703_8;H;9150;0;0;10490;2000;2215
P171063703;P171063703_9;I;10490;0;0;11830;2000;2215
P171063703;P171063703_10;J;11830;0;0;13170;2000;2215
P170063705;P170063705_1;A;0;0;0;1340;2000;2215
P170063705;P170063705_2;B;1340;0;0;3190;1950;2760
P170063705;P170063705_3;C;3190;0;0;4990;1200;2655
P170063705;P170063705_4;D;3190;1240;0;4990;2440;2655
P170063705;P170063705_5;E;4990;0;0;6330;2000;2215
P170063705;P170063705_6;F;6330;0;0;7670;2000;2215
P170063705;P170063705_7;G;7670;0;0;9010;2000;2215
P170063705;P170063705_8;H;9010;0;0;10810;1200;2655
P170063705;P170063705_9;I;9010;1240;0;10810;2440;2655
P170063705;P170063705_10;J;10810;0;0;12150;2000;2215
P170063705;P170063705_11;K;12150;0;0;13490;2000;2215
P170063703;P170063703_1;A;0;0;0;1850;1950;2760
P170063703;P170063703_2;B;1850;0;0;3700;1950;2760
P170063703;P170063703_3;C;3700;0;0;5040;2000;2215
P170063703;P170063703_4;D;5040;1240;0;6840;2440;2655
P170063703;P170063703_5;E;5040;0;0;6840;1200;2655
P170063703;P170063703_6;F;6840;0;0;8690;1950;1855
P170063703;P170063703_7;G;8690;1240;0;10490;2440;2655
P170063703;P170063703_8;H;8690;0;0;10490;1200;2655
P170063703;P170063703_9;I;10490;0;0;11830;2000;2215
P170063703;P170063703_10;J;11830;0;0;13170;2000;2215
P167063705;P167063705_1;A;0;0;0;1340;2000;2215
P167063705;P167063705_2;B;1340;1240;0;3140;2440;2655
P167063705;P167063705_3;C;1340;0;0;3140;1200;2655
P167063705;P167063705_4;D;3140;0;0;4990;1950;2760
P167063705;P167063705_5;E;4990;0;0;6840;1950;2760
P167063705;P167063705_6;F;6840;0;0;8690;1950;2760
P167063705;P167063705_7;G;8690;0;0;10030;2000;2215
P167063705;P167063705_8;H;10030;0;0;11370;2000;2215
P167063705;P167063705_9;I;11370;0;0;13370;1340;2215
P167063703;P167063703_1;A;0;0;0;1800;1200;2655
P167063703;P167063703_2;B;0;1240;0;1800;2440;2655
P167063703;P167063703_3;C;1800;0;0;3140;2000;2215
P167063703;P167063703_4;D;3140;0;0;4990;1950;2760
P167063703;P167063703_5;E;4990;0;0;6840;1950;2760
P167063703;P167063703_6;F;6840;0;0;8640;1200;2655
P167063703;P167063703_7;G;6840;1240;0;8640;2440;2655
P167063703;P167063703_8;H;8640;0;0;9980;2000;2215
P167063703;P167063703_9;I;9980;0;0;11320;2000;2215
P167063703;P167063703_10;J;11320;0;0;13320;1340;2215
P166063705;P166063705_1;A;0;0;0;1340;2000;2215
P166063705;P166063705_2;B;1340;1240;0;3140;2440;2655
P166063705;P166063705_3;C;1340;0;0;3140;1200;2655
P166063705;P166063705_4;D;3140;0;0;4990;1950;2760
P166063705;P166063705_5;E;4990;0;0;6190;2400;2835
P166063705;P166063705_6;F;6190;0;0;7530;2000;2215
P166063705;P166063705_7;G;7530;0;0;8870;2000;2215
P166063705;P166063705_8;H;8870;0;0;10210;2000;2215
P166063705;P166063705_9;I;10210;0;0;11550;2000;2215
P166063705;P166063705_10;J;11550;0;0;13350;1200;2655
P180068603;P180068603_1;A;0;0;0;2000;1200;2000
P180068603;P180068603_2;B;0;1240;0;2000;2440;2000
P180068603;P180068603_3;C;2000;1240;0;4000;2440;2000
P180068603;P180068603_4;D;2000;0;0;4000;1200;2000
P180068603;P180068603_5;E;4000;0;0;6000;1200;2000
P180068603;P180068603_6;F;4000;1240;0;6000;2440;2000
P180068603;P180068603_7;G;6000;1240;0;8000;2440;2000
P180068603;P180068603_8;H;6000;0;0;8000;1200;2000
P180068603;P180068603_9;I;8000;0;0;10000;1200;2000
P180068603;P180068603_10;J;8000;1240;0;10000;2440;2000
P180068603;P180068603_11;K;10000;1240;0;12000;2440;2000
P180068603;P180068603_12;L;10000;0;0;12000;1200;2000
P180068603;P180068603_13;M;12000;0;0;13200;2000;2000
P180068605;P180068605_1;A;0;0;0;2000;1200;2000
P180068605;P180068605_2;B;0;1240;0;2000;2440;2000
P180068605;P180068605_3;C;2000;1240;0;4000;2440;2000
P180068605;P180068605_4;D;2000;0;0;4000;1200;2000
P180068605;P180068605_5;E;4000;0;0;6000;1200;2000
P180068605;P180068605_6;F;4000;1240;0;6000;2440;2000
P180068605;P180068605_7;G;6000;1240;0;8000;2440;2000
P180068605;P180068605_8;H;6000;0;0;8000;1200;2000
P180068605;P180068605_9;I;8000;0;0;10000;1200;2000
P180068605;P180068605_10;J;8000;1240;0;10000;2440;2000
P180068605;P180068605_11;K;10000;1240;0;12000;2440;2000
P180068605;P180068605_12;L;10000;0;0;12000;1200;2000
P180068605;P180068605_13;M;12000;0;0;13200;2000;2000
P179068601;P179068601_1;A;0;0;0;2000;1200;2000
P179068601;P179068601_2;B;0;1240;0;2000;2440;2000
P179068601;P179068601_3;C;2000;1240;0;4000;2440;2000
P179068601;P179068601_4;D;2000;0;0;4000;1200;2000
P179068601;P179068601_5;E;4000;0;0;6000;1200;2000
P179068601;P179068601_6;F;4000;1240;0;6000;2440;2000
P179068601;P179068601_7;G;6000;1240;0;8000;2440;2000
P179068601;P179068601_8;H;6000;0;0;8000;1200;2000
P179068601;P179068601_9;I;8000;0;0;10000;1200;2000
P179068601;P179068601_10;J;8000;1240;0;10000;2440;2000
P179068601;P179068601_11;K;10000;1240;0;12000;2440;2000
P179068601;P179068601_12;L;10000;0;0;12000;1200;2000
P179068601;P179068601_13;M;12000;0;0;13200;2000;2000
P179068605;P179068605_1;A;0;0;0;2000;1200;2000
P179068605;P179068605_2;B;0;1240;0;2000;2440;2000
P179068605;P179068605_3;C;2000;1240;0;4000;2440;2000
P179068605;P179068605_4;D;2000;0;0;4000;1200;2000
P179068605;P179068605_5;E;4000;0;0;6000;1200;2000
P179068605;P179068605_6;F;4000;1240;0;6000;2440;2000
P179068605;P179068605_7;G;6000;1240;0;8000;2440;2000
P179068605;P179068605_8;H;6000;0;0;8000;1200;2000
P179068605;P179068605_9;I;8000;0;0;10000;1200;2000
P179068605;P179068605_10;J;8000;1240;0;10000;2440;2000
P179068605;P179068605_11;K;10000;1240;0;12000;2440;2000
P179068605;P179068605_12;L;10000;0;0;12000;1200;2000
P179068605;P179068605_13;M;12000;0;0;13200;2000;2000
P178068601;P178068601_1;A;0;0;0;2000;1200;2000
P178068601;P178068601_2;B;0;1240;0;2000;2440;2000
P178068601;P178068601_3;C;2000;1240;0;4000;2440;2000
P178068601;P178068601_4;D;2000;0;0;4000;1200;2000
P178068601;P178068601_5;E;4000;0;0;6000;1200;2000
P178068601;P178068601_6;F;4000;1240;0;6000;2440;2000
P178068601;P178068601_7;G;6000;1240;0;8000;2440;2000
P178068601;P178068601_8;H;6000;0;0;8000;1200;2000
P178068601;P178068601_9;I;8000;0;0;10000;1200;2000
P178068601;P178068601_10;J;8000;1240;0;10000;2440;2000
P178068601;P178068601_11;K;10000;1240;0;12000;2440;2000
P178068601;P178068601_12;L;10000;0;0;12000;1200;2000
P178068601;P178068601_13;M;12000;0;0;13200;2000;2000
P178068603;P178068603_1;A;0;0;0;2000;1200;2000
P178068603;P178068603_2;B;0;1240;0;2000;2440;2000
P178068603;P178068603_3;C;2000;1240;0;4000;2440;2000
P178068603;P178068603_4;D;2000;0;0;4000;1200;2000
P178068603;P178068603_5;E;4000;0;0;6000;1200;2000
P178068603;P178068603_6;F;4000;1240;0;6000;2440;2000
P178068603;P178068603_7;G;6000;1240;0;8000;2440;2000
P178068603;P178068603_8;H;6000;0;0;8000;1200;2000
P178068603;P178068603_9;I;8000;0;0;10000;1200;2000
P178068603;P178068603_10;J;8000;1240;0;10000;2440;2000
P178068603;P178068603_11;K;10000;1240;0;12000;2440;2000
P178068603;P178068603_12;L;10000;0;0;12000;1200;2000
P178068603;P178068603_13;M;12000;0;0;13200;2000;2000
P178068605;P178068605_1;A;0;0;0;2000;1200;2000
P178068605;P178068605_2;B;0;1240;0;2000;2440;2000
P178068605;P178068605_3;C;2000;1240;0;4000;2440;2000
P178068605;P178068605_4;D;2000;0;0;4000;1200;2000
P178068605;P178068605_5;E;4000;0;0;6000;1200;2000
P178068605;P178068605_6;F;4000;1240;0;6000;2440;2000
P178068605;P178068605_7;G;6000;1240;0;8000;2440;2000
P178068605;P178068605_8;H;6000;0;0;8000;1200;2000
P178068605;P178068605_9;I;8000;0;0;10000;1200;2000
P178068605;P178068605_10;J;8000;1240;0;10000;2440;2000
P178068605;P178068605_11;K;10000;1240;0;12000;2440;2000
P178068605;P178068605_12;L;10000;0;0;12000;1200;2000
P178068605;P178068605_13;M;12000;0;0;13200;2000;2000
P177068601;P177068601_1;A;0;0;0;2000;1200;2000
P177068601;P177068601_2;B;0;1240;0;2000;2440;2000
P177068601;P177068601_3;C;2000;1240;0;4000;2440;2000
P177068601;P177068601_4;D;2000;0;0;4000;1200;2000
P177068601;P177068601_5;E;4000;0;0;6000;1200;2000
P177068601;P177068601_6;F;4000;1240;0;6000;2440;2000
P177068601;P177068601_7;G;6000;1240;0;8000;2440;2000
P177068601;P177068601_8;H;6000;0;0;8000;1200;2000
P177068601;P177068601_9;I;8000;0;0;10000;1200;2000
P177068601;P177068601_10;J;8000;1240;0;10000;2440;2000
P177068601;P177068601_11;K;10000;1240;0;12000;2440;2000
P177068601;P177068601_12;L;10000;0;0;12000;1200;2000
P177068601;P177068601_13;M;12000;0;0;13200;2000;2000
P177068603;P177068603_1;A;0;0;0;2000;1200;2000
P177068603;P177068603_2;B;0;1240;0;2000;2440;2000
P177068603;P177068603_3;C;2000;1240;0;4000;2440;2000
P177068603;P177068603_4;D;2000;0;0;4000;1200;2000
P177068603;P177068603_5;E;4000;0;0;6000;1200;2000
P177068603;P177068603_6;F;4000;1240;0;6000;2440;2000
P177068603;P177068603_7;G;6000;1240;0;8000;2440;2000
P177068603;P177068603_8;H;6000;0;0;8000;1200;2000
P177068603;P177068603_9;I;8000;0;0;10000;1200;2000
P177068603;P177068603_10;J;8000;1240;0;10000;2440;2000
P177068603;P177068603_11;K;10000;1240;0;12000;2440;2000
P177068603;P177068603_12;L;10000;0;0;12000;1200;2000
P177068603;P177068603_13;M;12000;0;0;13200;2000;2000
P177068605;P177068605_1;A;0;0;0;2000;1200;2000
P177068605;P177068605_2;B;0;1240;0;2000;2440;2000
P177068605;P177068605_3;C;2000;1240;0;4000;2440;2000
P177068605;P177068605_4;D;2000;0;0;4000;1200;2000
P177068605;P177068605_5;E;4000;0;0;6000;1200;2000
P177068605;P177068605_6;F;4000;1240;0;6000;2440;2000
P177068605;P177068605_7;G;6000;1240;0;8000;2440;2000
P177068605;P177068605_8;H;6000;0;0;8000;1200;2000
P177068605;P177068605_9;I;8000;0;0;10000;1200;2000
P177068605;P177068605_10;J;8000;1240;0;10000;2440;2000
P177068605;P177068605_11;K;10000;1240;0;12000;2440;2000
P177068605;P177068605_12;L;10000;0;0;12000;1200;2000
P174068603;P174068603_1;A;0;0;0;2000;1200;2000
P174068603;P174068603_2;B;0;1240;0;2000;2440;2000
P174068603;P174068603_3;C;2000;1240;0;4000;2440;2000
P174068603;P174068603_4;D;2000;0;0;4000;1200;2000
P174068603;P174068603_5;E;4000;0;0;6000;1200;2000
P174068603;P174068603_6;F;4000;1240;0;6000;2440;2000
P174068603;P174068603_7;G;6000;1240;0;8000;2440;2000
P174068603;P174068603_8;H;6000;0;0;8000;1200;2000
P174068603;P174068603_9;I;8000;0;0;10000;1200;2000
P174068603;P174068603_10;J;8000;1240;0;10000;2440;2000
P174068603;P174068603_11;K;10000;1240;0;12000;2440;2000
P174068603;P174068603_12;L;10000;0;0;12000;1200;2000
P174068603;P174068603_13;M;12000;0;0;13200;2000;2000
P174068605;P174068605_1;A;0;0;0;2000;1200;2000
P174068605;P174068605_2;B;0;1240;0;2000;2440;2000
P174068605;P174068605_3;C;2000;1240;0;4000;2440;2000
P174068605;P174068605_4;D;2000;0;0;4000;1200;2000
P174068605;P174068605_5;E;4000;0;0;6000;1200;2000
P174068605;P174068605_6;F;4000;1240;0;6000;2440;2000
P174068605;P174068605_7;G;6000;1240;0;8000;2440;2000
P174068605;P174068605_8;H;6000;0;0;8000;1200;2000
P174068605;P174068605_9;I;8000;0;0;10000;1200;2000
P174068605;P174068605_10;J;8000;1240;0;10000;2440;2000
P174068605;P174068605_11;K;10000;1240;0;12000;2440;2000
P174068605;P174068605_12;L;10000;0;0;12000;1200;2000
P174068605;P174068605_13;M;12000;0;0;13200;2000;2000
P173068601;P173068601_1;A;0;0;0;2000;1200;2000
P173068601;P173068601_2;B;0;1240;0;2000;2440;2000
P173068601;P173068601_3;C;2000;1240;0;4000;2440;2000
P173068601;P173068601_4;D;2000;0;0;4000;1200;2000
P173068601;P173068601_5;E;4000;0;0;6000;1200;2000
P173068601;P173068601_6;F;4000;1240;0;6000;2440;2000
P173068601;P173068601_7;G;6000;1240;0;8000;2440;2000
P173068601;P173068601_8;H;6000;0;0;8000;1200;2000
P173068601;P173068601_9;I;8000;0;0;10000;1200;2000
P173068601;P173068601_10;J;8000;1240;0;10000;2440;2000
P173068601;P173068601_11;K;10000;1240;0;12000;2440;2000
P173068601;P173068601_12;L;10000;0;0;12000;1200;2000
P173068601;P173068601_13;M;12000;0;0;13200;2000;2000
P173068603;P173068603_1;A;0;0;0;2000;1200;2000
P173068603;P173068603_2;B;0;1240;0;2000;2440;2000
P173068603;P173068603_3;C;2000;1240;0;4000;2440;2000
P173068603;P173068603_4;D;2000;0;0;4000;1200;2000
P173068603;P173068603_5;E;4000;0;0;6000;1200;2000
P173068603;P173068603_6;F;4000;1240;0;6000;2440;2000
P173068603;P173068603_7;G;6000;1240;0;8000;2440;2000
P173068603;P173068603_8;H;6000;0;0;8000;1200;2000
P173068603;P173068603_9;I;8000;0;0;10000;1200;2000
P173068603;P173068603_10;J;8000;1240;0;10000;2440;2000
P173068603;P173068603_11;K;10000;1240;0;12000;2440;2000
P173068603;P173068603_12;L;10000;0;0;12000;1200;2000
P173068603;P173068603_13;M;12000;0;0;13200;2000;2000
P173068605;P173068605_1;A;0;0;0;2000;1200;2000
P173068605;P173068605_2;B;0;1240;0;2000;2440;2000
P173068605;P173068605_3;C;2000;1240;0;4000;2440;2000
P173068605;P173068605_4;D;2000;0;0;4000;1200;2000
P173068605;P173068605_5;E;4000;0;0;6000;1200;2000
P173068605;P173068605_6;F;4000;1240;0;6000;2440;2000
P173068605;P173068605_7;G;6000;1240;0;8000;2440;2000
P173068605;P173068605_8;H;6000;0;0;8000;1200;2000
P173068605;P173068605_9;I;8000;0;0;10000;1200;2000
P173068605;P173068605_10;J;8000;1240;0;10000;2440;2000
P173068605;P173068605_11;K;10000;1240;0;12000;2440;2000
P173068605;P173068605_12;L;10000;0;0;12000;1200;2000
P173068605;P173068605_13;M;12000;0;0;13200;2000;2000
P172068601;P172068601_1;A;0;0;0;2000;1200;2000
P172068601;P172068601_2;B;0;1240;0;2000;2440;2000
P172068601;P172068601_3;C;2000;1240;0;4000;2440;2000
P172068601;P172068601_4;D;2000;0;0;4000;1200;2000
P172068601;P172068601_5;E;4000;0;0;6000;1200;2000
P172068601;P172068601_6;F;4000;1240;0;6000;2440;2000
P172068601;P172068601_7;G;6000;1240;0;8000;2440;2000
P172068601;P172068601_8;H;6000;0;0;8000;1200;2000
P172068601;P172068601_9;I;8000;0;0;10000;1200;2000
P172068601;P172068601_10;J;8000;1240;0;10000;2440;2000
P172068601;P172068601_11;K;10000;1240;0;12000;2440;2000
P172068601;P172068601_12;L;10000;0;0;12000;1200;2000
P172068601;P172068601_13;M;12000;0;0;13200;2000;2000
P172068605;P172068605_1;A;0;0;0;2000;1200;2000
P172068605;P172068605_2;B;0;1240;0;2000;2440;2000
P172068605;P172068605_3;C;2000;1240;0;4000;2440;2000
P172068605;P172068605_4;D;2000;0;0;4000;1200;2000
P172068605;P172068605_5;E;4000;0;0;6000;1200;2000
P172068605;P172068605_6;F;4000;1240;0;6000;2440;2000
P172068605;P172068605_7;G;6000;1240;0;8000;2440;2000
P172068605;P172068605_8;H;6000;0;0;8000;1200;2000
P172068605;P172068605_9;I;8000;0;0;10000;1200;2000
P172068605;P172068605_10;J;8000;1240;0;10000;2440;2000
P172068605;P172068605_11;K;10000;1240;0;12000;2440;2000
P172068605;P172068605_12;L;10000;0;0;12000;1200;2000
P172068605;P172068605_13;M;12000;0;0;13200;2000;2000
P171068601;P171068601_1;A;0;0;0;2000;1200;2000
P171068601;P171068601_2;B;0;1240;0;2000;2440;2000
P171068601;P171068601_3;C;2000;1240;0;4000;2440;2000
P171068601;P171068601_4;D;2000;0;0;4000;1200;2000
P171068601;P171068601_5;E;4000;0;0;6000;1200;2000
P171068601;P171068601_6;F;4000;1240;0;6000;2440;2000
P171068601;P171068601_7;G;6000;1240;0;8000;2440;2000
P171068601;P171068601_8;H;6000;0;0;8000;1200;2000
P171068601;P171068601_9;I;8000;0;0;10000;1200;2000
P171068601;P171068601_10;J;8000;1240;0;10000;2440;2000
P171068601;P171068601_11;K;10000;1240;0;12000;2440;2000
P171068601;P171068601_12;L;10000;0;0;12000;1200;2000
P171068601;P171068601_13;M;12000;0;0;13200;2000;2000
P171068603;P171068603_1;A;0;0;0;2000;1200;2000
P171068603;P171068603_2;B;0;1240;0;2000;2440;2000
P171068603;P171068603_3;C;2000;1240;0;4000;2440;2000
P171068603;P171068603_4;D;2000;0;0;4000;1200;2000
P171068603;P171068603_5;E;4000;0;0;6000;1200;2000
P171068603;P171068603_6;F;4000;1240;0;6000;2440;2000
P171068603;P171068603_7;G;6000;1240;0;8000;2440;2000
P171068603;P171068603_8;H;6000;0;0;8000;1200;2000
P171068603;P171068603_9;I;8000;0;0;10000;1200;2000
P171068603;P171068603_10;J;8000;1240;0;10000;2440;2000
P171068603;P171068603_11;K;10000;1240;0;12000;2440;2000
P171068603;P171068603_12;L;10000;0;0;12000;1200;2000
P171068603;P171068603_13;M;12000;0;0;13200;2000;2000
P171068605;P171068605_1;A;0;0;0;2000;1200;2000
P171068605;P171068605_2;B;0;1240;0;2000;2440;2000
P171068605;P171068605_3;C;2000;1240;0;4000;2440;2000
P171068605;P171068605_4;D;2000;0;0;4000;1200;2000
P171068605;P171068605_5;E;4000;0;0;6000;1200;2000
P171068605;P171068605_6;F;4000;1240;0;6000;2440;2000
P171068605;P171068605_7;G;6000;1240;0;8000;2440;2000
P171068605;P171068605_8;H;6000;0;0;8000;1200;2000
P171068605;P171068605_9;I;8000;0;0;10000;1200;2000
P171068605;P171068605_10;J;8000;1240;0;10000;2440;2000
P171068605;P171068605_11;K;10000;1240;0;12000;2440;2000
P171068605;P171068605_12;L;10000;0;0;12000;1200;2000
P171068605;P171068605_13;M;12000;0;0;13200;2000;2000
P170068601;P170068601_1;A;0;0;0;2000;1200;2000
P170068601;P170068601_2;B;0;1240;0;2000;2440;2000
P170068601;P170068601_3;C;2000;1240;0;4000;2440;2000
P170068601;P170068601_4;D;2000;0;0;4000;1200;2000
P170068601;P170068601_5;E;4000;0;0;6000;1200;2000
P170068601;P170068601_6;F;4000;1240;0;6000;2440;2000
P170068601;P170068601_7;G;6000;1240;0;8000;2440;2000
P170068601;P170068601_8;H;6000;0;0;8000;1200;2000
P170068601;P170068601_9;I;8000;0;0;10000;1200;2000
P170068601;P170068601_10;J;8000;1240;0;10000;2440;2000
P170068601;P170068601_11;K;10000;1240;0;12000;2440;2000
P170068601;P170068601_12;L;10000;0;0;12000;1200;2000
P170068601;P170068601_13;M;12000;0;0;13200;2000;2000
P170068603;P170068603_1;A;0;0;0;2000;1200;2000
P170068603;P170068603_2;B;0;1240;0;2000;2440;2000
P170068603;P170068603_3;C;2000;1240;0;4000;2440;2000
P170068603;P170068603_4;D;2000;0;0;4000;1200;2000
P170068603;P170068603_5;E;4000;0;0;6000;1200;2000
P170068603;P170068603_6;F;4000;1240;0;6000;2440;2000
P170068603;P170068603_7;G;6000;1240;0;8000;2440;2000
P170068603;P170068603_8;H;6000;0;0;8000;1200;2000
P170068603;P170068603_9;I;8000;0;0;10000;1200;2000
P170068603;P170068603_10;J;8000;1240;0;10000;2440;2000
P170068603;P170068603_11;K;10000;1240;0;12000;2440;2000
P170068603;P170068603_12;L;10000;0;0;12000;1200;2000
P170068603;P170068603_13;M;12000;0;0;13200;2000;2000
P170068605;P170068605_1;A;0;0;0;2000;1200;2000
P170068605;P170068605_2;B;0;1240;0;2000;2440;2000
P170068605;P170068605_3;C;2000;1240;0;4000;2440;2000
P170068605;P170068605_4;D;2000;0;0;4000;1200;2000
P170068605;P170068605_5;E;4000;0;0;6000;1200;2000
P170068605;P170068605_6;F;4000;1240;0;6000;2440;2000
P170068605;P170068605_7;G;6000;1240;0;8000;2440;2000
P170068605;P170068605_8;H;6000;0;0;8000;1200;2000
P170068605;P170068605_9;I;8000;0;0;10000;1200;2000
P167068601;P167068601_1;A;0;0;0;2000;1200;2000
P167068601;P167068601_2;B;0;1240;0;2000;2440;2000
P167068601;P167068601_3;C;2000;1240;0;4000;2440;2000
P167068601;P167068601_4;D;2000;0;0;4000;1200;2000
P167068601;P167068601_5;E;4000;0;0;6000;1200;2000
P167068601;P167068601_6;F;4000;1240;0;6000;2440;2000
P167068601;P167068601_7;G;6000;1240;0;8000;2440;2000
P167068601;P167068601_8;H;6000;0;0;8000;1200;2000
P167068601;P167068601_9;I;8000;0;0;10000;1200;2000
P167068601;P167068601_10;J;8000;1240;0;10000;2440;2000
P167068601;P167068601_11;K;10000;1240;0;12000;2440;2000
P167068601;P167068601_12;L;10000;0;0;12000;1200;2000
P167068601;P167068601_13;M;12000;0;0;13200;2000;2000
P167068603;P167068603_1;A;0;0;0;2000;1200;2000
P167068603;P167068603_2;B;0;1240;0;2000;2440;2000
P167068603;P167068603_3;C;2000;1240;0;4000;2440;2000
P167068603;P167068603_4;D;2000;0;0;4000;1200;2000
P167068603;P167068603_5;E;4000;0;0;6000;1200;2000
P167068603;P167068603_6;F;4000;1240;0;6000;2440;2000
P167068603;P167068603_7;G;6000;1240;0;8000;2440;2000
P167068603;P167068603_8;H;6000;0;0;8000;1200;2000
P167068603;P167068603_9;I;8000;0;0;10000;1200;2000
P167068603;P167068603_10;J;8000;1240;0;10000;2440;2000
P167068603;P167068603_11;K;10000;1240;0;12000;2440;2000
P167068603;P167068603_12;L;10000;0;0;12000;1200;2000
P167068605;P167068605_1;A;0;0;0;2000;1200;2000
P167068605;P167068605_2;B;0;1240;0;2000;2440;2000
P167068605;P167068605_3;C;2000;1240;0;4000;2440;2000
P167068605;P167068605_4;D;2000;0;0;4000;1200;2000
P167068605;P167068605_5;E;4000;0;0;6000;1200;2000
P167068605;P167068605_6;F;4000;1240;0;6000;2440;2000
P167068605;P167068605_7;G;6000;1240;0;8000;2440;2000
P167068605;P167068605_8;H;6000;0;0;8000;1200;2000
P166068601;P166068601_1;A;0;0;0;2000;1200;2000
P166068601;P166068601_2;B;0;1240;0;2000;2440;2000
P166068601;P166068601_3;C;2000;1240;0;4000;2440;2000
P166068601;P166068601_4;D;2000;0;0;4000;1200;2000
P166068601;P166068601_5;E;4000;0;0;6000;1200;2000
P166068601;P166068601_6;F;4000;1240;0;6000;2440;2000
P166068601;P166068601_7;G;6000;1240;0;8000;2440;2000
P166068601;P166068601_8;H;6000;0;0;8000;1200;2000
P166068601;P166068601_9;I;8000;0;0;10000;1200;2000
P166068601;P166068601_10;J;8000;1240;0;10000;2440;2000
P166068601;P166068601_11;K;10000;1240;0;12000;2440;2000
P166068601;P166068601_12;L;10000;0;0;12000;1200;2000
P166068601;P166068601_13;M;12000;0;0;13200;2000;2000
P166068603;P166068603_1;A;0;0;0;2000;1200;2000
P166068603;P166068603_2;B;0;1240;0;2000;2440;2000
P166068603;P166068603_3;C;2000;1240;0;4000;2440;2000
P166068603;P166068603_4;D;2000;0;0;4000;1200;2000
P166068603;P166068603_5;E;4000;0;0;6000;1200;2000
P166068603;P166068603_6;F;4000;1240;0;6000;2440;2000
P166068603;P166068603_7;G;6000;1240;0;8000;2440;2000
P166068603;P166068603_8;H;6000;0;0;8000;1200;2000
P166068603;P166068603_9;I;8000;0;0;10000;1200;2000
P166068603;P166068603_10;J;8000;1240;0;10000;2440;2000
P166068603;P166068603_11;K;10000;1240;0;12000;2440;2000
P166068603;P166068603_12;L;10000;0;0;12000;1200;2000
P166068603;P166068603_13;M;12000;0;0;13200;2000;2000
P165068601;P165068601_1;A;0;0;0;2000;1200;2000
P165068601;P165068601_2;B;0;1240;0;2000;2440;2000
P165068601;P165068601_3;C;2000;1240;0;4000;2440;2000
P165068601;P165068601_4;D;2000;0;0;4000;1200;2000
P165068601;P165068601_5;E;4000;0;0;6000;1200;2000
P165068601;P165068601_6;F;4000;1240;0;6000;2440;2000
P165068601;P165068601_7;G;6000;1240;0;8000;2440;2000
P165068601;P165068601_8;H;6000;0;0;8000;1200;2000
P165068601;P165068601_9;I;8000;0;0;10000;1200;2000
P165068601;P165068601_10;J;8000;1240;0;10000;2440;2000
P165068601;P165068601_11;K;10000;1240;0;12000;2440;2000
P165068601;P165068601_12;L;10000;0;0;12000;1200;2000
P165068601;P165068601_13;M;12000;0;0;13200;2000;2000
Q165068601_1;Q165068601_1_1;A;0;0;0;2000;1200;2000
Q165068601_1;Q165068601_1_2;B;0;1240;0;2000;2440;2000
Q165068601_1;Q165068601_1_3;C;2000;1240;0;4000;2440;2000
Q165068601_1;Q165068601_1_4;D;2000;0;0;4000;1200;2000
Q165068601_1;Q165068601_1_5;E;4000;0;0;6000;1200;2000
Q165068601_1;Q165068601_1_6;F;4000;1240;0;6000;2440;2000
Q165068601_1;Q165068601_1_7;G;6000;1240;0;8000;2440;2000
Q165068601_1;Q165068601_1_8;H;6000;0;0;8000;1200;2000
Q165068601_1;Q165068601_1_9;I;8000;0;0;10000;1200;2000
Q165068601_1;Q165068601_1_10;J;8000;1240;0;10000;2440;2000
Q165068601_1;Q165068601_1_11;K;10000;1240;0;12000;2440;2000
Q165068601_1;Q165068601_1_12;L;10000;0;0;12000;1200;2000
P240243101;P240243101_1;A;0;0;0;1010;1206;2725
P240243101;P240243101_2;B;0;1234;0;1010;2440;2957
P240243101;P240243101_3;C;1010;1234;0;2020;2440;2842
P240243101;P240243101_4;D;1010;0;0;2020;1206;2544
P240243101;P240243101_5;E;2020;0;0;3030;1206;2910
P240243101;P240243101_6;F;2020;1234;0;3030;2440;2965
P240243101;P240243101_7;G;3030;1234;0;4040;2440;2965
P240243101;P240243101_8;H;3030;0;0;4040;1206;2663
P240243101;P240243101_9;I;4040;0;0;5050;1206;2663
P240243101;P240243101_10;J;4040;1234;0;5050;2440;2663
P240243101;P240243101_11;K;5050;1234;0;6060;2440;2178
P240243101;P240243101_12;L;5050;0;0;6060;1206;2178
P240243101;P240243101_13;M;6060;0;0;7070;1206;1089
P240243101;P240243101_14;N;6060;1234;0;7070;2440;2910
P240243101;P240243101_15;O;7070;1234;0;8080;2440;2910
P240243101;P240243101_16;P;7070;0;0;8080;1206;2544
P240243101;P240243101_17;Q;8080;0;0;9090;1206;2655
P240243101;P240243101_18;R;8080;1234;0;9090;2440;2540
P240243101;P240243101_19;S;9090;1234;0;10100;2440;2655
P240243101;P240243101_20;T;9090;0;0;10100;1206;1085
P205243101;P205243101_1;A;0;1234;0;1010;2440;2844
P205243101;P205243101_2;B;0;0;0;1010;1206;2910
P205243101;P205243101_3;C;1010;0;0;2020;1206;2910
P205243101;P205243101_4;D;1010;1234;0;2020;2440;2957
P205243101;P205243101_5;E;2020;1234;0;3030;2440;2965
P205243101;P205243101_6;F;2020;0;0;3030;1206;2965
P205243101;P205243101_7;G;3030;0;0;4040;1206;2965
P205243101;P205243101_8;H;3030;1234;0;4040;2440;2965
P205243101;P205243101_9;I;4040;1234;0;5050;2440;2963
P205243101;P205243101_10;J;4040;0;0;5050;1206;2910
P205243101;P205243101_11;K;5050;0;0;6060;1206;2910
P205243101;P205243101_12;L;5050;1234;0;6060;2440;2725
P205243101;P205243101_13;M;6060;1234;0;7070;2440;2655
P205243101;P205243101_14;N;6060;0;0;7070;1206;2174
P205243101;P205243101_15;O;7070;0;0;8080;1206;2727
P205243101;P205243101_16;P;7070;1234;0;8080;2440;2910
P205243101;P205243101_17;Q;8080;1234;0;9090;2440;2957
P205243101;P205243101_18;R;8080;0;0;9090;1206;2955
P205243101;P205243101_19;S;9090;0;0;10100;1206;2544
P205243101;P205243101_20;T;9090;1234;0;10100;2440;2910
P205243101;P205243101_21;U;10100;1234;0;11110;2440;2910
P205243101;P205243101_22;V;10100;0;0;11110;1206;2655
P205243101;P205243101_23;W;11110;0;0;12120;1206;2659
P205243101;P205243101_24;X;11110;1234;0;12120;2440;2655
P205243101;P205243101_25;Y;12120;1430;0;13326;2440;1570
P201243101;P201243101_1;A;0;0;0;1010;1206;2965
P201243101;P201243101_2;B;0;1206;0;1010;2412;2965
P201243101;P201243101_3;C;1010;1234;0;2020;2440;2965
P201243101;P201243101_4;D;1010;0;0;2020;1206;2965
P201243101;P201243101_5;E;2020;0;0;3030;1206;2965
P201243101;P201243101_6;F;2020;1206;0;3030;2412;2963
P201243101;P201243101_7;G;3030;1234;0;4040;2440;2963
P201243101;P201243101_8;H;3030;0;0;4040;1206;2663
P201243101;P201243101_9;I;4040;1234;0;5050;2440;2910
P201243101;P201243101_10;J;4040;0;0;5050;1206;2655
P201243101;P201243101_11;K;5050;0;0;6060;1206;2663
P201243101;P201243101_12;L;5050;1234;0;6060;2440;2663
P201243101;P201243101_13;M;6060;1234;0;7070;2440;2663
P201243101;P201243101_14;N;6060;0;0;7070;1206;2178
P201243101;P201243101_15;O;7070;0;0;8080;1206;2178
P201243101;P201243101_16;P;7070;1234;0;8080;2440;2178
P201243101;P201243101_17;Q;8080;1234;0;9090;2440;2725
P201243101;P201243101_18;R;8080;0;0;9090;1206;2840
P201243101;P201243101_19;S;9090;0;0;10100;1206;2957
P201243101;P201243101_20;T;9090;1234;0;10100;2440;2910
P201243101;P201243101_21;U;10100;1234;0;11110;2440;2170
P198243101;P198243101_1;A;0;0;0;1010;1206;2727
P198243101;P198243101_2;B;0;1234;0;1010;2440;2663
P198243101;P198243101_3;C;1010;1234;0;2020;2440;2965
P198243101;P198243101_4;D;1010;0;0;2020;1206;2963
P198243101;P198243101_5;E;2020;0;0;3030;1206;2963
P198243101;P198243101_6;F;2020;1234;0;3030;2440;2663
P198243101;P198243101_7;G;3030;1234;0;4040;2440;2663
P198243101;P198243101_8;H;3030;0;0;4040;1206;2663
P198243101;P198243101_9;I;4040;0;0;5050;1206;2663
P198243101;P198243101_10;J;4040;1234;0;5050;2440;2663
P198243101;P198243101_11;K;5050;1234;0;6060;2440;2659
P198243101;P198243101_12;L;5050;0;0;6060;1206;2655
P198243101;P198243101_13;M;6060;0;0;7070;1206;1455
P198243101;P198243101_14;N;6060;1234;0;7070;2440;2842
P198243101;P198243101_15;O;7070;1234;0;8080;2440;2910
P198243101;P198243101_16;P;7070;0;0;8080;1206;2957
P198243101;P198243101_17;Q;8080;0;0;9090;1206;2655
P198243101;P198243101_18;R;8080;1234;0;9090;2440;2910
P198243101;P198243101_19;S;9090;1234;0;10100;2440;2655
P198243101;P198243101_20;T;9090;0;0;10100;1206;1085
P191243101;P191243101_1;A;0;0;0;1010;1206;2725
P191243101;P191243101_2;B;0;1234;0;1010;2440;2961
P191243101;P191243101_3;C;1010;1234;0;2020;2440;2965
P191243101;P191243101_4;D;1010;0;0;2020;1206;2965
P191243101;P191243101_5;E;2020;0;0;3030;1206;2846
P191243101;P191243101_6;F;2020;1234;0;3030;2440;2910
P191243101;P191243101_7;G;3030;1234;0;4040;2440;2540
P191243101;P191243101_8;H;3030;0;0;4040;1206;2957
P191243101;P191243101_9;I;4040;0;0;5050;1206;2655
P191243101;P191243101_10;J;4040;1234;0;5050;2440;2663
P191243101;P191243101_11;K;5050;1234;0;6060;2440;2663
P191243101;P191243101_12;L;5050;0;0;6060;1206;2178
P191243101;P191243101_13;M;6060;0;0;7070;1206;2178
P191243101;P191243101_14;N;6060;1234;0;7070;2440;2178
P191243101;P191243101_15;O;7070;1234;0;8080;2440;2178
P191243101;P191243101_16;P;7070;0;0;8080;1206;2178
P191243101;P191243101_17;Q;8080;0;0;9090;1206;2178
P191243101;P191243101_18;R;8080;1234;0;9090;2440;2910
P191243101;P191243101_19;S;9090;1234;0;10100;2440;2955
P191243101;P191243101_20;T;9090;0;0;10100;1206;2725
P191243101;P191243101_21;U;10100;0;0;11110;1206;2910
P191243101;P191243101_22;V;10100;1234;0;11110;2440;2842
P191243101;P191243101_23;W;11110;1234;0;12120;2440;2955
P191243101;P191243101_24;X;11110;0;0;12120;1206;2840
P191243101;P191243101_25;Y;12120;0;0;13326;1010;2655
P191243101;P191243101_26;Z;12120;1430;0;13326;2440;2540
P187243101;P187243101_1;A;0;0;0;1010;1206;2965
P187243101;P187243101_2;B;0;1206;0;1010;2412;2965
P187243101;P187243101_3;C;1010;1234;0;2020;2440;2963
P187243101;P187243101_4;D;1010;0;0;2020;1206;2963
P187243101;P187243101_5;E;2020;0;0;3030;1206;2663
P187243101;P187243101_6;F;2020;1234;0;3030;2440;2663
P187243101;P187243101_7;G;3030;1234;0;4040;2440;2663
P187243101;P187243101_8;H;3030;0;0;4040;1206;2663
P187243101;P187243101_9;I;4040;0;0;5050;1206;2663
P187243101;P187243101_10;J;4040;1234;0;5050;2440;2655
P187243101;P187243101_11;K;5050;1234;0;6060;2440;1940
P187243101;P187243101_12;L;5050;0;0;6060;1206;2540
P187243101;P187243101_13;M;6060;0;0;7070;1206;2655
P187243101;P187243101_14;N;6060;1234;0;7070;2440;2910
P187243101;P187243101_15;O;7070;1234;0;8080;2440;2957
P187243101;P187243101_16;P;7070;0;0;8080;1206;2842
P209218609;P209218609_1;A;0;620;0;1600;1820;2700
P209218609;P209218609_2;B;1600;1240;0;3200;2440;2700
P209218609;P209218609_3;C;1600;0;0;3200;1200;2700
P209218609;P209218609_4;D;3200;1240;0;4800;2440;2700
P209218609;P209218609_5;E;3200;0;0;4800;1200;2700
P209218609;P209218609_6;F;4800;0;0;6400;1200;2700
P209218609;P209218609_7;G;4800;1240;0;6400;2440;2700
P209218609;P209218609_8;H;6400;1240;0;8000;2440;2700
P209218609;P209218609_9;I;6400;0;0;6970;780;1771
P209218609;P209218609_10;J;6970;0;0;7540;780;1771
P209218609;P209218609_11;K;7540;0;0;9140;1200;2700
P209218609;P209218609_12;L;8000;1240;0;9600;2440;2700
P209218609;P209218609_13;M;9140;0;0;10740;1200;2700
P209218609;P209218609_14;N;9600;1240;0;11200;2440;2700
P209218609;P209218609_15;O;10740;0;0;12340;1200;2700
P209218609;P209218609_16;P;11200;1240;0;12800;2440;2700
P209218609;P209218609_17;Q;12340;0;0;12910;780;478
P208218601;P208218601_1;A;0;1660;0;570;2440;1771
P208218601;P208218601_2;B;0;0;0;570;780;1771
P208218601;P208218601_3;C;0;780;0;570;1560;1771
P208218601;P208218601_4;D;570;0;0;2170;1200;2160
P208218601;P208218601_5;E;570;1240;0;1570;2440;1455
P208218601;P208218601_6;F;1570;1240;0;2570;2440;1455
P208218601;P208218601_7;G;2170;0;0;3170;1200;1455
P208218601;P208218601_8;H;2570;1660;0;3140;2440;1771
P208218601;P208218601_9;I;3140;1240;0;4740;2440;2160
P208218601;P208218601_10;J;3170;0;0;4770;1200;2340
P208218601;P208218601_11;K;4740;1660;0;5310;2440;1771
P208218601;P208218601_12;L;4770;0;0;5340;780;1771
P208218601;P208218601_13;M;4770;780;0;5340;1560;1771
P208218601;P208218601_14;N;5310;1660;0;5880;2440;1771
P208218601;P208218601_15;O;5340;0;0;5910;780;1771
P208218601;P208218601_16;P;5340;780;0;5910;1560;1771
P208218601;P208218601_17;Q;5880;1660;0;6450;2440;1771
P208218601;P208218601_18;R;5910;0;0;6910;1200;1455
P208218601;P208218601_19;S;6450;1240;0;7450;2440;1455
P208218601;P208218601_20;T;6910;0;0;7910;1200;1455
P208218601;P208218601_21;U;7450;1240;0;8450;2440;1455
P208218601;P208218601_22;V;7910;0;0;8480;780;1771
P208218601;P208218601_23;W;8450;780;0;9020;1560;1771
P208218601;P208218601_24;X;8450;1660;0;9020;2440;1771
P208218601;P208218601_25;Y;8480;0;0;9050;780;1771
P208218601;P208218601_26;Z;9020;840;0;10220;2440;2160
P208218601;P208218601_27;AA;9050;0;0;9620;780;1771
P208218601;P208218601_28;AB;9620;0;0;10190;780;1771
P208218601;P208218601_29;AC;10190;0;0;10760;780;1771
P208218601;P208218601_30;AD;10220;840;0;11420;2440;750
P208218601;P208218601_31;AE;10760;0;0;11330;780;1771
P208218601;P208218601_32;AF;11330;0;0;11900;780;1771
P208218601;P208218601_33;AG;11420;1240;0;12420;2440;750
P208218601;P208218601_34;AH;11900;0;0;12470;780;1771
P208218601;P208218601_35;AI;12420;1234;0;13430;2440;2370
P208218601;P208218601_36;AJ;12470;0;0;13040;780;1340
P207218605;P207218605_1;A;0;830;0;570;1610;1771
P207218605;P207218605_2;B;570;1240;0;2170;2440;2700
P207218605;P207218605_3;C;570;0;0;2170;1200;2700
P207218605;P207218605_4;D;2170;620;0;3770;1820;2700
P207218605;P207218605_5;E;3770;620;0;5370;1820;2700
P207218605;P207218605_6;F;5370;1240;0;6970;2440;2700
P207218605;P207218605_7;G;5370;0;0;6970;1200;2700
P207218605;P207218605_8;H;6970;0;0;8570;1200;2700
P207218605;P207218605_9;I;6970;1234;0;7980;2440;2370
P207218605;P207218605_10;J;7980;1240;0;9580;2440;2700
P207218605;P207218605_11;K;8570;0;0;10170;1200;2700
P207218605;P207218605_12;L;9580;1240;0;11180;2440;2700
P207218605;P207218605_13;M;10170;0;0;11770;1200;2700
P207218605;P207218605_14;N;11180;1240;0;12780;2440;2700
P207218605;P207218605_15;O;11770;0;0;13370;1200;1815
P207218605;P207218605_16;P;12780;1660;0;13350;2440;1771
P206218601;P206218601_1;A;0;1240;0;1600;2440;1815
P206218601;P206218601_2;B;0;0;0;1600;1200;2160
P206218601;P206218601_3;C;1600;0;0;3200;1200;2160
P206218601;P206218601_4;D;1600;1240;0;3200;2440;1455
P206218601;P206218601_5;E;3200;1240;0;4200;2440;1455
P206218601;P206218601_6;F;3200;0;0;4200;1200;1455
P206218601;P206218601_7;G;4200;0;0;4770;780;1771
P206218601;P206218601_8;H;4200;780;0;4770;1560;1771
P206218601;P206218601_9;I;4200;1660;0;4770;2440;1771
P206218601;P206218601_10;J;4770;1660;0;5340;2440;1771
P206218601;P206218601_11;K;4770;0;0;5340;780;1771
P206218601;P206218601_12;L;4770;780;0;5340;1560;1771
P206218601;P206218601_13;M;5340;0;0;5910;780;1771
P206218601;P206218601_14;N;5340;780;0;5910;1560;1771
P206218601;P206218601_15;O;5340;1660;0;5910;2440;1771
P206218601;P206218601_16;P;5910;1660;0;6480;2440;1771
P206218601;P206218601_17;Q;5910;0;0;6480;780;1771
P206218601;P206218601_18;R;5910;780;0;6480;1560;1771
P206218601;P206218601_19;S;6480;0;0;7050;780;1771
P206218601;P206218601_20;T;6480;780;0;7050;1560;1771
P206218601;P206218601_21;U;6480;1660;0;7050;2440;1771
P206218601;P206218601_22;V;7050;1234;0;8060;2440;1185
P206218601;P206218601_23;W;7050;0;0;8650;1200;2700
P206218601;P206218601_24;X;8060;1240;0;9660;2440;2700
P206218601;P206218601_25;Y;8650;0;0;10250;1200;2700
P206218601;P206218601_26;Z;9660;1240;0;11260;2440;2700
P206218601;P206218601_27;AA;10250;0;0;11850;1200;2700
P206218601;P206218601_28;AB;11260;1240;0;12860;2440;2700
P206218601;P206218601_29;AC;11850;0;0;13450;1200;2700
P203218601;P203218601_1;A;0;1240;0;1000;2440;1455
P203218601;P203218601_2;B;0;0;0;1000;1200;1455
P203218601;P203218601_3;C;1000;0;0;2000;1200;1455
P203218601;P203218601_4;D;1000;1200;0;2000;2400;1455
P203218601;P203218601_5;E;2000;0;0;2570;780;1771
P203218601;P203218601_6;F;2000;840;0;3200;2440;2160
P203218601;P203218601_7;G;2570;0;0;3140;780;1771
P203218601;P203218601_8;H;3140;0;0;3710;780;1771
P203218601;P203218601_9;I;3200;1240;0;4200;2440;1455
P203218601;P203218601_10;J;3710;0;0;4280;780;1771
P203218601;P203218601_11;K;4200;780;0;4770;1560;1771
P203218601;P203218601_12;L;4200;1660;0;4770;2440;1771
P203218601;P203218601_13;M;4280;0;0;4850;780;1771
P203218601;P203218601_14;N;4770;780;0;5340;1560;1771
P203218601;P203218601_15;O;4770;1660;0;5340;2440;1771
P203218601;P203218601_16;P;4850;0;0;5420;780;1771
P203218601;P203218601_17;Q;5340;840;0;6540;2440;2160
P203218601;P203218601_18;R;6540;0;0;8140;1200;750
P203218601;P203218601_19;S;6540;1240;0;7540;2440;1455
P203218601;P203218601_20;T;7540;1240;0;8540;2440;1455
P203218601;P203218601_21;U;8140;0;0;9140;1200;750
P203218601;P203218601_22;V;8540;1240;0;10140;2440;2700
P203218601;P203218601_23;W;9140;0;0;10740;1200;2700
P203218601;P203218601_24;X;10140;1240;0;11740;2440;2700
P203218601;P203218601_25;Y;10740;0;0;12340;1200;2700
P203218601;P203218601_26;Z;11740;1240;0;13340;2440;2700
P203218601;P203218601_27;AA;12340;0;0;13350;1206;1185
P202218609;P202218609_1;A;0;830;0;570;1610;1771
P202218609;P202218609_2;B;570;830;0;1140;1610;1771
P202218609;P202218609_3;C;1140;1240;0;2740;2440;2700
P202218609;P202218609_4;D;1140;0;0;2740;1200;2700
P202218609;P202218609_5;E;2740;1240;0;4340;2440;2700
P202218609;P202218609_6;F;2740;20;0;4340;1220;2700
P202218609;P202218609_7;G;4340;0;0;5940;1200;2700
P202218609;P202218609_8;H;4340;1660;0;4910;2440;1771
P202218609;P202218609_9;I;4910;1430;0;5480;2210;478
P202218609;P202218609_10;J;5480;1220;0;7080;2420;2700
P202218609;P202218609_11;K;5940;0;0;6950;1206;2370
P202218609;P202218609_12;L;6950;0;0;8550;1200;2700
P202218609;P202218609_13;M;7080;1240;0;8680;2440;2700
P202218609;P202218609_14;N;8550;0;0;10150;1200;2700
P202218609;P202218609_15;O;8680;1240;0;10280;2440;2700
P202218609;P202218609_16;P;10150;0;0;11750;1200;930
P200218605;P200218605_1;A;0;830;0;570;1610;1771
P200218605;P200218605_2;B;570;1610;0;1140;2390;909
P200218605;P200218605_3;C;570;415;0;1140;1195;1771
P200218605;P200218605_4;D;1140;830;0;1710;1610;1771
P200218605;P200218605_5;E;1710;1240;0;3310;2440;2700
P200218605;P200218605_6;F;1710;0;0;3310;1200;2700
P200218605;P200218605_7;G;3310;1234;0;4320;2440;2370
P200218605;P200218605_8;H;3310;0;0;4910;1200;2700
P200218605;P200218605_9;I;4320;1240;0;5920;2440;2700
P200218605;P200218605_10;J;4910;0;0;6510;1200;2700
P200218605;P200218605_11;K;5920;1240;0;7520;2440;2700
P200218605;P200218605_12;L;6510;0;0;8110;1200;2700
P200218605;P200218605_13;M;7520;1660;0;8090;2440;1771
P200218605;P200218605_14;N;8090;1240;0;9690;2440;2700
P200218605;P200218605_15;O;8110;0;0;9710;1200;2700
P200218605;P200218605_16;P;9690;1240;0;11290;2440;2700
P200218605;P200218605_17;Q;9710;0;0;11310;1200;2700
P200218605;P200218605_18;R;11290;1240;0;12890;2440;2700
P200218605;P200218605_19;S;11310;0;0;12910;1200;930
P199218601;P199218601_1;A;0;0;0;1600;1200;2160
P199218601;P199218601_2;B;0;1240;0;1600;2440;2160
P199218601;P199218601_3;C;1600;1240;0;3200;2440;2340
P199218601;P199218601_4;D;1600;0;0;2600;1200;1455
P199218601;P199218601_5;E;2600;0;0;4200;1200;2160
P199218601;P199218601_6;F;3200;1240;0;4200;2440;1455
P199218601;P199218601_7;G;4200;0;0;5200;1200;1455
P199218601;P199218601_8;H;4200;1240;0;5200;2440;1455
P199218601;P199218601_9;I;5200;1240;0;6200;2440;1455
P199218601;P199218601_10;J;5200;0;0;6200;1200;1455
P199218601;P199218601_11;K;6200;0;0;7200;1200;1455
P199218601;P199218601_12;L;6200;1660;0;6770;2440;1771
P199218601;P199218601_13;M;6770;1660;0;7340;2440;1771
P199218601;P199218601_14;N;7200;0;0;7770;780;1771
P199218601;P199218601_15;O;7200;780;0;7770;1560;1771
P199218601;P199218601_16;P;7340;1660;0;7910;2440;1771
P199218601;P199218601_17;Q;7770;0;0;8340;780;1771
P199218601;P199218601_18;R;7770;780;0;8340;1560;1771
P199218601;P199218601_19;S;7910;1660;0;8480;2440;1771
P199218601;P199218601_20;T;8340;0;0;8910;780;1771
P199218601;P199218601_21;U;8340;780;0;8910;1560;1771
P199218601;P199218601_22;V;8480;1660;0;9050;2440;1771
P199218601;P199218601_23;W;8910;0;0;9480;780;1771
P199218601;P199218601_24;X;8910;780;0;9480;1560;1771
P199218601;P199218601_25;Y;9050;1660;0;9620;2440;1771
P199218601;P199218601_26;Z;9480;0;0;10680;1600;2160
P199218601;P199218601_27;AA;9620;1660;0;10190;2440;1771
P199218601;P199218601_28;AB;10190;1660;0;10760;2440;1771
P199218601;P199218601_29;AC;10680;0;0;11880;1600;2340
P199218601;P199218601_30;AD;10760;1660;0;11330;2440;1771
P199218601;P199218601_31;AE;11330;1660;0;11900;2440;1771
P199218601;P199218601_32;AF;11880;0;0;13080;1000;1455
P199218601;P199218601_33;AG;11900;1000;0;12900;2200;1455
P199218601;P199218601_34;AH;12900;1000;0;13470;1780;1771
Q199218601_1;Q199218601_1_1;A;0;0;0;570;780;1771
Q199218601_1;Q199218601_1_2;B;0;1010;0;1000;2210;1455
Q199218601_1;Q199218601_1_3;C;570;0;0;1140;780;1771
Q199218601_1;Q199218601_1_4;D;1000;1220;0;1570;2000;1771
Q199218601_1;Q199218601_1_5;E;1140;0;0;1710;780;1771
Q199218601_1;Q199218601_1_6;F;1570;1220;0;2140;2000;1771
Q199218601_1;Q199218601_1_7;G;1710;10;0;2710;1210;1455
Q199218601_1;Q199218601_1_8;H;2140;1240;0;3140;2440;1455
Q199218601_1;Q199218601_1_9;I;2710;0;0;3280;780;1771
Q199218601_1;Q199218601_1_10;J;3140;780;0;3710;1560;1771
Q199218601_1;Q199218601_1_11;K;3140;1660;0;3710;2440;478
Q199218601_1;Q199218601_1_12;L;3280;0;0;3850;780;1771
Q199218601_1;Q199218601_1_13;M;3710;840;0;4910;2440;2700
Q199218601_1;Q199218601_1_14;N;3850;0;0;4420;780;909
Q199218601_1;Q199218601_1_15;O;4910;1234;0;5920;2440;2370
Q199218601_1;Q199218601_1_16;P;4910;0;0;6510;1200;2700
Q199218601_1;Q199218601_1_17;Q;5920;1240;0;7520;2440;2700
Q199218601_1;Q199218601_1_18;R;6510;0;0;8110;1200;2700
Q199218601_1;Q199218601_1_19;S;7520;1240;0;9120;2440;2700
Q199218601_1;Q199218601_1_20;T;8110;0;0;9710;1200;2700
Q199218601_1;Q199218601_1_21;U;9120;1240;0;10720;2440;2700
Q199218601_1;Q199218601_1_22;V;9710;0;0;11310;1200;930
P194218601;P194218601_1;A;0;0;0;1600;1200;2340
P194218601;P194218601_2;B;0;1240;0;1000;2440;1455
P194218601;P194218601_3;C;1000;1240;0;2000;2440;1455
P194218601;P194218601_4;D;1600;0;0;2600;1200;1455
P194218601;P194218601_5;E;2000;1240;0;3000;2440;1455
P194218601;P194218601_6;F;2600;0;0;3600;1200;1455
P194218601;P194218601_7;G;3000;1240;0;4000;2440;1455
P194218601;P194218601_8;H;3600;0;0;4170;780;1771
P194218601;P194218601_9;I;4000;780;0;4570;1560;1771
P194218601;P194218601_10;J;4000;1660;0;4570;2440;1771
P194218601;P194218601_11;K;4170;0;0;4740;780;1771
P194218601;P194218601_12;L;4570;780;0;5140;1560;1771
P194218601;P194218601_13;M;4570;1660;0;5140;2440;1771
P194218601;P194218601_14;N;4740;0;0;5310;780;1771
P194218601;P194218601_15;O;5140;780;0;5710;1560;1771
P194218601;P194218601_16;P;5140;1660;0;5710;2440;1771
P194218601;P194218601_17;Q;5310;0;0;5880;780;1771
P194218601;P194218601_18;R;5710;780;0;6280;1560;1771
P194218601;P194218601_19;S;5710;1660;0;6280;2440;1771
P194218601;P194218601_20;T;5880;0;0;6450;780;1771
P194218601;P194218601_21;U;6280;840;0;7480;2440;2160
P194218601;P194218601_22;V;6450;0;0;7020;780;1771
P194218601;P194218601_23;W;7020;0;0;7590;780;1771
P194218601;P194218601_24;X;7480;840;0;8680;2440;2160
P194218601;P194218601_25;Y;7590;0;0;8160;780;1340
P194218601;P194218601_26;Z;8680;0;0;10280;1200;2160
P194218601;P194218601_27;AA;8680;1240;0;9680;2440;750
P194218601;P194218601_28;AB;9680;1234;0;10690;2440;2370
P194218601;P194218601_29;AC;10280;0;0;11880;1200;2700
P194218601;P194218601_30;AD;10690;1240;0;12290;2440;2700
P194218601;P194218601_31;AE;11880;0;0;13480;1200;2700
P194218601;P194218601_32;AF;12290;1660;0;12860;2440;1771
P194218601;P194218601_33;AG;12860;1660;0;13430;2440;1771
P193218605;P193218605_1;A;0;830;0;570;1610;1771
P193218605;P193218605_2;B;570;830;0;1140;1610;909
P193218605;P193218605_3;C;1140;1610;0;1710;2390;1771
P193218605;P193218605_4;D;1140;415;0;1710;1195;909
P193218605;P193218605_5;E;1710;0;0;3310;1200;2700
P193218605;P193218605_6;F;1710;1220;0;3310;2420;2700
P193218605;P193218605_7;G;3310;620;0;4910;1820;2700
P193218605;P193218605_8;H;4910;1240;0;6510;2440;2700
P193218605;P193218605_9;I;4910;0;0;6510;1200;2700
P193218605;P193218605_10;J;6510;1240;0;8110;2440;2700
P193218605;P193218605_11;K;6510;0;0;8110;1200;2700
P193218605;P193218605_12;L;8110;0;0;9710;1200;2700
P193218605;P193218605_13;M;8110;1240;0;9710;2440;2700
P193218605;P193218605_14;N;9710;1240;0;11310;2440;2700
P193218605;P193218605_15;O;9710;0;0;11310;1200;2700
P193218605;P193218605_16;P;11310;0;0;12910;1200;2700
P193218605;P193218605_17;Q;11310;1240;0;12910;2440;2700
P192218601;P192218601_1;A;0;1240;0;1600;2440;2160
P192218601;P192218601_2;B;0;0;0;1000;1200;1455
P192218601;P192218601_3;C;1000;0;0;2000;1200;1455
P192218601;P192218601_4;D;1600;1240;0;2600;2440;1455
P192218601;P192218601_5;E;2000;0;0;3000;1200;1455
P192218601;P192218601_6;F;2600;1240;0;3600;2440;1455
P192218601;P192218601_7;G;3000;0;0;3570;780;1771
P192218601;P192218601_8;H;3570;0;0;4140;780;1771
P192218601;P192218601_9;I;3600;780;0;4170;1560;1771
P192218601;P192218601_10;J;3600;1660;0;4170;2440;1771
P192218601;P192218601_11;K;4140;0;0;4710;780;1771
P192218601;P192218601_12;L;4170;780;0;4740;1560;1771
P192218601;P192218601_13;M;4170;1660;0;4740;2440;1771
P192218601;P192218601_14;N;4710;0;0;5280;780;1771
P192218601;P192218601_15;O;4740;840;0;5940;2440;2160
P192218601;P192218601_16;P;5280;0;0;5850;780;1771
P192218601;P192218601_17;Q;5850;0;0;6420;780;1771
P192218601;P192218601_18;R;5940;780;0;6510;1560;1771
P192218601;P192218601_19;S;5940;1660;0;6510;2440;1771
P192218601;P192218601_20;T;6420;0;0;6990;780;1771
P192218601;P192218601_21;U;6510;780;0;7080;1560;1340
P192218601;P192218601_22;V;7080;1240;0;8680;2440;750
P192218601;P192218601_23;W;7080;0;0;8680;1200;2700
P192218601;P192218601_24;X;8680;0;0;10280;1200;2700
P192218601;P192218601_25;Y;8680;1240;0;10280;2440;2700
P192218601;P192218601_26;Z;10280;1240;0;11880;2440;2700
P192218601;P192218601_27;AA;10280;0;0;11880;1200;2700
P192218601;P192218601_28;AB;11880;0;0;13480;1200;2700
P192218601;P192218601_29;AC;11880;1240;0;13480;2440;2700
P189218601;P189218601_1;A;0;0;0;1600;1200;2160
P189218601;P189218601_2;B;0;1240;0;1600;2440;1455
P189218601;P189218601_3;C;1600;1240;0;2600;2440;1455
P189218601;P189218601_4;D;1600;0;0;2600;1200;1455
P189218601;P189218601_5;E;2600;0;0;3600;1200;1455
P189218601;P189218601_6;F;2600;1240;0;3600;2440;1455
P189218601;P189218601_7;G;3600;1240;0;4600;2440;1455
P189218601;P189218601_8;H;3600;0;0;4170;780;1771
P189218601;P189218601_9;I;4170;0;0;4740;780;1771
P189218601;P189218601_10;J;4600;780;0;5170;1560;1771
P189218601;P189218601_11;K;4600;1660;0;5170;2440;1771
P189218601;P189218601_12;L;4740;0;0;5310;780;1771
P189218601;P189218601_13;M;5170;780;0;5740;1560;1771
P189218601;P189218601_14;N;5170;1660;0;5740;2440;1771
P189218601;P189218601_15;O;5310;0;0;5880;780;1771
P189218601;P189218601_16;P;5740;780;0;6310;1560;1771
P189218601;P189218601_17;Q;5740;1660;0;6310;2440;1771
P189218601;P189218601_18;R;5880;0;0;6450;780;1771
P189218601;P189218601_19;S;6310;1234;0;7320;2440;2370
P189218601;P189218601_20;T;6450;0;0;8050;1200;2700
P189218601;P189218601_21;U;7320;1240;0;8920;2440;2700
P189218601;P189218601_22;V;8050;0;0;9650;1200;2700
P189218601;P189218601_23;W;8920;1240;0;10520;2440;2700
P189218601;P189218601_24;X;9650;0;0;10220;780;1771
P189218601;P189218601_25;Y;10220;0;0;11820;1200;2700
P189218601;P189218601_26;Z;10520;1240;0;12120;2440;2700
P189218601;P189218601_27;AA;11820;0;0;13420;1200;2700
P189218601;P189218601_28;AB;12120;1234;0;13130;2440;2370
P188218609;P188218609_1;A;0;1660;0;570;2440;1771
P188218609;P188218609_2;B;0;0;0;570;780;1771
P188218609;P188218609_3;C;0;780;0;570;1560;1340
P188218609;P188218609_4;D;570;620;0;2170;1820;2700
P188218609;P188218609_5;E;2170;1240;0;3770;2440;2700
P188218609;P188218609_6;F;2170;0;0;3770;1200;2700
P188218609;P188218609_7;G;3770;0;0;5370;1200;2700
P188218609;P188218609_8;H;3770;1240;0;5370;2440;2700
P188218609;P188218609_9;I;5370;1240;0;6970;2440;2700
P188218609;P188218609_10;J;5370;0;0;6970;1200;2700
P188218609;P188218609_11;K;6970;0;0;8570;1200;2700
P188218609;P188218609_12;L;6970;1240;0;8570;2440;2700
P188218609;P188218609_13;M;8570;1240;0;10170;2440;2700
P188218609;P188218609_14;N;8570;0;0;10170;1200;2700
P188218609;P188218609_15;O;10170;0;0;11770;1200;2700
P188218609;P188218609_16;P;10170;1240;0;11770;2440;2700
P188218609;P188218609_17;Q;11770;1240;0;13370;2440;1815
P186218605;P186218605_1;A;0;0;0;570;780;478
P186218605;P186218605_2;B;0;1220;0;570;2000;478
P186218605;P186218605_3;C;570;0;0;1140;780;478
P186218605;P186218605_4;D;570;1660;0;1140;2440;478
P186218605;P186218605_5;E;570;830;0;1140;1610;478
P186218605;P186218605_6;F;1140;1660;0;1710;2440;478
P186218605;P186218605_7;G;1140;227;0;2150;1433;2370
P186218605;P186218605_8;H;1710;1546;0;2280;2326;1771
P186218605;P186218605_9;I;2150;173;0;3750;1373;2700
P186218605;P186218605_10;J;2280;1660;0;2850;2440;1771
P186218605;P186218605_11;K;2850;1401;0;4056;2411;2370
P186218605;P186218605_12;L;3750;100;0;5350;1300;2700
P186218605;P186218605_13;M;4056;1480;0;4626;2260;1771
P186218605;P186218605_14;N;5350;1240;0;6950;2440;2700
P186218605;P186218605_15;O;5350;0;0;6950;1200;2700
P186218605;P186218605_16;P;6950;0;0;8550;1200;2700
P186218605;P186218605_17;Q;6950;1240;0;8550;2440;2700
P186218605;P186218605_18;R;8550;1240;0;10150;2440;2700
P186218605;P186218605_19;S;8550;0;0;10150;1200;2700
P186218605;P186218605_20;T;10150;0;0;11750;1200;2700
P186218605;P186218605_21;U;10150;1240;0;11750;2440;2700
P186218605;P186218605_22;V;11750;1240;0;13350;2440;2700
P186218605;P186218605_23;W;11750;0;0;13350;1200;930
P185218601;P185218601_1;A;0;1240;0;1600;2440;2160
P185218601;P185218601_2;B;0;0;0;1600;1200;2340
P185218601;P185218601_3;C;1600;0;0;2170;780;1771
P185218601;P185218601_4;D;1600;840;0;2800;2440;2160
P185218601;P185218601_5;E;2170;0;0;2740;780;1771
P185218601;P185218601_6;F;2740;0;0;3310;780;1771
P185218601;P185218601_7;G;2800;1240;0;3800;2440;1455
P185218601;P185218601_8;H;3310;0;0;4310;1200;1455
P185218601;P185218601_9;I;3800;1240;0;4800;2440;1455
P185218601;P185218601_10;J;4310;0;0;5310;1200;1455
P185218601;P185218601_11;K;4800;1240;0;5800;2440;1455
P185218601;P185218601_12;L;5310;0;0;5880;780;1771
P185218601;P185218601_13;M;5800;780;0;6370;1560;1771
P185218601;P185218601_14;N;5800;1660;0;6370;2440;1771
P185218601;P185218601_15;O;5880;0;0;6450;780;1771
P185218601;P185218601_16;P;6370;780;0;6940;1560;1771
P185218601;P185218601_17;Q;6370;1660;0;6940;2440;1771
P185218601;P185218601_18;R;6450;0;0;7020;780;1771
P185218601;P185218601_19;S;6940;780;0;7510;1560;1771
P185218601;P185218601_20;T;6940;1660;0;7510;2440;1771
P185218601;P185218601_21;U;7020;0;0;7590;780;1771
P185218601;P185218601_22;V;7510;780;0;8080;1560;1771
P185218601;P185218601_23;W;7510;1660;0;8080;2440;1771
P185218601;P185218601_24;X;7590;0;0;8160;780;1771
P185218601;P185218601_25;Y;8080;1240;0;9080;2440;1455
P185218601;P185218601_26;Z;8160;0;0;9160;1200;1455
P185218601;P185218601_27;AA;9080;1240;0;10680;2440;2160
P185218601;P185218601_28;AB;9160;0;0;10760;1200;2160
P185218601;P185218601_29;AC;10680;1240;0;12280;2440;2340
P185218601;P185218601_30;AD;10760;0;0;12360;1200;750
P185218601;P185218601_31;AE;12280;1660;0;12850;2440;1771
P185218601;P185218601_32;AF;12360;0;0;12930;780;1771
P185218601;P185218601_33;AG;12360;780;0;12930;1560;1771
P185218601;P185218601_34;AH;12850;1660;0;13420;2440;1771
P185218601;P185218601_35;AI;12930;0;0;13500;780;1771
P185218601;P185218601_36;AJ;12930;780;0;13500;1560;1771
Q185218601_1;Q185218601_1_1;A;0;0;0;1000;1200;1455
Q185218601_1;Q185218601_1_2;B;0;1200;0;1000;2400;1455
Q185218601_1;Q185218601_1_3;C;1000;1660;0;1570;2440;1771
Q185218601_1;Q185218601_1_4;D;1000;0;0;1570;780;1771
Q185218601_1;Q185218601_1_5;E;1000;780;0;1570;1560;1771
Q185218601_1;Q185218601_1_6;F;1570;0;0;2140;780;1340
Q185218601_1;Q185218601_1_7;G;1570;1240;0;2570;2440;1455
Q185218601_1;Q185218601_1_8;H;2140;0;0;3140;1200;1455
Q185218601_1;Q185218601_1_9;I;2570;1240;0;3570;2440;1455
Q185218601_1;Q185218601_1_10;J;3140;0;0;4140;1200;1455
Q185218601_1;Q185218601_1_11;K;3570;1240;0;4570;2440;1455
Q185218601_1;Q185218601_1_12;L;4140;0;0;5740;1200;2700
Q185218601_1;Q185218601_1_13;M;4570;1240;0;6170;2440;2700
Q185218601_1;Q185218601_1_14;N;5740;0;0;7340;1200;2700
Q185218601_1;Q185218601_1_15;O;6170;1660;0;6740;2440;1771
Q185218601_1;Q185218601_1_16;P;6740;1660;0;7310;2440;478
Q185218601_1;Q185218601_1_17;Q;7310;1240;0;8910;2440;2700
Q185218601_1;Q185218601_1_18;R;7340;0;0;8940;1200;2700
Q185218601_1;Q185218601_1_19;S;8910;1240;0;10510;2440;2700
Q185218601_1;Q185218601_1_20;T;8940;0;0;10540;1200;2700
P180065831;P180065831_1;A;0;1234;0;1010;2440;2937
P180065831;P180065831_2;B;0;0;0;1010;1206;2953
P180065831;P180065831_3;C;1010;0;0;2020;1206;2747
P180065831;P180065831_4;D;1010;1234;0;2020;2440;1440
P180065831;P180065831_5;E;2020;1240;0;3020;2440;975
P180065831;P180065831_6;F;2020;0;0;3030;1206;2270
P180065831;P180065831_7;G;3020;1240;0;4620;2440;2865
P180065831;P180065831_8;H;3030;0;0;4630;1200;2865
P180065831;P180065831_9;I;4620;1240;0;6220;2440;2865
P180065831;P180065831_10;J;4630;0;0;6230;1200;2865
P180065831;P180065831_11;K;6220;1240;0;7820;2440;2865
P180065831;P180065831_12;L;6230;0;0;7830;1200;2865
P180065831;P180065831_13;M;7820;1240;0;9420;2440;2865
P180065831;P180065831_14;N;7830;0;0;9430;1200;2865
P180065831;P180065831_15;O;9420;1240;0;10420;2440;2385
P180065831;P180065831_16;P;9430;0;0;10430;1200;2865
P180065831;P180065831_17;Q;10420;1240;0;11420;2440;2865
P180065831;P180065831_18;R;10430;0;0;12030;1200;2865
P180065831;P180065831_19;S;11420;1240;0;12420;2440;2385
P180065831;P180065831_20;T;12030;0;0;13030;1200;2865
P180065831;P180065831_21;U;12420;1240;0;13420;2440;2865
P179065821;P179065821_1;A;0;1240;0;1600;2440;2865
P179065821;P179065821_2;B;0;0;0;1600;1200;2865
P179065821;P179065821_3;C;1600;0;0;3200;1200;2865
P179065821;P179065821_4;D;1600;1240;0;3200;2440;2865
P179065821;P179065821_5;E;3200;1240;0;4800;2440;2865
P179065821;P179065821_6;F;3200;0;0;4800;1200;2865
P179065821;P179065821_7;G;4800;0;0;6400;1200;2865
P179065821;P179065821_8;H;4800;1240;0;6400;2440;2865
P179065821;P179065821_9;I;6400;1240;0;7400;2440;2865
P179065821;P179065821_10;J;6400;0;0;7400;1200;2865
P179065821;P179065821_11;K;7400;0;0;9000;1200;2865
P179065821;P179065821_12;L;7400;1240;0;9000;2440;2865
P179065821;P179065821_13;M;9000;1240;0;10600;2440;2865
P179065821;P179065821_14;N;9000;0;0;10600;1200;2865
P179065821;P179065821_15;O;10600;0;0;12200;1200;2865
P179065821;P179065821_16;P;10600;1240;0;12200;2440;2865
P179065821;P179065821_17;Q;12200;0;0;13400;1600;750
P178065821;P178065821_1;A;0;1240;0;1000;2440;2385
P178065821;P178065821_2;B;0;0;0;1000;1200;2865
P178065821;P178065821_3;C;1000;0;0;2000;1200;2865
P178065821;P178065821_4;D;1000;1240;0;2600;2440;2865
P178065821;P178065821_5;E;2000;0;0;3600;1200;2865
P178065821;P178065821_6;F;2600;1240;0;4200;2440;2865
P178065821;P178065821_7;G;3600;0;0;5200;1200;2865
P178065821;P178065821_8;H;4200;1240;0;5800;2440;2865
P178065821;P178065821_9;I;5200;0;0;6800;1200;2865
P178065821;P178065821_10;J;5800;1240;0;7400;2440;2865
P178065821;P178065821_11;K;6800;0;0;8400;1200;2865
P178065821;P178065821_12;L;7400;1240;0;9000;2440;2865
P178065821;P178065821_13;M;8400;0;0;10000;1200;2865
P178065821;P178065821_14;N;9000;1240;0;10600;2440;2865
P178065821;P178065821_15;O;10000;0;0;11600;1200;2865
P178065821;P178065821_16;P;10600;1240;0;12200;2440;2865
P178065821;P178065821_17;Q;11600;0;0;13200;1200;2865
P178065821;P178065821_18;R;12200;1240;0;13200;2440;2865
P178065831;P178065831_1;A;0;1234;0;1010;2440;2921
P178065831;P178065831_2;B;0;0;0;1010;1206;2923
P178065831;P178065831_3;C;1010;0;0;2020;1206;2808
P178065831;P178065831_4;D;1010;1234;0;2020;2440;2647
P178065831;P178065831_5;E;2020;1234;0;3030;2440;2851
P178065831;P178065831_6;F;2020;0;0;3030;1206;2170
P178065831;P178065831_7;G;3030;0;0;4040;1206;2362
P178065831;P178065831_8;H;3030;1234;0;4040;2440;2840
P178065831;P178065831_9;I;4040;1234;0;5050;2440;670
P178065831;P178065831_10;J;4040;0;0;5040;1200;2385
P178065831;P178065831_11;K;5040;0;0;6040;1200;2865
P178065831;P178065831_12;L;5050;1240;0;6650;2440;2865
P178065831;P178065831_13;M;6040;0;0;7640;1200;2865
P178065831;P178065831_14;N;6650;1240;0;7650;2440;2865
P178065831;P178065831_15;O;7640;0;0;9240;1200;2865
P178065831;P178065831_16;P;7650;1240;0;9250;2440;2865
P178065831;P178065831_17;Q;9240;0;0;10840;1200;2865
P178065831;P178065831_18;R;9250;1240;0;10850;2440;2865
P178065831;P178065831_19;S;10840;0;0;12440;1200;2865
P178065831;P178065831_20;T;10850;1240;0;12450;2440;2865
P178065831;P178065831_21;U;12440;0;0;13440;1200;2865
P178065831;P178065831_22;V;12450;1240;0;13450;2440;975
P177065821;P177065821_1;A;0;0;0;1600;1200;2865
P177065821;P177065821_2;B;0;1240;0;1000;2440;2865
P177065821;P177065821_3;C;1000;1240;0;2000;2440;2865
P177065821;P177065821_4;D;1600;0;0;3200;1200;2865
P177065821;P177065821_5;E;2000;1240;0;3600;2440;2865
P177065821;P177065821_6;F;3200;0;0;4200;1200;2385
P177065821;P177065821_7;G;3600;1240;0;5200;2440;2865
P177065821;P177065821_8;H;4200;0;0;5800;1200;2865
P177065821;P177065821_9;I;5200;1240;0;6800;2440;2865
P177065821;P177065821_10;J;5800;0;0;7400;1200;2865
P177065821;P177065821_11;K;6800;1240;0;8400;2440;2160
P174065821;P174065821_1;A;0;1240;0;1000;2440;2865
P174065821;P174065821_2;B;0;0;0;1600;1200;2865
P174065821;P174065821_3;C;1000;1240;0;2600;2440;2865
P174065821;P174065821_4;D;1600;0;0;3200;1200;2865
P174065821;P174065821_5;E;2600;1240;0;4200;2440;2865
P174065821;P174065821_6;F;3200;0;0;4200;1200;2865
P174065821;P174065821_7;G;4200;0;0;5200;1200;2865
P174065821;P174065821_8;H;4200;1240;0;5800;2440;2865
P174065821;P174065821_9;I;5200;0;0;6800;1200;2865
P174065821;P174065821_10;J;5800;1240;0;7400;2440;2865
P174065821;P174065821_11;K;6800;0;0;8400;1200;2865
P174065821;P174065821_12;L;7400;1240;0;9000;2440;2865
P174065821;P174065821_13;M;8400;0;0;10000;1200;2865
P174065821;P174065821_14;N;9000;1240;0;10600;2440;2865
P174065821;P174065821_15;O;10000;0;0;11600;1200;2865
P174065821;P174065821_16;P;10600;1240;0;12200;2440;2865
P174065821;P174065821_17;Q;11600;0;0;13200;1200;1455
P174065821;P174065821_18;R;12200;1240;0;13200;2440;2865
P173065821;P173065821_1;A;0;1240;0;1000;2440;2835
P173065821;P173065821_2;B;0;0;0;1600;1200;2865
P173065821;P173065821_3;C;1000;1240;0;2600;2440;2865
P173065821;P173065821_4;D;1600;0;0;3200;1200;2865
P173065821;P173065821_5;E;2600;1240;0;4200;2440;2865
P173065821;P173065821_6;F;3200;0;0;4800;1200;2865
P173065821;P173065821_7;G;4200;1240;0;5200;2440;2865
P173065821;P173065821_8;H;4800;0;0;5800;1200;2865
P173065821;P173065821_9;I;5200;1240;0;6800;2440;2865
P173065821;P173065821_10;J;5800;0;0;7400;1200;2865
P173065821;P173065821_11;K;6800;1240;0;8400;2440;2865
P173065821;P173065821_12;L;7400;0;0;9000;1200;2865
P173065821;P173065821_13;M;8400;1240;0;10000;2440;2865
P173065821;P173065821_14;N;9000;0;0;10600;1200;2865
P173065821;P173065821_15;O;10000;1240;0;11600;2440;2865
P173065821;P173065821_16;P;10600;0;0;12200;1200;2865
P173065821;P173065821_17;Q;11600;1240;0;13200;2440;2865
P173065821;P173065821_18;R;12200;0;0;13200;1200;2865
P173065831;P173065831_1;A;0;0;0;1010;1206;2910
P173065831;P173065831_2;B;0;1234;0;1010;2440;2795
P173065831;P173065831_3;C;1010;1234;0;2020;2440;2751
P173065831;P173065831_4;D;1010;0;0;2020;1206;2936
P173065831;P173065831_5;E;2020;0;0;3030;1206;2940
P173065831;P173065831_6;F;2020;1234;0;3030;2440;2747
P173065831;P173065831_7;G;3030;1234;0;4040;2440;2933
P173065831;P173065831_8;H;3030;0;0;4040;1206;2933
P173065831;P173065831_9;I;4040;0;0;5050;1206;2170
P173065831;P173065831_10;J;4040;1234;0;5050;2440;2710
P173065831;P173065831_11;K;5050;1234;0;6060;2440;2270
P173065831;P173065831_12;L;5050;0;0;6060;1206;1185
P173065831;P173065831_13;M;6060;0;0;7060;1200;2865
P173065831;P173065831_14;N;6060;1240;0;7060;2440;2865
P173065831;P173065831_15;O;7060;1240;0;8660;2440;2865
P173065831;P173065831_16;P;7060;0;0;8660;1200;2865
P173065831;P173065831_17;Q;8660;0;0;10260;1200;2865
P173065831;P173065831_18;R;8660;1240;0;10260;2440;2865
P173065831;P173065831_19;S;10260;1240;0;11860;2440;2865
P173065831;P173065831_20;T;10260;0;0;11860;1200;2865
P173065831;P173065831_21;U;11860;0;0;13460;1200;2865
P173065831;P173065831_22;V;11860;1240;0;13460;2440;2865
P171065821;P171065821_1;A;0;1240;0;1000;2440;2865
P171065821;P171065821_2;B;0;0;0;1000;1200;2610
P171065821;P171065821_3;C;1000;0;0;2000;1200;2865
P171065821;P171065821_4;D;1000;1240;0;2000;2440;2865
P171065821;P171065821_5;E;2000;1240;0;3600;2440;2865
P171065821;P171065821_6;F;2000;0;0;3600;1200;2865
P171065821;P171065821_7;G;3600;0;0;4600;1200;2865
P171065821;P171065821_8;H;3600;1240;0;5200;2440;2865
P171065821;P171065821_9;I;4600;0;0;6200;1200;2865
P171065821;P171065821_10;J;5200;1240;0;6800;2440;2865
P171065821;P171065821_11;K;6200;0;0;7800;1200;2865
P171065821;P171065821_12;L;6800;1240;0;8400;2440;2865
P171065821;P171065821_13;M;7800;0;0;8800;1200;2865
P171065821;P171065821_14;N;8400;1240;0;10000;2440;2865
P171065821;P171065821_15;O;8800;0;0;9800;1200;2865
P171065821;P171065821_16;P;9800;0;0;10800;1200;2865
P171065821;P171065821_17;Q;10000;1240;0;11600;2440;2865
P171065821;P171065821_18;R;10800;0;0;12400;1200;2865
P171065821;P171065821_19;S;11600;1240;0;13200;2440;2865
P171065821;P171065821_20;T;12400;0;0;13400;1200;2865
P171065831;P171065831_1;A;0;1234;0;1010;2440;2932
P171065831;P171065831_2;B;0;0;0;1010;1206;2647
P171065831;P171065831_3;C;1010;0;0;2020;1206;2362
P171065831;P171065831_4;D;1010;1234;0;2020;2440;2655
P171065831;P171065831_5;E;2020;1234;0;3030;2440;2655
P171065831;P171065831_6;F;2020;0;0;3030;1206;2655
P171065831;P171065831_7;G;3030;0;0;4040;1206;2651
P171065831;P171065831_8;H;3030;1234;0;4040;2440;2895
P171065831;P171065831_9;I;4040;1234;0;5050;2440;2410
P171065831;P171065831_10;J;4040;0;0;5050;1206;2555
P171065831;P171065831_11;K;5050;0;0;6060;1206;1370
P171065831;P171065831_12;L;5050;1240;0;6050;2440;2610
P171065831;P171065831_13;M;6050;1240;0;7650;2440;2865
P171065831;P171065831_14;N;6060;0;0;7660;1200;2865
P171065831;P171065831_15;O;7650;1240;0;9250;2440;2865
P171065831;P171065831_16;P;7660;0;0;9260;1200;2865
P171065831;P171065831_17;Q;9250;1240;0;10850;2440;2865
P171065831;P171065831_18;R;9260;0;0;10860;1200;2865
P171065831;P171065831_19;S;10850;1240;0;12450;2440;2865
P171065831;P171065831_20;T;10860;0;0;12460;1200;2865
P171065831;P171065831_21;U;12450;1240;0;13450;2440;2865
P171065831;P171065831_22;V;12460;0;0;13460;1200;2865
P170065821;P170065821_1;A;0;0;0;1600;1200;2865
P170065821;P170065821_2;B;0;1200;0;1600;2400;2865
P170065821;P170065821_3;C;1600;1240;0;3200;2440;2865
P170065821;P170065821_4;D;1600;0;0;3200;1200;2865
P170065821;P170065821_5;E;3200;1240;0;4800;2440;2865
P170065821;P170065821_6;F;3200;0;0;4800;1200;2865
P170065821;P170065821_7;G;4800;0;0;6400;1200;2865
P170065821;P170065821_8;H;4800;1240;0;6400;2440;2865
P170065821;P170065821_9;I;6400;1240;0;8000;2440;2865
P170065821;P170065821_10;J;6400;0;0;8000;1200;2865
P170065821;P170065821_11;K;8000;0;0;9600;1200;2865
P170065821;P170065821_12;L;8000;1240;0;9600;2440;2865
P170065821;P170065821_13;M;9600;1240;0;10600;2440;2865
P170065821;P170065821_14;N;9600;0;0;11200;1200;2865
P170065821;P170065821_15;O;10600;1240;0;12200;2440;2865
P170065821;P170065821_16;P;11200;0;0;12800;1200;2865
P170065821;P170065821_17;Q;12200;1240;0;13200;2440;2865
P167065821;P167065821_1;A;0;0;0;1000;1200;2865
P167065821;P167065821_2;B;0;1240;0;1000;2440;2835
P167065821;P167065821_3;C;1000;1240;0;2600;2440;2865
P167065821;P167065821_4;D;1000;0;0;2600;1200;2865
P167065821;P167065821_5;E;2600;0;0;4200;1200;2865
P167065821;P167065821_6;F;2600;1240;0;4200;2440;2865
P167065821;P167065821_7;G;4200;1240;0;5200;2440;2865
P167065821;P167065821_8;H;4200;0;0;5800;1200;2865
P167065821;P167065821_9;I;5200;1240;0;6800;2440;2865
P167065821;P167065821_10;J;5800;0;0;7400;1200;2865
P167065821;P167065821_11;K;6800;1240;0;8400;2440;2865
P167065821;P167065821_12;L;7400;0;0;9000;1200;2865
P167065821;P167065821_13;M;8400;1240;0;10000;2440;2865
P167065821;P167065821_14;N;9000;0;0;10600;1200;2865
P167065821;P167065821_15;O;10000;1240;0;11600;2440;2865
P167065821;P167065821_16;P;10600;0;0;12200;1200;2865
P167065821;P167065821_17;Q;11600;1240;0;13200;2440;2865
P167065821;P167065821_18;R;12200;0;0;13200;1200;2865
P166065821;P166065821_1;A;0;0;0;1600;1200;2865
P166065821;P166065821_2;B;0;1240;0;1600;2440;2865
P166065821;P166065821_3;C;1600;1240;0;3200;2440;2865
P166065821;P166065821_4;D;1600;0;0;3200;1200;2865
P166065821;P166065821_5;E;3200;0;0;4800;1200;2865
P166065821;P166065821_6;F;3200;1240;0;4200;2440;2865
P166065821;P166065821_7;G;4200;1240;0;5200;2440;2865
P166065821;P166065821_8;H;4800;0;0;5800;1200;2865
P166065821;P166065821_9;I;5200;1240;0;6800;2440;2865
P166065821;P166065821_10;J;5800;0;0;7400;1200;2865
P166065821;P166065821_11;K;6800;1240;0;8400;2440;2865
P166065821;P166065821_12;L;7400;0;0;9000;1200;2865
P166065821;P166065821_13;M;8400;1240;0;10000;2440;2865
P166065821;P166065821_14;N;9000;0;0;10600;1200;2865
P166065821;P166065821_15;O;10000;1240;0;11600;2440;2865
P166065821;P166065821_16;P;10600;0;0;12200;1200;2865
P166065821;P166065821_17;Q;11600;1240;0;13200;2440;2865
P166065821;P166065821_18;R;12200;0;0;13200;1200;2160
Q166065821_1;Q166065821_1_1;A;0;0;0;1000;1200;1905
Q166065821_1;Q166065821_1_2;B;0;1240;0;1600;2440;2865
Q166065821_1;Q166065821_1_3;C;1000;0;0;2600;1200;2865
Q166065821_1;Q166065821_1_4;D;1600;1240;0;3200;2440;2865
Q166065821_1;Q166065821_1_5;E;2600;0;0;4200;1200;2865
Q166065821_1;Q166065821_1_6;F;3200;1240;0;4800;2440;2865
Q166065821_1;Q166065821_1_7;G;4200;0;0;5800;1200;2865
Q166065821_1;Q166065821_1_8;H;4800;1240;0;5800;2440;2865
Q166065821_1;Q166065821_1_9;I;5800;1240;0;6800;2440;2865
Q166065821_1;Q166065821_1_10;J;5800;0;0;6800;1200;2865
Q166065821_1;Q166065821_1_11;K;6800;0;0;7800;1200;2160
P240162041;P240162041_1;A;0;620;0;1600;1820;2865
P240162041;P240162041_2;B;1600;1240;0;3200;2440;2865
P240162041;P240162041_3;C;1600;0;0;3200;1200;2865
P240162041;P240162041_4;D;3200;1240;0;4800;2440;2865
P240162041;P240162041_5;E;3200;0;0;3770;780;1771
P240162041;P240162041_6;F;3770;0;0;4340;780;1771
P240162041;P240162041_7;G;4340;0;0;4910;780;909
P240162041;P240162041_8;H;4800;840;0;6000;2440;2865
P240162041;P240162041_9;I;6000;0;0;7600;1200;2865
P240162041;P240162041_10;J;6000;1240;0;7600;2440;2865
P240162041;P240162041_11;K;7600;1240;0;9200;2440;2865
P240162041;P240162041_12;L;7600;0;0;8600;1200;2865
P240162041;P240162041_13;M;8600;0;0;9600;1200;2865
P240162041;P240162041_14;N;9200;1240;0;10200;2440;2160
P209162043;P209162043_1;A;0;1240;0;1600;2440;750
P209162043;P209162043_2;B;0;0;0;1600;1200;750
P209162043;P209162043_3;C;1600;620;0;3200;1820;2865
P209162043;P209162043_4;D;3200;1240;0;4800;2440;2865
P209162043;P209162043_5;E;3200;20;0;4800;1220;2865
P209162043;P209162043_6;F;4800;0;0;6400;1200;750
P209162043;P209162043_7;G;4800;1240;0;5800;2440;2700
P209162043;P209162043_8;H;5800;1660;0;6370;2440;1340
P209162043;P209162043_9;I;6370;1240;0;7970;2440;2865
P209162043;P209162043_10;J;6400;0;0;8000;1200;2865
P209162043;P209162043_11;K;7970;1240;0;9570;2440;2865
P209162043;P209162043_12;L;8000;0;0;9600;1200;2865
P209162043;P209162043_13;M;9570;1240;0;11170;2440;2865
P209162043;P209162043_14;N;9600;0;0;11200;1200;2865
P209162043;P209162043_15;O;11170;1240;0;12770;2440;2865
P209162043;P209162043_16;P;11200;0;0;12200;1200;2865
P209162043;P209162043_17;Q;12200;0;0;13200;1200;2865
P209162043;P209162043_18;R;12770;1660;0;13340;2440;1771
P207162041;P207162041_1;A;0;1240;0;1000;2440;2865
P207162041;P207162041_2;B;0;230;0;570;1010;1771
P207162041;P207162041_3;C;570;0;0;2170;1200;2865
P207162041;P207162041_4;D;1000;1220;0;2600;2420;2865
P207162041;P207162041_5;E;2170;10;0;3770;1210;2865
P207162041;P207162041_6;F;2600;1225;0;4200;2425;2865
P207162041;P207162041_7;G;3770;0;0;5370;1200;2865
P207162041;P207162041_8;H;4200;1240;0;5800;2440;2865
P207162041;P207162041_9;I;5370;0;0;6970;1200;2865
P207162041;P207162041_10;J;5800;1240;0;7400;2440;2865
P207162041;P207162041_11;K;6970;0;0;7970;1200;2865
P207162041;P207162041_12;L;7400;1240;0;8400;2440;2865
P207162041;P207162041_13;M;7970;0;0;8540;780;1771
P207162041;P207162041_14;N;8400;780;0;8970;1560;1771
P207162041;P207162041_15;O;8400;1660;0;8970;2440;1771
P207162041;P207162041_16;P;8540;0;0;9110;780;1771
P207162041;P207162041_17;Q;8970;840;0;10170;2440;2865
P207162041;P207162041_18;R;9110;0;0;9680;780;1340
P207162041;P207162041_19;S;10170;0;0;11770;1200;2865
P207162041;P207162041_20;T;10170;1240;0;11770;2440;2865
P207162041;P207162041_21;U;11770;1240;0;13370;2440;2865
P207162041;P207162041_22;V;11770;0;0;13370;1200;2865
P206162043;P206162043_1;A;0;0;0;1600;1200;750
P206162043;P206162043_2;B;0;1240;0;1600;2440;750
P206162043;P206162043_3;C;1600;1240;0;3200;2440;750
P206162043;P206162043_4;D;1600;20;0;3200;1220;750
P206162043;P206162043_5;E;3200;620;0;4800;1820;2865
P206162043;P206162043_6;F;4800;1240;0;6400;2440;2865
P206162043;P206162043_7;G;4800;20;0;6400;1220;2865
P206162043;P206162043_8;H;6400;0;0;8000;1200;2865
P206162043;P206162043_9;I;6400;1240;0;8000;2440;2865
P206162043;P206162043_10;J;8000;1240;0;9000;2440;1815
P206162043;P206162043_11;K;8000;0;0;8570;780;1771
P206162043;P206162043_12;L;8570;0;0;9140;780;909
P206162043;P206162043_13;M;9000;1240;0;10000;2440;750
P206162043;P206162043_14;N;9140;0;0;10740;1200;2865
P206162043;P206162043_15;O;10000;1240;0;11600;2440;2865
P206162043;P206162043_16;P;10740;0;0;12340;1200;2865
P206162043;P206162043_17;Q;11600;1240;0;13200;2440;2865
P206162043;P206162043_18;R;12340;0;0;12910;780;1771
P206162043;P206162043_19;S;12910;0;0;13480;780;1771
P205162041;P205162041_1;A;0;0;0;1600;1200;2865
P205162041;P205162041_2;B;0;1200;0;1600;2400;2865
P205162041;P205162041_3;C;1600;620;0;2600;1820;2865
P205162041;P205162041_4;D;2600;1240;0;3600;2440;2865
P205162041;P205162041_5;E;2600;0;0;3600;1200;2865
P205162041;P205162041_6;F;3600;1240;0;5200;2440;2865
P205162041;P205162041_7;G;3600;0;0;5200;1200;2865
P205162041;P205162041_8;H;5200;0;0;6800;1200;2865
P205162041;P205162041_9;I;5200;1240;0;6800;2440;2865
P205162041;P205162041_10;J;6800;1240;0;8400;2440;2865
P205162041;P205162041_11;K;6800;0;0;7800;1200;2865
P205162041;P205162041_12;L;7800;0;0;8370;780;1771
P205162041;P205162041_13;M;8370;0;0;9970;1200;2865
P205162041;P205162041_14;N;8400;1240;0;10000;2440;2865
P205162041;P205162041_15;O;9970;0;0;11570;1200;2865
P205162041;P205162041_16;P;10000;1240;0;11600;2440;2865
P205162041;P205162041_17;Q;11570;0;0;13170;1200;2865
P205162041;P205162041_18;R;11600;1240;0;13200;2440;2865
P202162043;P202162043_1;A;0;0;0;1600;1200;2160
P202162043;P202162043_2;B;0;1240;0;1600;2440;750
P202162043;P202162043_3;C;1600;1660;0;2170;2440;1771
P202162043;P202162043_4;D;1600;30;0;2800;1630;2865
P202162043;P202162043_5;E;2170;1660;0;2740;2440;1771
P202162043;P202162043_6;F;2740;1660;0;3310;2440;1771
P202162043;P202162043_7;G;2800;30;0;4000;1630;2865
P202162043;P202162043_8;H;3310;1660;0;3880;2440;1771
P202162043;P202162043_9;I;3880;1660;0;4450;2440;1771
P202162043;P202162043_10;J;4000;0;0;5000;1200;2865
P202162043;P202162043_11;K;4450;1220;0;5450;2420;2865
P202162043;P202162043_12;L;5000;10;0;6000;1210;2865
P202162043;P202162043_13;M;5450;1240;0;7050;2440;2865
P202162043;P202162043_14;N;6000;0;0;7600;1200;2865
P202162043;P202162043_15;O;7050;1240;0;8650;2440;2865
P202162043;P202162043_16;P;7600;0;0;9200;1200;2865
P202162043;P202162043_17;Q;8650;1240;0;10250;2440;2865
P202162043;P202162043_18;R;9200;0;0;10800;1200;2865
P202162043;P202162043_19;S;10250;1240;0;11850;2440;2865
P202162043;P202162043_20;T;10800;0;0;12400;1200;2865
P202162043;P202162043_21;U;11850;1240;0;13450;2440;2865
P202162043;P202162043_22;V;12400;0;0;13400;1200;2865
P201162043;P201162043_1;A;0;1240;0;1600;2440;750
P201162043;P201162043_2;B;0;20;0;1600;1220;750
P201162043;P201162043_3;C;1600;620;0;3200;1820;2865
P201162043;P201162043_4;D;3200;620;0;4800;1820;2865
P201162043;P201162043_5;E;4800;620;0;6400;1820;2160
P201162043;P201162043_6;F;6400;1240;0;8000;2440;2160
P201162043;P201162043_7;G;6400;0;0;8000;1200;2865
P201162043;P201162043_8;H;8000;0;0;9600;1200;2865
P201162043;P201162043_9;I;8000;1240;0;9000;2440;1815
P201162043;P201162043_10;J;9000;1660;0;9570;2440;478
P201162043;P201162043_11;K;9570;1240;0;10570;2440;2865
P201162043;P201162043_12;L;9600;0;0;11200;1200;2865
P201162043;P201162043_13;M;10570;1240;0;11570;2440;2865
P201162043;P201162043_14;N;11200;0;0;12200;1200;2865
P201162043;P201162043_15;O;11570;1660;0;12140;2440;1771
P201162043;P201162043_16;P;12140;1660;0;12710;2440;1771
P201162043;P201162043_17;Q;12200;0;0;13400;1600;2865
P201162043;P201162043_18;R;12710;1660;0;13280;2440;1771
P200162041;P200162041_1;A;0;1240;0;1000;2440;2865
P200162041;P200162041_2;B;0;0;0;1600;1200;2865
P200162041;P200162041_3;C;1000;1240;0;2600;2440;2865
P200162041;P200162041_4;D;1600;0;0;3200;1200;2865
P200162041;P200162041_5;E;2600;1240;0;4200;2440;2865
P200162041;P200162041_6;F;3200;0;0;4200;1200;2865
P200162041;P200162041_7;G;4200;0;0;5200;1200;2865
P200162041;P200162041_8;H;4200;1240;0;5800;2440;2865
P200162041;P200162041_9;I;5200;0;0;6800;1200;2865
P200162041;P200162041_10;J;5800;1240;0;7400;2440;2865
P200162041;P200162041_11;K;6800;0;0;7370;780;1771
P200162041;P200162041_12;L;7370;0;0;7940;780;1771
P200162041;P200162041_13;M;7400;840;0;8600;2440;2865
P200162041;P200162041_14;N;7940;0;0;8510;780;478
P200162041;P200162041_15;O;8600;1240;0;10200;2440;2865
P200162041;P200162041_16;P;8600;0;0;10200;1200;2865
P200162041;P200162041_17;Q;10200;0;0;11800;1200;2865
P200162041;P200162041_18;R;10200;1240;0;11800;2440;2865
P200162041;P200162041_19;S;11800;1240;0;13400;2440;2865
P200162041;P200162041_20;T;11800;0;0;13400;1200;2865
P199162043;P199162043_1;A;0;0;0;1600;1200;750
P199162043;P199162043_2;B;0;1220;0;1600;2420;750
P199162043;P199162043_3;C;1600;620;0;3200;1820;2865
P199162043;P199162043_4;D;3200;620;0;4800;1820;2865
P199162043;P199162043_5;E;4800;620;0;6400;1820;2160
P199162043;P199162043_6;F;6400;1240;0;8000;2440;2865
P199162043;P199162043_7;G;6400;0;0;8000;1200;2160
P199162043;P199162043_8;H;8000;1240;0;9000;2440;2700
P199162043;P199162043_9;I;8000;0;0;9000;1200;1815
P199162043;P199162043_10;J;9000;0;0;9570;780;909
P199162043;P199162043_11;K;9000;840;0;10200;2440;2865
P199162043;P199162043_12;L;9570;0;0;10140;780;1771
P199162043;P199162043_13;M;10140;0;0;10710;780;1771
P199162043;P199162043_14;N;10200;1240;0;11200;2440;2865
P199162043;P199162043_15;O;10710;0;0;11710;1200;2865
P199162043;P199162043_16;P;11200;1240;0;12800;2440;2865
P199162043;P199162043_17;Q;11710;0;0;13310;1200;2865
P199162043;P199162043_18;R;12800;1660;0;13370;2440;909
P198162041;P198162041_1;A;0;620;0;1000;1820;2865
P198162041;P198162041_2;B;1000;1240;0;2600;2440;2865
P198162041;P198162041_3;C;1000;0;0;2600;1200;2865
P198162041;P198162041_4;D;2600;1240;0;4200;2440;2865
P198162041;P198162041_5;E;2600;0;0;4200;1200;2865
P198162041;P198162041_6;F;4200;0;0;5800;1200;2865
P198162041;P198162041_7;G;4200;1240;0;5800;2440;2865
P198162041;P198162041_8;H;5800;1240;0;7400;2440;2865
P198162041;P198162041_9;I;5800;0;0;7400;1200;2865
P198162041;P198162041_10;J;7400;0;0;9000;1200;2865
P198162041;P198162041_11;K;7400;1240;0;9000;2440;2865
P198162041;P198162041_12;L;9000;1240;0;10600;2440;2865
P198162041;P198162041_13;M;9000;0;0;10600;1200;2865
P198162041;P198162041_14;N;10600;0;0;12200;1200;2865
P198162041;P198162041_15;O;10600;1240;0;12200;2440;750
P198162041;P198162041_16;P;12200;1440;0;13400;2440;2865
P198162041;P198162041_17;Q;12200;0;0;12770;780;1771
P198162041;P198162041_18;R;12770;660;0;13340;1440;1771
P194162043;P194162043_1;A;0;620;0;1600;1820;750
P194162043;P194162043_2;B;1600;620;0;3200;1820;750
P194162043;P194162043_3;C;3200;620;0;4800;1820;2865
P194162043;P194162043_4;D;4800;1240;0;6400;2440;2865
P194162043;P194162043_5;E;4800;20;0;6400;1220;2865
P194162043;P194162043_6;F;6400;1240;0;8000;2440;2865
P194162043;P194162043_7;G;6400;0;0;7400;1200;2700
P194162043;P194162043_8;H;7400;0;0;7970;780;1771
P194162043;P194162043_9;I;7970;0;0;8970;1200;1815
P194162043;P194162043_10;J;8000;1660;0;8570;2440;1771
P194162043;P194162043_11;K;8570;1660;0;9140;2440;1771
P194162043;P194162043_12;L;8970;0;0;10170;1600;2865
P194162043;P194162043_13;M;9140;1660;0;9710;2440;1340
P194162043;P194162043_14;N;10170;0;0;11770;1200;2865
P194162043;P194162043_15;O;10170;1240;0;11770;2440;2865
P194162043;P194162043_16;P;11770;1240;0;13370;2440;2865
P194162043;P194162043_17;Q;11770;0;0;13370;1200;2865
P193162041;P193162041_1;A;0;1240;0;1000;2440;2865
P193162041;P193162041_2;B;0;0;0;1000;1200;2865
P193162041;P193162041_3;C;1000;0;0;2000;1200;2865
P193162041;P193162041_4;D;1000;1660;0;1570;2440;1771
P193162041;P193162041_5;E;1570;1240;0;3170;2440;2865
P193162041;P193162041_6;F;2000;0;0;3600;1200;2865
P193162041;P193162041_7;G;3170;1240;0;4770;2440;2865
P193162041;P193162041_8;H;3600;0;0;4600;1200;2865
P193162041;P193162041_9;I;4600;0;0;5600;1200;2865
P193162041;P193162041_10;J;4770;1240;0;5770;2440;1455
P193162041;P193162041_11;K;5600;0;0;7200;1200;2865
P193162041;P193162041_12;L;5770;1240;0;7370;2440;2865
P193162041;P193162041_13;M;7200;0;0;8800;1200;2865
P193162041;P193162041_14;N;7370;1240;0;8970;2440;2865
P193162041;P193162041_15;O;8800;0;0;10400;1200;2865
P193162041;P193162041_16;P;8970;1240;0;10570;2440;2865
P193162041;P193162041_17;Q;10400;0;0;12000;1200;2865
P193162041;P193162041_18;R;10570;1240;0;12170;2440;2865
P193162041;P193162041_19;S;12000;0;0;12570;780;1771
P193162041;P193162041_20;T;12170;840;0;13370;2440;2865
P193162041;P193162041_21;U;12570;0;0;13140;780;1771
P192162043;P192162043_1;A;0;620;0;1600;1820;750
P192162043;P192162043_2;B;1600;1240;0;3200;2440;750
P192162043;P192162043_3;C;1600;20;0;3200;1220;750
P192162043;P192162043_4;D;3200;620;0;4800;1820;2865
P192162043;P192162043_5;E;4800;620;0;6400;1820;2865
P192162043;P192162043_6;F;6400;1240;0;8000;2440;2865
P192162043;P192162043_7;G;6400;0;0;8000;1200;2865
P192162043;P192162043_8;H;8000;0;0;8570;780;1771
P192162043;P192162043_9;I;8000;1240;0;9000;2440;2700
P192162043;P192162043_10;J;8570;0;0;10170;1200;2865
P192162043;P192162043_11;K;9000;1660;0;9570;2440;1771
P192162043;P192162043_12;L;9570;1240;0;11170;2440;2865
P192162043;P192162043_13;M;10170;0;0;11770;1200;2865
P192162043;P192162043_14;N;11170;1240;0;12770;2440;2865
P192162043;P192162043_15;O;11770;0;0;13370;1200;2160
P191162041;P191162041_1;A;0;1240;0;1000;2440;2865
P191162041;P191162041_2;B;0;0;0;1000;1200;2865
P191162041;P191162041_3;C;1000;620;0;2000;1820;2865
P191162041;P191162041_4;D;2000;1240;0;3000;2440;2865
P191162041;P191162041_5;E;2000;0;0;3600;1200;2865
P191162041;P191162041_6;F;3000;1660;0;3570;2440;1771
P191162041;P191162041_7;G;3570;1660;0;4140;2440;1771
P191162041;P191162041_8;H;3600;0;0;4800;1600;2865
P191162041;P191162041_9;I;4140;1660;0;4710;2440;1771
P191162041;P191162041_10;J;4710;1660;0;5280;2440;1771
P191162041;P191162041_11;K;4800;0;0;6000;1600;2865
P191162041;P191162041_12;L;6000;0;0;7600;1200;2865
P191162041;P191162041_13;M;6000;1240;0;7000;2440;2865
P191162041;P191162041_14;N;7000;1240;0;8600;2440;2865
P191162041;P191162041_15;O;7600;0;0;9200;1200;2865
P191162041;P191162041_16;P;8600;1240;0;10200;2440;2865
P191162041;P191162041_17;Q;9200;0;0;10800;1200;2865
P191162041;P191162041_18;R;10200;1240;0;11800;2440;2865
P191162041;P191162041_19;S;10800;0;0;12400;1200;2865
P191162041;P191162041_20;T;11800;1240;0;13400;2440;2865
P191162041;P191162041_21;U;12400;0;0;13400;1200;2865
P188162043;P188162043_1;A;0;0;0;1600;1200;1455
P188162043;P188162043_2;B;0;1240;0;1600;2440;1455
P188162043;P188162043_3;C;1600;620;0;3200;1820;2865
P188162043;P188162043_4;D;3200;1240;0;4800;2440;2160
P188162043;P188162043_5;E;3200;230;0;3770;1010;1340
P188162043;P188162043_6;F;3770;20;0;5370;1220;2865
P188162043;P188162043_7;G;4800;1240;0;5800;2440;2865
P188162043;P188162043_8;H;5370;0;0;6970;1200;2865
P188162043;P188162043_9;I;5800;1240;0;7400;2440;2865
P188162043;P188162043_10;J;6970;0;0;8570;1200;2865
P188162043;P188162043_11;K;7400;1240;0;9000;2440;2865
P188162043;P188162043_12;L;8570;0;0;10170;1200;2865
P188162043;P188162043_13;M;9000;1240;0;10600;2440;2865
P188162043;P188162043_14;N;10170;0;0;11770;1200;2865
P188162043;P188162043_15;O;10600;1240;0;12200;2440;2865
P188162043;P188162043_16;P;11770;0;0;13370;1200;2865
P188162043;P188162043_17;Q;12200;1240;0;13200;2440;2865
P187162043;P187162043_1;A;0;1240;0;1600;2440;750
P187162043;P187162043_2;B;0;20;0;1600;1220;750
P187162043;P187162043_3;C;1600;620;0;3200;1820;2865
P187162043;P187162043_4;D;3200;1240;0;4800;2440;2160
P187162043;P187162043_5;E;3200;0;0;4800;1200;2160
P187162043;P187162043_6;F;4800;0;0;6400;1200;2160
P187162043;P187162043_7;G;4800;1240;0;5800;2440;2700
P187162043;P187162043_8;H;5800;1660;0;6370;2440;478
P187162043;P187162043_9;I;6370;1240;0;7370;2440;930
P187162043;P187162043_10;J;6400;0;0;7400;1200;2865
P187162043;P187162043_11;K;7370;1240;0;8370;2440;2865
P187162043;P187162043_12;L;7400;0;0;7970;780;1771
P187162043;P187162043_13;M;7970;0;0;8540;780;1771
P187162043;P187162043_14;N;8370;780;0;8940;1560;1771
P187162043;P187162043_15;O;8370;1660;0;8940;2440;1771
P187162043;P187162043_16;P;8540;0;0;9110;780;1340
P187162043;P187162043_17;Q;8940;1240;0;9940;2440;2865
P187162043;P187162043_18;R;9110;0;0;10710;1200;2865
P187162043;P187162043_19;S;9940;1240;0;11540;2440;2865
P187162043;P187162043_20;T;10710;0;0;12310;1200;2865
P187162043;P187162043_21;U;11540;1240;0;13140;2440;2865
P187162043;P187162043_22;V;12310;0;0;13310;1200;2865
P186162041;P186162041_1;A;0;0;0;1600;1200;2865
P186162041;P186162041_2;B;0;1200;0;1600;2400;2865
P186162041;P186162041_3;C;1600;620;0;3200;1820;2865
P186162041;P186162041_4;D;3200;1240;0;4800;2440;2865
P186162041;P186162041_5;E;3200;0;0;4200;1200;2865
P186162041;P186162041_6;F;4200;0;0;5200;1200;2865
P186162041;P186162041_7;G;4800;1220;0;5800;2420;2865
P186162041;P186162041_8;H;5200;0;0;6200;1200;2160
P186162041;P186162041_9;I;5800;1240;0;7400;2440;2865
P186162041;P186162041_10;J;6200;0;0;7800;1200;2865
P186162041;P186162041_11;K;7400;1240;0;9000;2440;2865
P186162041;P186162041_12;L;7800;0;0;9400;1200;2865
P186162041;P186162041_13;M;9000;1240;0;10600;2440;2865
P186162041;P186162041_14;N;9400;0;0;11000;1200;2865
P186162041;P186162041_15;O;10600;1240;0;12200;2440;2865
P186162041;P186162041_16;P;11000;0;0;11570;780;1771
P186162041;P186162041_17;Q;11570;0;0;12140;780;1771
P186162041;P186162041_18;R;12140;0;0;12710;780;478
P185162043;P185162043_1;A;0;620;0;1600;1820;750
P185162043;P185162043_2;B;1600;1240;0;3200;2440;2865
P185162043;P185162043_3;C;1600;20;0;3200;1220;2160
P185162043;P185162043_4;D;3200;0;0;4800;1200;2865
P185162043;P185162043_5;E;3200;1220;0;4800;2420;2160
P185162043;P185162043_6;F;4800;830;0;5370;1610;909
P185162043;P185162043_7;G;5370;1240;0;6370;2440;1815
P185162043;P185162043_8;H;5370;20;0;6970;1220;2865
P185162043;P185162043_9;I;6370;1240;0;7970;2440;2865
P185162043;P185162043_10;J;6970;0;0;8570;1200;2865
P185162043;P185162043_11;K;7970;1240;0;9570;2440;2865
P185162043;P185162043_12;L;8570;0;0;9570;1200;2865
P185162043;P185162043_13;M;9570;1660;0;10140;2440;1771
P185162043;P185162043_14;N;9570;0;0;10770;1600;2865
P185162043;P185162043_15;O;10140;1660;0;10710;2440;1771
P185162043;P185162043_16;P;10770;0;0;12370;1200;2865
P185162043;P185162043_17;Q;10770;1240;0;12370;2440;2865
P185162043;P185162043_18;R;12370;1240;0;13370;2440;2160
P184162041;P184162041_1;A;0;0;0;1600;1200;2865
P184162041;P184162041_2;B;0;1240;0;1000;2440;2865
P184162041;P184162041_3;C;1000;1240;0;2600;2440;2865
P184162041;P184162041_4;D;1600;0;0;3200;1200;2865
P184162041;P184162041_5;E;2600;1240;0;3600;2440;750
P184162041;P184162041_6;F;3200;0;0;4800;1200;2865
P184162041;P184162041_7;G;3600;1240;0;5200;2440;750
P184162041;P184162041_8;H;4800;0;0;5370;780;1771
P240340441;P240340441_1;A;0;0;0;1000;1200;2835
P240340441;P240340441_2;B;0;1240;0;1000;2440;975
P240340441;P240340441_3;C;1000;1240;0;2000;2440;2835
P240340441;P240340441_4;D;1000;0;0;2000;1200;2835
P240340441;P240340441_5;E;2000;0;0;3010;1206;485
P240340441;P240340441_6;F;2000;1660;0;2570;2440;1340
P240340441;P240340441_7;G;2570;1660;0;3140;2440;1340
P240340441;P240340441_8;H;3010;0;0;3580;780;1340
P240340441;P240340441_9;I;3010;780;0;3580;1560;478
P240340441;P240340441_10;J;3580;1240;0;4580;2440;1905
P240340441;P240340441_11;K;3580;0;0;4580;1200;1905
P240340441;P240340441_12;L;4580;0;0;5580;1200;2835
P240340441;P240340441_13;M;4580;1240;0;5580;2440;2835
P240340441;P240340441_14;N;5580;1240;0;6580;2440;975
P240340441;P240340441_15;O;5580;0;0;6590;1206;385
P240340441;P240340441_16;P;6580;1240;0;8180;2440;2700
P240340441;P240340441_17;Q;6590;0;0;8190;1200;930
P240340441;P240340441_18;R;8180;1234;0;9190;2440;2170
P240340441;P240340441_19;S;8190;0;0;9200;1206;1155
P207340441;P207340441_1;A;0;0;0;1000;1200;2835
P207340441;P207340441_2;B;0;1200;0;1000;2400;2835
P207340441;P207340441_3;C;1000;1240;0;2000;2440;2835
P207340441;P207340441_4;D;1000;0;0;2000;1200;2835
P207340441;P207340441_5;E;2000;0;0;3000;1200;975
P207340441;P207340441_6;F;2000;1240;0;3000;2440;2835
P207340441;P207340441_7;G;3000;1240;0;4000;2440;2835
P207340441;P207340441_8;H;3000;0;0;3570;780;1340
P207340441;P207340441_9;I;3570;0;0;4140;780;1340
P207340441;P207340441_10;J;4000;780;0;4570;1560;1340
P207340441;P207340441_11;K;4000;1660;0;4570;2440;1340
P207340441;P207340441_12;L;4140;0;0;4710;780;1340
P207340441;P207340441_13;M;4570;780;0;5140;1560;1340
P207340441;P207340441_14;N;4570;1660;0;5140;2440;1340
P207340441;P207340441_15;O;4710;0;0;5280;780;1340
P207340441;P207340441_16;P;5140;780;0;5710;1560;909
P207340441;P207340441_17;Q;5710;1240;0;6710;2440;2835
P207340441;P207340441_18;R;5710;0;0;6710;1200;2835
P207340441;P207340441_19;S;6710;0;0;7710;1200;2835
P207340441;P207340441_20;T;6710;1240;0;7710;2440;2835
P207340441;P207340441_21;U;7710;1240;0;8710;2440;2835
P207340441;P207340441_22;V;7710;0;0;8710;1200;2835
P207340441;P207340441_23;W;8710;0;0;9710;1200;2835
P207340441;P207340441_24;X;8710;1240;0;9710;2440;2835
P207340441;P207340441_25;Y;9710;1240;0;10710;2440;2835
P207340441;P207340441_26;Z;9710;0;0;11310;1200;2700
P207340441;P207340441_27;AA;10710;1234;0;11720;2440;2170
P207340441;P207340441_28;AB;11310;0;0;12320;1206;2170
P207340441;P207340441_29;AC;11720;1234;0;12730;2440;1085
P207340441;P207340441_30;AD;12320;0;0;13330;1206;2725
P205340441;P205340441_1;A;0;620;0;1000;1820;2835
P205340441;P205340441_2;B;1000;1240;0;2000;2440;2835
P205340441;P205340441_3;C;1000;17;0;2010;1223;485
P205340441;P205340441_4;D;2000;1660;0;2570;2440;1340
P205340441;P205340441_5;E;2010;0;0;2580;780;1340
P205340441;P205340441_6;F;2010;780;0;2580;1560;1340
P205340441;P205340441_7;G;2570;1660;0;3140;2440;1340
P205340441;P205340441_8;H;2580;0;0;3150;780;1340
P205340441;P205340441_9;I;2580;780;0;3150;1560;1340
P205340441;P205340441_10;J;3140;1660;0;3710;2440;909
P205340441;P205340441_11;K;3150;0;0;4150;1200;1905
P205340441;P205340441_12;L;3710;1240;0;4710;2440;2835
P205340441;P205340441_13;M;4150;0;0;5150;1200;2835
P205340441;P205340441_14;N;4710;1240;0;5710;2440;2835
P205340441;P205340441_15;O;5150;0;0;6150;1200;2835
P205340441;P205340441_16;P;5710;1240;0;6710;2440;2835
P205340441;P205340441_17;Q;6150;0;0;7150;1200;2835
P205340441;P205340441_18;R;6710;1240;0;7710;2440;1905
P205340441;P205340441_19;S;7150;0;0;8160;1206;1155
P205340441;P205340441_20;T;7710;1240;0;9310;2440;2700
P205340441;P205340441_21;U;8160;0;0;9760;1200;2700
P205340441;P205340441_22;V;9310;1240;0;10910;2440;2700
P205340441;P205340441_23;W;9760;0;0;11360;1200;2700
P205340441;P205340441_24;X;10910;1234;0;11920;2440;2170
P205340441;P205340441_25;Y;11360;0;0;12370;1206;2170
P205340441;P205340441_26;Z;11920;1234;0;12930;2440;2170
P205340441;P205340441_27;AA;12370;0;0;13380;1206;2695
P202340441;P202340441_1;A;0;0;0;1000;1200;2835
P202340441;P202340441_2;B;0;1200;0;1000;2400;2835
P202340441;P202340441_3;C;1000;1240;0;2000;2440;2835
P202340441;P202340441_4;D;1000;0;0;2000;1200;2835
P202340441;P202340441_5;E;2000;0;0;3000;1200;2835
P202340441;P202340441_6;F;2000;1240;0;3000;2440;2835
P202340441;P202340441_7;G;3000;1240;0;4000;2440;2835
P202340441;P202340441_8;H;3000;0;0;4000;1200;2835
P202340441;P202340441_9;I;4000;0;0;5000;1200;2835
P202340441;P202340441_10;J;4000;1240;0;5000;2440;2835
P202340441;P202340441_11;K;5000;1240;0;6000;2440;2835
P202340441;P202340441_12;L;5000;0;0;6010;1206;485
P202340441;P202340441_13;M;6000;1660;0;6570;2440;1340
P202340441;P202340441_14;N;6010;0;0;6580;780;1340
P202340441;P202340441_15;O;6010;780;0;6580;1560;1340
P202340441;P202340441_16;P;6570;1660;0;7140;2440;909
P202340441;P202340441_17;Q;6580;0;0;7580;1200;2835
P202340441;P202340441_18;R;7140;1240;0;8140;2440;2835
P202340441;P202340441_19;S;7580;0;0;8580;1200;2835
P202340441;P202340441_20;T;8140;1240;0;9140;2440;2835
P202340441;P202340441_21;U;8580;0;0;10180;1200;2700
P202340441;P202340441_22;V;9140;1240;0;10740;2440;2700
P202340441;P202340441_23;W;10180;0;0;11190;1206;2170
P202340441;P202340441_24;X;10740;1234;0;11750;2440;2170
P202340441;P202340441_25;Y;11190;0;0;12200;1206;2170
P202340441;P202340441_26;Z;11750;1234;0;12760;2440;2725
P202340441;P202340441_27;AA;12200;0;0;13210;1206;385
P200340441;P200340441_1;A;0;1240;0;1000;2440;2835
P200340441;P200340441_2;B;0;0;0;1000;1200;2835
P200340441;P200340441_3;C;1000;0;0;2000;1200;2835
P200340441;P200340441_4;D;1000;1220;0;2000;2420;975
P200340441;P200340441_5;E;2000;0;0;3000;1200;2835
P200340441;P200340441_6;F;2000;1240;0;3000;2440;2835
P200340441;P200340441_7;G;3000;1660;0;3570;2440;1340
P200340441;P200340441_8;H;3000;0;0;3570;780;1340
P200340441;P200340441_9;I;3000;780;0;3570;1560;1340
P200340441;P200340441_10;J;3570;0;0;4140;780;1340
P200340441;P200340441_11;K;3570;1220;0;4140;2000;1340
P200340441;P200340441_12;L;4140;1660;0;4710;2440;1340
P200340441;P200340441_13;M;4140;0;0;5140;1200;2835
P200340441;P200340441_14;N;4710;1240;0;5710;2440;2835
P200340441;P200340441_15;O;5140;0;0;6140;1200;2835
P200340441;P200340441_16;P;5710;1220;0;6710;2420;2835
P200340441;P200340441_17;Q;6140;0;0;7140;1200;2835
P200340441;P200340441_18;R;6710;1240;0;7710;2440;2835
P200340441;P200340441_19;S;7140;0;0;8140;1200;2835
P200340441;P200340441_20;T;7710;1240;0;8710;2440;2835
P200340441;P200340441_21;U;8140;0;0;9150;1206;385
P200340441;P200340441_22;V;8710;1234;0;9720;2440;1185
P200340441;P200340441_23;W;9150;0;0;10750;1200;2700
P200340441;P200340441_24;X;9720;1240;0;11320;2440;2700
P200340441;P200340441_25;Y;10750;0;0;11760;1206;2170
P200340441;P200340441_26;Z;11320;1234;0;12330;2440;2170
P200340441;P200340441_27;AA;11760;0;0;12770;1206;1085
P200340441;P200340441_28;AB;12330;1234;0;13340;2440;1540
P199340441;P199340441_1;A;0;0;0;1000;1200;2835
P199340441;P199340441_2;B;0;1240;0;1000;2440;2835
P199340441;P199340441_3;C;1000;1240;0;2000;2440;1905
P199340441;P199340441_4;D;1000;0;0;2000;1200;2835
P199340441;P199340441_5;E;2000;0;0;3000;1200;2835
P199340441;P199340441_6;F;2000;1240;0;3000;2440;2835
P199340441;P199340441_7;G;3000;1240;0;4000;2440;2835
P199340441;P199340441_8;H;3000;0;0;4000;1200;2835
P199340441;P199340441_9;I;4000;0;0;5000;1200;2835
P199340441;P199340441_10;J;4000;1240;0;5000;2440;2835
P199340441;P199340441_11;K;5000;1240;0;6000;2440;975
P199340441;P199340441_12;L;5000;0;0;6010;1206;485
P199340441;P199340441_13;M;6000;1660;0;6570;2440;1340
P199340441;P199340441_14;N;6010;0;0;6580;780;1340
P199340441;P199340441_15;O;6010;780;0;6580;1560;1340
P199340441;P199340441_16;P;6570;1660;0;7140;2440;478
P199340441;P199340441_17;Q;6580;0;0;7580;1200;2835
P199340441;P199340441_18;R;7140;1240;0;8140;2440;2835
P199340441;P199340441_19;S;7580;0;0;8580;1200;2835
P199340441;P199340441_20;T;8140;1240;0;9740;2440;2700
P199340441;P199340441_21;U;8580;0;0;10180;1200;2700
P199340441;P199340441_22;V;9740;1240;0;11340;2440;2700
P199340441;P199340441_23;W;10180;0;0;11190;1206;2170
P199340441;P199340441_24;X;11190;0;0;12200;1206;1570
P198340441;P198340441_1;A;0;0;0;1000;1200;2835
P198340441;P198340441_2;B;0;1240;0;1000;2440;1905
P198340441;P198340441_3;C;1000;1240;0;2000;2440;2835
P198340441;P198340441_4;D;1000;0;0;2000;1200;2835
P198340441;P198340441_5;E;2000;0;0;3000;1200;975
P198340441;P198340441_6;F;2000;1660;0;2570;2440;1340
P198340441;P198340441_7;G;2570;1660;0;3140;2440;1340
P198340441;P198340441_8;H;3000;0;0;3570;780;1340
P198340441;P198340441_9;I;3000;780;0;3570;1560;478
P198340441;P198340441_10;J;3570;1240;0;4570;2440;1905
P198340441;P198340441_11;K;3570;0;0;4570;1200;1905
P198340441;P198340441_12;L;4570;0;0;5570;1200;2835
P198340441;P198340441_13;M;4570;1240;0;5570;2440;2835
P198340441;P198340441_14;N;5570;1240;0;6570;2440;1905
P198340441;P198340441_15;O;5570;0;0;6580;1206;385
P198340441;P198340441_16;P;6570;1240;0;8170;2440;2700
P198340441;P198340441_17;Q;6580;0;0;8180;1200;930
P198340441;P198340441_18;R;8170;1234;0;9180;2440;2170
P198340441;P198340441_19;S;8180;0;0;9190;1206;2170
P198340441;P198340441_20;T;9180;1234;0;10190;2440;1155
P193340441;P193340441_1;A;0;1240;0;1000;2440;2835
P193340441;P193340441_2;B;0;0;0;1000;1200;2835
P193340441;P193340441_3;C;1000;0;0;2000;1200;2835
P193340441;P193340441_4;D;1000;1240;0;2000;2440;2835
P193340441;P193340441_5;E;2000;1240;0;3000;2440;2835
P193340441;P193340441_6;F;2000;0;0;3000;1200;2835
P193340441;P193340441_7;G;3000;0;0;4000;1200;975
P193340441;P193340441_8;H;3000;1234;0;4010;2440;485
P193340441;P193340441_9;I;4000;0;0;4570;780;1340
P193340441;P193340441_10;J;4010;780;0;4580;1560;1340
P193340441;P193340441_11;K;4010;1660;0;4580;2440;1340
P193340441;P193340441_12;L;4570;0;0;5140;780;1340
P193340441;P193340441_13;M;4580;780;0;5150;1560;1340
P193340441;P193340441_14;N;4580;1660;0;5150;2440;1340
P193340441;P193340441_15;O;5140;0;0;5710;780;1340
P193340441;P193340441_16;P;5150;1240;0;6150;2440;2835
P193340441;P193340441_17;Q;5710;0;0;6710;1200;2835
P193340441;P193340441_18;R;6150;1240;0;7150;2440;2835
P193340441;P193340441_19;S;6710;0;0;7710;1200;2835
P193340441;P193340441_20;T;7150;1240;0;8150;2440;2835
P193340441;P193340441_21;U;7710;0;0;8710;1200;2835
P193340441;P193340441_22;V;8150;1240;0;9150;2440;2835
P193340441;P193340441_23;W;8710;0;0;9720;1206;385
P193340441;P193340441_24;X;9150;1240;0;10750;2440;2700
P193340441;P193340441_25;Y;9720;0;0;11320;1200;2700
P193340441;P193340441_26;Z;10750;1234;0;11760;2440;2170
P193340441;P193340441_27;AA;11320;0;0;12330;1206;2170
P193340441;P193340441_28;AB;11760;1234;0;12770;2440;2510
P193340441;P193340441_29;AC;12330;0;0;13340;1206;1185
P191340441;P191340441_1;A;0;0;0;1000;1200;2835
P191340441;P191340441_2;B;0;1200;0;1000;2400;2835
P191340441;P191340441_3;C;1000;1240;0;2000;2440;2835
P191340441;P191340441_4;D;1000;0;0;2000;1200;2835
P191340441;P191340441_5;E;2000;0;0;3000;1200;2835
P191340441;P191340441_6;F;2000;1240;0;3000;2440;2835
P191340441;P191340441_7;G;3000;1240;0;4000;2440;2835
P191340441;P191340441_8;H;3000;0;0;4010;1206;485
P191340441;P191340441_9;I;4000;1660;0;4570;2440;1340
P191340441;P191340441_10;J;4010;0;0;4580;780;1340
P191340441;P191340441_11;K;4010;780;0;4580;1560;1340
P191340441;P191340441_12;L;4570;1660;0;5140;2440;1340
P191340441;P191340441_13;M;4580;0;0;5150;780;1340
P191340441;P191340441_14;N;4580;780;0;5150;1560;1340
P191340441;P191340441_15;O;5150;0;0;6150;1200;2835
P191340441;P191340441_16;P;5150;1240;0;6150;2440;2835
P191340441;P191340441_17;Q;6150;1240;0;7150;2440;2835
P191340441;P191340441_18;R;6150;0;0;7150;1200;2835
P191340441;P191340441_19;S;7150;0;0;8150;1200;2835
P191340441;P191340441_20;T;7150;1240;0;8150;2440;2835
P191340441;P191340441_21;U;8150;1234;0;9160;2440;385
P191340441;P191340441_22;V;8150;0;0;9750;1200;2700
P191340441;P191340441_23;W;9160;1240;0;10760;2440;2700
P191340441;P191340441_24;X;9750;0;0;11350;1200;2700
P191340441;P191340441_25;Y;10760;1234;0;11770;2440;2170
P191340441;P191340441_26;Z;11350;0;0;12360;1206;2170
P191340441;P191340441_27;AA;11770;1234;0;12780;2440;1155
P188340441;P188340441_1;A;0;0;0;1000;1200;2835
P188340441;P188340441_2;B;0;1240;0;1000;2440;2835
P188340441;P188340441_3;C;1000;1240;0;2000;2440;1905
P188340441;P188340441_4;D;1000;0;0;2000;1200;2835
P188340441;P188340441_5;E;2000;0;0;3000;1200;2835
P188340441;P188340441_6;F;2000;1240;0;3000;2440;2835
P188340441;P188340441_7;G;3000;1240;0;4000;2440;2835
P188340441;P188340441_8;H;3000;0;0;4000;1200;2835
P188340441;P188340441_9;I;4000;0;0;5000;1200;2835
P188340441;P188340441_10;J;4000;1660;0;4570;2440;1340
P188340441;P188340441_11;K;4570;1660;0;5140;2440;1340
P188340441;P188340441_12;L;5000;0;0;5570;780;1340
P188340441;P188340441_13;M;5000;780;0;5570;1560;478
P188340441;P188340441_14;N;5570;1240;0;6570;2440;2835
P188340441;P188340441_15;O;5570;0;0;6570;1200;2835
P188340441;P188340441_16;P;6570;0;0;7570;1200;2835
P188340441;P188340441_17;Q;6570;1240;0;7570;2440;2835
P188340441;P188340441_18;R;7570;1240;0;8570;2440;2835
P188340441;P188340441_19;S;7570;0;0;8580;1206;385
P188340441;P188340441_20;T;8570;1240;0;10170;2440;2700
P188340441;P188340441_21;U;8580;0;0;10180;1200;2700
P188340441;P188340441_22;V;10170;1240;0;11770;2440;930
P188340441;P188340441_23;W;10180;0;0;11190;1206;2170
P188340441;P188340441_24;X;11190;0;0;12200;1206;2170
P188340441;P188340441_25;Y;11770;1234;0;12780;2440;2170
P188340441;P188340441_26;Z;12200;0;0;13210;1206;2725
P186340441;P186340441_1;A;0;0;0;1000;1200;2835
P186340441;P186340441_2;B;0;1200;0;1000;2400;2835
P186340441;P186340441_3;C;1000;1240;0;2000;2440;2835
P186340441;P186340441_4;D;1000;0;0;2000;1200;2835
P186340441;P186340441_5;E;2000;1240;0;3000;2440;2835
P186340441;P186340441_6;F;2000;0;0;3010;1206;485
P186340441;P186340441_7;G;3000;1660;0;3570;2440;1340
P186340441;P186340441_8;H;3010;0;0;3580;780;1340
P186340441;P186340441_9;I;3010;780;0;3580;1560;1340
P186340441;P186340441_10;J;3570;1660;0;4140;2440;1340
P186340441;P186340441_11;K;3580;0;0;4150;780;1340
P186340441;P186340441_12;L;3580;780;0;4150;1560;909
P186340441;P186340441_13;M;4150;0;0;5150;1200;2835
P186340441;P186340441_14;N;4150;1240;0;5150;2440;2835
P186340441;P186340441_15;O;5150;1240;0;6150;2440;2835
P186340441;P186340441_16;P;5150;0;0;6150;1200;2835
P186340441;P186340441_17;Q;6150;0;0;7150;1200;2835
P186340441;P186340441_18;R;6150;1240;0;7150;2440;2835
P186340441;P186340441_19;S;7150;1240;0;8150;2440;1905
P186340441;P186340441_20;T;7150;0;0;8160;1206;385
P186340441;P186340441_21;U;8150;1240;0;9750;2440;2700
P186340441;P186340441_22;V;8160;0;0;9760;1200;2700
P186340441;P186340441_23;W;9750;1240;0;11350;2440;2700
P186340441;P186340441_24;X;9760;0;0;10770;1206;2170
P186340441;P186340441_25;Y;10770;0;0;11780;1206;2170
P186340441;P186340441_26;Z;11350;1234;0;12360;2440;2170
P186340441;P186340441_27;AA;11780;0;0;12790;1206;1925
P185340441;P185340441_1;A;0;0;0;1000;1200;2835
P185340441;P185340441_2;B;0;1200;0;1000;2400;975
P185340441;P185340441_3;C;1000;1240;0;2000;2440;2835
P185340441;P185340441_4;D;1000;0;0;2000;1200;2835
P185340441;P185340441_5;E;2000;0;0;3000;1200;2835
P185340441;P185340441_6;F;2000;1240;0;3000;2440;2835
P185340441;P185340441_7;G;3000;1240;0;4000;2440;2835
P185340441;P185340441_8;H;3000;0;0;4000;1200;2835
P185340441;P185340441_9;I;4000;0;0;4570;780;1340
P185340441;P185340441_10;J;4000;780;0;4570;1560;1340
P185340441;P185340441_11;K;4000;1660;0;4570;2440;478
P185340441;P185340441_12;L;4570;1240;0;5570;2440;2835
P185340441;P185340441_13;M;4570;0;0;5570;1200;2835
P185340441;P185340441_14;N;5570;0;0;6570;1200;2835
P185340441;P185340441_15;O;5570;1240;0;6570;2440;2835
P185340441;P185340441_16;P;6570;1234;0;7580;2440;385
P185340441;P185340441_17;Q;6570;0;0;8170;1200;2700
P185340441;P185340441_18;R;7580;1240;0;9180;2440;930
P185340441;P185340441_19;S;8170;0;0;9180;1206;2170
P185340441;P185340441_20;T;9180;0;0;10190;1206;1085
P185340441;P185340441_21;U;9180;1234;0;10190;2440;1155
P240356043;P240356043_1;A;0;617;0;1010;1823;1185
P240356043;P240356043_2;B;1010;617;0;2020;1823;1185
P240356043;P240356043_3;C;2020;1234;0;3030;2440;2370
P240356043;P240356043_4;D;2020;227;0;2590;1007;1771
P240356043;P240356043_5;E;2590;227;0;3160;1007;1771
P240356043;P240356043_6;F;3030;1007;0;3600;1787;909
P240356043;P240356043_7;G;3160;113;0;3730;893;478
P240356043;P240356043_8;H;3600;1660;0;4170;2440;478
P240356043;P240356043_9;I;3730;460;0;4730;1660;1815
P240356043;P240356043_10;J;4170;1660;0;4740;2440;1771
P240356043;P240356043_11;K;4730;0;0;5300;780;1771
P240356043;P240356043_12;L;4730;780;0;5300;1560;1771
P240356043;P240356043_13;M;4740;1660;0;5310;2440;1771
P240356043;P240356043_14;N;5300;0;0;5870;780;1771
P240356043;P240356043_15;O;5300;780;0;5870;1560;1771
P240356043;P240356043_16;P;5310;1660;0;5880;2440;478
P240356043;P240356043_17;Q;5870;0;0;6880;1206;385
P240356043;P240356043_18;R;5880;1660;0;6450;2440;478
P240356043;P240356043_19;S;6450;1240;0;7450;2440;2700
P240356043;P240356043_20;T;6880;0;0;7880;1200;2700
P240356043;P240356043_21;U;7450;1240;0;8450;2440;2700
P240356043;P240356043_22;V;7880;0;0;8450;780;478
P240356043;P240356043_23;W;8450;1660;0;9020;2440;478
P240356043;P240356043_24;X;8450;0;0;9450;1200;2700
P240356043;P240356043_25;Y;9020;1240;0;10020;2440;1455
P240356043;P240356043_26;Z;9450;0;0;10750;1100;2835
P240356043;P240356043_27;AA;10020;1140;0;11120;2440;2835
P240356043;P240356043_28;AB;10750;0;0;12050;1100;2835
P240356043;P240356043_29;AC;11120;1140;0;12220;2440;2835
P240356043;P240356043_30;AD;12050;0;0;13350;1100;2835
P240356043;P240356043_31;AE;12220;1140;0;13320;2440;2835
Q240356043_1;Q240356043_1_1;A;0;620;0;1000;1820;930
Q240356043_1;Q240356043_1_2;B;1000;1240;0;2000;2440;2700
Q240356043_1;Q240356043_1_3;C;1000;20;0;2000;1220;930
Q240356043_1;Q240356043_1_4;D;2000;830;0;2570;1610;478
Q240356043_1;Q240356043_1_5;E;2570;1610;0;3140;2390;478
Q240356043_1;Q240356043_1_6;F;2570;205;0;3570;1405;1455
Q240356043_1;Q240356043_1_7;G;3140;1422;0;4340;2422;1455
Q240356043_1;Q240356043_1_8;H;3570;111;0;4570;1311;1455
Q240356043_1;Q240356043_1_9;I;4340;1375;0;5540;2375;750
Q240356043_1;Q240356043_1_10;J;4570;37;0;5670;1337;2835
Q240356043_1;Q240356043_1_11;K;5540;1340;0;6840;2440;975
Q240356043_1;Q240356043_1_12;L;5670;0;0;6770;1300;975
P207356041;P207356041_1;A;0;617;0;1010;1823;2370
P207356041;P207356041_2;B;1010;617;0;2020;1823;2370
P207356041;P207356041_3;C;2020;617;0;3030;1823;770
P207356041;P207356041_4;D;3030;1660;0;3600;2440;1771
P207356041;P207356041_5;E;3030;440;0;3600;1220;1340
P207356041;P207356041_6;F;3600;0;0;4600;1200;2700
P207356041;P207356041_7;G;3600;1660;0;4170;2440;1340
P207356041;P207356041_8;H;4170;1660;0;4740;2440;1340
P207356041;P207356041_9;I;4600;0;0;5170;780;909
P207356041;P207356041_10;J;4600;780;0;5170;1560;478
P207356041;P207356041_11;K;4740;1660;0;5310;2440;478
P207356041;P207356041_12;L;5170;0;0;6170;1200;1815
P207356041;P207356041_13;M;5310;1660;0;5880;2440;1771
P207356041;P207356041_14;N;5880;1660;0;6450;2440;1771
P207356041;P207356041_15;O;6170;0;0;7170;1200;2700
P207356041;P207356041_16;P;6450;1240;0;7450;2440;2340
P207356041;P207356041_17;Q;7170;0;0;7740;780;1771
P207356041;P207356041_18;R;7450;780;0;8020;1560;1771
P207356041;P207356041_19;S;7450;1660;0;8020;2440;1771
P207356041;P207356041_20;T;7740;0;0;8310;780;1771
P207356041;P207356041_21;U;8020;780;0;8590;1560;1771
P207356041;P207356041_22;V;8020;1660;0;8590;2440;909
P207356041;P207356041_23;W;8310;0;0;8880;780;478
P207356041;P207356041_24;X;8590;1234;0;9600;2440;385
P207356041;P207356041_25;Y;8880;0;0;9880;1200;2700
P207356041;P207356041_26;Z;9600;1240;0;10600;2440;2700
P207356041;P207356041_27;AA;9880;0;0;10880;1200;2340
P207356041;P207356041_28;AB;10600;1240;0;11600;2440;2520
P207356041;P207356041_29;AC;10880;0;0;11880;1200;2340
P207356041;P207356041_30;AD;11600;1660;0;12170;2440;478
P207356041;P207356041_31;AE;11880;0;0;12450;780;478
P207356041;P207356041_32;AF;12170;1440;0;13370;2440;930
P205356043;P205356043_1;A;0;617;0;1010;1823;1185
P205356043;P205356043_2;B;1010;617;0;2020;1823;1185
P205356043;P205356043_3;C;2020;1234;0;3030;2440;2370
P205356043;P205356043_4;D;2020;17;0;3020;1217;2700
P205356043;P205356043_5;E;3020;227;0;3590;1007;1771
P205356043;P205356043_6;F;3030;1333;0;3600;2113;1771
P205356043;P205356043_7;G;3590;0;0;4160;780;909
P205356043;P205356043_8;H;3600;1220;0;4170;2000;478
P205356043;P205356043_9;I;4160;0;0;4730;780;478
P205356043;P205356043_10;J;4170;1220;0;4740;2000;1771
P205356043;P205356043_11;K;4730;0;0;5730;1200;2520
P205356043;P205356043_12;L;4740;1234;0;5750;2440;385
P205356043;P205356043_13;M;5730;0;0;6300;780;1771
P205356043;P205356043_14;N;5750;780;0;6320;1560;1771
P205356043;P205356043_15;O;5750;1660;0;6320;2440;1771
P205356043;P205356043_16;P;6300;0;0;6870;780;1771
P205356043;P205356043_17;Q;6320;1240;0;7320;2440;2700
P205356043;P205356043_18;R;6870;0;0;7440;780;1771
P205356043;P205356043_19;S;7320;780;0;7890;1560;909
P205356043;P205356043_20;T;7320;1660;0;7890;2440;478
P205356043;P205356043_21;U;7440;0;0;8010;780;478
P205356043;P205356043_22;V;7890;1240;0;8890;2440;2700
P205356043;P205356043_23;W;8010;0;0;9010;1200;2700
P205356043;P205356043_24;X;8890;1240;0;9890;2440;750
P205356043;P205356043_25;Y;9010;0;0;9580;780;478
P205356043;P205356043_26;Z;9580;0;0;10880;1100;2835
P205356043;P205356043_27;AA;9890;1140;0;10990;2440;2835
P205356043;P205356043_28;AB;10880;0;0;12180;1100;2835
P205356043;P205356043_29;AC;10990;1140;0;12090;2440;2835
P205356043;P205356043_30;AD;12090;1140;0;13190;2440;2835
P205356043;P205356043_31;AE;12180;0;0;13480;1100;2835
P200356041;P200356041_1;A;0;617;0;1010;1823;2370
P200356041;P200356041_2;B;1010;617;0;2020;1823;2370
P200356041;P200356041_3;C;2020;1234;0;3030;2440;2370
P200356041;P200356041_4;D;2020;0;0;3030;1206;1185
P200356041;P200356041_5;E;3030;617;0;4040;1823;770
P200356041;P200356041_6;F;4040;620;0;5040;1820;2700
P200356041;P200356041_7;G;5040;1240;0;6040;2440;2700
P200356041;P200356041_8;H;5040;0;0;5610;780;1771
P200356041;P200356041_9;I;5610;0;0;6180;780;1340
P200356041;P200356041_10;J;6040;1240;0;7040;2440;2700
P200356041;P200356041_11;K;6180;0;0;6750;780;1771
P200356041;P200356041_12;L;6750;0;0;7320;780;1340
P200356041;P200356041_13;M;7040;780;0;7610;1560;478
P200356041;P200356041_14;N;7610;1240;0;8610;2440;2700
P200356041;P200356041_15;O;7610;0;0;8610;1200;2520
P200356041;P200356041_16;P;8610;0;0;9180;780;1771
P200356041;P200356041_17;Q;8610;780;0;9180;1560;1771
P200356041;P200356041_18;R;8610;1660;0;9180;2440;1771
P200356041;P200356041_19;S;9180;1660;0;9750;2440;1771
P200356041;P200356041_20;T;9180;0;0;10180;1200;2700
P200356041;P200356041_21;U;9750;1660;0;10320;2440;1771
P200356041;P200356041_22;V;10180;0;0;11180;1200;2700
P200356041;P200356041_23;W;10320;1660;0;10890;2440;1771
P200356041;P200356041_24;X;10890;1660;0;11460;2440;1771
P200356041;P200356041_25;Y;11180;0;0;11750;780;1771
P200356041;P200356041_26;Z;11180;780;0;11750;1560;1340
P200356041;P200356041_27;AA;11460;1660;0;12030;2440;478
P200356041;P200356041_28;AB;11750;0;0;12750;1200;2700
P200356041;P200356041_29;AC;12030;1240;0;13030;2440;2700
P198356043;P198356043_1;A;0;830;0;570;1610;478
P198356043;P198356043_2;B;570;1610;0;1140;2390;478
P198356043;P198356043_3;C;570;415;0;1140;1195;478
P198356043;P198356043_4;D;1140;0;0;1710;780;478
P198356043;P198356043_5;E;1140;1220;0;1710;2000;478
P198356043;P198356043_6;F;1710;1660;0;2280;2440;478
P198356043;P198356043_7;G;1710;0;0;2280;780;478
P198356043;P198356043_8;H;1710;780;0;2280;1560;478
P198356043;P198356043_9;I;2280;830;0;2850;1610;1340
P198356043;P198356043_10;J;2850;830;0;3420;1610;1340
P198356043;P198356043_11;K;3420;720;0;4620;1720;2340
P198356043;P198356043_12;L;4620;620;0;5620;1820;2340
P198356043;P198356043_13;M;5620;620;0;6620;1820;2340
P198356043;P198356043_14;N;6620;1240;0;7620;2440;2340
P198356043;P198356043_15;O;6620;0;0;7620;1200;2340
P198356043;P198356043_16;P;7620;0;0;8620;1200;2520
P198356043;P198356043_17;Q;7620;1240;0;8620;2440;2340
P198356043;P198356043_18;R;8620;1240;0;9620;2440;2340
P198356043;P198356043_19;S;8620;0;0;9620;1200;2520
P198356043;P198356043_20;T;9620;0;0;10190;780;1771
P198356043;P198356043_21;U;9620;780;0;10190;1560;1771
P198356043;P198356043_22;V;9620;1660;0;10190;2440;478
P198356043;P198356043_23;W;10190;1340;0;11490;2440;2835
P198356043;P198356043_24;X;10190;0;0;11290;1300;2835
P198356043;P198356043_25;Y;11290;0;0;12390;1300;2835
P198356043;P198356043_26;Z;11490;1340;0;12790;2440;975
P198356043;P198356043_27;AA;12390;0;0;13490;1300;2835
Q198356043_1;Q198356043_1_1;A;0;617;0;1010;1823;1185
Q198356043_1;Q198356043_1_2;B;1010;617;0;2020;1823;2370
Q198356043_1;Q198356043_1_3;C;2020;617;0;3030;1823;1185
Q198356043_1;Q198356043_1_4;D;3030;1660;0;3600;2440;909
Q198356043_1;Q198356043_1_5;E;3030;0;0;3600;780;478
Q198356043_1;Q198356043_1_6;F;3030;780;0;3600;1560;478
Q198356043_1;Q198356043_1_7;G;3600;830;0;4170;1610;478
Q198356043_1;Q198356043_1_8;H;4170;1240;0;5170;2440;2700
Q198356043_1;Q198356043_1_9;I;4170;460;0;4740;1240;478
Q198356043_1;Q198356043_1_10;J;4740;0;0;5310;780;478
Q198356043_1;Q198356043_1_11;K;5170;1240;0;6170;2440;1815
Q198356043_1;Q198356043_1_12;L;5310;0;0;6310;1200;2340
Q198356043_1;Q198356043_1_13;M;6170;1660;0;6740;2440;1771
Q198356043_1;Q198356043_1_14;N;6310;0;0;6880;780;1771
Q198356043_1;Q198356043_1_15;O;6310;780;0;6880;1560;1771
Q198356043_1;Q198356043_1_16;P;6740;1660;0;7310;2440;1771
Q198356043_1;Q198356043_1_17;Q;6880;0;0;7890;1206;385
Q198356043_1;Q198356043_1_18;R;7310;1660;0;7880;2440;478
Q198356043_1;Q198356043_1_19;S;7880;1240;0;8880;2440;2340
Q198356043_1;Q198356043_1_20;T;7890;0;0;8890;1200;2340
Q198356043_1;Q198356043_1_21;U;8880;1240;0;9880;2440;2340
Q198356043_1;Q198356043_1_22;V;8890;0;0;10190;1100;2835
Q198356043_1;Q198356043_1_23;W;9880;1140;0;10980;2440;2835
Q198356043_1;Q198356043_1_24;X;10190;0;0;11490;1100;2835
Q198356043_1;Q198356043_1_25;Y;10980;1140;0;12080;2440;2835
Q198356043_1;Q198356043_1_26;Z;11490;0;0;12790;1100;2835
Q198356043_1;Q198356043_1_27;AA;12080;1140;0;13180;2440;2835
P193356041;P193356041_1;A;0;617;0;1010;1823;2370
P193356041;P193356041_2;B;1010;1234;0;2020;2440;2370
P193356041;P193356041_3;C;1010;14;0;2020;1220;1185
P193356041;P193356041_4;D;2020;620;0;3020;1820;2700
P193356041;P193356041_5;E;3020;830;0;3590;1610;1340
P193356041;P193356041_6;F;3590;830;0;4160;1610;1340
P193356041;P193356041_7;G;4160;1610;0;4730;2390;1340
P193356041;P193356041_8;H;4160;205;0;5160;1405;2700
P193356041;P193356041_9;I;4730;1440;0;5930;2440;1815
P193356041;P193356041_10;J;5160;330;0;5730;1110;478
P193356041;P193356041_11;K;5730;660;0;6300;1440;478
P193356041;P193356041_12;L;5930;1660;0;6500;2440;478
P193356041;P193356041_13;M;6300;0;0;7300;1200;2340
P193356041;P193356041_14;N;6500;1660;0;7070;2440;1771
P193356041;P193356041_15;O;7070;1660;0;7640;2440;1771
P193356041;P193356041_16;P;7300;0;0;7870;780;1771
P193356041;P193356041_17;Q;7300;780;0;7870;1560;1771
P193356041;P193356041_18;R;7640;1660;0;8210;2440;1771
P193356041;P193356041_19;S;7870;0;0;8870;1200;2700
P193356041;P193356041_20;T;8210;1240;0;9210;2440;2340
P193356041;P193356041_21;U;8870;0;0;9870;1200;2520
P193356041;P193356041_22;V;9210;1240;0;10210;2440;2700
P193356041;P193356041_23;W;9870;0;0;10870;1200;2520
P193356041;P193356041_24;X;10210;1660;0;10780;2440;1771
P193356041;P193356041_25;Y;10780;1240;0;11780;2440;1455
P193356041;P193356041_26;Z;10870;0;0;11440;780;478
P193356041;P193356041_27;AA;11440;0;0;12010;780;478
P193356041;P193356041_28;AB;11780;780;0;12350;1560;478
P193356041;P193356041_29;AC;11780;1660;0;12350;2440;478
P191356043;P191356043_1;A;0;617;0;1010;1823;1185
P191356043;P191356043_2;B;1010;1660;0;1580;2440;909
P191356043;P191356043_3;C;1010;0;0;1580;780;1771
P191356043;P191356043_4;D;1580;617;0;2590;1823;385
P191356043;P191356043_5;E;2590;620;0;3590;1820;2700
P191356043;P191356043_6;F;3590;1240;0;4590;2440;2700
P191356043;P191356043_7;G;3590;20;0;4590;1220;2340
P191356043;P191356043_8;H;4590;0;0;5590;1200;2340
P191356043;P191356043_9;I;4590;1220;0;5590;2420;2700
P191356043;P191356043_10;J;5590;620;0;6590;1820;1455
P191356043;P191356043_11;K;6590;1240;0;7590;2440;750
P191356043;P191356043_12;L;6590;0;0;7890;1100;2835
P191356043;P191356043_13;M;7590;1140;0;8690;2440;2835
P191356043;P191356043_14;N;7890;0;0;9190;1100;2835
P191356043;P191356043_15;O;8690;1140;0;9790;2440;2835
P191356043;P191356043_16;P;9190;0;0;10490;1100;2835
P191356043;P191356043_17;Q;9790;1140;0;10890;2440;2835
P191356043;P191356043_18;R;10490;0;0;11790;1100;1905
P191356043;P191356043_19;S;10890;1140;0;11990;2440;975
P188356041;P188356041_1;A;0;617;0;1010;1823;1185
P188356041;P188356041_2;B;1010;1234;0;2020;2440;1185
P188356041;P188356041_3;C;1010;0;0;2020;1206;1185
P188356041;P188356041_4;D;2020;617;0;3030;1823;2370
P188356041;P188356041_5;E;3030;1234;0;4040;2440;770
P188356041;P188356041_6;F;3030;0;0;3600;780;1771
P188356041;P188356041_7;G;3600;0;0;4170;780;1771
P188356041;P188356041_8;H;4040;1220;0;4610;2000;1340
P188356041;P188356041_9;I;4170;0;0;4740;780;1340
P188356041;P188356041_10;J;4610;1660;0;5180;2440;909
P188356041;P188356041_11;K;4610;780;0;5180;1560;478
P188356041;P188356041_12;L;4740;0;0;5310;780;478
P188356041;P188356041_13;M;5180;1240;0;6180;2440;2700
P188356041;P188356041_14;N;5310;0;0;6310;1200;2700
P188356041;P188356041_15;O;6180;1240;0;7180;2440;2700
P188356041;P188356041_16;P;6310;0;0;6880;780;478
P188356041;P188356041_17;Q;6880;0;0;7880;1200;1815
P188356041;P188356041_18;R;7180;1660;0;7750;2440;478
P188356041;P188356041_19;S;7750;1660;0;8320;2440;478
P188356041;P188356041_20;T;7880;0;0;8450;780;478
P188356041;P188356041_21;U;7880;780;0;8450;1560;1771
P188356041;P188356041_22;V;8320;1660;0;8890;2440;1771
P188356041;P188356041_23;W;8450;0;0;9020;780;1771
P188356041;P188356041_24;X;8450;780;0;9020;1560;1771
P188356041;P188356041_25;Y;8890;1660;0;9460;2440;1771
P188356041;P188356041_26;Z;9020;0;0;9590;780;1771
P188356041;P188356041_27;AA;9020;780;0;9590;1560;1771
P188356041;P188356041_28;AB;9460;1660;0;10030;2440;1771
P188356041;P188356041_29;AC;9590;0;0;10160;780;1340
P188356041;P188356041_30;AD;9590;780;0;10160;1560;478
P188356041;P188356041_31;AE;10160;0;0;11160;1200;2700
P188356041;P188356041_32;AF;10160;1240;0;11160;2440;2700
P188356041;P188356041_33;AG;11160;1240;0;12160;2440;1635
P188356041;P188356041_34;AH;11160;0;0;12160;1200;1455
P188356041;P188356041_35;AI;12160;0;0;13360;1000;1455
P186356041;P186356041_1;A;0;617;0;1010;1823;1185
P186356041;P186356041_2;B;1010;617;0;2020;1823;2370
P186356041;P186356041_3;C;2020;617;0;3030;1823;1185
P186356041;P186356041_4;D;3030;620;0;4030;1820;2700
P186356041;P186356041_5;E;4030;1240;0;5030;2440;1815
P186356041;P186356041_6;F;4030;0;0;4600;780;1771
P186356041;P186356041_7;G;4600;0;0;5170;780;1771
P186356041;P186356041_8;H;5030;780;0;5600;1560;909
P186356041;P186356041_9;I;5030;1660;0;5600;2440;478
P186356041;P186356041_10;J;5170;0;0;5740;780;478
P186356041;P186356041_11;K;5600;1240;0;6600;2440;930
P186356041;P186356041_12;L;5740;0;0;6310;780;478
P186356041;P186356041_13;M;6310;0;0;6880;780;478
P186356041;P186356041_14;N;6600;780;0;7170;1560;478
P186356041;P186356041_15;O;6600;1660;0;7170;2440;1771
P186356041;P186356041_16;P;6880;0;0;7450;780;1771
P186356041;P186356041_17;Q;7170;1240;0;8170;2440;2700
P186356041;P186356041_18;R;7450;0;0;8450;1200;2700
P186356041;P186356041_19;S;8170;1240;0;9170;2440;2700
P186356041;P186356041_20;T;8450;0;0;9020;780;1771
P186356041;P186356041_21;U;9020;0;0;9590;780;1771
P186356041;P186356041_22;V;9170;780;0;9740;1560;1771
P186356041;P186356041_23;W;9170;1660;0;9740;2440;1340
P186356041;P186356041_24;X;9590;0;0;10160;780;478
P186356041;P186356041_25;Y;9740;1234;0;10750;2440;385
P186356041;P186356041_26;Z;10160;0;0;11160;1200;1635
P186356041;P186356041_27;AA;10750;1240;0;11750;2440;1455
P186356041;P186356041_28;AB;11160;0;0;12160;1200;1455
P186356041;P186356041_29;AC;11750;1240;0;12750;2440;750
P186356041;P186356041_30;AD;12160;0;0;12730;780;478
P186356041;P186356041_31;AE;12730;0;0;13300;780;478
P177064901;P177064901_1;A;0;1240;0;1000;2440;2700
P177064901;P177064901_2;B;0;20;0;1000;1220;2865
P177064901;P177064901_3;C;1000;830;0;1570;1610;1771
P177064901;P177064901_4;D;1570;1240;0;2570;2440;2865
P177064901;P177064901_5;E;1570;0;0;3170;1200;2865
P177064901;P177064901_6;F;2570;1240;0;3570;2440;2865
P177064901;P177064901_7;G;3170;0;0;4170;1200;2865
P177064901;P177064901_8;H;3570;1660;0;4140;2440;1771
P177064901;P177064901_9;I;4140;1240;0;5740;2440;2865
P177064901;P177064901_10;J;4170;0;0;5170;1200;2865
P177064901;P177064901_11;K;5170;0;0;6170;1200;2865
P177064901;P177064901_12;L;5740;1240;0;6740;2440;2865
P177064901;P177064901_13;M;6170;0;0;7170;1200;2340
P177064901;P177064901_14;N;6740;1240;0;8340;2440;2865
P177064901;P177064901_15;O;7170;0;0;7740;780;1771
P177064901;P177064901_16;P;7740;0;0;9340;1200;2865
P177064901;P177064901_17;Q;8340;1240;0;9940;2440;2340
P177064901;P177064901_18;R;9340;0;0;10340;1200;2865
P177064901;P177064901_19;S;9940;1240;0;10940;2440;2865
P177064901;P177064901_20;T;10340;0;0;11340;1200;2865
P177064901;P177064901_21;U;10940;1660;0;11510;2440;1771
P177064901;P177064901_22;V;11340;0;0;12340;1200;2865
P177064901;P177064901_23;W;11510;1240;0;13110;2440;2340
P177064901;P177064901_24;X;12340;0;0;13340;1200;2865
P174064903;P174064903_1;A;0;1240;0;1600;2440;2700
P174064903;P174064903_2;B;0;0;0;1000;1200;2700
P174064903;P174064903_3;C;1000;0;0;2600;1200;2700
P174064903;P174064903_4;D;1600;1240;0;3200;2440;2700
P174064903;P174064903_5;E;2600;0;0;4200;1200;2700
P174064903;P174064903_6;F;3200;1240;0;4200;2440;2700
P174064903;P174064903_7;G;4200;0;0;5800;1200;2700
P174064903;P174064903_8;H;4200;1240;0;5800;2440;1815
P174064903;P174064903_9;I;5800;1240;0;6800;2440;2700
P174064903;P174064903_10;J;5800;0;0;6800;1200;2700
P174064903;P174064903_11;K;6800;0;0;7800;1200;2700
P174064903;P174064903_12;L;6800;1240;0;7800;2440;2700
P174064903;P174064903_13;M;7800;1240;0;8800;2440;2700
P174064903;P174064903_14;N;7800;0;0;8800;1200;1815
P174064903;P174064903_15;O;8800;0;0;9810;1206;1155
P174064903;P174064903_16;P;8800;1240;0;9800;2440;2865
P174064903;P174064903_17;Q;9800;1240;0;10800;2440;2865
P174064903;P174064903_18;R;9810;0;0;10810;1200;2865
P174064903;P174064903_19;S;10800;1240;0;12400;2440;2865
P174064903;P174064903_20;T;10810;0;0;12410;1200;2865
P174064903;P174064903_21;U;12400;1240;0;13400;2440;2865
P174064903;P174064903_22;V;12410;0;0;13410;1200;2865
P173064905;P173064905_1;A;0;1240;0;1600;2440;2700
P173064905;P173064905_2;B;0;0;0;1600;1200;2700
P173064905;P173064905_3;C;1600;0;0;3200;1200;2700
P173064905;P173064905_4;D;1600;1240;0;3200;2440;2700
P173064905;P173064905_5;E;3200;1240;0;4800;2440;2700
P173064905;P173064905_6;F;3200;0;0;4800;1200;2700
P173064905;P173064905_7;G;4800;0;0;6400;1200;2700
P173064905;P173064905_8;H;4800;1240;0;6400;2440;2700
P173064905;P173064905_9;I;6400;1240;0;8000;2440;2700
P173064905;P173064905_10;J;6400;0;0;8000;1200;2700
P173064905;P173064905_11;K;8000;0;0;9600;1200;2700
P173064905;P173064905_12;L;8000;1240;0;9000;2440;2700
P173064905;P173064905_13;M;9000;1240;0;10000;2440;2865
P173064905;P173064905_14;N;9600;0;0;10600;1200;2865
P173064905;P173064905_15;O;10000;1240;0;11000;2440;2865
P173064905;P173064905_16;P;10600;0;0;11600;1200;2865
P173064905;P173064905_17;Q;11000;1240;0;12600;2440;2865
P173064905;P173064905_18;R;11600;0;0;13200;1200;2865
P173064905;P173064905_19;S;12600;1660;0;13170;2440;1771
P172064903;P172064903_1;A;0;1240;0;1600;2440;2700
P172064903;P172064903_2;B;0;0;0;1600;1200;2700
P172064903;P172064903_3;C;1600;0;0;3200;1200;2700
P172064903;P172064903_4;D;1600;1240;0;3200;2440;2700
P172064903;P172064903_5;E;3200;1240;0;4800;2440;2700
P172064903;P172064903_6;F;3200;0;0;4800;1200;2700
P172064903;P172064903_7;G;4800;0;0;6400;1200;2700
P172064903;P172064903_8;H;4800;1240;0;6400;2440;2700
P172064903;P172064903_9;I;6400;1240;0;8000;2440;2700
P172064903;P172064903_10;J;6400;0;0;8000;1200;2700
P172064903;P172064903_11;K;8000;0;0;9600;1200;2700
P172064903;P172064903_12;L;8000;1240;0;9600;2440;2700
P172064903;P172064903_13;M;9600;1240;0;11200;2440;2700
P172064903;P172064903_14;N;9600;0;0;11200;1200;2700
P172064903;P172064903_15;O;11200;0;0;12800;1200;2700
P172064903;P172064903_16;P;11200;1240;0;12800;2440;2700
P171064903;P171064903_1;A;0;0;0;1600;1200;2700
P171064903;P171064903_2;B;0;1240;0;1000;2440;2700
P171064903;P171064903_3;C;1000;1240;0;2600;2440;2700
P171064903;P171064903_4;D;1600;0;0;3200;1200;2700
P171064903;P171064903_5;E;2600;1240;0;4200;2440;2700
P171064903;P171064903_6;F;3200;0;0;4200;1200;2700
P171064903;P171064903_7;G;4200;1240;0;5800;2440;2700
P171064903;P171064903_8;H;4200;0;0;5800;1200;2700
P171064903;P171064903_9;I;5800;0;0;7400;1200;2700
P171064903;P171064903_10;J;5800;1240;0;6800;2440;2700
P171064903;P171064903_11;K;6800;1240;0;7800;2440;930
P171064903;P171064903_12;L;7400;0;0;8400;1200;2865
P171064903;P171064903_13;M;7800;1240;0;10200;2440;1905
P171064903;P171064903_14;N;8400;0;0;8970;780;1771
P171064903;P171064903_15;O;8970;0;0;10570;1200;2865
P171064903;P171064903_16;P;10200;1660;0;10770;2440;1771
P171064903;P171064903_17;Q;10570;0;0;11140;780;1771
P171064903;P171064903_18;R;10570;780;0;11140;1560;1771
P171064903;P171064903_19;S;10770;1660;0;11340;2440;1771
P171064903;P171064903_20;T;11140;0;0;12140;1200;2865
P171064903;P171064903_21;U;11340;1240;0;12340;2440;2865
P171064903;P171064903_22;V;12140;0;0;13140;1200;2865
P171064903;P171064903_23;W;12340;1240;0;13340;2440;2865
P170064901;P170064901_1;A;0;0;0;1600;1200;2700
P170064901;P170064901_2;B;0;1660;0;570;2440;478
P170064901;P170064901_3;C;570;1240;0;1570;2440;2700
P170064901;P170064901_4;D;1570;1240;0;2570;2440;2700
P170064901;P170064901_5;E;1600;0;0;3200;1200;2700
P170064901;P170064901_6;F;2570;1240;0;4170;2440;2700
P170064901;P170064901_7;G;3200;0;0;4800;1200;2865
P170064901;P170064901_8;H;4170;1240;0;5170;2440;2340
P170064901;P170064901_9;I;4800;0;0;6400;1200;2865
P170064901;P170064901_10;J;5170;1234;0;6180;2440;385
P170064901;P170064901_11;K;6180;1240;0;7780;2440;2865
P170064901;P170064901_12;L;6400;0;0;6970;780;1771
P170064901;P170064901_13;M;6970;0;0;7970;1200;2865
P170064901;P170064901_14;N;7780;1240;0;8780;2440;2865
P170064901;P170064901_15;O;7970;0;0;8970;1200;2865
P170064901;P170064901_16;P;8780;1240;0;9780;2440;2340
P170064901;P170064901_17;Q;8970;0;0;10570;1200;2865
P170064901;P170064901_18;R;9780;1240;0;10780;2440;2865
P170064901;P170064901_19;S;10570;0;0;12170;1200;1455
P170064901;P170064901_20;T;10780;1240;0;11780;2440;2865
P170064901;P170064901_21;U;11780;1240;0;12780;2440;2865
P170064901;P170064901_22;V;12170;0;0;13170;1200;2160
P170064901;P170064901_23;W;12780;1660;0;13350;2440;1340
P166064905;P166064905_1;A;0;0;0;1600;1200;2700
P166064905;P166064905_2;B;0;1200;0;1600;2400;2700
P166064905;P166064905_3;C;1600;1240;0;3200;2440;2700
P166064905;P166064905_4;D;1600;0;0;3200;1200;2700
P166064905;P166064905_5;E;3200;1240;0;4800;2440;2700
P166064905;P166064905_6;F;3200;0;0;4800;1200;2700
P166064905;P166064905_7;G;4800;0;0;6400;1200;2700
P166064905;P166064905_8;H;4800;1240;0;5800;2440;2700
P166064905;P166064905_9;I;5800;1240;0;6800;2440;2700
P166064905;P166064905_10;J;6400;0;0;7400;1200;2700
P166064905;P166064905_11;K;6800;1240;0;7800;2440;2700
P166064905;P166064905_12;L;7400;0;0;9000;1200;2700
P166064905;P166064905_13;M;7800;1240;0;9400;2440;2700
P166064905;P166064905_14;N;9000;0;0;10600;1200;2700
P166064905;P166064905_15;O;9400;1240;0;11000;2440;2700
P166064905;P166064905_16;P;10600;0;0;12200;1200;1815
P166064905;P166064905_17;Q;11000;1240;0;12000;2440;930
P166064905;P166064905_18;R;12200;840;0;13400;2440;930
P166064905;P166064905_19;S;12200;0;0;12770;780;1771
P166064905;P166064905_20;T;12770;0;0;13340;780;478
Q166064905_1;Q166064905_1_1;A;0;0;0;1600;1200;2700
Q166064905_1;Q166064905_1_2;B;0;1200;0;1600;2400;1815
Q166064905_1;Q166064905_1_3;C;1600;1240;0;3200;2440;2865
Q166064905_1;Q166064905_1_4;D;1600;0;0;3200;1200;2520
Q166064905_1;Q166064905_1_5;E;3200;0;0;4210;1206;770
Q166064905_1;Q166064905_1_6;F;3200;1240;0;4200;2440;2865
Q166064905_1;Q166064905_1_7;G;4200;1240;0;5200;2440;2865
Q166064905_1;Q166064905_1_8;H;4210;0;0;5210;1200;2865
Q166064905_1;Q166064905_1_9;I;5200;1240;0;6200;2440;2865
Q166064905_1;Q166064905_1_10;J;5210;0;0;6210;1200;2865
Q166064905_1;Q166064905_1_11;K;6200;1240;0;7200;2440;2340
Q166064905_1;Q166064905_1_12;L;6210;0;0;6780;780;1771
Q166064905_1;Q166064905_1_13;M;6780;0;0;8380;1200;2865
Q166064905_1;Q166064905_1_14;N;7200;1240;0;8800;2440;2865
Q166064905_1;Q166064905_1_15;O;8380;0;0;8950;780;1771
Q166064905_1;Q166064905_1_16;P;8800;840;0;10000;2440;2865
Q166064905_1;Q166064905_1_17;Q;8950;0;0;9520;780;1340
Q166064905_1;Q166064905_1_18;R;10000;1240;0;11000;2440;2865
Q166064905_1;Q166064905_1_19;S;10000;0;0;11000;1200;2865
Q166064905_1;Q166064905_1_20;T;11000;0;0;12000;1200;2865
Q166064905_1;Q166064905_1_21;U;11000;1240;0;12000;2440;2160
P240161341;P240161341_1;A;0;0;0;1000;1200;2700
P240161341;P240161341_2;B;0;1240;0;1400;2440;745
P240161341;P240161341_3;C;1000;0;0;2010;1206;1951
P240161341;P240161341_4;D;2010;940;0;3310;2440;600
P240161341;P240161341_5;E;3310;1240;0;4310;2440;2835
P240161341;P240161341_6;F;3310;0;0;4310;1200;2835
P240161341;P240161341_7;G;4310;0;0;5310;1200;2835
P240161341;P240161341_8;H;4310;1240;0;5310;2440;2835
P240161341;P240161341_9;I;5310;1240;0;6310;2440;2835
P240161341;P240161341_10;J;5310;0;0;6310;1200;2835
P240161341;P240161341_11;K;6310;0;0;7310;1200;2745
P240161341;P240161341_12;L;6310;1240;0;7310;2440;2700
P240161341;P240161341_13;M;7310;1240;0;8310;2440;2700
P240161341;P240161341_14;N;7310;0;0;8310;1200;2790
P240161341;P240161341_15;O;8310;0;0;9310;1200;2835
P240161341;P240161341_16;P;8310;1240;0;9310;2440;2835
P240161341;P240161341_17;Q;9310;1240;0;10310;2440;2835
P240161341;P240161341_18;R;9310;0;0;10310;1200;930
P208161347;P208161347_1;A;0;0;0;1400;1200;2145
P208161347;P208161347_2;B;0;1240;0;1000;2440;2700
P208161347;P208161347_3;C;1000;1240;0;2000;2440;2700
P208161347;P208161347_4;D;1400;0;0;2410;1206;2721
P208161347;P208161347_5;E;2000;1234;0;3010;2440;1181
P208161347;P208161347_6;F;3010;0;0;4310;1500;1200
P208161347;P208161347_7;G;4310;1240;0;5310;2440;2835
P208161347;P208161347_8;H;4310;0;0;5310;1200;2835
P208161347;P208161347_9;I;5310;0;0;6310;1200;2835
P208161347;P208161347_10;J;5310;1240;0;6310;2440;2835
P208161347;P208161347_11;K;6310;1240;0;7310;2440;2835
P208161347;P208161347_12;L;6310;0;0;7310;1200;2835
P208161347;P208161347_13;M;7310;0;0;8310;1200;2835
P208161347;P208161347_14;N;7310;1240;0;8310;2440;2835
P208161347;P208161347_15;O;8310;1240;0;9310;2440;2835
P208161347;P208161347_16;P;8310;0;0;9310;1200;2835
P208161347;P208161347_17;Q;9310;0;0;10310;1200;2745
P208161347;P208161347_18;R;9310;1240;0;10310;2440;2700
P208161347;P208161347_19;S;10310;1240;0;11310;2440;2700
P208161347;P208161347_20;T;10310;0;0;11310;1200;2835
P208161347;P208161347_21;U;11310;0;0;12310;1200;2835
P208161347;P208161347_22;V;11310;1240;0;12310;2440;2835
P208161347;P208161347_23;W;12310;1240;0;13310;2440;2835
P208161347;P208161347_24;X;12310;0;0;13310;1200;2835
P207161345;P207161345_1;A;0;1240;0;1000;2440;1815
P207161345;P207161345_2;B;0;0;0;1400;1200;745
P207161345;P207161345_3;C;1000;1234;0;2010;2440;485
P207161345;P207161345_4;D;1400;0;0;2410;1206;2747
P207161345;P207161345_5;E;2010;1234;0;3020;2440;385
P207161345;P207161345_6;F;2410;0;0;3410;1200;2745
P207161345;P207161345_7;G;3020;1240;0;4020;2440;2700
P207161345;P207161345_8;H;3410;0;0;4410;1200;2700
P207161345;P207161345_9;I;4020;1240;0;5020;2440;2790
P207161345;P207161345_10;J;4410;0;0;5410;1200;2835
P207161345;P207161345_11;K;5020;1240;0;6020;2440;2835
P207161345;P207161345_12;L;5410;0;0;6410;1200;2835
P207161345;P207161345_13;M;6020;1240;0;7020;2440;2835
P207161345;P207161345_14;N;6410;0;0;7410;1200;2835
P207161345;P207161345_15;O;7020;1240;0;8020;2440;2835
P207161345;P207161345_16;P;7410;0;0;8410;1200;2835
P207161345;P207161345_17;Q;8020;1240;0;9020;2440;2835
P207161345;P207161345_18;R;8410;0;0;9410;1200;2835
P207161345;P207161345_19;S;9020;1240;0;10020;2440;2835
P207161345;P207161345_20;T;9410;0;0;10410;1200;2835
P207161345;P207161345_21;U;10020;1240;0;11020;2440;2835
P207161345;P207161345_22;V;10410;0;0;11410;1200;2835
P207161345;P207161345_23;W;11020;1240;0;12020;2440;2835
P207161345;P207161345_24;X;11410;0;0;12410;1200;2835
P207161345;P207161345_25;Y;12020;1240;0;13020;2440;2745
P207161345;P207161345_26;Z;12410;0;0;13410;1200;2700
P206161343;P206161343_1;A;0;0;0;1000;1200;2700
P206161343;P206161343_2;B;0;1240;0;1400;2440;745
P206161343;P206161343_3;C;1000;0;0;2010;1206;1951
P206161343;P206161343_4;D;2010;940;0;3310;2440;900
P206161343;P206161343_5;E;3310;1240;0;4310;2440;2700
P206161343;P206161343_6;F;3310;0;0;4310;1200;2790
P206161343;P206161343_7;G;4310;0;0;5310;1200;2835
P206161343;P206161343_8;H;4310;1240;0;5310;2440;2835
P206161343;P206161343_9;I;5310;1240;0;6310;2440;2835
P206161343;P206161343_10;J;5310;0;0;6310;1200;2835
P206161343;P206161343_11;K;6310;0;0;7310;1200;2835
P206161343;P206161343_12;L;6310;1240;0;7310;2440;2835
P206161343;P206161343_13;M;7310;1240;0;8310;2440;2700
P206161343;P206161343_14;N;7310;0;0;8310;1200;2700
P206161343;P206161343_15;O;8310;0;0;9310;1200;2700
P206161343;P206161343_16;P;8310;1240;0;9310;2440;2835
P206161343;P206161343_17;Q;9310;1240;0;10310;2440;2835
P206161343;P206161343_18;R;9310;0;0;10310;1200;2835
P206161343;P206161343_19;S;10310;0;0;11310;1200;2790
P202161349;P202161349_1;A;0;1240;0;1400;2440;2145
P202161349;P202161349_2;B;0;0;0;1000;1200;2700
P202161349;P202161349_3;C;1000;0;0;2010;1206;485
P202161349;P202161349_4;D;1400;1234;0;2410;2440;2721
P202161349;P202161349_5;E;2010;0;0;3020;1206;2362
P202161349;P202161349_6;F;3020;940;0;4320;2440;1200
P202161349;P202161349_7;G;4320;0;0;5320;1200;2835
P202161349;P202161349_8;H;4320;1240;0;5320;2440;2835
P202161349;P202161349_9;I;5320;1240;0;6320;2440;2835
P202161349;P202161349_10;J;5320;0;0;6320;1200;2835
P202161349;P202161349_11;K;6320;0;0;7320;1200;2835
P202161349;P202161349_12;L;6320;1240;0;7320;2440;2835
P202161349;P202161349_13;M;7320;1240;0;8320;2440;2835
P202161349;P202161349_14;N;7320;0;0;8320;1200;2835
P202161349;P202161349_15;O;8320;0;0;9320;1200;2835
P202161349;P202161349_16;P;8320;1240;0;9320;2440;2835
P202161349;P202161349_17;Q;9320;1240;0;10320;2440;2835
P202161349;P202161349_18;R;9320;0;0;10320;1200;2835
P202161349;P202161349_19;S;10320;0;0;11320;1200;2700
P202161349;P202161349_20;T;10320;1240;0;11320;2440;2700
P202161349;P202161349_21;U;11320;1240;0;12320;2440;2700
P202161349;P202161349_22;V;11320;0;0;12320;1200;2835
P202161349;P202161349_23;W;12320;0;0;13320;1200;2835
P202161349;P202161349_24;X;12320;1240;0;13320;2440;2835
P201161347;P201161347_1;A;0;0;0;1000;1200;2700
P201161347;P201161347_2;B;0;1200;0;1000;2400;2700
P201161347;P201161347_3;C;1000;1240;0;2400;2440;745
P201161347;P201161347_4;D;1000;0;0;2010;1206;1951
P201161347;P201161347_5;E;2010;0;0;3010;1200;2835
P201161347;P201161347_6;F;2400;1240;0;3400;2440;2835
P201161347;P201161347_7;G;3010;0;0;4010;1200;2835
P201161347;P201161347_8;H;3400;1240;0;4400;2440;2835
P201161347;P201161347_9;I;4010;0;0;5010;1200;2835
P201161347;P201161347_10;J;4400;1240;0;5400;2440;2835
P201161347;P201161347_11;K;5010;0;0;6010;1200;2835
P201161347;P201161347_12;L;5400;1240;0;6400;2440;2835
P201161347;P201161347_13;M;6010;0;0;7010;1200;2835
P201161347;P201161347_14;N;6400;1240;0;7400;2440;2835
P201161347;P201161347_15;O;7010;0;0;8010;1200;2700
P201161347;P201161347_16;P;7400;1240;0;8400;2440;2700
P201161347;P201161347_17;Q;8010;0;0;9010;1200;2700
P201161347;P201161347_18;R;8400;1240;0;9400;2440;2700
P201161347;P201161347_19;S;9010;0;0;10010;1200;2835
P201161347;P201161347_20;T;9400;1240;0;10400;2440;2835
P201161347;P201161347_21;U;10010;0;0;11010;1200;2835
P201161347;P201161347_22;V;10400;1240;0;11400;2440;2835
P201161347;P201161347_23;W;11010;0;0;12010;1200;2835
P201161347;P201161347_24;X;11400;1240;0;12400;2440;2835
P201161347;P201161347_25;Y;12010;0;0;13010;1200;2835
P201161347;P201161347_26;Z;12400;1240;0;13400;2440;2835
P200161345;P200161345_1;A;0;0;0;1000;1200;2700
P200161345;P200161345_2;B;0;1240;0;1400;2440;1445
P200161345;P200161345_3;C;1000;0;0;2010;1206;1951
P200161345;P200161345_4;D;2010;940;0;3310;2440;600
P200161345;P200161345_5;E;3310;1240;0;4310;2440;2835
P200161345;P200161345_6;F;3310;0;0;4310;1200;2835
P200161345;P200161345_7;G;4310;0;0;5310;1200;2745
P200161345;P200161345_8;H;4310;1240;0;5310;2440;2700
P200161345;P200161345_9;I;5310;1240;0;6310;2440;2700
P200161345;P200161345_10;J;5310;0;0;6310;1200;2790
P200161345;P200161345_11;K;6310;0;0;7310;1200;2835
P200161345;P200161345_12;L;6310;1240;0;7310;2440;2835
P200161345;P200161345_13;M;7310;1240;0;8310;2440;2835
P200161345;P200161345_14;N;7310;0;0;8310;1200;2835
P200161345;P200161345_15;O;8310;0;0;9310;1200;2745
P200161345;P200161345_16;P;8310;1240;0;9310;2440;2700
P200161345;P200161345_17;Q;9310;1240;0;10310;2440;2700
P200161345;P200161345_18;R;9310;0;0;10310;1200;2790
P200161345;P200161345_19;S;10310;0;0;11310;1200;2790
P200161345;P200161345_20;T;10310;1240;0;11310;2440;2835
P200161345;P200161345_21;U;11310;1240;0;12310;2440;2835
P200161345;P200161345_22;V;11310;0;0;12310;1200;2835
P200161345;P200161345_23;W;12310;0;0;13310;1200;2835
P200161345;P200161345_24;X;12310;1240;0;13310;2440;975
P199161343;P199161343_1;A;0;0;0;1000;1200;2700
P199161343;P199161343_2;B;0;1240;0;1400;2440;745
P199161343;P199161343_3;C;1000;0;0;2010;1206;485
P199161343;P199161343_4;D;1400;1234;0;2410;2440;1951
P199161343;P199161343_5;E;2410;0;0;3710;1500;900
P199161343;P199161343_6;F;3710;1240;0;4710;2440;2835
P199161343;P199161343_7;G;3710;0;0;4710;1200;2835
P199161343;P199161343_8;H;4710;0;0;5710;1200;2835
P199161343;P199161343_9;I;4710;1240;0;5710;2440;2835
P199161343;P199161343_10;J;5710;1240;0;6710;2440;2835
P199161343;P199161343_11;K;5710;0;0;6710;1200;2835
P199161343;P199161343_12;L;6710;0;0;7710;1200;2835
P199161343;P199161343_13;M;6710;1240;0;7710;2440;2700
P199161343;P199161343_14;N;7710;1240;0;8710;2440;2700
P199161343;P199161343_15;O;7710;0;0;8710;1200;2700
P199161343;P199161343_16;P;8710;0;0;9710;1200;2835
P199161343;P199161343_17;Q;8710;1240;0;9710;2440;2835
P199161343;P199161343_18;R;9710;1240;0;10710;2440;2835
P199161343;P199161343_19;S;9710;0;0;10710;1200;2835
P199161343;P199161343_20;T;10710;0;0;11710;1200;975
P194161347;P194161347_1;A;0;1240;0;1400;2440;2145
P194161347;P194161347_2;B;0;0;0;1000;1200;2700
P194161347;P194161347_3;C;1000;0;0;2010;1206;485
P194161347;P194161347_4;D;1400;1234;0;2410;2440;2721
P194161347;P194161347_5;E;2010;0;0;3020;1206;2362
P194161347;P194161347_6;F;3020;940;0;4320;2440;1200
P194161347;P194161347_7;G;4320;0;0;5320;1200;2835
P194161347;P194161347_8;H;4320;1240;0;5320;2440;2835
P194161347;P194161347_9;I;5320;1240;0;6320;2440;2835
P194161347;P194161347_10;J;5320;0;0;6320;1200;2835
P194161347;P194161347_11;K;6320;0;0;7320;1200;2835
P194161347;P194161347_12;L;6320;1240;0;7320;2440;2835
P194161347;P194161347_13;M;7320;1240;0;8320;2440;2835
P194161347;P194161347_14;N;7320;0;0;8320;1200;2700
P194161347;P194161347_15;O;8320;0;0;9320;1200;2700
P194161347;P194161347_16;P;8320;1240;0;9320;2440;2700
P194161347;P194161347_17;Q;9320;1240;0;10320;2440;2835
P194161347;P194161347_18;R;9320;0;0;10320;1200;2835
P194161347;P194161347_19;S;10320;0;0;11320;1200;2835
P194161347;P194161347_20;T;10320;1240;0;11320;2440;2835
P194161347;P194161347_21;U;11320;1240;0;12320;2440;2835
P194161347;P194161347_22;V;11320;0;0;12320;1200;2790
P194161347;P194161347_23;W;12320;0;0;13320;1200;2835
P194161347;P194161347_24;X;12320;1240;0;13320;2440;2835
P193161345;P193161345_1;A;0;0;0;1000;1200;2700
P193161345;P193161345_2;B;0;1240;0;1400;2440;745
P193161345;P193161345_3;C;1000;0;0;2000;1200;2700
P193161345;P193161345_4;D;1400;1240;0;2400;2440;930
P193161345;P193161345_5;E;2000;0;0;3010;1206;2721
P193161345;P193161345_6;F;2400;1240;0;3400;2440;2835
P193161345;P193161345_7;G;3010;0;0;4010;1200;2835
P193161345;P193161345_8;H;3400;1240;0;4400;2440;2835
P193161345;P193161345_9;I;4010;0;0;5010;1200;2835
P193161345;P193161345_10;J;4400;1240;0;5400;2440;2835
P193161345;P193161345_11;K;5010;0;0;6010;1200;2835
P193161345;P193161345_12;L;5400;1240;0;6400;2440;2835
P193161345;P193161345_13;M;6010;0;0;7010;1200;2835
P193161345;P193161345_14;N;6400;1240;0;7400;2440;2835
P193161345;P193161345_15;O;7010;0;0;8010;1200;2700
P193161345;P193161345_16;P;7400;1240;0;8400;2440;2700
P193161345;P193161345_17;Q;8010;0;0;9010;1200;2700
P193161345;P193161345_18;R;8400;1240;0;9400;2440;2790
P193161345;P193161345_19;S;9010;0;0;10010;1200;2835
P193161345;P193161345_20;T;9400;1240;0;10400;2440;2835
P193161345;P193161345_21;U;10010;0;0;11010;1200;2835
P193161345;P193161345_22;V;10400;1240;0;11400;2440;2835
P193161345;P193161345_23;W;11010;0;0;12010;1200;2835
P193161345;P193161345_24;X;11400;1240;0;12400;2440;2835
P193161345;P193161345_25;Y;12010;0;0;13010;1200;2835
P193161345;P193161345_26;Z;12400;1240;0;13400;2440;2835
P192161343;P192161343_1;A;0;0;0;1000;1200;2700
P192161343;P192161343_2;B;0;1200;0;1010;2406;485
P192161343;P192161343_3;C;1000;0;0;2206;1010;1951
P192161343;P192161343_4;D;1010;1010;0;2510;2310;1200
P192161343;P192161343_5;E;2206;0;0;3406;1000;2835
P192161343;P192161343_6;F;2510;1240;0;3510;2440;2835
P192161343;P192161343_7;G;3406;40;0;4406;1240;2835
P192161343;P192161343_8;H;3510;1240;0;4510;2440;2700
P192161343;P192161343_9;I;4406;0;0;5406;1200;2700
P192161343;P192161343_10;J;4510;1200;0;5510;2400;2700
P192161343;P192161343_11;K;5406;0;0;6406;1200;2700
P192161343;P192161343_12;L;5510;1240;0;6510;2440;2835
P192161343;P192161343_13;M;6406;40;0;7406;1240;2835
P192161343;P192161343_14;N;6510;1240;0;7510;2440;2835
P192161343;P192161343_15;O;7406;0;0;8406;1200;2835
P192161343;P192161343_16;P;7510;1200;0;8510;2400;2835
P192161343;P192161343_17;Q;8406;0;0;9406;1200;2835
P192161343;P192161343_18;R;8510;1240;0;9510;2440;2835
P192161343;P192161343_19;S;9406;40;0;10406;1240;2835
P192161343;P192161343_20;T;9510;1240;0;10510;2440;2835
P192161343;P192161343_21;U;10406;0;0;11406;1200;2835
P192161343;P192161343_22;V;10510;1200;0;11510;2400;2835
P192161343;P192161343_23;W;11406;0;0;12406;1200;2835
P192161343;P192161343_24;X;11510;1240;0;12510;2440;2700
P192161343;P192161343_25;Y;12406;40;0;13406;1240;2700
P191161341;P191161341_1;A;0;0;0;1400;1200;2145
P191161341;P191161341_2;B;0;1240;0;1000;2440;2700
P191161341;P191161341_3;C;1000;1234;0;2010;2440;1951
P191161341;P191161341_4;D;1400;0;0;2410;1206;1181
P191161341;P191161341_5;E;2010;1240;0;3010;2440;2745
P191161341;P191161341_6;F;2410;0;0;3410;1200;2790
P191161341;P191161341_7;G;3010;1240;0;4010;2440;2835
P191161341;P191161341_8;H;3410;0;0;4410;1200;2835
P191161341;P191161341_9;I;4010;1240;0;5010;2440;2835
P191161341;P191161341_10;J;4410;0;0;5410;1200;2835
P191161341;P191161341_11;K;5010;1240;0;6010;2440;2835
P191161341;P191161341_12;L;5410;0;0;6410;1200;2835
P191161341;P191161341_13;M;6010;1240;0;7010;2440;2700
P191161341;P191161341_14;N;6410;0;0;7410;1200;2700
P191161341;P191161341_15;O;7010;1240;0;8010;2440;2700
P191161341;P191161341_16;P;7410;0;0;8410;1200;2835
P191161341;P191161341_17;Q;8010;1240;0;9010;2440;2835
P191161341;P191161341_18;R;8410;0;0;9410;1200;2835
P191161341;P191161341_19;S;9010;1240;0;10010;2440;2835
P191161341;P191161341_20;T;9410;0;0;10410;1200;975
P187161347;P187161347_1;A;0;0;0;1000;1200;2700
P187161347;P187161347_2;B;0;1240;0;1400;2440;2145
P187161347;P187161347_3;C;1000;0;0;2010;1206;385
P187161347;P187161347_4;D;1400;1234;0;2410;2440;2721
P187161347;P187161347_5;E;2010;0;0;3020;1206;1181
P187161347;P187161347_6;F;3020;940;0;4320;2440;1200
P187161347;P187161347_7;G;4320;1240;0;5320;2440;2700
P187161347;P187161347_8;H;4320;0;0;5320;1200;2700
P187161347;P187161347_9;I;5320;0;0;6320;1200;2700
P187161347;P187161347_10;J;5320;1240;0;6320;2440;2700
P187161347;P187161347_11;K;6320;1240;0;7320;2440;2835
P187161347;P187161347_12;L;6320;0;0;7320;1200;2835
P187161347;P187161347_13;M;7320;0;0;8320;1200;2835
P187161347;P187161347_14;N;7320;1240;0;8320;2440;2835
P187161347;P187161347_15;O;8320;1240;0;9320;2440;2835
P187161347;P187161347_16;P;8320;0;0;9320;1200;2835
P187161347;P187161347_17;Q;9320;0;0;10320;1200;2835
P187161347;P187161347_18;R;9320;1240;0;10320;2440;2835
P187161347;P187161347_19;S;10320;1240;0;11320;2440;2835
P187161347;P187161347_20;T;10320;0;0;11320;1200;2835
P187161347;P187161347_21;U;11320;0;0;12320;1200;2835
P187161347;P187161347_22;V;11320;1240;0;12320;2440;2835
P187161347;P187161347_23;W;12320;1240;0;13320;2440;2835
P187161347;P187161347_24;X;12320;0;0;13320;1200;2835
P186161345;P186161345_1;A;0;0;0;1000;1200;2700
P186161345;P186161345_2;B;0;1240;0;1400;2440;745
P186161345;P186161345_3;C;1000;0;0;2000;1200;2700
P186161345;P186161345_4;D;1400;1234;0;2410;2440;1951
P186161345;P186161345_5;E;2000;0;0;3010;1206;1181
P186161345;P186161345_6;F;2410;1240;0;3410;2440;2835
P186161345;P186161345_7;G;3010;0;0;4010;1200;2835
P186161345;P186161345_8;H;3410;1240;0;4410;2440;2835
P186161345;P186161345_9;I;4010;0;0;5010;1200;2835
P186161345;P186161345_10;J;4410;1240;0;5410;2440;2835
P186161345;P186161345_11;K;5010;0;0;6010;1200;2835
P186161345;P186161345_12;L;5410;1240;0;6410;2440;2835
P186161345;P186161345_13;M;6010;0;0;7010;1200;2835
P186161345;P186161345_14;N;6410;1240;0;7410;2440;2835
P186161345;P186161345_15;O;7010;0;0;8010;1200;2835
P186161345;P186161345_16;P;7410;1240;0;8410;2440;2745
P186161345;P186161345_17;Q;8010;0;0;9010;1200;2700
P186161345;P186161345_18;R;8410;1240;0;9410;2440;2700
P186161345;P186161345_19;S;9010;0;0;10010;1200;2790
P186161345;P186161345_20;T;9410;1240;0;10410;2440;2835
P186161345;P186161345_21;U;10010;0;0;11010;1200;2835
P186161345;P186161345_22;V;10410;1240;0;11410;2440;2835
P186161345;P186161345_23;W;11010;0;0;12010;1200;2835
P186161345;P186161345_24;X;11410;1240;0;12410;2440;2835
P186161345;P186161345_25;Y;12010;0;0;13010;1200;2835
P186161345;P186161345_26;Z;12410;1240;0;13410;2440;2835
P185161343;P185161343_1;A;0;0;0;1000;1200;2700
P185161343;P185161343_2;B;0;1240;0;1400;2440;745
P185161343;P185161343_3;C;1000;0;0;2010;1206;485
P185161343;P185161343_4;D;1400;1234;0;2410;2440;770
P185161343;P185161343_5;E;2410;0;0;3710;1500;600
P185161343;P185161343_6;F;3710;1240;0;4710;2440;2835
P185161343;P185161343_7;G;3710;0;0;4710;1200;2835
P185161343;P185161343_8;H;4710;0;0;5710;1200;2745
P185161343;P185161343_9;I;4710;1240;0;5710;2440;2700
P185161343;P185161343_10;J;5710;1240;0;6710;2440;2700
P185161343;P185161343_11;K;5710;0;0;6710;1200;2790
P185161343;P185161343_12;L;6710;0;0;7710;1200;2835
P185161343;P185161343_13;M;6710;1240;0;7710;2440;2835
P185161343;P185161343_14;N;7710;1240;0;8710;2440;2835
P185161343;P185161343_15;O;7710;0;0;8710;1200;2835
P185161343;P185161343_16;P;8710;0;0;9710;1200;2835
P185161343;P185161343_17;Q;8710;1240;0;9710;2440;2835
P185161343;P185161343_18;R;9710;1240;0;10710;2440;2700
P185161343;P185161343_19;S;9710;0;0;10710;1200;2700
P185161343;P185161343_20;T;10710;0;0;11710;1200;2790
P185161343;P185161343_21;U;10710;1240;0;11710;2440;2835
P185161343;P185161343_22;V;11710;1440;0;12910;2440;2835
P185161343;P185161343_23;W;11710;0;0;12710;1200;2835
P240334503;P240334503_1;A;0;0;0;1600;1200;2700
P240334503;P240334503_2;B;0;1200;0;1600;2400;2700
P240334503;P240334503_3;C;1600;1240;0;3200;2440;2700
P240334503;P240334503_4;D;1600;0;0;3200;1200;2700
P240334503;P240334503_5;E;3200;0;0;4800;1200;2700
P240334503;P240334503_6;F;3200;1200;0;4800;2400;2700
P240334503;P240334503_7;G;4800;1240;0;6400;2440;2700
P240334503;P240334503_8;H;4800;0;0;6400;1200;2700
P240334503;P240334503_9;I;6400;0;0;8000;1200;2700
P240334503;P240334503_10;J;6400;1200;0;8000;2400;2700
P240334503;P240334503_11;K;8000;1240;0;9600;2440;2700
P240334503;P240334503_12;L;8000;0;0;9600;1200;2700
P240334503;P240334503_13;M;9600;0;0;11200;1200;2700
P240334503;P240334503_14;N;9600;1200;0;11200;2400;2700
P240334503;P240334503_15;O;11200;1240;0;12800;2440;930
P240334507;P240334507_1;A;0;720;0;1200;1720;720
P240334507;P240334507_2;B;1200;720;0;2400;1720;720
P240334507;P240334507_3;C;2400;1440;0;3600;2440;720
P240334507;P240334507_4;D;2400;0;0;3600;1000;720
P240334507;P240334507_5;E;3600;0;0;4800;1000;720
P240334507;P240334507_6;F;3600;1220;0;4800;2220;720
P240334507;P240334507_7;G;4800;620;0;5800;1820;720
P240334507;P240334507_8;H;5800;1240;0;6800;2440;720
P240334507;P240334507_9;I;5800;0;0;6800;1200;720
P240334507;P240334507_10;J;6800;0;0;7800;1200;720
P240334507;P240334507_11;K;6800;1240;0;7800;2440;720
P240334507;P240334507_12;L;7800;1240;0;8800;2440;720
P240334507;P240334507_13;M;7800;0;0;8800;1200;720
P208334503;P208334503_1;A;0;0;0;1600;1200;2700
P208334503;P208334503_2;B;0;1200;0;1600;2400;2700
P208334503;P208334503_3;C;1600;1240;0;3200;2440;2700
P208334503;P208334503_4;D;1600;0;0;3200;1200;2700
P208334503;P208334503_5;E;3200;0;0;4800;1200;2700
P208334503;P208334503_6;F;3200;1200;0;4800;2400;2700
P208334503;P208334503_7;G;4800;1240;0;6400;2440;2700
P208334503;P208334503_8;H;4800;0;0;6400;1200;2700
P208334503;P208334503_9;I;6400;0;0;8000;1200;2700
P208334503;P208334503_10;J;6400;1200;0;8000;2400;2700
P208334503;P208334503_11;K;8000;1240;0;9600;2440;2700
P208334503;P208334503_12;L;8000;0;0;9600;1200;2700
P208334503;P208334503_13;M;9600;0;0;11200;1200;2700
P208334503;P208334503_14;N;9600;1240;0;11200;2440;2700
P208334503;P208334503_15;O;11200;1240;0;12800;2440;2700
P208334503;P208334503_16;P;11200;0;0;12800;1200;2700
P208334501;P208334501_1;A;0;0;0;1000;1200;2835
P208334501;P208334501_2;B;0;1200;0;1000;2400;2835
P208334501;P208334501_3;C;1000;1240;0;2000;2440;2835
P208334501;P208334501_4;D;1000;0;0;2000;1200;2835
P208334501;P208334501_5;E;2000;0;0;3000;1200;2835
P208334501;P208334501_6;F;2000;1200;0;3000;2400;2835
P208334501;P208334501_7;G;3000;1240;0;4000;2440;2835
P208334501;P208334501_8;H;3000;0;0;4000;1200;2835
P208334501;P208334501_9;I;4000;1240;0;5000;2440;2835
P208334501;P208334501_10;J;4000;0;0;5000;1200;2835
P208334501;P208334501_11;K;5000;0;0;6000;1200;2835
P208334501;P208334501_12;L;5000;1240;0;6000;2440;2835
P208334501;P208334501_13;M;6000;1240;0;7000;2440;2835
P208334501;P208334501_14;N;6000;0;0;7000;1200;2835
P208334501;P208334501_15;O;7000;0;0;8000;1200;720
P208334501;P208334501_16;P;7000;1240;0;8000;2440;720
P208334501;P208334501_17;Q;8000;1240;0;9000;2440;720
P208334501;P208334501_18;R;8000;0;0;9000;1200;720
P208334501;P208334501_19;S;9000;0;0;10000;1200;720
P208334501;P208334501_20;T;9000;1240;0;10000;2440;720
P208334501;P208334501_21;U;10000;1240;0;11000;2440;720
P208334501;P208334501_22;V;10000;0;0;11000;1200;720
P208334501;P208334501_23;W;11000;0;0;12000;1200;720
P208334501;P208334501_24;X;11000;1240;0;12000;2440;720
P208334501;P208334501_25;Y;12000;1440;0;13200;2440;720
P208334501;P208334501_26;Z;12000;0;0;13000;1200;720
P207334503;P207334503_1;A;0;0;0;1600;1200;2700
P207334503;P207334503_2;B;0;1200;0;1600;2400;2700
P207334503;P207334503_3;C;1600;1240;0;3200;2440;2700
P207334503;P207334503_4;D;1600;0;0;3200;1200;2700
P207334503;P207334503_5;E;3200;0;0;4800;1200;2700
P207334503;P207334503_6;F;3200;1200;0;4800;2400;2700
P207334503;P207334503_7;G;4800;1240;0;6400;2440;2700
P207334503;P207334503_8;H;4800;0;0;6400;1200;2700
P207334503;P207334503_9;I;6400;0;0;8000;1200;2700
P207334503;P207334503_10;J;6400;1200;0;8000;2400;2700
P207334503;P207334503_11;K;8000;1240;0;9600;2440;2700
P207334503;P207334503_12;L;8000;0;0;9600;1200;2700
P207334503;P207334503_13;M;9600;0;0;11200;1200;2700
P207334503;P207334503_14;N;9600;1240;0;11200;2440;2700
P207334503;P207334503_15;O;11200;1240;0;12800;2440;2700
P207334503;P207334503_16;P;11200;0;0;12800;1200;2700
P207334507;P207334507_1;A;0;620;0;1000;1820;720
P207334507;P207334507_2;B;1000;1240;0;2000;2440;720
P207334507;P207334507_3;C;1000;0;0;2000;1200;720
P207334507;P207334507_4;D;2000;0;0;3000;1200;720
P207334507;P207334507_5;E;2000;1200;0;3000;2400;720
P207334507;P207334507_6;F;3000;620;0;4000;1820;720
P207334507;P207334507_7;G;4000;1240;0;5000;2440;720
P207334507;P207334507_8;H;4000;0;0;5000;1200;720
P207334507;P207334507_9;I;5000;620;0;6000;1820;720
P207334507;P207334507_10;J;6000;1240;0;7000;2440;720
P207334507;P207334507_11;K;6000;0;0;7000;1200;720
P207334507;P207334507_12;L;7000;0;0;8000;1200;720
P207334507;P207334507_13;M;7000;1240;0;8000;2440;720
P207334507;P207334507_14;N;8000;1240;0;9000;2440;720
P207334507;P207334507_15;O;8000;0;0;9000;1200;720
P207334507;P207334507_16;P;9000;0;0;10000;1200;720
P207334507;P207334507_17;Q;9000;1240;0;10000;2440;720
P207334507;P207334507_18;R;10000;1240;0;11000;2440;720
P207334507;P207334507_19;S;10000;0;0;11000;1200;720
P207334507;P207334507_20;T;11000;0;0;12000;1200;720
P207334507;P207334507_21;U;11000;1240;0;12000;2440;720
P207334507;P207334507_22;V;12000;1440;0;13200;2440;720
P207334507;P207334507_23;W;12000;0;0;13000;1200;720
P206334503;P206334503_1;A;0;0;0;1600;1200;2700
P206334503;P206334503_2;B;0;1200;0;1600;2400;2700
P206334503;P206334503_3;C;1600;1240;0;3200;2440;2700
P206334503;P206334503_4;D;1600;0;0;3200;1200;2700
P206334503;P206334503_5;E;3200;0;0;4800;1200;2700
P206334503;P206334503_6;F;3200;1200;0;4800;2400;2700
P206334503;P206334503_7;G;4800;1240;0;6400;2440;2700
P206334503;P206334503_8;H;4800;0;0;6400;1200;2700
P206334503;P206334503_9;I;6400;1240;0;8000;2440;2700
P206334503;P206334503_10;J;6400;0;0;8000;1200;2700
P206334503;P206334503_11;K;8000;0;0;9600;1200;2700
P206334503;P206334503_12;L;8000;1240;0;9600;2440;2700
P206334503;P206334503_13;M;9600;1240;0;11200;2440;2700
P206334503;P206334503_14;N;9600;0;0;11200;1200;2700
P206334503;P206334503_15;O;11200;0;0;12800;1200;2700
P206334503;P206334503_16;P;11200;1240;0;12800;2440;2700
P206334501;P206334501_1;A;0;0;0;1000;1200;2835
P206334501;P206334501_2;B;0;1200;0;1000;2400;2835
P206334501;P206334501_3;C;1000;1240;0;2000;2440;2835
P206334501;P206334501_4;D;1000;0;0;2000;1200;2835
P206334501;P206334501_5;E;2000;0;0;3000;1200;1905
P206334501;P206334501_6;F;2000;1240;0;3000;2440;2835
P206334501;P206334501_7;G;3000;1240;0;4000;2440;2835
P206334501;P206334501_8;H;3000;0;0;4000;1200;2835
P206334501;P206334501_9;I;4000;0;0;5000;1200;2835
P206334501;P206334501_10;J;4000;1240;0;5000;2440;1905
P206334501;P206334501_11;K;5000;1240;0;6000;2440;720
P206334501;P206334501_12;L;5000;0;0;6000;1200;720
P206334501;P206334501_13;M;6000;0;0;7000;1200;720
P206334501;P206334501_14;N;6000;1240;0;7000;2440;720
P206334501;P206334501_15;O;7000;1240;0;8000;2440;720
P206334501;P206334501_16;P;7000;0;0;8000;1200;720
P206334501;P206334501_17;Q;8000;0;0;9000;1200;720
P206334501;P206334501_18;R;8000;1240;0;9000;2440;720
P206334501;P206334501_19;S;9000;1240;0;10000;2440;720
P206334501;P206334501_20;T;9000;0;0;10000;1200;720
P206334501;P206334501_21;U;10000;0;0;11000;1200;720
P206334501;P206334501_22;V;10000;1240;0;11000;2440;720
P206334501;P206334501_23;W;11000;1240;0;12000;2440;720
P206334501;P206334501_24;X;11000;0;0;12000;1200;720
P206334501;P206334501_25;Y;12000;0;0;13200;1000;720
P206334501;P206334501_26;Z;12000;1240;0;13000;2440;720
P205334503;P205334503_1;A;0;0;0;1600;1200;2700
P205334503;P205334503_2;B;0;1200;0;1600;2400;2700
P205334503;P205334503_3;C;1600;1240;0;3200;2440;2700
P205334503;P205334503_4;D;1600;0;0;3200;1200;2700
P205334503;P205334503_5;E;3200;0;0;4800;1200;2700
P205334503;P205334503_6;F;3200;1200;0;4800;2400;2700
P205334503;P205334503_7;G;4800;1240;0;6400;2440;2700
P205334503;P205334503_8;H;4800;0;0;6400;1200;2700
P205334503;P205334503_9;I;6400;0;0;8000;1200;2700
P205334503;P205334503_10;J;6400;1240;0;8000;2440;2700
P205334503;P205334503_11;K;8000;1240;0;9600;2440;2700
P205334503;P205334503_12;L;8000;0;0;9600;1200;2700
P205334503;P205334503_13;M;9600;0;0;11200;1200;2700
P205334503;P205334503_14;N;9600;1240;0;11200;2440;2700
P205334503;P205334503_15;O;11200;1240;0;12800;2440;2700
P205334503;P205334503_16;P;11200;0;0;12800;1200;2700
P205334507;P205334507_1;A;0;0;0;1000;1200;720
P205334507;P205334507_2;B;0;1200;0;1000;2400;720
P205334507;P205334507_3;C;1000;1240;0;2000;2440;720
P205334507;P205334507_4;D;1000;20;0;2000;1220;720
P205334507;P205334507_5;E;2000;620;0;3000;1820;720
P205334507;P205334507_6;F;3000;1240;0;4000;2440;720
P205334507;P205334507_7;G;3000;0;0;4000;1200;720
P205334507;P205334507_8;H;4000;620;0;5000;1820;720
P205334507;P205334507_9;I;5000;620;0;6000;1820;720
P205334507;P205334507_10;J;6000;1240;0;7000;2440;720
P205334507;P205334507_11;K;6000;0;0;7000;1200;720
P205334507;P205334507_12;L;7000;1240;0;8000;2440;720
P205334507;P205334507_13;M;7000;0;0;8000;1200;720
P205334507;P205334507_14;N;8000;0;0;9000;1200;720
P205334507;P205334507_15;O;8000;1240;0;9000;2440;720
P205334507;P205334507_16;P;9000;1240;0;10000;2440;720
P205334507;P205334507_17;Q;9000;0;0;10000;1200;720
P205334507;P205334507_18;R;10000;0;0;11000;1200;720
P205334507;P205334507_19;S;10000;1240;0;11000;2440;720
P205334507;P205334507_20;T;11000;1240;0;12000;2440;720
P205334507;P205334507_21;U;11000;0;0;12000;1200;720
P205334507;P205334507_22;V;12000;0;0;13200;1000;720
P205334507;P205334507_23;W;12000;1240;0;13000;2440;720
P202334503;P202334503_1;A;0;0;0;1600;1200;2700
P202334503;P202334503_2;B;0;1200;0;1600;2400;2700
P202334503;P202334503_3;C;1600;1240;0;3200;2440;2700
P202334503;P202334503_4;D;1600;0;0;3200;1200;2700
P202334503;P202334503_5;E;3200;0;0;4800;1200;2700
P202334503;P202334503_6;F;3200;1200;0;4800;2400;2700
P202334503;P202334503_7;G;4800;1240;0;6400;2440;2700
P202334503;P202334503_8;H;4800;0;0;6400;1200;2700
P202334503;P202334503_9;I;6400;0;0;8000;1200;2700
P202334503;P202334503_10;J;6400;1240;0;8000;2440;2700
P202334503;P202334503_11;K;8000;1240;0;9600;2440;2700
P202334503;P202334503_12;L;8000;0;0;9600;1200;2700
P202334503;P202334503_13;M;9600;0;0;11200;1200;2700
P202334503;P202334503_14;N;9600;1240;0;11200;2440;2700
P202334503;P202334503_15;O;11200;1240;0;12800;2440;2700
P202334503;P202334503_16;P;11200;0;0;12800;1200;2700
P201334503;P201334503_1;A;0;0;0;1600;1200;2700
P201334503;P201334503_2;B;0;1200;0;1600;2400;2700
P201334503;P201334503_3;C;1600;1240;0;3200;2440;2700
P201334503;P201334503_4;D;1600;0;0;3200;1200;2700
P201334503;P201334503_5;E;3200;0;0;4800;1200;2700
P201334503;P201334503_6;F;3200;1200;0;4800;2400;2700
P201334503;P201334503_7;G;4800;1240;0;6400;2440;2700
P201334503;P201334503_8;H;4800;0;0;6400;1200;2700
P201334503;P201334503_9;I;6400;1240;0;8000;2440;2700
P201334503;P201334503_10;J;6400;0;0;8000;1200;2700
P201334503;P201334503_11;K;8000;0;0;9600;1200;2700
P201334503;P201334503_12;L;8000;1240;0;9600;2440;2700
P201334503;P201334503_13;M;9600;1240;0;11200;2440;2700
P201334503;P201334503_14;N;9600;0;0;11200;1200;2700
P201334503;P201334503_15;O;11200;0;0;12800;1200;2700
P201334503;P201334503_16;P;11200;1240;0;12800;2440;2700
P201334509;P201334509_1;A;0;620;0;1000;1820;720
P201334509;P201334509_2;B;1000;620;0;2000;1820;720
P201334509;P201334509_3;C;2000;1240;0;3000;2440;720
P201334509;P201334509_4;D;2000;0;0;3000;1200;720
P201334509;P201334509_5;E;3000;0;0;4000;1200;720
P201334509;P201334509_6;F;3000;1220;0;4000;2420;720
P201334509;P201334509_7;G;4000;0;0;5000;1200;720
P201334509;P201334509_8;H;4000;1220;0;5000;2420;720
P201334509;P201334509_9;I;5000;1240;0;6600;2440;2700
P201334509;P201334509_10;J;5000;0;0;6600;1200;2700
P201334509;P201334509_11;K;6600;0;0;8200;1200;2700
P201334509;P201334509_12;L;6600;1240;0;8200;2440;2700
P201334509;P201334509_13;M;8200;1240;0;9800;2440;2700
P201334509;P201334509_14;N;8200;0;0;9800;1200;2700
P201334509;P201334509_15;O;9800;0;0;11400;1200;2700
P201334509;P201334509_16;P;9800;1240;0;11400;2440;2700
P201334509;P201334509_17;Q;11400;1240;0;13000;2440;2700
P201334509;P201334509_18;R;11400;0;0;13000;1200;2700
P201334501;P201334501_1;A;0;0;0;1000;1200;2835
P201334501;P201334501_2;B;0;1200;0;1000;2400;2835
P201334501;P201334501_3;C;1000;1240;0;2000;2440;2835
P201334501;P201334501_4;D;1000;0;0;2000;1200;2835
P201334501;P201334501_5;E;2000;0;0;3000;1200;2835
P201334501;P201334501_6;F;2000;1200;0;3000;2400;2835
P201334501;P201334501_7;G;3000;1240;0;4000;2440;2835
P201334501;P201334501_8;H;3000;0;0;4000;1200;1905
P201334501;P201334501_9;I;4000;1240;0;5000;2440;2835
P201334501;P201334501_10;J;4000;0;0;5000;1200;2835
P201334501;P201334501_11;K;5000;0;0;6000;1200;2835
P201334501;P201334501_12;L;5000;1240;0;6000;2440;2835
P201334501;P201334501_13;M;6000;1240;0;7000;2440;2835
P201334501;P201334501_14;N;6000;0;0;7000;1200;2835
P201334501;P201334501_15;O;7000;0;0;8000;1200;2835
P201334501;P201334501_16;P;7000;1240;0;8000;2440;1905
P201334501;P201334501_17;Q;8000;1240;0;9000;2440;720
P201334501;P201334501_18;R;8000;0;0;9000;1200;720
P201334501;P201334501_19;S;9000;0;0;10000;1200;720
P201334501;P201334501_20;T;9000;1240;0;10000;2440;720
P201334501;P201334501_21;U;10000;1240;0;11000;2440;720
P201334501;P201334501_22;V;10000;0;0;11000;1200;720
P201334501;P201334501_23;W;11000;0;0;12000;1200;720
P201334501;P201334501_24;X;11000;1240;0;12000;2440;720
P201334501;P201334501_25;Y;12000;1440;0;13200;2440;720
P201334501;P201334501_26;Z;12000;0;0;13000;1200;720
P200334503;P200334503_1;A;0;0;0;1600;1200;2700
P200334503;P200334503_2;B;0;1200;0;1600;2400;2700
P200334503;P200334503_3;C;1600;1240;0;3200;2440;2700
P200334503;P200334503_4;D;1600;0;0;3200;1200;2700
P200334503;P200334503_5;E;3200;0;0;4800;1200;2700
P200334503;P200334503_6;F;3200;1200;0;4800;2400;2700
P200334503;P200334503_7;G;4800;1240;0;6400;2440;2700
P200334503;P200334503_8;H;4800;0;0;6400;1200;2700
P200334503;P200334503_9;I;6400;0;0;8000;1200;2700
P200334503;P200334503_10;J;6400;1200;0;8000;2400;2700
P200334503;P200334503_11;K;8000;1240;0;9600;2440;2700
P200334503;P200334503_12;L;8000;0;0;9600;1200;2700
P200334503;P200334503_13;M;9600;0;0;11200;1200;1815
P200334507;P200334507_1;A;0;620;0;1000;1820;720
P200334507;P200334507_2;B;1000;1240;0;2000;2440;720
P200334507;P200334507_3;C;1000;0;0;2000;1200;720
P200334507;P200334507_4;D;2000;620;0;3000;1820;720
P200334507;P200334507_5;E;3000;1240;0;4000;2440;720
P200334507;P200334507_6;F;3000;0;0;4000;1200;720
P200334507;P200334507_7;G;4000;620;0;5000;1820;720
P200334507;P200334507_8;H;5000;1240;0;6000;2440;720
P200334507;P200334507_9;I;5000;20;0;6000;1220;720
P200334507;P200334507_10;J;6000;1240;0;7000;2440;720
P200334507;P200334507_11;K;6000;0;0;7000;1200;720
P200334507;P200334507_12;L;7000;0;0;8000;1200;720
P200334507;P200334507_13;M;7000;1240;0;8000;2440;720
P200334507;P200334507_14;N;8000;1240;0;9000;2440;720
P200334507;P200334507_15;O;8000;0;0;9000;1200;720
P200334507;P200334507_16;P;9000;0;0;10000;1200;720
P200334507;P200334507_17;Q;9000;1240;0;10000;2440;720
P200334507;P200334507_18;R;10000;1240;0;11000;2440;720
P200334507;P200334507_19;S;10000;0;0;11000;1200;720
P200334507;P200334507_20;T;11000;0;0;12000;1200;720
P200334507;P200334507_21;U;11000;1240;0;12000;2440;720
P200334507;P200334507_22;V;12000;1440;0;13200;2440;720
P200334507;P200334507_23;W;12000;0;0;13000;1200;720
P199334503;P199334503_1;A;0;0;0;1600;1200;2700
P199334503;P199334503_2;B;0;1200;0;1600;2400;2700
P199334503;P199334503_3;C;1600;1240;0;3200;2440;2700
P199334503;P199334503_4;D;1600;0;0;3200;1200;2700
P199334503;P199334503_5;E;3200;0;0;4800;1200;2700
P199334503;P199334503_6;F;3200;1200;0;4800;2400;2700
P199334503;P199334503_7;G;4800;1240;0;6400;2440;2700
P199334503;P199334503_8;H;4800;0;0;6400;1200;2700
P199334503;P199334503_9;I;6400;0;0;8000;1200;2700
P199334503;P199334503_10;J;6400;1200;0;8000;2400;2700
P199334503;P199334503_11;K;8000;1240;0;9600;2440;2700
P199334503;P199334503_12;L;8000;0;0;9600;1200;2700
P199334503;P199334503_13;M;9600;0;0;11200;1200;2700
P199334503;P199334503_14;N;9600;1200;0;11200;2400;2700
P199334503;P199334503_15;O;11200;1240;0;12800;2440;2700
P199334503;P199334503_16;P;11200;0;0;12800;1200;2700
P199334501;P199334501_1;A;0;0;0;1000;1200;2835
P199334501;P199334501_2;B;0;1200;0;1000;2400;2835
P199334501;P199334501_3;C;1000;1240;0;2000;2440;2835
P199334501;P199334501_4;D;1000;0;0;2000;1200;2835
P199334501;P199334501_5;E;2000;0;0;3000;1200;2835
P199334501;P199334501_6;F;2000;1240;0;3000;2440;2835
P199334501;P199334501_7;G;3000;1240;0;4000;2440;2835
P199334501;P199334501_8;H;3000;0;0;4000;1200;2835
P199334501;P199334501_9;I;4000;0;0;5000;1200;2835
P199334501;P199334501_10;J;4000;1240;0;5000;2440;2835
P199334501;P199334501_11;K;5000;1240;0;6000;2440;720
P199334501;P199334501_12;L;5000;0;0;6000;1200;720
P199334501;P199334501_13;M;6000;0;0;7000;1200;720
P199334501;P199334501_14;N;6000;1240;0;7000;2440;720
P199334501;P199334501_15;O;7000;1240;0;8000;2440;720
P199334501;P199334501_16;P;7000;0;0;8000;1200;720
P199334501;P199334501_17;Q;8000;0;0;9000;1200;720
P199334501;P199334501_18;R;8000;1240;0;9000;2440;720
P199334501;P199334501_19;S;9000;1240;0;10000;2440;720
P199334501;P199334501_20;T;9000;0;0;10000;1200;720
P199334501;P199334501_21;U;10000;0;0;11000;1200;720
P199334501;P199334501_22;V;10000;1240;0;11000;2440;720
P199334501;P199334501_23;W;11000;1240;0;12000;2440;720
P199334501;P199334501_24;X;11000;0;0;12000;1200;720
P199334501;P199334501_25;Y;12000;0;0;13200;1000;720
P198334503;P198334503_1;A;0;0;0;1600;1200;2700
P198334503;P198334503_2;B;0;1200;0;1600;2400;2700
P198334503;P198334503_3;C;1600;1240;0;3200;2440;2700
P198334503;P198334503_4;D;1600;0;0;3200;1200;2700
P198334503;P198334503_5;E;3200;0;0;4800;1200;2700
P198334503;P198334503_6;F;3200;1200;0;4800;2400;2700
P198334503;P198334503_7;G;4800;1240;0;6400;2440;2700
P198334503;P198334503_8;H;4800;0;0;6400;1200;2700
P198334503;P198334503_9;I;6400;0;0;8000;1200;2700
P198334503;P198334503_10;J;6400;1200;0;8000;2400;2700
P198334503;P198334503_11;K;8000;1240;0;9600;2440;2700
P198334503;P198334503_12;L;8000;0;0;9600;1200;2700
P198334503;P198334503_13;M;9600;0;0;11200;1200;2700
P198334503;P198334503_14;N;9600;1200;0;11200;2400;2700
P198334503;P198334503_15;O;11200;1240;0;12800;2440;2700
P198334503;P198334503_16;P;11200;0;0;12800;1200;2700
P198334507;P198334507_1;A;0;1240;0;1000;2440;720
P198334507;P198334507_2;B;0;0;0;1000;1200;720
P198334507;P198334507_3;C;1000;0;0;2000;1200;720
P198334507;P198334507_4;D;1000;1240;0;2000;2440;720
P198334507;P198334507_5;E;2000;620;0;3000;1820;720
P198334507;P198334507_6;F;3000;620;0;4000;1820;720
P198334507;P198334507_7;G;4000;620;0;5000;1820;720
P198334507;P198334507_8;H;5000;1240;0;6000;2440;720
P198334507;P198334507_9;I;5000;0;0;6000;1200;720
P198334507;P198334507_10;J;6000;1240;0;7000;2440;720
P198334507;P198334507_11;K;6000;0;0;7000;1200;720
P198334507;P198334507_12;L;7000;0;0;8000;1200;720
P198334507;P198334507_13;M;7000;1240;0;8000;2440;720
P198334507;P198334507_14;N;8000;1240;0;9000;2440;720
P198334507;P198334507_15;O;8000;0;0;9000;1200;720
P198334507;P198334507_16;P;9000;0;0;10000;1200;720
P198334507;P198334507_17;Q;9000;1240;0;10000;2440;720
P198334507;P198334507_18;R;10000;1240;0;11000;2440;720
P198334507;P198334507_19;S;10000;0;0;11000;1200;720
P198334507;P198334507_20;T;11000;0;0;12000;1200;720
P198334507;P198334507_21;U;11000;1240;0;12000;2440;720
P198334507;P198334507_22;V;12000;1440;0;13200;2440;720
P198334507;P198334507_23;W;12000;0;0;13000;1200;720
P194334503;P194334503_1;A;0;0;0;1600;1200;2700
P194334503;P194334503_2;B;0;1200;0;1600;2400;2700
P194334503;P194334503_3;C;1600;1240;0;3200;2440;2700
P194334503;P194334503_4;D;1600;0;0;3200;1200;2700
P194334503;P194334503_5;E;3200;0;0;4800;1200;2700
P194334503;P194334503_6;F;3200;1240;0;4800;2440;2700
P194334503;P194334503_7;G;4800;1240;0;6400;2440;2700
P194334503;P194334503_8;H;4800;0;0;6400;1200;2700
P194334503;P194334503_9;I;6400;0;0;8000;1200;2700
P194334503;P194334503_10;J;6400;1240;0;8000;2440;2700
P194334503;P194334503_11;K;8000;1240;0;9600;2440;2700
P194334503;P194334503_12;L;8000;0;0;9600;1200;2700
P194334503;P194334503_13;M;9600;0;0;11200;1200;2700
P194334503;P194334503_14;N;9600;1240;0;11200;2440;2700
P194334503;P194334503_15;O;11200;1240;0;12800;2440;2700
P194334503;P194334503_16;P;11200;0;0;12800;1200;2700
P194334501;P194334501_1;A;0;1240;0;1000;2440;2835
P194334501;P194334501_2;B;0;0;0;1000;1200;2835
P194334501;P194334501_3;C;1000;0;0;2000;1200;2835
P194334501;P194334501_4;D;1000;1200;0;2000;2400;2835
P194334501;P194334501_5;E;2000;1240;0;3000;2440;2835
P194334501;P194334501_6;F;2000;0;0;3000;1200;2835
P194334501;P194334501_7;G;3000;0;0;4000;1200;2835
P194334501;P194334501_8;H;3000;1240;0;4000;2440;2835
P194334501;P194334501_9;I;4000;1240;0;5000;2440;2835
P194334501;P194334501_10;J;4000;0;0;5000;1200;2835
P194334501;P194334501_11;K;5000;0;0;6000;1200;720
P194334501;P194334501_12;L;5000;1240;0;6000;2440;720
P194334501;P194334501_13;M;6000;1240;0;7000;2440;720
P194334501;P194334501_14;N;6000;0;0;7000;1200;720
P194334501;P194334501_15;O;7000;0;0;8000;1200;720
P194334501;P194334501_16;P;7000;1240;0;8000;2440;720
P194334501;P194334501_17;Q;8000;1240;0;9000;2440;720
P194334501;P194334501_18;R;8000;0;0;9000;1200;720
P194334501;P194334501_19;S;9000;0;0;10000;1200;720
P194334501;P194334501_20;T;9000;1240;0;10000;2440;720
P194334501;P194334501_21;U;10000;1240;0;11000;2440;720
P194334501;P194334501_22;V;10000;0;0;11000;1200;720
P194334501;P194334501_23;W;11000;0;0;12000;1200;720
P194334501;P194334501_24;X;11000;1240;0;12000;2440;720
P194334501;P194334501_25;Y;12000;1440;0;13200;2440;720
P194334501;P194334501_26;Z;12000;0;0;13000;1200;720
P193334503;P193334503_1;A;0;0;0;1600;1200;2700
P193334503;P193334503_2;B;0;1200;0;1600;2400;2700
P193334503;P193334503_3;C;1600;1240;0;3200;2440;2700
P193334503;P193334503_4;D;1600;0;0;3200;1200;2700
P193334503;P193334503_5;E;3200;0;0;4800;1200;2700
P193334503;P193334503_6;F;3200;1240;0;4800;2440;2700
P193334503;P193334503_7;G;4800;1240;0;6400;2440;2700
P193334503;P193334503_8;H;4800;0;0;6400;1200;2700
P193334503;P193334503_9;I;6400;0;0;8000;1200;2700
P193334503;P193334503_10;J;6400;1240;0;8000;2440;2700
P193334503;P193334503_11;K;8000;1240;0;9600;2440;2700
P193334503;P193334503_12;L;8000;0;0;9600;1200;2700
P193334503;P193334503_13;M;9600;0;0;11200;1200;2700
P193334503;P193334503_14;N;9600;1240;0;11200;2440;2700
P193334503;P193334503_15;O;11200;1240;0;12800;2440;2700
P193334503;P193334503_16;P;11200;0;0;12800;1200;2700
P192334503;P192334503_1;A;0;0;0;1600;1200;2700
P192334503;P192334503_2;B;0;1200;0;1600;2400;2700
P192334503;P192334503_3;C;1600;1240;0;3200;2440;2700
P192334503;P192334503_4;D;1600;0;0;3200;1200;2700
P192334503;P192334503_5;E;3200;1240;0;4800;2440;2700
P192334503;P192334503_6;F;3200;0;0;4800;1200;2700
P192334503;P192334503_7;G;4800;0;0;6400;1200;2700
P192334503;P192334503_8;H;4800;1240;0;6400;2440;2700
P192334503;P192334503_9;I;6400;1240;0;8000;2440;2700
P192334503;P192334503_10;J;6400;0;0;8000;1200;2700
P192334503;P192334503_11;K;8000;0;0;9600;1200;2700
P192334503;P192334503_12;L;8000;1240;0;9600;2440;2700
P192334503;P192334503_13;M;9600;1240;0;11200;2440;2700
P192334503;P192334503_14;N;9600;0;0;11200;1200;2700
P192334503;P192334503_15;O;11200;0;0;12800;1200;2700
P192334503;P192334503_16;P;11200;1240;0;12800;2440;2700
P192334501;P192334501_1;A;0;0;0;1000;1200;2835
P192334501;P192334501_2;B;0;1200;0;1000;2400;2835
P192334501;P192334501_3;C;1000;1240;0;2000;2440;2835
P192334501;P192334501_4;D;1000;0;0;2000;1200;2835
P192334501;P192334501_5;E;2000;0;0;3000;1200;2835
P192334501;P192334501_6;F;2000;1200;0;3000;2400;2835
P192334501;P192334501_7;G;3000;1240;0;4000;2440;2835
P192334501;P192334501_8;H;3000;0;0;4000;1200;2835
P192334501;P192334501_9;I;4000;0;0;5000;1200;2835
P192334501;P192334501_10;J;4000;1240;0;5000;2440;2835
P192334501;P192334501_11;K;5000;1240;0;6000;2440;1905
P192334501;P192334501_12;L;5000;0;0;6000;1200;720
P192334501;P192334501_13;M;6000;0;0;7000;1200;720
P192334501;P192334501_14;N;6000;1240;0;7000;2440;720
P192334501;P192334501_15;O;7000;1240;0;8000;2440;720
P192334501;P192334501_16;P;7000;0;0;8000;1200;720
P192334501;P192334501_17;Q;8000;0;0;9000;1200;720
P192334501;P192334501_18;R;8000;1240;0;9000;2440;720
P192334501;P192334501_19;S;9000;1240;0;10000;2440;720
P192334501;P192334501_20;T;9000;0;0;10000;1200;720
P192334501;P192334501_21;U;10000;0;0;11000;1200;720
P192334501;P192334501_22;V;10000;1240;0;11000;2440;720
P192334501;P192334501_23;W;11000;1240;0;12000;2440;720
P192334501;P192334501_24;X;11000;0;0;12000;1200;720
P192334501;P192334501_25;Y;12000;0;0;13200;1000;720
P192334501;P192334501_26;Z;12000;1240;0;13000;2440;720
P191334503;P191334503_1;A;0;0;0;1600;1200;2700
P191334503;P191334503_2;B;0;1200;0;1600;2400;2700
P191334503;P191334503_3;C;1600;1240;0;3200;2440;2700
P191334503;P191334503_4;D;1600;0;0;3200;1200;2700
P191334503;P191334503_5;E;3200;1240;0;4800;2440;2700
P191334503;P191334503_6;F;3200;0;0;4800;1200;2700
P191334503;P191334503_7;G;4800;0;0;6400;1200;2700
P191334503;P191334503_8;H;4800;1240;0;6400;2440;2700
P191334503;P191334503_9;I;6400;1240;0;8000;2440;2700
P191334503;P191334503_10;J;6400;0;0;8000;1200;2700
P191334503;P191334503_11;K;8000;0;0;9600;1200;2700
P191334503;P191334503_12;L;8000;1240;0;9600;2440;2700
P191334503;P191334503_13;M;9600;1240;0;11200;2440;2700
P191334503;P191334503_14;N;9600;0;0;11200;1200;2700
P191334503;P191334503_15;O;11200;0;0;12800;1200;2700
P191334503;P191334503_16;P;11200;1240;0;12800;2440;2700
P191334507;P191334507_1;A;0;0;0;1000;1200;720
P191334507;P191334507_2;B;0;1240;0;1000;2440;720
P191334507;P191334507_3;C;1000;620;0;2000;1820;720
P191334507;P191334507_4;D;2000;620;0;3000;1820;720
P191334507;P191334507_5;E;3000;620;0;4000;1820;720
P191334507;P191334507_6;F;4000;1240;0;5000;2440;720
P191334507;P191334507_7;G;4000;0;0;5000;1200;720
P191334507;P191334507_8;H;5000;1240;0;6000;2440;720
P191334507;P191334507_9;I;5000;0;0;6000;1200;720
P191334507;P191334507_10;J;6000;0;0;7000;1200;720
P191334507;P191334507_11;K;6000;1240;0;7000;2440;720
P191334507;P191334507_12;L;7000;1240;0;8000;2440;720
P191334507;P191334507_13;M;7000;0;0;8000;1200;720
P191334507;P191334507_14;N;8000;0;0;9000;1200;720
P191334507;P191334507_15;O;8000;1240;0;9000;2440;720
P191334507;P191334507_16;P;9000;1240;0;10000;2440;720
P191334507;P191334507_17;Q;9000;0;0;10000;1200;720
P191334507;P191334507_18;R;10000;0;0;11000;1200;720
P191334507;P191334507_19;S;10000;1240;0;11000;2440;720
P191334507;P191334507_20;T;11000;1240;0;12000;2440;720
P191334507;P191334507_21;U;11000;0;0;12000;1200;720
P191334507;P191334507_22;V;12000;0;0;13200;1000;720
P191334507;P191334507_23;W;12000;1240;0;13000;2440;720
P188334503;P188334503_1;A;0;0;0;1600;1200;2700
P188334503;P188334503_2;B;0;1200;0;1600;2400;2700
P188334503;P188334503_3;C;1600;1240;0;3200;2440;2700
P188334503;P188334503_4;D;1600;0;0;3200;1200;2700
P188334503;P188334503_5;E;3200;0;0;4800;1200;2700
P188334503;P188334503_6;F;3200;1240;0;4800;2440;2700
P188334503;P188334503_7;G;4800;1240;0;6400;2440;2700
P188334503;P188334503_8;H;4800;0;0;6400;1200;2700
P188334503;P188334503_9;I;6400;0;0;8000;1200;2700
P188334503;P188334503_10;J;6400;1240;0;8000;2440;2700
P188334503;P188334503_11;K;8000;1240;0;9600;2440;2700
P188334503;P188334503_12;L;8000;0;0;9600;1200;2700
P188334503;P188334503_13;M;9600;0;0;11200;1200;2700
P188334503;P188334503_14;N;9600;1240;0;11200;2440;2700
P188334503;P188334503_15;O;11200;1240;0;12800;2440;2700
P188334503;P188334503_16;P;11200;0;0;12800;1200;2700
P188334507;P188334507_1;A;0;0;0;1000;1200;720
P188334507;P188334507_2;B;0;1200;0;1000;2400;720
P188334507;P188334507_3;C;1000;620;0;2000;1820;720
P188334507;P188334507_4;D;2000;1240;0;3000;2440;720
P188334507;P188334507_5;E;2000;0;0;3000;1200;720
P188334507;P188334507_6;F;3000;620;0;4000;1820;720
P188334507;P188334507_7;G;4000;620;0;5000;1820;720
P188334507;P188334507_8;H;5000;1240;0;6000;2440;720
P188334507;P188334507_9;I;5000;0;0;6000;1200;720
P188334507;P188334507_10;J;6000;1240;0;7000;2440;720
P188334507;P188334507_11;K;6000;0;0;7000;1200;720
P188334507;P188334507_12;L;7000;0;0;8000;1200;720
P188334507;P188334507_13;M;7000;1240;0;8000;2440;720
P188334507;P188334507_14;N;8000;1240;0;9000;2440;720
P188334507;P188334507_15;O;8000;0;0;9000;1200;720
P188334507;P188334507_16;P;9000;0;0;10000;1200;720
P188334507;P188334507_17;Q;9000;1240;0;10000;2440;720
P188334507;P188334507_18;R;10000;1240;0;11000;2440;720
P188334507;P188334507_19;S;10000;0;0;11000;1200;720
P188334507;P188334507_20;T;11000;0;0;12000;1200;720
P188334507;P188334507_21;U;11000;1240;0;12000;2440;720
P188334507;P188334507_22;V;12000;1440;0;13200;2440;720
P188334507;P188334507_23;W;12000;0;0;13000;1200;720
P187334503;P187334503_1;A;0;0;0;1600;1200;2700
P187334503;P187334503_2;B;0;1200;0;1600;2400;2700
P187334503;P187334503_3;C;1600;1240;0;3200;2440;2700
P187334503;P187334503_4;D;1600;0;0;3200;1200;2700
P187334503;P187334503_5;E;3200;0;0;4800;1200;2700
P187334503;P187334503_6;F;3200;1200;0;4800;2400;2700
P187334503;P187334503_7;G;4800;1240;0;6400;2440;2700
P187334503;P187334503_8;H;4800;0;0;6400;1200;2700
P187334503;P187334503_9;I;6400;1240;0;8000;2440;2700
P187334503;P187334503_10;J;6400;0;0;8000;1200;2700
P187334503;P187334503_11;K;8000;0;0;9600;1200;2700
P187334503;P187334503_12;L;8000;1240;0;9600;2440;2700
P187334503;P187334503_13;M;9600;1240;0;11200;2440;2700
P187334503;P187334503_14;N;9600;0;0;11200;1200;2700
P187334503;P187334503_15;O;11200;0;0;12800;1200;2700
P187334503;P187334503_16;P;11200;1240;0;12800;2440;2700
P187334509;P187334509_1;A;0;720;0;1200;1720;720
P187334509;P187334509_2;B;1200;720;0;2400;1720;720
P187334509;P187334509_3;C;2400;1440;0;3600;2440;720
P187334509;P187334509_4;D;2400;220;0;3600;1220;720
P187334509;P187334509_5;E;3600;110;0;4800;1110;720
P187334509;P187334509_6;F;3600;1110;0;4800;2110;720
P187334509;P187334509_7;G;4800;620;0;5800;1820;720
P187334509;P187334509_8;H;5800;1240;0;6800;2440;720
P187334509;P187334509_9;I;5800;0;0;6800;1200;720
P187334509;P187334509_10;J;6800;1240;0;7800;2440;720
P187334509;P187334509_11;K;6800;0;0;7800;1200;720
P187334509;P187334509_12;L;7800;0;0;8800;1200;720
P187334509;P187334509_13;M;7800;1240;0;8800;2440;720
P187334509;P187334509_14;N;8800;1240;0;9800;2440;720
P187334509;P187334509_15;O;8800;0;0;9800;1200;720
P187334509;P187334509_16;P;9800;0;0;10800;1200;720
P187334509;P187334509_17;Q;9800;1240;0;10800;2440;720
P187334509;P187334509_18;R;10800;1240;0;11800;2440;720
P187334509;P187334509_19;S;10800;0;0;11800;1200;720
P187334501;P187334501_1;A;0;620;0;1000;1820;2835
P187334501;P187334501_2;B;1000;1240;0;2000;2440;2835
P187334501;P187334501_3;C;1000;0;0;2000;1200;2835
P187334501;P187334501_4;D;2000;0;0;3000;1200;2835
P187334501;P187334501_5;E;2000;1200;0;3000;2400;2835
P187334501;P187334501_6;F;3000;1240;0;4000;2440;2835
P187334501;P187334501_7;G;3000;0;0;4000;1200;2835
P187334501;P187334501_8;H;4000;0;0;5000;1200;1905
P187334501;P187334501_9;I;4000;1240;0;5000;2440;2835
P187334501;P187334501_10;J;5000;0;0;6000;1200;2835
P187334501;P187334501_11;K;5000;1240;0;6000;2440;2835
P187334501;P187334501_12;L;6000;1240;0;7000;2440;2835
P187334501;P187334501_13;M;6000;0;0;7000;1200;2835
P187334501;P187334501_14;N;7000;0;0;8000;1200;2835
P187334501;P187334501_15;O;7000;1240;0;8000;2440;2835
P187334501;P187334501_16;P;8000;1240;0;9000;2440;2835
P187334501;P187334501_17;Q;8000;0;0;9000;1200;720
P187334501;P187334501_18;R;9000;0;0;10000;1200;720
P187334501;P187334501_19;S;9000;1240;0;10000;2440;720
P187334501;P187334501_20;T;10000;1240;0;11000;2440;720
P187334501;P187334501_21;U;10000;0;0;11000;1200;720
P187334501;P187334501_22;V;11000;0;0;12000;1200;720
P187334501;P187334501_23;W;11000;1240;0;12000;2440;720
P187334501;P187334501_24;X;12000;1440;0;13200;2440;720
P187334501;P187334501_25;Y;12000;0;0;13000;1200;720
P186334503;P186334503_1;A;0;0;0;1600;1200;2700
P186334503;P186334503_2;B;0;1200;0;1600;2400;2700
P186334503;P186334503_3;C;1600;1240;0;3200;2440;2700
P186334503;P186334503_4;D;1600;0;0;3200;1200;2700
P186334503;P186334503_5;E;3200;0;0;4800;1200;2700
P186334503;P186334503_6;F;3200;1200;0;4800;2400;2700
P186334503;P186334503_7;G;4800;1240;0;6400;2440;2700
P186334503;P186334503_8;H;4800;0;0;6400;1200;2700
P186334503;P186334503_9;I;6400;0;0;8000;1200;2700
P186334503;P186334503_10;J;6400;1240;0;8000;2440;2700
P186334503;P186334503_11;K;8000;1240;0;9600;2440;2700
P186334503;P186334503_12;L;8000;0;0;9600;1200;2700
P186334503;P186334503_13;M;9600;0;0;11200;1200;2700
P186334503;P186334503_14;N;9600;1240;0;11200;2440;2700
P186334503;P186334503_15;O;11200;1240;0;12800;2440;2700
P186334503;P186334503_16;P;11200;0;0;12800;1200;2700
P186334507;P186334507_1;A;0;620;0;1000;1820;720
P186334507;P186334507_2;B;1000;620;0;2000;1820;720
P186334507;P186334507_3;C;2000;620;0;3000;1820;720
P186334507;P186334507_4;D;3000;620;0;4000;1820;720
P186334507;P186334507_5;E;4000;620;0;5000;1820;720
P186334507;P186334507_6;F;5000;1240;0;6000;2440;720
P186334507;P186334507_7;G;5000;0;0;6000;1200;720
P186334507;P186334507_8;H;6000;0;0;7000;1200;720
P186334507;P186334507_9;I;6000;1240;0;7000;2440;720
P186334507;P186334507_10;J;7000;1240;0;8000;2440;720
P186334507;P186334507_11;K;7000;0;0;8000;1200;720
P186334507;P186334507_12;L;8000;0;0;9000;1200;720
P186334507;P186334507_13;M;8000;1240;0;9000;2440;720
P186334507;P186334507_14;N;9000;1240;0;10000;2440;720
P185334503;P185334503_1;A;0;0;0;1600;1200;2700
P185334503;P185334503_2;B;0;1200;0;1600;2400;2700
P185334503;P185334503_3;C;1600;1240;0;3200;2440;2700
P185334503;P185334503_4;D;1600;0;0;3200;1200;2700
P185334503;P185334503_5;E;3200;0;0;4800;1200;2700
P185334503;P185334503_6;F;3200;1200;0;4800;2400;2700
P185334503;P185334503_7;G;4800;1240;0;6400;2440;2700
P185334503;P185334503_8;H;4800;0;0;6400;1200;2700
P185334503;P185334503_9;I;6400;0;0;8000;1200;2700
P185334503;P185334503_10;J;6400;1200;0;8000;2400;2700
P185334503;P185334503_11;K;8000;1240;0;9600;2440;2700
P185334503;P185334503_12;L;8000;0;0;9600;1200;2700
P185334503;P185334503_13;M;9600;1240;0;11200;2440;2700
P185334503;P185334503_14;N;9600;0;0;11200;1200;2700
P185334503;P185334503_15;O;11200;0;0;12800;1200;2700
P185334503;P185334503_16;P;11200;1240;0;12800;2440;2700
P185334501;P185334501_1;A;0;0;0;1000;1200;2835
P185334501;P185334501_2;B;0;1200;0;1000;2400;2835
P185334501;P185334501_3;C;1000;1240;0;2000;2440;2835
P185334501;P185334501_4;D;1000;0;0;2000;1200;2835
P185334501;P185334501_5;E;2000;0;0;3000;1200;1905
P185334501;P185334501_6;F;2000;1240;0;3000;2440;2835
P185334501;P185334501_7;G;3000;1240;0;4000;2440;2835
P185334501;P185334501_8;H;3000;0;0;4000;1200;2835
P185334501;P185334501_9;I;4000;0;0;5000;1200;2835
P185334501;P185334501_10;J;4000;1240;0;5000;2440;1905
P185334501;P185334501_11;K;5000;1240;0;6000;2440;720
P185334501;P185334501_12;L;5000;0;0;6000;1200;720
P185334501;P185334501_13;M;6000;0;0;7000;1200;720
P185334501;P185334501_14;N;6000;1240;0;7000;2440;720
P185334501;P185334501_15;O;7000;1240;0;8000;2440;720
P185334501;P185334501_16;P;7000;0;0;8000;1200;720
P185334501;P185334501_17;Q;8000;0;0;9000;1200;720
P185334501;P185334501_18;R;8000;1240;0;9000;2440;720
P185334501;P185334501_19;S;9000;1240;0;10000;2440;720
P185334501;P185334501_20;T;9000;0;0;10000;1200;720
P185334501;P185334501_21;U;10000;0;0;11000;1200;720
P185334501;P185334501_22;V;10000;1240;0;11000;2440;720
P185334501;P185334501_23;W;11000;1240;0;12000;2440;720
P185334501;P185334501_24;X;11000;0;0;12000;1200;720
P185334501;P185334501_25;Y;12000;0;0;13200;1000;720
P185334501;P185334501_26;Z;12000;1240;0;13000;2440;720
P184334503;P184334503_1;A;0;0;0;1600;1200;2700
P184334503;P184334503_2;B;0;1200;0;1600;2400;2700
P184334503;P184334503_3;C;1600;1240;0;3200;2440;2700
P184334503;P184334503_4;D;1600;0;0;3200;1200;2700
P184334503;P184334503_5;E;3200;0;0;4800;1200;2700
P184334503;P184334503_6;F;3200;1200;0;4800;2400;2700
P184334503;P184334503_7;G;4800;1240;0;6400;2440;2700
P184334503;P184334503_8;H;4800;0;0;6400;1200;2700
P184334503;P184334503_9;I;6400;0;0;8000;1200;2700
P184334503;P184334503_10;J;6400;1200;0;8000;2400;2700
P184334503;P184334503_11;K;8000;1240;0;9600;2440;2700
P184334503;P184334503_12;L;8000;0;0;9600;1200;2700
P184334503;P184334503_13;M;9600;0;0;11200;1200;2700
P184334503;P184334503_14;N;9600;1240;0;11200;2440;2700
P184334503;P184334503_15;O;11200;1240;0;12800;2440;2700
P184334503;P184334503_16;P;11200;0;0;12800;1200;2700
Q184334503_1;Q184334503_1_1;A;0;0;0;1600;1200;2700
Q184334503_1;Q184334503_1_2;B;0;1240;0;1600;2440;2700
Q184334503_1;Q184334503_1_3;C;1600;1240;0;3200;2440;2700
Q184334503_1;Q184334503_1_4;D;1600;0;0;3200;1200;930
P207359403;P207359403_1;A;0;1240;0;1600;2440;2700
P207359403;P207359403_2;B;0;0;0;1600;1200;2700
P207359403;P207359403_3;C;1600;620;0;3200;1820;2700
P207359403;P207359403_4;D;3200;1660;0;3770;2440;478
P207359403;P207359403_5;E;3200;0;0;4400;1600;2700
P207359403;P207359403_6;F;3770;1660;0;4340;2440;1771
P207359403;P207359403_7;G;4340;1660;0;4910;2440;1771
P207359403;P207359403_8;H;4400;0;0;5600;1600;2340
P207359403;P207359403_9;I;4910;1660;0;5480;2440;909
P207359403;P207359403_10;J;5600;1240;0;7200;2440;2865
P207359403;P207359403_11;K;5600;0;0;7200;1200;2865
P207359403;P207359403_12;L;7200;0;0;8800;1200;2520
P207359403;P207359403_13;M;7200;1240;0;8800;2440;1635
P207359403;P207359403_14;N;8800;1240;0;9800;2440;2700
P207359403;P207359403_15;O;8800;0;0;9800;1200;2700
P207359403;P207359403_16;P;9800;0;0;10800;1200;2700
P207359403;P207359403_17;Q;9800;1240;0;10800;2440;2865
P207359403;P207359403_18;R;10800;1234;0;11810;2440;2755
P207359403;P207359403_19;S;10800;0;0;11810;1206;2755
P207359403;P207359403_20;T;11810;0;0;13010;1000;2835
P207359403;P207359403_21;U;11810;1240;0;12810;2440;2745
P207359403;P207359403_22;V;12810;1000;0;13380;1780;478
P206359401;P206359401_1;A;0;0;0;1000;1200;2700
P206359401;P206359401_2;B;0;1234;0;1010;2440;1540
P206359401;P206359401_3;C;1000;0;0;1570;780;1771
P206359401;P206359401_4;D;1010;780;0;1580;1560;1771
P206359401;P206359401_5;E;1010;1610;0;1580;2390;1771
P206359401;P206359401_6;F;1570;0;0;2140;780;1771
P206359401;P206359401_7;G;1580;780;0;2150;1560;1771
P206359401;P206359401_8;H;1580;1660;0;2150;2440;1771
P206359401;P206359401_9;I;2140;0;0;2710;780;1771
P206359401;P206359401_10;J;2150;780;0;2720;1560;1771
P206359401;P206359401_11;K;2150;1610;0;2720;2390;1771
P206359401;P206359401_12;L;2710;0;0;3280;780;1771
P206359401;P206359401_13;M;2720;1220;0;3290;2000;1771
P206359401;P206359401_14;N;3280;0;0;3850;780;1771
P206359401;P206359401_15;O;3290;1660;0;3860;2440;1771
P206359401;P206359401_16;P;3290;780;0;3860;1560;1771
P206359401;P206359401_17;Q;3850;0;0;4420;780;1771
P206359401;P206359401_18;R;3860;780;0;4430;1560;1771
P206359401;P206359401_19;S;3860;1660;0;4430;2440;1771
P206359401;P206359401_20;T;4420;0;0;4990;780;1771
P206359401;P206359401_21;U;4430;1234;0;5440;2440;2755
P206359401;P206359401_22;V;4990;0;0;5990;1200;2865
P206359401;P206359401_23;W;5440;1240;0;6440;2440;2865
P206359401;P206359401_24;X;5990;0;0;7000;1206;2340
P206359401;P206359401_25;Y;6440;1240;0;7440;2440;2745
P206359401;P206359401_26;Z;7000;0;0;7570;780;1771
P206359401;P206359401_27;AA;7440;780;0;8010;1560;1771
P206359401;P206359401_28;AB;7440;1660;0;8010;2440;1771
P206359401;P206359401_29;AC;7570;0;0;8140;780;1771
P206359401;P206359401_30;AD;8010;1240;0;9010;2440;2160
P206359401;P206359401_31;AE;8140;0;0;9140;1200;2160
P206359401;P206359401_32;AF;9010;1660;0;9580;2440;1771
P206359401;P206359401_33;AG;9140;0;0;9710;780;1771
P206359401;P206359401_34;AH;9140;780;0;9710;1560;1771
P206359401;P206359401_35;AI;9580;1660;0;10150;2440;1771
P206359401;P206359401_36;AJ;9710;0;0;10280;780;1340
P206359401;P206359401_37;AK;9710;780;0;10280;1560;1771
P206359401;P206359401_38;AL;10150;1660;0;10720;2440;1771
P206359401;P206359401_39;AM;10280;0;0;10850;780;1771
P206359401;P206359401_40;AN;10280;780;0;10850;1560;1771
P206359401;P206359401_41;AO;10720;1660;0;11290;2440;1771
P206359401;P206359401_42;AP;10850;0;0;11420;780;1771
P206359401;P206359401_43;AQ;10850;780;0;11420;1560;1771
P206359401;P206359401_44;AR;11290;1660;0;11860;2440;1771
P206359401;P206359401_45;AS;11420;0;0;12430;1206;1185
P206359401;P206359401_46;AT;11860;1240;0;12860;2440;2340
P206359401;P206359401_47;AU;12430;0;0;13430;1200;1635
P206359401;P206359401_48;AV;12860;1660;0;13430;2440;909
P200359403;P200359403_1;A;0;1240;0;1600;2440;2700
P200359403;P200359403_2;B;0;20;0;1600;1220;2700
P200359403;P200359403_3;C;1600;620;0;3200;1820;2700
P200359403;P200359403_4;D;3200;1660;0;3770;2440;478
P200359403;P200359403_5;E;3200;0;0;4400;1600;2700
P200359403;P200359403_6;F;3770;1660;0;4340;2440;1771
P200359403;P200359403_7;G;4340;1660;0;4910;2440;1771
P200359403;P200359403_8;H;4400;0;0;5600;1600;2865
P200359403;P200359403_9;I;4910;1660;0;5480;2440;1771
P200359403;P200359403_10;J;5600;1240;0;7200;2440;2865
P200359403;P200359403_11;K;5600;0;0;7200;1200;2865
P200359403;P200359403_12;L;7200;0;0;8800;1200;2520
P200359403;P200359403_13;M;7200;1240;0;8800;2440;930
P200359403;P200359403_14;N;8800;1240;0;9800;2440;2700
P200359403;P200359403_15;O;8800;0;0;9800;1200;2700
P200359403;P200359403_16;P;9800;0;0;10800;1200;2700
P200359403;P200359403_17;Q;9800;1240;0;10800;2440;2160
P200359403;P200359403_18;R;10800;1660;0;11370;2440;1340
P200359403;P200359403_19;S;10800;0;0;11810;1206;2755
P200359403;P200359403_20;T;11370;1234;0;12380;2440;2755
P200359403;P200359403_21;U;11810;0;0;12820;1206;2755
P200359403;P200359403_22;V;12380;1234;0;13390;2440;2725
P200359403;P200359403_23;W;12820;0;0;13390;780;1771
P199359401;P199359401_1;A;0;0;0;1010;1206;2695
P199359401;P199359401_2;B;0;1240;0;1000;2440;1815
P199359401;P199359401_3;C;1000;1660;0;1570;2440;1771
P199359401;P199359401_4;D;1010;0;0;1580;780;1771
P199359401;P199359401_5;E;1010;780;0;1580;1560;1771
P199359401;P199359401_6;F;1570;1660;0;2140;2440;1771
P199359401;P199359401_7;G;1580;0;0;2150;780;1771
P199359401;P199359401_8;H;1580;780;0;2150;1560;1771
P199359401;P199359401_9;I;2140;1660;0;2710;2440;1771
P199359401;P199359401_10;J;2150;0;0;2720;780;1771
P199359401;P199359401_11;K;2150;780;0;2720;1560;1771
P199359401;P199359401_12;L;2710;1660;0;3280;2440;1771
P199359401;P199359401_13;M;2720;0;0;3290;780;1771
P199359401;P199359401_14;N;2720;780;0;3290;1560;1771
P199359401;P199359401_15;O;3280;1660;0;3850;2440;1771
P199359401;P199359401_16;P;3290;0;0;3860;780;1771
P199359401;P199359401_17;Q;3290;780;0;3860;1560;1771
P199359401;P199359401_18;R;3850;1660;0;4420;2440;1771
P199359401;P199359401_19;S;3860;0;0;4430;780;1771
P199359401;P199359401_20;T;3860;780;0;4430;1560;1771
P199359401;P199359401_21;U;4420;1660;0;4990;2440;1771
P199359401;P199359401_22;V;4430;0;0;5000;780;1771
P199359401;P199359401_23;W;4430;780;0;5000;1560;1771
P199359401;P199359401_24;X;4990;1660;0;5560;2440;1771
P199359401;P199359401_25;Y;5000;0;0;5570;780;1771
P199359401;P199359401_26;Z;5000;780;0;5570;1560;1771
P199359401;P199359401_27;AA;5560;1660;0;6130;2440;1771
P199359401;P199359401_28;AB;5570;0;0;6140;780;1340
P199359401;P199359401_29;AC;5570;780;0;6140;1560;1771
P199359401;P199359401_30;AD;6130;1660;0;6700;2440;1771
P199359401;P199359401_31;AE;6140;0;0;7140;1200;2865
P199359401;P199359401_32;AF;6700;1240;0;7700;2440;2865
P199359401;P199359401_33;AG;7140;0;0;8140;1200;2520
P199359401;P199359401_34;AH;7700;1240;0;8700;2440;2700
P199359401;P199359401_35;AI;8140;0;0;9140;1200;2385
P199359401;P199359401_36;AJ;8700;1240;0;9700;2440;2835
P199359401;P199359401_37;AK;9140;0;0;10140;1200;2160
P199359401;P199359401_38;AL;9700;1240;0;10700;2440;2865
P199359401;P199359401_39;AM;10140;0;0;10710;780;1771
P199359401;P199359401_40;AN;10700;780;0;11270;1560;1771
P199359401;P199359401_41;AO;10700;1660;0;11270;2440;1771
P199359401;P199359401_42;AP;10710;0;0;11280;780;1771
P199359401;P199359401_43;AQ;11270;780;0;11840;1560;1771
P199359401;P199359401_44;AR;11270;1660;0;11840;2440;1771
P199359401;P199359401_45;AS;11280;0;0;11850;780;1771
P199359401;P199359401_46;AT;11840;1234;0;12850;2440;2755
P193359403;P193359403_1;A;0;620;0;1600;1820;2700
P193359403;P193359403_2;B;1600;1240;0;3200;2440;2700
P193359403;P193359403_3;C;1600;0;0;2170;780;478
P193359403;P193359403_4;D;2170;0;0;3770;1200;1815
P193359403;P193359403_5;E;3200;1220;0;4200;2420;2340
P193359403;P193359403_6;F;3770;10;0;5370;1210;2520
P193359403;P193359403_7;G;4200;1240;0;5800;2440;1815
P193359403;P193359403_8;H;5370;20;0;6970;1220;2865
P193359403;P193359403_9;I;5800;1240;0;7400;2440;2865
P193359403;P193359403_10;J;6970;0;0;8570;1200;1455
P193359403;P193359403_11;K;7400;1240;0;8400;2440;2700
P193359403;P193359403_12;L;8400;1240;0;9400;2440;2700
P193359403;P193359403_13;M;8570;0;0;9570;1200;1635
P193359403;P193359403_14;N;9400;1240;0;10400;2440;930
P193359403;P193359403_15;O;9570;0;0;10140;780;1771
P193359403;P193359403_16;P;10140;0;0;10710;780;1771
P193359403;P193359403_17;Q;10400;780;0;10970;1560;478
P193359403;P193359403_18;R;10400;1660;0;10970;2440;1340
P193359403;P193359403_19;S;10710;0;0;11280;780;1340
P193359403;P193359403_20;T;10970;1234;0;11980;2440;2725
P193359403;P193359403_21;U;11280;0;0;12280;1200;2160
P193359403;P193359403_22;V;11980;1240;0;12980;2440;2340
P193359403;P193359403_23;W;12280;0;0;13486;1010;2370
P192359401;P192359401_1;A;0;0;0;1010;1206;1925
P192359401;P192359401_2;B;0;1240;0;1000;2440;1815
P192359401;P192359401_3;C;1000;1660;0;1570;2440;1771
P192359401;P192359401_4;D;1010;0;0;1580;780;1771
P192359401;P192359401_5;E;1010;780;0;1580;1560;1771
P192359401;P192359401_6;F;1570;1660;0;2140;2440;1771
P192359401;P192359401_7;G;1580;0;0;2150;780;1771
P192359401;P192359401_8;H;1580;780;0;2150;1560;1771
P192359401;P192359401_9;I;2140;1660;0;2710;2440;1771
P192359401;P192359401_10;J;2150;0;0;2720;780;1771
P192359401;P192359401_11;K;2150;780;0;2720;1560;1771
P192359401;P192359401_12;L;2710;1660;0;3280;2440;1771
P192359401;P192359401_13;M;2720;0;0;3290;780;1771
P192359401;P192359401_14;N;2720;830;0;3290;1610;1771
P192359401;P192359401_15;O;3280;1635;0;3850;2415;1771
P192359401;P192359401_16;P;3290;0;0;3860;780;1771
P192359401;P192359401_17;Q;3290;855;0;3860;1635;1771
P192359401;P192359401_18;R;3850;1660;0;4420;2440;1771
P192359401;P192359401_19;S;3860;0;0;4430;780;1771
P192359401;P192359401_20;T;3860;830;0;4430;1610;1771
P192359401;P192359401_21;U;4420;1660;0;4990;2440;1771
P192359401;P192359401_22;V;4430;0;0;5000;780;1771
P192359401;P192359401_23;W;4430;780;0;5000;1560;1340
P192359401;P192359401_24;X;4990;1660;0;5560;2440;1771
P192359401;P192359401_25;Y;5000;0;0;6010;1206;2755
P192359401;P192359401_26;Z;5560;1240;0;6560;2440;2865
P192359401;P192359401_27;AA;6010;0;0;7010;1200;2385
P192359401;P192359401_28;AB;6560;1234;0;7570;2440;2370
P192359401;P192359401_29;AC;7010;0;0;8010;1200;2835
P192359401;P192359401_30;AD;7570;1240;0;8570;2440;2160
P192359401;P192359401_31;AE;8010;0;0;9010;1200;2700
P192359401;P192359401_32;AF;8570;1240;0;9570;2440;2700
P192359401;P192359401_33;AG;9010;0;0;9580;780;1771
P192359401;P192359401_34;AH;9570;780;0;10140;1560;1771
P192359401;P192359401_35;AI;9570;1660;0;10140;2440;1771
P192359401;P192359401_36;AJ;9580;0;0;10150;780;1771
P192359401;P192359401_37;AK;10140;780;0;10710;1560;1771
P192359401;P192359401_38;AL;10140;1660;0;10710;2440;1771
P192359401;P192359401_39;AM;10150;0;0;10720;780;1771
P192359401;P192359401_40;AN;10710;780;0;11280;1560;1771
P192359401;P192359401_41;AO;10710;1660;0;11280;2440;1340
P192359401;P192359401_42;AP;11280;1240;0;12280;2440;2340
P192359401;P192359401_43;AQ;11280;0;0;12280;1200;2160
P186359403;P186359403_1;A;0;1240;0;1600;2440;1815
P186359403;P186359403_2;B;0;0;0;1600;1200;1815
P186359403;P186359403_3;C;1600;0;0;3200;1200;1815
P186359403;P186359403_4;D;1600;1660;0;2170;2440;478
P186359403;P186359403_5;E;2170;1220;0;3770;2420;1815
P186359403;P186359403_6;F;3200;0;0;4800;1200;1815
P186359403;P186359403_7;G;3770;1220;0;5370;2420;2865
P186359403;P186359403_8;H;4800;0;0;5800;1200;2700
P186359403;P186359403_9;I;5370;1240;0;6370;2440;2700
P186359403;P186359403_10;J;5800;0;0;6800;1200;1815
P186359403;P186359403_11;K;6370;1240;0;7370;2440;2340
P186359403;P186359403_12;L;6800;0;0;8400;1200;2865
P186359403;P186359403_13;M;7370;1240;0;8970;2440;2865
P186359403;P186359403_14;N;8400;0;0;8970;780;1771
P186359403;P186359403_15;O;8970;1660;0;9540;2440;1771
P186359403;P186359403_16;P;8970;0;0;9540;780;1771
P186359403;P186359403_17;Q;8970;780;0;9540;1560;478
P186359403;P186359403_18;R;9540;0;0;10550;1206;2755
P186359403;P186359403_19;S;9540;1234;0;10550;2440;2755
P186359403;P186359403_20;T;10550;1234;0;11560;2440;2755
P186359403;P186359403_21;U;10550;0;0;11550;1200;2700
P186359403;P186359403_22;V;11550;0;0;12550;1200;2565
P186359403;P186359403_23;W;11560;1234;0;12570;2440;2340
P186359403;P186359403_24;X;12550;0;0;13120;780;1771
P186359403;P186359403_25;Y;12570;780;0;13140;1560;1771
P186359403;P186359403_26;Z;12570;1660;0;13140;2440;1771
P185359401;P185359401_1;A;0;1240;0;1000;2440;1815
P185359401;P185359401_2;B;0;17;0;1010;1223;2310
P185359401;P185359401_3;C;1000;1234;0;2010;2440;770
P185359401;P185359401_4;D;1010;0;0;2010;1200;1815
P185359401;P185359401_5;E;2010;0;0;2580;780;1340
P185359401;P185359401_6;F;2010;780;0;2580;1560;1340
P185359401;P185359401_7;G;2010;1660;0;2580;2440;1771
P185359401;P185359401_8;H;2580;1660;0;3150;2440;1771
P185359401;P185359401_9;I;2580;0;0;3150;780;1771
P185359401;P185359401_10;J;2580;780;0;3150;1560;1771
P185359401;P185359401_11;K;3150;0;0;3720;780;1771
P185359401;P185359401_12;L;3150;780;0;3720;1560;1771
P185359401;P185359401_13;M;3150;1660;0;3720;2440;1771
P185359401;P185359401_14;N;3720;1660;0;4290;2440;1771
P185359401;P185359401_15;O;3720;0;0;4290;780;1771
P185359401;P185359401_16;P;3720;780;0;4290;1560;1771
P185359401;P185359401_17;Q;4290;0;0;4860;780;1771
P185359401;P185359401_18;R;4290;780;0;4860;1560;1771
P185359401;P185359401_19;S;4290;1660;0;4860;2440;1771
P185359401;P185359401_20;T;4860;1660;0;5430;2440;1771
P185359401;P185359401_21;U;4860;0;0;5430;780;1771
P185359401;P185359401_22;V;4860;780;0;5430;1560;1771
P185359401;P185359401_23;W;5430;0;0;6000;780;1771
P185359401;P185359401_24;X;5430;780;0;6000;1560;1771
P185359401;P185359401_25;Y;5430;1660;0;6000;2440;1771
P185359401;P185359401_26;Z;6000;1660;0;6570;2440;1771
P185359401;P185359401_27;AA;6000;0;0;6570;780;1771
P185359401;P185359401_28;AB;6000;780;0;6570;1560;1771
P185359401;P185359401_29;AC;6570;0;0;7140;780;1340
P185359401;P185359401_30;AD;6570;1240;0;7570;2440;2865
P185359401;P185359401_31;AE;7140;0;0;8140;1200;2160
P185359401;P185359401_32;AF;7570;1240;0;8570;2440;2835
P185359401;P185359401_33;AG;8140;0;0;9140;1200;2160
P185359401;P185359401_34;AH;8570;1240;0;9570;2440;2385
P185359401;P185359401_35;AI;9140;0;0;9710;780;1771
P185359401;P185359401_36;AJ;9570;780;0;10140;1560;1771
P185359401;P185359401_37;AK;9570;1660;0;10140;2440;1771
P185359401;P185359401_38;AL;9710;0;0;10280;780;1771
P185359401;P185359401_39;AM;10140;780;0;10710;1560;1771
P185359401;P185359401_40;AN;10140;1660;0;10710;2440;1771
P185359401;P185359401_41;AO;10280;0;0;10850;780;1771
P185359401;P185359401_42;AP;10710;1240;0;11710;2440;2865
P185359401;P185359401_43;AQ;10850;0;0;11420;780;1340
P185359401;P185359401_44;AR;11420;0;0;12430;1206;1570
P185359401;P185359401_45;AS;11710;1234;0;12720;2440;2370
P185359401;P185359401_46;AT;12430;0;0;13430;1200;1635
P178335001;P178335001_1;A;0;0;0;1300;1150;2737
P178335001;P178335001_2;B;0;1240;0;1000;2440;2835
P178335001;P178335001_3;C;1000;1240;0;2000;2440;2835
P178335001;P178335001_4;D;1300;0;0;2300;1200;2835
P178335001;P178335001_5;E;2000;1240;0;3000;2440;2835
P178335001;P178335001_6;F;2300;0;0;3300;1200;2835
P178335001;P178335001_7;G;3000;1240;0;4000;2440;2835
P178335001;P178335001_8;H;3300;0;0;4300;1200;2835
P178335001;P178335001_9;I;4000;1240;0;5000;2440;2835
P178335001;P178335001_10;J;4300;0;0;5300;1200;2835
P178335001;P178335001_11;K;5000;1240;0;6000;2440;2835
P178335001;P178335001_12;L;5300;0;0;6300;1200;2835
P178335001;P178335001_13;M;6000;1240;0;7000;2440;2835
P178335001;P178335001_14;N;6300;0;0;7300;1200;2835
P178335001;P178335001_15;O;7000;1240;0;8000;2440;2835
P178335001;P178335001_16;P;7300;0;0;8310;1206;2186
P178335001;P178335001_17;Q;8000;1234;0;9010;2440;2186
P178335001;P178335001_18;R;8310;0;0;9310;1200;2835
P178335001;P178335001_19;S;9010;1240;0;10010;2440;2835
P178335001;P178335001_20;T;9310;0;0;10310;1200;2835
P178335001;P178335001_21;U;10010;1240;0;11010;2440;2835
P178335001;P178335001_22;V;10310;0;0;11310;1200;2835
P178335001;P178335001_23;W;11010;1240;0;12010;2440;2835
P178335001;P178335001_24;X;11310;0;0;12310;1200;2835
P178335001;P178335001_25;Y;12010;1240;0;13010;2440;2835
P178335001;P178335001_26;Z;12310;0;0;13310;1200;2835
Q178335001_1;Q178335001_1_1;A;0;1290;0;1300;2440;2737
Q178335001_1;Q178335001_1_2;B;0;0;0;1300;1150;2737
Q178335001_1;Q178335001_1_3;C;1300;0;0;2600;1150;2737
Q178335001_1;Q178335001_1_4;D;1300;1290;0;2600;2440;2737
Q178335001_1;Q178335001_1_5;E;2600;1290;0;3900;2440;2737
Q178335001_1;Q178335001_1_6;F;2600;0;0;3900;1150;2737
Q178335001_1;Q178335001_1_7;G;3900;0;0;5200;1150;2737
Q178335001_1;Q178335001_1_8;H;3900;1290;0;5200;2440;2737
Q178335001_1;Q178335001_1_9;I;5200;1290;0;6500;2440;2737
Q178335001_1;Q178335001_1_10;J;5200;0;0;6500;1150;2737
Q178335001_1;Q178335001_1_11;K;6500;0;0;7800;1150;2737
Q178335001_1;Q178335001_1_12;L;6500;1290;0;7800;2440;2737
Q178335001_1;Q178335001_1_13;M;7800;1290;0;9100;2440;2737
Q178335001_1;Q178335001_1_14;N;7800;0;0;9100;1150;2737
Q178335001_1;Q178335001_1_15;O;9100;0;0;10400;1150;2737
Q178335001_1;Q178335001_1_16;P;9100;1290;0;10400;2440;2737
Q178335001_1;Q178335001_1_17;Q;10400;1240;0;11400;2440;2835
Q178335001_1;Q178335001_1_18;R;10400;0;0;11410;1206;2186
Q178335001_1;Q178335001_1_19;S;11400;1234;0;12410;2440;2186
Q178335001_1;Q178335001_1_20;T;11410;0;0;12420;1206;2186
Q178335001_1;Q178335001_1_21;U;12410;1234;0;13420;2440;2186
Q178335001_1;Q178335001_1_22;V;12420;0;0;13430;1206;2186
P177335001;P177335001_1;A;0;1290;0;1300;2440;2737
P177335001;P177335001_2;B;0;0;0;1300;1150;2737
P177335001;P177335001_3;C;1300;0;0;2600;1150;2737
P177335001;P177335001_4;D;1300;1290;0;2600;2440;2737
P177335001;P177335001_5;E;2600;1290;0;3900;2440;2737
P177335001;P177335001_6;F;2600;0;0;3900;1150;2737
P177335001;P177335001_7;G;3900;0;0;5200;1150;2737
P177335001;P177335001_8;H;3900;1290;0;5200;2440;2737
P177335001;P177335001_9;I;5200;1290;0;6500;2440;2737
P177335001;P177335001_10;J;5200;0;0;6500;1150;2737
P177335001;P177335001_11;K;6500;0;0;7800;1150;2737
P177335001;P177335001_12;L;6500;1290;0;7800;2440;2737
P177335001;P177335001_13;M;7800;1290;0;9100;2440;2737
P177335001;P177335001_14;N;7800;0;0;9100;1150;2737
P177335001;P177335001_15;O;9100;0;0;10400;1150;2737
P177335001;P177335001_16;P;9100;1290;0;10400;2440;2737
P177335001;P177335001_17;Q;10400;1290;0;11700;2440;2737
P177335001;P177335001_18;R;10400;0;0;11700;1150;2737
P177335001;P177335001_19;S;11700;0;0;13000;1150;2737
P177335001;P177335001_20;T;11700;1290;0;13000;2440;2737
P177335303;P177335303_1;A;0;0;0;1300;1150;2737
P177335303;P177335303_2;B;0;1290;0;1300;2440;2737
P177335303;P177335303_3;C;1300;1290;0;2600;2440;2737
P177335303;P177335303_4;D;1300;0;0;2300;1200;2835
P177335303;P177335303_5;E;2300;0;0;3300;1200;2835
P177335303;P177335303_6;F;2600;1240;0;3600;2440;2835
P177335303;P177335303_7;G;3300;0;0;4300;1200;2835
P177335303;P177335303_8;H;3600;1240;0;4600;2440;2835
P177335303;P177335303_9;I;4300;0;0;5300;1200;2835
P177335303;P177335303_10;J;4600;1240;0;5600;2440;2835
P177335303;P177335303_11;K;5300;0;0;6300;1200;2835
P177335303;P177335303_12;L;5600;1234;0;6610;2440;2186
P177335303;P177335303_13;M;6300;0;0;7310;1206;2186
P177335303;P177335303_14;N;6610;1234;0;7620;2440;2186
P177335303;P177335303_15;O;7310;0;0;8320;1206;2186
P177335303;P177335303_16;P;7620;1234;0;8630;2440;2186
P177335303;P177335303_17;Q;8320;0;0;9320;1200;2835
P177335303;P177335303_18;R;8630;1240;0;9630;2440;2835
P177335303;P177335303_19;S;9320;0;0;10620;1150;2737
P177335303;P177335303_20;T;9630;1290;0;10930;2440;2737
P177335303;P177335303_21;U;10620;0;0;11920;1150;2737
P177335303;P177335303_22;V;10930;1290;0;12230;2440;2737
P177335303;P177335303_23;W;11920;0;0;13220;1150;2737
P177335303;P177335303_24;X;12230;1440;0;13430;2440;2835
P174335001;P174335001_1;A;0;1290;0;1300;2440;2737
P174335001;P174335001_2;B;0;0;0;1300;1150;2737
P174335001;P174335001_3;C;1300;0;0;2600;1150;2737
P174335001;P174335001_4;D;1300;1290;0;2600;2440;2737
P174335001;P174335001_5;E;2600;1290;0;3900;2440;2737
P174335001;P174335001_6;F;2600;0;0;3900;1150;2737
P174335001;P174335001_7;G;3900;0;0;5200;1150;2737
P174335001;P174335001_8;H;3900;1290;0;5200;2440;2737
P174335001;P174335001_9;I;5200;1290;0;6500;2440;2737
P174335001;P174335001_10;J;5200;0;0;6500;1150;2737
P174335001;P174335001_11;K;6500;0;0;7800;1150;2737
P174335001;P174335001_12;L;6500;1290;0;7800;2440;2737
P174335001;P174335001_13;M;7800;1290;0;9100;2440;2737
P174335001;P174335001_14;N;7800;0;0;9100;1150;2737
P174335001;P174335001_15;O;9100;0;0;10400;1150;2737
P174335001;P174335001_16;P;9100;1240;0;10100;2440;2835
P174335001;P174335001_17;Q;10100;1240;0;11100;2440;2835
P174335001;P174335001_18;R;10400;0;0;11400;1200;2835
P174335001;P174335001_19;S;11100;1240;0;12100;2440;2835
P174335001;P174335001_20;T;11400;0;0;12400;1200;2835
P174335001;P174335001_21;U;12100;1240;0;13100;2440;2835
P174335001;P174335001_22;V;12400;0;0;13400;1200;2835
P174335303;P174335303_1;A;0;1234;0;1010;2440;2186
P174335303;P174335303_2;B;0;0;0;1300;1150;2737
P174335303;P174335303_3;C;1010;1290;0;2310;2440;2737
P174335303;P174335303_4;D;1300;0;0;2600;1150;2737
P174335303;P174335303_5;E;2310;1290;0;3610;2440;2737
P174335303;P174335303_6;F;2600;0;0;3900;1150;2737
P174335303;P174335303_7;G;3610;1290;0;4910;2440;2737
P174335303;P174335303_8;H;3900;0;0;5200;1150;2737
P174335303;P174335303_9;I;4910;1290;0;6210;2440;2737
P174335303;P174335303_10;J;5200;0;0;6500;1150;2737
P174335303;P174335303_11;K;6210;1290;0;7510;2440;2737
P174335303;P174335303_12;L;6500;0;0;7500;1200;2835
P174335303;P174335303_13;M;7500;0;0;8500;1200;2835
P174335303;P174335303_14;N;7510;1240;0;8510;2440;2835
P174335303;P174335303_15;O;8500;0;0;9500;1200;2835
P174335303;P174335303_16;P;8510;1290;0;9810;2440;2737
P174335303;P174335303_17;Q;9500;0;0;10800;1150;2737
P174335303;P174335303_18;R;9810;1290;0;11110;2440;2737
P174335303;P174335303_19;S;10800;0;0;12100;1150;2737
P174335303;P174335303_20;T;11110;1290;0;12410;2440;2737
P174335303;P174335303_21;U;12100;0;0;13400;1150;2737
P174335303;P174335303_22;V;12410;1234;0;13420;2440;2186
P173335001;P173335001_1;A;0;0;0;1000;1200;2835
P173335001;P173335001_2;B;0;1200;0;1000;2400;2835
P173335001;P173335001_3;C;1000;1290;0;2300;2440;2737
P173335001;P173335001_4;D;1000;0;0;2300;1150;2737
P173335001;P173335001_5;E;2300;0;0;3600;1150;2737
P173335001;P173335001_6;F;2300;1290;0;3600;2440;2737
P173335001;P173335001_7;G;3600;1290;0;4900;2440;2737
P173335001;P173335001_8;H;3600;0;0;4900;1150;2737
P173335001;P173335001_9;I;4900;0;0;6200;1150;2737
P173335001;P173335001_10;J;4900;1290;0;6200;2440;2737
P173335001;P173335001_11;K;6200;1290;0;7500;2440;2737
P173335001;P173335001_12;L;6200;0;0;7500;1150;2737
P173335001;P173335001_13;M;7500;0;0;8800;1150;2737
P173335001;P173335001_14;N;7500;1290;0;8800;2440;2737
P173335001;P173335001_15;O;8800;1290;0;10100;2440;2737
P173335001;P173335001_16;P;8800;0;0;10100;1150;2737
P173335001;P173335001_17;Q;10100;0;0;11400;1150;2737
P173335001;P173335001_18;R;10100;1290;0;11400;2440;2737
P173335001;P173335001_19;S;11400;1234;0;12410;2440;2186
P173335001;P173335001_20;T;11400;0;0;12400;1200;2835
P173335001;P173335001_21;U;12400;0;0;13400;1200;2835
P173335001;P173335001_22;V;12410;1240;0;13410;2440;2835
P173335305;P173335305_1;A;0;0;0;1300;1150;2737
P173335305;P173335305_2;B;0;1290;0;1300;2440;2737
P173335305;P173335305_3;C;1300;1290;0;2600;2440;2737
P173335305;P173335305_4;D;1300;0;0;2310;1206;2186
P173335305;P173335305_5;E;2310;0;0;3320;1206;2186
P173335305;P173335305_6;F;2600;1240;0;3600;2440;2835
P173335305;P173335305_7;G;3320;0;0;4320;1200;2835
P173335305;P173335305_8;H;3600;1240;0;4600;2440;2835
P173335305;P173335305_9;I;4320;0;0;5330;1206;2186
P173335305;P173335305_10;J;4600;1240;0;5600;2440;2835
P173335305;P173335305_11;K;5330;0;0;6330;1200;2835
P173335305;P173335305_12;L;5600;1240;0;6600;2440;2835
P173335305;P173335305_13;M;6330;0;0;7330;1200;1815
P173335305;P173335305_14;N;6600;1240;0;7600;2440;1815
P173335305;P173335305_15;O;7330;0;0;8330;1200;1815
P173335305;P173335305_16;P;7600;1240;0;8600;2440;1815
P173335305;P173335305_17;Q;8330;0;0;9330;1200;1815
P173335305;P173335305_18;R;8600;1240;0;9600;2440;1815
P173335305;P173335305_19;S;9330;0;0;10330;1200;1815
P173335305;P173335305_20;T;9600;1240;0;10600;2440;1815
P173335305;P173335305_21;U;10330;0;0;11330;1200;1815
P173335305;P173335305_22;V;10600;1240;0;11600;2440;1815
P173335305;P173335305_23;W;11330;0;0;12330;1200;1815
P173335305;P173335305_24;X;11600;1240;0;12600;2440;1815
P173335305;P173335305_25;Y;12330;0;0;13330;1200;930
P172335001;P172335001_1;A;0;0;0;1300;1150;2737
P172335001;P172335001_2;B;0;1290;0;1300;2440;2737
P172335001;P172335001_3;C;1300;1290;0;2600;2440;2737
P172335001;P172335001_4;D;1300;0;0;2600;1150;2737
P172335001;P172335001_5;E;2600;0;0;3900;1150;2737
P172335001;P172335001_6;F;2600;1290;0;3900;2440;2737
P172335001;P172335001_7;G;3900;1290;0;5200;2440;2737
P172335001;P172335001_8;H;3900;0;0;5200;1150;2737
P172335001;P172335001_9;I;5200;0;0;6500;1150;2737
P172335001;P172335001_10;J;5200;1290;0;6500;2440;2737
P172335001;P172335001_11;K;6500;1290;0;7800;2440;2737
P172335001;P172335001_12;L;6500;0;0;7800;1150;2737
P172335001;P172335001_13;M;7800;0;0;8810;1206;2186
P172335001;P172335001_14;N;7800;1234;0;8810;2440;2186
P172335001;P172335001_15;O;8810;1240;0;9810;2440;2835
P172335001;P172335001_16;P;8810;0;0;9810;1200;2835
P172335001;P172335001_17;Q;9810;0;0;10810;1200;2835
P172335001;P172335001_18;R;9810;1240;0;10810;2440;2835
P172335001;P172335001_19;S;10810;1290;0;12110;2440;2737
P172335001;P172335001_20;T;10810;0;0;12110;1150;2737
P172335001;P172335001_21;U;12110;0;0;13410;1150;2737
P172335001;P172335001_22;V;12110;1290;0;13410;2440;2737
P172335303;P172335303_1;A;0;1290;0;1300;2440;2737
P172335303;P172335303_2;B;0;0;0;1300;1150;2737
P172335303;P172335303_3;C;1300;0;0;2300;1200;2835
P172335303;P172335303_4;D;1300;1290;0;2600;2440;2737
P172335303;P172335303_5;E;2300;0;0;3600;1150;2737
P172335303;P172335303_6;F;2600;1290;0;3900;2440;2737
P172335303;P172335303_7;G;3600;0;0;4900;1150;2737
P172335303;P172335303_8;H;3900;1290;0;5200;2440;2737
P172335303;P172335303_9;I;4900;0;0;6200;1150;2737
P172335303;P172335303_10;J;5200;1290;0;6500;2440;2737
P172335303;P172335303_11;K;6200;0;0;7500;1150;2737
P172335303;P172335303_12;L;6500;1290;0;7800;2440;2737
P172335303;P172335303_13;M;7500;0;0;8500;1200;2835
P172335303;P172335303_14;N;7800;1240;0;8800;2440;2835
P172335303;P172335303_15;O;8500;0;0;9510;1206;2186
P172335303;P172335303_16;P;8800;1240;0;9800;2440;2835
P172335303;P172335303_17;Q;9510;0;0;10510;1200;2835
P172335303;P172335303_18;R;9800;1240;0;10800;2440;2835
P172335303;P172335303_19;S;10510;0;0;11510;1200;2835
P172335303;P172335303_20;T;10800;1290;0;12100;2440;2737
P172335303;P172335303_21;U;11510;0;0;12810;1150;2737
P172335303;P172335303_22;V;12100;1290;0;13400;2440;2737
P171335001;P171335001_1;A;0;0;0;1300;1150;2737
P171335001;P171335001_2;B;0;1150;0;1300;2300;2737
P171335001;P171335001_3;C;1300;1290;0;2600;2440;2737
P171335001;P171335001_4;D;1300;0;0;2600;1150;2737
P171335001;P171335001_5;E;2600;1240;0;3600;2440;2835
P171335001;P171335001_6;F;2600;0;0;3600;1200;2835
P171335001;P171335001_7;G;3600;0;0;4600;1200;2835
P171335001;P171335001_8;H;3600;1240;0;4600;2440;2835
P171335001;P171335001_9;I;4600;1234;0;5610;2440;2186
P171335001;P171335001_10;J;4600;0;0;5610;1206;2186
P171335001;P171335001_11;K;5610;0;0;6610;1200;2835
P171335001;P171335001_12;L;5610;1240;0;6610;2440;2835
P171335001;P171335001_13;M;6610;1290;0;7910;2440;2737
P171335001;P171335001_14;N;6610;0;0;7910;1150;2737
P171335001;P171335001_15;O;7910;0;0;9210;1150;2737
P171335001;P171335001_16;P;7910;1290;0;9210;2440;2737
P171335001;P171335001_17;Q;9210;1290;0;10510;2440;2737
P171335001;P171335001_18;R;9210;0;0;10510;1150;2737
P171335001;P171335001_19;S;10510;0;0;11810;1150;2737
P171335001;P171335001_20;T;10510;1290;0;11810;2440;2737
P171335001;P171335001_21;U;11810;1290;0;13110;2440;2737
P171335001;P171335001_22;V;11810;0;0;13110;1150;2737
P170335001;P170335001_1;A;0;1290;0;1300;2440;2737
P170335001;P170335001_2;B;0;0;0;1300;1150;2737
P170335001;P170335001_3;C;1300;0;0;2600;1150;2737
P170335001;P170335001_4;D;1300;1290;0;2600;2440;2737
P170335001;P170335001_5;E;2600;1290;0;3900;2440;2737
P170335001;P170335001_6;F;2600;0;0;3600;1200;2835
P170335001;P170335001_7;G;3600;0;0;4600;1200;2835
P170335001;P170335001_8;H;3900;1240;0;4900;2440;2835
P170335001;P170335001_9;I;4600;0;0;5600;1200;2835
P170335001;P170335001_10;J;4900;1290;0;6200;2440;2737
P170335001;P170335001_11;K;5600;0;0;6900;1150;2737
P170335001;P170335001_12;L;6200;1290;0;7500;2440;2737
P170335001;P170335001_13;M;6900;0;0;8200;1150;2737
P170335001;P170335001_14;N;7500;1290;0;8800;2440;2737
P170335001;P170335001_15;O;8200;0;0;9500;1150;2737
P170335001;P170335001_16;P;8800;1290;0;10100;2440;2737
P170335001;P170335001_17;Q;9500;0;0;10800;1150;2737
P170335001;P170335001_18;R;10100;1290;0;11400;2440;2737
P170335001;P170335001_19;S;10800;0;0;12100;1150;2737
P170335001;P170335001_20;T;11400;1290;0;12700;2440;2737
P170335001;P170335001_21;U;12100;0;0;13400;1150;2737
P170335303;P170335303_1;A;0;1290;0;1300;2440;2737
P170335303;P170335303_2;B;0;0;0;1300;1150;2737
P170335303;P170335303_3;C;1300;0;0;2300;1200;2835
P170335303;P170335303_4;D;1300;1240;0;2300;2440;2835
P170335303;P170335303_5;E;2300;1240;0;3300;2440;2835
P170335303;P170335303_6;F;2300;0;0;3300;1200;2835
P170335303;P170335303_7;G;3300;0;0;4310;1206;2186
P170335303;P170335303_8;H;3300;1234;0;4310;2440;2186
P170335303;P170335303_9;I;4310;1234;0;5320;2440;2186
P170335303;P170335303_10;J;4310;0;0;5610;1150;2737
P170335303;P170335303_11;K;5320;1290;0;6620;2440;2737
P170335303;P170335303_12;L;5610;0;0;6910;1150;2737
P170335303;P170335303_13;M;6620;1290;0;7920;2440;2737
P170335303;P170335303_14;N;6910;0;0;8210;1150;2737
P170335303;P170335303_15;O;7920;1290;0;9220;2440;2737
P170335303;P170335303_16;P;8210;0;0;9510;1150;2737
P170335303;P170335303_17;Q;9220;1234;0;10230;2440;2186
P170335303;P170335303_18;R;9510;0;0;10520;1206;2186
P170335303;P170335303_19;S;10230;1240;0;11230;2440;2835
P170335303;P170335303_20;T;10520;0;0;11520;1200;2835
P170335303;P170335303_21;U;11230;1240;0;12230;2440;2835
P170335303;P170335303_22;V;11520;0;0;12520;1200;2835
P170335303;P170335303_23;W;12230;1240;0;13230;2440;2835
P167335001;P167335001_1;A;0;0;0;1000;1200;2835
P167335001;P167335001_2;B;0;1290;0;1300;2440;2737
P167335001;P167335001_3;C;1000;0;0;2300;1150;2737
P167335001;P167335001_4;D;1300;1290;0;2600;2440;2737
P167335001;P167335001_5;E;2300;0;0;3600;1150;2737
P167335001;P167335001_6;F;2600;1290;0;3900;2440;2737
P167335001;P167335001_7;G;3600;0;0;4900;1150;2737
P167335001;P167335001_8;H;3900;1290;0;5200;2440;2737
P167335001;P167335001_9;I;4900;0;0;6200;1150;2737
P167335001;P167335001_10;J;5200;1290;0;6500;2440;2737
P167335001;P167335001_11;K;6200;0;0;7200;1200;2835
P167335001;P167335001_12;L;6500;1240;0;7500;2440;2835
P167335001;P167335001_13;M;7200;0;0;8200;1200;2835
P167335001;P167335001_14;N;7500;1240;0;8500;2440;2835
P167335001;P167335001_15;O;8200;0;0;9500;1150;2737
P167335001;P167335001_16;P;8500;1290;0;9800;2440;2737
P167335001;P167335001_17;Q;9500;0;0;10800;1150;2737
P167335001;P167335001_18;R;9800;1290;0;11100;2440;2737
P167335001;P167335001_19;S;10800;0;0;12100;1150;2737
P167335001;P167335001_20;T;11100;1290;0;12400;2440;2737
P167335001;P167335001_21;U;12100;0;0;13400;1150;2737
P167335001;P167335001_22;V;12400;1234;0;13410;2440;2186
P167335303;P167335303_1;A;0;0;0;1010;1206;2186
P167335303;P167335303_2;B;0;1290;0;1300;2440;2737
P167335303;P167335303_3;C;1010;0;0;2310;1150;2737
P167335303;P167335303_4;D;1300;1290;0;2600;2440;2737
P167335303;P167335303_5;E;2310;0;0;3610;1150;2737
P167335303;P167335303_6;F;2600;1234;0;3610;2440;2186
P167335303;P167335303_7;G;3610;1240;0;4610;2440;2835
P167335303;P167335303_8;H;3610;0;0;4610;1200;2835
P167335303;P167335303_9;I;4610;0;0;5910;1150;2737
P167335303;P167335303_10;J;4610;1290;0;5910;2440;2737
P167335303;P167335303_11;K;5910;1290;0;7210;2440;2737
P167335303;P167335303_12;L;5910;0;0;7210;1150;2737
P167335303;P167335303_13;M;7210;0;0;8510;1150;2737
P167335303;P167335303_14;N;7210;1290;0;8510;2440;2737
P167335303;P167335303_15;O;8510;1290;0;9810;2440;2737
P167335303;P167335303_16;P;8510;0;0;9810;1150;2737
P167335303;P167335303_17;Q;9810;0;0;11110;1150;1391
P167335303;P167335303_18;R;9810;1240;0;10810;2440;2835
P167335303;P167335303_19;S;10810;1240;0;11810;2440;2835
P167335303;P167335303_20;T;11110;0;0;12110;1200;2835
P167335303;P167335303_21;U;11810;1240;0;12810;2440;2835
P240064701;P240064701_1;A;0;340;0;4380;2440;1845
P240064701;P240064701_2;B;4380;0;0;7660;2100;2295
P240064701;P240064701_3;C;7660;1240;0;9260;2440;2700
P240064701;P240064701_4;D;7660;0;0;9260;1200;2700
P240064701;P240064701_5;E;9260;0;0;10860;1200;2700
P240064701;P240064701_6;F;9260;1540;0;11460;2440;2200
P240064701;P240064701_7;G;10860;0;0;12460;1200;2700
P240064701;P240064701_8;H;11460;1240;0;12460;2440;2700
P240064701;P240064701_9;I;12460;1240;0;13460;2440;2700
P240064701;P240064701_10;J;12460;0;0;13460;1200;2700
P208064705;P208064705_1;A;0;0;0;4380;2100;1845
P208064705;P208064705_2;B;4380;0;0;7660;2100;1395
P208064705;P208064705_3;C;7660;0;0;9560;600;1800
P208064705;P208064705_4;D;7660;600;0;9860;1500;2200
P208064705;P208064705_5;E;7660;1640;0;10480;2440;2200
P208064705;P208064705_6;F;9860;0;0;10860;1200;2700
P208064705;P208064705_7;G;10480;1240;0;11480;2440;2700
P208064705;P208064705_8;H;10860;0;0;12460;1200;2700
P208064705;P208064705_9;I;11480;1240;0;12480;2440;2700
P208064705;P208064705_10;J;12460;0;0;13460;1200;2700
P208064705;P208064705_11;K;12480;1240;0;13480;2440;2700
P207064703;P207064703_1;A;0;340;0;4380;2440;945
P207064703;P207064703_2;B;4380;0;0;5980;1200;2700
P207064703;P207064703_3;C;4380;1240;0;5980;2440;2700
P207064703;P207064703_4;D;5980;1240;0;7580;2440;2700
P207064703;P207064703_5;E;5980;0;0;7580;1200;2700
P207064703;P207064703_6;F;7580;0;0;9180;1200;2700
P207064703;P207064703_7;G;7580;1240;0;9180;2440;2700
P207064703;P207064703_8;H;9180;0;0;10080;2200;1100
P207064703;P207064703_9;I;10080;0;0;11980;600;900
P207064703;P207064703_10;J;10080;840;0;11280;2440;2700
P207064703;P207064703_11;K;11280;840;0;12480;2440;2700
P207064703;P207064703_12;L;12480;1240;0;13480;2440;2700
P207064703;P207064703_13;M;12480;0;0;13480;1200;2700
P205064701;P205064701_1;A;0;0;0;4380;2100;1395
P205064701;P205064701_2;B;4380;0;0;7660;2100;2295
P205064701;P205064701_3;C;7660;0;0;9260;1200;2700
P205064701;P205064701_4;D;7660;1240;0;9260;2440;2700
P205064701;P205064701_5;E;9260;1240;0;10860;2440;2700
P205064701;P205064701_6;F;9260;0;0;10260;1200;2700
P205064701;P205064701_7;G;10260;0;0;11860;1200;2700
P205064701;P205064701_8;H;10860;1240;0;12460;2440;2700
P205064701;P205064701_9;I;11860;0;0;12860;1200;2700
P205064701;P205064701_10;J;12460;1240;0;13460;2440;2700
P201064705;P201064705_1;A;0;170;0;4380;2270;2295
P201064705;P201064705_2;B;4380;170;0;7660;2270;2745
P201064705;P201064705_3;C;7660;340;0;10940;2440;945
P201064705;P201064705_4;D;10940;0;0;11840;2200;2750
P201064705;P201064705_5;E;11840;1440;0;13040;2440;2700
P201064705;P201064705_6;F;11840;0;0;13440;1200;2700
P200064703;P200064703_1;A;0;0;0;4380;2100;1395
P200064703;P200064703_2;B;4380;0;0;7660;2100;2745
P200064703;P200064703_3;C;7660;0;0;8560;2200;1650
P200064703;P200064703_4;D;8560;1240;0;10160;2440;2700
P200064703;P200064703_5;E;8560;0;0;10160;1200;2700
P200064703;P200064703_6;F;10160;0;0;11160;1200;2700
P200064703;P200064703_7;G;10160;1240;0;11760;2440;2700
P200064703;P200064703_8;H;11160;0;0;12760;1200;2700
P200064703;P200064703_9;I;11760;1240;0;13360;2440;2700
P198064701;P198064701_1;A;0;0;0;3280;2100;2745
P198064701;P198064701_2;B;3280;1840;0;5180;2440;1800
P198064701;P198064701_3;C;3280;0;0;4280;1500;145
P198064701;P198064701_4;D;4280;0;0;7100;800;1650
P198064701;P198064701_5;E;4280;800;0;5480;1800;2700
P198064701;P198064701_6;F;5480;1540;0;7680;2440;2200
P198064701;P198064701_7;G;7100;0;0;8100;1200;2700
P198064701;P198064701_8;H;7680;1240;0;8680;2440;2700
P198064701;P198064701_9;I;8100;0;0;9700;1200;2700
P198064701;P198064701_10;J;8680;1240;0;10280;2440;2700
P198064701;P198064701_11;K;9700;0;0;11300;1200;2700
P198064701;P198064701_12;L;10280;1240;0;11280;2440;2700
P198064701;P198064701_13;M;11280;1240;0;12280;2440;2700
P198064701;P198064701_14;N;11300;0;0;12900;1200;2700
P198064701;P198064701_15;O;12280;1440;0;13480;2440;2700
P194064705;P194064705_1;A;0;0;0;4380;2100;2745
P194064705;P194064705_2;B;4380;1240;0;5380;2440;2700
P194064705;P194064705_3;C;4380;0;0;5380;1200;2700
P194064705;P194064705_4;D;5380;0;0;6380;1200;2700
P194064705;P194064705_5;E;5380;1240;0;6980;2440;2700
P194064705;P194064705_6;F;6380;0;0;7980;1200;2700
P194064705;P194064705_7;G;6980;1240;0;8580;2440;2700
P194064705;P194064705_8;H;7980;0;0;9580;1200;2700
P194064705;P194064705_9;I;8580;1540;0;10780;2440;1650
P194064705;P194064705_10;J;9580;0;0;11480;600;1800
P194064705;P194064705_11;K;10780;1240;0;11780;2440;2700
P194064705;P194064705_12;L;11480;0;0;12480;1200;2700
P194064705;P194064705_13;M;11780;1240;0;13380;2440;2700
P191064701;P191064701_1;A;0;170;0;3280;2270;1395
P191064701;P191064701_2;B;3280;0;0;7660;2100;2745
P191064701;P191064701_3;C;7660;0;0;10940;2100;2745
P191064701;P191064701_4;D;10940;0;0;12540;1200;2700
P191064701;P191064701_5;E;10940;1240;0;12540;2440;2700
P191064701;P191064701_6;F;12540;0;0;13440;2200;1650
Q191064701_1;Q191064701_1_1;A;0;0;0;4380;2100;2745
Q191064701_1;Q191064701_1_2;B;4380;1240;0;5980;2440;2700
Q191064701_1;Q191064701_1_3;C;4380;0;0;5980;1200;2700
Q191064701_1;Q191064701_1_4;D;5980;0;0;7480;600;900
Q191064701_1;Q191064701_1_5;E;5980;1240;0;6980;2440;2700
Q191064701_1;Q191064701_1_6;F;6980;840;0;8180;2440;2700
Q191064701_1;Q191064701_1_7;G;7480;0;0;10300;800;1100
Q191064701_1;Q191064701_1_8;H;8180;840;0;9380;2440;2700
Q191064701_1;Q191064701_1_9;I;9380;1240;0;10380;2440;2700
Q191064701_1;Q191064701_1_10;J;10300;0;0;11300;1200;2700
Q191064701_1;Q191064701_1_11;K;10380;1240;0;11380;2440;145
Q191064701_1;Q191064701_1_12;L;11300;0;0;12900;1200;2700
Q191064701_1;Q191064701_1_13;M;11380;1240;0;12380;2440;2700
Q191064701_1;Q191064701_1_14;N;12380;1240;0;13380;2440;2700
P187064705;P187064705_1;A;0;170;0;4380;2270;495
P187064705;P187064705_2;B;4380;170;0;7660;2270;2745
P187064705;P187064705_3;C;7660;0;0;12040;2100;2745
P187064705;P187064705_4;D;12040;0;0;13240;1000;2700
P187064705;P187064705_5;E;12040;1240;0;13040;2440;2700
P186064703;P186064703_1;A;0;0;0;4380;2100;2295
P186064703;P186064703_2;B;4380;0;0;7660;2100;1845
P186064703;P186064703_3;C;7660;0;0;9260;1200;1815
P186064703;P186064703_4;D;7660;1240;0;9260;2440;2700
P186064703;P186064703_5;E;9260;1240;0;10860;2440;2700
P186064703;P186064703_6;F;9260;0;0;11460;900;1650
P186064703;P186064703_7;G;10860;1240;0;12460;2440;2700
P186064703;P186064703_8;H;11460;0;0;13060;1200;2700
P186064703;P186064703_9;I;12460;1240;0;13460;2440;2700
Q186064703_1;Q186064703_1_1;A;0;0;0;4380;2100;945
Q186064703_1;Q186064703_1_2;B;4380;1240;0;5380;2440;2700
Q186064703_1;Q186064703_1_3;C;4380;0;0;6580;900;1650
Q186064703_1;Q186064703_1_4;D;5380;1240;0;6980;2440;2700
Q186064703_1;Q186064703_1_5;E;6580;0;0;8180;1200;2700
Q186064703_1;Q186064703_1_6;F;6980;1240;0;8580;2440;2700
Q186064703_1;Q186064703_1_7;G;8180;0;0;9180;1200;2700
Q186064703_1;Q186064703_1_8;H;8580;1240;0;10180;2440;2700
Q186064703_1;Q186064703_1_9;I;9180;0;0;10180;1200;2700
Q186064703_1;Q186064703_1_10;J;10180;0;0;11780;1200;2700
Q186064703_1;Q186064703_1_11;K;10180;1240;0;11180;2440;2700
Q186064703_1;Q186064703_1_12;L;11180;1240;0;12180;2440;930
P240065101;P240065101_1;A;0;0;0;1600;800;2855
P240065101;P240065101_2;B;0;800;0;1600;1600;2855
P240065101;P240065101_3;C;0;1640;0;1600;2440;2855
P240065101;P240065101_4;D;1600;1640;0;3200;2440;2855
P240065101;P240065101_5;E;1600;0;0;3200;800;2855
P240065101;P240065101_6;F;1600;800;0;3200;1600;2855
P240065101;P240065101_7;G;3200;0;0;4800;800;2855
P240065101;P240065101_8;H;3200;800;0;6400;1600;2835
P240065101;P240065101_9;I;3200;1640;0;6400;2440;2835
P240065101;P240065101_10;J;4800;0;0;8000;800;2820
P240065101;P240065101_11;K;6400;800;0;8000;1600;2855
P240065101;P240065101_12;L;6400;1640;0;8000;2440;2855
P240065101;P240065101_13;M;8000;1640;0;9600;2440;2855
P240065101;P240065101_14;N;8000;0;0;9600;800;2855
P240065101;P240065101_15;O;8000;800;0;9600;1600;2855
P240065101;P240065101_16;P;9600;0;0;12800;800;2820
P240065101;P240065101_17;Q;9600;800;0;12800;1600;2790
P240065101;P240065101_18;R;9600;1640;0;12800;2440;1875
P207065101;P207065101_1;A;0;0;0;1000;1200;2835
P207065101;P207065101_2;B;0;1640;0;1600;2440;2855
P207065101;P207065101_3;C;1000;0;0;2600;800;2855
P207065101;P207065101_4;D;1000;800;0;2600;1600;2855
P207065101;P207065101_5;E;1600;1640;0;3200;2440;2855
P207065101;P207065101_6;F;2600;0;0;4200;800;2855
P207065101;P207065101_7;G;2600;800;0;4200;1600;2855
P207065101;P207065101_8;H;3200;1640;0;6400;2440;2835
P207065101;P207065101_9;I;4200;0;0;7400;800;2805
P207065101;P207065101_10;J;4200;800;0;5800;1600;2855
P207065101;P207065101_11;K;5800;800;0;7400;1600;2855
P207065101;P207065101_12;L;6400;1640;0;8000;2440;2855
P207065101;P207065101_13;M;7400;0;0;10600;800;2835
P207065101;P207065101_14;N;7400;800;0;10600;1600;2835
P207065101;P207065101_15;O;8000;1640;0;11200;2440;2820
P207065101;P207065101_16;P;10600;0;0;12200;800;2855
P207065101;P207065101_17;Q;10600;800;0;12200;1600;2855
P207065101;P207065101_18;R;11200;1640;0;12800;2440;2855
P205065101;P205065101_1;A;0;0;0;1600;800;2855
P205065101;P205065101_2;B;0;800;0;1600;1600;2855
P205065101;P205065101_3;C;0;1600;0;1600;2400;2855
P205065101;P205065101_4;D;1600;1640;0;3200;2440;2855
P205065101;P205065101_5;E;1600;0;0;3200;800;2855
P205065101;P205065101_6;F;1600;800;0;3200;1600;2855
P205065101;P205065101_7;G;3200;0;0;6400;800;2790
P205065101;P205065101_8;H;3200;800;0;6400;1600;2805
P205065101;P205065101_9;I;3200;1640;0;4800;2440;2855
P205065101;P205065101_10;J;4800;1640;0;6400;2440;2855
P205065101;P205065101_11;K;6400;1640;0;8000;2440;2855
P205065101;P205065101_12;L;6400;0;0;9600;800;2790
P205065101;P205065101_13;M;6400;800;0;9600;1600;2790
P205065101;P205065101_14;N;8000;1640;0;11200;2440;2835
P205065101;P205065101_15;O;9600;0;0;12800;800;2835
P205065101;P205065101_16;P;9600;800;0;12800;1600;2805
P205065101;P205065101_17;Q;11200;1640;0;12800;2440;2855
P202065101;P202065101_1;A;0;0;0;1000;1200;2835
P202065101;P202065101_2;B;0;1640;0;1600;2440;1450
P202065101;P202065101_3;C;1000;0;0;4200;800;2790
P202065101;P202065101_4;D;1000;800;0;2600;1600;2855
P202065101;P202065101_5;E;1600;1640;0;3200;2440;2855
P202065101;P202065101_6;F;2600;800;0;4200;1600;2855
P202065101;P202065101_7;G;3200;1640;0;4800;2440;2855
P202065101;P202065101_8;H;4200;0;0;5800;800;2855
P202065101;P202065101_9;I;4200;800;0;7400;1600;2790
P202065101;P202065101_10;J;4800;1640;0;8000;2440;2820
P202065101;P202065101_11;K;5800;0;0;9000;800;2790
P202065101;P202065101_12;L;7400;800;0;10600;1600;2805
P202065101;P202065101_13;M;8000;1640;0;11200;2440;2835
P202065101;P202065101_14;N;9000;0;0;10600;800;2855
P202065101;P202065101_15;O;10600;0;0;12200;800;2855
P202065101;P202065101_16;P;10600;800;0;12200;1600;1450
P201065103;P201065103_1;A;0;0;0;1600;800;2855
P201065103;P201065103_2;B;0;800;0;1600;1600;2855
P201065103;P201065103_3;C;0;1600;0;1600;2400;2855
P201065103;P201065103_4;D;1600;1640;0;3200;2440;2855
P201065103;P201065103_5;E;1600;0;0;3200;800;2855
P201065103;P201065103_6;F;1600;800;0;3200;1600;2855
P201065103;P201065103_7;G;3200;0;0;4800;800;2855
P201065103;P201065103_8;H;3200;800;0;4800;1600;2855
P201065103;P201065103_9;I;3200;1640;0;4800;2440;2855
P201065103;P201065103_10;J;4800;1640;0;6400;2440;2855
P201065103;P201065103_11;K;4800;0;0;6400;800;2855
P201065103;P201065103_12;L;4800;800;0;6400;1600;2855
P201065103;P201065103_13;M;6400;0;0;8000;800;2855
P201065103;P201065103_14;N;6400;800;0;8000;1600;1450
P201065103;P201065103_15;O;8000;1240;0;9000;2440;975
P201065103;P201065103_16;P;8000;0;0;9010;1206;2895
P201065103;P201065103_17;Q;9000;1234;0;10010;2440;2370
P201065103;P201065103_18;R;9010;0;0;10020;1206;2370
P201065103;P201065103_19;S;10010;1234;0;11020;2440;2370
P201065103;P201065103_20;T;10020;0;0;11030;1206;1540
P201065103;P201065103_21;U;11020;1234;0;12030;2440;2370
P201065103;P201065103_22;V;11030;0;0;12040;1206;2370
P200065101;P200065101_1;A;0;0;0;1600;800;2855
P200065101;P200065101_2;B;0;800;0;1600;1600;2855
P200065101;P200065101_3;C;0;1600;0;1600;2400;2855
P200065101;P200065101_4;D;1600;1640;0;3200;2440;2855
P200065101;P200065101_5;E;1600;0;0;4800;800;2835
P200065101;P200065101_6;F;1600;800;0;4800;1600;2835
P200065101;P200065101_7;G;3200;1640;0;6400;2440;2820
P200065101;P200065101_8;H;4800;0;0;6400;800;2855
P200065101;P200065101_9;I;4800;800;0;6400;1600;2855
P200065101;P200065101_10;J;6400;1640;0;9600;2440;2790
P200065101;P200065101_11;K;6400;0;0;9600;800;2790
P200065101;P200065101_12;L;6400;800;0;9600;1600;1875
P200065101;P200065101_13;M;9600;0;0;11200;800;2855
P200065101;P200065101_14;N;9600;800;0;11200;1600;2855
P200065101;P200065101_15;O;9600;1640;0;11200;2440;2855
P200065101;P200065101_16;P;11200;1640;0;12800;2440;2855
P200065101;P200065101_17;Q;11200;0;0;12800;800;1450
P198065101;P198065101_1;A;0;0;0;1000;1200;975
P198065101;P198065101_2;B;0;1640;0;1600;2440;2855
P198065101;P198065101_3;C;1000;0;0;2600;800;2855
P198065101;P198065101_4;D;1000;800;0;2600;1600;2855
P198065101;P198065101_5;E;1600;1640;0;3200;2440;2855
P198065101;P198065101_6;F;2600;0;0;4200;800;2855
P198065101;P198065101_7;G;2600;800;0;4200;1600;2855
P198065101;P198065101_8;H;3200;1640;0;4800;2440;2855
P198065101;P198065101_9;I;4200;0;0;5800;800;1450
P198065101;P198065101_10;J;4200;800;0;7400;1600;2790
P198065101;P198065101_11;K;4800;1640;0;8000;2440;2790
P198065101;P198065101_12;L;5800;0;0;9000;800;2820
P198065101;P198065101_13;M;7400;800;0;10600;1600;2835
P198065101;P198065101_14;N;8000;1640;0;11200;2440;2835
P198065101;P198065101_15;O;9000;0;0;10600;800;2855
P198065101;P198065101_16;P;10600;0;0;12200;800;2855
P198065101;P198065101_17;Q;10600;800;0;12200;1600;2855
P198065101;P198065101_18;R;11200;1640;0;12800;2440;2855
P193065101;P193065101_1;A;0;1640;0;1600;2440;2855
P193065101;P193065101_2;B;0;0;0;1600;800;2855
P193065101;P193065101_3;C;0;800;0;1600;1600;2855
P193065101;P193065101_4;D;1600;0;0;3200;800;2855
P193065101;P193065101_5;E;1600;800;0;3200;1600;2855
P193065101;P193065101_6;F;1600;1640;0;4800;2440;2820
P193065101;P193065101_7;G;3200;0;0;6400;800;2805
P193065101;P193065101_8;H;3200;800;0;4800;1600;2855
P193065101;P193065101_9;I;4800;800;0;6400;1600;2855
P193065101;P193065101_10;J;4800;1640;0;6400;2440;2855
P193065101;P193065101_11;K;6400;1640;0;9600;2440;2820
P193065101;P193065101_12;L;6400;0;0;9600;800;2835
P193065101;P193065101_13;M;6400;800;0;9600;1600;2835
P193065101;P193065101_14;N;9600;0;0;12800;800;2805
P193065101;P193065101_15;O;9600;800;0;11200;1600;2855
P193065101;P193065101_16;P;9600;1640;0;11200;2440;2855
P193065101;P193065101_17;Q;11200;800;0;12800;1600;2855
P193065101;P193065101_18;R;11200;1640;0;12800;2440;2855
P191065101;P191065101_1;A;0;1240;0;1000;2440;2835
P191065101;P191065101_2;B;0;0;0;1600;800;2855
P191065101;P191065101_3;C;1000;800;0;2600;1600;2855
P191065101;P191065101_4;D;1000;1600;0;2600;2400;2855
P191065101;P191065101_5;E;1600;0;0;3200;800;2855
P191065101;P191065101_6;F;2600;1640;0;4200;2440;2855
P191065101;P191065101_7;G;2600;800;0;5800;1600;2790
P191065101;P191065101_8;H;3200;0;0;6400;800;2820
P191065101;P191065101_9;I;4200;1600;0;5800;2400;2855
P191065101;P191065101_10;J;5800;1640;0;9000;2440;2835
P191065101;P191065101_11;K;5800;800;0;9000;1600;2835
P191065101;P191065101_12;L;6400;0;0;9600;800;2835
P191065101;P191065101_13;M;9000;800;0;12200;1600;2805
P191065101;P191065101_14;N;9000;1600;0;10600;2400;2855
P191065101;P191065101_15;O;9600;0;0;11200;800;2855
P191065101;P191065101_16;P;10600;1640;0;12200;2440;2855
P191065101;P191065101_17;Q;11200;0;0;12800;800;2855
P188065101;P188065101_1;A;0;0;0;1600;800;2855
P188065101;P188065101_2;B;0;800;0;1600;1600;2855
P188065101;P188065101_3;C;0;1640;0;1600;2440;2855
P188065101;P188065101_4;D;1600;1640;0;3200;2440;2855
P188065101;P188065101_5;E;1600;0;0;2600;1200;975
P188065101;P188065101_6;F;2600;0;0;5800;800;2790
P188065101;P188065101_7;G;2600;800;0;4200;1600;2855
P188065101;P188065101_8;H;3200;1640;0;4800;2440;2855
P188065101;P188065101_9;I;4200;800;0;7400;1600;2790
P188065101;P188065101_10;J;4800;1640;0;8000;2440;2820
P188065101;P188065101_11;K;5800;0;0;9000;800;2835
P188065101;P188065101_12;L;7400;800;0;10600;1600;2790
P188065101;P188065101_13;M;8000;1640;0;11200;2440;2790
P188065101;P188065101_14;N;9000;0;0;10600;800;2855
P188065101;P188065101_15;O;10600;0;0;12200;800;2855
P188065101;P188065101_16;P;10600;800;0;12200;1600;1450
P187065103;P187065103_1;A;0;1640;0;1600;2440;2855
P187065103;P187065103_2;B;0;0;0;1600;800;2855
P187065103;P187065103_3;C;0;800;0;1600;1600;2855
P187065103;P187065103_4;D;1600;0;0;3200;800;2855
P187065103;P187065103_5;E;1600;800;0;3200;1600;2855
P187065103;P187065103_6;F;1600;1640;0;3200;2440;2855
P187065103;P187065103_7;G;3200;1640;0;4800;2440;2855
P187065103;P187065103_8;H;3200;0;0;4800;800;2855
P187065103;P187065103_9;I;3200;800;0;4800;1600;2855
P187065103;P187065103_10;J;4800;0;0;5800;1200;975
P187065103;P187065103_11;K;4800;1640;0;6400;2440;2855
P187065103;P187065103_12;L;5800;0;0;7400;800;2855
P187065103;P187065103_13;M;5800;800;0;7400;1600;1450
P187065103;P187065103_14;N;7400;1234;0;8410;2440;2510
P187065103;P187065103_15;O;7400;0;0;8410;1206;2370
P187065103;P187065103_16;P;8410;0;0;9420;1206;2370
P187065103;P187065103_17;Q;8410;1234;0;9420;2440;2370
P187065103;P187065103_18;R;9420;1234;0;10430;2440;1925
P187065103;P187065103_19;S;9420;0;0;10430;1206;2370
P187065103;P187065103_20;T;10430;0;0;11440;1206;2370
P187065103;P187065103_21;U;10430;1234;0;11440;2440;1185
P186065101;P186065101_1;A;0;0;0;1600;800;2855
P186065101;P186065101_2;B;0;800;0;1600;1600;2855
P186065101;P186065101_3;C;0;1600;0;1600;2400;2855
P186065101;P186065101_4;D;1600;1640;0;3200;2440;1450
P186065101;P186065101_5;E;1600;0;0;3200;800;2855
P186065101;P186065101_6;F;1600;800;0;3200;1600;2855
P186065101;P186065101_7;G;3200;1640;0;4800;2440;2855
P186065101;P186065101_8;H;3200;0;0;4800;800;2855
P186065101;P186065101_9;I;3200;800;0;4800;1600;2855
P186065101;P186065101_10;J;4800;0;0;8000;800;2820
P186065101;P186065101_11;K;4800;800;0;8000;1600;2835
P186065101;P186065101_12;L;4800;1640;0;6400;2440;2855
P186065101;P186065101_13;M;6400;1640;0;9600;2440;2835
P186065101;P186065101_14;N;8000;0;0;11200;800;2820
P186065101;P186065101_15;O;8000;800;0;11200;1600;2790
P186065101;P186065101_16;P;9600;1640;0;12800;2440;2790
P186065101;P186065101_17;Q;11200;0;0;12800;800;2855
P184065101;P184065101_1;A;0;0;0;1600;800;2855
P184065101;P184065101_2;B;0;800;0;1600;1600;2855
P184065101;P184065101_3;C;0;1600;0;1600;2400;2855
P184065101;P184065101_4;D;1600;1640;0;3200;2440;2855
P184065101;P184065101_5;E;1600;0;0;3200;800;2855
P184065101;P184065101_6;F;1600;800;0;3200;1600;1450
P184065101;P184065101_7;G;3200;1240;0;4200;2440;975
P184065101;P184065101_8;H;3200;0;0;6400;800;2835
P184065101;P184065101_9;I;4200;800;0;7400;1600;2835
P184065101;P184065101_10;J;4200;1640;0;7400;2440;2790
P184065101;P184065101_11;K;6400;0;0;9600;800;2790
P184065101;P184065101_12;L;7400;800;0;10600;1600;1890
P184065101;P184065101_13;M;7400;1640;0;9000;2440;2855
P184065101;P184065101_14;N;9000;1640;0;10600;2440;2855
P184065101;P184065101_15;O;9600;0;0;11200;800;1450
Q184065101_1;Q184065101_1_1;A;0;0;0;1600;800;2855
Q184065101_1;Q184065101_1_2;B;0;800;0;1600;1600;1450
P210062001;P210062001_1;A;0;0;0;1600;1200;2865
P210062001;P210062001_2;B;0;1240;0;1600;2440;2865
P210062001;P210062001_3;C;1600;1240;0;3200;2440;2865
P210062001;P210062001_4;D;1600;0;0;3200;1200;2865
P210062001;P210062001_5;E;3200;0;0;4800;1200;2865
P210062001;P210062001_6;F;3200;1240;0;4800;2440;2865
P210062001;P210062001_7;G;4800;1240;0;6400;2440;2865
P210062001;P210062001_8;H;4800;0;0;6400;1200;2865
P210062001;P210062001_9;I;6400;0;0;8000;1200;2865
P210062001;P210062001_10;J;6400;1240;0;8000;2440;2865
P210062001;P210062001_11;K;8000;1240;0;9600;2440;2865
P210062001;P210062001_12;L;8000;0;0;9600;1200;2865
P210062001;P210062001_13;M;9600;0;0;11200;1200;2865
P210062001;P210062001_14;N;9600;1240;0;11200;2440;2865
P210062001;P210062001_15;O;11200;1240;0;12800;2440;2865
P210062001;P210062001_16;P;11200;0;0;12800;1200;2865
P209062001;P209062001_1;A;0;0;0;1600;1200;2865
P209062001;P209062001_2;B;0;1240;0;1600;2440;2865
P209062001;P209062001_3;C;1600;1240;0;3200;2440;2865
P209062001;P209062001_4;D;1600;0;0;3200;1200;2865
P209062001;P209062001_5;E;3200;0;0;4800;1200;2865
P209062001;P209062001_6;F;3200;1240;0;4800;2440;2865
P209062001;P209062001_7;G;4800;1240;0;6400;2440;2865
P209062001;P209062001_8;H;4800;0;0;6400;1200;2865
P209062001;P209062001_9;I;6400;0;0;8000;1200;2865
P209062001;P209062001_10;J;6400;1240;0;8000;2440;2865
P209062001;P209062001_11;K;8000;1240;0;9600;2440;2865
P209062001;P209062001_12;L;8000;0;0;9600;1200;2865
P209062001;P209062001_13;M;9600;0;0;11200;1200;2865
P209062001;P209062001_14;N;9600;1240;0;11200;2440;2865
P209062001;P209062001_15;O;11200;1240;0;12800;2440;2865
P209062001;P209062001_16;P;11200;0;0;12800;1200;2865
P208062001;P208062001_1;A;0;0;0;1600;1200;2865
P208062001;P208062001_2;B;0;1240;0;1600;2440;2865
P208062001;P208062001_3;C;1600;1240;0;3200;2440;2865
P208062001;P208062001_4;D;1600;0;0;3200;1200;2865
P208062001;P208062001_5;E;3200;0;0;4800;1200;2865
P208062001;P208062001_6;F;3200;1240;0;4800;2440;2865
P208062001;P208062001_7;G;4800;1240;0;6400;2440;2865
P208062001;P208062001_8;H;4800;0;0;6400;1200;2865
P208062001;P208062001_9;I;6400;0;0;8000;1200;2865
P208062001;P208062001_10;J;6400;1240;0;8000;2440;2865
P208062001;P208062001_11;K;8000;1240;0;9600;2440;2865
P208062001;P208062001_12;L;8000;0;0;9600;1200;2865
P208062001;P208062001_13;M;9600;0;0;11200;1200;2865
P208062001;P208062001_14;N;9600;1240;0;11200;2440;2865
P208062001;P208062001_15;O;11200;1240;0;12800;2440;2865
P208062001;P208062001_16;P;11200;0;0;12800;1200;2865
P207062001;P207062001_1;A;0;0;0;1600;1200;2865
P207062001;P207062001_2;B;0;1240;0;1600;2440;2865
P207062001;P207062001_3;C;1600;1240;0;3200;2440;2865
P207062001;P207062001_4;D;1600;0;0;3200;1200;2865
P207062001;P207062001_5;E;3200;0;0;4800;1200;2865
P207062001;P207062001_6;F;3200;1240;0;4800;2440;2865
P207062001;P207062001_7;G;4800;1240;0;6400;2440;2865
P207062001;P207062001_8;H;4800;0;0;6400;1200;2865
P207062001;P207062001_9;I;6400;0;0;8000;1200;2865
P207062001;P207062001_10;J;6400;1240;0;8000;2440;2865
P207062001;P207062001_11;K;8000;1240;0;9600;2440;2865
P207062001;P207062001_12;L;8000;0;0;9600;1200;2865
P207062001;P207062001_13;M;9600;0;0;11200;1200;2865
P207062001;P207062001_14;N;9600;1240;0;11200;2440;2865
P207062001;P207062001_15;O;11200;1240;0;12800;2440;2865
P207062001;P207062001_16;P;11200;0;0;12800;1200;2865
P206062003;P206062003_1;A;0;0;0;1600;1200;2865
P206062003;P206062003_2;B;0;1240;0;1600;2440;2865
P206062003;P206062003_3;C;1600;1240;0;3200;2440;2865
P206062003;P206062003_4;D;1600;0;0;3200;1200;2865
P206062003;P206062003_5;E;3200;0;0;4800;1200;2865
P206062003;P206062003_6;F;3200;1240;0;4800;2440;2865
P206062003;P206062003_7;G;4800;1240;0;6400;2440;2865
P206062003;P206062003_8;H;4800;0;0;6400;1200;2865
P206062003;P206062003_9;I;6400;0;0;8000;1200;2865
P206062003;P206062003_10;J;6400;1240;0;8000;2440;2865
P206062003;P206062003_11;K;8000;1240;0;9600;2440;2865
P206062003;P206062003_12;L;8000;0;0;9600;1200;2865
P206062003;P206062003_13;M;9600;0;0;11200;1200;2865
P206062003;P206062003_14;N;9600;1240;0;11200;2440;2865
P206062003;P206062003_15;O;11200;1240;0;12800;2440;2865
P206062003;P206062003_16;P;11200;0;0;12800;1200;2865
P206062001;P206062001_1;A;0;0;0;1600;1200;2865
P206062001;P206062001_2;B;0;1240;0;1600;2440;2865
P206062001;P206062001_3;C;1600;1240;0;3200;2440;2865
P206062001;P206062001_4;D;1600;0;0;3200;1200;2865
P206062001;P206062001_5;E;3200;0;0;4800;1200;2865
P206062001;P206062001_6;F;3200;1240;0;4800;2440;2865
P206062001;P206062001_7;G;4800;1240;0;6400;2440;2865
P206062001;P206062001_8;H;4800;0;0;6400;1200;2865
P206062001;P206062001_9;I;6400;0;0;8000;1200;2865
P206062001;P206062001_10;J;6400;1240;0;8000;2440;2865
P206062001;P206062001_11;K;8000;1240;0;9600;2440;2865
P206062001;P206062001_12;L;8000;0;0;9600;1200;2865
P206062001;P206062001_13;M;9600;0;0;11200;1200;2865
P206062001;P206062001_14;N;9600;1240;0;11200;2440;2865
P206062001;P206062001_15;O;11200;1240;0;12800;2440;2865
P206062001;P206062001_16;P;11200;0;0;12800;1200;2865
P203062001;P203062001_1;A;0;0;0;1600;1200;2865
P203062001;P203062001_2;B;0;1200;0;1600;2400;2865
P203062001;P203062001_3;C;1600;1240;0;3200;2440;2865
P203062001;P203062001_4;D;1600;0;0;3200;1200;2865
P203062001;P203062001_5;E;3200;0;0;4800;1200;2865
P203062001;P203062001_6;F;3200;1200;0;4800;2400;2865
P203062001;P203062001_7;G;4800;1240;0;6400;2440;2865
P203062001;P203062001_8;H;4800;0;0;6400;1200;2865
P203062001;P203062001_9;I;6400;1240;0;8000;2440;2865
P203062001;P203062001_10;J;6400;0;0;8000;1200;2865
P203062001;P203062001_11;K;8000;0;0;9600;1200;2865
P203062001;P203062001_12;L;8000;1240;0;9600;2440;2865
P203062001;P203062001_13;M;9600;1240;0;11200;2440;2865
P203062001;P203062001_14;N;9600;0;0;11200;1200;2865
P203062001;P203062001_15;O;11200;0;0;12800;1200;2865
P203062001;P203062001_16;P;11200;1240;0;12800;2440;2865
P202062003;P202062003_1;A;0;0;0;1600;1200;2865
P202062003;P202062003_2;B;0;1200;0;1600;2400;2865
P202062003;P202062003_3;C;1600;1240;0;3200;2440;2865
P202062003;P202062003_4;D;1600;0;0;3200;1200;2865
P202062003;P202062003_5;E;3200;0;0;4800;1200;2865
P202062003;P202062003_6;F;3200;1200;0;4800;2400;2865
P202062003;P202062003_7;G;4800;1240;0;6400;2440;2865
P202062003;P202062003_8;H;4800;0;0;6400;1200;2865
P202062003;P202062003_9;I;6400;0;0;8000;1200;2865
P202062003;P202062003_10;J;6400;1240;0;8000;2440;2865
P202062003;P202062003_11;K;8000;1240;0;9600;2440;2865
P202062003;P202062003_12;L;8000;0;0;9600;1200;2865
P202062003;P202062003_13;M;9600;0;0;11200;1200;2865
P202062003;P202062003_14;N;9600;1240;0;11200;2440;2865
P202062003;P202062003_15;O;11200;1240;0;12800;2440;2865
P202062003;P202062003_16;P;11200;0;0;12800;1200;2865
P202062001;P202062001_1;A;0;0;0;1600;1200;2865
P202062001;P202062001_2;B;0;1240;0;1600;2440;2865
P202062001;P202062001_3;C;1600;1240;0;3200;2440;2865
P202062001;P202062001_4;D;1600;0;0;3200;1200;2865
P202062001;P202062001_5;E;3200;0;0;4800;1200;2865
P202062001;P202062001_6;F;3200;1240;0;4800;2440;2865
P202062001;P202062001_7;G;4800;1240;0;6400;2440;2865
P202062001;P202062001_8;H;4800;0;0;6400;1200;2865
P202062001;P202062001_9;I;6400;0;0;8000;1200;2865
P202062001;P202062001_10;J;6400;1240;0;8000;2440;2865
P202062001;P202062001_11;K;8000;1240;0;9600;2440;2865
P202062001;P202062001_12;L;8000;0;0;9600;1200;2865
P202062001;P202062001_13;M;9600;0;0;11200;1200;2865
P202062001;P202062001_14;N;9600;1240;0;11200;2440;2865
P202062001;P202062001_15;O;11200;1240;0;12800;2440;2865
P202062001;P202062001_16;P;11200;0;0;12800;1200;2865
P201062003;P201062003_1;A;0;0;0;1600;1200;2865
P201062003;P201062003_2;B;0;1240;0;1600;2440;2865
P201062003;P201062003_3;C;1600;1240;0;3200;2440;2865
P201062003;P201062003_4;D;1600;0;0;3200;1200;2865
P201062003;P201062003_5;E;3200;0;0;4800;1200;2865
P201062003;P201062003_6;F;3200;1240;0;4800;2440;2865
P201062003;P201062003_7;G;4800;1240;0;6400;2440;2865
P201062003;P201062003_8;H;4800;0;0;6400;1200;2865
P201062003;P201062003_9;I;6400;0;0;8000;1200;2865
P201062003;P201062003_10;J;6400;1240;0;8000;2440;2865
P201062003;P201062003_11;K;8000;1240;0;9600;2440;2865
P201062003;P201062003_12;L;8000;0;0;9600;1200;2865
P201062003;P201062003_13;M;9600;0;0;11200;1200;2865
P201062003;P201062003_14;N;9600;1240;0;11200;2440;2865
P201062003;P201062003_15;O;11200;1240;0;12800;2440;2865
P201062003;P201062003_16;P;11200;0;0;12800;1200;2865
P201062001;P201062001_1;A;0;0;0;1600;1200;2865
P201062001;P201062001_2;B;0;1240;0;1600;2440;2865
P201062001;P201062001_3;C;1600;1240;0;3200;2440;2865
P201062001;P201062001_4;D;1600;0;0;3200;1200;2865
P201062001;P201062001_5;E;3200;0;0;4800;1200;2865
P201062001;P201062001_6;F;3200;1240;0;4800;2440;2865
P201062001;P201062001_7;G;4800;1240;0;6400;2440;2865
P201062001;P201062001_8;H;4800;0;0;6400;1200;2865
P201062001;P201062001_9;I;6400;0;0;8000;1200;2865
P201062001;P201062001_10;J;6400;1240;0;8000;2440;2865
P201062001;P201062001_11;K;8000;1240;0;9600;2440;2865
P201062001;P201062001_12;L;8000;0;0;9600;1200;2865
P201062001;P201062001_13;M;9600;0;0;11200;1200;2865
P201062001;P201062001_14;N;9600;1240;0;11200;2440;2865
P201062001;P201062001_15;O;11200;1240;0;12800;2440;2865
P201062001;P201062001_16;P;11200;0;0;12800;1200;2865
P200062001;P200062001_1;A;0;0;0;1600;1200;2865
P200062001;P200062001_2;B;0;1240;0;1600;2440;2865
P200062001;P200062001_3;C;1600;1240;0;3200;2440;2865
P200062001;P200062001_4;D;1600;0;0;3200;1200;2865
P200062001;P200062001_5;E;3200;0;0;4800;1200;2865
P200062001;P200062001_6;F;3200;1240;0;4800;2440;2865
P200062001;P200062001_7;G;4800;1240;0;6400;2440;2865
P200062001;P200062001_8;H;4800;0;0;6400;1200;2865
P200062001;P200062001_9;I;6400;0;0;8000;1200;2865
P200062001;P200062001_10;J;6400;1240;0;8000;2440;2865
P200062001;P200062001_11;K;8000;1240;0;9600;2440;2865
P200062001;P200062001_12;L;8000;0;0;9600;1200;2865
P200062001;P200062001_13;M;9600;0;0;11200;1200;2865
P200062001;P200062001_14;N;9600;1240;0;11200;2440;2865
P200062001;P200062001_15;O;11200;1240;0;12800;2440;2865
P200062001;P200062001_16;P;11200;0;0;12800;1200;2865
P199062003;P199062003_1;A;0;0;0;1600;1200;2865
P199062003;P199062003_2;B;0;1240;0;1600;2440;2865
P199062003;P199062003_3;C;1600;1240;0;3200;2440;2865
P199062003;P199062003_4;D;1600;0;0;3200;1200;2865
P199062003;P199062003_5;E;3200;0;0;4800;1200;2865
P199062003;P199062003_6;F;3200;1240;0;4800;2440;2865
P199062003;P199062003_7;G;4800;1240;0;6400;2440;2865
P199062003;P199062003_8;H;4800;0;0;6400;1200;2865
P199062003;P199062003_9;I;6400;0;0;8000;1200;2865
P199062003;P199062003_10;J;6400;1240;0;8000;2440;2865
P199062003;P199062003_11;K;8000;1240;0;9600;2440;2865
P199062003;P199062003_12;L;8000;0;0;9600;1200;2865
P199062003;P199062003_13;M;9600;0;0;11200;1200;2865
P199062003;P199062003_14;N;9600;1240;0;11200;2440;2865
P199062003;P199062003_15;O;11200;1240;0;12800;2440;2865
P199062003;P199062003_16;P;11200;0;0;12800;1200;2865
P199062001;P199062001_1;A;0;0;0;1600;1200;2865
P199062001;P199062001_2;B;0;1240;0;1600;2440;2865
P199062001;P199062001_3;C;1600;1240;0;3200;2440;2865
P199062001;P199062001_4;D;1600;0;0;3200;1200;2865
P199062001;P199062001_5;E;3200;0;0;4800;1200;2865
P199062001;P199062001_6;F;3200;1240;0;4800;2440;2865
P199062001;P199062001_7;G;4800;1240;0;6400;2440;2865
P199062001;P199062001_8;H;4800;0;0;6400;1200;2865
P199062001;P199062001_9;I;6400;0;0;8000;1200;2865
P199062001;P199062001_10;J;6400;1240;0;8000;2440;2865
P199062001;P199062001_11;K;8000;1240;0;9600;2440;2865
P199062001;P199062001_12;L;8000;0;0;9600;1200;2865
P199062001;P199062001_13;M;9600;0;0;11200;1200;2865
P199062001;P199062001_14;N;9600;1240;0;11200;2440;2865
P199062001;P199062001_15;O;11200;1240;0;12800;2440;2865
P199062001;P199062001_16;P;11200;0;0;12800;1200;2865
P194062003;P194062003_1;A;0;0;0;1600;1200;2865
P194062003;P194062003_2;B;0;1240;0;1600;2440;2865
P194062003;P194062003_3;C;1600;1240;0;3200;2440;2865
P194062003;P194062003_4;D;1600;0;0;3200;1200;2865
P194062003;P194062003_5;E;3200;0;0;4800;1200;2865
P194062003;P194062003_6;F;3200;1240;0;4800;2440;2865
P194062003;P194062003_7;G;4800;1240;0;6400;2440;2865
P194062003;P194062003_8;H;4800;0;0;6400;1200;2865
P194062003;P194062003_9;I;6400;0;0;8000;1200;2865
P194062003;P194062003_10;J;6400;1240;0;8000;2440;2865
P194062003;P194062003_11;K;8000;1240;0;9600;2440;2865
P194062003;P194062003_12;L;8000;0;0;9600;1200;2865
P194062003;P194062003_13;M;9600;0;0;11200;1200;2865
P194062003;P194062003_14;N;9600;1240;0;11200;2440;2865
P194062003;P194062003_15;O;11200;1240;0;12800;2440;2865
P194062003;P194062003_16;P;11200;0;0;12800;1200;2865
P194062001;P194062001_1;A;0;0;0;1600;1200;2865
P194062001;P194062001_2;B;0;1240;0;1600;2440;2865
P194062001;P194062001_3;C;1600;1240;0;3200;2440;2865
P194062001;P194062001_4;D;1600;0;0;3200;1200;2865
P194062001;P194062001_5;E;3200;0;0;4800;1200;2865
P194062001;P194062001_6;F;3200;1240;0;4800;2440;2865
P194062001;P194062001_7;G;4800;1240;0;6400;2440;2865
P194062001;P194062001_8;H;4800;0;0;6400;1200;2865
P194062001;P194062001_9;I;6400;0;0;8000;1200;2865
P194062001;P194062001_10;J;6400;1240;0;8000;2440;2865
P194062001;P194062001_11;K;8000;1240;0;9600;2440;2865
P194062001;P194062001_12;L;8000;0;0;9600;1200;2865
P194062001;P194062001_13;M;9600;0;0;11200;1200;2865
P194062001;P194062001_14;N;9600;1240;0;11200;2440;2865
P194062001;P194062001_15;O;11200;1240;0;12800;2440;2865
P194062001;P194062001_16;P;11200;0;0;12800;1200;2865
Q194062001_1;Q194062001_1_1;A;0;0;0;1600;1200;2865
Q194062001_1;Q194062001_1_2;B;0;1240;0;1600;2440;2865
Q194062001_1;Q194062001_1_3;C;1600;1240;0;3200;2440;2865
Q194062001_1;Q194062001_1_4;D;1600;0;0;3200;1200;2865
Q194062001_1;Q194062001_1_5;E;3200;0;0;4800;1200;2865
Q194062001_1;Q194062001_1_6;F;3200;1240;0;4800;2440;2865
Q194062001_1;Q194062001_1_7;G;4800;1240;0;6400;2440;2865
Q194062001_1;Q194062001_1_8;H;4800;0;0;6400;1200;2865
Q194062001_1;Q194062001_1_9;I;6400;0;0;8000;1200;2865
Q194062001_1;Q194062001_1_10;J;6400;1240;0;8000;2440;2865
Q194062001_1;Q194062001_1_11;K;8000;1240;0;9600;2440;2865
Q194062001_1;Q194062001_1_12;L;8000;0;0;9600;1200;2865
Q194062001_1;Q194062001_1_13;M;9600;0;0;11200;1200;2865
Q194062001_1;Q194062001_1_14;N;9600;1240;0;11200;2440;2865
Q194062001_1;Q194062001_1_15;O;11200;1240;0;12800;2440;2865
Q194062001_1;Q194062001_1_16;P;11200;0;0;12800;1200;2865
P193062001;P193062001_1;A;0;0;0;1600;1200;2865
P193062001;P193062001_2;B;0;1240;0;1600;2440;2865
P193062001;P193062001_3;C;1600;1240;0;3200;2440;2865
P193062001;P193062001_4;D;1600;0;0;3200;1200;2865
P193062001;P193062001_5;E;3200;0;0;4800;1200;2865
P193062001;P193062001_6;F;3200;1240;0;4800;2440;2865
P193062001;P193062001_7;G;4800;1240;0;6400;2440;2865
P193062001;P193062001_8;H;4800;0;0;6400;1200;2865
P193062001;P193062001_9;I;6400;0;0;8000;1200;2865
P193062001;P193062001_10;J;6400;1240;0;8000;2440;2865
P193062001;P193062001_11;K;8000;1240;0;9600;2440;2865
P193062001;P193062001_12;L;8000;0;0;9600;1200;2865
P193062001;P193062001_13;M;9600;0;0;11200;1200;2865
P193062001;P193062001_14;N;9600;1240;0;11200;2440;2865
P193062001;P193062001_15;O;11200;1240;0;12800;2440;2865
P193062001;P193062001_16;P;11200;0;0;12800;1200;2865
P192062003;P192062003_1;A;0;0;0;1600;1200;2865
P192062003;P192062003_2;B;0;1240;0;1600;2440;2865
P192062003;P192062003_3;C;1600;1240;0;3200;2440;2865
P192062003;P192062003_4;D;1600;0;0;3200;1200;2865
P192062003;P192062003_5;E;3200;0;0;4800;1200;2865
P192062003;P192062003_6;F;3200;1240;0;4800;2440;2865
P192062003;P192062003_7;G;4800;1240;0;6400;2440;2865
P192062003;P192062003_8;H;4800;0;0;6400;1200;2865
P192062003;P192062003_9;I;6400;0;0;8000;1200;2865
P192062003;P192062003_10;J;6400;1240;0;8000;2440;2865
P192062003;P192062003_11;K;8000;1240;0;9600;2440;2865
P192062003;P192062003_12;L;8000;0;0;9600;1200;2865
P192062003;P192062003_13;M;9600;0;0;11200;1200;2865
P192062003;P192062003_14;N;9600;1240;0;11200;2440;2865
P192062003;P192062003_15;O;11200;1240;0;12800;2440;2865
P192062003;P192062003_16;P;11200;0;0;12800;1200;2865
P192062001;P192062001_1;A;0;0;0;1600;1200;2865
P192062001;P192062001_2;B;0;1240;0;1600;2440;2865
P192062001;P192062001_3;C;1600;1240;0;3200;2440;2865
P192062001;P192062001_4;D;1600;0;0;3200;1200;2865
P192062001;P192062001_5;E;3200;0;0;4800;1200;2865
P192062001;P192062001_6;F;3200;1240;0;4800;2440;2865
P192062001;P192062001_7;G;4800;1240;0;6400;2440;2865
P192062001;P192062001_8;H;4800;0;0;6400;1200;2865
P192062001;P192062001_9;I;6400;0;0;8000;1200;2865
P192062001;P192062001_10;J;6400;1240;0;8000;2440;2865
P192062001;P192062001_11;K;8000;1240;0;9600;2440;2865
P192062001;P192062001_12;L;8000;0;0;9600;1200;2865
P192062001;P192062001_13;M;9600;0;0;11200;1200;2865
P192062001;P192062001_14;N;9600;1240;0;11200;2440;2865
P192062001;P192062001_15;O;11200;1240;0;12800;2440;2865
P192062001;P192062001_16;P;11200;0;0;12800;1200;2865
P189062001;P189062001_1;A;0;0;0;1600;1200;2865
P189062001;P189062001_2;B;0;1240;0;1600;2440;2865
P189062001;P189062001_3;C;1600;1240;0;3200;2440;2865
P189062001;P189062001_4;D;1600;0;0;3200;1200;2865
P189062001;P189062001_5;E;3200;0;0;4800;1200;2865
P189062001;P189062001_6;F;3200;1240;0;4800;2440;2865
P189062001;P189062001_7;G;4800;1240;0;6400;2440;2865
P189062001;P189062001_8;H;4800;0;0;6400;1200;2865
P189062001;P189062001_9;I;6400;0;0;8000;1200;2865
P189062001;P189062001_10;J;6400;1240;0;8000;2440;2865
P189062001;P189062001_11;K;8000;1240;0;9600;2440;2865
P189062001;P189062001_12;L;8000;0;0;9600;1200;2865
P189062001;P189062001_13;M;9600;0;0;11200;1200;2865
P189062001;P189062001_14;N;9600;1240;0;11200;2440;2865
P189062001;P189062001_15;O;11200;1240;0;12800;2440;2865
P189062001;P189062001_16;P;11200;0;0;12800;1200;2865
Q189062001_1;Q189062001_1_1;A;0;0;0;1600;1200;2865
Q189062001_1;Q189062001_1_2;B;0;1240;0;1600;2440;2865
Q189062001_1;Q189062001_1_3;C;1600;1240;0;3200;2440;2865
Q189062001_1;Q189062001_1_4;D;1600;0;0;3200;1200;2865
Q189062001_1;Q189062001_1_5;E;3200;0;0;4800;1200;2865
Q189062001_1;Q189062001_1_6;F;3200;1240;0;4800;2440;2865
Q189062001_1;Q189062001_1_7;G;4800;1240;0;6400;2440;2865
Q189062001_1;Q189062001_1_8;H;4800;0;0;6400;1200;2865
Q189062001_1;Q189062001_1_9;I;6400;0;0;8000;1200;2865
Q189062001_1;Q189062001_1_10;J;6400;1240;0;8000;2440;2865
Q189062001_1;Q189062001_1_11;K;8000;1240;0;9600;2440;2865
Q189062001_1;Q189062001_1_12;L;8000;0;0;9600;1200;2865
Q189062001_1;Q189062001_1_13;M;9600;0;0;11200;1200;2865
Q189062001_1;Q189062001_1_14;N;9600;1240;0;11200;2440;2865
Q189062001_1;Q189062001_1_15;O;11200;1240;0;12800;2440;2865
Q189062001_1;Q189062001_1_16;P;11200;0;0;12800;1200;2865
P188062003;P188062003_1;A;0;0;0;1600;1200;2865
P188062003;P188062003_2;B;0;1240;0;1600;2440;2865
P188062003;P188062003_3;C;1600;1240;0;3200;2440;2865
P188062003;P188062003_4;D;1600;0;0;3200;1200;2865
P188062003;P188062003_5;E;3200;0;0;4800;1200;2865
P188062003;P188062003_6;F;3200;1240;0;4800;2440;2865
P188062003;P188062003_7;G;4800;1240;0;6400;2440;2865
P188062003;P188062003_8;H;4800;0;0;6400;1200;2865
P188062003;P188062003_9;I;6400;0;0;8000;1200;2865
P188062003;P188062003_10;J;6400;1240;0;8000;2440;2865
P188062003;P188062003_11;K;8000;1240;0;9600;2440;2865
P188062003;P188062003_12;L;8000;0;0;9600;1200;750
P188062001;P188062001_1;A;0;0;0;1600;1200;2865
P188062001;P188062001_2;B;0;1240;0;1600;2440;2865
P188062001;P188062001_3;C;1600;1240;0;3200;2440;2865
P188062001;P188062001_4;D;1600;0;0;3200;1200;2865
P188062001;P188062001_5;E;3200;0;0;4800;1200;2865
P188062001;P188062001_6;F;3200;1240;0;4800;2440;2865
P188062001;P188062001_7;G;4800;1240;0;6400;2440;2865
P188062001;P188062001_8;H;4800;0;0;6400;1200;2865
P188062001;P188062001_9;I;6400;0;0;8000;1200;2865
P188062001;P188062001_10;J;6400;1240;0;8000;2440;2865
P188062001;P188062001_11;K;8000;1240;0;9600;2440;2865
P188062001;P188062001_12;L;8000;0;0;9600;1200;2865
P188062001;P188062001_13;M;9600;0;0;11200;1200;2865
P188062001;P188062001_14;N;9600;1240;0;11200;2440;2865
P188062001;P188062001_15;O;11200;1240;0;12800;2440;2865
P188062001;P188062001_16;P;11200;0;0;12800;1200;2865
P187062003;P187062003_1;A;0;0;0;1600;1200;2865
P187062003;P187062003_2;B;0;1240;0;1600;2440;2865
P187062003;P187062003_3;C;1600;1240;0;3200;2440;2865
P187062003;P187062003_4;D;1600;0;0;3200;1200;2865
P187062003;P187062003_5;E;3200;0;0;4800;1200;2865
P187062003;P187062003_6;F;3200;1240;0;4800;2440;2865
P187062003;P187062003_7;G;4800;1240;0;6400;2440;2865
P187062003;P187062003_8;H;4800;0;0;6400;1200;2865
P187062003;P187062003_9;I;6400;0;0;8000;1200;2865
P187062003;P187062003_10;J;6400;1240;0;8000;2440;2865
P187062003;P187062003_11;K;8000;1240;0;9600;2440;2865
P187062001;P187062001_1;A;0;0;0;1600;1200;2865
P187062001;P187062001_2;B;0;1240;0;1600;2440;2865
P187062001;P187062001_3;C;1600;1240;0;3200;2440;2865
P187062001;P187062001_4;D;1600;0;0;3200;1200;2865
P187062001;P187062001_5;E;3200;0;0;4800;1200;2865
P187062001;P187062001_6;F;3200;1240;0;4800;2440;2865
P187062001;P187062001_7;G;4800;1240;0;6400;2440;2865
P187062001;P187062001_8;H;4800;0;0;6400;1200;2865
P187062001;P187062001_9;I;6400;0;0;8000;1200;2865
P187062001;P187062001_10;J;6400;1240;0;8000;2440;2865
P187062001;P187062001_11;K;8000;1240;0;9600;2440;2865
P187062001;P187062001_12;L;8000;0;0;9600;1200;2865
P187062001;P187062001_13;M;9600;0;0;11200;1200;2865
P187062001;P187062001_14;N;9600;1240;0;11200;2440;2865
P187062001;P187062001_15;O;11200;1240;0;12800;2440;2865
P187062001;P187062001_16;P;11200;0;0;12800;1200;2865
P186062001;P186062001_1;A;0;0;0;1600;1200;2865
P186062001;P186062001_2;B;0;1240;0;1600;2440;2865
P186062001;P186062001_3;C;1600;1240;0;3200;2440;2865
P186062001;P186062001_4;D;1600;0;0;3200;1200;2865
P186062001;P186062001_5;E;3200;0;0;4800;1200;2865
P186062001;P186062001_6;F;3200;1240;0;4800;2440;2865
P186062001;P186062001_7;G;4800;1240;0;6400;2440;2865
P186062001;P186062001_8;H;4800;0;0;6400;1200;2865
P186062001;P186062001_9;I;6400;0;0;8000;1200;2865
P186062001;P186062001_10;J;6400;1240;0;8000;2440;2865
P186062001;P186062001_11;K;8000;1240;0;9600;2440;2865
P186062001;P186062001_12;L;8000;0;0;9600;1200;2865
P186062001;P186062001_13;M;9600;0;0;11200;1200;2865
P186062001;P186062001_14;N;9600;1240;0;11200;2440;2865
P186062001;P186062001_15;O;11200;1240;0;12800;2440;2865
P186062001;P186062001_16;P;11200;0;0;12800;1200;2865
P185062003;P185062003_1;A;0;0;0;1600;1200;2865
P185062003;P185062003_2;B;0;1240;0;1600;2440;2865
P185062003;P185062003_3;C;1600;1240;0;3200;2440;2865
P185062003;P185062003_4;D;1600;0;0;3200;1200;2865
P185062003;P185062003_5;E;3200;0;0;4800;1200;2865
P185062003;P185062003_6;F;3200;1240;0;4800;2440;2865
P185062003;P185062003_7;G;4800;1240;0;6400;2440;2865
P185062003;P185062003_8;H;4800;0;0;6400;1200;2865
P185062003;P185062003_9;I;6400;0;0;8000;1200;2865
P185062003;P185062003_10;J;6400;1240;0;8000;2440;2865
P185062003;P185062003_11;K;8000;1240;0;9600;2440;2865
P185062003;P185062003_12;L;8000;0;0;9600;1200;2865
P185062003;P185062003_13;M;9600;0;0;11200;1200;2865
P185062003;P185062003_14;N;9600;1240;0;11200;2440;2865
P185062003;P185062003_15;O;11200;1240;0;12800;2440;2865
P185062003;P185062003_16;P;11200;0;0;12800;1200;2865
P185062001;P185062001_1;A;0;0;0;1600;1200;2865
P185062001;P185062001_2;B;0;1240;0;1600;2440;2865
P185062001;P185062001_3;C;1600;1240;0;3200;2440;2865
P185062001;P185062001_4;D;1600;0;0;3200;1200;2865
P185062001;P185062001_5;E;3200;0;0;4800;1200;2865
P185062001;P185062001_6;F;3200;1240;0;4800;2440;2865
P185062001;P185062001_7;G;4800;1240;0;6400;2440;2865
P185062001;P185062001_8;H;4800;0;0;6400;1200;2865
P185062001;P185062001_9;I;6400;0;0;8000;1200;2865
P185062001;P185062001_10;J;6400;1240;0;8000;2440;2865
P185062001;P185062001_11;K;8000;1240;0;9600;2440;2865
P185062001;P185062001_12;L;8000;0;0;9600;1200;2865
P185062001;P185062001_13;M;9600;0;0;11200;1200;2865
P185062001;P185062001_14;N;9600;1240;0;11200;2440;2865
P185062001;P185062001_15;O;11200;1240;0;12800;2440;2865
P185062001;P185062001_16;P;11200;0;0;12800;1200;1455
P178219503;P178219503_1;A;0;0;0;570;780;1771
P178219503;P178219503_2;B;0;780;0;570;1560;1771
P178219503;P178219503_3;C;0;1660;0;570;2440;1771
P178219503;P178219503_4;D;570;1660;0;1140;2440;1771
P178219503;P178219503_5;E;570;0;0;1140;780;1771
P178219503;P178219503_6;F;570;780;0;1140;1560;1771
P178219503;P178219503_7;G;1140;0;0;1710;780;1771
P178219503;P178219503_8;H;1140;780;0;1710;1560;1771
P178219503;P178219503_9;I;1140;1660;0;1710;2440;1771
P178219503;P178219503_10;J;1710;1660;0;2280;2440;1771
P178219503;P178219503_11;K;1710;0;0;2280;780;1771
P178219503;P178219503_12;L;1710;780;0;2280;1560;1771
P178219503;P178219503_13;M;2280;0;0;3280;1200;2700
P178219503;P178219503_14;N;2280;1240;0;3280;2440;2700
P178219503;P178219503_15;O;3280;1234;0;4290;2440;770
P178219503;P178219503_16;P;3280;0;0;4280;1200;2700
P178219503;P178219503_17;Q;4280;0;0;5880;1200;2700
P178219503;P178219503_18;R;4290;1240;0;5890;2440;2700
P178219503;P178219503_19;S;5880;0;0;7480;1200;2700
P178219503;P178219503_20;T;5890;1240;0;6890;2440;2700
P178219503;P178219503_21;U;6890;1240;0;7890;2440;1815
P178219503;P178219503_22;V;7480;0;0;8050;780;1771
P178219503;P178219503_23;W;7890;780;0;8460;1560;1771
P178219503;P178219503_24;X;7890;1660;0;8460;2440;1771
P178219503;P178219503_25;Y;8050;0;0;8620;780;1771
P178219503;P178219503_26;Z;8460;840;0;9660;2440;2700
P178219503;P178219503_27;AA;8620;0;0;9190;780;1771
P178219503;P178219503_28;AB;9190;0;0;9760;780;1771
P178219503;P178219503_29;AC;9660;780;0;10230;1560;1771
P178219503;P178219503_30;AD;9660;1660;0;10230;2440;909
P178219503;P178219503_31;AE;10230;0;0;11830;1200;2700
P178219503;P178219503_32;AF;10230;1240;0;11830;2440;2700
P178219503;P178219503_33;AG;11830;1240;0;13430;2440;2700
P178219503;P178219503_34;AH;11830;0;0;13430;1200;2700
P177219501;P177219501_1;A;0;1660;0;570;2440;909
P177219501;P177219501_2;B;0;0;0;570;780;909
P177219501;P177219501_3;C;0;780;0;570;1560;909
P177219501;P177219501_4;D;570;0;0;1140;780;909
P177219501;P177219501_5;E;570;780;0;1140;1560;909
P177219501;P177219501_6;F;1140;1234;0;2150;2440;2370
P177219501;P177219501_7;G;1140;0;0;2150;1206;2370
P177219501;P177219501_8;H;2150;1234;0;3160;2440;2370
P177219501;P177219501_9;I;2150;0;0;3160;1206;2370
P177219501;P177219501_10;J;3160;0;0;4170;1206;1185
P177219501;P177219501_11;K;3160;1660;0;3730;2440;1771
P177219501;P177219501_12;L;3730;1660;0;4300;2440;1771
P177219501;P177219501_13;M;4170;0;0;5370;1600;2700
P177219501;P177219501_14;N;4300;1660;0;4870;2440;1771
P177219501;P177219501_15;O;4870;1660;0;5440;2440;1771
P177219501;P177219501_16;P;5370;0;0;5940;780;1771
P177219501;P177219501_17;Q;5370;780;0;5940;1560;1771
P177219501;P177219501_18;R;5440;1660;0;6010;2440;1771
P177219501;P177219501_19;S;5940;0;0;6950;1206;385
P177219501;P177219501_20;T;6010;1240;0;7610;2440;2700
P177219501;P177219501_21;U;6950;0;0;8550;1200;2700
P177219501;P177219501_22;V;7610;1240;0;9210;2440;2700
P177219501;P177219501_23;W;8550;0;0;9120;780;1771
P177219501;P177219501_24;X;9120;0;0;10120;1200;2700
P177219501;P177219501_25;Y;9210;1240;0;10210;2440;2700
P177219501;P177219501_26;Z;10120;0;0;11720;1200;2700
P177219501;P177219501_27;AA;10210;1240;0;11810;2440;2700
P177219501;P177219501_28;AB;11720;0;0;13320;1200;2700
P177219501;P177219501_29;AC;11810;1240;0;13410;2440;2700
P174219507;P174219507_1;A;0;1660;0;570;2440;1771
P174219507;P174219507_2;B;0;0;0;570;780;1771
P174219507;P174219507_3;C;0;780;0;570;1560;1771
P174219507;P174219507_4;D;570;0;0;2170;1200;2700
P174219507;P174219507_5;E;570;1240;0;2170;2440;2700
P174219507;P174219507_6;F;2170;1240;0;3770;2440;2700
P174219507;P174219507_7;G;2170;0;0;3770;1200;2700
P174219507;P174219507_8;H;3770;0;0;4780;1206;1055
P174219507;P174219507_9;I;3770;1240;0;4770;2440;2700
P174219507;P174219507_10;J;4770;1240;0;5770;2440;2700
P174219507;P174219507_11;K;4780;0;0;6380;1200;2700
P174219507;P174219507_12;L;5770;1240;0;6770;2440;1815
P174219507;P174219507_13;M;6380;0;0;7980;1200;2700
P174219507;P174219507_14;N;6770;1240;0;8370;2440;2700
P174219507;P174219507_15;O;7980;0;0;9580;1200;2700
P174219507;P174219507_16;P;8370;1240;0;9970;2440;2700
P174219507;P174219507_17;Q;9580;0;0;10150;780;1771
P174219507;P174219507_18;R;9970;780;0;10540;1560;1771
P174219507;P174219507_19;S;9970;1660;0;10540;2440;1771
P174219507;P174219507_20;T;10150;0;0;10720;780;1771
P174219507;P174219507_21;U;10540;780;0;11110;1560;1771
P174219507;P174219507_22;V;10540;1660;0;11110;2440;1771
P174219507;P174219507_23;W;10720;0;0;11290;780;478
P174219507;P174219507_24;X;11110;780;0;11680;1560;1771
P174219507;P174219507_25;Y;11110;1660;0;11680;2440;1771
P174219507;P174219507_26;Z;11290;0;0;11860;780;1771
P174219507;P174219507_27;AA;11680;780;0;12250;1560;1771
P174219507;P174219507_28;AB;11680;1660;0;12250;2440;1771
P174219507;P174219507_29;AC;11860;0;0;12430;780;1771
P174219507;P174219507_30;AD;12250;780;0;12820;1560;1771
P174219507;P174219507_31;AE;12250;1660;0;12820;2440;1771
P174219507;P174219507_32;AF;12430;0;0;13000;780;1771
P174219507;P174219507_33;AG;12820;780;0;13390;1560;1771
P174219507;P174219507_34;AH;12820;1660;0;13390;2440;1771
P173219503;P173219503_1;A;0;0;0;1600;1200;2700
P173219503;P173219503_2;B;0;1200;0;1600;2400;2700
P173219503;P173219503_3;C;1600;1240;0;3200;2440;2700
P173219503;P173219503_4;D;1600;0;0;3200;1200;2700
P173219503;P173219503_5;E;3200;0;0;4800;1200;2700
P173219503;P173219503_6;F;3200;1240;0;4800;2440;2700
P173219503;P173219503_7;G;4800;1240;0;6400;2440;2700
P173219503;P173219503_8;H;4800;0;0;6400;1200;2700
P173219503;P173219503_9;I;6400;0;0;8000;1200;2700
P173219503;P173219503_10;J;6400;1660;0;6970;2440;1771
P173219503;P173219503_11;K;6970;1660;0;7540;2440;1771
P173219503;P173219503_12;L;7540;1660;0;8110;2440;1771
P173219503;P173219503_13;M;8000;0;0;9200;1600;2700
P173219503;P173219503_14;N;8110;1660;0;8680;2440;1771
P173219503;P173219503_15;O;8680;1660;0;9250;2440;1771
P173219503;P173219503_16;P;9200;0;0;10200;1200;2700
P173219503;P173219503_17;Q;9250;1240;0;10850;2440;2700
P173219503;P173219503_18;R;10200;0;0;11200;1200;2700
P173219503;P173219503_19;S;10850;1660;0;11420;2440;909
P171219503;P171219503_1;A;0;1660;0;570;2440;1771
P171219503;P171219503_2;B;0;0;0;570;780;1771
P171219503;P171219503_3;C;0;780;0;570;1560;1771
P171219503;P171219503_4;D;570;0;0;1140;780;1771
P171219503;P171219503_5;E;570;780;0;1140;1560;1771
P171219503;P171219503_6;F;570;1660;0;1140;2440;1771
P171219503;P171219503_7;G;1140;1660;0;1710;2440;1771
P171219503;P171219503_8;H;1140;0;0;1710;780;1771
P171219503;P171219503_9;I;1140;780;0;1710;1560;1771
P171219503;P171219503_10;J;1710;0;0;2720;1206;1055
P171219503;P171219503_11;K;1710;1660;0;2280;2440;1771
P171219503;P171219503_12;L;2280;1240;0;3880;2440;2700
P171219503;P171219503_13;M;2720;0;0;4320;1200;2700
P171219503;P171219503_14;N;3880;1240;0;5480;2440;2700
P171219503;P171219503_15;O;4320;0;0;5320;1200;1815
P171219503;P171219503_16;P;5320;0;0;6320;1200;2700
P171219503;P171219503_17;Q;5480;1240;0;7080;2440;2700
P171219503;P171219503_18;R;6320;0;0;6890;780;1771
P171219503;P171219503_19;S;6890;0;0;7460;780;1771
P171219503;P171219503_20;T;7080;780;0;7650;1560;1771
P171219503;P171219503_21;U;7080;1660;0;7650;2440;1771
P171219503;P171219503_22;V;7460;0;0;8030;780;1771
P171219503;P171219503_23;W;7650;780;0;8220;1560;1771
P171219503;P171219503_24;X;7650;1660;0;8220;2440;1340
P171219503;P171219503_25;Y;8220;1240;0;9220;2440;2700
P171219503;P171219503_26;Z;8220;0;0;9820;1200;2700
P171219503;P171219503_27;AA;9220;1240;0;10220;2440;2700
P171219503;P171219503_28;AB;9820;0;0;11420;1200;2700
P171219503;P171219503_29;AC;10220;1240;0;11820;2440;2700
P171219503;P171219503_30;AD;11420;0;0;13020;1200;2700
P171219503;P171219503_31;AE;11820;1240;0;13420;2440;2700
P170219501;P170219501_1;A;0;830;0;570;1610;909
P170219501;P170219501_2;B;570;1610;0;1140;2390;909
P170219501;P170219501_3;C;570;830;0;1140;1610;909
P170219501;P170219501_4;D;1140;1660;0;1710;2440;909
P170219501;P170219501_5;E;1140;880;0;1710;1660;909
P170219501;P170219501_6;F;1140;100;0;1710;880;909
P170219501;P170219501_7;G;1710;0;0;2280;780;909
P170219501;P170219501_8;H;1710;780;0;2280;1560;909
P170219501;P170219501_9;I;2280;1234;0;3290;2440;2370
P170219501;P170219501_10;J;2280;0;0;3290;1206;2370
P170219501;P170219501_11;K;3290;1234;0;4300;2440;2370
P170219501;P170219501_12;L;3290;0;0;4300;1206;2370
P170219501;P170219501_13;M;4300;0;0;5310;1206;2370
P170219501;P170219501_14;N;4300;1234;0;5310;2440;1185
P170219501;P170219501_15;O;5310;1660;0;5880;2440;1771
P170219501;P170219501_16;P;5310;0;0;5880;780;1771
P170219501;P170219501_17;Q;5310;780;0;5880;1560;1771
P170219501;P170219501_18;R;5880;0;0;6450;780;1771
P170219501;P170219501_19;S;5880;840;0;7080;2440;2700
P170219501;P170219501_20;T;6450;0;0;7020;780;1771
P170219501;P170219501_21;U;7020;0;0;7590;780;1771
P170219501;P170219501_22;V;7080;840;0;8280;2440;2700
P170219501;P170219501_23;W;7590;0;0;8160;780;1771
P170219501;P170219501_24;X;8160;0;0;8730;780;1771
P170219501;P170219501_25;Y;8280;1234;0;9290;2440;1055
P170219501;P170219501_26;Z;8730;0;0;10330;1200;2700
P170219501;P170219501_27;AA;9290;1240;0;10890;2440;2700
P170219501;P170219501_28;AB;10330;0;0;11330;1200;2700
P170219501;P170219501_29;AC;10890;1240;0;11890;2440;2700
P170219501;P170219501_30;AD;11330;0;0;11900;780;1340
P170219501;P170219501_31;AE;11890;1240;0;13490;2440;2700
P170219501;P170219501_32;AF;11900;0;0;13500;1200;2700
P167219507;P167219507_1;A;0;1660;0;570;2440;1771
P167219507;P167219507_2;B;0;0;0;1200;1600;2700
P167219507;P167219507_3;C;570;1660;0;1140;2440;1771
P167219507;P167219507_4;D;1140;1660;0;1710;2440;1771
P167219507;P167219507_5;E;1200;0;0;2400;1600;2700
P167219507;P167219507_6;F;1710;1660;0;2280;2440;1771
P167219507;P167219507_7;G;2280;1660;0;2850;2440;1771
P167219507;P167219507_8;H;2400;0;0;3600;1600;2700
P167219507;P167219507_9;I;2850;1660;0;3420;2440;1771
P167219507;P167219507_10;J;3420;1660;0;3990;2440;1771
P167219507;P167219507_11;K;3600;0;0;4600;1200;2700
P167219507;P167219507_12;L;3990;1240;0;4990;2440;2700
P167219507;P167219507_13;M;4600;0;0;6200;1200;2700
P167219507;P167219507_14;N;4990;1240;0;5990;2440;1815
P167219507;P167219507_15;O;5990;1240;0;7590;2440;2700
P167219507;P167219507_16;P;6200;0;0;7800;1200;2700
P167219507;P167219507_17;Q;7590;1240;0;9190;2440;2700
P167219507;P167219507_18;R;7800;0;0;9400;1200;2700
P167219507;P167219507_19;S;9190;1240;0;10790;2440;2700
P167219507;P167219507_20;T;9400;0;0;11000;1200;2700
P167219507;P167219507_21;U;10790;1660;0;11360;2440;1771
P167219507;P167219507_22;V;11000;0;0;11570;780;478
P167219507;P167219507_23;W;11000;780;0;11570;1560;1771
P167219507;P167219507_24;X;11360;1660;0;11930;2440;1771
P167219507;P167219507_25;Y;11570;0;0;12140;780;1771
P167219507;P167219507_26;Z;11570;780;0;12140;1560;1771
P167219507;P167219507_27;AA;11930;1660;0;12500;2440;1771
P167219507;P167219507_28;AB;12140;0;0;12710;780;1771
P167219507;P167219507_29;AC;12140;780;0;12710;1560;1771
P167219507;P167219507_30;AD;12500;1660;0;13070;2440;1771
P166219503;P166219503_1;A;0;0;0;570;780;1771
P166219503;P166219503_2;B;0;840;0;1200;2440;2700
P166219503;P166219503_3;C;570;0;0;1140;780;1771
P166219503;P166219503_4;D;1140;0;0;1710;780;1771
P166219503;P166219503_5;E;1200;840;0;2400;2440;2700
P166219503;P166219503_6;F;1710;0;0;2280;780;1771
P166219503;P166219503_7;G;2280;0;0;2850;780;1771
P166219503;P166219503_8;H;2400;840;0;3600;2440;2700
P166219503;P166219503_9;I;2850;0;0;3420;780;909
P166219503;P166219503_10;J;3600;1240;0;5200;2440;2700
P166219503;P166219503_11;K;3600;0;0;5200;1200;2700
P166219503;P166219503_12;L;5200;0;0;6210;1206;770
P166219503;P166219503_13;M;5200;1240;0;6800;2440;2700
P166219503;P166219503_14;N;6210;0;0;7810;1200;2700
P166219503;P166219503_15;O;6800;1240;0;7800;2440;2700
P166219503;P166219503_16;P;7800;1240;0;9400;2440;1815
P180167101;P180167101_1;A;0;635;0;1700;1805;2160
P180167101;P180167101_2;B;1700;1270;0;3400;2440;2715
P180167101;P180167101_3;C;1700;0;0;3400;1170;2665
P180167101;P180167101_4;D;3400;0;0;5100;1170;2665
P180167101;P180167101_5;E;3400;1270;0;5100;2440;2665
P180167101;P180167101_6;F;5100;1270;0;6800;2440;2665
P180167101;P180167101_7;G;5100;0;0;6800;1170;2665
P180167101;P180167101_8;H;6800;0;0;8500;1170;2665
P180167101;P180167101_9;I;6800;1270;0;8500;2440;2665
P180167101;P180167101_10;J;8500;1270;0;10200;2440;2665
P180167101;P180167101_11;K;8500;0;0;10200;1170;2665
P180167101;P180167101_12;L;10200;0;0;11900;1170;2665
P180167101;P180167101_13;M;10200;1270;0;11900;2440;2665
P180167101;P180167101_14;N;11900;0;0;13070;1700;2665
P179167103;P179167103_1;A;0;635;0;1700;1805;1355
P179167103;P179167103_2;B;1700;1270;0;3400;2440;2665
P179167103;P179167103_3;C;1700;0;0;3400;1170;2665
P179167103;P179167103_4;D;3400;0;0;5100;1170;2665
P179167103;P179167103_5;E;3400;1220;0;5100;2390;2665
P179167103;P179167103_6;F;5100;1270;0;6800;2440;2665
P179167103;P179167103_7;G;5100;0;0;6800;1170;2665
P179167103;P179167103_8;H;6800;0;0;8500;1170;2665
P179167103;P179167103_9;I;6800;1270;0;8500;2440;2665
P179167103;P179167103_10;J;8500;1270;0;10200;2440;2665
P179167103;P179167103_11;K;8500;0;0;10200;1170;2665
P179167103;P179167103_12;L;10200;0;0;11900;1170;2665
P179167103;P179167103_13;M;10200;1270;0;11900;2440;2665
P179167103;P179167103_14;N;11900;0;0;13070;1700;2665
P179167101;P179167101_1;A;0;0;0;1700;1170;700
P179167101;P179167101_2;B;0;1270;0;1700;2440;700
P179167101;P179167101_3;C;1700;1270;0;3400;2440;2665
P179167101;P179167101_4;D;1700;50;0;3400;1220;2665
P179167101;P179167101_5;E;3400;0;0;5100;1170;2665
P179167101;P179167101_6;F;3400;1270;0;5100;2440;2665
P179167101;P179167101_7;G;5100;1270;0;6800;2440;2765
P179167101;P179167101_8;H;5100;0;0;6800;1170;2665
P179167101;P179167101_9;I;6800;0;0;8500;1170;2665
P179167101;P179167101_10;J;6800;1270;0;8500;2440;2665
P179167101;P179167101_11;K;8500;1270;0;10200;2440;2665
P179167101;P179167101_12;L;8500;0;0;10200;1170;2665
P179167101;P179167101_13;M;10200;0;0;11900;1170;2160
P179167101;P179167101_14;N;10200;1270;0;11900;2440;2715
P179167101;P179167101_15;O;11900;0;0;13070;1700;2665
P178167103;P178167103_1;A;0;0;0;1700;1170;700
P178167103;P178167103_2;B;0;1270;0;1700;2440;700
P178167103;P178167103_3;C;1700;1270;0;3400;2440;2665
P178167103;P178167103_4;D;1700;50;0;3400;1220;2665
P178167103;P178167103_5;E;3400;0;0;5100;1170;2665
P178167103;P178167103_6;F;3400;1270;0;5100;2440;2665
P178167103;P178167103_7;G;5100;1270;0;6800;2440;2665
P178167103;P178167103_8;H;5100;0;0;6800;1170;2665
P178167103;P178167103_9;I;6800;0;0;8500;1170;2665
P178167103;P178167103_10;J;6800;1270;0;8500;2440;2665
P178167103;P178167103_11;K;8500;1270;0;10200;2440;2665
P178167103;P178167103_12;L;8500;0;0;10200;1170;2665
P178167103;P178167103_13;M;10200;0;0;11900;1170;2665
P178167103;P178167103_14;N;10200;1270;0;11900;2440;2665
P178167103;P178167103_15;O;11900;0;0;13070;1700;2665
P178167101;P178167101_1;A;0;635;0;1700;1805;2765
P178167101;P178167101_2;B;1700;1270;0;3400;2440;2665
P178167101;P178167101_3;C;1700;50;0;3400;1220;2665
P178167101;P178167101_4;D;3400;1270;0;5100;2440;2765
P178167101;P178167101_5;E;3400;0;0;5100;1170;2160
P178167101;P178167101_6;F;5100;0;0;6800;1170;2665
P178167101;P178167101_7;G;5100;1270;0;6800;2440;2665
P178167101;P178167101_8;H;6800;1270;0;8500;2440;2665
P178167101;P178167101_9;I;6800;0;0;8500;1170;2665
P178167101;P178167101_10;J;8500;0;0;10200;1170;2665
P178167101;P178167101_11;K;8500;1270;0;10200;2440;2665
P178167101;P178167101_12;L;10200;1270;0;11900;2440;2665
P178167101;P178167101_13;M;10200;0;0;11900;1170;2665
P178167101;P178167101_14;N;11900;0;0;13070;1700;2665
P177167103;P177167103_1;A;0;635;0;1700;1805;700
P177167103;P177167103_2;B;1700;1270;0;3400;2440;2665
P177167103;P177167103_3;C;1700;50;0;3400;1220;2665
P177167103;P177167103_4;D;3400;1270;0;5100;2440;2665
P177167103;P177167103_5;E;3400;0;0;5100;1170;2665
P177167103;P177167103_6;F;5100;0;0;6800;1170;2665
P177167103;P177167103_7;G;5100;1270;0;6800;2440;2665
P177167103;P177167103_8;H;6800;1270;0;8500;2440;2665
P177167103;P177167103_9;I;6800;0;0;8500;1170;2765
P177167103;P177167103_10;J;8500;0;0;10200;1170;2715
P177167103;P177167103_11;K;8500;1270;0;10200;2440;2665
P177167103;P177167103_12;L;10200;1270;0;11900;2440;2665
P177167103;P177167103_13;M;10200;0;0;11900;1170;2665
P177167103;P177167103_14;N;11900;0;0;13070;1700;2665
P177167101;P177167101_1;A;0;635;0;1700;1805;2665
P177167101;P177167101_2;B;1700;1270;0;3400;2440;2665
P177167101;P177167101_3;C;1700;0;0;3400;1170;2665
P177167101;P177167101_4;D;3400;1270;0;5100;2440;2765
P177167101;P177167101_5;E;3400;0;0;5100;1170;2160
P177167101;P177167101_6;F;5100;0;0;6800;1170;2765
P177167101;P177167101_7;G;5100;1270;0;6800;2440;2665
P177167101;P177167101_8;H;6800;1270;0;8500;2440;2665
P177167101;P177167101_9;I;6800;0;0;8500;1170;2665
P177167101;P177167101_10;J;8500;0;0;10200;1170;2665
P177167101;P177167101_11;K;8500;1270;0;10200;2440;2665
P177167101;P177167101_12;L;10200;1270;0;11900;2440;2665
P177167101;P177167101_13;M;10200;0;0;11900;1170;2665
P177167101;P177167101_14;N;11900;0;0;13070;1700;2665
P174167107;P174167107_1;A;0;635;0;1700;1805;1355
P174167107;P174167107_2;B;1700;1270;0;3400;2440;2665
P174167107;P174167107_3;C;1700;0;0;3400;1170;2665
P174167107;P174167107_4;D;3400;1270;0;5100;2440;2665
P174167107;P174167107_5;E;3400;0;0;5100;1170;2665
P174167107;P174167107_6;F;5100;0;0;6800;1170;2665
P174167107;P174167107_7;G;5100;1270;0;6800;2440;2665
P174167107;P174167107_8;H;6800;1270;0;8500;2440;2765
P174167107;P174167107_9;I;6800;0;0;8500;1170;2665
P174167107;P174167107_10;J;8500;0;0;10200;1170;2665
P174167107;P174167107_11;K;8500;1270;0;10200;2440;2665
P174167107;P174167107_12;L;10200;1270;0;11900;2440;2665
P174167107;P174167107_13;M;10200;0;0;11900;1170;2665
P174167107;P174167107_14;N;11900;0;0;13070;1700;2665
P174167101;P174167101_1;A;0;635;0;1700;1805;2160
P174167101;P174167101_2;B;1700;1270;0;3400;2440;2765
P174167101;P174167101_3;C;1700;50;0;3400;1220;2665
P174167101;P174167101_4;D;3400;0;0;5100;1170;2665
P174167101;P174167101_5;E;3400;1270;0;5100;2440;2665
P174167101;P174167101_6;F;5100;1270;0;6800;2440;2665
P174167101;P174167101_7;G;5100;0;0;6800;1170;2665
P174167101;P174167101_8;H;6800;0;0;8500;1170;2665
P174167101;P174167101_9;I;6800;1270;0;8500;2440;2665
P174167101;P174167101_10;J;8500;1270;0;10200;2440;2765
P174167101;P174167101_11;K;8500;0;0;10200;1170;2665
P174167101;P174167101_12;L;10200;0;0;11900;1170;2665
P174167101;P174167101_13;M;10200;1270;0;11900;2440;2665
P174167101;P174167101_14;N;11900;0;0;13070;1700;2665
P173167101;P173167101_1;A;0;1270;0;1700;2440;1355
P173167101;P173167101_2;B;0;50;0;1700;1220;1355
P173167101;P173167101_3;C;1700;0;0;3400;1170;2665
P173167101;P173167101_4;D;1700;1270;0;3400;2440;2665
P173167101;P173167101_5;E;3400;1270;0;5100;2440;2765
P173167101;P173167101_6;F;3400;50;0;5100;1220;2160
P173167101;P173167101_7;G;5100;0;0;6800;1170;2160
P173167101;P173167101_8;H;5100;1270;0;6800;2440;2715
P173167101;P173167101_9;I;6800;1270;0;8500;2440;2665
P173167101;P173167101_10;J;6800;0;0;8500;1170;2665
P173167101;P173167101_11;K;8500;0;0;10200;1170;2665
P173167101;P173167101_12;L;8500;1270;0;10200;2440;2665
P173167101;P173167101_13;M;10200;1270;0;11900;2440;2665
P173167101;P173167101_14;N;10200;0;0;11900;1170;2665
P173167101;P173167101_15;O;11900;0;0;13070;1700;2665
Q173167101_1;Q173167101_1_1;A;0;1270;0;1700;2440;700
Q173167101_1;Q173167101_1_2;B;0;0;0;1700;1170;700
Q173167101_1;Q173167101_1_3;C;1700;0;0;3400;1170;2665
Q173167101_1;Q173167101_1_4;D;1700;1220;0;3400;2390;2665
Q173167101_1;Q173167101_1_5;E;3400;1270;0;5100;2440;2665
Q173167101_1;Q173167101_1_6;F;3400;50;0;5100;1220;2665
Q173167101_1;Q173167101_1_7;G;5100;0;0;6800;1170;2665
Q173167101_1;Q173167101_1_8;H;5100;1270;0;6800;2440;2665
Q173167101_1;Q173167101_1_9;I;6800;1270;0;8500;2440;2665
Q173167101_1;Q173167101_1_10;J;6800;0;0;8500;1170;2665
Q173167101_1;Q173167101_1_11;K;8500;0;0;10200;1170;2665
Q173167101_1;Q173167101_1_12;L;8500;1270;0;10200;2440;2665
Q173167101_1;Q173167101_1_13;M;10200;1270;0;11900;2440;2665
Q173167101_1;Q173167101_1_14;N;10200;0;0;11900;1170;2665
Q173167101_1;Q173167101_1_15;O;11900;0;0;13070;1700;2665
P172167103;P172167103_1;A;0;1270;0;1700;2440;700
P172167103;P172167103_2;B;0;50;0;1700;1220;700
P172167103;P172167103_3;C;1700;0;0;3400;1170;2665
P172167103;P172167103_4;D;1700;1220;0;3400;2390;2715
P172167103;P172167103_5;E;3400;635;0;5100;1805;2765
P172167103;P172167103_6;F;5100;1270;0;6800;2440;2665
P172167103;P172167103_7;G;5100;0;0;6800;1170;2665
P172167103;P172167103_8;H;6800;1270;0;8500;2440;2665
P172167103;P172167103_9;I;6800;0;0;8500;1170;2665
P172167103;P172167103_10;J;8500;0;0;10200;1170;2665
P172167103;P172167103_11;K;8500;1270;0;10200;2440;2665
P172167103;P172167103_12;L;10200;1270;0;11900;2440;2665
P172167101;P172167101_1;A;0;635;0;1700;1805;2160
P172167101;P172167101_2;B;1700;1270;0;3400;2440;2765
P172167101;P172167101_3;C;1700;0;0;3400;1170;2665
P172167101;P172167101_4;D;3400;0;0;5100;1170;2665
P172167101;P172167101_5;E;3400;1270;0;5100;2440;2665
P172167101;P172167101_6;F;5100;1270;0;6800;2440;2665
P172167101;P172167101_7;G;5100;0;0;6800;1170;2665
P172167101;P172167101_8;H;6800;0;0;8500;1170;2665
P172167101;P172167101_9;I;6800;1270;0;8500;2440;2665
P172167101;P172167101_10;J;8500;1270;0;10200;2440;2665
P172167101;P172167101_11;K;8500;0;0;10200;1170;2665
P172167101;P172167101_12;L;10200;0;0;11900;1170;2665
P172167101;P172167101_13;M;10200;1270;0;11900;2440;2665
P172167101;P172167101_14;N;11900;0;0;13070;1700;2665
P171167103;P171167103_1;A;0;1270;0;1700;2440;700
P171167103;P171167103_2;B;0;50;0;1700;1220;700
P171167103;P171167103_3;C;1700;635;0;3400;1805;2665
P171167103;P171167103_4;D;3400;1270;0;5100;2440;2665
P171167103;P171167103_5;E;3400;50;0;5100;1220;2665
P171167103;P171167103_6;F;5100;0;0;6800;1170;2160
P171167103;P171167103_7;G;5100;1270;0;6800;2440;2665
P171167103;P171167103_8;H;6800;1270;0;8500;2440;2010
P171167103;P171167103_9;I;6800;0;0;8500;1170;2665
P171167103;P171167103_10;J;8500;0;0;10200;1170;2665
P171167103;P171167103_11;K;8500;1270;0;10200;2440;700
P180063919;P180063919_1;A;0;0;0;1670;1200;2995
P180063919;P180063919_2;B;0;1240;0;1670;2440;2995
P180063919;P180063919_3;C;1670;1240;0;3340;2440;2995
P180063919;P180063919_4;D;1670;0;0;3340;1200;2995
P180063919;P180063919_5;E;3340;0;0;5010;1200;2995
P180063919;P180063919_6;F;3340;1240;0;5010;2440;2995
P180063919;P180063919_7;G;5010;1240;0;6680;2440;2995
P180063919;P180063919_8;H;5010;0;0;6680;1200;2995
P180063919;P180063919_9;I;6680;0;0;8350;1200;2995
P180063919;P180063919_10;J;6680;1240;0;8350;2440;2995
P180063919;P180063919_11;K;8350;1240;0;10020;2440;2995
P180063919;P180063919_12;L;8350;0;0;10020;1200;2995
P180063919;P180063919_13;M;10020;0;0;11690;1200;2995
P180063919;P180063919_14;N;10020;1240;0;11690;2440;2995
P180063919;P180063919_15;O;11690;1240;0;13360;2440;2995
P180063919;P180063919_16;P;11690;0;0;13360;1200;2995
P179063909;P179063909_1;A;0;0;0;1670;1200;2995
P179063909;P179063909_2;B;0;1240;0;1670;2440;2995
P179063909;P179063909_3;C;1670;1240;0;3340;2440;2995
P179063909;P179063909_4;D;1670;0;0;3340;1200;2995
P179063909;P179063909_5;E;3340;0;0;5010;1200;2995
P179063909;P179063909_6;F;3340;1240;0;5010;2440;2995
P179063909;P179063909_7;G;5010;1240;0;6680;2440;2995
P179063909;P179063909_8;H;5010;0;0;6680;1200;2995
P179063909;P179063909_9;I;6680;0;0;8350;1200;2995
P179063909;P179063909_10;J;6680;1240;0;8350;2440;2995
P179063909;P179063909_11;K;8350;1240;0;10020;2440;2995
P179063909;P179063909_12;L;8350;0;0;10020;1200;2995
P179063909;P179063909_13;M;10020;0;0;11690;1200;2995
P179063909;P179063909_14;N;10020;1240;0;11690;2440;2995
P179063909;P179063909_15;O;11690;1240;0;13360;2440;2995
P179063909;P179063909_16;P;11690;0;0;13360;1200;2995
P179063919;P179063919_1;A;0;0;0;1670;1200;2995
P179063919;P179063919_2;B;0;1240;0;1670;2440;2995
P179063919;P179063919_3;C;1670;1240;0;3340;2440;2995
P179063919;P179063919_4;D;1670;0;0;3340;1200;2995
P179063919;P179063919_5;E;3340;0;0;5010;1200;2995
P179063919;P179063919_6;F;3340;1240;0;5010;2440;2995
P179063919;P179063919_7;G;5010;1240;0;6680;2440;2995
P179063919;P179063919_8;H;5010;0;0;6680;1200;2995
P179063919;P179063919_9;I;6680;0;0;8350;1200;2995
P179063919;P179063919_10;J;6680;1240;0;8350;2440;2995
P179063919;P179063919_11;K;8350;1240;0;10020;2440;2995
P179063919;P179063919_12;L;8350;0;0;10020;1200;2995
P179063919;P179063919_13;M;10020;0;0;11690;1200;2995
P179063919;P179063919_14;N;10020;1240;0;11690;2440;2995
P179063919;P179063919_15;O;11690;1240;0;13360;2440;2995
P179063919;P179063919_16;P;11690;0;0;13360;1200;2995
P178063919;P178063919_1;A;0;0;0;1670;1200;2995
P178063919;P178063919_2;B;0;1240;0;1670;2440;2995
P178063919;P178063919_3;C;1670;1240;0;3340;2440;2995
P178063919;P178063919_4;D;1670;0;0;3340;1200;2995
P178063919;P178063919_5;E;3340;0;0;5010;1200;2995
P178063919;P178063919_6;F;3340;1240;0;5010;2440;2995
P178063919;P178063919_7;G;5010;1240;0;6680;2440;2995
P178063919;P178063919_8;H;5010;0;0;6680;1200;2995
P178063919;P178063919_9;I;6680;0;0;8350;1200;2995
P178063919;P178063919_10;J;6680;1240;0;8350;2440;2995
P178063919;P178063919_11;K;8350;1240;0;10020;2440;2995
P178063919;P178063919_12;L;8350;0;0;10020;1200;2995
P178063919;P178063919_13;M;10020;0;0;11690;1200;2995
P178063919;P178063919_14;N;10020;1240;0;11690;2440;2995
P178063919;P178063919_15;O;11690;1240;0;13360;2440;2995
P178063919;P178063919_16;P;11690;0;0;13360;1200;2995
P177063909;P177063909_1;A;0;0;0;1670;1200;2995
P177063909;P177063909_2;B;0;1240;0;1670;2440;2995
P177063909;P177063909_3;C;1670;1240;0;3340;2440;2995
P177063909;P177063909_4;D;1670;0;0;3340;1200;2995
P177063909;P177063909_5;E;3340;0;0;5010;1200;2995
P177063909;P177063909_6;F;3340;1240;0;5010;2440;2995
P177063909;P177063909_7;G;5010;1240;0;6680;2440;2995
P177063909;P177063909_8;H;5010;0;0;6680;1200;2995
P177063909;P177063909_9;I;6680;0;0;8350;1200;2995
P177063909;P177063909_10;J;6680;1240;0;8350;2440;2995
P177063909;P177063909_11;K;8350;1240;0;10020;2440;2995
P177063909;P177063909_12;L;8350;0;0;10020;1200;2995
P177063909;P177063909_13;M;10020;0;0;11690;1200;2995
P177063909;P177063909_14;N;10020;1240;0;11690;2440;2995
P177063909;P177063909_15;O;11690;1240;0;13360;2440;2995
P177063909;P177063909_16;P;11690;0;0;13360;1200;2995
P177063919;P177063919_1;A;0;0;0;1670;1200;2995
P177063919;P177063919_2;B;0;1240;0;1670;2440;2995
P177063919;P177063919_3;C;1670;1240;0;3340;2440;2995
P177063919;P177063919_4;D;1670;0;0;3340;1200;2995
P177063919;P177063919_5;E;3340;0;0;5010;1200;2995
P177063919;P177063919_6;F;3340;1240;0;5010;2440;2995
P177063919;P177063919_7;G;5010;1240;0;6680;2440;2995
P177063919;P177063919_8;H;5010;0;0;6680;1200;2995
P177063919;P177063919_9;I;6680;0;0;8350;1200;2995
P177063919;P177063919_10;J;6680;1240;0;8350;2440;2995
P177063919;P177063919_11;K;8350;1240;0;10020;2440;2995
P177063919;P177063919_12;L;8350;0;0;10020;1200;2995
P177063919;P177063919_13;M;10020;0;0;11690;1200;2995
P177063919;P177063919_14;N;10020;1240;0;11690;2440;2995
P177063919;P177063919_15;O;11690;1240;0;13360;2440;2995
P177063919;P177063919_16;P;11690;0;0;13360;1200;2995
P174063919;P174063919_1;A;0;0;0;1670;1200;2995
P174063919;P174063919_2;B;0;1240;0;1670;2440;2995
P174063919;P174063919_3;C;1670;1240;0;3340;2440;2995
P174063919;P174063919_4;D;1670;0;0;3340;1200;2995
P174063919;P174063919_5;E;3340;0;0;5010;1200;2995
P174063919;P174063919_6;F;3340;1240;0;5010;2440;2995
P174063919;P174063919_7;G;5010;1240;0;6680;2440;2995
P174063919;P174063919_8;H;5010;0;0;6680;1200;2995
P174063919;P174063919_9;I;6680;0;0;8350;1200;2995
P174063919;P174063919_10;J;6680;1240;0;8350;2440;2995
P174063919;P174063919_11;K;8350;1240;0;10020;2440;2995
P174063919;P174063919_12;L;8350;0;0;10020;1200;2995
P174063919;P174063919_13;M;10020;0;0;11690;1200;2995
P174063919;P174063919_14;N;10020;1240;0;11690;2440;2995
P174063919;P174063919_15;O;11690;1240;0;13360;2440;2995
P174063919;P174063919_16;P;11690;0;0;13360;1200;2995
P173063909;P173063909_1;A;0;0;0;1670;1200;2995
P173063909;P173063909_2;B;0;1240;0;1670;2440;2995
P173063909;P173063909_3;C;1670;1240;0;3340;2440;2995
P173063909;P173063909_4;D;1670;0;0;3340;1200;2995
P173063909;P173063909_5;E;3340;0;0;5010;1200;2995
P173063909;P173063909_6;F;3340;1240;0;5010;2440;2995
P173063909;P173063909_7;G;5010;1240;0;6680;2440;2995
P173063909;P173063909_8;H;5010;0;0;6680;1200;2995
P173063909;P173063909_9;I;6680;0;0;8350;1200;2995
P173063909;P173063909_10;J;6680;1240;0;8350;2440;2995
P173063909;P173063909_11;K;8350;1240;0;10020;2440;2995
P173063909;P173063909_12;L;8350;0;0;10020;1200;2995
P173063909;P173063909_13;M;10020;0;0;11690;1200;2995
P173063909;P173063909_14;N;10020;1240;0;11690;2440;2995
P173063909;P173063909_15;O;11690;1240;0;13360;2440;2995
P173063909;P173063909_16;P;11690;0;0;13360;1200;2995
P173063919;P173063919_1;A;0;0;0;1670;1200;2995
P173063919;P173063919_2;B;0;1200;0;1670;2400;2995
P173063919;P173063919_3;C;1670;1240;0;3340;2440;2995
P173063919;P173063919_4;D;1670;0;0;3340;1200;2995
P173063919;P173063919_5;E;3340;1240;0;5010;2440;2995
P173063919;P173063919_6;F;3340;0;0;5010;1200;2995
P173063919;P173063919_7;G;5010;0;0;6680;1200;2995
P173063919;P173063919_8;H;5010;1240;0;6680;2440;2995
P173063919;P173063919_9;I;6680;1240;0;8350;2440;2995
P173063919;P173063919_10;J;6680;0;0;8350;1200;2995
P173063919;P173063919_11;K;8350;0;0;10020;1200;2995
P173063919;P173063919_12;L;8350;1240;0;10020;2440;2995
P173063919;P173063919_13;M;10020;1240;0;11690;2440;2995
P173063919;P173063919_14;N;10020;0;0;11690;1200;2995
P173063919;P173063919_15;O;11690;0;0;13360;1200;2995
P173063919;P173063919_16;P;11690;1240;0;13360;2440;2995
P172063909;P172063909_1;A;0;0;0;1670;1200;2995
P172063909;P172063909_2;B;0;1240;0;1670;2440;2995
P172063909;P172063909_3;C;1670;1240;0;3340;2440;2995
P172063909;P172063909_4;D;1670;0;0;3340;1200;2995
P172063909;P172063909_5;E;3340;0;0;5010;1200;2995
P172063909;P172063909_6;F;3340;1240;0;5010;2440;2995
P172063909;P172063909_7;G;5010;1240;0;6680;2440;2995
P172063909;P172063909_8;H;5010;0;0;6680;1200;2995
P172063909;P172063909_9;I;6680;0;0;8350;1200;2995
P172063909;P172063909_10;J;6680;1240;0;8350;2440;2995
P172063909;P172063909_11;K;8350;1240;0;10020;2440;2995
P172063909;P172063909_12;L;8350;0;0;10020;1200;2995
P172063909;P172063909_13;M;10020;0;0;11690;1200;2995
P172063909;P172063909_14;N;10020;1240;0;11690;2440;2995
P172063909;P172063909_15;O;11690;1240;0;13360;2440;2995
P172063909;P172063909_16;P;11690;0;0;13360;1200;2995
P172063919;P172063919_1;A;0;0;0;1670;1200;2995
P172063919;P172063919_2;B;0;1240;0;1670;2440;2995
P172063919;P172063919_3;C;1670;1240;0;3340;2440;2995
P172063919;P172063919_4;D;1670;0;0;3340;1200;2995
P172063919;P172063919_5;E;3340;0;0;5010;1200;2995
P172063919;P172063919_6;F;3340;1240;0;5010;2440;2995
P172063919;P172063919_7;G;5010;1240;0;6680;2440;2995
P172063919;P172063919_8;H;5010;0;0;6680;1200;2995
P172063919;P172063919_9;I;6680;0;0;8350;1200;2995
P172063919;P172063919_10;J;6680;1240;0;8350;2440;2995
P172063919;P172063919_11;K;8350;1240;0;10020;2440;2995
P172063919;P172063919_12;L;8350;0;0;10020;1200;2995
P172063919;P172063919_13;M;10020;0;0;11690;1200;2995
P172063919;P172063919_14;N;10020;1240;0;11690;2440;2995
P172063919;P172063919_15;O;11690;1240;0;13360;2440;2995
P171063919;P171063919_1;A;0;0;0;1670;1200;2995
P171063919;P171063919_2;B;0;1240;0;1670;2440;2995
P171063919;P171063919_3;C;1670;1240;0;3340;2440;2995
P171063919;P171063919_4;D;1670;0;0;3340;1200;2995
P171063919;P171063919_5;E;3340;0;0;5010;1200;2995
P171063919;P171063919_6;F;3340;1240;0;5010;2440;2995
P171063919;P171063919_7;G;5010;1240;0;6680;2440;2995
P171063919;P171063919_8;H;5010;0;0;6680;1200;2995
P171063919;P171063919_9;I;6680;0;0;8350;1200;2995
P171063919;P171063919_10;J;6680;1240;0;8350;2440;2995
P171063919;P171063919_11;K;8350;1240;0;10020;2440;2995
P171063919;P171063919_12;L;8350;0;0;10020;1200;2995
P171063919;P171063919_13;M;10020;0;0;11690;1200;2995
P171063919;P171063919_14;N;10020;1240;0;11690;2440;2995
P171063919;P171063919_15;O;11690;1240;0;13360;2440;2995
P171063919;P171063919_16;P;11690;0;0;13360;1200;2995
P170063909;P170063909_1;A;0;0;0;1670;1200;2995
P170063909;P170063909_2;B;0;1240;0;1670;2440;2995
P170063909;P170063909_3;C;1670;1240;0;3340;2440;2995
P170063909;P170063909_4;D;1670;0;0;3340;1200;2995
P170063909;P170063909_5;E;3340;0;0;5010;1200;2995
P170063909;P170063909_6;F;3340;1240;0;5010;2440;2995
P170063909;P170063909_7;G;5010;1240;0;6680;2440;2995
P170063909;P170063909_8;H;5010;0;0;6680;1200;2995
P170063909;P170063909_9;I;6680;0;0;8350;1200;2995
P170063909;P170063909_10;J;6680;1240;0;8350;2440;2995
P170063909;P170063909_11;K;8350;1240;0;10020;2440;2995
P170063909;P170063909_12;L;8350;0;0;10020;1200;2995
P170063909;P170063909_13;M;10020;0;0;11690;1200;2995
P170063909;P170063909_14;N;10020;1240;0;11690;2440;2995
P170063909;P170063909_15;O;11690;1240;0;13360;2440;2995
P170063909;P170063909_16;P;11690;0;0;13360;1200;2995
P170063919;P170063919_1;A;0;0;0;1670;1200;2995
P170063919;P170063919_2;B;0;1240;0;1670;2440;2995
P170063919;P170063919_3;C;1670;1240;0;3340;2440;2995
P170063919;P170063919_4;D;1670;0;0;3340;1200;2995
P170063919;P170063919_5;E;3340;0;0;5010;1200;2995
P170063919;P170063919_6;F;3340;1240;0;5010;2440;2995
P170063919;P170063919_7;G;5010;1240;0;6680;2440;2995
P170063919;P170063919_8;H;5010;0;0;6680;1200;2995
P170063919;P170063919_9;I;6680;0;0;8350;1200;2995
P170063919;P170063919_10;J;6680;1240;0;8350;2440;2995
P170063919;P170063919_11;K;8350;1240;0;10020;2440;2995
P170063919;P170063919_12;L;8350;0;0;10020;1200;2995
P170063919;P170063919_13;M;10020;0;0;11690;1200;2995
P170063919;P170063919_14;N;10020;1240;0;11690;2440;2995
P170063919;P170063919_15;O;11690;1240;0;13360;2440;2995
P170063919;P170063919_16;P;11690;0;0;13360;1200;2995
P167063909;P167063909_1;A;0;0;0;1670;1200;2995
P167063909;P167063909_2;B;0;1240;0;1670;2440;2995
P167063909;P167063909_3;C;1670;1240;0;3340;2440;2995
P167063909;P167063909_4;D;1670;0;0;3340;1200;2995
P167063909;P167063909_5;E;3340;0;0;5010;1200;2995
P167063909;P167063909_6;F;3340;1240;0;5010;2440;2995
P167063909;P167063909_7;G;5010;1240;0;6680;2440;2995
P167063909;P167063909_8;H;5010;0;0;6680;1200;2995
P167063909;P167063909_9;I;6680;0;0;8350;1200;2995
P167063909;P167063909_10;J;6680;1240;0;8350;2440;2995
P167063909;P167063909_11;K;8350;1240;0;10020;2440;2995
P167063909;P167063909_12;L;8350;0;0;10020;1200;2995
P167063909;P167063909_13;M;10020;0;0;11690;1200;2995
P167063919;P167063919_1;A;0;0;0;1670;1200;2995
P167063919;P167063919_2;B;0;1240;0;1670;2440;2995
P167063919;P167063919_3;C;1670;1240;0;3340;2440;2995
P167063919;P167063919_4;D;1670;0;0;3340;1200;2995
P167063919;P167063919_5;E;3340;0;0;5010;1200;2995
P167063919;P167063919_6;F;3340;1240;0;5010;2440;2995
P167063919;P167063919_7;G;5010;1240;0;6680;2440;2995
P167063919;P167063919_8;H;5010;0;0;6680;1200;2995
P167063919;P167063919_9;I;6680;0;0;8350;1200;2995
P167063919;P167063919_10;J;6680;1240;0;8350;2440;2995
P167063919;P167063919_11;K;8350;1240;0;10020;2440;2995
P167063919;P167063919_12;L;8350;0;0;10020;1200;2995
P167063919;P167063919_13;M;10020;0;0;11690;1200;2995
P167063919;P167063919_14;N;10020;1240;0;11690;2440;2995
P167063919;P167063919_15;O;11690;1240;0;13360;2440;2995
P167063919;P167063919_16;P;11690;0;0;13360;1200;2995
P166063909;P166063909_1;A;0;0;0;1670;1200;2995
P166063909;P166063909_2;B;0;1240;0;1670;2440;2995
P166063909;P166063909_3;C;1670;1240;0;3340;2440;2995
P166063909;P166063909_4;D;1670;0;0;3340;1200;2995
P166063909;P166063909_5;E;3340;0;0;5010;1200;2995
P166063909;P166063909_6;F;3340;1240;0;5010;2440;2995
P166063909;P166063909_7;G;5010;1240;0;6680;2440;2995
P166063909;P166063909_8;H;5010;0;0;6680;1200;2995
P166063909;P166063909_9;I;6680;0;0;8350;1200;2995
P166063909;P166063909_10;J;6680;1240;0;8350;2440;2995
P166063909;P166063909_11;K;8350;1240;0;10020;2440;2995
P166063909;P166063909_12;L;8350;0;0;10020;1200;2995
P166063919;P166063919_1;A;0;0;0;1670;1200;2995
P166063919;P166063919_2;B;0;1240;0;1670;2440;2995
P166063919;P166063919_3;C;1670;1240;0;3340;2440;2995
P166063919;P166063919_4;D;1670;0;0;3340;1200;2995
P166063919;P166063919_5;E;3340;0;0;5010;1200;2995
P166063919;P166063919_6;F;3340;1240;0;5010;2440;2995
P166063919;P166063919_7;G;5010;1240;0;6680;2440;2995
P166063919;P166063919_8;H;5010;0;0;6680;1200;2995
P166063919;P166063919_9;I;6680;0;0;8350;1200;2995
P166063919;P166063919_10;J;6680;1240;0;8350;2440;2995
P166063919;P166063919_11;K;8350;1240;0;10020;2440;2995
P166063919;P166063919_12;L;8350;0;0;10020;1200;2995
P166063919;P166063919_13;M;10020;0;0;11690;1200;2995
P166063919;P166063919_14;N;10020;1240;0;11690;2440;2995
P166063919;P166063919_15;O;11690;1240;0;13360;2440;2995
P166063919;P166063919_16;P;11690;0;0;13360;1200;2995
P165063909;P165063909_1;A;0;0;0;1670;1200;2995
P165063909;P165063909_2;B;0;1240;0;1670;2440;2995
P165063909;P165063909_3;C;1670;1240;0;3340;2440;2995
P165063909;P165063909_4;D;1670;0;0;3340;1200;2995
P165063909;P165063909_5;E;3340;0;0;5010;1200;2995
P165063909;P165063909_6;F;3340;1240;0;5010;2440;2995
P165063909;P165063909_7;G;5010;1240;0;6680;2440;2995
P165063909;P165063909_8;H;5010;0;0;6680;1200;2995
P165063909;P165063909_9;I;6680;0;0;8350;1200;2995
P165063909;P165063909_10;J;6680;1240;0;8350;2440;2995
P165063909;P165063909_11;K;8350;1240;0;10020;2440;2995
P179067505;P179067505_1;A;0;0;0;1000;1200;2835
P179067505;P179067505_2;B;0;1240;0;1000;2440;2835
P179067505;P179067505_3;C;1000;1240;0;2000;2440;2835
P179067505;P179067505_4;D;1000;0;0;2000;1200;2835
P179067505;P179067505_5;E;2000;0;0;3000;1200;2835
P179067505;P179067505_6;F;2000;1240;0;3000;2440;2835
P179067505;P179067505_7;G;3000;1240;0;4000;2440;2835
P179067505;P179067505_8;H;3000;0;0;4000;1200;2835
P179067505;P179067505_9;I;4000;0;0;5000;1200;2835
P179067505;P179067505_10;J;4000;1240;0;5000;2440;2835
P179067505;P179067505_11;K;5000;1240;0;6000;2440;2835
P179067505;P179067505_12;L;5000;0;0;6010;1206;2186
P179067505;P179067505_13;M;6000;1234;0;7010;2440;2186
P179067505;P179067505_14;N;6010;0;0;7010;1200;2835
P179067505;P179067505_15;O;7010;0;0;8010;1200;2835
P179067505;P179067505_16;P;7010;1240;0;8010;2440;2835
P179067505;P179067505_17;Q;8010;1240;0;9010;2440;2835
P179067505;P179067505_18;R;8010;0;0;9010;1200;2835
P179067505;P179067505_19;S;9010;0;0;10010;1200;2835
P179067505;P179067505_20;T;9010;1234;0;10020;2440;2186
P179067505;P179067505_21;U;10010;0;0;11020;1206;2186
P179067505;P179067505_22;V;10020;1240;0;11020;2440;2835
P179067505;P179067505_23;W;11020;1240;0;12020;2440;2835
P179067505;P179067505_24;X;11020;0;0;12030;1206;1578
P179067505;P179067505_25;Y;12020;1234;0;13030;2440;2484
P179067505;P179067505_26;Z;12030;0;0;13040;1206;1391
P179067501;P179067501_1;A;0;0;0;1000;1200;2835
P179067501;P179067501_2;B;0;1240;0;1000;2440;2835
P179067501;P179067501_3;C;1000;1240;0;2000;2440;2835
P179067501;P179067501_4;D;1000;0;0;2000;1200;2835
P179067501;P179067501_5;E;2000;0;0;3000;1200;2835
P179067501;P179067501_6;F;2000;1240;0;3000;2440;2835
P179067501;P179067501_7;G;3000;1240;0;4000;2440;2835
P179067501;P179067501_8;H;3000;0;0;4000;1200;2835
P179067501;P179067501_9;I;4000;0;0;5000;1200;2835
P179067501;P179067501_10;J;4000;1240;0;5000;2440;2835
P179067501;P179067501_11;K;5000;1240;0;6000;2440;2835
P179067501;P179067501_12;L;5000;0;0;6000;1200;2835
P179067501;P179067501_13;M;6000;0;0;7000;1200;2835
P179067501;P179067501_14;N;6000;1234;0;7010;2440;2186
P179067501;P179067501_15;O;7000;0;0;8010;1206;2186
P179067501;P179067501_16;P;7010;1240;0;8010;2440;2835
P179067501;P179067501_17;Q;8010;1240;0;9010;2440;2835
P179067501;P179067501_18;R;8010;0;0;9010;1200;2835
P179067501;P179067501_19;S;9010;0;0;10010;1200;2835
P179067501;P179067501_20;T;9010;1240;0;10010;2440;2835
P179067501;P179067501_21;U;10010;1240;0;11010;2440;2835
P179067501;P179067501_22;V;10010;0;0;11010;1200;2835
P179067501;P179067501_23;W;11010;0;0;12010;1200;2835
P179067501;P179067501_24;X;11010;1240;0;12010;2440;2835
P179067501;P179067501_25;Y;12010;1430;0;13216;2440;2186
P179067501;P179067501_26;Z;12010;0;0;13010;1200;2835
P178067501;P178067501_1;A;0;1234;0;1010;2440;2186
P178067501;P178067501_2;B;0;0;0;1010;1206;2186
P178067501;P178067501_3;C;1010;0;0;2020;1206;2186
P178067501;P178067501_4;D;1010;1234;0;2020;2440;2186
P178067501;P178067501_5;E;2020;1234;0;3030;2440;2186
P178067501;P178067501_6;F;2020;0;0;3030;1206;2186
P178067501;P178067501_7;G;3030;0;0;4040;1206;2186
P178067501;P178067501_8;H;3030;1234;0;4040;2440;2186
P178067501;P178067501_9;I;4040;1240;0;5040;2440;2835
P178067501;P178067501_10;J;4040;0;0;5040;1200;2835
P178067501;P178067501_11;K;5040;0;0;6040;1200;2835
P178067501;P178067501_12;L;5040;1240;0;6040;2440;2835
P178067501;P178067501_13;M;6040;1240;0;7040;2440;2835
P178067501;P178067501_14;N;6040;0;0;7040;1200;2835
P178067501;P178067501_15;O;7040;0;0;8040;1200;2835
P178067501;P178067501_16;P;7040;1240;0;8040;2440;2835
P178067501;P178067501_17;Q;8040;1240;0;9040;2440;2835
P178067501;P178067501_18;R;8040;0;0;9040;1200;2835
P178067501;P178067501_19;S;9040;0;0;10040;1200;2835
P178067501;P178067501_20;T;9040;1240;0;10040;2440;2835
P178067501;P178067501_21;U;10040;1240;0;11040;2440;2835
P178067501;P178067501_22;V;10040;0;0;11040;1200;2835
P178067501;P178067501_23;W;11040;0;0;12040;1200;2835
P178067501;P178067501_24;X;11040;1240;0;12040;2440;2835
P178067501;P178067501_25;Y;12040;1440;0;13240;2440;2835
P178067501;P178067501_26;Z;12040;0;0;13040;1200;2835
P177067501;P177067501_1;A;0;1234;0;1010;2440;2186
P177067501;P177067501_2;B;0;0;0;1010;1206;2186
P177067501;P177067501_3;C;1010;0;0;2020;1206;2186
P177067501;P177067501_4;D;1010;1234;0;2020;2440;2186
P177067501;P177067501_5;E;2020;1234;0;3030;2440;2186
P177067501;P177067501_6;F;2020;0;0;3020;1200;2835
P177067501;P177067501_7;G;3020;0;0;4020;1200;2835
P177067501;P177067501_8;H;3030;1240;0;4030;2440;2835
P177067501;P177067501_9;I;4020;0;0;5020;1200;2835
P177067501;P177067501_10;J;4030;1240;0;5030;2440;2835
P177067501;P177067501_11;K;5020;0;0;6020;1200;2835
P177067501;P177067501_12;L;5030;1240;0;6030;2440;2835
P177067501;P177067501_13;M;6020;0;0;7020;1200;2835
P177067501;P177067501_14;N;6030;1240;0;7030;2440;2835
P177067501;P177067501_15;O;7020;0;0;8020;1200;2835
P177067501;P177067501_16;P;7030;1240;0;8030;2440;2835
P177067501;P177067501_17;Q;8020;0;0;9020;1200;2835
P177067501;P177067501_18;R;8030;1240;0;9030;2440;2835
P177067501;P177067501_19;S;9020;0;0;10020;1200;2835
P177067501;P177067501_20;T;9030;1240;0;10030;2440;2835
P177067501;P177067501_21;U;10020;0;0;11020;1200;2835
P177067501;P177067501_22;V;10030;1240;0;11030;2440;2835
P177067501;P177067501_23;W;11020;0;0;12020;1200;2835
P177067501;P177067501_24;X;11030;1240;0;12030;2440;2835
P177067501;P177067501_25;Y;12020;0;0;13020;1200;2835
P177067501;P177067501_26;Z;12030;1240;0;13030;2440;2835
P174067501;P174067501_1;A;0;0;0;1010;1206;2186
P174067501;P174067501_2;B;0;1234;0;1010;2440;2186
P174067501;P174067501_3;C;1010;1234;0;2020;2440;2186
P174067501;P174067501_4;D;1010;0;0;2020;1206;2186
P174067501;P174067501_5;E;2020;0;0;3030;1206;2186
P174067501;P174067501_6;F;2020;1234;0;3030;2440;2186
P174067501;P174067501_7;G;3030;1234;0;4040;2440;2186
P174067501;P174067501_8;H;3030;0;0;4030;1200;2835
P174067501;P174067501_9;I;4030;0;0;5030;1200;2835
P174067501;P174067501_10;J;4040;1240;0;5040;2440;2835
P174067501;P174067501_11;K;5030;0;0;6030;1200;2835
P174067501;P174067501_12;L;5040;1240;0;6040;2440;2835
P174067501;P174067501_13;M;6030;0;0;7030;1200;2835
P174067501;P174067501_14;N;6040;1240;0;7040;2440;2835
P174067501;P174067501_15;O;7030;0;0;8030;1200;2835
P174067501;P174067501_16;P;7040;1240;0;8040;2440;2835
P174067501;P174067501_17;Q;8030;0;0;9030;1200;2835
P174067501;P174067501_18;R;8040;1240;0;9040;2440;2835
P174067501;P174067501_19;S;9030;0;0;10030;1200;2835
P174067501;P174067501_20;T;9040;1240;0;10040;2440;2835
P174067501;P174067501_21;U;10030;0;0;11030;1200;2835
P174067501;P174067501_22;V;10040;1240;0;11040;2440;2835
P174067501;P174067501_23;W;11030;0;0;12030;1200;2835
P174067501;P174067501_24;X;11040;1240;0;12040;2440;2835
P174067501;P174067501_25;Y;12030;0;0;13030;1200;2835
P174067501;P174067501_26;Z;12040;1240;0;13040;2440;2835
P173067501;P173067501_1;A;0;0;0;1010;1206;2186
P173067501;P173067501_2;B;0;1234;0;1010;2440;2186
P173067501;P173067501_3;C;1010;1234;0;2020;2440;2186
P173067501;P173067501_4;D;1010;0;0;2020;1206;2186
P173067501;P173067501_5;E;2020;0;0;3030;1206;2186
P173067501;P173067501_6;F;2020;1234;0;3030;2440;2186
P173067501;P173067501_7;G;3030;1234;0;4040;2440;2186
P173067501;P173067501_8;H;3030;0;0;4040;1206;2186
P173067501;P173067501_9;I;4040;0;0;5050;1206;2186
P173067501;P173067501_10;J;4040;1234;0;5050;2440;2186
P173067501;P173067501_11;K;5050;1240;0;6050;2440;2835
P173067501;P173067501_12;L;5050;0;0;6050;1200;2835
P173067501;P173067501_13;M;6050;0;0;7050;1200;2835
P173067501;P173067501_14;N;6050;1240;0;7050;2440;2835
P173067501;P173067501_15;O;7050;1240;0;8050;2440;2835
P173067501;P173067501_16;P;7050;0;0;8050;1200;2835
P173067501;P173067501_17;Q;8050;0;0;9050;1200;2835
P173067501;P173067501_18;R;8050;1240;0;9050;2440;2835
P173067501;P173067501_19;S;9050;1240;0;10050;2440;2835
P173067501;P173067501_20;T;9050;0;0;10050;1200;2835
P173067501;P173067501_21;U;10050;0;0;11050;1200;2835
P173067501;P173067501_22;V;10050;1240;0;11050;2440;2835
P173067501;P173067501_23;W;11050;1240;0;12050;2440;2835
P173067501;P173067501_24;X;11050;0;0;12050;1200;2835
P173067501;P173067501_25;Y;12050;0;0;13250;1000;2835
P173067501;P173067501_26;Z;12050;1240;0;13050;2440;2835
P172067505;P172067505_1;A;0;1234;0;1010;2440;2186
P172067505;P172067505_2;B;0;0;0;1010;1206;2186
P172067505;P172067505_3;C;1010;0;0;2020;1206;2186
P172067505;P172067505_4;D;1010;1234;0;2020;2440;2186
P172067505;P172067505_5;E;2020;1234;0;3030;2440;2186
P172067505;P172067505_6;F;2020;0;0;3020;1200;2835
P172067505;P172067505_7;G;3020;0;0;4020;1200;2835
P172067505;P172067505_8;H;3030;1240;0;4030;2440;2835
P172067505;P172067505_9;I;4020;0;0;5020;1200;2835
P172067505;P172067505_10;J;4030;1234;0;5040;2440;2186
P172067505;P172067505_11;K;5020;0;0;6030;1206;2186
P172067505;P172067505_12;L;5040;1234;0;6050;2440;2186
P172067505;P172067505_13;M;6030;0;0;7030;1200;2835
P172067505;P172067505_14;N;6050;1240;0;7050;2440;2835
P172067505;P172067505_15;O;7030;0;0;8030;1200;2835
P172067505;P172067505_16;P;7050;1240;0;8050;2440;2835
P172067505;P172067505_17;Q;8030;0;0;9030;1200;2835
P172067505;P172067505_18;R;8050;1240;0;9050;2440;2835
P172067505;P172067505_19;S;9030;0;0;10030;1200;2835
P172067505;P172067505_20;T;9050;1240;0;10050;2440;2835
P172067505;P172067505_21;U;10030;0;0;11040;1206;2186
P172067505;P172067505_22;V;10050;1234;0;11060;2440;1093
P172067505;P172067505_23;W;11040;0;0;12040;1200;1905
P172067505;P172067505_24;X;11060;1234;0;12070;2440;2186
P172067505;P172067505_25;Y;12040;0;0;13050;1206;2186
P172067505;P172067505_26;Z;12070;1234;0;13080;2440;2548
P172067501;P172067501_1;A;0;1234;0;1010;2440;2186
P172067501;P172067501_2;B;0;0;0;1010;1206;2186
P172067501;P172067501_3;C;1010;0;0;2020;1206;2186
P172067501;P172067501_4;D;1010;1234;0;2020;2440;2186
P172067501;P172067501_5;E;2020;1234;0;3030;2440;2186
P172067501;P172067501_6;F;2020;0;0;3030;1206;2186
P172067501;P172067501_7;G;3030;0;0;4040;1206;2186
P172067501;P172067501_8;H;3030;1240;0;4030;2440;2835
P172067501;P172067501_9;I;4030;1240;0;5030;2440;2835
P172067501;P172067501_10;J;4040;0;0;5050;1206;2186
P172067501;P172067501_11;K;5030;1234;0;6040;2440;2186
P172067501;P172067501_12;L;5050;0;0;6050;1200;2835
P172067501;P172067501_13;M;6040;1234;0;7050;2440;2186
P172067501;P172067501_14;N;6050;0;0;7060;1206;2186
P172067501;P172067501_15;O;7050;1240;0;8050;2440;2835
P172067501;P172067501_16;P;7060;0;0;8060;1200;2835
P172067501;P172067501_17;Q;8050;1240;0;9050;2440;2835
P172067501;P172067501_18;R;8060;0;0;9060;1200;2835
P172067501;P172067501_19;S;9050;1240;0;10050;2440;2835
P172067501;P172067501_20;T;9060;0;0;10070;1206;2186
P172067501;P172067501_21;U;10050;1234;0;11060;2440;1093
P172067501;P172067501_22;V;10070;0;0;11070;1200;2835
P172067501;P172067501_23;W;11060;1240;0;12060;2440;2835
P172067501;P172067501_24;X;11070;0;0;12070;1200;2835
P172067501;P172067501_25;Y;12060;1240;0;13060;2440;2835
P172067501;P172067501_26;Z;12070;0;0;13070;1200;975
P171067501;P171067501_1;A;0;0;0;1000;1200;2835
P171067501;P171067501_2;B;0;1240;0;1000;2440;2835
P171067501;P171067501_3;C;1000;1234;0;2010;2440;2186
P171067501;P171067501_4;D;1000;0;0;2010;1206;2186
P171067501;P171067501_5;E;2010;0;0;3020;1206;2186
P171067501;P171067501_6;F;2010;1240;0;3010;2440;2835
P171067501;P171067501_7;G;3010;1240;0;4010;2440;2835
P171067501;P171067501_8;H;3020;0;0;4020;1200;2835
P171067501;P171067501_9;I;4010;1240;0;5010;2440;2835
P171067501;P171067501_10;J;4020;0;0;5020;1200;2835
P171067501;P171067501_11;K;5010;1240;0;6010;2440;2835
P171067501;P171067501_12;L;5020;0;0;6020;1200;2835
P171067501;P171067501_13;M;6010;1240;0;7010;2440;2835
P171067501;P171067501_14;N;6020;0;0;7020;1200;2835
P171067501;P171067501_15;O;7010;1234;0;8020;2440;2186
P171067501;P171067501_16;P;7020;0;0;8030;1206;2186
P171067501;P171067501_17;Q;8020;1234;0;9030;2440;2186
P171067501;P171067501_18;R;8030;0;0;9030;1200;2835
P171067501;P171067501_19;S;9030;1240;0;10030;2440;2835
P171067501;P171067501_20;T;9030;0;0;10030;1200;2835
P171067501;P171067501_21;U;10030;0;0;11030;1200;2835
P171067501;P171067501_22;V;10030;1240;0;11030;2440;2835
P171067501;P171067501_23;W;11030;1240;0;12030;2440;2835
P171067501;P171067501_24;X;11030;0;0;12030;1200;2835
P171067501;P171067501_25;Y;12030;0;0;13230;1000;2835
P171067501;P171067501_26;Z;12030;1240;0;13030;2440;2835
P170067501;P170067501_1;A;0;0;0;1000;1200;2835
P170067501;P170067501_2;B;0;1200;0;1000;2400;2835
P170067501;P170067501_3;C;1000;1240;0;2000;2440;2835
P170067501;P170067501_4;D;1000;0;0;2000;1200;2835
P170067501;P170067501_5;E;2000;0;0;3000;1200;2835
P170067501;P170067501_6;F;2000;1240;0;3000;2440;2835
P170067501;P170067501_7;G;3000;1240;0;4000;2440;2835
P170067501;P170067501_8;H;3000;0;0;4000;1200;2835
P170067501;P170067501_9;I;4000;0;0;5000;1200;2835
P170067501;P170067501_10;J;4000;1240;0;5000;2440;2835
P170067501;P170067501_11;K;5000;1240;0;6000;2440;2835
P170067501;P170067501_12;L;5000;0;0;6000;1200;2835
P170067501;P170067501_13;M;6000;0;0;7010;1206;2186
P170067501;P170067501_14;N;6000;1234;0;7010;2440;2186
P170067501;P170067501_15;O;7010;1234;0;8020;2440;2186
P170067501;P170067501_16;P;7010;0;0;8020;1206;2186
P170067501;P170067501_17;Q;8020;0;0;9020;1200;2835
P170067501;P170067501_18;R;8020;1240;0;9020;2440;2835
P170067501;P170067501_19;S;9020;1240;0;10020;2440;2835
P170067501;P170067501_20;T;9020;0;0;10020;1200;2835
P170067501;P170067501_21;U;10020;0;0;11020;1200;2835
P170067501;P170067501_22;V;10020;1240;0;11020;2440;2835
P170067501;P170067501_23;W;11020;1240;0;12020;2440;2835
P170067501;P170067501_24;X;11020;0;0;12020;1200;2835
P170067501;P170067501_25;Y;12020;0;0;13220;1000;2835
P170067501;P170067501_26;Z;12020;1240;0;13020;2440;2835
P167067501;P167067501_1;A;0;0;0;1010;1206;2186
P167067501;P167067501_2;B;0;1234;0;1010;2440;2186
P167067501;P167067501_3;C;1010;1234;0;2020;2440;2186
P167067501;P167067501_4;D;1010;0;0;2010;1200;1905
P167067501;P167067501_5;E;2010;0;0;3020;1206;2186
P167067501;P167067501_6;F;2020;1234;0;3030;2440;2186
P167067501;P167067501_7;G;3020;0;0;4030;1206;2186
P167067501;P167067501_8;H;3030;1234;0;4040;2440;2186
P167067501;P167067501_9;I;4030;0;0;5030;1200;2835
P167067501;P167067501_10;J;4040;1240;0;5040;2440;2835
P167067501;P167067501_11;K;5030;0;0;6030;1200;2835
P167067501;P167067501_12;L;5040;1240;0;6040;2440;2835
P167067501;P167067501_13;M;6030;0;0;7030;1200;2835
P167067501;P167067501_14;N;6040;1240;0;7040;2440;2835
P167067501;P167067501_15;O;7030;0;0;8030;1200;2835
P167067501;P167067501_16;P;7040;1240;0;8040;2440;2835
P167067501;P167067501_17;Q;8030;0;0;9030;1200;2835
P167067501;P167067501_18;R;8040;1240;0;9040;2440;2835
P167067501;P167067501_19;S;9030;0;0;10030;1200;2835
P167067501;P167067501_20;T;9040;1240;0;10040;2440;2835
P167067501;P167067501_21;U;10030;0;0;11030;1200;2835
P167067501;P167067501_22;V;10040;1240;0;11040;2440;2835
P167067501;P167067501_23;W;11030;0;0;12030;1200;2835
P167067501;P167067501_24;X;11040;1240;0;12040;2440;2835
P167067501;P167067501_25;Y;12030;0;0;13030;1200;2835
P167067501;P167067501_26;Z;12040;1240;0;13040;2440;2835
Q167067501_1;Q167067501_1_1;A;0;0;0;1000;1200;1905
Q167067501_1;Q167067501_1_2;B;0;1234;0;1010;2440;2186
Q167067501_1;Q167067501_1_3;C;1000;0;0;2010;1206;2186
Q167067501_1;Q167067501_1_4;D;1010;1234;0;2020;2440;2186
Q167067501_1;Q167067501_1_5;E;2010;0;0;3020;1206;2186
Q167067501_1;Q167067501_1_6;F;2020;1240;0;3020;2440;1905
Q167067501_1;Q167067501_1_7;G;3020;1240;0;4020;2440;1905
Q167067501_1;Q167067501_1_8;H;3020;0;0;4020;1200;975
P178355303;P178355303_1;A;0;0;0;1000;1200;2700
P178355303;P178355303_2;B;0;1220;0;1000;2420;2700
P178355303;P178355303_3;C;1000;620;0;2000;1820;2700
P178355303;P178355303_4;D;2000;1240;0;3000;2440;2700
P178355303;P178355303_5;E;2000;0;0;3000;1200;2700
P178355303;P178355303_6;F;3000;1240;0;4000;2440;2700
P178355303;P178355303_7;G;3000;0;0;4000;1200;2700
P178355303;P178355303_8;H;4000;0;0;5000;1200;2700
P178355303;P178355303_9;I;4000;1240;0;5000;2440;2700
P178355303;P178355303_10;J;5000;1240;0;6000;2440;2700
P178355303;P178355303_11;K;5000;0;0;6000;1200;2700
P178355303;P178355303_12;L;6000;0;0;7000;1200;2700
P178355303;P178355303_13;M;6000;1240;0;7000;2440;2700
P178355303;P178355303_14;N;7000;1240;0;8000;2440;2700
P178355303;P178355303_15;O;7000;0;0;8000;1200;2700
P178355303;P178355303_16;P;8000;0;0;9000;1200;2700
P178355303;P178355303_17;Q;8000;1240;0;9000;2440;2700
P178355303;P178355303_18;R;9000;1240;0;10000;2440;2700
P178355303;P178355303_19;S;9000;0;0;10000;1200;2700
P178355303;P178355303_20;T;10000;0;0;11000;1200;2700
P178355303;P178355303_21;U;10000;1240;0;11000;2440;2700
P178355303;P178355303_22;V;11000;1240;0;12000;2440;2700
P178355303;P178355303_23;W;11000;0;0;12000;1200;2700
P178355303;P178355303_24;X;12000;0;0;13200;1000;2700
P178355303;P178355303_25;Y;12000;1240;0;13000;2440;2700
Q178355303_1;Q178355303_1_1;A;0;620;0;1000;1820;1815
Q178355303_1;Q178355303_1_2;B;1000;620;0;2000;1820;2700
Q178355303_1;Q178355303_1_3;C;2000;1240;0;3000;2440;2700
Q178355303_1;Q178355303_1_4;D;2000;20;0;3000;1220;2700
Q178355303_1;Q178355303_1_5;E;3000;620;0;4000;1820;2700
Q178355303_1;Q178355303_1_6;F;4000;1240;0;5000;2440;2700
Q178355303_1;Q178355303_1_7;G;4000;0;0;5000;1200;2700
Q178355303_1;Q178355303_1_8;H;5000;0;0;6000;1200;2700
Q178355303_1;Q178355303_1_9;I;5000;1240;0;6000;2440;1905
Q178355303_1;Q178355303_1_10;J;6000;1240;0;7000;2440;1905
Q178355303_1;Q178355303_1_11;K;6000;0;0;7000;1200;1905
Q178355303_1;Q178355303_1_12;L;7000;0;0;8000;1200;1905
Q178355303_1;Q178355303_1_13;M;7000;1240;0;8000;2440;2700
Q178355303_1;Q178355303_1_14;N;8000;1240;0;9000;2440;2700
Q178355303_1;Q178355303_1_15;O;8000;0;0;9000;1200;2700
Q178355303_1;Q178355303_1_16;P;9000;0;0;10000;1200;1815
Q178355303_1;Q178355303_1_17;Q;9000;1660;0;9570;2440;1340
Q178355303_1;Q178355303_1_18;R;9570;1660;0;10140;2440;478
Q178355303_1;Q178355303_1_19;S;10000;0;0;13000;1200;2455
Q178355303_1;Q178355303_1_20;T;10140;1240;0;13140;2440;2455
P177355301;P177355301_1;A;0;1660;0;570;2440;1340
P177355301;P177355301_2;B;0;440;0;570;1220;1340
P177355301;P177355301_3;C;570;830;0;1140;1610;478
P177355301;P177355301_4;D;1140;1240;0;2140;2440;2700
P177355301;P177355301_5;E;1140;0;0;2140;1200;2700
P177355301;P177355301_6;F;2140;0;0;3140;1200;2700
P177355301;P177355301_7;G;2140;1220;0;3140;2420;2700
P177355301;P177355301_8;H;3140;1240;0;4140;2440;2700
P177355301;P177355301_9;I;3140;0;0;4140;1200;2700
P177355301;P177355301_10;J;4140;0;0;5140;1200;2700
P177355301;P177355301_11;K;4140;1240;0;5140;2440;2700
P177355301;P177355301_12;L;5140;1240;0;6140;2440;2700
P177355301;P177355301_13;M;5140;0;0;6140;1200;2700
P177355301;P177355301_14;N;6140;0;0;7140;1200;2700
P177355301;P177355301_15;O;6140;1240;0;7140;2440;2700
P177355301;P177355301_16;P;7140;1240;0;8140;2440;2700
P177355301;P177355301_17;Q;7140;0;0;8140;1200;2700
P177355301;P177355301_18;R;8140;0;0;9140;1200;2700
P177355301;P177355301_19;S;8140;1240;0;9140;2440;2700
P177355301;P177355301_20;T;9140;1240;0;10140;2440;2700
P177355301;P177355301_21;U;9140;0;0;10140;1200;2700
P177355301;P177355301_22;V;10140;0;0;11140;1200;2700
P177355301;P177355301_23;W;10140;1240;0;11140;2440;2700
P177355301;P177355301_24;X;11140;1240;0;12140;2440;2700
P177355301;P177355301_25;Y;11140;0;0;12140;1200;930
P177355301;P177355301_26;Z;12140;0;0;13340;1000;1905
P177355301;P177355301_27;AA;12140;1440;0;13340;2440;1905
P174355303;P174355303_1;A;0;620;0;1000;1820;1860
P174355303;P174355303_2;B;1000;1240;0;2000;2440;2700
P174355303;P174355303_3;C;1000;0;0;2000;1200;2700
P174355303;P174355303_4;D;2000;1240;0;3000;2440;1905
P174355303;P174355303_5;E;2000;0;0;2570;780;909
P174355303;P174355303_6;F;2570;0;0;5570;1200;2455
P174355303;P174355303_7;G;3000;1240;0;6000;2440;2455
P174355303;P174355303_8;H;5570;0;0;8570;1200;2455
P174355303;P174355303_9;I;6000;1240;0;7500;2440;2455
P174355303;P174355303_10;J;7500;1240;0;9000;2440;2455
P174355303;P174355303_11;K;8570;0;0;10070;1200;2455
P174355303;P174355303_12;L;9000;1240;0;12000;2440;2455
P174355303;P174355303_13;M;10070;0;0;13070;1200;2455
P174355303;P174355303_14;N;12000;1240;0;13500;2440;2455
P173355305;P173355305_1;A;0;0;0;1000;1200;2835
P173355305;P173355305_2;B;0;1240;0;1000;2440;2835
P173355305;P173355305_3;C;1000;1240;0;2000;2440;2835
P173355305;P173355305_4;D;1000;0;0;2000;1200;2835
P173355305;P173355305_5;E;2000;0;0;3000;1200;2835
P173355305;P173355305_6;F;2000;1240;0;3000;2440;2835
P173355305;P173355305_7;G;3000;1240;0;4000;2440;2835
P173355305;P173355305_8;H;3000;0;0;4000;1200;2835
P173355305;P173355305_9;I;4000;0;0;5000;1200;2835
P173355305;P173355305_10;J;4000;1240;0;5000;2440;2835
P173355305;P173355305_11;K;5000;1240;0;6000;2440;2700
P173355305;P173355305_12;L;5000;0;0;6000;1200;2700
P173355305;P173355305_13;M;6000;0;0;7000;1200;2700
P173355305;P173355305_14;N;6000;1240;0;7000;2440;2700
P173355305;P173355305_15;O;7000;1240;0;8000;2440;1905
P173355305;P173355305_16;P;7000;0;0;7570;780;1340
P173355305;P173355305_17;Q;7570;0;0;8570;1200;2700
P173355305;P173355305_18;R;8000;1240;0;9000;2440;1905
P173355305;P173355305_19;S;8570;0;0;9580;1206;2170
P173355305;P173355305_20;T;9000;1234;0;10010;2440;2170
P173355305;P173355305_21;U;9580;0;0;10590;1206;2170
P173355305;P173355305_22;V;10010;1234;0;11020;2440;2170
P173355305;P173355305_23;W;10590;0;0;11600;1206;2170
P173355305;P173355305_24;X;11020;1234;0;12030;2440;2170
P173355305;P173355305_25;Y;11600;0;0;12600;1200;2835
P173355305;P173355305_26;Z;12030;1240;0;13030;2440;975
P173355301;P173355301_1;A;0;0;0;1000;1200;2700
P173355301;P173355301_2;B;0;1220;0;1000;2420;2700
P173355301;P173355301_3;C;1000;620;0;2000;1820;2700
P173355301;P173355301_4;D;2000;1240;0;3000;2440;2700
P173355301;P173355301_5;E;2000;0;0;3000;1200;2700
P173355301;P173355301_6;F;3000;1240;0;4000;2440;2700
P173355301;P173355301_7;G;3000;0;0;4000;1200;2700
P173355301;P173355301_8;H;4000;0;0;5000;1200;2700
P173355301;P173355301_9;I;4000;1240;0;5000;2440;2700
P173355301;P173355301_10;J;5000;1240;0;6000;2440;2700
P173355301;P173355301_11;K;5000;0;0;6000;1200;2700
P173355301;P173355301_12;L;6000;0;0;7000;1200;2700
P173355301;P173355301_13;M;6000;1240;0;7000;2440;2700
P173355301;P173355301_14;N;7000;1240;0;8000;2440;2700
P173355301;P173355301_15;O;7000;0;0;8000;1200;2700
P173355301;P173355301_16;P;8000;0;0;9000;1200;2700
P173355301;P173355301_17;Q;8000;1240;0;9000;2440;2700
P173355301;P173355301_18;R;9000;1240;0;10000;2440;2700
P173355301;P173355301_19;S;9000;0;0;10000;1200;2700
P173355301;P173355301_20;T;10000;0;0;11000;1200;2700
P173355301;P173355301_21;U;10000;1240;0;11000;2440;2700
P173355301;P173355301_22;V;11000;1240;0;12000;2440;2700
P173355301;P173355301_23;W;11000;0;0;12000;1200;2700
P173355301;P173355301_24;X;12000;0;0;13200;1000;2700
P173355301;P173355301_25;Y;12000;1240;0;13000;2440;2700
P172355301;P172355301_1;A;0;830;0;570;1610;1340
P172355301;P172355301_2;B;570;620;0;1570;1820;2700
P172355301;P172355301_3;C;1570;620;0;2570;1820;1860
P172355301;P172355301_4;D;2570;1240;0;3570;2440;2700
P172355301;P172355301_5;E;2570;0;0;3570;1200;2700
P172355301;P172355301_6;F;3570;0;0;4570;1200;2700
P172355301;P172355301_7;G;3570;1240;0;4570;2440;2700
P172355301;P172355301_8;H;4570;1240;0;5570;2440;2700
P172355301;P172355301_9;I;4570;0;0;5570;1200;2700
P172355301;P172355301_10;J;5570;0;0;6570;1200;2700
P172355301;P172355301_11;K;5570;1240;0;6570;2440;2700
P172355301;P172355301_12;L;6570;1240;0;7570;2440;2700
P172355301;P172355301_13;M;6570;0;0;7570;1200;2700
P172355301;P172355301_14;N;7570;0;0;8570;1200;2700
P172355301;P172355301_15;O;7570;1240;0;8570;2440;2700
P172355301;P172355301_16;P;8570;1240;0;9570;2440;2700
P172355301;P172355301_17;Q;8570;0;0;9570;1200;2700
P172355301;P172355301_18;R;9570;0;0;10570;1200;2700
P172355301;P172355301_19;S;9570;1240;0;10570;2440;2700
P172355301;P172355301_20;T;10570;1660;0;11140;2440;478
P172355301;P172355301_21;U;10570;0;0;11570;1200;1815
P172355301;P172355301_22;V;11140;1240;0;12140;2440;1905
P172355301;P172355301_23;W;11570;0;0;12570;1200;1905
P171355303;P171355303_1;A;0;0;0;570;780;909
P171355303;P171355303_2;B;0;1240;0;1000;2440;2700
P171355303;P171355303_3;C;570;0;0;1570;1200;2700
P171355303;P171355303_4;D;1000;1240;0;2000;2440;1815
P171355303;P171355303_5;E;1570;0;0;2570;1200;1905
P171355303;P171355303_6;F;2000;1240;0;3000;2440;975
P171355303;P171355303_7;G;2570;0;0;5570;1200;2455
P171355303;P171355303_8;H;3000;1240;0;4500;2440;2455
P171355303;P171355303_9;I;4500;1240;0;7500;2440;2455
P171355303;P171355303_10;J;5570;0;0;8570;1200;2455
P171355303;P171355303_11;K;7500;1240;0;10500;2440;2455
P171355303;P171355303_12;L;8570;0;0;11570;1200;2455
P171355303;P171355303_13;M;10500;1240;0;13500;2440;2455
P171355303;P171355303_14;N;11570;0;0;13070;1200;2455
P170355301;P170355301_1;A;0;0;0;1000;1200;2700
P170355301;P170355301_2;B;0;1200;0;1000;2400;2700
P170355301;P170355301_3;C;1000;1240;0;2000;2440;2700
P170355301;P170355301_4;D;1000;0;0;2000;1200;2700
P170355301;P170355301_5;E;2000;0;0;3000;1200;2700
P170355301;P170355301_6;F;2000;1200;0;3000;2400;2700
P170355301;P170355301_7;G;3000;620;0;4000;1820;2700
P170355301;P170355301_8;H;4000;1240;0;5000;2440;2700
P170355301;P170355301_9;I;4000;20;0;5000;1220;2700
P170355301;P170355301_10;J;5000;620;0;6000;1820;2700
P170355301;P170355301_11;K;6000;1240;0;7000;2440;1905
P170355301;P170355301_12;L;6000;0;0;7000;1200;1905
P170355301;P170355301_13;M;7000;1240;0;8000;2440;1860
P170355301;P170355301_14;N;7000;0;0;8000;1200;2700
P170355301;P170355301_15;O;8000;0;0;9000;1200;2700
P170355301;P170355301_16;P;8000;1240;0;9000;2440;2700
P170355301;P170355301_17;Q;9000;1240;0;10000;2440;2700
P170355301;P170355301_18;R;9000;0;0;10000;1200;2700
P170355301;P170355301_19;S;10000;0;0;11000;1200;2700
P170355301;P170355301_20;T;10000;1240;0;11000;2440;2700
P170355301;P170355301_21;U;11000;1240;0;12000;2440;2700
P170355301;P170355301_22;V;11000;0;0;12000;1200;2700
P170355301;P170355301_23;W;12000;0;0;13200;1000;2700
P170355301;P170355301_24;X;12000;1240;0;13000;2440;2700
P167355303;P167355303_1;A;0;1240;0;1000;2440;2700
P167355303;P167355303_2;B;0;20;0;1000;1220;2700
P167355303;P167355303_3;C;1000;620;0;2000;1820;2700
P167355303;P167355303_4;D;2000;830;0;2570;1610;1340
P167355303;P167355303_5;E;2570;620;0;3570;1820;2700
P167355303;P167355303_6;F;3570;1240;0;4570;2440;2700
P167355303;P167355303_7;G;3570;0;0;4570;1200;2700
P167355303;P167355303_8;H;4570;0;0;5570;1200;2700
P167355303;P167355303_9;I;4570;1240;0;5570;2440;2700
P167355303;P167355303_10;J;5570;1240;0;6570;2440;2700
P167355303;P167355303_11;K;5570;0;0;6140;780;1340
P167355303;P167355303_12;L;6140;0;0;7140;1200;1905
P167355303;P167355303_13;M;6570;1240;0;8070;2440;2455
P167355303;P167355303_14;N;7140;0;0;10140;1200;2455
P167355303;P167355303_15;O;8070;1240;0;9570;2440;2455
P167355303;P167355303_16;P;9570;1240;0;12570;2440;2455
P167355303;P167355303_17;Q;10140;0;0;13140;1200;1250
P167355301;P167355301_1;A;0;0;0;570;780;478
P167355301;P167355301_2;B;0;1240;0;1000;2440;930
P167355301;P167355301_3;C;570;0;0;1570;1200;930
P167355301;P167355301_4;D;1000;1220;0;2000;2420;930
P167355301;P167355301_5;E;1570;0;0;2570;1200;2700
P167355301;P167355301_6;F;2000;1220;0;3000;2420;2700
P167355301;P167355301_7;G;2570;0;0;3570;1200;2700
P167355301;P167355301_8;H;3000;1220;0;4000;2420;2700
P167355301;P167355301_9;I;3570;10;0;4570;1210;2700
P167355301;P167355301_10;J;4000;1225;0;5000;2425;2700
P167355301;P167355301_11;K;4570;0;0;5570;1200;2700
P167355301;P167355301_12;L;5000;1220;0;6000;2420;2700
P167355301;P167355301_13;M;5570;10;0;6570;1210;2700
P167355301;P167355301_14;N;6000;1240;0;7000;2440;2700
P167355301;P167355301_15;O;6570;0;0;7570;1200;2700
P167355301;P167355301_16;P;7000;1660;0;7570;2440;478
P167355301;P167355301_17;Q;7570;1240;0;8570;2440;2700
P167355301;P167355301_18;R;7570;0;0;8570;1200;2700
P167355301;P167355301_19;S;8570;0;0;9570;1200;2700
P167355301;P167355301_20;T;8570;1240;0;9570;2440;2700
P167355301;P167355301_21;U;9570;1240;0;10570;2440;2700
P167355301;P167355301_22;V;9570;0;0;10570;1200;1815
P167355301;P167355301_23;W;10570;0;0;11570;1200;975
P209066705;P209066705_1;A;0;1234;0;1010;2440;2302
P209066705;P209066705_2;B;0;0;0;1010;1206;2302
P209066705;P209066705_3;C;1010;0;0;2020;1206;2302
P209066705;P209066705_4;D;1010;1234;0;2020;2440;2302
P209066705;P209066705_5;E;2020;1234;0;3030;2440;2302
P209066705;P209066705_6;F;2020;0;0;3030;1206;2302
P209066705;P209066705_7;G;3030;0;0;4040;1206;2302
P209066705;P209066705_8;H;3030;1240;0;4030;2440;1870
P209066705;P209066705_9;I;4030;1240;0;5030;2440;2540
P209066705;P209066705_10;J;4040;0;0;5040;1200;1595
P209066705;P209066705_11;K;5030;1240;0;6030;2440;1595
P209066705;P209066705_12;L;5040;0;0;6040;1200;1595
P209066705;P209066705_13;M;6030;1240;0;7030;2440;1595
P209066705;P209066705_14;N;6040;0;0;7040;1200;1595
P209066705;P209066705_15;O;7030;1240;0;8030;2440;1595
P209066705;P209066705_16;P;7040;0;0;8040;1200;1595
P209066705;P209066705_17;Q;8030;1240;0;9030;2440;1595
P209066705;P209066705_18;R;8040;0;0;9040;1200;1595
P209066705;P209066705_19;S;9030;1240;0;10030;2440;1595
P209066705;P209066705_20;T;9040;0;0;10040;1200;1595
P209066705;P209066705_21;U;10030;1240;0;11030;2440;1595
P209066705;P209066705_22;V;10040;0;0;11040;1200;1595
P209066705;P209066705_23;W;11030;1240;0;12030;2440;1595
P209066705;P209066705_24;X;11040;0;0;12040;1200;1595
P209066705;P209066705_25;Y;12030;1240;0;13030;2440;1595
P209066705;P209066705_26;Z;12040;0;0;13040;1200;1595
P208066703;P208066703_1;A;0;1234;0;1010;2440;2733
P208066703;P208066703_2;B;0;0;0;1010;1206;2302
P208066703;P208066703_3;C;1010;0;0;2020;1206;2302
P208066703;P208066703_4;D;1010;1234;0;2020;2440;2302
P208066703;P208066703_5;E;2020;1234;0;3030;2440;2482
P208066703;P208066703_6;F;2020;0;0;3030;1206;2662
P208066703;P208066703_7;G;3030;0;0;4040;1206;2482
P208066703;P208066703_8;H;3030;1234;0;4040;2440;2302
P208066703;P208066703_9;I;4040;1234;0;5050;2440;2302
P208066703;P208066703_10;J;4040;0;0;5050;1206;2302
P208066703;P208066703_11;K;5050;0;0;6060;1206;2302
P208066703;P208066703_12;L;5050;1234;0;6060;2440;2482
P208066703;P208066703_13;M;6060;1234;0;7070;2440;2662
P208066703;P208066703_14;N;6060;0;0;7070;1206;2302
P208066703;P208066703_15;O;7070;0;0;8080;1206;1151
P208066703;P208066703_16;P;7070;1240;0;8070;2440;2030
P208066703;P208066703_17;Q;8070;1240;0;9070;2440;1595
P208066703;P208066703_18;R;8080;0;0;9080;1200;1595
P208066703;P208066703_19;S;9070;1240;0;10070;2440;1595
P208066703;P208066703_20;T;9080;0;0;10080;1200;1595
P208066703;P208066703_21;U;10070;1240;0;11070;2440;1595
P208066703;P208066703_22;V;10080;0;0;11080;1200;1595
P208066703;P208066703_23;W;11070;1240;0;12070;2440;1595
P208066703;P208066703_24;X;11080;0;0;12080;1200;1595
P208066703;P208066703_25;Y;12070;1240;0;13070;2440;1595
P208066703;P208066703_26;Z;12080;0;0;13080;1200;1595
P207066703;P207066703_1;A;0;0;0;1010;1206;2482
P207066703;P207066703_2;B;0;1234;0;1010;2440;2482
P207066703;P207066703_3;C;1010;1234;0;2020;2440;2302
P207066703;P207066703_4;D;1010;0;0;2020;1206;2482
P207066703;P207066703_5;E;2020;0;0;3030;1206;2302
P207066703;P207066703_6;F;2020;1234;0;3030;2440;2302
P207066703;P207066703_7;G;3030;1234;0;4040;2440;2302
P207066703;P207066703_8;H;3030;0;0;4040;1206;2302
P207066703;P207066703_9;I;4040;0;0;5040;1200;2590
P207066703;P207066703_10;J;4040;1240;0;5040;2440;1595
P207066703;P207066703_11;K;5040;1240;0;6040;2440;1595
P207066703;P207066703_12;L;5040;0;0;6040;1200;1595
P207066703;P207066703_13;M;6040;0;0;7040;1200;1595
P207066703;P207066703_14;N;6040;1240;0;7040;2440;1595
P207066703;P207066703_15;O;7040;1240;0;8040;2440;1595
P207066703;P207066703_16;P;7040;0;0;8040;1200;1595
P207066703;P207066703_17;Q;8040;0;0;9040;1200;1595
P207066703;P207066703_18;R;8040;1240;0;9040;2440;1595
P207066703;P207066703_19;S;9040;1240;0;10040;2440;1595
P206066703;P206066703_1;A;0;1234;0;1010;2440;2482
P206066703;P206066703_2;B;0;0;0;1010;1206;2302
P206066703;P206066703_3;C;1010;0;0;2020;1206;2482
P206066703;P206066703_4;D;1010;1234;0;2020;2440;2302
P206066703;P206066703_5;E;2020;1234;0;3030;2440;2302
P206066703;P206066703_6;F;2020;0;0;3030;1206;2302
P206066703;P206066703_7;G;3030;0;0;4040;1206;1151
P206066703;P206066703_8;H;3030;1240;0;4030;2440;2030
P206066703;P206066703_9;I;4030;1240;0;5030;2440;2540
P206066703;P206066703_10;J;4040;0;0;5040;1200;1595
P206066703;P206066703_11;K;5030;1240;0;6030;2440;1595
P206066703;P206066703_12;L;5040;0;0;6040;1200;1595
P206066703;P206066703_13;M;6030;1240;0;7030;2440;1595
P206066703;P206066703_14;N;6040;0;0;7040;1200;1595
P206066703;P206066703_15;O;7030;1240;0;8030;2440;1595
P206066703;P206066703_16;P;7040;0;0;8040;1200;1595
P206066703;P206066703_17;Q;8030;1240;0;9030;2440;1595
P202066705;P202066705_1;A;0;1234;0;1010;2440;2733
P202066705;P202066705_2;B;0;0;0;1010;1206;2302
P202066705;P202066705_3;C;1010;0;0;2020;1206;2302
P202066705;P202066705_4;D;1010;1240;0;2010;2440;2590
P202066705;P202066705_5;E;2010;1240;0;3010;2440;2255
P202066705;P202066705_6;F;2020;0;0;3020;1200;1595
P202066705;P202066705_7;G;3010;1240;0;4010;2440;1595
P202066705;P202066705_8;H;3020;0;0;4020;1200;1595
P202066705;P202066705_9;I;4010;1240;0;5010;2440;1595
P202066705;P202066705_10;J;4020;0;0;5020;1200;1595
P202066705;P202066705_11;K;5010;1240;0;6010;2440;1595
P202066705;P202066705_12;L;5020;0;0;6020;1200;1595
P202066705;P202066705_13;M;6010;1240;0;7010;2440;1595
P202066705;P202066705_14;N;6020;0;0;7020;1200;1595
P202066705;P202066705_15;O;7010;1240;0;8010;2440;1595
P202066705;P202066705_16;P;7020;0;0;8020;1200;1595
P202066705;P202066705_17;Q;8010;1240;0;9010;2440;1595
P202066705;P202066705_18;R;8020;0;0;9020;1200;1595
P202066705;P202066705_19;S;9010;1240;0;10010;2440;1595
P202066705;P202066705_20;T;9020;0;0;10020;1200;1595
P202066705;P202066705_21;U;10010;1240;0;11010;2440;1595
P202066705;P202066705_22;V;10020;0;0;11020;1200;1595
P202066705;P202066705_23;W;11010;1240;0;12010;2440;1595
P202066705;P202066705_24;X;11020;0;0;12020;1200;1595
P202066705;P202066705_25;Y;12010;1240;0;13010;2440;1595
P201066703;P201066703_1;A;0;1234;0;1010;2440;2733
P201066703;P201066703_2;B;0;0;0;1010;1206;2302
P201066703;P201066703_3;C;1010;0;0;2020;1206;2302
P201066703;P201066703_4;D;1010;1234;0;2020;2440;2482
P201066703;P201066703_5;E;2020;1234;0;3030;2440;2662
P201066703;P201066703_6;F;2020;0;0;3030;1206;2302
P201066703;P201066703_7;G;3030;0;0;4040;1206;2302
P201066703;P201066703_8;H;3030;1234;0;4040;2440;2302
P201066703;P201066703_9;I;4040;1234;0;5050;2440;2302
P201066703;P201066703_10;J;4040;0;0;5050;1206;1331
P201066703;P201066703_11;K;5050;0;0;6060;1206;2302
P201066703;P201066703_12;L;5050;1234;0;6060;2440;2302
P201066703;P201066703_13;M;6060;1234;0;7070;2440;2302
P201066703;P201066703_14;N;6060;0;0;7060;1200;2080
P201066703;P201066703_15;O;7060;0;0;8060;1200;1595
P201066703;P201066703_16;P;7070;1240;0;8070;2440;1595
P201066703;P201066703_17;Q;8060;0;0;9060;1200;1595
P201066703;P201066703_18;R;8070;1240;0;9070;2440;1595
P201066703;P201066703_19;S;9060;0;0;10060;1200;1595
P201066703;P201066703_20;T;9070;1240;0;10070;2440;1595
P201066703;P201066703_21;U;10060;0;0;11060;1200;1595
P201066703;P201066703_22;V;10070;1240;0;11070;2440;1595
P201066703;P201066703_23;W;11060;0;0;12060;1200;1595
P201066703;P201066703_24;X;11070;1240;0;12070;2440;1595
P201066703;P201066703_25;Y;12060;0;0;13060;1200;1595
P201066703;P201066703_26;Z;12070;1240;0;13070;2440;1595
P200066703;P200066703_1;A;0;0;0;1010;1206;2302
P200066703;P200066703_2;B;0;1234;0;1010;2440;2662
P200066703;P200066703_3;C;1010;1234;0;2020;2440;2302
P200066703;P200066703_4;D;1010;0;0;2020;1206;2302
P200066703;P200066703_5;E;2020;0;0;3030;1206;2482
P200066703;P200066703_6;F;2020;1234;0;3030;2440;2302
P200066703;P200066703_7;G;3030;1234;0;4040;2440;2662
P200066703;P200066703_8;H;3030;0;0;4040;1206;2302
P200066703;P200066703_9;I;4040;0;0;5050;1206;2302
P200066703;P200066703_10;J;4040;1234;0;5050;2440;2302
P200066703;P200066703_11;K;5050;1234;0;6060;2440;2302
P200066703;P200066703_12;L;5050;0;0;6060;1206;2482
P200066703;P200066703_13;M;6060;0;0;7070;1206;2302
P200066703;P200066703_14;N;6060;1234;0;7070;2440;1151
P200066703;P200066703_15;O;7070;1240;0;8070;2440;2590
P200066703;P200066703_16;P;7070;0;0;8070;1200;1595
P200066703;P200066703_17;Q;8070;0;0;9070;1200;1595
P200066703;P200066703_18;R;8070;1240;0;9070;2440;1595
P200066703;P200066703_19;S;9070;1240;0;10070;2440;1595
P200066703;P200066703_20;T;9070;0;0;10070;1200;1595
P200066703;P200066703_21;U;10070;0;0;11070;1200;1595
P200066703;P200066703_22;V;10070;1240;0;11070;2440;1595
P200066703;P200066703_23;W;11070;1440;0;12270;2440;1595
P200066703;P200066703_24;X;11070;0;0;12070;1200;1595
P200066703;P200066703_25;Y;12070;0;0;13270;1000;1595
P199066703;P199066703_1;A;0;0;0;1010;1206;2482
P199066703;P199066703_2;B;0;1234;0;1010;2440;2302
P199066703;P199066703_3;C;1010;1234;0;2020;2440;2302
P199066703;P199066703_4;D;1010;0;0;2020;1206;2482
P199066703;P199066703_5;E;2020;0;0;3030;1206;2302
P199066703;P199066703_6;F;2020;1234;0;3030;2440;1151
P199066703;P199066703_7;G;3030;1234;0;4040;2440;2302
P199066703;P199066703_8;H;3030;0;0;4040;1206;1151
P199066703;P199066703_9;I;4040;0;0;5040;1200;1820
P199066703;P199066703_10;J;4040;1240;0;5040;2440;1595
P199066703;P199066703_11;K;5040;1240;0;6040;2440;1595
P199066703;P199066703_12;L;5040;0;0;6040;1200;1595
P199066703;P199066703_13;M;6040;0;0;7040;1200;1595
P199066703;P199066703_14;N;6040;1240;0;7040;2440;1595
P199066703;P199066703_15;O;7040;1240;0;8040;2440;1595
P199066703;P199066703_16;P;7040;0;0;8040;1200;1595
P199066703;P199066703_17;Q;8040;0;0;9040;1200;1595
P199066703;P199066703_18;R;8040;1240;0;9040;2440;1595
P199066703;P199066703_19;S;9040;1240;0;10040;2440;1595
P193066703;P193066703_1;A;0;0;0;1010;1206;2302
P193066703;P193066703_2;B;0;1234;0;1010;2440;2302
P193066703;P193066703_3;C;1010;1240;0;2010;2440;2590
P193066703;P193066703_4;D;1010;0;0;2010;1200;2590
P193066703;P193066703_5;E;2010;0;0;3010;1200;2765
P193066703;P193066703_6;F;2010;1240;0;3010;2440;2900
P193066703;P193066703_7;G;3010;1240;0;4010;2440;1595
P193066703;P193066703_8;H;3010;0;0;4010;1200;1595
P193066703;P193066703_9;I;4010;0;0;5010;1200;1595
P193066703;P193066703_10;J;4010;1240;0;5010;2440;1595
P193066703;P193066703_11;K;5010;1240;0;6010;2440;1595
P193066703;P193066703_12;L;5010;0;0;6010;1200;1595
P193066703;P193066703_13;M;6010;0;0;7010;1200;1595
P193066703;P193066703_14;N;6010;1240;0;7010;2440;1595
P193066703;P193066703_15;O;7010;1240;0;8010;2440;1595
P193066703;P193066703_16;P;7010;0;0;8010;1200;1595
P193066703;P193066703_17;Q;8010;0;0;9010;1200;1595
P193066703;P193066703_18;R;8010;1240;0;9010;2440;1595
P193066703;P193066703_19;S;9010;1240;0;10010;2440;1595
P193066703;P193066703_20;T;9010;0;0;10010;1200;1595
P193066703;P193066703_21;U;10010;0;0;11010;1200;1595
P193066703;P193066703_22;V;10010;1240;0;11010;2440;1595
P193066703;P193066703_23;W;11010;1240;0;12010;2440;1595
P193066703;P193066703_24;X;11010;0;0;12010;1200;1595
P193066703;P193066703_25;Y;12010;0;0;13210;1000;1595
P193066703;P193066703_26;Z;12010;1240;0;13010;2440;1595
Q193066703_1;Q193066703_1_1;A;0;0;0;1010;1206;2302
Q193066703_1;Q193066703_1_2;B;0;1234;0;1010;2440;2302
Q193066703_1;Q193066703_1_3;C;1010;1234;0;2020;2440;2302
Q193066703_1;Q193066703_1_4;D;1010;0;0;2020;1206;2302
Q193066703_1;Q193066703_1_5;E;2020;0;0;3030;1206;2662
Q193066703_1;Q193066703_1_6;F;2020;1234;0;3030;2440;2662
Q193066703_1;Q193066703_1_7;G;3030;1234;0;4040;2440;2302
Q193066703_1;Q193066703_1_8;H;3030;0;0;4040;1206;2302
Q193066703_1;Q193066703_1_9;I;4040;0;0;5050;1206;2302
Q193066703_1;Q193066703_1_10;J;4040;1234;0;5050;2440;2302
Q193066703_1;Q193066703_1_11;K;5050;1234;0;6060;2440;2302
Q193066703_1;Q193066703_1_12;L;5050;0;0;6060;1206;2302
Q193066703_1;Q193066703_1_13;M;6060;0;0;7070;1206;2302
Q193066703_1;Q193066703_1_14;N;6060;1234;0;7070;2440;2302
Q193066703_1;Q193066703_1_15;O;7070;1234;0;8080;2440;2302
Q193066703_1;Q193066703_1_16;P;7070;0;0;8080;1206;2302
Q193066703_1;Q193066703_1_17;Q;8080;0;0;9080;1200;1595
Q193066703_1;Q193066703_1_18;R;8080;1240;0;9080;2440;1595
Q193066703_1;Q193066703_1_19;S;9080;1240;0;10080;2440;1595
Q193066703_1;Q193066703_1_20;T;9080;0;0;10080;1200;1595
Q193066703_1;Q193066703_1_21;U;10080;0;0;11080;1200;1595
Q193066703_1;Q193066703_1_22;V;10080;1240;0;11080;2440;1595
Q193066703_1;Q193066703_1_23;W;11080;1440;0;12280;2440;1595
Q193066703_1;Q193066703_1_24;X;11080;0;0;12080;1200;1595
Q193066703_1;Q193066703_1_25;Y;12080;0;0;13280;1000;1595
Q193066703_1;Q193066703_1_26;Z;12280;1440;0;13480;2440;1595
P192066703;P192066703_1;A;0;0;0;1010;1206;2662
P192066703;P192066703_2;B;0;1234;0;1010;2440;2913
P192066703;P192066703_3;C;1010;1234;0;2020;2440;2302
P192066703;P192066703_4;D;1010;0;0;2020;1206;2302
P192066703;P192066703_5;E;2020;0;0;3030;1206;2302
P192066703;P192066703_6;F;2020;1234;0;3030;2440;2302
P192066703;P192066703_7;G;3030;1234;0;4040;2440;2302
P192066703;P192066703_8;H;3030;0;0;4040;1206;2482
P192066703;P192066703_9;I;4040;0;0;5050;1206;2302
P192066703;P192066703_10;J;4040;1234;0;5050;2440;2302
P192066703;P192066703_11;K;5050;1234;0;6060;2440;2662
P192066703;P192066703_12;L;5050;0;0;6060;1206;1151
P192066703;P192066703_13;M;6060;0;0;7060;1200;1820
P192066703;P192066703_14;N;6060;1240;0;7060;2440;1595
P192066703;P192066703_15;O;7060;1240;0;8060;2440;1595
P192066703;P192066703_16;P;7060;0;0;8060;1200;1595
P192066703;P192066703_17;Q;8060;0;0;9060;1200;1595
P192066703;P192066703_18;R;8060;1240;0;9060;2440;1595
P192066703;P192066703_19;S;9060;1240;0;10060;2440;1595
P192066703;P192066703_20;T;9060;0;0;10060;1200;1595
P192066703;P192066703_21;U;10060;0;0;11060;1200;1595
P192066703;P192066703_22;V;10060;1240;0;11060;2440;1595
P192066703;P192066703_23;W;11060;1240;0;12060;2440;1595
P188066705;P188066705_1;A;0;0;0;1010;1206;2733
P188066705;P188066705_2;B;0;1234;0;1010;2440;2302
P188066705;P188066705_3;C;1010;1240;0;2010;2440;2080
P188066705;P188066705_4;D;1010;0;0;2010;1200;2540
P188066705;P188066705_5;E;2010;0;0;3010;1200;2540
P188066705;P188066705_6;F;2010;1240;0;3010;2440;1595
P188066705;P188066705_7;G;3010;1240;0;4010;2440;1595
P188066705;P188066705_8;H;3010;0;0;4010;1200;1595
P188066705;P188066705_9;I;4010;0;0;5010;1200;1595
P188066705;P188066705_10;J;4010;1240;0;5010;2440;1595
P188066705;P188066705_11;K;5010;1240;0;6010;2440;1595
P188066705;P188066705_12;L;5010;0;0;6010;1200;1595
P188066705;P188066705_13;M;6010;0;0;7010;1200;1595
P188066705;P188066705_14;N;6010;1240;0;7010;2440;1595
P188066705;P188066705_15;O;7010;1240;0;8010;2440;1595
P188066705;P188066705_16;P;7010;0;0;8010;1200;1595
P188066705;P188066705_17;Q;8010;0;0;9010;1200;1595
P188066705;P188066705_18;R;8010;1240;0;9010;2440;1595
P188066705;P188066705_19;S;9010;1240;0;10010;2440;1595
P188066705;P188066705_20;T;9010;0;0;10010;1200;1595
P188066705;P188066705_21;U;10010;0;0;11010;1200;1595
P188066705;P188066705_22;V;10010;1240;0;11010;2440;1595
P188066705;P188066705_23;W;11010;1240;0;12010;2440;1595
P188066705;P188066705_24;X;11010;0;0;12010;1200;1595
P188066705;P188066705_25;Y;12010;0;0;13210;1000;1595
P188066705;P188066705_26;Z;12010;1240;0;13010;2440;1595
P187066703;P187066703_1;A;0;1234;0;1010;2440;2662
P187066703;P187066703_2;B;0;0;0;1010;1206;2302
P187066703;P187066703_3;C;1010;0;0;2020;1206;2302
P187066703;P187066703_4;D;1010;1234;0;2020;2440;2302
P187066703;P187066703_5;E;2020;1234;0;3030;2440;2302
P187066703;P187066703_6;F;2020;0;0;3030;1206;2302
P187066703;P187066703_7;G;3030;0;0;4040;1206;2302
P187066703;P187066703_8;H;3030;1234;0;4040;2440;2482
P187066703;P187066703_9;I;4040;1234;0;5050;2440;2302
P187066703;P187066703_10;J;4040;0;0;5050;1206;2302
P187066703;P187066703_11;K;5050;0;0;6060;1206;2302
P187066703;P187066703_12;L;5050;1234;0;6060;2440;2302
P187066703;P187066703_13;M;6060;1234;0;7070;2440;2302
P187066703;P187066703_14;N;6060;0;0;7070;1206;2302
P187066703;P187066703_15;O;7070;0;0;8080;1206;2302
P187066703;P187066703_16;P;7070;1240;0;8070;2440;1820
P187066703;P187066703_17;Q;8070;1240;0;9070;2440;1595
P187066703;P187066703_18;R;8080;0;0;9080;1200;1595
P187066703;P187066703_19;S;9070;1240;0;10070;2440;1595
P187066703;P187066703_20;T;9080;0;0;10080;1200;1595
P187066703;P187066703_21;U;10070;1240;0;11070;2440;1595
P187066703;P187066703_22;V;10080;0;0;11080;1200;1595
P187066703;P187066703_23;W;11070;1240;0;12070;2440;1595
P187066703;P187066703_24;X;11080;0;0;12080;1200;1595
P187066703;P187066703_25;Y;12070;1240;0;13070;2440;1595
P187066703;P187066703_26;Z;12080;0;0;13080;1200;1595
P186066703;P186066703_1;A;0;0;0;1010;1206;2302
P186066703;P186066703_2;B;0;1234;0;1010;2440;2482
P186066703;P186066703_3;C;1010;1234;0;2020;2440;2662
P186066703;P186066703_4;D;1010;0;0;2020;1206;2302
P186066703;P186066703_5;E;2020;0;0;3030;1206;2302
P186066703;P186066703_6;F;2020;1234;0;3030;2440;2482
P186066703;P186066703_7;G;3030;1234;0;4040;2440;2662
P186066703;P186066703_8;H;3030;0;0;4040;1206;2302
P186066703;P186066703_9;I;4040;0;0;5050;1206;2302
P186066703;P186066703_10;J;4040;1234;0;5050;2440;2482
P186066703;P186066703_11;K;5050;1234;0;6060;2440;2302
P186066703;P186066703_12;L;5050;0;0;6060;1206;2302
P186066703;P186066703_13;M;6060;0;0;7070;1206;2302
P186066703;P186066703_14;N;6060;1234;0;7070;2440;1151
P186066703;P186066703_15;O;7070;1240;0;8070;2440;2590
P186066703;P186066703_16;P;7070;0;0;8070;1200;1595
P186066703;P186066703_17;Q;8070;0;0;9070;1200;1595
P186066703;P186066703_18;R;8070;1240;0;9070;2440;1595
P186066703;P186066703_19;S;9070;1240;0;10070;2440;1595
P186066703;P186066703_20;T;9070;0;0;10070;1200;1595
P186066703;P186066703_21;U;10070;0;0;11070;1200;1595
P186066703;P186066703_22;V;10070;1240;0;11070;2440;1595
P186066703;P186066703_23;W;11070;1440;0;12270;2440;1595
P186066703;P186066703_24;X;11070;0;0;12070;1200;1595
P186066703;P186066703_25;Y;12070;0;0;13270;1000;1595
P185066703;P185066703_1;A;0;0;0;1010;1206;2482
P185066703;P185066703_2;B;0;1234;0;1010;2440;2302
P185066703;P185066703_3;C;1010;1234;0;2020;2440;2482
P185066703;P185066703_4;D;1010;0;0;2020;1206;2302
P185066703;P185066703_5;E;2020;0;0;3030;1206;2302
P185066703;P185066703_6;F;2020;1234;0;3030;2440;2302
P185066703;P185066703_7;G;3030;1234;0;4040;2440;1151
P185066703;P185066703_8;H;3030;0;0;4030;1200;2765
P185066703;P185066703_9;I;4030;0;0;5030;1200;1595
P185066703;P185066703_10;J;4040;1240;0;5040;2440;1595
P185066703;P185066703_11;K;5030;0;0;6030;1200;1595
P185066703;P185066703_12;L;5040;1240;0;6040;2440;1595
P185066703;P185066703_13;M;6030;0;0;7030;1200;1595
P185066703;P185066703_14;N;6040;1240;0;7040;2440;1595
P185066703;P185066703_15;O;7030;0;0;8030;1200;1595
P185066703;P185066703_16;P;7040;1240;0;8040;2440;1595
P185066703;P185066703_17;Q;8030;0;0;9030;1200;1595
P180066701;P180066701_1;A;0;0;0;1600;1200;2700
P180066701;P180066701_2;B;0;1234;0;1010;2440;2302
P180066701;P180066701_3;C;1010;1234;0;2020;2440;2302
P180066701;P180066701_4;D;1600;0;0;3200;1200;2700
P180066701;P180066701_5;E;2020;1234;0;3030;2440;2302
P180066701;P180066701_6;F;3030;1240;0;4630;2440;2700
P180066701;P180066701_7;G;3200;0;0;4800;1200;2700
P180066701;P180066701_8;H;4630;1240;0;6230;2440;2700
P180066701;P180066701_9;I;4800;0;0;5810;1206;2302
P180066701;P180066701_10;J;5810;0;0;6820;1206;2302
P180066701;P180066701_11;K;6230;1234;0;7240;2440;2302
P180066701;P180066701_12;L;6820;0;0;8420;1200;2700
P180066701;P180066701_13;M;7240;1240;0;8840;2440;2700
P180066701;P180066701_14;N;8420;0;0;10020;1200;1815
P180066701;P180066701_15;O;8840;1234;0;9850;2440;2302
P180066701;P180066701_16;P;9850;1234;0;10860;2440;2302
P180066701;P180066701_17;Q;10020;0;0;11030;1206;2302
P180066701;P180066701_18;R;10860;1234;0;11870;2440;2302
P180066701;P180066701_19;S;11030;0;0;12040;1206;2302
P180066701;P180066701_20;T;11870;1234;0;12880;2440;2302
P179066701;P179066701_1;A;0;0;0;1600;1200;2700
P179066701;P179066701_2;B;0;1240;0;1600;2440;2700
P179066701;P179066701_3;C;1600;1240;0;3200;2440;2700
P179066701;P179066701_4;D;1600;0;0;2610;1206;2302
P179066701;P179066701_5;E;2610;0;0;3620;1206;2302
P179066701;P179066701_6;F;3200;1234;0;4210;2440;2302
P179066701;P179066701_7;G;3620;0;0;4630;1206;2302
P179066701;P179066701_8;H;4210;1234;0;5220;2440;2302
P179066701;P179066701_9;I;4630;0;0;5640;1206;2302
P179066701;P179066701_10;J;5220;1234;0;6230;2440;2302
P179066701;P179066701_11;K;5640;0;0;6650;1206;2302
P179066701;P179066701_12;L;6230;1240;0;7830;2440;2700
P179066701;P179066701_13;M;6650;0;0;8250;1200;2700
P179066701;P179066701_14;N;7830;1240;0;9430;2440;2700
P179066701;P179066701_15;O;8250;0;0;9260;1206;2302
P179066701;P179066701_16;P;9260;0;0;10270;1206;2302
P179066701;P179066701_17;Q;9430;1240;0;11030;2440;1815
P179066701;P179066701_18;R;10270;0;0;11280;1206;1151
P178066701;P178066701_1;A;0;0;0;1600;1200;2700
P178066701;P178066701_2;B;0;1240;0;1600;2440;2700
P178066701;P178066701_3;C;1600;1240;0;3200;2440;2700
P178066701;P178066701_4;D;1600;0;0;2610;1206;2302
P178066701;P178066701_5;E;2610;0;0;3620;1206;2302
P178066701;P178066701_6;F;3200;1234;0;4210;2440;2302
P178066701;P178066701_7;G;3620;0;0;4630;1206;2302
P178066701;P178066701_8;H;4210;1234;0;5220;2440;2302
P178066701;P178066701_9;I;4630;0;0;5640;1206;2302
P178066701;P178066701_10;J;5220;1234;0;6230;2440;2302
P178066701;P178066701_11;K;5640;0;0;7240;1200;2700
P178066701;P178066701_12;L;6230;1240;0;7830;2440;2700
P178066701;P178066701_13;M;7240;0;0;8840;1200;2700
P178066701;P178066701_14;N;7830;1234;0;8840;2440;2302
P178066701;P178066701_15;O;8840;0;0;9850;1206;2302
P178066701;P178066701_16;P;8840;1234;0;9850;2440;2302
P178066701;P178066701_17;Q;9850;1240;0;11450;2440;930
P174066701;P174066701_1;A;0;1240;0;1600;2440;2700
P174066701;P174066701_2;B;0;0;0;1600;1200;2700
P174066701;P174066701_3;C;1600;0;0;3200;1200;2700
P174066701;P174066701_4;D;1600;1240;0;3200;2440;2700
P174066701;P174066701_5;E;3200;1240;0;4800;2440;2700
P174066701;P174066701_6;F;3200;0;0;4800;1200;2700
P174066701;P174066701_7;G;4800;0;0;6400;1200;2700
P174066701;P174066701_8;H;4800;1234;0;5810;2440;2302
P174066701;P174066701_9;I;5810;1234;0;6820;2440;2302
P174066701;P174066701_10;J;6400;0;0;7410;1206;2302
P174066701;P174066701_11;K;6820;1234;0;7830;2440;2302
P174066701;P174066701_12;L;7410;0;0;8420;1206;2302
P174066701;P174066701_13;M;7830;1234;0;8840;2440;2302
P174066701;P174066701_14;N;8420;0;0;9430;1206;2302
P174066701;P174066701_15;O;8840;1234;0;9850;2440;2302
P174066701;P174066701_16;P;9430;0;0;10440;1206;2302
P174066701;P174066701_17;Q;9850;1234;0;10860;2440;2302
P174066701;P174066701_18;R;10440;0;0;11450;1206;2302
P174066701;P174066701_19;S;10860;1240;0;12460;2440;2700
P174066701;P174066701_20;T;11450;0;0;12460;1206;2302
P174066701;P174066701_21;U;12460;1234;0;13470;2440;2302
P174066701;P174066701_22;V;12460;0;0;13470;1206;2302
P173066701;P173066701_1;A;0;1234;0;1010;2440;2302
P173066701;P173066701_2;B;0;0;0;1600;1200;2700
P173066701;P173066701_3;C;1010;1234;0;2020;2440;2302
P173066701;P173066701_4;D;1600;0;0;2610;1206;2302
P173066701;P173066701_5;E;2020;1234;0;3030;2440;2302
P173066701;P173066701_6;F;2610;0;0;3620;1206;2302
P173066701;P173066701_7;G;3030;1240;0;4630;2440;2700
P173066701;P173066701_8;H;3620;0;0;5220;1200;2700
P173066701;P173066701_9;I;4630;1234;0;5640;2440;2302
P173066701;P173066701_10;J;5220;0;0;6230;1206;2302
P173066701;P173066701_11;K;5640;1240;0;7240;2440;2700
P173066701;P173066701_12;L;6230;0;0;7830;1200;2700
P173066701;P173066701_13;M;7240;1240;0;8840;2440;2700
P173066701;P173066701_14;N;7830;0;0;8840;1206;2302
P173066701;P173066701_15;O;8840;0;0;9850;1206;2302
P173066701;P173066701_16;P;8840;1234;0;9850;2440;2302
P173066701;P173066701_17;Q;9850;1234;0;10860;2440;2302
P173066701;P173066701_18;R;9850;0;0;10860;1206;2302
P173066701;P173066701_19;S;10860;0;0;12460;1200;2700
P173066701;P173066701_20;T;10860;1240;0;12460;2440;2700
P173066701;P173066701_21;U;12460;1234;0;13470;2440;2302
P173066701;P173066701_22;V;12460;0;0;13470;1206;2302
P172066701;P172066701_1;A;0;1240;0;1600;2440;2700
P172066701;P172066701_2;B;0;0;0;1600;1200;2700
P172066701;P172066701_3;C;1600;0;0;3200;1200;2700
P172066701;P172066701_4;D;1600;1200;0;3200;2400;2700
P172066701;P172066701_5;E;3200;0;0;4210;1206;2302
P172066701;P172066701_6;F;3200;1234;0;4210;2440;2302
P172066701;P172066701_7;G;4210;1234;0;5220;2440;2302
P172066701;P172066701_8;H;4210;0;0;5220;1206;2302
P172066701;P172066701_9;I;5220;0;0;6820;1200;2700
P172066701;P172066701_10;J;5220;1240;0;6820;2440;2700
P172066701;P172066701_11;K;6820;1240;0;8420;2440;2700
P172066701;P172066701_12;L;6820;0;0;7830;1206;2302
P172066701;P172066701_13;M;7830;0;0;9430;1200;2700
P172066701;P172066701_14;N;8420;1234;0;9430;2440;2302
P172066701;P172066701_15;O;9430;0;0;10440;1206;2302
P172066701;P172066701_16;P;9430;1234;0;10440;2440;2302
P172066701;P172066701_17;Q;10440;1234;0;11450;2440;2302
P172066701;P172066701_18;R;10440;0;0;11450;1206;2302
P172066701;P172066701_19;S;11450;0;0;12460;1206;2302
P172066701;P172066701_20;T;11450;1234;0;12460;2440;2302
P172066701;P172066701_21;U;12460;1234;0;13470;2440;2302
P172066701;P172066701_22;V;12460;0;0;13470;1206;2302
P171066701;P171066701_1;A;0;1240;0;1600;2440;2700
P171066701;P171066701_2;B;0;0;0;1600;1200;2700
P171066701;P171066701_3;C;1600;0;0;3200;1200;2700
P171066701;P171066701_4;D;1600;1234;0;2610;2440;2302
P171066701;P171066701_5;E;2610;1234;0;3620;2440;2302
P171066701;P171066701_6;F;3200;0;0;4800;1200;2700
P171066701;P171066701_7;G;3620;1240;0;5220;2440;2700
P171066701;P171066701_8;H;4800;0;0;5810;1206;2302
P171066701;P171066701_9;I;5220;1234;0;6230;2440;2302
P171066701;P171066701_10;J;5810;0;0;7410;1200;2700
P171066701;P171066701_11;K;6230;1240;0;7830;2440;2700
P171066701;P171066701_12;L;7410;0;0;9010;1200;2700
P171066701;P171066701_13;M;7830;1240;0;9430;2440;2700
P171066701;P171066701_14;N;9010;0;0;10610;1200;1815
P171066701;P171066701_15;O;9430;1234;0;10440;2440;2302
P171066701;P171066701_16;P;10440;1234;0;11450;2440;2302
P171066701;P171066701_17;Q;10610;0;0;11620;1206;2302
P171066701;P171066701_18;R;11450;1234;0;12460;2440;2302
P171066701;P171066701_19;S;11620;0;0;12630;1206;2302
P171066701;P171066701_20;T;12460;1234;0;13470;2440;2302
P168066701;P168066701_1;A;0;0;0;1010;1206;2302
P168066701;P168066701_2;B;0;1240;0;1600;2440;2700
P168066701;P168066701_3;C;1010;0;0;2610;1200;2700
P168066701;P168066701_4;D;1600;1240;0;3200;2440;2700
P168066701;P168066701_5;E;2610;0;0;3620;1206;2302
P168066701;P168066701_6;F;3200;1234;0;4210;2440;2302
P168066701;P168066701_7;G;3620;0;0;4630;1206;2302
P168066701;P168066701_8;H;4210;1234;0;5220;2440;2302
P168066701;P168066701_9;I;4630;0;0;5640;1206;2302
P168066701;P168066701_10;J;5220;1234;0;6230;2440;2302
P168066701;P168066701_11;K;5640;0;0;6650;1206;2302
P168066701;P168066701_12;L;6230;1234;0;7240;2440;2302
P168066701;P168066701_13;M;6650;0;0;8250;1200;2700
P168066701;P168066701_14;N;7240;1240;0;8840;2440;2700
P168066701;P168066701_15;O;8250;0;0;9260;1206;2302
P168066701;P168066701_16;P;8840;1234;0;9850;2440;2302
P168066701;P168066701_17;Q;9260;0;0;10270;1206;2302
P168066701;P168066701_18;R;9850;1240;0;11450;2440;2700
P168066701;P168066701_19;S;10270;0;0;11870;1200;930
P179162041;P179162041_1;A;0;0;0;1600;1200;2865
P179162041;P179162041_2;B;0;1220;0;1600;2420;2865
P179162041;P179162041_3;C;1600;1240;0;2600;2440;2160
P179162041;P179162041_4;D;1600;0;0;2170;780;1771
P179162041;P179162041_5;E;2170;0;0;2740;780;1771
P179162041;P179162041_6;F;2600;840;0;3800;2440;2865
P179162041;P179162041_7;G;2740;0;0;3310;780;1771
P179162041;P179162041_8;H;3310;0;0;3880;780;478
P179162041;P179162041_9;I;3800;840;0;5000;2440;2865
P179162041;P179162041_10;J;5000;0;0;6000;1200;2160
P179162041;P179162041_11;K;5000;1240;0;6600;2440;2865
P179162041;P179162041_12;L;6000;0;0;7600;1200;2865
P179162041;P179162041_13;M;6600;1240;0;8200;2440;2865
P179162041;P179162041_14;N;7600;0;0;9200;1200;2160
P179162041;P179162041_15;O;8200;1240;0;9800;2440;2865
P179162041;P179162041_16;P;9200;0;0;10800;1200;2865
P179162041;P179162041_17;Q;9800;1240;0;11400;2440;2865
P179162041;P179162041_18;R;10800;0;0;12400;1200;2160
P179162041;P179162041_19;S;11400;1240;0;12400;2440;2865
P179162041;P179162041_20;T;12400;1240;0;13400;2440;2865
P179162041;P179162041_21;U;12400;0;0;13400;1200;1455
P178162043;P178162043_1;A;0;620;0;1600;1820;1455
P178162043;P178162043_2;B;1600;620;0;3200;1820;2160
P178162043;P178162043_3;C;3200;620;0;4800;1820;2865
P178162043;P178162043_4;D;4800;1240;0;6400;2440;2865
P178162043;P178162043_5;E;4800;0;0;6400;1200;2160
P178162043;P178162043_6;F;6400;1240;0;8000;2440;2865
P178162043;P178162043_7;G;6400;0;0;8000;1200;2160
P178162043;P178162043_8;H;8000;0;0;9000;1200;1815
P178162043;P178162043_9;I;8000;1660;0;8570;2440;1771
P178162043;P178162043_10;J;8570;1660;0;9140;2440;1340
P178162043;P178162043_11;K;9000;0;0;10000;1200;2700
P178162043;P178162043_12;L;9140;1240;0;10140;2440;930
P178162043;P178162043_13;M;10000;0;0;11600;1200;2865
P178162043;P178162043_14;N;10140;1240;0;11740;2440;2865
P178162043;P178162043_15;O;11600;0;0;13200;1200;2865
P178162043;P178162043_16;P;11740;1240;0;13340;2440;2865
P177162041;P177162041_1;A;0;620;0;1000;1820;2865
P177162041;P177162041_2;B;1000;1660;0;1570;2440;1771
P177162041;P177162041_3;C;1000;0;0;2000;1200;2865
P177162041;P177162041_4;D;1570;1240;0;3170;2440;2865
P177162041;P177162041_5;E;2000;20;0;3600;1220;2865
P177162041;P177162041_6;F;3170;1240;0;4770;2440;2865
P177162041;P177162041_7;G;3600;0;0;4600;1200;2865
P177162041;P177162041_8;H;4600;0;0;5600;1200;2865
P177162041;P177162041_9;I;4770;1240;0;5770;2440;750
P177162041;P177162041_10;J;5600;0;0;7200;1200;2865
P177162041;P177162041_11;K;5770;1240;0;7370;2440;2865
P177162041;P177162041_12;L;7200;0;0;8800;1200;2865
P177162041;P177162041_13;M;7370;1240;0;8970;2440;2865
P177162041;P177162041_14;N;8800;0;0;10400;1200;2865
P177162041;P177162041_15;O;8970;1240;0;10570;2440;2865
P177162041;P177162041_16;P;10400;0;0;12000;1200;2865
P177162041;P177162041_17;Q;10570;1240;0;12170;2440;2865
P177162041;P177162041_18;R;12000;0;0;12570;780;1771
P177162041;P177162041_19;S;12170;840;0;13370;2440;1455
P177162041;P177162041_20;T;12570;0;0;13140;780;1771
P174162043;P174162043_1;A;0;1240;0;1600;2440;750
P174162043;P174162043_2;B;0;20;0;1600;1220;750
P174162043;P174162043_3;C;1600;0;0;3200;1200;750
P174162043;P174162043_4;D;1600;1240;0;3200;2440;750
P174162043;P174162043_5;E;3200;1240;0;4800;2440;2865
P174162043;P174162043_6;F;3200;20;0;4800;1220;2865
P174162043;P174162043_7;G;4800;0;0;6400;1200;2160
P174162043;P174162043_8;H;4800;1240;0;6400;2440;2160
P174162043;P174162043_9;I;6400;1660;0;6970;2440;1771
P174162043;P174162043_10;J;6400;0;0;6970;780;909
P174162043;P174162043_11;K;6400;780;0;6970;1560;1771
P174162043;P174162043_12;L;6970;0;0;7540;780;1771
P174162043;P174162043_13;M;6970;840;0;8170;2440;2865
P174162043;P174162043_14;N;7540;0;0;8110;780;1771
P174162043;P174162043_15;O;8110;0;0;8680;780;1771
P174162043;P174162043_16;P;8170;840;0;9370;2440;2865
P174162043;P174162043_17;Q;8680;0;0;9250;780;478
P174162043;P174162043_18;R;9370;1240;0;10970;2440;2865
P174162043;P174162043_19;S;9370;0;0;10970;1200;2865
P174162043;P174162043_20;T;10970;0;0;12570;1200;2865
P174162043;P174162043_21;U;10970;1240;0;12570;2440;2865
P173162043;P173162043_1;A;0;1240;0;1600;2440;2160
P173162043;P173162043_2;B;0;0;0;1600;1200;2865
P173162043;P173162043_3;C;1600;0;0;3200;1200;2160
P173162043;P173162043_4;D;1600;1240;0;2600;2440;2700
P173162043;P173162043_5;E;2600;1240;0;3600;2440;1815
P173162043;P173162043_6;F;3200;0;0;3770;780;1340
P173162043;P173162043_7;G;3600;1240;0;4600;2440;1815
P173162043;P173162043_8;H;3770;0;0;4340;780;1771
P173162043;P173162043_9;I;4340;0;0;5940;1200;2865
P173162043;P173162043_10;J;4600;1240;0;6200;2440;2865
P173162043;P173162043_11;K;5940;0;0;7540;1200;2865
P173162043;P173162043_12;L;6200;1240;0;7800;2440;2865
P173162043;P173162043_13;M;7540;0;0;9140;1200;2865
P173162043;P173162043_14;N;7800;1240;0;9400;2440;2865
P173162043;P173162043_15;O;9140;0;0;10740;1200;2865
P173162043;P173162043_16;P;9400;1660;0;9970;2440;1771
P173162043;P173162043_17;Q;9970;1660;0;10540;2440;478
P173162043;P173162043_18;R;10540;1240;0;11540;2440;2865
P173162043;P173162043_19;S;10740;0;0;12340;1200;2865
P173162043;P173162043_20;T;11540;1240;0;13140;2440;2865
P173162043;P173162043_21;U;12340;0;0;13340;1200;2865
P172162041;P172162041_1;A;0;620;0;1600;1820;2865
P172162041;P172162041_2;B;1600;1240;0;3200;2440;2865
P172162041;P172162041_3;C;1600;0;0;2600;1200;2865
P172162041;P172162041_4;D;2600;0;0;3600;1200;2865
P172162041;P172162041_5;E;3200;1240;0;4200;2440;2865
P172162041;P172162041_6;F;3600;0;0;4600;1200;2865
P172162041;P172162041_7;G;4200;1240;0;5800;2440;2865
P172162041;P172162041_8;H;4600;20;0;6200;1220;2865
P172162041;P172162041_9;I;5800;1240;0;7400;2440;2865
P172162041;P172162041_10;J;6200;0;0;7800;1200;2865
P172162041;P172162041_11;K;7400;1240;0;8400;2440;2865
P172162041;P172162041_12;L;7800;0;0;9400;1200;2865
P172162041;P172162041_13;M;8400;1240;0;10000;2440;2865
P172162041;P172162041_14;N;9400;0;0;11000;1200;2865
P172162041;P172162041_15;O;10000;1240;0;11600;2440;1455
P172162041;P172162041_16;P;11000;0;0;12000;1200;2160
P172162041;P172162041_17;Q;11600;1660;0;12170;2440;1771
P172162041;P172162041_18;R;12000;0;0;12570;780;1771
P171162043;P171162043_1;A;0;0;0;1600;1200;750
P171162043;P171162043_2;B;0;1220;0;1600;2420;750
P171162043;P171162043_3;C;1600;620;0;3200;1820;2160
P171162043;P171162043_4;D;3200;1240;0;4800;2440;2865
P171162043;P171162043_5;E;3200;20;0;4800;1220;2160
P171162043;P171162043_6;F;4800;1240;0;6400;2440;2865
P171162043;P171162043_7;G;4800;0;0;6400;1200;1455
P171162043;P171162043_8;H;6400;0;0;6970;780;1771
P171162043;P171162043_9;I;6400;1240;0;7400;2440;2700
P171162043;P171162043_10;J;6970;0;0;7970;1200;930
P171162043;P171162043_11;K;7400;1240;0;9000;2440;2865
P171162043;P171162043_12;L;7970;0;0;9570;1200;2865
P171162043;P171162043_13;M;9000;1240;0;10600;2440;2865
P171162043;P171162043_14;N;9570;0;0;11170;1200;2865
P171162043;P171162043_15;O;10600;1660;0;11170;2440;1771
P171162043;P171162043_16;P;11170;1660;0;11740;2440;1771
P171162043;P171162043_17;Q;11170;0;0;12370;1600;2865
P171162043;P171162043_18;R;12370;0;0;13370;1200;2865
P171162043;P171162043_19;S;12370;1240;0;13370;2440;2865
P170162041;P170162041_1;A;0;620;0;1600;1820;2865
P170162041;P170162041_2;B;1600;1240;0;3200;2440;2865
P170162041;P170162041_3;C;1600;0;0;2600;1200;2865
P170162041;P170162041_4;D;2600;0;0;4200;1200;2865
P170162041;P170162041_5;E;3200;1240;0;4800;2440;2865
P170162041;P170162041_6;F;4200;0;0;5800;1200;2865
P170162041;P170162041_7;G;4800;1240;0;6400;2440;2865
P170162041;P170162041_8;H;5800;0;0;7400;1200;2865
P170162041;P170162041_9;I;6400;1240;0;8000;2440;2865
P170162041;P170162041_10;J;7400;0;0;9000;1200;2865
P170162041;P170162041_11;K;8000;1240;0;9600;2440;2865
P170162041;P170162041_12;L;9000;0;0;10000;1200;2160
P170162041;P170162041_13;M;9600;1240;0;10600;2440;2865
P170162041;P170162041_14;N;10000;0;0;10570;780;1771
P170162041;P170162041_15;O;10570;0;0;11140;780;1771
P170162041;P170162041_16;P;10600;780;0;11170;1560;909
P167162043;P167162043_1;A;0;1240;0;1600;2440;750
P167162043;P167162043_2;B;0;20;0;1600;1220;750
P167162043;P167162043_3;C;1600;0;0;3200;1200;750
P167162043;P167162043_4;D;1600;1220;0;3200;2420;750
P167162043;P167162043_5;E;3200;1240;0;4800;2440;2865
P167162043;P167162043_6;F;3200;20;0;4800;1220;2865
P167162043;P167162043_7;G;4800;0;0;6400;1200;2865
P167162043;P167162043_8;H;4800;1220;0;6400;2420;2160
P167162043;P167162043_9;I;6400;1660;0;6970;2440;1771
P167162043;P167162043_10;J;6400;0;0;6970;780;478
P167162043;P167162043_11;K;6400;780;0;6970;1560;1771
P167162043;P167162043_12;L;6970;0;0;8570;1200;2865
P167162043;P167162043_13;M;6970;1240;0;8570;2440;2865
P167162043;P167162043_14;N;8570;1240;0;10170;2440;2865
P167162043;P167162043_15;O;8570;0;0;10170;1200;2865
P167162043;P167162043_16;P;10170;0;0;11770;1200;2865
P167162043;P167162043_17;Q;10170;1660;0;10740;2440;1771
P167162043;P167162043_18;R;10740;1660;0;11310;2440;1771
P167162043;P167162043_19;S;11310;1240;0;12910;2440;2865
P167162043;P167162043_20;T;11770;0;0;13370;1200;2865
P166162043;P166162043_1;A;0;0;0;1600;1200;2160
P166162043;P166162043_2;B;0;1240;0;1600;2440;1455
P166162043;P166162043_3;C;1600;1240;0;2600;2440;2700
P166162043;P166162043_4;D;1600;0;0;2600;1200;1815
P166162043;P166162043_5;E;2600;0;0;3600;1200;1815
P166162043;P166162043_6;F;2600;1660;0;3170;2440;478
P166162043;P166162043_7;G;3170;1240;0;4770;2440;2865
P166162043;P166162043_8;H;3600;0;0;5200;1200;2865
P166162043;P166162043_9;I;4770;1240;0;5770;2440;2865
P166162043;P166162043_10;J;5200;0;0;6200;1200;2865
P166162043;P166162043_11;K;5770;1240;0;6770;2440;2865
P166162043;P166162043_12;L;6200;0;0;7800;1200;2865
P166162043;P166162043_13;M;6770;1240;0;8370;2440;2865
P166162043;P166162043_14;N;7800;0;0;9400;1200;2865
P166162043;P166162043_15;O;8370;1240;0;9370;2440;2865
P166162043;P166162043_16;P;9370;1240;0;10370;2440;2865
P166162043;P166162043_17;Q;9400;0;0;11000;1200;2865
P166162043;P166162043_18;R;10370;1240;0;11970;2440;2160
P166162043;P166162043_19;S;11000;0;0;11570;780;1771
P166162043;P166162043_20;T;11570;0;0;12140;780;909
P166162043;P166162043_21;U;11970;1440;0;13170;2440;750
P240161501;P240161501_1;A;0;0;0;1010;1206;2680
P240161501;P240161501_2;B;0;1234;0;1010;2440;2955
P240161501;P240161501_3;C;1010;1234;0;2020;2440;2755
P240161501;P240161501_4;D;1010;0;0;2020;1206;2370
P240161501;P240161501_5;E;2020;0;0;3030;1206;2370
P240161501;P240161501_6;F;2020;1234;0;3030;2440;1970
P240161501;P240161501_7;G;3030;1234;0;4040;2440;2370
P240161501;P240161501_8;H;3030;0;0;4030;1200;2865
P240161501;P240161501_9;I;4030;0;0;5030;1200;2865
P240161501;P240161501_10;J;4040;1240;0;5040;2440;2865
P240161501;P240161501_11;K;5030;0;0;6030;1200;2835
P240161501;P240161501_12;L;5040;1240;0;6040;2440;2835
P240161501;P240161501_13;M;6030;0;0;7030;1200;2835
P240161501;P240161501_14;N;6040;1240;0;7040;2440;2835
P240161501;P240161501_15;O;7030;0;0;8030;1200;2835
P240161501;P240161501_16;P;7040;1240;0;8040;2440;2835
P240161501;P240161501_17;Q;8030;0;0;9030;1200;1905
P240161501;P240161501_18;R;8040;1234;0;9050;2440;1540
P240161501;P240161501_19;S;9030;0;0;10630;1200;2700
P240161501;P240161501_20;T;9050;1240;0;10650;2440;2700
P240161501;P240161501_21;U;10630;0;0;12230;1200;2700
P240161501;P240161501_22;V;10650;1240;0;12250;2440;2700
P240161501;P240161501_23;W;12250;0;0;13450;1600;1815
Q240161501_1;Q240161501_1_1;A;0;0;0;1820;1182;2290
Q240161501_1;Q240161501_1_2;B;0;1182;0;1820;2364;2290
Q240161501_1;Q240161501_1_3;C;1820;1258;0;3640;2440;2290
Q240161501_1;Q240161501_1_4;D;1820;0;0;3640;1182;2290
Q240161501_1;Q240161501_1_5;E;3640;0;0;5460;1182;2290
Q240161501_1;Q240161501_1_6;F;3640;1258;0;5460;2440;2290
Q240161501_1;Q240161501_1_7;G;5460;1258;0;7280;2440;2290
Q240161501_1;Q240161501_1_8;H;5460;0;0;7280;1182;2290
Q240161501_1;Q240161501_1_9;I;7280;0;0;9100;1182;1160
Q240161501_1;Q240161501_1_10;J;7280;1240;0;8280;2440;2835
Q240161501_1;Q240161501_1_11;K;8280;1240;0;9280;2440;2835
Q240161501_1;Q240161501_1_12;L;9100;0;0;10100;1200;2835
P205161501;P205161501_1;A;0;0;0;1010;1206;2955
P205161501;P205161501_2;B;0;1234;0;1010;2440;2955
P205161501;P205161501_3;C;1010;1234;0;2020;2440;2725
P205161501;P205161501_4;D;1010;0;0;2020;1206;2755
P205161501;P205161501_5;E;2020;0;0;3030;1206;2910
P205161501;P205161501_6;F;2020;1234;0;3030;2440;2755
P205161501;P205161501_7;G;3030;1234;0;4040;2440;2755
P205161501;P205161501_8;H;3030;0;0;4040;1206;2755
P205161501;P205161501_9;I;4040;0;0;5050;1206;2755
P205161501;P205161501_10;J;4040;1234;0;5050;2440;2755
P205161501;P205161501_11;K;5050;1234;0;6060;2440;2640
P205161501;P205161501_12;L;5050;0;0;6050;1200;2865
P205161501;P205161501_13;M;6050;0;0;7050;1200;2865
P205161501;P205161501_14;N;6060;1240;0;7060;2440;2835
P205161501;P205161501_15;O;7050;0;0;8050;1200;2835
P205161501;P205161501_16;P;7060;1240;0;8060;2440;2835
P205161501;P205161501_17;Q;8050;0;0;9050;1200;2835
P205161501;P205161501_18;R;8060;1240;0;9060;2440;2835
P205161501;P205161501_19;S;9050;0;0;10050;1200;2835
P205161501;P205161501_20;T;9060;1240;0;10060;2440;2835
P205161501;P205161501_21;U;10050;0;0;11050;1200;2835
P205161501;P205161501_22;V;10060;1240;0;11060;2440;2835
P205161501;P205161501_23;W;11050;0;0;12050;1200;2835
P205161501;P205161501_24;X;11060;1240;0;12060;2440;2835
P205161501;P205161501_25;Y;12050;0;0;13050;1200;2865
P205161501;P205161501_26;Z;12060;1240;0;13060;2440;2865
Q205161501_1;Q205161501_1_1;A;0;0;0;1000;1200;2160
Q205161501_1;Q205161501_1_2;B;0;1234;0;1010;2440;770
Q205161501_1;Q205161501_1_3;C;1000;0;0;2600;1200;2700
Q205161501_1;Q205161501_1_4;D;1010;1240;0;2610;2440;2700
Q205161501_1;Q205161501_1_5;E;2600;0;0;4200;1200;2700
Q205161501_1;Q205161501_1_6;F;2610;1240;0;4210;2440;2700
Q205161501_1;Q205161501_1_7;G;4200;0;0;5800;1200;2700
Q205161501_1;Q205161501_1_8;H;4210;1240;0;5810;2440;2700
Q205161501_1;Q205161501_1_9;I;5800;0;0;7620;1182;2290
Q205161501_1;Q205161501_1_10;J;5810;1258;0;7630;2440;2290
Q205161501_1;Q205161501_1_11;K;7620;0;0;9440;1182;2290
Q205161501_1;Q205161501_1_12;L;7630;1258;0;9450;2440;2290
Q205161501_1;Q205161501_1_13;M;9440;0;0;11260;1182;2290
Q205161501_1;Q205161501_1_14;N;9450;1240;0;11050;2440;2700
Q205161501_1;Q205161501_1_15;O;11050;1258;0;12870;2440;2290
Q205161501_1;Q205161501_1_16;P;11260;0;0;13080;1182;2290
P201161503;P201161503_1;A;0;0;0;1010;1206;2370
P201161503;P201161503_2;B;0;1206;0;1010;2412;2370
P201161503;P201161503_3;C;1010;1234;0;2020;2440;2370
P201161503;P201161503_4;D;1010;0;0;2020;1206;2370
P201161503;P201161503_5;E;2020;0;0;3030;1206;2370
P201161503;P201161503_6;F;2020;1234;0;3030;2440;2910
P201161503;P201161503_7;G;3030;1234;0;4040;2440;1940
P201161503;P201161503_8;H;3030;0;0;4040;1206;2370
P201161503;P201161503_9;I;4040;0;0;5050;1206;2370
P201161503;P201161503_10;J;4040;1234;0;5050;2440;2370
P201161503;P201161503_11;K;5050;1234;0;6060;2440;2370
P201161503;P201161503_12;L;5050;0;0;6060;1206;2370
P201161503;P201161503_13;M;6060;0;0;7060;1200;2835
P201161503;P201161503_14;N;6060;1240;0;7060;2440;2835
P201161503;P201161503_15;O;7060;1240;0;8060;2440;2835
P201161503;P201161503_16;P;7060;0;0;8060;1200;2835
P201161503;P201161503_17;Q;8060;0;0;9060;1200;2835
P201161503;P201161503_18;R;8060;1240;0;9060;2440;2865
P201161503;P201161503_19;S;9060;1240;0;10060;2440;2865
P201161503;P201161503_20;T;9060;0;0;10060;1200;750
P198161501;P198161501_1;A;0;0;0;1010;1206;2940
P198161501;P198161501_2;B;0;1234;0;1010;2440;2755
P198161501;P198161501_3;C;1010;1234;0;2020;2440;2755
P198161501;P198161501_4;D;1010;0;0;2020;1206;2940
P198161501;P198161501_5;E;2020;0;0;3030;1206;2340
P198161501;P198161501_6;F;2020;1240;0;3020;2440;2865
P198161501;P198161501_7;G;3020;1240;0;4020;2440;2865
P198161501;P198161501_8;H;3030;0;0;4040;1206;1540
P198161501;P198161501_9;I;4020;1240;0;5620;2440;2700
P198161501;P198161501_10;J;4040;0;0;5860;1182;2290
P198161501;P198161501_11;K;5620;1258;0;7440;2440;2290
P198161501;P198161501_12;L;5860;0;0;7680;1182;2290
P198161501;P198161501_13;M;7440;1240;0;9040;2440;1815
P198161501;P198161501_14;N;7680;0;0;9500;1182;2290
P198161501;P198161501_15;O;9040;1258;0;10860;2440;2290
P198161501;P198161501_16;P;9500;0;0;10500;1200;2835
P198161501;P198161501_17;Q;10500;0;0;11500;1200;2835
P198161501;P198161501_18;R;10860;1240;0;11860;2440;2835
P198161501;P198161501_19;S;11500;0;0;12500;1200;2835
P198161501;P198161501_20;T;11860;1240;0;12860;2440;2835
P198161501;P198161501_21;U;12500;0;0;13500;1200;2835
P194161503;P194161503_1;A;0;0;0;1010;1206;2370
P194161503;P194161503_2;B;0;1206;0;1010;2412;2370
P194161503;P194161503_3;C;1010;1234;0;2020;2440;2955
P194161503;P194161503_4;D;1010;0;0;2020;1206;2755
P194161503;P194161503_5;E;2020;0;0;3030;1206;2755
P194161503;P194161503_6;F;2020;1234;0;3030;2440;2655
P194161503;P194161503_7;G;3030;1234;0;4040;2440;2755
P194161503;P194161503_8;H;3030;0;0;4040;1206;2740
P194161503;P194161503_9;I;4040;0;0;5050;1206;1185
P194161503;P194161503_10;J;4040;1240;0;5040;2440;2865
P194161503;P194161503_11;K;5040;1240;0;6040;2440;2835
P194161503;P194161503_12;L;5050;0;0;6050;1200;2835
P194161503;P194161503_13;M;6040;1240;0;7040;2440;2835
P194161503;P194161503_14;N;6050;0;0;7050;1200;2835
P194161503;P194161503_15;O;7040;1240;0;8040;2440;2835
P194161503;P194161503_16;P;7050;0;0;8050;1200;2835
P194161503;P194161503_17;Q;8040;1240;0;9040;2440;2835
P194161503;P194161503_18;R;8050;0;0;9050;1200;2835
P194161503;P194161503_19;S;9040;1240;0;10040;2440;2835
P194161503;P194161503_20;T;9050;0;0;10050;1200;2610
P194161503;P194161503_21;U;10040;1240;0;11040;2440;1455
P191161501;P191161501_1;A;0;0;0;1010;1206;2955
P191161501;P191161501_2;B;0;1206;0;1010;2412;2755
P191161501;P191161501_3;C;1010;1234;0;2020;2440;2755
P191161501;P191161501_4;D;1010;0;0;2020;1206;2755
P191161501;P191161501_5;E;2020;0;0;3030;1206;1840
P191161501;P191161501_6;F;2020;1234;0;3030;2440;2370
P191161501;P191161501_7;G;3030;1234;0;4040;2440;2370
P191161501;P191161501_8;H;3030;0;0;4040;1206;1185
P191161501;P191161501_9;I;4040;0;0;5040;1200;2835
P191161501;P191161501_10;J;4040;1240;0;5040;2440;2835
P191161501;P191161501_11;K;5040;1240;0;6040;2440;2835
P191161501;P191161501_12;L;5040;0;0;6040;1200;2835
P191161501;P191161501_13;M;6040;0;0;7040;1200;2835
P191161501;P191161501_14;N;6040;1240;0;7040;2440;2835
P191161501;P191161501_15;O;7040;1240;0;8040;2440;2835
P191161501;P191161501_16;P;7040;0;0;8040;1200;2385
P191161501;P191161501_17;Q;8040;0;0;9040;1200;2865
P191161501;P191161501_18;R;8040;1240;0;9040;2440;2865
P191161501;P191161501_19;S;9040;1240;0;10040;2440;2160
P191161501;P191161501_20;T;9040;0;0;10050;1206;385
P191161501;P191161501_21;U;10040;1240;0;11640;2440;2700
P191161501;P191161501_22;V;10050;0;0;11650;1200;2700
P191161501;P191161501_23;W;11640;1240;0;13240;2440;2700
P191161501;P191161501_24;X;11650;0;0;13250;1200;2700
Q191161501_1;Q191161501_1_1;A;0;1258;0;1820;2440;2290
Q191161501_1;Q191161501_1_2;B;0;0;0;1820;1182;2290
Q191161501_1;Q191161501_1_3;C;1820;0;0;3640;1182;2290
Q191161501_1;Q191161501_1_4;D;1820;1182;0;3640;2364;2290
Q191161501_1;Q191161501_1_5;E;3640;1258;0;5460;2440;2290
Q191161501_1;Q191161501_1_6;F;3640;0;0;5460;1182;2290
Q191161501_1;Q191161501_1_7;G;5460;0;0;7280;1182;2290
Q191161501_1;Q191161501_1_8;H;5460;1258;0;7280;2440;2290
Q191161501_1;Q191161501_1_9;I;7280;0;0;9100;1182;2290
Q191161501_1;Q191161501_1_10;J;7280;1258;0;9100;2440;2290
Q191161501_1;Q191161501_1_11;K;9100;1258;0;10920;2440;2290
Q191161501_1;Q191161501_1_12;L;9100;0;0;10700;1200;2700
Q191161501_1;Q191161501_1_13;M;10700;0;0;12300;1200;2700
Q191161501_1;Q191161501_1_14;N;10920;1240;0;12520;2440;2700
Q191161501_2;Q191161501_2_1;A;0;0;0;1820;1182;2290
Q191161501_2;Q191161501_2_2;B;0;1258;0;1820;2440;2290
Q191161501_2;Q191161501_2_3;C;1820;1258;0;3640;2440;2290
Q191161501_2;Q191161501_2_4;D;1820;0;0;3640;1182;2290
Q191161501_2;Q191161501_2_5;E;3640;0;0;5460;1182;2290
Q191161501_2;Q191161501_2_6;F;3640;1258;0;5460;2440;1160
Q191161501_2;Q191161501_2_7;G;5460;1240;0;7060;2440;2700
Q191161501_2;Q191161501_2_8;H;5460;0;0;7060;1200;930
Q191161501_2;Q191161501_2_9;I;7060;0;0;8060;1200;2835
Q191161501_2;Q191161501_2_10;J;7060;1240;0;8060;2440;2835
Q191161501_2;Q191161501_2_11;K;8060;1240;0;9060;2440;1905
P187161503;P187161503_1;A;0;0;0;1010;1206;2370
P187161503;P187161503_2;B;0;1206;0;1010;2412;2370
P187161503;P187161503_3;C;1010;1234;0;2020;2440;2370
P187161503;P187161503_4;D;1010;0;0;2020;1206;2525
P187161503;P187161503_5;E;2020;1234;0;3030;2440;2355
P187161503;P187161503_6;F;2020;0;0;3030;1206;2370
P187161503;P187161503_7;G;3030;0;0;4040;1206;2370
P187161503;P187161503_8;H;3030;1234;0;4040;2440;2370
P187161503;P187161503_9;I;4040;1234;0;5050;2440;2370
P187161503;P187161503_10;J;4040;0;0;5050;1206;2370
P187161503;P187161503_11;K;5050;0;0;6050;1200;2835
P187161503;P187161503_12;L;5050;1240;0;6050;2440;2835
P187161503;P187161503_13;M;6050;1240;0;7050;2440;2835
P187161503;P187161503_14;N;6050;0;0;7050;1200;2835
P187161503;P187161503_15;O;7050;0;0;8050;1200;2835
P187161503;P187161503_16;P;7050;1240;0;8050;2440;2865
P187161503;P187161503_17;Q;8050;1240;0;9050;2440;2865
P187161503;P187161503_18;R;8050;0;0;9050;1200;1455
P178340441;P178340441_1;A;0;617;0;1010;1823;970
P178340441;P178340441_2;B;1010;1660;0;1580;2440;1340
P178340441;P178340441_3;C;1010;0;0;1580;780;1340
P178340441;P178340441_4;D;1010;780;0;1580;1560;1340
P178340441;P178340441_5;E;1580;830;0;2150;1610;1340
P178340441;P178340441_6;F;2150;1610;0;2720;2390;1340
P178340441;P178340441_7;G;2150;830;0;2720;1610;1340
P178340441;P178340441_8;H;2720;830;0;3290;1610;1340
P178340441;P178340441_9;I;3290;1610;0;3860;2390;478
P178340441;P178340441_10;J;3290;0;0;4290;1200;2835
P178340441;P178340441_11;K;3860;1240;0;4860;2440;2835
P178340441;P178340441_12;L;4290;0;0;5290;1200;2835
P178340441;P178340441_13;M;4860;1240;0;5860;2440;2835
P178340441;P178340441_14;N;5290;0;0;6290;1200;2835
P178340441;P178340441_15;O;5860;1240;0;6860;2440;2835
P178340441;P178340441_16;P;6290;0;0;7290;1200;2835
P178340441;P178340441_17;Q;6860;1240;0;7860;2440;2835
P178340441;P178340441_18;R;7290;0;0;8290;1200;2835
P178340441;P178340441_19;S;7860;1240;0;8860;2440;2835
P178340441;P178340441_20;T;8290;0;0;9290;1200;1905
P178340441;P178340441_21;U;8860;1234;0;9870;2440;385
P178340441;P178340441_22;V;9290;0;0;10300;1206;2170
P178340441;P178340441_23;W;9870;1234;0;10880;2440;2170
P178340441;P178340441_24;X;10300;0;0;11310;1206;2170
P178340441;P178340441_25;Y;10880;1234;0;11890;2440;2170
P178340441;P178340441_26;Z;11310;0;0;12320;1206;2725
P178340441;P178340441_27;AA;11890;1234;0;12900;2440;1355
P177340441;P177340441_1;A;0;0;0;1000;1200;2835
P177340441;P177340441_2;B;0;1200;0;1000;2400;2835
P177340441;P177340441_3;C;1000;1240;0;2000;2440;2835
P177340441;P177340441_4;D;1000;0;0;2000;1200;2835
P177340441;P177340441_5;E;2000;0;0;3000;1200;2835
P177340441;P177340441_6;F;2000;1200;0;3000;2400;2835
P177340441;P177340441_7;G;3000;1240;0;4000;2440;2835
P177340441;P177340441_8;H;3000;0;0;4000;1200;2835
P177340441;P177340441_9;I;4000;0;0;5000;1200;2835
P177340441;P177340441_10;J;4000;1660;0;4570;2440;1340
P177340441;P177340441_11;K;4570;1660;0;5140;2440;1340
P177340441;P177340441_12;L;5000;0;0;5570;780;1340
P177340441;P177340441_13;M;5140;1240;0;6140;2440;2835
P177340441;P177340441_14;N;5570;0;0;6570;1200;2835
P177340441;P177340441_15;O;6140;1240;0;7140;2440;2835
P177340441;P177340441_16;P;6570;0;0;7570;1200;2835
P177340441;P177340441_17;Q;7140;1234;0;8150;2440;385
P177340441;P177340441_18;R;7570;0;0;9170;1200;2700
P177340441;P177340441_19;S;8150;1240;0;9750;2440;2700
P177340441;P177340441_20;T;9170;0;0;10770;1200;2700
P177340441;P177340441_21;U;9750;1240;0;11350;2440;2700
P177340441;P177340441_22;V;10770;0;0;12370;1200;2700
P177340441;P177340441_23;W;11350;1234;0;12360;2440;2170
P177340441;P177340441_24;X;12360;1234;0;13370;2440;1955
P174340441;P174340441_1;A;0;0;0;1000;1200;2835
P174340441;P174340441_2;B;0;1200;0;1000;2400;2835
P174340441;P174340441_3;C;1000;1240;0;2000;2440;2835
P174340441;P174340441_4;D;1000;0;0;2000;1200;2835
P174340441;P174340441_5;E;2000;0;0;3000;1200;2835
P174340441;P174340441_6;F;2000;1240;0;3000;2440;975
P174340441;P174340441_7;G;3000;1660;0;3570;2440;1340
P174340441;P174340441_8;H;3000;0;0;3570;780;1340
P174340441;P174340441_9;I;3000;780;0;3570;1560;1340
P174340441;P174340441_10;J;3570;0;0;4140;780;478
P174340441;P174340441_11;K;3570;1240;0;4570;2440;2835
P174340441;P174340441_12;L;4140;0;0;5140;1200;2835
P174340441;P174340441_13;M;4570;1240;0;5570;2440;2835
P174340441;P174340441_14;N;5140;0;0;6140;1200;975
P174340441;P174340441_15;O;5570;1240;0;7170;2440;2700
P174340441;P174340441_16;P;6140;0;0;7740;1200;2700
P174340441;P174340441_17;Q;7170;1240;0;8770;2440;2700
P174340441;P174340441_18;R;7740;0;0;9340;1200;2700
P174340441;P174340441_19;S;8770;1240;0;10370;2440;2700
P174340441;P174340441_20;T;9340;0;0;10940;1200;2700
P174340441;P174340441_21;U;10370;1240;0;11970;2440;2700
P174340441;P174340441_22;V;10940;0;0;11950;1206;2170
P174340441;P174340441_23;W;11950;0;0;12960;1206;2170
P174340441;P174340441_24;X;11970;1234;0;12980;2440;385
P172340441;P172340441_1;A;0;0;0;1000;1200;2835
P172340441;P172340441_2;B;0;1200;0;1000;2400;2835
P172340441;P172340441_3;C;1000;1240;0;2000;2440;2835
P172340441;P172340441_4;D;1000;0;0;2000;1200;1905
P172340441;P172340441_5;E;2000;1240;0;3000;2440;2835
P172340441;P172340441_6;F;2000;0;0;3000;1200;2835
P172340441;P172340441_7;G;3000;0;0;4000;1200;2835
P172340441;P172340441_8;H;3000;1240;0;4000;2440;2835
P172340441;P172340441_9;I;4000;1240;0;5000;2440;2835
P172340441;P172340441_10;J;4000;0;0;5000;1200;2835
P172340441;P172340441_11;K;5000;0;0;6000;1200;2835
P172340441;P172340441_12;L;5000;1240;0;6000;2440;2835
P172340441;P172340441_13;M;6000;1660;0;6570;2440;1340
P172340441;P172340441_14;N;6000;0;0;6570;780;1340
P172340441;P172340441_15;O;6000;780;0;6570;1560;1340
P172340441;P172340441_16;P;6570;0;0;7140;780;1340
P172340441;P172340441_17;Q;6570;780;0;7140;1560;1340
P172340441;P172340441_18;R;6570;1660;0;7140;2440;478
P172340441;P172340441_19;S;7140;1240;0;8140;2440;2835
P172340441;P172340441_20;T;7140;0;0;8140;1200;2835
P172340441;P172340441_21;U;8140;0;0;9140;1200;2835
P172340441;P172340441_22;V;8140;1240;0;9140;2440;2835
P172340441;P172340441_23;W;9140;1240;0;10140;2440;2835
P172340441;P172340441_24;X;9140;0;0;10140;1200;2835
P172340441;P172340441_25;Y;10140;0;0;11140;1200;2835
P172340441;P172340441_26;Z;10140;1234;0;11150;2440;385
P172340441;P172340441_27;AA;11140;0;0;12740;1200;2700
P172340441;P172340441_28;AB;11150;1240;0;12750;2440;2700
P171340441;P171340441_1;A;0;1240;0;1000;2440;2835
P171340441;P171340441_2;B;0;0;0;1000;1200;2835
P171340441;P171340441_3;C;1000;0;0;1570;780;1340
P171340441;P171340441_4;D;1000;780;0;1570;1560;1340
P171340441;P171340441_5;E;1000;1660;0;1570;2440;909
P171340441;P171340441_6;F;1570;1240;0;2570;2440;2835
P171340441;P171340441_7;G;1570;0;0;2570;1200;2835
P171340441;P171340441_8;H;2570;0;0;3570;1200;2835
P171340441;P171340441_9;I;2570;1240;0;3570;2440;1905
P171340441;P171340441_10;J;3570;1234;0;4580;2440;385
P171340441;P171340441_11;K;3570;0;0;5170;1200;2700
P171340441;P171340441_12;L;4580;1240;0;6180;2440;2700
P171340441;P171340441_13;M;5170;0;0;6770;1200;2700
P171340441;P171340441_14;N;6180;1240;0;7780;2440;2700
P171340441;P171340441_15;O;6770;0;0;8370;1200;2700
P171340441;P171340441_16;P;7780;1240;0;9380;2440;930
P171340441;P171340441_17;Q;8370;0;0;9380;1206;2170
P171340441;P171340441_18;R;9380;0;0;10390;1206;2170
P171340441;P171340441_19;S;9380;1234;0;10390;2440;2170
P171340441;P171340441_20;T;10390;1234;0;11400;2440;2170
P171340441;P171340441_21;U;10390;0;0;11400;1206;2695
P171340441;P171340441_22;V;11400;0;0;12410;1206;1570
P170340441;P170340441_1;A;0;0;0;1000;1200;2835
P170340441;P170340441_2;B;0;1200;0;1000;2400;2835
P170340441;P170340441_3;C;1000;1240;0;2000;2440;2835
P170340441;P170340441_4;D;1000;0;0;2000;1200;2835
P170340441;P170340441_5;E;2000;0;0;3000;1200;2835
P170340441;P170340441_6;F;2000;1240;0;3000;2440;2835
P170340441;P170340441_7;G;3000;1240;0;4000;2440;2835
P170340441;P170340441_8;H;3000;0;0;4000;1200;2835
P170340441;P170340441_9;I;4000;0;0;5000;1200;2835
P170340441;P170340441_10;J;4000;1240;0;5000;2440;2835
P170340441;P170340441_11;K;5000;1660;0;5570;2440;1340
P170340441;P170340441_12;L;5000;0;0;5570;780;1340
P170340441;P170340441_13;M;5000;780;0;5570;1560;1340
P170340441;P170340441_14;N;5570;0;0;6140;780;478
P170340441;P170340441_15;O;5570;1240;0;6570;2440;2835
P170340441;P170340441_16;P;6140;0;0;7140;1200;2835
P170340441;P170340441_17;Q;6570;1240;0;7570;2440;2835
P170340441;P170340441_18;R;7140;0;0;8140;1200;1905
P170340441;P170340441_19;S;7570;1240;0;9170;2440;2700
P170340441;P170340441_20;T;8140;0;0;9740;1200;2700
P170340441;P170340441_21;U;9170;1240;0;10770;2440;2700
P170340441;P170340441_22;V;9740;0;0;11340;1200;2700
P170340441;P170340441_23;W;10770;1240;0;12370;2440;2700
P170340441;P170340441_24;X;11340;0;0;12350;1206;2170
P170340441;P170340441_25;Y;12350;0;0;13360;1206;1085
P170340441;P170340441_26;Z;12370;1234;0;13380;2440;770
P167340441;P167340441_1;A;0;0;0;1600;1200;2700
P167340441;P167340441_2;B;0;1240;0;1600;2440;1815
P167340441;P167340441_3;C;1600;1240;0;3200;2440;2700
P167340441;P167340441_4;D;1600;0;0;3200;1200;2700
P167340441;P167340441_5;E;3200;0;0;4210;1206;1085
P167340441;P167340441_6;F;3200;1234;0;4210;2440;770
P240224601;P240224601_1;A;0;0;0;1000;1200;2160
P240224601;P240224601_2;B;0;1240;0;1000;2440;2160
P240224601;P240224601_3;C;1000;620;0;2000;1820;2160
P240224601;P240224601_4;D;2000;1240;0;3000;2440;2160
P240224601;P240224601_5;E;2000;0;0;3000;1200;2160
P240224601;P240224601_6;F;3000;1240;0;4000;2440;2160
P240224601;P240224601_7;G;3000;0;0;4000;1200;2160
P240224601;P240224601_8;H;4000;0;0;5000;1200;2160
P240224601;P240224601_9;I;4000;1240;0;5000;2440;2160
P240224601;P240224601_10;J;5000;1240;0;6000;2440;2160
P240224601;P240224601_11;K;5000;0;0;6000;1200;2160
P240224601;P240224601_12;L;6000;0;0;7000;1200;2160
P240224601;P240224601_13;M;6000;1240;0;7000;2440;2160
P240224601;P240224601_14;N;7000;1240;0;8000;2440;2160
P240224601;P240224601_15;O;7000;0;0;8000;1200;2160
P240224601;P240224601_16;P;8000;0;0;9000;1200;2160
P240224601;P240224601_17;Q;8000;1240;0;9000;2440;2160
P240224601;P240224601_18;R;9000;1240;0;10000;2440;2160
P240224601;P240224601_19;S;9000;0;0;10000;1200;2160
P240224601;P240224601_20;T;10000;0;0;11000;1200;2160
P240224601;P240224601_21;U;10000;1240;0;11000;2440;2160
P240224601;P240224601_22;V;11000;1240;0;12000;2440;2160
P240224601;P240224601_23;W;11000;0;0;12000;1200;2160
P240224601;P240224601_24;X;12000;0;0;13200;1000;2385
P240224601;P240224601_25;Y;12000;1240;0;13000;2440;975
P208224601;P208224601_1;A;0;620;0;1000;1820;750
P208224601;P208224601_2;B;1000;620;0;2000;1820;750
P208224601;P208224601_3;C;2000;620;0;3000;1820;2160
P208224601;P208224601_4;D;3000;620;0;4000;1820;2160
P208224601;P208224601_5;E;4000;620;0;5000;1820;2160
P208224601;P208224601_6;F;5000;1240;0;6000;2440;2160
P208224601;P208224601_7;G;5000;0;0;6000;1200;2160
P208224601;P208224601_8;H;6000;0;0;7000;1200;2160
P208224601;P208224601_9;I;6000;1240;0;7000;2440;2160
P208224601;P208224601_10;J;7000;1240;0;8000;2440;2385
P208224601;P208224601_11;K;7000;0;0;8000;1200;2160
P208224601;P208224601_12;L;8000;0;0;9000;1200;2160
P208224601;P208224601_13;M;8000;1240;0;9000;2440;2160
P208224601;P208224601_14;N;9000;1240;0;10000;2440;2160
P208224601;P208224601_15;O;9000;0;0;10000;1200;2160
P208224601;P208224601_16;P;10000;0;0;11000;1200;2160
P208224601;P208224601_17;Q;10000;1240;0;11000;2440;2385
P208224601;P208224601_18;R;11000;1240;0;12000;2440;1905
P205224601;P205224601_1;A;0;0;0;1000;1200;1905
P205224601;P205224601_2;B;0;1220;0;1000;2420;2160
P205224601;P205224601_3;C;1000;1240;0;2000;2440;2160
P205224601;P205224601_4;D;1000;20;0;2000;1220;2160
P205224601;P205224601_5;E;2000;620;0;3000;1820;2160
P205224601;P205224601_6;F;3000;1240;0;4000;2440;2160
P205224601;P205224601_7;G;3000;0;0;4000;1200;2160
P205224601;P205224601_8;H;4000;0;0;5000;1200;2160
P205224601;P205224601_9;I;4000;1240;0;5000;2440;2160
P205224601;P205224601_10;J;5000;1240;0;6000;2440;2160
P205224601;P205224601_11;K;5000;0;0;6000;1200;2160
P205224601;P205224601_12;L;6000;0;0;7000;1200;2160
P205224601;P205224601_13;M;6000;1240;0;7000;2440;2160
P205224601;P205224601_14;N;7000;1240;0;8000;2440;2160
P205224601;P205224601_15;O;7000;0;0;8000;1200;2160
P205224601;P205224601_16;P;8000;0;0;9000;1200;2160
P205224601;P205224601_17;Q;8000;1240;0;9000;2440;2160
P205224601;P205224601_18;R;9000;1240;0;10000;2440;2160
P205224601;P205224601_19;S;9000;0;0;10000;1200;2160
P205224601;P205224601_20;T;10000;0;0;11000;1200;2160
P205224601;P205224601_21;U;10000;1240;0;11000;2440;2160
P205224601;P205224601_22;V;11000;1240;0;12000;2440;2160
P205224601;P205224601_23;W;11000;0;0;12000;1200;2160
P205224601;P205224601_24;X;12000;0;0;13200;1000;2160
P205224601;P205224601_25;Y;12000;1240;0;13000;2440;1455
P198224601;P198224601_1;A;0;1240;0;1000;2440;2385
P198224601;P198224601_2;B;0;0;0;1000;1200;2160
P198224601;P198224601_3;C;1000;0;0;2000;1200;2160
P198224601;P198224601_4;D;1000;1220;0;2000;2420;2160
P198224601;P198224601_5;E;2000;1240;0;3000;2440;2160
P198224601;P198224601_6;F;2000;0;0;3000;1200;2160
P198224601;P198224601_7;G;3000;0;0;4000;1200;2160
P198224601;P198224601_8;H;3000;1240;0;4000;2440;2160
P198224601;P198224601_9;I;4000;1240;0;5000;2440;2160
P198224601;P198224601_10;J;4000;0;0;5000;1200;2160
P198224601;P198224601_11;K;5000;0;0;6000;1200;2160
P198224601;P198224601_12;L;5000;1240;0;6000;2440;2160
P198224601;P198224601_13;M;6000;1240;0;7000;2440;2160
P198224601;P198224601_14;N;6000;0;0;7000;1200;2160
P198224601;P198224601_15;O;7000;0;0;8000;1200;2385
P198224601;P198224601_16;P;7000;1240;0;8000;2440;2160
P198224601;P198224601_17;Q;8000;1240;0;9000;2440;2160
P198224601;P198224601_18;R;8000;0;0;9000;1200;2160
P198224601;P198224601_19;S;9000;0;0;10000;1200;2160
P198224601;P198224601_20;T;9000;1240;0;10000;2440;2160
P198224601;P198224601_21;U;10000;1240;0;11000;2440;2160
P198224601;P198224601_22;V;10000;0;0;11000;1200;2160
P198224601;P198224601_23;W;11000;0;0;12000;1200;2385
P198224601;P198224601_24;X;11000;1240;0;12000;2440;2160
P198224601;P198224601_25;Y;12000;1440;0;13200;2440;2160
P198224601;P198224601_26;Z;12000;0;0;13000;1200;1455
P194224601;P194224601_1;A;0;620;0;1000;1820;750
P194224601;P194224601_2;B;1000;620;0;2000;1820;2160
P194224601;P194224601_3;C;2000;620;0;3000;1820;2160
P194224601;P194224601_4;D;3000;1240;0;4000;2440;2160
P194224601;P194224601_5;E;3000;20;0;4000;1220;2160
P194224601;P194224601_6;F;4000;0;0;5000;1200;2160
P194224601;P194224601_7;G;4000;1240;0;5000;2440;2160
P194224601;P194224601_8;H;5000;1240;0;6000;2440;2160
P194224601;P194224601_9;I;5000;0;0;6000;1200;2160
P194224601;P194224601_10;J;6000;0;0;7000;1200;2160
P194224601;P194224601_11;K;6000;1240;0;7000;2440;2160
P194224601;P194224601_12;L;7000;1240;0;8000;2440;2160
P194224601;P194224601_13;M;7000;0;0;8000;1200;2160
P194224601;P194224601_14;N;8000;0;0;9000;1200;2160
P194224601;P194224601_15;O;8000;1240;0;9000;2440;2160
P194224601;P194224601_16;P;9000;1240;0;10000;2440;2160
P194224601;P194224601_17;Q;9000;0;0;10000;1200;2160
P194224601;P194224601_18;R;10000;0;0;11000;1200;2385
P194224601;P194224601_19;S;10000;1240;0;11000;2440;2160
P194224601;P194224601_20;T;11000;1240;0;12000;2440;2160
P194224601;P194224601_21;U;11000;0;0;12000;1200;2385
P194224601;P194224601_22;V;12000;0;0;13200;1000;2160
P194224601;P194224601_23;W;12000;1240;0;13000;2440;2160
P191224601;P191224601_1;A;0;0;0;1000;1200;2385
P191224601;P191224601_2;B;0;1240;0;1000;2440;2160
P191224601;P191224601_3;C;1000;1240;0;2000;2440;2160
P191224601;P191224601_4;D;1000;0;0;2000;1200;2160
P191224601;P191224601_5;E;2000;0;0;3000;1200;1905
P191224601;P191224601_6;F;2000;1240;0;3000;2440;975
P191224601;P191224601_7;G;3000;1240;0;4000;2440;2160
P191224601;P191224601_8;H;3000;0;0;4000;1200;2160
P191224601;P191224601_9;I;4000;0;0;5000;1200;2160
P191224601;P191224601_10;J;4000;1240;0;5000;2440;2160
P191224601;P191224601_11;K;5000;1240;0;6000;2440;2160
P191224601;P191224601_12;L;5000;0;0;6000;1200;2160
P191224601;P191224601_13;M;6000;0;0;7000;1200;2160
P191224601;P191224601_14;N;6000;1240;0;7000;2440;2160
P191224601;P191224601_15;O;7000;1240;0;8000;2440;2160
P191224601;P191224601_16;P;7000;0;0;8000;1200;2160
P191224601;P191224601_17;Q;8000;0;0;9000;1200;2160
P191224601;P191224601_18;R;8000;1240;0;9000;2440;2160
P191224601;P191224601_19;S;9000;1240;0;10000;2440;2160
P191224601;P191224601_20;T;9000;0;0;10000;1200;2160
P191224601;P191224601_21;U;10000;0;0;11000;1200;2160
P191224601;P191224601_22;V;10000;1240;0;11000;2440;2160
P191224601;P191224601_23;W;11000;1240;0;12000;2440;2160
P191224601;P191224601_24;X;11000;0;0;12000;1200;2160
P191224601;P191224601_25;Y;12000;0;0;13200;1000;2160
P191224601;P191224601_26;Z;12000;1240;0;13000;2440;750
P187224601;P187224601_1;A;0;0;0;1000;1200;2160
P187224601;P187224601_2;B;0;1220;0;1000;2420;2160
P187224601;P187224601_3;C;1000;1240;0;2000;2440;2160
P187224601;P187224601_4;D;1000;0;0;2000;1200;2160
P187224601;P187224601_5;E;2000;0;0;3000;1200;1455
P187224601;P187224601_6;F;2000;1240;0;3000;2440;2160
P187224601;P187224601_7;G;3000;620;0;4000;1820;2160
P187224601;P187224601_8;H;4000;1240;0;5000;2440;2160
P187224601;P187224601_9;I;4000;0;0;5000;1200;2160
P187224601;P187224601_10;J;5000;1240;0;6000;2440;2160
P187224601;P187224601_11;K;5000;0;0;6000;1200;2160
P187224601;P187224601_12;L;6000;0;0;7000;1200;2160
P187224601;P187224601_13;M;6000;1240;0;7000;2440;2160
P187224601;P187224601_14;N;7000;1240;0;8000;2440;2160
P187224601;P187224601_15;O;7000;0;0;8000;1200;2160
P187224601;P187224601_16;P;8000;0;0;9000;1200;2160
P187224601;P187224601_17;Q;8000;1240;0;9000;2440;2160
P187224601;P187224601_18;R;9000;1240;0;10000;2440;2160
P187224601;P187224601_19;S;9000;0;0;10000;1200;2160
P187224601;P187224601_20;T;10000;0;0;11000;1200;2160
P187224601;P187224601_21;U;10000;1240;0;11000;2440;2160
P187224601;P187224601_22;V;11000;1240;0;12000;2440;2160
P187224601;P187224601_23;W;11000;0;0;12000;1200;2160
P187224601;P187224601_24;X;12000;0;0;13200;1000;2160
P187224601;P187224601_25;Y;12000;1240;0;13000;2440;2160
Q187224601_1;Q187224601_1_1;A;0;0;0;1000;1200;2160
Q187224601_1;Q187224601_1_2;B;0;1240;0;1000;2440;2160
Q187224601_1;Q187224601_1_3;C;1000;620;0;2000;1820;2160
Q187224601_1;Q187224601_1_4;D;2000;620;0;3000;1820;1455
Q187224601_1;Q187224601_1_5;E;3000;620;0;4000;1820;2160
Q187224601_1;Q187224601_1_6;F;4000;1240;0;5000;2440;2160
Q187224601_1;Q187224601_1_7;G;4000;0;0;5000;1200;2160
Q187224601_1;Q187224601_1_8;H;5000;1240;0;6000;2440;2160
Q187224601_1;Q187224601_1_9;I;5000;0;0;6000;1200;2160
Q187224601_1;Q187224601_1_10;J;6000;0;0;7000;1200;2160
Q187224601_1;Q187224601_1_11;K;6000;1240;0;7000;2440;2160
Q187224601_1;Q187224601_1_12;L;7000;1240;0;8000;2440;2160
Q187224601_1;Q187224601_1_13;M;7000;0;0;8000;1200;2160
Q187224601_1;Q187224601_1_14;N;8000;0;0;9000;1200;2160
Q187224601_1;Q187224601_1_15;O;8000;1240;0;9000;2440;2160
Q187224601_1;Q187224601_1_16;P;9000;1240;0;10000;2440;2160
Q187224601_1;Q187224601_1_17;Q;9000;0;0;10000;1200;2160
Q187224601_1;Q187224601_1_18;R;10000;0;0;11000;1200;1680
Q187224601_1;Q187224601_1_19;S;10000;1240;0;11000;2440;1905
Q187224601_1;Q187224601_1_20;T;11000;1240;0;12000;2440;1905
Q187224601_1;Q187224601_1_21;U;11000;0;0;12000;1200;975
P206244305;P206244305_1;A;0;1234;0;1010;2440;2755
P206244305;P206244305_2;B;0;0;0;1010;1206;2755
P206244305;P206244305_3;C;1010;0;0;2020;1206;2655
P206244305;P206244305_4;D;1010;1234;0;2020;2440;2755
P206244305;P206244305_5;E;2020;1234;0;3030;2440;2655
P206244305;P206244305_6;F;2020;0;0;3030;1206;2755
P206244305;P206244305_7;G;3030;0;0;4040;1206;2555
P206244305;P206244305_8;H;3030;1234;0;4040;2440;2555
P206244305;P206244305_9;I;4040;1234;0;5050;2440;2555
P206244305;P206244305_10;J;4040;0;0;5050;1206;2555
P206244305;P206244305_11;K;5050;0;0;6060;1206;2755
P206244305;P206244305_12;L;5050;1234;0;6060;2440;2370
P206244305;P206244305_13;M;6060;1234;0;7070;2440;2270
P206244305;P206244305_14;N;6060;0;0;7070;1206;2270
P206244305;P206244305_15;O;7070;0;0;8080;1206;2170
P206244305;P206244305_16;P;7070;1234;0;8080;2440;2170
P206244305;P206244305_17;Q;8080;1240;0;9080;2440;2835
P206244305;P206244305_18;R;8080;0;0;9080;1200;2835
P206244305;P206244305_19;S;9080;0;0;10080;1200;2835
P206244305;P206244305_20;T;9080;1240;0;10080;2440;2835
P206244305;P206244305_21;U;10080;1240;0;11080;2440;2835
P206244305;P206244305_22;V;10080;0;0;11080;1200;2835
P206244305;P206244305_23;W;11080;0;0;12280;1000;2835
P206244305;P206244305_24;X;11080;1240;0;12080;2440;2835
P206244305;P206244305_25;Y;12080;1440;0;13280;2440;2835
P206244305;P206244305_26;Z;12280;0;0;13480;1000;2835
P201244303;P201244303_1;A;0;0;0;1010;1206;2855
P201244303;P201244303_2;B;0;1234;0;1010;2440;2655
P201244303;P201244303_3;C;1010;1234;0;2020;2440;2655
P201244303;P201244303_4;D;1010;0;0;2020;1206;2725
P201244303;P201244303_5;E;2020;0;0;3030;1206;2555
P201244303;P201244303_6;F;2020;1234;0;3030;2440;2170
P201244303;P201244303_7;G;3030;1234;0;4040;2440;2170
P201244303;P201244303_8;H;3030;0;0;4040;1206;2170
P201244303;P201244303_9;I;4040;0;0;5050;1206;2370
P201244303;P201244303_10;J;4040;1234;0;5050;2440;2270
P201244303;P201244303_11;K;5050;1234;0;6060;2440;2270
P201244303;P201244303_12;L;5050;0;0;6060;1206;2270
P201244303;P201244303_13;M;6060;0;0;7060;1200;2835
P201244303;P201244303_14;N;6060;1240;0;7060;2440;2835
P201244303;P201244303_15;O;7060;1240;0;8060;2440;2835
P201244303;P201244303_16;P;7060;0;0;8060;1200;2835
P201244303;P201244303_17;Q;8060;0;0;9060;1200;2835
P201244303;P201244303_18;R;8060;1240;0;9060;2440;2835
P201244303;P201244303_19;S;9060;1240;0;10060;2440;2835
P201244303;P201244303_20;T;9060;0;0;10060;1200;2835
P201244303;P201244303_21;U;10060;0;0;11060;1200;2835
P201244303;P201244303_22;V;10060;1240;0;11060;2440;2835
P201244303;P201244303_23;W;11060;1240;0;12060;2440;2835
P201244303;P201244303_24;X;11060;0;0;12060;1200;2835
P201244303;P201244303_25;Y;12060;0;0;13260;1000;2835
P201244303;P201244303_26;Z;12060;1240;0;13060;2440;2835
P199244305;P199244305_1;A;0;0;0;1010;1206;2855
P199244305;P199244305_2;B;0;1234;0;1010;2440;2755
P199244305;P199244305_3;C;1010;1234;0;2020;2440;2555
P199244305;P199244305_4;D;1010;0;0;2020;1206;2555
P199244305;P199244305_5;E;2020;0;0;3030;1206;2555
P199244305;P199244305_6;F;2020;1234;0;3030;2440;2270
P199244305;P199244305_7;G;3030;1234;0;4040;2440;2270
P199244305;P199244305_8;H;3030;0;0;4040;1206;1185
P199244305;P199244305_9;I;4040;0;0;5040;1200;2835
P199244305;P199244305_10;J;4040;1240;0;5040;2440;2835
P199244305;P199244305_11;K;5040;1240;0;6040;2440;2835
P199244305;P199244305_12;L;5040;0;0;6040;1200;2835
P199244305;P199244305_13;M;6040;0;0;7040;1200;2835
P199244305;P199244305_14;N;6040;1240;0;7040;2440;2835
P199244305;P199244305_15;O;7040;1234;0;8050;2440;1540
P192244305;P192244305_1;A;0;0;0;1010;1206;2755
P192244305;P192244305_2;B;0;1234;0;1010;2440;2655
P192244305;P192244305_3;C;1010;1234;0;2020;2440;2755
P192244305;P192244305_4;D;1010;0;0;2020;1206;2625
P192244305;P192244305_5;E;2020;0;0;3030;1206;2655
P192244305;P192244305_6;F;2020;1234;0;3030;2440;2655
P192244305;P192244305_7;G;3030;1234;0;4040;2440;2755
P192244305;P192244305_8;H;3030;0;0;4040;1206;2755
P192244305;P192244305_9;I;4040;0;0;5050;1206;2755
P192244305;P192244305_10;J;4040;1234;0;5050;2440;2755
P192244305;P192244305_11;K;5050;1234;0;6060;2440;2655
P192244305;P192244305_12;L;5050;0;0;6060;1206;2555
P192244305;P192244305_13;M;6060;0;0;7070;1206;2170
P192244305;P192244305_14;N;6060;1234;0;7070;2440;2270
P192244305;P192244305_15;O;7070;1234;0;8080;2440;2270
P192244305;P192244305_16;P;7070;0;0;8080;1206;2170
P192244305;P192244305_17;Q;8080;0;0;9090;1206;2170
P192244305;P192244305_18;R;8080;1234;0;9090;2440;1085
P192244305;P192244305_19;S;9090;1240;0;10090;2440;2835
P192244305;P192244305_20;T;9090;0;0;10090;1200;2835
P192244305;P192244305_21;U;10090;0;0;11090;1200;2835
P192244305;P192244305_22;V;10090;1240;0;11090;2440;2835
P192244305;P192244305_23;W;11090;1440;0;12290;2440;2835
P192244305;P192244305_24;X;11090;0;0;12090;1200;2835
P192244305;P192244305_25;Y;12090;0;0;13290;1000;2835
P192244305;P192244305_26;Z;12290;1440;0;13490;2440;2835
P185244305;P185244305_1;A;0;0;0;1010;1206;2825
P185244305;P185244305_2;B;0;1234;0;1010;2440;2755
P185244305;P185244305_3;C;1010;1234;0;2020;2440;2855
P185244305;P185244305_4;D;1010;0;0;2020;1206;2855
P185244305;P185244305_5;E;2020;0;0;3030;1206;2340
P185244305;P185244305_6;F;2020;1240;0;3020;2440;2835
P185244305;P185244305_7;G;3020;1240;0;4020;2440;2835
P185244305;P185244305_8;H;3030;0;0;4030;1200;2835
P185244305;P185244305_9;I;4020;1240;0;5020;2440;2835
P185244305;P185244305_10;J;4030;0;0;5030;1200;2835
P185244305;P185244305_11;K;5020;1240;0;6020;2440;2835
P185244305;P185244305_12;L;5030;0;0;6030;1200;2835
P185244305;P185244305_13;M;6020;1240;0;7020;2440;2835
P185244305;P185244305_14;N;6030;0;0;7030;1200;2835
P185244305;P185244305_15;O;7020;1240;0;8020;2440;2835
P185244305;P185244305_16;P;7030;0;0;8030;1200;2835
P185244305;P185244305_17;Q;8020;1240;0;9020;2440;2835
P185244305;P185244305_18;R;8030;0;0;9030;1200;2835
P185244305;P185244305_19;S;9020;1240;0;10020;2440;2835
P185244305;P185244305_20;T;9030;0;0;10030;1200;2835
P185244305;P185244305_21;U;10020;1240;0;11020;2440;2835
P185244305;P185244305_22;V;10030;0;0;11030;1200;2835
P185244305;P185244305_23;W;11020;1240;0;12020;2440;2835
P185244305;P185244305_24;X;11030;0;0;12030;1200;2835
P185244305;P185244305_25;Y;12020;1240;0;13020;2440;2835
P185244305;P185244305_26;Z;12030;0;0;13040;1206;2695
P184244307;P184244307_1;A;0;0;0;1010;1206;2370
P184244307;P184244307_2;B;0;1234;0;1010;2440;2270
P184244307;P184244307_3;C;1010;1234;0;2020;2440;2170
P184244307;P184244307_4;D;1010;0;0;2020;1206;2510
P184244307;P184244307_5;E;2020;0;0;3030;1206;2170
P184244307;P184244307_6;F;2020;1234;0;3030;2440;2270
P184244307;P184244307_7;G;3030;1234;0;4040;2440;2370
P184244307;P184244307_8;H;3030;0;0;4040;1206;2170
P184244307;P184244307_9;I;4040;0;0;5050;1206;2170
P184244307;P184244307_10;J;4040;1234;0;5050;2440;2170
P184244307;P184244307_11;K;5050;1234;0;6060;2440;2270
P184244307;P184244307_12;L;5050;0;0;6060;1206;2370
P184244307;P184244307_13;M;6060;0;0;7070;1206;2170
P184244307;P184244307_14;N;6060;1234;0;7070;2440;2170
P184244307;P184244307_15;O;7070;1234;0;8080;2440;2170
P184244307;P184244307_16;P;7070;0;0;8080;1206;2270
P184244307;P184244307_17;Q;8080;0;0;9090;1206;2170
P184244307;P184244307_18;R;8080;1234;0;9090;2440;2270
P184244307;P184244307_19;S;9090;1234;0;10100;2440;2170
P184244307;P184244307_20;T;9090;0;0;10100;1206;2270
P184244307;P184244307_21;U;10100;0;0;11110;1206;2340
P184244307;P184244307_22;V;10100;1234;0;11110;2440;1670
P178218601;P178218601_1;A;0;0;0;1600;1200;2340
P178218601;P178218601_2;B;0;1240;0;1600;2440;2160
P178218601;P178218601_3;C;1600;1240;0;3200;2440;2160
P178218601;P178218601_4;D;1600;0;0;3200;1200;2160
P178218601;P178218601_5;E;3200;0;0;4200;1200;1455
P178218601;P178218601_6;F;3200;1240;0;4200;2440;1455
P178218601;P178218601_7;G;4200;1240;0;5200;2440;1455
P178218601;P178218601_8;H;4200;0;0;5200;1200;1455
P178218601;P178218601_9;I;5200;0;0;6200;1200;1455
P178218601;P178218601_10;J;5200;1240;0;6200;2440;1455
P178218601;P178218601_11;K;6200;1240;0;7200;2440;1455
P178218601;P178218601_12;L;6200;0;0;7200;1200;1455
P178218601;P178218601_13;M;7200;0;0;8200;1200;1455
P178218601;P178218601_14;N;7200;1240;0;8200;2440;1455
P178218601;P178218601_15;O;8200;1660;0;8770;2440;1771
P178218601;P178218601_16;P;8200;0;0;8770;780;1771
P178218601;P178218601_17;Q;8200;780;0;8770;1560;1771
P178218601;P178218601_18;R;8770;0;0;9340;780;1771
P178218601;P178218601_19;S;8770;780;0;9340;1560;1771
P178218601;P178218601_20;T;8770;1660;0;9340;2440;1771
P178218601;P178218601_21;U;9340;1660;0;9910;2440;1771
P178218601;P178218601_22;V;9340;0;0;9910;780;1771
P178218601;P178218601_23;W;9340;780;0;9910;1560;1771
P178218601;P178218601_24;X;9910;0;0;10480;780;1771
P178218601;P178218601_25;Y;9910;780;0;10480;1560;1771
P178218601;P178218601_26;Z;9910;1660;0;10480;2440;1771
P178218601;P178218601_27;AA;10480;1660;0;11050;2440;1771
P178218601;P178218601_28;AB;10480;0;0;11050;780;1771
P178218601;P178218601_29;AC;10480;780;0;11050;1560;1771
P178218601;P178218601_30;AD;11050;0;0;11620;780;1771
P178218601;P178218601_31;AE;11050;780;0;11620;1560;1771
P178218601;P178218601_32;AF;11050;1660;0;11620;2440;1771
P178218601;P178218601_33;AG;11620;1660;0;12190;2440;1771
P178218601;P178218601_34;AH;11620;0;0;12190;780;1771
P178218601;P178218601_35;AI;11620;780;0;12190;1560;1771
P178218601;P178218601_36;AJ;12190;0;0;13390;1600;2700
P178218601;P178218601_37;AK;12190;1660;0;12760;2440;1771
P178218601;P178218601_38;AL;12760;1660;0;13330;2440;1771
Q178218601_1;Q178218601_1_1;A;0;620;0;1600;1820;1815
Q178218601_1;Q178218601_1_2;B;1600;1240;0;3200;2440;2700
Q178218601_1;Q178218601_1_3;C;1600;20;0;3200;1220;2700
Q178218601_1;Q178218601_1_4;D;3200;1240;0;4800;2440;2700
Q178218601_1;Q178218601_1_5;E;3200;0;0;4800;1200;2700
Q178218601_1;Q178218601_1_6;F;4800;0;0;6400;1200;2700
Q178218601_1;Q178218601_1_7;G;4800;1240;0;6400;2440;2700
Q178218601_1;Q178218601_1_8;H;6400;1240;0;8000;2440;2700
Q178218601_1;Q178218601_1_9;I;6400;0;0;7410;1206;2370
Q178218601_1;Q178218601_1_10;J;7410;0;0;9010;1200;2700
Q178218601_1;Q178218601_1_11;K;8000;1240;0;9600;2440;2700
Q178218601_1;Q178218601_1_12;L;9010;0;0;10610;1200;2700
Q178218601_1;Q178218601_1_13;M;9600;1240;0;11200;2440;2700
Q178218601_1;Q178218601_1_14;N;10610;0;0;12210;1200;2700
Q178218601_1;Q178218601_1_15;O;11200;1240;0;12800;2440;1815
Q178218601_1;Q178218601_1_16;P;12210;0;0;12780;780;909
P175218601;P175218601_1;A;0;0;0;1600;1200;930
P175218601;P175218601_2;B;0;1240;0;1600;2440;2160
P175218601;P175218601_3;C;1600;1240;0;3200;2440;1455
P175218601;P175218601_4;D;1600;0;0;2600;1200;1455
P175218601;P175218601_5;E;2600;0;0;3600;1200;1455
P175218601;P175218601_6;F;3200;1240;0;4200;2440;1455
P175218601;P175218601_7;G;3600;0;0;4600;1200;1455
P175218601;P175218601_8;H;4200;1240;0;5200;2440;750
P175218601;P175218601_9;I;4600;0;0;5170;780;1771
P175218601;P175218601_10;J;5170;0;0;5740;780;1771
P175218601;P175218601_11;K;5200;780;0;5770;1560;1771
P175218601;P175218601_12;L;5200;1660;0;5770;2440;1771
P175218601;P175218601_13;M;5740;0;0;6310;780;1771
P175218601;P175218601_14;N;5770;780;0;6340;1560;1771
P175218601;P175218601_15;O;5770;1660;0;6340;2440;1771
P175218601;P175218601_16;P;6310;0;0;6880;780;1771
P175218601;P175218601_17;Q;6340;780;0;6910;1560;1771
P175218601;P175218601_18;R;6340;1660;0;6910;2440;1340
P175218601;P175218601_19;S;6880;0;0;7450;780;1771
P175218601;P175218601_20;T;6910;1234;0;7920;2440;2370
P175218601;P175218601_21;U;7450;0;0;9050;1200;2700
P175218601;P175218601_22;V;7920;1240;0;9520;2440;2700
P175218601;P175218601_23;W;9050;0;0;10650;1200;2700
P175218601;P175218601_24;X;9520;1240;0;11120;2440;2700
P175218601;P175218601_25;Y;10650;0;0;12250;1200;2700
P175218601;P175218601_26;Z;11120;1234;0;12130;2440;2370
P175218601;P175218601_27;AA;12130;1660;0;12700;2440;1771
P175218601;P175218601_28;AB;12250;0;0;13450;1600;2700
P175218601;P175218601_29;AC;12700;1660;0;13270;2440;1340
P174218609;P174218609_1;A;0;0;0;1600;1200;2700
P174218609;P174218609_2;B;0;1220;0;1600;2420;2700
P174218609;P174218609_3;C;1600;1240;0;3200;2440;2700
P174218609;P174218609_4;D;1600;20;0;3200;1220;2700
P174218609;P174218609_5;E;3200;620;0;4800;1820;2700
P174218609;P174218609_6;F;4800;1240;0;6400;2440;2700
P174218609;P174218609_7;G;4800;20;0;6400;1220;2700
P174218609;P174218609_8;H;6400;0;0;8000;1200;2700
P174218609;P174218609_9;I;6400;1660;0;6970;2440;1771
P174218609;P174218609_10;J;6970;1660;0;7540;2440;478
P174218609;P174218609_11;K;7540;1240;0;9140;2440;2700
P174218609;P174218609_12;L;8000;0;0;9600;1200;2700
P174218609;P174218609_13;M;9140;1240;0;10740;2440;2700
P174218609;P174218609_14;N;9600;0;0;11200;1200;2700
P174218609;P174218609_15;O;10740;1240;0;12340;2440;2700
P174218609;P174218609_16;P;11200;0;0;12800;1200;2700
P173218601;P173218601_1;A;0;0;0;1000;1200;1455
P173218601;P173218601_2;B;0;1240;0;1000;2440;1455
P173218601;P173218601_3;C;1000;1240;0;2000;2440;1455
P173218601;P173218601_4;D;1000;0;0;2000;1200;1455
P173218601;P173218601_5;E;2000;0;0;3000;1200;1455
P173218601;P173218601_6;F;2000;1660;0;2570;2440;1771
P173218601;P173218601_7;G;2570;1660;0;3140;2440;1771
P173218601;P173218601_8;H;3000;0;0;4000;1200;1455
P173218601;P173218601_9;I;3140;1240;0;4140;2440;750
P173218601;P173218601_10;J;4000;0;0;4570;780;1771
P173218601;P173218601_11;K;4140;780;0;4710;1560;1771
P173218601;P173218601_12;L;4140;1660;0;4710;2440;1771
P173218601;P173218601_13;M;4570;0;0;5140;780;1771
P173218601;P173218601_14;N;4710;780;0;5280;1560;1771
P173218601;P173218601_15;O;4710;1660;0;5280;2440;1771
P173218601;P173218601_16;P;5140;0;0;5710;780;1771
P173218601;P173218601_17;Q;5280;780;0;5850;1560;1771
P173218601;P173218601_18;R;5280;1660;0;5850;2440;1771
P173218601;P173218601_19;S;5710;0;0;6280;780;1771
P173218601;P173218601_20;T;5850;840;0;7050;2440;2340
P173218601;P173218601_21;U;6280;0;0;6850;780;1340
P173218601;P173218601_22;V;7050;0;0;8650;1200;2160
P173218601;P173218601_23;W;7050;1240;0;8650;2440;2700
P173218601;P173218601_24;X;8650;1240;0;10250;2440;2700
P173218601;P173218601_25;Y;8650;0;0;9660;1206;2370
P173218601;P173218601_26;Z;9660;0;0;10230;780;1771
P173218601;P173218601_27;AA;10230;0;0;10800;780;909
P173218601;P173218601_28;AB;10250;840;0;11450;2440;2700
P173218601;P173218601_29;AC;11450;0;0;13050;1200;2700
P173218601;P173218601_30;AD;11450;1240;0;13050;2440;1815
P172218605;P172218605_1;A;0;830;0;570;1610;1771
P172218605;P172218605_2;B;570;830;0;1140;1610;1771
P172218605;P172218605_3;C;1140;1240;0;2740;2440;2700
P172218605;P172218605_4;D;1140;460;0;1710;1240;1771
P172218605;P172218605_5;E;1710;0;0;2280;780;478
P172218605;P172218605_6;F;2280;0;0;3880;1200;2700
P172218605;P172218605_7;G;2740;1240;0;4340;2440;2700
P172218605;P172218605_8;H;3880;0;0;5480;1200;2700
P172218605;P172218605_9;I;4340;1220;0;5940;2420;2700
P171218601;P171218601_1;A;0;0;0;1600;1200;2160
P171218601;P171218601_2;B;0;1240;0;1600;2440;2160
P171218601;P171218601_3;C;1600;1660;0;2170;2440;1771
P171218601;P171218601_4;D;1600;0;0;2170;780;1771
P171218601;P171218601_5;E;1600;780;0;2170;1560;1771
P171218601;P171218601_6;F;2170;0;0;2740;780;1771
P171218601;P171218601_7;G;2170;780;0;2740;1560;1771
P171218601;P171218601_8;H;2170;1660;0;2740;2440;1771
P171218601;P171218601_9;I;2740;1660;0;3310;2440;1771
P171218601;P171218601_10;J;2740;0;0;3740;1200;1455
P171218601;P171218601_11;K;3310;1660;0;3880;2440;1771
P171218601;P171218601_12;L;3740;0;0;4310;780;1771
P171218601;P171218601_13;M;3740;780;0;4310;1560;1771
P171218601;P171218601_14;N;3880;1660;0;4450;2440;1771
P171218601;P171218601_15;O;4310;0;0;5510;1600;1455
P171218601;P171218601_16;P;4450;1660;0;5020;2440;1771
P171218601;P171218601_17;Q;5020;1660;0;5590;2440;1340
P171218601;P171218601_18;R;5510;0;0;6510;1200;1455
P171218601;P171218601_19;S;5590;1240;0;6590;2440;1455
P171218601;P171218601_20;T;6510;0;0;7510;1200;1455
P171218601;P171218601_21;U;6590;1240;0;7590;2440;1455
P171218601;P171218601_22;V;7510;0;0;8510;1200;1455
P171218601;P171218601_23;W;7590;1234;0;8600;2440;2370
P171218601;P171218601_24;X;8510;0;0;10110;1200;2700
P171218601;P171218601_25;Y;8600;1240;0;10200;2440;2700
P171218601;P171218601_26;Z;10110;0;0;11710;1200;2700
P171218601;P171218601_27;AA;10200;1240;0;11800;2440;2700
P171218601;P171218601_28;AB;11710;0;0;13310;1200;2700
P171218601;P171218601_29;AC;11800;1240;0;13400;2440;2700
P168218601;P168218601_1;A;0;0;0;1000;1200;1455
P168218601;P168218601_2;B;0;1240;0;1000;2440;1455
P168218601;P168218601_3;C;1000;1240;0;2000;2440;750
P168218601;P168218601_4;D;1000;0;0;1570;780;1771
P168218601;P168218601_5;E;1570;0;0;2140;780;1771
P168218601;P168218601_6;F;2000;840;0;3200;2440;2160
P168218601;P168218601_7;G;2140;0;0;2710;780;1771
P168218601;P168218601_8;H;3200;0;0;4800;1200;1455
P168218601;P168218601_9;I;3200;1660;0;3770;2440;1771
P168218601;P168218601_10;J;3770;1660;0;4340;2440;1771
P168218601;P168218601_11;K;4340;1240;0;5940;2440;1815
P168218601;P168218601_12;L;4800;0;0;5370;780;478
P168218601;P168218601_13;M;5370;0;0;6970;1200;2700
P168218601;P168218601_14;N;5940;1240;0;7540;2440;1815
P168218601;P168218601_15;O;6970;0;0;8570;1200;1815
P168218601;P168218601_16;P;7540;1240;0;9140;2440;2700
P168218601;P168218601_17;Q;8570;0;0;10170;1200;2700
P168218601;P168218601_18;R;9140;1240;0;10740;2440;2700
P168218601;P168218601_19;S;10170;0;0;11770;1200;930
P240219241;P240219241_1;A;0;0;0;1000;1200;2055
P240219241;P240219241_2;B;0;1240;0;1000;2440;2055
P240219241;P240219241_3;C;1000;1240;0;2000;2440;2055
P240219241;P240219241_4;D;1000;0;0;2000;1200;2055
P240219241;P240219241_5;E;2000;0;0;3000;1200;2055
P240219241;P240219241_6;F;2000;1240;0;3000;2440;2055
P240219241;P240219241_7;G;3000;1240;0;4000;2440;2055
P240219241;P240219241_8;H;3000;0;0;4000;1200;1050
P240219241;P240219241_9;I;4000;0;0;5000;1200;2835
P240219241;P240219241_10;J;4000;1240;0;5000;2440;2835
P240219241;P240219241_11;K;5000;1240;0;6000;2440;2835
P240219241;P240219241_12;L;5000;0;0;6000;1200;2835
P240219241;P240219241_13;M;6000;0;0;7000;1200;2835
P240219241;P240219241_14;N;6000;1240;0;7000;2440;2835
P240219241;P240219241_15;O;7000;1240;0;8000;2440;2835
P240219241;P240219241_16;P;7000;0;0;8000;1200;2835
P240219241;P240219241_17;Q;8000;0;0;9000;1200;2835
P240219241;P240219241_18;R;8000;1240;0;9000;2440;2835
P240219241;P240219241_19;S;9000;1240;0;10000;2440;2835
P240219241;P240219241_20;T;9000;0;0;10000;1200;2835
P240219241;P240219241_21;U;10000;0;0;11010;1206;2880
P240219241;P240219241_22;V;10000;1234;0;11010;2440;2610
P240219241;P240219241_23;W;11010;1660;0;11580;2440;1340
P240219241;P240219241_24;X;11010;0;0;11580;780;1340
P240219241;P240219241_25;Y;11010;780;0;11580;1560;1340
P240219241;P240219241_26;Z;11580;0;0;12150;780;1340
P240219241;P240219241_27;AA;11580;780;0;12150;1560;1340
P240219241;P240219241_28;AB;11580;1660;0;12150;2440;1340
P240219241;P240219241_29;AC;12150;1660;0;12720;2440;1340
P240219241;P240219241_30;AD;12150;0;0;12720;780;1340
P240219241;P240219241_31;AE;12150;780;0;12720;1560;1340
P240219241;P240219241_32;AF;12720;0;0;13290;780;1340
P240219241;P240219241_33;AG;12720;780;0;13290;1560;1340
P240219241;P240219241_34;AH;12720;1660;0;13290;2440;1340
P208219243;P208219243_1;A;0;1240;0;1000;2440;2055
P208219243;P208219243_2;B;0;0;0;1000;1200;2055
P208219243;P208219243_3;C;1000;0;0;2000;1200;2055
P208219243;P208219243_4;D;1000;1200;0;2000;2400;2055
P208219243;P208219243_5;E;2000;0;0;3000;1200;2055
P208219243;P208219243_6;F;2000;1240;0;3000;2440;2055
P208219243;P208219243_7;G;3000;1240;0;4000;2440;2055
P208219243;P208219243_8;H;3000;0;0;4000;1200;2055
P208219243;P208219243_9;I;4000;0;0;5000;1200;2055
P208219243;P208219243_10;J;4000;1240;0;5000;2440;2055
P208219243;P208219243_11;K;5000;1240;0;6000;2440;2055
P208219243;P208219243_12;L;5000;0;0;6000;1200;2055
P208219243;P208219243_13;M;6000;0;0;7000;1200;2055
P208219243;P208219243_14;N;6000;1240;0;7000;2440;2055
P208219243;P208219243_15;O;7000;1240;0;8000;2440;2055
P208219243;P208219243_16;P;7000;0;0;8000;1200;2055
P208219243;P208219243_17;Q;8000;0;0;9000;1200;2055
P208219243;P208219243_18;R;8000;1240;0;9000;2440;2055
P208219243;P208219243_19;S;9000;1240;0;10000;2440;2055
P208219243;P208219243_20;T;9000;0;0;10000;1200;2835
P208219243;P208219243_21;U;10000;0;0;11000;1200;2835
P208219243;P208219243_22;V;10000;1240;0;11000;2440;2835
P208219243;P208219243_23;W;11000;1240;0;12000;2440;2835
P208219243;P208219243_24;X;11000;0;0;12000;1200;2835
P208219243;P208219243_25;Y;12000;0;0;13200;1000;2835
P208219243;P208219243_26;Z;12000;1240;0;13000;2440;2835
P206219205;P206219205_1;A;0;1240;0;1000;2440;2055
P206219205;P206219205_2;B;0;0;0;1000;1200;2055
P206219205;P206219205_3;C;1000;0;0;2000;1200;2055
P206219205;P206219205_4;D;1000;1200;0;2000;2400;2055
P206219205;P206219205_5;E;2000;1240;0;3000;2440;2055
P206219205;P206219205_6;F;2000;0;0;3000;1200;2055
P206219205;P206219205_7;G;3000;0;0;4000;1200;2055
P206219205;P206219205_8;H;3000;1200;0;4000;2400;2055
P206219205;P206219205_9;I;4000;1240;0;5000;2440;2055
P206219205;P206219205_10;J;4000;0;0;5000;1200;2055
P206219205;P206219205_11;K;5000;0;0;6000;1200;2835
P206219205;P206219205_12;L;5000;1200;0;6000;2400;2835
P206219205;P206219205_13;M;6000;1240;0;7000;2440;2835
P206219205;P206219205_14;N;6000;0;0;7000;1200;2835
P206219205;P206219205_15;O;7000;0;0;8000;1200;2835
P206219205;P206219205_16;P;7000;1200;0;8000;2400;2835
P206219205;P206219205_17;Q;8000;1240;0;9000;2440;2835
P206219205;P206219205_18;R;8000;0;0;9000;1200;2835
P206219205;P206219205_19;S;9000;0;0;10000;1200;2835
P206219205;P206219205_20;T;9000;1200;0;10000;2400;2835
P206219205;P206219205_21;U;10000;1240;0;11000;2440;2835
P206219205;P206219205_22;V;10000;0;0;11000;1200;2835
P206219205;P206219205_23;W;11000;0;0;12000;1200;2835
P206219205;P206219205_24;X;11000;1200;0;12000;2400;2835
P206219205;P206219205_25;Y;12000;1440;0;13200;2440;2835
P206219205;P206219205_26;Z;12000;0;0;13000;1200;2835
P205219241;P205219241_1;A;0;0;0;1000;1200;2055
P205219241;P205219241_2;B;0;1200;0;1000;2400;2055
P205219241;P205219241_3;C;1000;1240;0;2000;2440;2835
P205219241;P205219241_4;D;1000;0;0;2000;1200;2835
P205219241;P205219241_5;E;2000;0;0;3000;1200;2835
P205219241;P205219241_6;F;2000;1240;0;3000;2440;2835
P205219241;P205219241_7;G;3000;1240;0;4000;2440;2835
P205219241;P205219241_8;H;3000;0;0;4000;1200;2835
P205219241;P205219241_9;I;4000;0;0;5000;1200;2835
P205219241;P205219241_10;J;4000;1240;0;5000;2440;2835
P205219241;P205219241_11;K;5000;1240;0;6000;2440;2835
P205219241;P205219241_12;L;5000;0;0;6000;1200;2835
P205219241;P205219241_13;M;6000;0;0;7000;1200;2835
P205219241;P205219241_14;N;6000;1240;0;7000;2440;2835
P205219241;P205219241_15;O;7000;1240;0;8000;2440;975
P205219241;P205219241_16;P;7000;0;0;7570;780;1340
P205219241;P205219241_17;Q;7570;0;0;8140;780;1340
P205219241;P205219241_18;R;8000;780;0;8570;1560;1340
P205219241;P205219241_19;S;8000;1660;0;8570;2440;1340
P205219241;P205219241_20;T;8140;0;0;8710;780;1340
P205219241;P205219241_21;U;8570;1234;0;9580;2440;2755
P205219241;P205219241_22;V;8710;0;0;9720;1206;2751
P205219241;P205219241_23;W;9580;1660;0;10150;2440;1340
P205219241;P205219241_24;X;9720;0;0;10290;780;1340
P205219241;P205219241_25;Y;9720;780;0;10290;1560;1340
P205219241;P205219241_26;Z;10150;1660;0;10720;2440;1340
P205219241;P205219241_27;AA;10290;0;0;10860;780;1340
P205219241;P205219241_28;AB;10290;780;0;10860;1560;1340
P205219241;P205219241_29;AC;10720;1660;0;11290;2440;1340
P205219241;P205219241_30;AD;10860;0;0;11870;1206;2865
P205219241;P205219241_31;AE;11290;1234;0;12300;2440;2655
P205219241;P205219241_32;AF;11870;0;0;12440;780;1340
P205219241;P205219241_33;AG;12300;780;0;12870;1560;1340
P205219241;P205219241_34;AH;12300;1660;0;12870;2440;1340
P205219241;P205219241_35;AI;12440;0;0;13010;780;1340
P205219241;P205219241_36;AJ;12870;780;0;13440;1560;1340
P202219205;P202219205_1;A;0;1240;0;1000;2440;2055
P202219205;P202219205_2;B;0;0;0;1000;1200;2055
P202219205;P202219205_3;C;1000;0;0;2000;1200;2055
P202219205;P202219205_4;D;1000;1200;0;2000;2400;2055
P202219205;P202219205_5;E;2000;1240;0;3000;2440;2055
P202219205;P202219205_6;F;2000;0;0;3000;1200;2055
P202219205;P202219205_7;G;3000;0;0;4000;1200;2055
P202219205;P202219205_8;H;3000;1240;0;4000;2440;2055
P202219205;P202219205_9;I;4000;1240;0;5000;2440;2055
P202219205;P202219205_10;J;4000;0;0;5000;1200;2055
P202219205;P202219205_11;K;5000;0;0;6000;1200;2055
P202219205;P202219205_12;L;5000;1240;0;6000;2440;2055
P202219205;P202219205_13;M;6000;1240;0;7000;2440;2055
P202219205;P202219205_14;N;6000;0;0;7000;1200;2055
P202219205;P202219205_15;O;7000;0;0;8000;1200;2055
P202219205;P202219205_16;P;7000;1240;0;8000;2440;2055
P202219205;P202219205_17;Q;8000;1240;0;9000;2440;2055
P202219205;P202219205_18;R;8000;0;0;9000;1200;2055
P202219205;P202219205_19;S;9000;0;0;10000;1200;2055
P202219205;P202219205_20;T;9000;1240;0;10000;2440;2055
P202219205;P202219205_21;U;10000;1240;0;11000;2440;2835
P202219205;P202219205_22;V;10000;0;0;11000;1200;2835
P202219205;P202219205_23;W;11000;0;0;12000;1200;2835
P202219205;P202219205_24;X;11000;1240;0;12000;2440;2835
P202219205;P202219205_25;Y;12000;1440;0;13200;2440;2835
P202219205;P202219205_26;Z;12000;0;0;13000;1200;2835
P201219243;P201219243_1;A;0;0;0;1000;1200;2055
P201219243;P201219243_2;B;0;1200;0;1000;2400;2055
P201219243;P201219243_3;C;1000;1240;0;2000;2440;2055
P201219243;P201219243_4;D;1000;0;0;2000;1200;2055
P201219243;P201219243_5;E;2000;0;0;3000;1200;2055
P201219243;P201219243_6;F;2000;1240;0;3000;2440;2055
P201219243;P201219243_7;G;3000;1240;0;4000;2440;2055
P201219243;P201219243_8;H;3000;0;0;4000;1200;2055
P201219243;P201219243_9;I;4000;0;0;5000;1200;2055
P201219243;P201219243_10;J;4000;1240;0;5000;2440;2055
P201219243;P201219243_11;K;5000;1240;0;6000;2440;2055
P201219243;P201219243_12;L;5000;0;0;6000;1200;2055
P201219243;P201219243_13;M;6000;0;0;7000;1200;2055
P201219243;P201219243_14;N;6000;1240;0;7000;2440;2055
P201219243;P201219243_15;O;7000;1240;0;8000;2440;2055
P201219243;P201219243_16;P;7000;0;0;8000;1200;2055
P201219243;P201219243_17;Q;8000;0;0;9000;1200;2055
P201219243;P201219243_18;R;8000;1240;0;9000;2440;2055
P201219243;P201219243_19;S;9000;1240;0;10000;2440;2835
P201219243;P201219243_20;T;9000;0;0;10000;1200;2835
P201219243;P201219243_21;U;10000;0;0;11000;1200;2835
P201219243;P201219243_22;V;10000;1240;0;11000;2440;2835
P201219243;P201219243_23;W;11000;1240;0;12000;2440;2835
P201219243;P201219243_24;X;11000;0;0;12000;1200;2835
P201219243;P201219243_25;Y;12000;0;0;13200;1000;2835
P201219243;P201219243_26;Z;12000;1240;0;13000;2440;2835
P199219205;P199219205_1;A;0;0;0;1000;1200;2055
P199219205;P199219205_2;B;0;1200;0;1000;2400;2055
P199219205;P199219205_3;C;1000;1240;0;2000;2440;2055
P199219205;P199219205_4;D;1000;0;0;2000;1200;2055
P199219205;P199219205_5;E;2000;0;0;3000;1200;2055
P199219205;P199219205_6;F;2000;1240;0;3000;2440;2055
P199219205;P199219205_7;G;3000;1240;0;4000;2440;2055
P199219205;P199219205_8;H;3000;0;0;4000;1200;2055
P199219205;P199219205_9;I;4000;0;0;5000;1200;2055
P199219205;P199219205_10;J;4000;1240;0;5000;2440;2055
P199219205;P199219205_11;K;5000;1240;0;6000;2440;2055
P199219205;P199219205_12;L;5000;0;0;6000;1200;2055
P199219205;P199219205_13;M;6000;0;0;7000;1200;2055
P199219205;P199219205_14;N;6000;1240;0;7000;2440;2055
P199219205;P199219205_15;O;7000;1240;0;8000;2440;2835
P199219205;P199219205_16;P;7000;0;0;8000;1200;2835
P199219205;P199219205_17;Q;8000;0;0;9000;1200;2835
P199219205;P199219205_18;R;8000;1240;0;9000;2440;2835
P199219205;P199219205_19;S;9000;1240;0;10000;2440;2835
P199219205;P199219205_20;T;9000;0;0;10000;1200;2835
P199219205;P199219205_21;U;10000;0;0;11000;1200;2835
P199219205;P199219205_22;V;10000;1240;0;11000;2440;2835
P199219205;P199219205_23;W;11000;1240;0;12000;2440;2835
P199219205;P199219205_24;X;11000;0;0;12000;1200;2835
P199219205;P199219205_25;Y;12000;0;0;13200;1000;2835
P199219205;P199219205_26;Z;12000;1240;0;13000;2440;2835
P198219241;P198219241_1;A;0;0;0;1000;1200;2055
P198219241;P198219241_2;B;0;1240;0;1000;2440;2055
P198219241;P198219241_3;C;1000;1240;0;2000;2440;2055
P198219241;P198219241_4;D;1000;0;0;2000;1200;2055
P198219241;P198219241_5;E;2000;0;0;3000;1200;2835
P198219241;P198219241_6;F;2000;1240;0;3000;2440;2835
P198219241;P198219241_7;G;3000;1240;0;4000;2440;2835
P198219241;P198219241_8;H;3000;0;0;4000;1200;2835
P198219241;P198219241_9;I;4000;0;0;5000;1200;2835
P198219241;P198219241_10;J;4000;1240;0;5000;2440;2835
P198219241;P198219241_11;K;5000;1240;0;6000;2440;2835
P198219241;P198219241_12;L;5000;0;0;6000;1200;2835
P198219241;P198219241_13;M;6000;0;0;7000;1200;2835
P198219241;P198219241_14;N;6000;1240;0;7000;2440;2835
P198219241;P198219241_15;O;7000;1240;0;8000;2440;2835
P198219241;P198219241_16;P;7000;0;0;8000;1200;2835
P198219241;P198219241_17;Q;8000;0;0;8570;780;1340
P198219241;P198219241_18;R;8000;780;0;8570;1560;1340
P198219241;P198219241_19;S;8000;1660;0;8570;2440;1340
P198219241;P198219241_20;T;8570;1660;0;9140;2440;1340
P198219241;P198219241_21;U;8570;0;0;9140;780;1340
P198219241;P198219241_22;V;8570;780;0;9140;1560;1340
P198219241;P198219241_23;W;9140;0;0;9710;780;1340
P198219241;P198219241_24;X;9140;780;0;9710;1560;1340
P198219241;P198219241_25;Y;9140;1660;0;9710;2440;1340
P198219241;P198219241_26;Z;9710;1660;0;10280;2440;1340
P198219241;P198219241_27;AA;9710;0;0;10280;780;1340
P198219241;P198219241_28;AB;9710;780;0;10280;1560;1340
P198219241;P198219241_29;AC;10280;0;0;10850;780;1340
P198219241;P198219241_30;AD;10280;780;0;10850;1560;1340
P198219241;P198219241_31;AE;10280;1660;0;10850;2440;1340
P198219241;P198219241_32;AF;10850;1234;0;11860;2440;2806
P198219241;P198219241_33;AG;10850;0;0;11860;1206;2865
P198219241;P198219241_34;AH;11860;0;0;12430;780;1340
P198219241;P198219241_35;AI;11860;780;0;12430;1560;1340
P198219241;P198219241_36;AJ;11860;1660;0;12430;2440;1340
P198219241;P198219241_37;AK;12430;1660;0;13000;2440;1340
P198219241;P198219241_38;AL;12430;0;0;13000;780;1340
P198219241;P198219241_39;AM;12430;780;0;13000;1560;1340
P194219243;P194219243_1;A;0;0;0;1000;1200;2055
P194219243;P194219243_2;B;0;1200;0;1000;2400;2055
P194219243;P194219243_3;C;1000;1240;0;2000;2440;2055
P194219243;P194219243_4;D;1000;0;0;2000;1200;2055
P194219243;P194219243_5;E;2000;0;0;3000;1200;2055
P194219243;P194219243_6;F;2000;1240;0;3000;2440;2055
P194219243;P194219243_7;G;3000;1240;0;4000;2440;2055
P194219243;P194219243_8;H;3000;0;0;4000;1200;2055
P194219243;P194219243_9;I;4000;0;0;5000;1200;2055
P194219243;P194219243_10;J;4000;1240;0;5000;2440;2055
P194219243;P194219243_11;K;5000;1240;0;6000;2440;2055
P194219243;P194219243_12;L;5000;0;0;6000;1200;2055
P194219243;P194219243_13;M;6000;0;0;7000;1200;2055
P194219243;P194219243_14;N;6000;1240;0;7000;2440;2055
P194219243;P194219243_15;O;7000;1240;0;8000;2440;2055
P194219243;P194219243_16;P;7000;0;0;8000;1200;2055
P194219243;P194219243_17;Q;8000;0;0;9000;1200;2055
P194219243;P194219243_18;R;8000;1240;0;9000;2440;2055
P194219243;P194219243_19;S;9000;1240;0;10000;2440;2055
P194219243;P194219243_20;T;9000;0;0;10000;1200;2055
P194219243;P194219243_21;U;10000;0;0;11000;1200;2835
P194219243;P194219243_22;V;10000;1240;0;11000;2440;2835
P194219243;P194219243_23;W;11000;1240;0;12000;2440;2835
P194219243;P194219243_24;X;11000;0;0;12000;1200;2835
P194219243;P194219243_25;Y;12000;0;0;13200;1000;2835
P194219243;P194219243_26;Z;12000;1240;0;13000;2440;2835
P192219205;P192219205_1;A;0;0;0;1000;1200;2055
P192219205;P192219205_2;B;0;1240;0;1000;2440;2055
P192219205;P192219205_3;C;1000;1240;0;2000;2440;2055
P192219205;P192219205_4;D;1000;0;0;2000;1200;2055
P192219205;P192219205_5;E;2000;0;0;3000;1200;2055
P192219205;P192219205_6;F;2000;1240;0;3000;2440;2055
P192219205;P192219205_7;G;3000;1240;0;4000;2440;2055
P192219205;P192219205_8;H;3000;0;0;4000;1200;2055
P192219205;P192219205_9;I;4000;0;0;5000;1200;2055
P192219205;P192219205_10;J;4000;1240;0;5000;2440;2055
P192219205;P192219205_11;K;5000;1240;0;6000;2440;2055
P192219205;P192219205_12;L;5000;0;0;6000;1200;2835
P192219205;P192219205_13;M;6000;0;0;7000;1200;2835
P192219205;P192219205_14;N;6000;1240;0;7000;2440;2835
P192219205;P192219205_15;O;7000;1240;0;8000;2440;2835
P192219205;P192219205_16;P;7000;0;0;8000;1200;2835
P192219205;P192219205_17;Q;8000;0;0;9000;1200;2835
P192219205;P192219205_18;R;8000;1240;0;9000;2440;2835
P192219205;P192219205_19;S;9000;1240;0;10000;2440;2835
P192219205;P192219205_20;T;9000;0;0;10000;1200;2835
P192219205;P192219205_21;U;10000;0;0;11000;1200;2835
P192219205;P192219205_22;V;10000;1240;0;11000;2440;2835
P192219205;P192219205_23;W;11000;1240;0;12000;2440;2835
P192219205;P192219205_24;X;11000;0;0;12000;1200;2835
P192219205;P192219205_25;Y;12000;0;0;13200;1000;2835
P192219205;P192219205_26;Z;12000;1240;0;13000;2440;2835
P191219241;P191219241_1;A;0;0;0;1000;1200;2055
P191219241;P191219241_2;B;0;1240;0;1000;2440;2835
P191219241;P191219241_3;C;1000;1240;0;2000;2440;2835
P191219241;P191219241_4;D;1000;0;0;2000;1200;2835
P191219241;P191219241_5;E;2000;0;0;3000;1200;2835
P191219241;P191219241_6;F;2000;1240;0;3000;2440;1905
P191219241;P191219241_7;G;3000;1660;0;3570;2440;1340
P191219241;P191219241_8;H;3000;0;0;3570;780;1340
P191219241;P191219241_9;I;3000;780;0;3570;1560;1340
P191219241;P191219241_10;J;3570;0;0;4140;780;1340
P191219241;P191219241_11;K;3570;780;0;4140;1560;1340
P191219241;P191219241_12;L;3570;1660;0;4140;2440;1340
P191219241;P191219241_13;M;4140;1660;0;4710;2440;1340
P191219241;P191219241_14;N;4140;0;0;4710;780;1340
P191219241;P191219241_15;O;4140;780;0;4710;1560;1340
P191219241;P191219241_16;P;4710;0;0;5720;1206;2825
P191219241;P191219241_17;Q;4710;1234;0;5720;2440;2755
P191219241;P191219241_18;R;5720;1660;0;6290;2440;1340
P191219241;P191219241_19;S;5720;0;0;6290;780;1340
P191219241;P191219241_20;T;5720;780;0;6290;1560;1340
P191219241;P191219241_21;U;6290;0;0;6860;780;1340
P191219241;P191219241_22;V;6290;780;0;6860;1560;1340
P191219241;P191219241_23;W;6290;1660;0;6860;2440;1340
P191219241;P191219241_24;X;6860;1660;0;7430;2440;1340
P191219241;P191219241_25;Y;6860;0;0;7430;780;1340
P191219241;P191219241_26;Z;6860;780;0;7430;1560;1340
P191219241;P191219241_27;AA;7430;0;0;8000;780;1340
P191219241;P191219241_28;AB;7430;780;0;8000;1560;1340
P191219241;P191219241_29;AC;7430;1660;0;8000;2440;1340
P191219241;P191219241_30;AD;8000;1234;0;9010;2440;2806
P191219241;P191219241_31;AE;8000;0;0;9010;1206;2651
P191219241;P191219241_32;AF;9010;0;0;10020;1206;2370
P191219241;P191219241_33;AG;9010;1660;0;9580;2440;1340
P191219241;P191219241_34;AH;9580;1660;0;10150;2440;1340
P191219241;P191219241_35;AI;10020;0;0;10590;780;1340
P191219241;P191219241_36;AJ;10020;780;0;10590;1560;1340
P191219241;P191219241_37;AK;10150;1660;0;10720;2440;1340
P191219241;P191219241_38;AL;10590;0;0;11160;780;1340
P191219241;P191219241_39;AM;10590;780;0;11160;1560;1340
P191219241;P191219241_40;AN;10720;1660;0;11290;2440;1340
P191219241;P191219241_41;AO;11160;0;0;11730;780;1340
P191219241;P191219241_42;AP;11160;780;0;11730;1560;1340
P191219241;P191219241_43;AQ;11290;1660;0;11860;2440;1340
P191219241;P191219241_44;AR;11730;0;0;12300;780;1340
P191219241;P191219241_45;AS;11730;780;0;12300;1560;1340
P191219241;P191219241_46;AT;11860;1660;0;12430;2440;1340
P191219241;P191219241_47;AU;12300;0;0;12870;780;478
Q191219241_1;Q191219241_1_1;A;0;1240;0;1000;2440;2055
Q191219241_1;Q191219241_1_2;B;0;0;0;1000;1200;2055
Q191219241_1;Q191219241_1_3;C;1000;0;0;2000;1200;2055
Q191219241_1;Q191219241_1_4;D;1000;1240;0;2000;2440;2055
Q191219241_1;Q191219241_1_5;E;2000;1240;0;3000;2440;2055
Q191219241_1;Q191219241_1_6;F;2000;0;0;3000;1200;2055
Q191219241_1;Q191219241_1_7;G;3000;0;0;4000;1200;2055
Q191219241_1;Q191219241_1_8;H;3000;1240;0;4000;2440;2055
Q191219241_1;Q191219241_1_9;I;4000;1240;0;5000;2440;2055
Q191219241_1;Q191219241_1_10;J;4000;0;0;5000;1200;2055
Q191219241_1;Q191219241_1_11;K;5000;0;0;6000;1200;2055
Q191219241_1;Q191219241_1_12;L;5000;1240;0;6000;2440;2055
Q191219241_1;Q191219241_1_13;M;6000;1240;0;7000;2440;2055
Q191219241_1;Q191219241_1_14;N;6000;0;0;7000;1200;2055
Q191219241_1;Q191219241_1_15;O;7000;0;0;8000;1200;2055
Q191219241_1;Q191219241_1_16;P;7000;1240;0;8000;2440;2055
Q191219241_1;Q191219241_1_17;Q;8000;1240;0;9000;2440;2835
Q191219241_1;Q191219241_1_18;R;8000;0;0;9000;1200;2835
Q191219241_1;Q191219241_1_19;S;9000;0;0;10000;1200;2835
Q191219241_1;Q191219241_1_20;T;9000;1240;0;10000;2440;2835
Q191219241_1;Q191219241_1_21;U;10000;1240;0;11000;2440;2835
Q191219241_1;Q191219241_1_22;V;10000;0;0;11000;1200;2835
Q191219241_1;Q191219241_1_23;W;11000;0;0;12000;1200;2835
Q191219241_1;Q191219241_1_24;X;11000;1240;0;12000;2440;2835
Q191219241_1;Q191219241_1_25;Y;12000;1440;0;13200;2440;2835
P187219243;P187219243_1;A;0;1240;0;1000;2440;2055
P187219243;P187219243_2;B;0;0;0;1000;1200;2055
P187219243;P187219243_3;C;1000;0;0;2000;1200;2055
P187219243;P187219243_4;D;1000;1200;0;2000;2400;2055
P187219243;P187219243_5;E;2000;1240;0;3000;2440;2055
P187219243;P187219243_6;F;2000;0;0;3000;1200;2055
P187219243;P187219243_7;G;3000;0;0;4000;1200;2055
P187219243;P187219243_8;H;3000;1200;0;4000;2400;2055
P187219243;P187219243_9;I;4000;1240;0;5000;2440;2055
P187219243;P187219243_10;J;4000;0;0;5000;1200;2055
P187219243;P187219243_11;K;5000;0;0;6000;1200;2055
P187219243;P187219243_12;L;5000;1200;0;6000;2400;2055
P187219243;P187219243_13;M;6000;1240;0;7000;2440;2055
P187219243;P187219243_14;N;6000;0;0;7000;1200;2055
P187219243;P187219243_15;O;7000;0;0;8000;1200;2055
P187219243;P187219243_16;P;7000;1200;0;8000;2400;2055
P187219243;P187219243_17;Q;8000;1240;0;9000;2440;2835
P187219243;P187219243_18;R;8000;0;0;9000;1200;2835
P187219243;P187219243_19;S;9000;0;0;10000;1200;2835
P187219243;P187219243_20;T;9000;1200;0;10000;2400;2835
P187219243;P187219243_21;U;10000;1240;0;11000;2440;2835
P187219243;P187219243_22;V;10000;0;0;11000;1200;2835
P187219243;P187219243_23;W;11000;0;0;12000;1200;2835
P187219243;P187219243_24;X;11000;1200;0;12000;2400;2835
P187219243;P187219243_25;Y;12000;1440;0;13200;2440;2835
P187219243;P187219243_26;Z;12000;0;0;13000;1200;975
P186219205;P186219205_1;A;0;0;0;1000;1200;2055
P186219205;P186219205_2;B;0;1240;0;1000;2440;2055
P186219205;P186219205_3;C;1000;1240;0;2000;2440;2055
P186219205;P186219205_4;D;1000;0;0;2000;1200;2055
P186219205;P186219205_5;E;2000;0;0;3000;1200;2055
P186219205;P186219205_6;F;2000;1240;0;3000;2440;2055
P186219205;P186219205_7;G;3000;1240;0;4000;2440;2055
P186219205;P186219205_8;H;3000;0;0;4000;1200;2055
P186219205;P186219205_9;I;4000;0;0;5000;1200;2055
P186219205;P186219205_10;J;4000;1240;0;5000;2440;2055
P186219205;P186219205_11;K;5000;1240;0;6000;2440;2055
P186219205;P186219205_12;L;5000;0;0;6000;1200;2835
P186219205;P186219205_13;M;6000;0;0;7000;1200;2835
P186219205;P186219205_14;N;6000;1240;0;7000;2440;2835
P186219205;P186219205_15;O;7000;1240;0;8000;2440;2835
P186219205;P186219205_16;P;7000;0;0;8000;1200;2835
P186219205;P186219205_17;Q;8000;0;0;9000;1200;2835
P186219205;P186219205_18;R;8000;1240;0;9000;2440;2835
P186219205;P186219205_19;S;9000;1240;0;10000;2440;2835
P186219205;P186219205_20;T;9000;0;0;10000;1200;2835
P186219205;P186219205_21;U;10000;0;0;11000;1200;2835
P186219205;P186219205_22;V;10000;1240;0;11000;2440;2835
P186219205;P186219205_23;W;11000;1240;0;12000;2440;2835
P186219205;P186219205_24;X;11000;0;0;12000;1200;2835
P186219205;P186219205_25;Y;12000;0;0;13200;1000;2835
P186219205;P186219205_26;Z;12000;1240;0;13000;2440;2835
P185219205;P185219205_1;A;0;0;0;1000;1200;2055
P185219205;P185219205_2;B;0;1200;0;1000;2400;2055
P185219205;P185219205_3;C;1000;1240;0;2000;2440;2055
P185219205;P185219205_4;D;1000;0;0;2000;1200;2055
P185219205;P185219205_5;E;2000;1240;0;3000;2440;2055
P185219205;P185219205_6;F;2000;0;0;3000;1200;2055
P185219205;P185219205_7;G;3000;0;0;4000;1200;2055
P185219205;P185219205_8;H;3000;1240;0;4000;2440;2055
P185219205;P185219205_9;I;4000;1240;0;5000;2440;2055
P185219205;P185219205_10;J;4000;0;0;5000;1200;2055
P185219205;P185219205_11;K;5000;0;0;6000;1200;2055
P185219205;P185219205_12;L;5000;1240;0;6000;2440;2055
P185219205;P185219205_13;M;6000;1240;0;7000;2440;2055
P185219205;P185219205_14;N;6000;0;0;7000;1200;2055
P185219205;P185219205_15;O;7000;0;0;8000;1200;2055
P185219205;P185219205_16;P;7000;1240;0;8000;2440;2055
P185219205;P185219205_17;Q;8000;1240;0;9000;2440;1050
P185219205;P185219205_18;R;8000;0;0;9000;1200;2835
P185219205;P185219205_19;S;9000;0;0;10000;1200;2835
P185219205;P185219205_20;T;9000;1240;0;10000;2440;2835
P185219205;P185219205_21;U;10000;1240;0;11000;2440;2835
P185219205;P185219205_22;V;10000;0;0;11000;1200;975
P209258901;P209258901_1;A;0;1240;0;1600;2440;1815
P209258901;P209258901_2;B;0;0;0;1000;1200;1905
P209258901;P209258901_3;C;1000;40;0;2000;1240;1905
P209258901;P209258901_4;D;1600;1240;0;2600;2440;1905
P209258901;P209258901_5;E;2000;0;0;3000;1200;1905
P209258901;P209258901_6;F;2600;1200;0;3600;2400;1905
P209258901;P209258901_7;G;3000;0;0;4000;1200;1905
P209258901;P209258901_8;H;3600;1240;0;4600;2440;1905
P209258901;P209258901_9;I;4000;40;0;5000;1240;1905
P209258901;P209258901_10;J;4600;1240;0;5600;2440;1905
P209258901;P209258901_11;K;5000;0;0;6000;1200;1905
P209258901;P209258901_12;L;5600;1200;0;6600;2400;1905
P209258901;P209258901_13;M;6000;0;0;7600;1200;2700
P209258901;P209258901_14;N;6600;1240;0;7600;2440;1905
P209258901;P209258901_15;O;7600;0;0;9200;1200;2700
P209258901;P209258901_16;P;7600;1200;0;9200;2400;2700
P209258901;P209258901_17;Q;9200;1240;0;10800;2440;2700
P209258901;P209258901_18;R;9200;0;0;10800;1200;2700
P209258901;P209258901_19;S;10800;0;0;12400;1200;2700
P209258901;P209258901_20;T;10800;1200;0;11800;2400;2700
P209258901;P209258901_21;U;11800;1234;0;12810;2440;2370
P209258901;P209258901_22;V;12400;28;0;13410;1234;2725
P208258801;P208258801_1;A;0;0;0;1320;710;1360
P208258801;P208258801_2;B;0;840;0;1200;2440;2700
P208258801;P208258801_3;C;1200;1240;0;2200;2440;1905
P208258801;P208258801_4;D;1320;0;0;2320;1200;1905
P208258801;P208258801_5;E;2200;1240;0;3200;2440;1905
P208258801;P208258801_6;F;2320;0;0;3320;1200;1905
P208258801;P208258801_7;G;3200;1240;0;4200;2440;1905
P208258801;P208258801_8;H;3320;0;0;4920;1200;2700
P208258801;P208258801_9;I;4200;1240;0;5200;2440;1905
P208258801;P208258801_10;J;4920;0;0;6520;1200;2700
P208258801;P208258801_11;K;5200;1240;0;6800;2440;2700
P208258801;P208258801_12;L;6520;0;0;8120;1200;2700
P208258801;P208258801_13;M;6800;1240;0;8400;2440;2700
P208258801;P208258801_14;N;8120;0;0;9720;1200;2700
P208258801;P208258801_15;O;8400;1240;0;10000;2440;2700
P208258801;P208258801_16;P;9720;0;0;11320;1200;2700
P208258801;P208258801_17;Q;10000;1240;0;11600;2440;2700
P208258801;P208258801_18;R;11320;0;0;12920;1200;2700
P207258901;P207258901_1;A;0;0;0;1600;1200;2700
P207258901;P207258901_2;B;0;1200;0;1600;2400;2700
P207258901;P207258901_3;C;1600;620;0;3200;1820;2700
P207258901;P207258901_4;D;3200;1240;0;4800;2440;2700
P207258901;P207258901_5;E;3200;0;0;4800;1200;2700
P207258901;P207258901_6;F;4800;620;0;6400;1820;2700
P207258901;P207258901_7;G;6400;1240;0;7400;2440;2700
P207258901;P207258901_8;H;6400;0;0;7400;1200;1905
P207258901;P207258901_9;I;7400;1240;0;8400;2440;1905
P207258901;P207258901_10;J;7400;0;0;8400;1200;1905
P207258901;P207258901_11;K;8400;0;0;10000;1200;930
P207258901;P207258901_12;L;8400;1240;0;10000;2440;2700
P207258901;P207258901_13;M;10000;1240;0;11600;2440;2700
P207258901;P207258901_14;N;10000;0;0;11010;1206;1185
P207258901;P207258901_15;O;11010;0;0;12020;1206;2625
P207258901;P207258901_16;P;11600;1234;0;12610;2440;1185
P202258901;P202258901_1;A;0;1240;0;1600;2440;2700
P202258901;P202258901_2;B;0;20;0;1600;1220;2700
P202258901;P202258901_3;C;1600;0;0;3200;1200;2700
P202258901;P202258901_4;D;1600;1240;0;2600;2440;2790
P202258901;P202258901_5;E;2600;1240;0;3600;2440;2790
P202258901;P202258901_6;F;3200;0;0;4200;1200;2790
P202258901;P202258901_7;G;3600;1240;0;4600;2440;1905
P202258901;P202258901_8;H;4200;0;0;5200;1200;1905
P202258901;P202258901_9;I;4600;1240;0;5600;2440;1905
P202258901;P202258901_10;J;5200;0;0;6200;1200;1905
P202258901;P202258901_11;K;5600;1240;0;6600;2440;1905
P202258901;P202258901_12;L;6200;0;0;7200;1200;1905
P202258901;P202258901_13;M;6600;1240;0;7600;2440;1905
P202258901;P202258901_14;N;7200;0;0;8200;1200;1905
P202258901;P202258901_15;O;7600;1240;0;8600;2440;1905
P202258901;P202258901_16;P;8200;0;0;9200;1200;1905
P202258901;P202258901_17;Q;8600;1240;0;9600;2440;1905
P202258901;P202258901_18;R;9200;0;0;10800;1200;2700
P202258901;P202258901_19;S;9600;1240;0;11200;2440;2700
P202258901;P202258901_20;T;10800;0;0;12400;1200;2700
P202258901;P202258901_21;U;11200;1240;0;12200;2440;1905
P202258901;P202258901_22;V;12200;1240;0;13200;2440;1905
P202258901;P202258901_23;W;12400;0;0;13400;1200;1905
P201258801;P201258801_1;A;0;1730;0;1320;2440;1360
P201258801;P201258801_2;B;0;0;0;1320;710;1360
P201258801;P201258801_3;C;0;710;0;1320;1420;1360
P201258801;P201258801_4;D;1320;0;0;2640;710;1360
P201258801;P201258801_5;E;1320;710;0;2640;1420;1360
P201258801;P201258801_6;F;1320;1730;0;2640;2440;1360
P201258801;P201258801_7;G;2640;1240;0;3640;2440;1905
P201258801;P201258801_8;H;2640;0;0;4240;1200;2700
P201258801;P201258801_9;I;3640;1240;0;5240;2440;1815
P201258801;P201258801_10;J;4240;0;0;5840;1200;2700
P201258801;P201258801_11;K;5240;1240;0;6240;2440;1905
P201258801;P201258801_12;L;5840;0;0;6840;1200;1905
P201258801;P201258801_13;M;6240;1240;0;7840;2440;2700
P201258801;P201258801_14;N;6840;0;0;8440;1200;2700
P201258801;P201258801_15;O;7840;1240;0;9440;2440;2700
P201258801;P201258801_16;P;8440;0;0;10040;1200;2700
P201258801;P201258801_17;Q;9440;1240;0;11040;2440;2700
P201258801;P201258801_18;R;10040;0;0;11640;1200;2700
P201258801;P201258801_19;S;11040;1240;0;12640;2440;2700
P201258801;P201258801_20;T;11640;0;0;13240;1200;2700
P200258901;P200258901_1;A;0;0;0;1600;1200;2700
P200258901;P200258901_2;B;0;1240;0;1000;2440;1905
P200258901;P200258901_3;C;1000;1240;0;2000;2440;1905
P200258901;P200258901_4;D;1600;0;0;2600;1200;1905
P200258901;P200258901_5;E;2000;1240;0;3600;2440;2700
P200258901;P200258901_6;F;2600;0;0;4200;1200;2700
P200258901;P200258901_7;G;3600;1240;0;4600;2440;1905
P200258901;P200258901_8;H;4200;0;0;5200;1200;1905
P200258901;P200258901_9;I;4600;1240;0;6200;2440;2700
P200258901;P200258901_10;J;5200;0;0;6800;1200;2700
P200258901;P200258901_11;K;6200;1240;0;7800;2440;930
P200258901;P200258901_12;L;6800;0;0;8400;1200;2700
P200258901;P200258901_13;M;7800;1240;0;9400;2440;2700
P200258901;P200258901_14;N;8400;0;0;10000;1200;2700
P200258901;P200258901_15;O;9400;1240;0;11000;2440;2700
P200258901;P200258901_16;P;10000;0;0;11010;1206;2370
P200258901;P200258901_17;Q;11000;1234;0;12010;2440;1185
P200258901;P200258901_18;R;11010;0;0;12020;1206;2695
P200258901;P200258901_19;S;12010;1234;0;13020;2440;2755
P200258901;P200258901_20;T;12020;0;0;13030;1206;2370
P194258801;P194258801_1;A;0;1730;0;1320;2440;1360
P194258801;P194258801_2;B;0;0;0;1320;710;1360
P194258801;P194258801_3;C;0;710;0;1320;1420;1360
P194258801;P194258801_4;D;1320;0;0;2640;710;1360
P194258801;P194258801_5;E;1320;710;0;2640;1420;1360
P194258801;P194258801_6;F;1320;1730;0;2640;2440;1360
P194258801;P194258801_7;G;2640;1730;0;3960;2440;1360
P194258801;P194258801_8;H;2640;0;0;3960;710;1360
P194258801;P194258801_9;I;2640;710;0;3960;1420;1360
P194258801;P194258801_10;J;3960;0;0;5280;710;1360
P194258801;P194258801_11;K;3960;710;0;5280;1420;1360
P194258801;P194258801_12;L;3960;1440;0;5160;2440;2790
P194258801;P194258801_13;M;5160;1440;0;6360;2440;2790
P194258801;P194258801_14;N;5280;0;0;6880;1200;2700
P194258801;P194258801_15;O;6360;1240;0;7360;2440;2790
P194258801;P194258801_16;P;6880;0;0;7880;1200;1905
P194258801;P194258801_17;Q;7360;1240;0;8360;2440;1905
P194258801;P194258801_18;R;7880;0;0;9480;1200;2700
P194258801;P194258801_19;S;8360;1240;0;9960;2440;2700
P194258801;P194258801_20;T;9480;0;0;11080;1200;2700
P194258801;P194258801_21;U;9960;1240;0;11560;2440;2700
P194258801;P194258801_22;V;11080;0;0;12080;1200;1905
P194258801;P194258801_23;W;11560;1240;0;12560;2440;1905
P194258801;P194258801_24;X;12080;0;0;13080;1200;1905
P193258901;P193258901_1;A;0;1240;0;1600;2440;2700
P193258901;P193258901_2;B;0;0;0;1600;1200;2700
P193258901;P193258901_3;C;1600;0;0;2600;1200;2790
P193258901;P193258901_4;D;1600;1240;0;2600;2440;2790
P193258901;P193258901_5;E;2600;1240;0;3600;2440;2790
P193258901;P193258901_6;F;2600;0;0;3600;1200;1905
P193258901;P193258901_7;G;3600;0;0;4600;1200;1905
P193258901;P193258901_8;H;3600;1240;0;4600;2440;1905
P193258901;P193258901_9;I;4600;1240;0;5600;2440;1905
P193258901;P193258901_10;J;4600;0;0;5600;1200;1905
P193258901;P193258901_11;K;5600;0;0;6600;1200;1905
P193258901;P193258901_12;L;5600;1240;0;6600;2440;975
P193258901;P193258901_13;M;6600;1240;0;8200;2440;2700
P193258901;P193258901_14;N;6600;0;0;8200;1200;2700
P193258901;P193258901_15;O;8200;0;0;9800;1200;2700
P193258901;P193258901_16;P;8200;1240;0;9800;2440;2700
P193258901;P193258901_17;Q;9800;1240;0;11400;2440;2700
P193258901;P193258901_18;R;9800;0;0;11400;1200;2700
P193258901;P193258901_19;S;11400;0;0;13000;1200;2700
P193258901;P193258901_20;T;11400;1234;0;12410;2440;2370
P193258901;P193258901_21;U;12410;1234;0;13420;2440;2755
Q193258901_1;Q193258901_1_1;A;0;620;0;1600;1820;2700
Q193258901_1;Q193258901_1_2;B;1600;1240;0;3200;2440;2700
Q193258901_1;Q193258901_1_3;C;1600;0;0;2600;1200;1905
Q193258901_1;Q193258901_1_4;D;2600;0;0;3600;1200;1905
Q193258901_1;Q193258901_1_5;E;3200;1240;0;4800;2440;2700
Q193258901_1;Q193258901_1_6;F;3600;0;0;4600;1200;1905
Q193258901_1;Q193258901_1_7;G;4600;0;0;5600;1200;1905
Q193258901_1;Q193258901_1_8;H;4800;1240;0;5800;2440;1905
Q193258901_1;Q193258901_1_9;I;5600;0;0;6600;1200;975
Q193258901_1;Q193258901_1_10;J;5800;1240;0;7400;2440;2700
Q193258901_1;Q193258901_1_11;K;6600;0;0;8200;1200;2700
Q193258901_1;Q193258901_1_12;L;7400;1240;0;9000;2440;2700
Q193258901_1;Q193258901_1_13;M;8200;0;0;9800;1200;2700
Q193258901_1;Q193258901_1_14;N;9000;1240;0;10600;2440;2700
Q193258901_1;Q193258901_1_15;O;9800;0;0;11400;1200;2700
Q193258901_1;Q193258901_1_16;P;10600;1234;0;11610;2440;1925
Q193258901_1;Q193258901_1_17;Q;11400;0;0;12410;1206;2370
P188258901;P188258901_1;A;0;1240;0;1600;2440;2700
P188258901;P188258901_2;B;0;0;0;1600;1200;2700
P188258901;P188258901_3;C;1600;0;0;2600;1200;1905
P188258901;P188258901_4;D;1600;1240;0;2600;2440;1905
P188258901;P188258901_5;E;2600;1240;0;4200;2440;2700
P188258901;P188258901_6;F;2600;0;0;4200;1200;2700
P188258901;P188258901_7;G;4200;0;0;5800;1200;2700
P188258901;P188258901_8;H;4200;1240;0;5800;2440;2700
P188258901;P188258901_9;I;5800;1240;0;7400;2440;2700
P188258901;P188258901_10;J;5800;0;0;6800;1200;1905
P188258901;P188258901_11;K;6800;0;0;7800;1200;1905
P188258901;P188258901_12;L;7400;1240;0;8400;2440;1905
P188258901;P188258901_13;M;7800;0;0;9400;1200;2700
P188258901;P188258901_14;N;8400;1240;0;9400;2440;1905
P188258901;P188258901_15;O;9400;0;0;10400;1200;1905
P188258901;P188258901_16;P;9400;1240;0;10400;2440;1905
P188258901;P188258901_17;Q;10400;1240;0;11400;2440;1905
P188258901;P188258901_18;R;10400;0;0;11400;1200;1905
P188258901;P188258901_19;S;11400;0;0;12400;1200;1905
P188258901;P188258901_20;T;11400;1240;0;12400;2440;1905
P188258901;P188258901_21;U;12400;1240;0;13400;2440;1905
P188258901;P188258901_22;V;12400;0;0;13400;1200;1905
P187258801;P187258801_1;A;0;1730;0;1320;2440;1360
P187258801;P187258801_2;B;0;0;0;1320;710;1360
P187258801;P187258801_3;C;0;710;0;1320;1420;1360
P187258801;P187258801_4;D;1320;0;0;2640;710;1360
P187258801;P187258801_5;E;1320;710;0;2640;1420;1360
P187258801;P187258801_6;F;1320;1730;0;2640;2440;1360
P187258801;P187258801_7;G;2640;1730;0;3960;2440;680
P187258801;P187258801_8;H;2640;0;0;3840;1600;2700
P187258801;P187258801_9;I;3840;0;0;4840;1200;2790
P187258801;P187258801_10;J;3960;1240;0;5560;2440;2700
P187258801;P187258801_11;K;4840;0;0;5840;1200;2790
P187258801;P187258801_12;L;5560;1240;0;6560;2440;2790
P187258801;P187258801_13;M;5840;0;0;6840;1200;1905
P187258801;P187258801_14;N;6560;1240;0;8160;2440;2700
P187258801;P187258801_15;O;6840;0;0;8440;1200;2700
P187258801;P187258801_16;P;8160;1240;0;9760;2440;2700
P187258801;P187258801_17;Q;8440;0;0;10040;1200;2700
P187258801;P187258801_18;R;9760;1240;0;11360;2440;2700
P187258801;P187258801_19;S;10040;0;0;11640;1200;2700
P187258801;P187258801_20;T;11360;1240;0;12960;2440;2700
P187258801;P187258801_21;U;11640;0;0;13240;1200;2700
P186258901;P186258901_1;A;0;1240;0;1600;2440;2700
P186258901;P186258901_2;B;0;0;0;1000;1200;1905
P186258901;P186258901_3;C;1000;0;0;2000;1200;1905
P186258901;P186258901_4;D;1600;1240;0;2600;2440;1905
P186258901;P186258901_5;E;2000;0;0;3000;1200;1905
P186258901;P186258901_6;F;2600;1240;0;3600;2440;1905
P186258901;P186258901_7;G;3000;0;0;4600;1200;2700
P186258901;P186258901_8;H;3600;1240;0;5200;2440;1815
P186258901;P186258901_9;I;4600;0;0;5600;1200;1905
P186258901;P186258901_10;J;5200;1240;0;6200;2440;1905
P186258901;P186258901_11;K;5600;0;0;6600;1200;975
P186258901;P186258901_12;L;6200;1240;0;7800;2440;2700
P186258901;P186258901_13;M;6600;0;0;8200;1200;2700
P186258901;P186258901_14;N;7800;1240;0;9400;2440;2700
P186258901;P186258901_15;O;8200;0;0;9800;1200;2700
P186258901;P186258901_16;P;9400;1234;0;10410;2440;2370
P186258901;P186258901_17;Q;9800;0;0;10810;1206;1185
P186258901;P186258901_18;R;10410;1234;0;11420;2440;2695
P186258901;P186258901_19;S;10810;0;0;11820;1206;2370
P186258901;P186258901_20;T;11420;1234;0;12430;2440;2370
P209062641;P209062641_1;A;0;0;0;1200;2400;2835
P209062641;P209062641_2;B;1200;20;0;2400;2420;2835
P209062641;P209062641_3;C;2400;20;0;3600;2420;2835
P209062641;P209062641_4;D;3600;20;0;4800;2420;975
P209062641;P209062641_5;E;4800;620;0;6700;1820;2160
P209062641;P209062641_6;F;6700;1660;0;7270;2440;909
P209062641;P209062641_7;G;6700;0;0;8500;1200;510
P209062641;P209062641_8;H;7270;1440;0;8870;2440;1905
P209062641;P209062641_9;I;8500;0;0;10100;1000;1905
P209062641;P209062641_10;J;8870;1240;0;10470;2440;2340
P209062641;P209062641_11;K;10100;0;0;11705;1205;1815
P209062641;P209062641_12;L;10470;1240;0;12070;2440;2865
P209062641;P209062641_13;M;11705;0;0;13305;1200;1635
P209062641;P209062641_14;N;12070;1660;0;12640;2440;1771
P208062641;P208062641_1;A;0;0;0;570;780;478
P208062641;P208062641_2;B;0;1240;0;1900;2440;1455
P208062641;P208062641_3;C;570;0;0;2970;1200;2835
P208062641;P208062641_4;D;1900;1240;0;4300;2440;1905
P208062641;P208062641_5;E;2970;0;0;4570;1000;1905
P208062641;P208062641_6;F;4300;1440;0;5900;2440;510
P208062641;P208062641_7;G;4570;0;0;5140;780;478
P208062641;P208062641_8;H;5140;0;0;6740;1200;2520
P208062641;P208062641_9;I;5900;1240;0;7500;2440;1455
P208062641;P208062641_10;J;6740;0;0;7740;1200;1815
P208062641;P208062641_11;K;7500;1235;0;9105;2440;930
P206062641;P206062641_1;A;0;20;0;1200;2420;975
P206062641;P206062641_2;B;1200;20;0;2400;2420;2835
P206062641;P206062641_3;C;2400;0;0;3600;2400;2835
P206062641;P206062641_4;D;3600;0;0;4800;2400;2835
P206062641;P206062641_5;E;4800;1240;0;6700;2440;2865
P206062641;P206062641_6;F;4800;0;0;5370;780;1340
P206062641;P206062641_7;G;5370;0;0;7170;1200;510
P206062641;P206062641_8;H;6700;1440;0;8300;2440;1905
P206062641;P206062641_9;I;7170;0;0;8770;1000;1905
P206062641;P206062641_10;J;8300;1440;0;9900;2440;510
P206062641;P206062641_11;K;8770;0;0;10370;1200;2520
P206062641;P206062641_12;L;9900;1240;0;11500;2440;2520
P206062641;P206062641_13;M;10370;0;0;11970;1200;2865
P206062641;P206062641_14;N;11500;1660;0;12070;2440;1340
P206062641;P206062641_15;O;11970;0;0;13175;1605;1815
P202062641;P202062641_1;A;0;620;0;1900;1820;2865
P202062641;P202062641_2;B;1900;830;0;2470;1610;1771
P202062641;P202062641_3;C;2470;20;0;3670;2420;2835
P202062641;P202062641_4;D;3670;20;0;4870;2420;2835
P202062641;P202062641_5;E;4870;40;0;6070;2440;2835
P202062641;P202062641_6;F;6070;0;0;7270;2400;2835
P202062641;P202062641_7;G;7270;1440;0;8870;2440;1905
P202062641;P202062641_8;H;7270;0;0;8870;1000;1905
P202062641;P202062641_9;I;8870;0;0;10470;1000;1440
P202062641;P202062641_10;J;8870;1000;0;10670;2200;510
P202062641;P202062641_11;K;10470;0;0;11040;780;1771
P202062641;P202062641_12;L;10670;840;0;11870;2440;2865
P202062641;P202062641_13;M;11040;60;0;11610;840;478
P202062641;P202062641_14;N;11870;0;0;13475;1205;1815
P202062641;P202062641_15;O;11870;1205;0;13470;2405;2700
P201062641;P201062641_1;A;0;620;0;1900;1820;2865
P201062641;P201062641_2;B;1900;1660;0;2470;2440;478
P201062641;P201062641_3;C;1900;0;0;4300;1200;2835
P201062641;P201062641_4;D;2470;1240;0;4870;2440;1905
P201062641;P201062641_5;E;4300;0;0;5900;1000;1440
P201062641;P201062641_6;F;4870;1240;0;6670;2440;510
P201062641;P201062641_7;G;5900;0;0;7500;1200;2865
P201062641;P201062641_8;H;6670;1240;0;8270;2440;2865
P201062641;P201062641_9;I;7500;0;0;9100;1200;2340
P201062641;P201062641_10;J;8270;1235;0;9875;2440;930
P201062641;P201062641_11;K;9100;0;0;9670;780;478
P201062641;P201062641_12;L;9670;0;0;11270;1200;2340
P201062641;P201062641_13;M;9875;1240;0;11475;2440;750
P199062641;P199062641_1;A;0;20;0;1200;2420;975
P199062641;P199062641_2;B;1200;20;0;2400;2420;2835
P199062641;P199062641_3;C;2400;20;0;3600;2420;2835
P199062641;P199062641_4;D;3600;20;0;4800;2420;2835
P199062641;P199062641_5;E;4800;1660;0;5370;2440;1340
P199062641;P199062641_6;F;4800;0;0;6700;1200;2865
P199062641;P199062641_7;G;5370;1240;0;7170;2440;510
P199062641;P199062641_8;H;6700;0;0;8300;1000;1905
P199062641;P199062641_9;I;7170;1440;0;8770;2440;1440
P199062641;P199062641_10;J;8300;0;0;9900;1200;2865
P199062641;P199062641_11;K;8770;1240;0;10370;2440;2340
P199062641;P199062641_12;L;9900;0;0;11500;1200;2520
P199062641;P199062641_13;M;10370;1660;0;10940;2440;1340
P199062641;P199062641_14;N;10940;1235;0;12545;2440;1815
P199062641;P199062641_15;O;11500;0;0;13100;1200;1455
P194062641;P194062641_1;A;0;20;0;1200;2420;975
P194062641;P194062641_2;B;1200;20;0;2400;2420;2835
P194062641;P194062641_3;C;2400;20;0;3600;2420;2835
P194062641;P194062641_4;D;3600;20;0;4800;2420;2835
P194062641;P194062641_5;E;4800;0;0;6000;2400;1905
P194062641;P194062641_6;F;6000;0;0;7900;1200;2865
P194062641;P194062641_7;G;6000;1660;0;6570;2440;909
P194062641;P194062641_8;H;6570;1240;0;8370;2440;510
P194062641;P194062641_9;I;7900;0;0;9500;1000;1905
P194062641;P194062641_10;J;8370;1440;0;9970;2440;1905
P194062641;P194062641_11;K;9500;0;0;11100;1000;975
P194062641;P194062641_12;L;9970;1240;0;11570;2440;2520
P194062641;P194062641_13;M;11100;0;0;12705;1205;1815
P194062641;P194062641_14;N;11570;1240;0;13170;2440;2865
P194062641;P194062641_15;O;12705;0;0;13275;780;1771
P192062641;P192062641_1;A;0;1660;0;570;2440;909
P192062641;P192062641_2;B;0;230;0;2400;1430;2835
P192062641;P192062641_3;C;2400;40;0;3600;2440;2835
P192062641;P192062641_4;D;3600;0;0;4800;2400;2835
P192062641;P192062641_5;E;4800;0;0;6000;2400;1905
P192062641;P192062641_6;F;6000;0;0;7900;1200;2865
P192062641;P192062641_7;G;6000;1440;0;7600;2440;1905
P192062641;P192062641_8;H;7600;1440;0;9200;2440;1905
P192062641;P192062641_9;I;7900;0;0;9500;1000;510
P192062641;P192062641_10;J;9200;1240;0;10800;2440;2865
P192062641;P192062641_11;K;9500;0;0;10500;1200;1815
P192062641;P192062641_12;L;10500;0;0;11070;780;1771
P192062641;P192062641_13;M;10800;840;0;12000;2440;2865
P192062641;P192062641_14;N;12000;0;0;13200;1600;2700
P187062641;P187062641_1;A;0;0;0;570;780;1771
P187062641;P187062641_2;B;0;1010;0;2400;2210;2835
P187062641;P187062641_3;C;570;115;0;1140;895;909
P187062641;P187062641_4;D;2400;0;0;4300;1200;2865
P187062641;P187062641_5;E;2400;1240;0;4800;2440;2835
P187062641;P187062641_6;F;4300;0;0;6700;1200;1905
P187062641;P187062641_7;G;4800;1220;0;6700;2420;1455
P187062641;P187062641_8;H;6700;1240;0;8500;2440;975
P187062641;P187062641_9;I;6700;0;0;8300;1000;1905
P187062641;P187062641_10;J;8300;0;0;9900;1000;1905
P187062641;P187062641_11;K;8500;1440;0;10100;2440;1905
P187062641;P187062641_12;L;9900;0;0;11505;1205;2700
P187062641;P187062641_13;M;10100;1240;0;11700;2440;2520
P187062641;P187062641_14;N;11505;0;0;13105;1200;2520
P187062641;P187062641_15;O;11700;1240;0;12700;2440;930
P187062641;P187062641_16;P;12700;1660;0;13270;2440;1771
P185062641;P185062641_1;A;0;620;0;2400;1820;975
P185062641;P185062641_2;B;2400;1240;0;4800;2440;2835
P185062641;P185062641_3;C;2400;20;0;4800;1220;2835
P185062641;P185062641_4;D;4800;0;0;6000;2400;2835
P185062641;P185062641_5;E;6000;1240;0;7900;2440;2865
P185062641;P185062641_6;F;6000;0;0;8400;1200;2835
P185062641;P185062641_7;G;7900;1240;0;10300;2440;2835
P185062641;P185062641_8;H;8400;0;0;10300;1200;2865
P185062641;P185062641_9;I;10300;0;0;10870;780;1771
P185062641;P185062641_10;J;10300;840;0;11300;2440;1905
P185062641;P185062641_11;K;11300;0;0;12300;1600;1905
P185062641;P185062641_12;L;12300;840;0;13300;2440;1440
Q185062641_1;Q185062641_1_1;A;0;620;0;1800;1820;510
Q185062641_1;Q185062641_1_2;B;1800;1240;0;3400;2440;2520
Q185062641_1;Q185062641_1_3;C;1800;20;0;3400;1220;2865
Q185062641_1;Q185062641_1_4;D;3400;620;0;5000;1820;2865
Q185062641_1;Q185062641_1_5;E;5000;617;0;6605;1822;2700
Q185062641_1;Q185062641_1_6;F;6605;1240;0;8205;2440;2865
Q185062641_1;Q185062641_1_7;G;6605;0;0;7175;780;1771
Q185062641_1;Q185062641_1_8;H;7175;0;0;8775;1200;2865
Q185062641_1;Q185062641_1_9;I;8205;1240;0;9805;2440;2520
Q185062641_1;Q185062641_1_10;J;8775;0;0;9345;780;478
Q185062641_1;Q185062641_1_11;K;9345;0;0;10945;1200;2865
Q185062641_1;Q185062641_1_12;L;9805;1240;0;11405;2440;750
Q185062641_1;Q185062641_1_13;M;10945;0;0;11945;1200;930
Q185062641_1;Q185062641_1_14;N;11405;1235;0;13010;2440;930
P177356043;P177356043_1;A;0;715;0;1206;1725;1185
P177356043;P177356043_2;B;1206;1430;0;2412;2440;1185
P177356043;P177356043_3;C;1206;210;0;2412;1220;1185
P177356043;P177356043_4;D;2412;715;0;3618;1725;770
P177356043;P177356043_5;E;3618;1440;0;4818;2440;2700
P177356043;P177356043_6;F;3618;220;0;4818;1220;2700
P177356043;P177356043_7;G;4818;620;0;5818;1820;2700
P177356043;P177356043_8;H;5818;1240;0;6818;2440;2700
P177356043;P177356043_9;I;5818;0;0;6818;1200;1815
P177356043;P177356043_10;J;6818;0;0;7388;780;1340
P177356043;P177356043_11;K;6818;780;0;7388;1560;1771
P177356043;P177356043_12;L;6818;1660;0;7388;2440;1340
P177356043;P177356043_13;M;7388;1240;0;8388;2440;2700
P177356043;P177356043_14;N;7388;0;0;8388;1200;2520
P177356043;P177356043_15;O;8388;0;0;8958;780;1771
P177356043;P177356043_16;P;8388;780;0;8958;1560;1771
P177356043;P177356043_17;Q;8388;1660;0;8958;2440;1771
P177356043;P177356043_18;R;8958;1660;0;9528;2440;478
P177356043;P177356043_19;S;8958;0;0;10058;1300;2835
P177356043;P177356043_20;T;9528;1340;0;10828;2440;2835
P177356043;P177356043_21;U;10058;0;0;11158;1300;2835
P177356043;P177356043_22;V;10828;1340;0;12128;2440;2835
P177356043;P177356043_23;W;11158;0;0;12258;1300;2835
P177356043;P177356043_24;X;12128;1340;0;13428;2440;975
P177356043;P177356043_25;Y;12258;0;0;13358;1300;1905
P174356041;P174356041_1;A;0;617;0;1010;1823;1185
P174356041;P174356041_2;B;1010;617;0;2020;1823;1185
P174356041;P174356041_3;C;2020;617;0;3030;1823;2370
P174356041;P174356041_4;D;3030;1234;0;4040;2440;2370
P174356041;P174356041_5;E;3030;14;0;4040;1220;2370
P174356041;P174356041_6;F;4040;1234;0;5050;2440;385
P174356041;P174356041_7;G;4040;0;0;4610;780;1340
P174356041;P174356041_8;H;4610;0;0;5180;780;1340
P174356041;P174356041_9;I;5050;1220;0;5620;2000;1340
P174356041;P174356041_10;J;5180;220;0;5750;1000;1340
P174356041;P174356041_11;K;5620;1330;0;6190;2110;1340
P174356041;P174356041_12;L;5750;0;0;6320;780;1771
P174356041;P174356041_13;M;6190;780;0;6760;1560;1340
P174356041;P174356041_14;N;6190;1660;0;6760;2440;1340
P174356041;P174356041_15;O;6320;0;0;6890;780;478
P174356041;P174356041_16;P;6760;780;0;7330;1560;478
P174356041;P174356041_17;Q;6760;1660;0;7330;2440;478
P174356041;P174356041_18;R;6890;0;0;7460;780;478
P174356041;P174356041_19;S;7330;1240;0;8330;2440;2700
P174356041;P174356041_20;T;7460;0;0;8460;1200;930
P174356041;P174356041_21;U;8330;1660;0;8900;2440;478
P174356041;P174356041_22;V;8460;0;0;9030;780;478
P174356041;P174356041_23;W;8460;780;0;9030;1560;1771
P174356041;P174356041_24;X;8900;1660;0;9470;2440;1771
P174356041;P174356041_25;Y;9030;0;0;9600;780;1771
P174356041;P174356041_26;Z;9030;780;0;9600;1560;1771
P174356041;P174356041_27;AA;9470;1660;0;10040;2440;909
P174356041;P174356041_28;AB;9600;0;0;10610;1206;770
P174356041;P174356041_29;AC;10040;1240;0;11040;2440;2520
P174356041;P174356041_30;AD;10610;0;0;11610;1200;2700
P174356041;P174356041_31;AE;11040;1240;0;12040;2440;2700
P174356041;P174356041_32;AF;11610;0;0;12610;1200;2700
P174356041;P174356041_33;AG;12040;1240;0;13040;2440;2700
P174356041;P174356041_34;AH;12610;0;0;13180;780;478
P172356041;P172356041_1;A;0;617;0;1010;1823;1185
P172356041;P172356041_2;B;1010;617;0;2020;1823;2370
P172356041;P172356041_3;C;2020;617;0;3030;1823;385
P172356041;P172356041_4;D;3030;620;0;4030;1820;2700
P172356041;P172356041_5;E;4030;1240;0;5030;2440;1815
P172356041;P172356041_6;F;4030;0;0;4600;780;1340
P172356041;P172356041_7;G;4600;0;0;5170;780;1340
P172356041;P172356041_8;H;5030;780;0;5600;1560;1771
P172356041;P172356041_9;I;5030;1660;0;5600;2440;478
P172356041;P172356041_10;J;5170;0;0;5740;780;478
P172356041;P172356041_11;K;5600;780;0;6170;1560;478
P172356041;P172356041_12;L;5600;1660;0;6170;2440;1771
P172356041;P172356041_13;M;5740;0;0;6310;780;1771
P172356041;P172356041_14;N;6170;1240;0;7170;2440;2340
P172356041;P172356041_15;O;6310;0;0;7310;1200;2340
P172356041;P172356041_16;P;7170;1240;0;8170;2440;2340
P172356041;P172356041_17;Q;7310;0;0;8310;1200;2340
P172356041;P172356041_18;R;8170;1240;0;9170;2440;2340
P172356041;P172356041_19;S;8310;0;0;9310;1200;2340
P172356041;P172356041_20;T;9170;1240;0;10170;2440;2340
P172356041;P172356041_21;U;9310;0;0;10310;1200;2520
P172356041;P172356041_22;V;10170;1660;0;10740;2440;1771
P172356041;P172356041_23;W;10310;0;0;10880;780;1771
P172356041;P172356041_24;X;10310;780;0;10880;1560;1771
P172356041;P172356041_25;Y;10740;1660;0;11310;2440;1771
P172356041;P172356041_26;Z;10880;0;0;11450;780;1771
P172356041;P172356041_27;AA;10880;780;0;11450;1560;1771
P172356041;P172356041_28;AB;11310;1660;0;11880;2440;1771
P172356041;P172356041_29;AC;11450;0;0;12020;780;1771
P172356041;P172356041_30;AD;11450;780;0;12020;1560;478
P170356043;P170356043_1;A;0;617;0;1010;1823;1185
P170356043;P170356043_2;B;1010;1234;0;2020;2440;2370
P170356043;P170356043_3;C;1010;14;0;2020;1220;1185
P170356043;P170356043_4;D;2020;830;0;2590;1610;1340
P170356043;P170356043_5;E;2590;830;0;3160;1610;909
P170356043;P170356043_6;F;3160;1240;0;4160;2440;2700
P170356043;P170356043_7;G;3160;20;0;4160;1220;2700
P170356043;P170356043_8;H;4160;1660;0;4730;2440;1771
P170356043;P170356043_9;I;4160;0;0;4730;780;478
P170356043;P170356043_10;J;4160;780;0;4730;1560;478
P170356043;P170356043_11;K;4730;0;0;5300;780;478
P170356043;P170356043_12;L;4730;1220;0;5300;2000;478
P170356043;P170356043_13;M;5300;830;0;5870;1610;478
P170356043;P170356043_14;N;5870;1610;0;6440;2390;478
P170356043;P170356043_15;O;5870;0;0;6870;1200;2700
P170356043;P170356043_16;P;6440;1240;0;7440;2440;2700
P170356043;P170356043_17;Q;6870;0;0;7870;1200;2340
P170356043;P170356043_18;R;7440;1240;0;8440;2440;2520
P170356043;P170356043_19;S;7870;0;0;8440;780;1771
P170356043;P170356043_20;T;8440;1234;0;9450;2440;385
P170356043;P170356043_21;U;8440;0;0;9010;780;1771
P170356043;P170356043_22;V;9010;0;0;9580;780;1771
P170356043;P170356043_23;W;9450;780;0;10020;1560;1771
P170356043;P170356043_24;X;9450;1660;0;10020;2440;1771
P170356043;P170356043_25;Y;9580;0;0;10150;780;1771
P170356043;P170356043_26;Z;10020;1240;0;11020;2440;2700
P170356043;P170356043_27;AA;10150;0;0;11150;1200;2340
P170356043;P170356043_28;AB;11020;1240;0;12020;2440;2340
P170356043;P170356043_29;AC;11150;0;0;12150;1200;750
P170356043;P170356043_30;AD;12020;1660;0;12590;2440;1771
P170356043;P170356043_31;AE;12150;0;0;12720;780;1771
P170356043;P170356043_32;AF;12150;780;0;12720;1560;909
Q170356043_1;Q170356043_1_1;A;0;620;0;1000;1820;930
Q170356043_1;Q170356043_1_2;B;1000;1240;0;2000;2440;930
Q170356043_1;Q170356043_1_3;C;1000;20;0;2000;1220;930
Q170356043_1;Q170356043_1_4;D;2000;620;0;3000;1820;2520
Q170356043_1;Q170356043_1_5;E;3000;830;0;3570;1610;909
Q170356043_1;Q170356043_1_6;F;3570;620;0;4570;1820;2700
Q170356043_1;Q170356043_1_7;G;4570;830;0;5140;1610;478
Q170356043_1;Q170356043_1_8;H;5140;620;0;6140;1820;2520
Q170356043_1;Q170356043_1_9;I;6140;1240;0;7140;2440;2340
Q170356043_1;Q170356043_1_10;J;6140;0;0;6710;780;478
Q170356043_1;Q170356043_1_11;K;6710;0;0;7280;780;478
Q170356043_1;Q170356043_1_12;L;7140;1240;0;8140;2440;1455
Q170356043_1;Q170356043_1_13;M;7280;0;0;8280;1200;1455
Q170356043_1;Q170356043_1_14;N;8140;1240;0;9140;2440;750
Q170356043_1;Q170356043_1_15;O;8280;0;0;9580;1100;2835
Q170356043_1;Q170356043_1_16;P;9140;1140;0;10240;2440;2835
Q170356043_1;Q170356043_1_17;Q;9580;0;0;10880;1100;2835
Q170356043_1;Q170356043_1_18;R;10240;1140;0;11340;2440;2835
Q170356043_1;Q170356043_1_19;S;10880;0;0;12180;1100;2835
Q170356043_1;Q170356043_1_20;T;11340;1140;0;12440;2440;2835
P240161601;P240161601_1;A;0;610;0;1020;1830;1150
P240161601;P240161601_2;B;1020;610;0;2040;1830;1150
P240161601;P240161601_3;C;2040;1220;0;3060;2440;1150
P240161601;P240161601_4;D;2040;0;0;3060;1220;1150
P240161601;P240161601_5;E;3060;0;0;4080;1220;1150
P240161601;P240161601_6;F;3060;1220;0;4080;2440;1150
P240161601;P240161601_7;G;4080;1220;0;5100;2440;1150
P240161601;P240161601_8;H;4080;0;0;5100;1220;1150
P240161601;P240161601_9;I;5100;0;0;6120;1220;1150
P240161601;P240161601_10;J;5100;1220;0;6120;2440;1150
P240161601;P240161601_11;K;6120;1220;0;7140;2440;1150
P240161601;P240161601_12;L;6120;0;0;7140;1220;1150
P240161601;P240161601_13;M;7140;0;0;8160;1220;1150
P240161601;P240161601_14;N;7140;1220;0;8160;2440;1150
P240161601;P240161601_15;O;8160;1220;0;9180;2440;1150
P240161601;P240161601_16;P;8160;0;0;9180;1220;1150
P240161601;P240161601_17;Q;9180;0;0;10200;1220;1150
P240161601;P240161601_18;R;9180;1220;0;10200;2440;1150
P240161601;P240161601_19;S;10200;1220;0;11220;2440;1150
P208161605;P208161605_1;A;0;1234;0;1010;2440;796
P208161605;P208161605_2;B;0;0;0;1000;1200;2509
P208161605;P208161605_3;C;1000;0;0;2000;1200;1909
P208161605;P208161605_4;D;1010;1240;0;2010;2440;2700
P208161605;P208161605_5;E;2000;0;0;3010;1206;2388
P208161605;P208161605_6;F;2010;1234;0;3020;2440;2388
P208161605;P208161605_7;G;3010;0;0;4020;1206;2388
P208161605;P208161605_8;H;3020;1234;0;4030;2440;2388
P208161605;P208161605_9;I;4020;0;0;5030;1206;2388
P208161605;P208161605_10;J;4030;1234;0;5040;2440;2388
P208161605;P208161605_11;K;5030;0;0;6040;1206;2388
P208161605;P208161605_12;L;5040;1234;0;6050;2440;2388
P208161605;P208161605_13;M;6040;0;0;7050;1206;2388
P208161605;P208161605_14;N;6050;1234;0;7060;2440;2388
P208161605;P208161605_15;O;7050;0;0;8060;1206;2388
P208161605;P208161605_16;P;7060;1234;0;8070;2440;2388
P208161605;P208161605_17;Q;8060;0;0;9070;1206;2388
P208161605;P208161605_18;R;8070;1234;0;9080;2440;2388
P208161605;P208161605_19;S;9070;0;0;10080;1206;2388
P208161605;P208161605_20;T;9080;1234;0;10090;2440;2388
P208161605;P208161605_21;U;10080;0;0;11090;1206;2388
P208161605;P208161605_22;V;10090;1234;0;11100;2440;2388
P208161605;P208161605_23;W;11090;0;0;12100;1206;2388
P208161605;P208161605_24;X;11100;1234;0;12110;2440;2388
P208161605;P208161605_25;Y;12100;0;0;13110;1206;2388
P208161605;P208161605_26;Z;12110;1234;0;13120;2440;796
P207161601;P207161601_1;A;0;0;0;1020;1220;1150
P207161601;P207161601_2;B;0;1220;0;1020;2440;1150
P207161601;P207161601_3;C;1020;1220;0;2040;2440;1150
P207161601;P207161601_4;D;1020;0;0;2040;1220;1150
P207161601;P207161601_5;E;2040;0;0;3060;1220;1150
P207161601;P207161601_6;F;2040;1220;0;3060;2440;1150
P207161601;P207161601_7;G;3060;1220;0;4080;2440;1150
P207161601;P207161601_8;H;3060;0;0;4080;1220;1150
P207161601;P207161601_9;I;4080;0;0;5100;1220;1150
P207161601;P207161601_10;J;4080;1220;0;5100;2440;1150
P207161601;P207161601_11;K;5100;1220;0;6120;2440;1150
P207161601;P207161601_12;L;5100;0;0;6120;1220;1150
P207161601;P207161601_13;M;6120;0;0;7140;1220;1150
P207161601;P207161601_14;N;6120;1220;0;7140;2440;1150
P207161601;P207161601_15;O;7140;1220;0;8160;2440;1150
P207161601;P207161601_16;P;7140;0;0;8160;1220;1150
P207161601;P207161601_17;Q;8160;0;0;9180;1220;1150
P207161601;P207161601_18;R;8160;1220;0;9180;2440;1150
P207161601;P207161601_19;S;9180;1220;0;10200;2440;1150
P207161601;P207161601_20;T;9180;0;0;10200;1220;1150
P207161601;P207161601_21;U;10200;0;0;11220;1220;1150
P207161601;P207161601_22;V;10200;1220;0;11220;2440;1150
P207161601;P207161601_23;W;11220;1220;0;12240;2440;1150
P207161601;P207161601_24;X;11220;0;0;12240;1220;1150
P207161601;P207161601_25;Y;12240;0;0;13460;1020;1150
P207161601;P207161601_26;Z;12240;1420;0;13460;2440;1150
P206161603;P206161603_1;A;0;0;0;1020;1220;1150
P206161603;P206161603_2;B;0;1220;0;1020;2440;1150
P206161603;P206161603_3;C;1020;1220;0;2040;2440;1150
P206161603;P206161603_4;D;1020;0;0;2040;1220;1150
P206161603;P206161603_5;E;2040;0;0;3060;1220;1150
P206161603;P206161603_6;F;2040;1220;0;3060;2440;1150
P206161603;P206161603_7;G;3060;1220;0;4080;2440;1150
P206161603;P206161603_8;H;3060;0;0;4080;1220;1150
P206161603;P206161603_9;I;4080;0;0;5100;1220;1150
P206161603;P206161603_10;J;4080;1220;0;5100;2440;1150
P206161603;P206161603_11;K;5100;1220;0;6120;2440;1150
P206161603;P206161603_12;L;5100;0;0;6120;1220;1150
P206161603;P206161603_13;M;6120;0;0;7140;1220;1150
P206161603;P206161603_14;N;6120;1220;0;7140;2440;1150
P206161603;P206161603_15;O;7140;1220;0;8160;2440;1150
P206161603;P206161603_16;P;7140;0;0;8160;1220;1150
P206161603;P206161603_17;Q;8160;0;0;9180;1220;1150
P206161603;P206161603_18;R;8160;1220;0;9180;2440;1150
P206161603;P206161603_19;S;9180;1220;0;10200;2440;1150
P206161603;P206161603_20;T;9180;0;0;10200;1220;1150
P206161603;P206161603_21;U;10200;0;0;11220;1220;1150
P206161603;P206161603_22;V;10200;1220;0;11220;2440;1150
P206161603;P206161603_23;W;11220;1220;0;12240;2440;1150
P206161603;P206161603_24;X;11220;0;0;12240;1220;1150
P206161603;P206161603_25;Y;12240;0;0;13460;1020;1150
P206161603;P206161603_26;Z;12240;1420;0;13460;2440;1150
P205161601;P205161601_1;A;0;0;0;1020;1220;1150
P205161601;P205161601_2;B;0;1220;0;1020;2440;1150
P205161601;P205161601_3;C;1020;1220;0;2040;2440;1150
P205161601;P205161601_4;D;1020;0;0;2040;1220;1150
P205161601;P205161601_5;E;2040;0;0;3060;1220;1150
P205161601;P205161601_6;F;2040;1220;0;3060;2440;1150
P205161601;P205161601_7;G;3060;1220;0;4080;2440;1150
P205161601;P205161601_8;H;3060;0;0;4040;1140;660
P205161601;P205161601_9;I;4040;0;0;5060;1220;1150
P205161601;P205161601_10;J;4080;1220;0;5100;2440;1150
P205161601;P205161601_11;K;5060;0;0;6080;1220;1150
P205161601;P205161601_12;L;5100;1220;0;6120;2440;1150
P205161601;P205161601_13;M;6080;0;0;7100;1220;1150
P205161601;P205161601_14;N;6120;1220;0;7140;2440;1150
P205161601;P205161601_15;O;7100;0;0;8120;1220;1150
P205161601;P205161601_16;P;7140;1220;0;8160;2440;1150
P205161601;P205161601_17;Q;8120;0;0;9140;1220;1150
P205161601;P205161601_18;R;8160;1220;0;9180;2440;1150
P205161601;P205161601_19;S;9140;0;0;10160;1220;1150
P205161601;P205161601_20;T;9180;1220;0;10200;2440;1150
P205161601;P205161601_21;U;10160;0;0;11180;1220;1150
P205161601;P205161601_22;V;10200;1220;0;11220;2440;1150
P205161601;P205161601_23;W;11180;0;0;12200;1220;1150
P205161601;P205161601_24;X;11220;1220;0;12240;2440;1150
P205161601;P205161601_25;Y;12200;0;0;13220;1220;1150
P205161601;P205161601_26;Z;12240;1220;0;13260;2440;1150
P202161601;P202161601_1;A;0;610;0;1020;1830;1150
P202161601;P202161601_2;B;1020;610;0;2040;1830;1150
P202161601;P202161601_3;C;2040;1220;0;3060;2440;1150
P202161601;P202161601_4;D;2040;0;0;3060;1220;1150
P202161601;P202161601_5;E;3060;1220;0;4080;2440;1150
P202161601;P202161601_6;F;3060;0;0;4080;1220;1150
P202161601;P202161601_7;G;4080;610;0;5100;1830;1150
P202161601;P202161601_8;H;5100;1220;0;6120;2440;1150
P202161601;P202161601_9;I;5100;0;0;6120;1220;1150
P202161601;P202161601_10;J;6120;0;0;7140;1220;1150
P202161601;P202161601_11;K;6120;1220;0;7140;2440;1150
P202161601;P202161601_12;L;7140;1220;0;8160;2440;1150
P202161601;P202161601_13;M;7140;0;0;8160;1220;1150
P202161601;P202161601_14;N;8160;0;0;9180;1220;1150
P202161601;P202161601_15;O;8160;1220;0;9180;2440;1150
P202161601;P202161601_16;P;9180;1220;0;10200;2440;1150
P202161601;P202161601_17;Q;9180;0;0;10200;1220;1150
P202161601;P202161601_18;R;10200;0;0;11220;1220;1150
P202161601;P202161601_19;S;10200;1220;0;11220;2440;1150
P202161601;P202161601_20;T;11220;1220;0;12240;2440;1150
P202161601;P202161601_21;U;11220;0;0;12240;1220;1150
P202161601;P202161601_22;V;12240;0;0;13460;1020;1150
P201161605;P201161605_1;A;0;0;0;1000;1200;459
P201161605;P201161605_2;B;0;1234;0;1010;2440;2388
P201161605;P201161605_3;C;1000;0;0;2010;1206;2388
P201161605;P201161605_4;D;1010;1234;0;2020;2440;2388
P201161605;P201161605_5;E;2010;0;0;3020;1206;2388
P201161605;P201161605_6;F;2020;1234;0;3030;2440;2388
P201161605;P201161605_7;G;3020;0;0;4030;1206;2388
P201161605;P201161605_8;H;3030;1234;0;4040;2440;2388
P201161605;P201161605_9;I;4030;0;0;5040;1206;2388
P201161605;P201161605_10;J;4040;1234;0;5050;2440;2388
P201161605;P201161605_11;K;5040;0;0;6050;1206;2388
P201161605;P201161605_12;L;5050;1234;0;6060;2440;2388
P201161605;P201161605_13;M;6050;0;0;7060;1206;2388
P201161605;P201161605_14;N;6060;1234;0;7070;2440;2388
P201161605;P201161605_15;O;7060;0;0;8070;1206;2388
P201161605;P201161605_16;P;7070;1234;0;8080;2440;2388
P201161605;P201161605_17;Q;8070;0;0;9080;1206;2388
P201161605;P201161605_18;R;8080;1234;0;9090;2440;2388
P201161605;P201161605_19;S;9080;0;0;10090;1206;2388
P201161605;P201161605_20;T;9090;1234;0;10100;2440;2388
P201161605;P201161605_21;U;10090;0;0;11100;1206;2388
P201161605;P201161605_22;V;10100;1234;0;11110;2440;2388
P201161605;P201161605_23;W;11100;0;0;12110;1206;2388
P201161605;P201161605_24;X;11110;1234;0;12120;2440;2388
P201161605;P201161605_25;Y;12110;0;0;13120;1206;2388
P201161605;P201161605_26;Z;12120;1234;0;13130;2440;2388
P199161603;P199161603_1;A;0;1220;0;1020;2440;1150
P199161603;P199161603_2;B;0;0;0;1020;1220;1150
P199161603;P199161603_3;C;1020;0;0;2040;1220;1150
P199161603;P199161603_4;D;1020;1220;0;2040;2440;1150
P199161603;P199161603_5;E;2040;1220;0;3060;2440;1150
P199161603;P199161603_6;F;2040;0;0;3060;1220;1150
P199161603;P199161603_7;G;3060;0;0;4080;1220;1150
P199161603;P199161603_8;H;3060;1220;0;4080;2440;1150
P199161603;P199161603_9;I;4080;1220;0;5100;2440;1150
P199161603;P199161603_10;J;4080;0;0;5100;1220;1150
P199161603;P199161603_11;K;5100;0;0;6120;1220;1150
P199161603;P199161603_12;L;5100;1220;0;6120;2440;1150
P199161603;P199161603_13;M;6120;1220;0;7140;2440;1150
P199161603;P199161603_14;N;6120;0;0;7140;1220;1150
P199161603;P199161603_15;O;7140;0;0;8160;1220;1150
P199161603;P199161603_16;P;7140;1220;0;8160;2440;1150
P199161603;P199161603_17;Q;8160;1220;0;9180;2440;1150
P199161603;P199161603_18;R;8160;0;0;9180;1220;1150
P199161603;P199161603_19;S;9180;0;0;10200;1220;1150
P199161603;P199161603_20;T;9180;1220;0;10200;2440;1150
P199161603;P199161603_21;U;10200;1220;0;11220;2440;1150
P199161603;P199161603_22;V;10200;0;0;11220;1220;1150
P199161603;P199161603_23;W;11220;0;0;12240;1220;1150
P199161603;P199161603_24;X;11220;1220;0;12240;2440;1150
P199161603;P199161603_25;Y;12240;1420;0;13460;2440;1150
P199161603;P199161603_26;Z;12240;0;0;13460;1020;1150
Q199161603_1;Q199161603_1_1;A;0;0;0;1020;1220;1150
Q199161603_1;Q199161603_1_2;B;0;1220;0;1020;2440;1150
Q199161603_1;Q199161603_1_3;C;1020;1220;0;2040;2440;1150
Q199161603_1;Q199161603_1_4;D;1020;0;0;2040;1220;1150
Q199161603_1;Q199161603_1_5;E;2040;0;0;3060;1220;1150
Q199161603_1;Q199161603_1_6;F;2040;1220;0;3060;2440;1150
Q199161603_1;Q199161603_1_7;G;3060;1220;0;4080;2440;1150
Q199161603_1;Q199161603_1_8;H;3060;0;0;4080;1220;1150
Q199161603_1;Q199161603_1_9;I;4080;0;0;5100;1220;1150
Q199161603_1;Q199161603_1_10;J;4080;1300;0;5060;2440;660
Q199161603_1;Q199161603_1_11;K;5060;1234;0;6070;2440;2388
Q199161603_1;Q199161603_1_12;L;5100;0;0;6110;1206;2388
Q199161603_1;Q199161603_1_13;M;6070;1234;0;7080;2440;2388
Q199161603_1;Q199161603_1_14;N;6110;0;0;7120;1206;2388
Q199161603_1;Q199161603_1_15;O;7080;1234;0;8090;2440;2388
Q199161603_1;Q199161603_1_16;P;7120;0;0;8130;1206;2388
Q199161603_1;Q199161603_1_17;Q;8090;1234;0;9100;2440;2388
Q199161603_1;Q199161603_1_18;R;8130;0;0;9140;1206;2388
Q199161603_1;Q199161603_1_19;S;9100;1234;0;10110;2440;2388
Q199161603_1;Q199161603_1_20;T;9140;0;0;10150;1206;2388
Q199161603_1;Q199161603_1_21;U;10110;1234;0;11120;2440;2388
Q199161603_1;Q199161603_1_22;V;10150;0;0;11160;1206;2388
Q199161603_1;Q199161603_1_23;W;11120;1234;0;12130;2440;2388
Q199161603_1;Q199161603_1_24;X;11160;0;0;12160;1200;930
Q199161603_1;Q199161603_1_25;Y;12130;1234;0;13140;2440;2388
Q199161603_1;Q199161603_1_26;Z;12160;0;0;13170;1206;2388
P198161601;P198161601_1;A;0;0;0;1020;1220;1150
P198161601;P198161601_2;B;0;1220;0;1020;2440;1150
P198161601;P198161601_3;C;1020;1220;0;2040;2440;1150
P198161601;P198161601_4;D;1020;0;0;2040;1220;1150
P198161601;P198161601_5;E;2040;0;0;3060;1220;1150
P198161601;P198161601_6;F;2040;1220;0;3060;2440;1150
P198161601;P198161601_7;G;3060;1220;0;4080;2440;1150
P198161601;P198161601_8;H;3060;0;0;4080;1220;1150
P198161601;P198161601_9;I;4080;0;0;5100;1220;1150
P198161601;P198161601_10;J;4080;1220;0;5100;2440;1150
P198161601;P198161601_11;K;5100;1220;0;6120;2440;1150
P198161601;P198161601_12;L;5100;0;0;6120;1220;1150
P198161601;P198161601_13;M;6120;0;0;7140;1220;1150
P198161601;P198161601_14;N;6120;1220;0;7140;2440;1150
P198161601;P198161601_15;O;7140;1220;0;8160;2440;1150
P198161601;P198161601_16;P;7140;0;0;8160;1220;1150
P198161601;P198161601_17;Q;8160;0;0;9180;1220;1150
P198161601;P198161601_18;R;8160;1220;0;9180;2440;1150
P198161601;P198161601_19;S;9180;1220;0;10200;2440;1150
P198161601;P198161601_20;T;9180;0;0;10200;1220;1150
P198161601;P198161601_21;U;10200;0;0;11220;1220;1150
P198161601;P198161601_22;V;10200;1220;0;11220;2440;1150
P198161601;P198161601_23;W;11220;1220;0;12240;2440;1150
P198161601;P198161601_24;X;11220;0;0;12240;1220;1150
P198161601;P198161601_25;Y;12240;0;0;13460;1020;1150
P198161601;P198161601_26;Z;12240;1420;0;13460;2440;1150
P194161605;P194161605_1;A;0;0;0;1000;1200;1909
P194161605;P194161605_2;B;0;1200;0;1000;2400;1450
P194161605;P194161605_3;C;1000;1240;0;2000;2440;1450
P194161605;P194161605_4;D;1000;0;0;2000;1200;2700
P194161605;P194161605_5;E;2000;1234;0;3010;2440;2388
P194161605;P194161605_6;F;2000;0;0;3010;1206;2388
P194161605;P194161605_7;G;3010;0;0;4020;1206;2388
P194161605;P194161605_8;H;3010;1234;0;4020;2440;2388
P194161605;P194161605_9;I;4020;1234;0;5030;2440;2388
P194161605;P194161605_10;J;4020;0;0;5030;1206;2388
P194161605;P194161605_11;K;5030;0;0;6040;1206;2388
P194161605;P194161605_12;L;5030;1234;0;6040;2440;2388
P194161605;P194161605_13;M;6040;1234;0;7050;2440;2388
P194161605;P194161605_14;N;6040;0;0;7050;1206;2388
P194161605;P194161605_15;O;7050;0;0;8060;1206;2388
P194161605;P194161605_16;P;7050;1234;0;8060;2440;2388
P194161605;P194161605_17;Q;8060;1234;0;9070;2440;2388
P194161605;P194161605_18;R;8060;0;0;9070;1206;2388
P194161605;P194161605_19;S;9070;0;0;10080;1206;2388
P194161605;P194161605_20;T;9070;1234;0;10080;2440;2388
P194161605;P194161605_21;U;10080;1234;0;11090;2440;2388
P194161605;P194161605_22;V;10080;0;0;11090;1206;2388
P194161605;P194161605_23;W;11090;0;0;12100;1206;2388
P194161605;P194161605_24;X;11090;1234;0;12100;2440;2388
P194161605;P194161605_25;Y;12100;1430;0;13306;2440;2388
P194161605;P194161605_26;Z;12100;0;0;13306;1010;2388
P193161601;P193161601_1;A;0;0;0;1020;1220;1150
P193161601;P193161601_2;B;0;1220;0;1020;2440;1150
P193161601;P193161601_3;C;1020;1220;0;2040;2440;1150
P193161601;P193161601_4;D;1020;0;0;2040;1220;1150
P193161601;P193161601_5;E;2040;0;0;3060;1220;1150
P193161601;P193161601_6;F;2040;1220;0;3060;2440;1150
P193161601;P193161601_7;G;3060;1220;0;4080;2440;1150
P193161601;P193161601_8;H;3060;0;0;4080;1220;1150
P193161601;P193161601_9;I;4080;0;0;5100;1220;1150
P193161601;P193161601_10;J;4080;1220;0;5100;2440;1150
P193161601;P193161601_11;K;5100;1220;0;6120;2440;1150
P193161601;P193161601_12;L;5100;0;0;6120;1220;1150
P193161601;P193161601_13;M;6120;0;0;7140;1220;1150
P193161601;P193161601_14;N;6120;1220;0;7140;2440;1150
P193161601;P193161601_15;O;7140;1220;0;8160;2440;1150
P193161601;P193161601_16;P;7140;0;0;8160;1220;1150
P193161601;P193161601_17;Q;8160;0;0;9180;1220;1150
P193161601;P193161601_18;R;8160;1220;0;9180;2440;1150
P193161601;P193161601_19;S;9180;1220;0;10200;2440;1150
P193161601;P193161601_20;T;9180;0;0;10200;1220;1150
P193161601;P193161601_21;U;10200;0;0;11220;1220;1150
P193161601;P193161601_22;V;10200;1220;0;11220;2440;1150
P193161601;P193161601_23;W;11220;1220;0;12240;2440;1150
P193161601;P193161601_24;X;11220;0;0;12240;1220;1150
P193161601;P193161601_25;Y;12240;0;0;13460;1020;1150
P193161601;P193161601_26;Z;12240;1420;0;13460;2440;1150
P192161603;P192161603_1;A;0;1220;0;1020;2440;1150
P192161603;P192161603_2;B;0;0;0;1020;1220;1150
P192161603;P192161603_3;C;1020;610;0;2040;1830;1150
P192161603;P192161603_4;D;2040;1220;0;3060;2440;1150
P192161603;P192161603_5;E;2040;0;0;3060;1220;1150
P192161603;P192161603_6;F;3060;0;0;4080;1220;1150
P192161603;P192161603_7;G;3060;1220;0;4080;2440;1150
P192161603;P192161603_8;H;4080;1220;0;5100;2440;1150
P192161603;P192161603_9;I;4080;0;0;5100;1220;1150
P192161603;P192161603_10;J;5100;0;0;6120;1220;1150
P192161603;P192161603_11;K;5100;1220;0;6120;2440;1150
P192161603;P192161603_12;L;6120;1220;0;7140;2440;1150
P192161603;P192161603_13;M;6120;0;0;7140;1220;1150
P192161603;P192161603_14;N;7140;0;0;8160;1220;1150
P192161603;P192161603_15;O;7140;1220;0;8160;2440;1150
P192161603;P192161603_16;P;8160;1220;0;9180;2440;1150
P192161603;P192161603_17;Q;8160;0;0;9180;1220;1150
P192161603;P192161603_18;R;9180;0;0;10200;1220;1150
P192161603;P192161603_19;S;9180;1220;0;10200;2440;1150
P192161603;P192161603_20;T;10200;1220;0;11220;2440;1150
P192161603;P192161603_21;U;10200;0;0;11220;1220;1150
P192161603;P192161603_22;V;11220;0;0;12360;980;660
P192161603;P192161603_23;W;11220;1234;0;12230;2440;2388
P192161603;P192161603_24;X;12230;1430;0;13436;2440;2388
P192161603;P192161603_25;Y;12360;0;0;13370;1206;2388
Q192161603_1;Q192161603_1_1;A;0;1220;0;1020;2440;1150
Q192161603_1;Q192161603_1_2;B;0;0;0;1020;1220;1150
Q192161603_1;Q192161603_1_3;C;1020;610;0;2040;1830;1150
Q192161603_1;Q192161603_1_4;D;2040;610;0;3060;1830;1150
Q192161603_1;Q192161603_1_5;E;3060;1220;0;4080;2440;1150
Q192161603_1;Q192161603_1_6;F;3060;0;0;4080;1220;1150
Q192161603_1;Q192161603_1_7;G;4080;0;0;5100;1220;1150
Q192161603_1;Q192161603_1_8;H;4080;1220;0;5100;2440;1150
Q192161603_1;Q192161603_1_9;I;5100;1220;0;6120;2440;1150
Q192161603_1;Q192161603_1_10;J;5100;0;0;6120;1220;1150
Q192161603_1;Q192161603_1_11;K;6120;0;0;7140;1220;1150
Q192161603_1;Q192161603_1_12;L;6120;1220;0;7140;2440;1150
Q192161603_1;Q192161603_1_13;M;7140;1220;0;8160;2440;1150
Q192161603_1;Q192161603_1_14;N;7140;0;0;8160;1220;1150
Q192161603_1;Q192161603_1_15;O;8160;0;0;9180;1220;1150
Q192161603_1;Q192161603_1_16;P;8160;1220;0;9180;2440;1150
Q192161603_1;Q192161603_1_17;Q;9180;1234;0;10190;2440;2388
Q192161603_1;Q192161603_1_18;R;9180;0;0;10190;1206;2388
Q192161603_1;Q192161603_1_19;S;10190;0;0;11200;1206;2388
Q192161603_1;Q192161603_1_20;T;10190;1234;0;11200;2440;2388
Q192161603_1;Q192161603_1_21;U;11200;1234;0;12210;2440;2388
Q192161603_1;Q192161603_1_22;V;11200;0;0;12210;1206;2388
Q192161603_1;Q192161603_1_23;W;12210;0;0;13416;1010;2388
Q192161603_1;Q192161603_1_24;X;12210;1430;0;13416;2440;2388
P191161601;P191161601_1;A;0;0;0;1020;1220;1150
P191161601;P191161601_2;B;0;1220;0;1020;2440;1150
P191161601;P191161601_3;C;1020;610;0;2040;1830;1150
P191161601;P191161601_4;D;2040;610;0;3060;1830;1150
P191161601;P191161601_5;E;3060;1220;0;4080;2440;1150
P191161601;P191161601_6;F;3060;0;0;4080;1220;1150
P191161601;P191161601_7;G;4080;1220;0;5100;2440;1150
P191161601;P191161601_8;H;4080;0;0;5100;1220;1150
P191161601;P191161601_9;I;5100;0;0;6120;1220;1150
P191161601;P191161601_10;J;5100;1220;0;6120;2440;1150
P191161601;P191161601_11;K;6120;1220;0;7140;2440;1150
P191161601;P191161601_12;L;6120;0;0;7140;1220;1150
P191161601;P191161601_13;M;7140;0;0;8160;1220;1150
P191161601;P191161601_14;N;7140;1220;0;8160;2440;1150
P191161601;P191161601_15;O;8160;1220;0;9180;2440;1150
P191161601;P191161601_16;P;8160;0;0;9180;1220;1150
P191161601;P191161601_17;Q;9180;0;0;10200;1220;1150
P191161601;P191161601_18;R;9180;1220;0;10200;2440;1150
P191161601;P191161601_19;S;10200;1220;0;11220;2440;1150
P191161601;P191161601_20;T;10200;0;0;11220;1220;1150
P191161601;P191161601_21;U;11220;0;0;12240;1220;1150
P188161601;P188161601_1;A;0;610;0;1020;1830;1150
P188161601;P188161601_2;B;1020;610;0;2040;1830;1150
P188161601;P188161601_3;C;2040;610;0;3060;1830;1150
P188161601;P188161601_4;D;3060;610;0;4080;1830;1150
P188161601;P188161601_5;E;4080;1220;0;5100;2440;1150
P188161601;P188161601_6;F;4080;0;0;5100;1220;1150
P188161601;P188161601_7;G;5100;1220;0;6120;2440;1150
P188161601;P188161601_8;H;5100;0;0;6120;1220;1150
P188161601;P188161601_9;I;6120;0;0;7140;1220;1150
P188161601;P188161601_10;J;6120;1220;0;7140;2440;1150
P188161601;P188161601_11;K;7140;1220;0;8160;2440;1150
P188161601;P188161601_12;L;7140;0;0;8160;1220;1150
P188161601;P188161601_13;M;8160;0;0;9180;1220;1150
P188161601;P188161601_14;N;8160;1220;0;9180;2440;1150
P188161601;P188161601_15;O;9180;1220;0;10200;2440;1150
P188161601;P188161601_16;P;9180;0;0;10200;1220;1150
P188161601;P188161601_17;Q;10200;0;0;11220;1220;1150
P188161601;P188161601_18;R;10200;1220;0;11220;2440;1150
P188161601;P188161601_19;S;11220;1220;0;12240;2440;1150
P188161601;P188161601_20;T;11220;0;0;12240;1220;1150
P188161601;P188161601_21;U;12240;0;0;13460;1020;1150
P187161605;P187161605_1;A;0;0;0;1000;1200;2509
P187161605;P187161605_2;B;0;1240;0;1000;2440;2509
P187161605;P187161605_3;C;1000;1240;0;2000;2440;1909
P187161605;P187161605_4;D;1000;0;0;2000;1200;1450
P187161605;P187161605_5;E;2000;0;0;3000;1200;2700
P187161605;P187161605_6;F;2000;1240;0;3000;2440;2700
P187161605;P187161605_7;G;3000;1234;0;4010;2440;2388
P187161605;P187161605_8;H;3000;0;0;4010;1206;2388
P187161605;P187161605_9;I;4010;0;0;5020;1206;2388
P187161605;P187161605_10;J;4010;1234;0;5020;2440;2388
P187161605;P187161605_11;K;5020;1234;0;6030;2440;2388
P187161605;P187161605_12;L;5020;0;0;6030;1206;2388
P187161605;P187161605_13;M;6030;0;0;7040;1206;2388
P187161605;P187161605_14;N;6030;1234;0;7040;2440;2388
P187161605;P187161605_15;O;7040;1234;0;8050;2440;2388
P187161605;P187161605_16;P;7040;0;0;8050;1206;2388
P187161605;P187161605_17;Q;8050;0;0;9060;1206;2388
P187161605;P187161605_18;R;8050;1234;0;9060;2440;2388
P187161605;P187161605_19;S;9060;1234;0;10070;2440;2388
P187161605;P187161605_20;T;9060;0;0;10070;1206;2388
P187161605;P187161605_21;U;10070;0;0;11080;1206;2388
P187161605;P187161605_22;V;10070;1234;0;11080;2440;2388
P187161605;P187161605_23;W;11080;1430;0;12286;2440;2388
P187161605;P187161605_24;X;11080;0;0;12090;1206;2388
P187161605;P187161605_25;Y;12090;0;0;13296;1010;2388
P187161605;P187161605_26;Z;12286;1430;0;13492;2440;2388
P186161601;P186161601_1;A;0;0;0;1020;1220;1150
P186161601;P186161601_2;B;0;1220;0;1020;2440;1150
P186161601;P186161601_3;C;1020;1220;0;2040;2440;1150
P186161601;P186161601_4;D;1020;0;0;2040;1220;1150
P186161601;P186161601_5;E;2040;0;0;3060;1220;1150
P186161601;P186161601_6;F;2040;1220;0;3060;2440;1150
P186161601;P186161601_7;G;3060;1220;0;4080;2440;1150
P186161601;P186161601_8;H;3060;0;0;4080;1220;1150
P186161601;P186161601_9;I;4080;0;0;5100;1220;1150
P186161601;P186161601_10;J;4080;1220;0;5100;2440;1150
P186161601;P186161601_11;K;5100;1220;0;6120;2440;1150
P186161601;P186161601_12;L;5100;0;0;6120;1220;1150
P186161601;P186161601_13;M;6120;0;0;7140;1220;1150
P186161601;P186161601_14;N;6120;1220;0;7140;2440;1150
P186161601;P186161601_15;O;7140;1220;0;8160;2440;1150
P186161601;P186161601_16;P;7140;0;0;8160;1220;1150
P186161601;P186161601_17;Q;8160;0;0;9180;1220;1150
P186161601;P186161601_18;R;8160;1220;0;9180;2440;1150
P186161601;P186161601_19;S;9180;1220;0;10200;2440;1150
P186161601;P186161601_20;T;9180;0;0;10200;1220;1150
P186161601;P186161601_21;U;10200;0;0;11220;1220;1150
P186161601;P186161601_22;V;10200;1220;0;11220;2440;1150
P186161601;P186161601_23;W;11220;1220;0;12240;2440;1150
P186161601;P186161601_24;X;11220;0;0;12240;1220;1150
P186161601;P186161601_25;Y;12240;0;0;13460;1020;1150
P186161601;P186161601_26;Z;12240;1420;0;13460;2440;1150
P185161603;P185161603_1;A;0;610;0;1020;1830;1150
P185161603;P185161603_2;B;1020;1220;0;2040;2440;1150
P185161603;P185161603_3;C;1020;0;0;2040;1220;1150
P185161603;P185161603_4;D;2040;1220;0;3060;2440;1150
P185161603;P185161603_5;E;2040;0;0;3060;1220;1150
P185161603;P185161603_6;F;3060;0;0;4080;1220;1150
P185161603;P185161603_7;G;3060;1220;0;4080;2440;1150
P185161603;P185161603_8;H;4080;1300;0;5060;2440;660
P185161603;P185161603_9;I;4080;0;0;5100;1220;1150
P185161603;P185161603_10;J;5060;1220;0;6080;2440;1150
P185161603;P185161603_11;K;5100;0;0;6120;1220;1150
P185161603;P185161603_12;L;6080;1220;0;7100;2440;1150
P185161603;P185161603_13;M;6120;0;0;7140;1220;1150
P185161603;P185161603_14;N;7100;1220;0;8120;2440;1150
P185161603;P185161603_15;O;7140;0;0;8160;1220;1150
P185161603;P185161603_16;P;8120;1220;0;9140;2440;1150
P185161603;P185161603_17;Q;8160;0;0;9180;1220;1150
P185161603;P185161603_18;R;9140;1220;0;10160;2440;1150
P185161603;P185161603_19;S;9180;0;0;10200;1220;1150
P185161603;P185161603_20;T;10160;1220;0;11180;2440;1150
P185161603;P185161603_21;U;10200;0;0;11220;1220;1150
P185161603;P185161603_22;V;11180;1234;0;12190;2440;2388
P185161603;P185161603_23;W;11220;0;0;12230;1206;2388
P185161603;P185161603_24;X;12190;1234;0;13200;2440;2388
P185161603;P185161603_25;Y;12230;0;0;13240;1206;2388
Q185161603_1;Q185161603_1_1;A;0;0;0;1010;1206;2388
Q185161603_1;Q185161603_1_2;B;0;1234;0;1010;2440;2388
Q185161603_1;Q185161603_1_3;C;1010;1234;0;2020;2440;1592
Q185161603_1;Q185161603_1_4;D;1010;0;0;2020;1206;2388
Q185161603_1;Q185161603_1_5;E;2020;0;0;3030;1206;2388
Q185161603_1;Q185161603_1_6;F;2020;1234;0;3030;2440;2388
Q185161603_1;Q185161603_1_7;G;3030;1234;0;4040;2440;2388
Q185161603_1;Q185161603_1_8;H;3030;0;0;4040;1206;2388
Q185161603_1;Q185161603_1_9;I;4040;0;0;5050;1206;2388
Q185161603_1;Q185161603_1_10;J;4040;1234;0;5050;2440;2388
Q185161603_1;Q185161603_1_11;K;5050;1234;0;6060;2440;1592
Q185161603_1;Q185161603_1_12;L;5050;0;0;6060;1206;2388
Q185161603_1;Q185161603_1_13;M;6060;0;0;7070;1206;2388
Q185161603_1;Q185161603_1_14;N;6060;1234;0;7070;2440;2388
Q185161603_1;Q185161603_1_15;O;7070;1234;0;8080;2440;2388
Q185161603_1;Q185161603_1_16;P;7070;0;0;8080;1206;2388
Q185161603_1;Q185161603_1_17;Q;8080;0;0;9090;1206;2388
Q185161603_1;Q185161603_1_18;R;8080;1234;0;9090;2440;1592
Q185161603_1;Q185161603_1_19;S;9090;1234;0;10100;2440;2388
Q185161603_1;Q185161603_1_20;T;9090;0;0;10100;1206;2388
Q185161603_1;Q185161603_1_21;U;10100;0;0;11110;1206;2388
Q185161603_1;Q185161603_1_22;V;10100;1234;0;11110;2440;2388
Q185161603_1;Q185161603_1_23;W;11110;1234;0;12120;2440;2388
Q185161603_1;Q185161603_1_24;X;11110;0;0;12120;1206;2388
Q185161603_1;Q185161603_1_25;Y;12120;0;0;13326;1010;1592
P178217901;P178217901_1;A;0;70;0;1420;2370;990
P178217901;P178217901_2;B;1420;70;0;2840;2370;1935
P178217901;P178217901_3;C;2840;70;0;4260;2370;1935
P178217901;P178217901_4;D;4260;0;0;5680;2300;1935
P178217901;P178217901_5;E;5680;0;0;7100;2300;1935
P178217901;P178217901_6;F;7100;0;0;8520;2300;1935
P178217901;P178217901_7;G;8520;0;0;9940;2300;1935
P178217901;P178217901_8;H;9940;0;0;11360;2300;1935
P178217901;P178217901_9;I;11360;0;0;12780;2300;1935
P178217905;P178217905_1;A;0;70;0;1420;2370;990
P178217905;P178217905_2;B;1420;0;0;2840;2300;990
P178217905;P178217905_3;C;2840;70;0;4260;2370;1935
P178217905;P178217905_4;D;4260;70;0;5680;2370;1935
P178217905;P178217905_5;E;5680;0;0;7100;2300;1935
P178217905;P178217905_6;F;7100;0;0;8520;2300;1935
P178217905;P178217905_7;G;8520;0;0;9940;2300;1935
P178217905;P178217905_8;H;9940;0;0;11360;2300;1935
P178217905;P178217905_9;I;11360;0;0;12780;2300;1935
Q178217905_1;Q178217905_1_1;A;0;0;0;1420;2300;990
Q178217905_1;Q178217905_1_2;B;1420;70;0;2840;2370;990
Q178217905_1;Q178217905_1_3;C;2840;70;0;4260;2370;1935
Q178217905_1;Q178217905_1_4;D;4260;70;0;5680;2370;1935
Q178217905_1;Q178217905_1_5;E;5680;0;0;7100;2300;1935
Q178217905_1;Q178217905_1_6;F;7100;0;0;8520;2300;1935
Q178217905_1;Q178217905_1_7;G;8520;0;0;9940;2300;1935
Q178217905_1;Q178217905_1_8;H;9940;0;0;11360;2300;1935
Q178217905_1;Q178217905_1_9;I;11360;0;0;12780;2300;1935
P177217901;P177217901_1;A;0;0;0;1420;2300;990
P177217901;P177217901_2;B;1420;70;0;2840;2370;990
P177217901;P177217901_3;C;2840;70;0;4260;2370;1935
P177217901;P177217901_4;D;4260;0;0;5680;2300;1935
P177217901;P177217901_5;E;5680;0;0;7100;2300;1935
P177217901;P177217901_6;F;7100;0;0;8520;2300;1935
P177217901;P177217901_7;G;8520;0;0;9940;2300;1935
P177217901;P177217901_8;H;9940;0;0;11360;2300;1935
P177217901;P177217901_9;I;11360;0;0;12780;2300;990
P174217905;P174217905_1;A;0;0;0;1420;2300;990
P174217905;P174217905_2;B;1420;70;0;2840;2370;990
P174217905;P174217905_3;C;2840;70;0;4260;2370;1935
P174217905;P174217905_4;D;4260;70;0;5680;2370;1935
P174217905;P174217905_5;E;5680;0;0;7100;2300;1935
P174217905;P174217905_6;F;7100;0;0;8520;2300;1935
P174217905;P174217905_7;G;8520;0;0;9940;2300;1935
P174217905;P174217905_8;H;9940;0;0;11360;2300;1935
P174217905;P174217905_9;I;11360;0;0;12780;2300;1935
P173217901;P173217901_1;A;0;0;0;1420;2300;990
P173217901;P173217901_2;B;1420;70;0;2840;2370;990
P173217901;P173217901_3;C;2840;0;0;4260;2300;1935
P173217901;P173217901_4;D;4260;70;0;5680;2370;1935
P173217901;P173217901_5;E;5680;0;0;7100;2300;1935
P173217901;P173217901_6;F;7100;0;0;8520;2300;1935
P173217901;P173217901_7;G;8520;0;0;9940;2300;1935
P173217901;P173217901_8;H;9940;0;0;11360;2300;1935
P173217901;P173217901_9;I;11360;0;0;12780;2300;1935
P172217905;P172217905_1;A;0;70;0;1420;2370;990
P172217905;P172217905_2;B;1420;0;0;2840;2300;990
P172217905;P172217905_3;C;2840;70;0;4260;2370;1935
P172217905;P172217905_4;D;4260;0;0;5680;2300;1935
P172217905;P172217905_5;E;5680;0;0;7100;2300;1935
P172217905;P172217905_6;F;7100;0;0;8520;2300;1935
P172217905;P172217905_7;G;8520;0;0;9940;2300;1935
P172217905;P172217905_8;H;9940;0;0;11360;2300;1935
P172217905;P172217905_9;I;11360;0;0;12780;2300;1935
P171217905;P171217905_1;A;0;0;0;1420;2300;990
P171217905;P171217905_2;B;1420;70;0;2840;2370;990
P171217905;P171217905_3;C;2840;0;0;4260;2300;1935
P171217905;P171217905_4;D;4260;70;0;5680;2370;1935
P171217905;P171217905_5;E;5680;0;0;7100;2300;1935
P171217905;P171217905_6;F;7100;0;0;8520;2300;1935
P171217905;P171217905_7;G;8520;0;0;9940;2300;1935
P171217905;P171217905_8;H;9940;0;0;11360;2300;1935
P171217905;P171217905_9;I;11360;0;0;12780;2300;990
P177065101;P177065101_1;A;0;0;0;1000;1200;2835
P177065101;P177065101_2;B;0;1640;0;3200;2440;2820
P177065101;P177065101_3;C;1000;0;0;4200;800;2835
P177065101;P177065101_4;D;1000;800;0;4200;1600;2835
P177065101;P177065101_5;E;3200;1640;0;6400;2440;2805
P177065101;P177065101_6;F;4200;0;0;7400;800;2835
P177065101;P177065101_7;G;4200;800;0;7400;1600;2835
P177065101;P177065101_8;H;6400;1640;0;9600;2440;2835
P177065101;P177065101_9;I;7400;0;0;10600;800;2805
P177065101;P177065101_10;J;7400;800;0;9000;1600;2855
P177065101;P177065101_11;K;9000;800;0;10600;1600;2855
P177065101;P177065101_12;L;9600;1640;0;11200;2440;2855
P177065101;P177065101_13;M;10600;0;0;12200;800;2855
P177065101;P177065101_14;N;10600;800;0;12200;1600;2855
P177065101;P177065101_15;O;11200;1640;0;12800;2440;2855
P174065101;P174065101_1;A;0;1640;0;1600;2440;2855
P174065101;P174065101_2;B;0;0;0;1600;800;2855
P174065101;P174065101_3;C;0;800;0;1600;1600;2855
P174065101;P174065101_4;D;1600;0;0;3200;800;2855
P174065101;P174065101_5;E;1600;800;0;3200;1600;2855
P174065101;P174065101_6;F;1600;1640;0;4800;2440;1875
P174065101;P174065101_7;G;3200;0;0;6400;800;2790
P174065101;P174065101_8;H;3200;800;0;6400;1600;1875
P174065101;P174065101_9;I;4800;1640;0;6400;2440;2855
P174065101;P174065101_10;J;6400;1640;0;9600;2440;1875
P174065101;P174065101_11;K;6400;0;0;8000;800;2855
P174065101;P174065101_12;L;6400;800;0;9600;1600;1905
P174065101;P174065101_13;M;8000;0;0;11200;800;1905
P174065101;P174065101_14;N;9600;800;0;12800;1600;2790
P174065101;P174065101_15;O;9600;1640;0;11200;2440;2855
P174065101;P174065101_16;P;11200;0;0;12800;800;2855
P173065103;P173065103_1;A;0;0;0;1600;800;2855
P173065103;P173065103_2;B;0;800;0;1600;1600;2855
P173065103;P173065103_3;C;0;1640;0;1600;2440;2855
P173065103;P173065103_4;D;1600;1640;0;3200;2440;2855
P173065103;P173065103_5;E;1600;0;0;3200;800;2855
P173065103;P173065103_6;F;1600;800;0;3200;1600;2855
P173065103;P173065103_7;G;3200;0;0;4800;800;2855
P173065103;P173065103_8;H;3200;800;0;4800;1600;2855
P173065103;P173065103_9;I;3200;1640;0;4800;2440;2855
P173065103;P173065103_10;J;4800;1640;0;6400;2440;2855
P173065103;P173065103_11;K;4800;0;0;6400;800;2855
P173065103;P173065103_12;L;4800;800;0;6400;1600;2855
P173065103;P173065103_13;M;6400;0;0;8000;800;2855
P173065103;P173065103_14;N;6400;800;0;8000;1600;2855
P173065103;P173065103_15;O;6400;1640;0;8000;2440;2855
P173065103;P173065103_16;P;8000;1640;0;9600;2440;2855
P173065103;P173065103_17;Q;8000;0;0;9600;800;2855
P173065103;P173065103_18;R;9600;0;0;10600;1200;975
P173065103;P173065103_19;S;9600;1234;0;10610;2440;2955
P173065103;P173065103_20;T;10600;0;0;11610;1206;2725
P173065103;P173065103_21;U;10610;1234;0;11620;2440;2755
P173065103;P173065103_22;V;11610;0;0;12620;1206;2755
P173065103;P173065103_23;W;11620;1234;0;12630;2440;1570
P170065101;P170065101_1;A;0;0;0;1000;1200;2835
P170065101;P170065101_2;B;0;1640;0;1600;2440;2855
P170065101;P170065101_3;C;1000;0;0;4200;800;2820
P170065101;P170065101_4;D;1000;800;0;4200;1600;2835
P170065101;P170065101_5;E;1600;1640;0;3200;2440;2855
P170065101;P170065101_6;F;3200;1640;0;6400;2440;2835
P170065101;P170065101_7;G;4200;0;0;7400;800;2835
P170065101;P170065101_8;H;4200;800;0;7400;1600;2835
P170065101;P170065101_9;I;6400;1640;0;9600;2440;2835
P170065101;P170065101_10;J;7400;0;0;10600;800;2805
P170065101;P170065101_11;K;7400;800;0;9000;1600;2855
P170065101;P170065101_12;L;9000;800;0;10600;1600;2855
P170065101;P170065101_13;M;9600;1640;0;11200;2440;2855
P170065101;P170065101_14;N;10600;0;0;12200;800;2855
P170065101;P170065101_15;O;10600;800;0;12200;1600;2855
P170065101;P170065101_16;P;11200;1640;0;12800;2440;2855
P167065101;P167065101_1;A;0;1640;0;1600;2440;2855
P167065101;P167065101_2;B;0;0;0;1600;800;2855
P167065101;P167065101_3;C;0;800;0;1600;1600;2855
P167065101;P167065101_4;D;1600;0;0;3200;800;2855
P167065101;P167065101_5;E;1600;800;0;3200;1600;2855
P167065101;P167065101_6;F;1600;1640;0;3200;2440;2855
P167065101;P167065101_7;G;3200;1640;0;4800;2440;2855
P167065101;P167065101_8;H;3200;0;0;6400;800;2790
P167065101;P167065101_9;I;3200;800;0;6400;1600;2790
P167065101;P167065101_10;J;4800;1640;0;8000;2440;2790
P167065101;P167065101_11;K;6400;0;0;9600;800;2790
P167065101;P167065101_12;L;6400;800;0;9600;1600;2820
P167065101;P167065101_13;M;8000;1640;0;9600;2440;2855
P167065101;P167065101_14;N;9600;0;0;12800;800;2790
P167065101;P167065101_15;O;9600;800;0;12800;1600;2805
P167065101;P167065101_16;P;9600;1640;0;11200;2440;2855
P167065101;P167065101_17;Q;11200;1640;0;12800;2440;2855
P166065103;P166065103_1;A;0;0;0;1600;800;2855
P166065103;P166065103_2;B;0;800;0;1600;1600;2855
P166065103;P166065103_3;C;0;1600;0;1600;2400;2855
P166065103;P166065103_4;D;1600;1640;0;3200;2440;2855
P166065103;P166065103_5;E;1600;0;0;3200;800;2855
P166065103;P166065103_6;F;1600;800;0;3200;1600;2855
P166065103;P166065103_7;G;3200;1640;0;4800;2440;2855
P166065103;P166065103_8;H;3200;0;0;4800;800;2855
P166065103;P166065103_9;I;3200;800;0;4800;1600;2855
P166065103;P166065103_10;J;4800;0;0;6400;800;2855
P166065103;P166065103_11;K;4800;800;0;6400;1600;2855
P166065103;P166065103_12;L;4800;1640;0;6400;2440;2855
P166065103;P166065103_13;M;6400;1640;0;8000;2440;2855
P166065103;P166065103_14;N;6400;0;0;8000;800;2855
P166065103;P166065103_15;O;6400;800;0;8000;1600;2855
P166065103;P166065103_16;P;8000;0;0;9000;1200;975
P166065103;P166065103_17;Q;8000;1234;0;9010;2440;2310
P166065103;P166065103_18;R;9000;0;0;10010;1206;2370
P166065103;P166065103_19;S;9010;1234;0;10020;2440;2370
P166065103;P166065103_20;T;10010;0;0;11020;1206;1185
P165065101;P165065101_1;A;0;0;0;1600;800;2855
P165065101;P165065101_2;B;0;800;0;1600;1600;1450
P165065101;P165065101_3;C;0;1640;0;3200;2440;1875
P165065101;P165065101_4;D;1600;0;0;4800;800;2835
P165065101;P165065101_5;E;1600;800;0;4800;1600;1905
P165065101;P165065101_6;F;3200;1640;0;4800;2440;2855
P165065101;P165065101_7;G;4800;1640;0;6400;2440;2855
P165065101;P165065101_8;H;4800;0;0;6400;800;2855
P165065101;P165065101_9;I;4800;800;0;6400;1600;2855
P165065101;P165065101_10;J;6400;0;0;8000;800;2855
P165065101;P165065101_11;K;6400;800;0;9600;1600;2820
P165065101;P165065101_12;L;6400;1640;0;8000;2440;1450
P165065101;P165065101_13;M;8000;0;0;11200;800;2805
P165065101;P165065101_14;N;8000;1640;0;11200;2440;2790
P165065101;P165065101_15;O;9600;800;0;12800;1600;1875
P240064203;P240064203_1;A;0;0;0;1910;1200;2935
P240064203;P240064203_2;B;0;1240;0;1910;2440;2935
P240064203;P240064203_3;C;1910;1240;0;3820;2440;2935
P240064203;P240064203_4;D;1910;0;0;3820;1200;2935
P240064203;P240064203_5;E;3820;0;0;5730;1200;2935
P240064203;P240064203_6;F;3820;1240;0;5730;2440;2935
P240064203;P240064203_7;G;5730;1240;0;7640;2440;2935
P209064203;P209064203_1;A;0;0;0;1910;1200;2935
P209064203;P209064203_2;B;0;1240;0;1910;2440;2935
P209064203;P209064203_3;C;1910;1240;0;3820;2440;2935
P209064203;P209064203_4;D;1910;0;0;3820;1200;2935
P209064203;P209064203_5;E;3820;0;0;5730;1200;2935
P209064203;P209064203_6;F;3820;1240;0;5730;2440;2935
P209064203;P209064203_7;G;5730;1240;0;7640;2440;2935
P209064203;P209064203_8;H;5730;0;0;7640;1200;2935
P209064203;P209064203_9;I;7640;0;0;9550;1200;2935
P209064203;P209064203_10;J;7640;1240;0;9550;2440;2935
P209064203;P209064203_11;K;9550;1240;0;11460;2440;2935
P209064203;P209064203_12;L;9550;0;0;11460;1200;2935
P209064203;P209064203_13;M;11460;0;0;13370;1200;2935
P209064203;P209064203_14;N;11460;1240;0;13370;2440;2935
P208064203;P208064203_1;A;0;0;0;1910;1200;2935
P208064203;P208064203_2;B;0;1240;0;1910;2440;2935
P208064203;P208064203_3;C;1910;1240;0;3820;2440;2935
P208064203;P208064203_4;D;1910;0;0;3820;1200;2935
P208064203;P208064203_5;E;3820;0;0;5730;1200;2935
P208064203;P208064203_6;F;3820;1240;0;5730;2440;2935
P208064203;P208064203_7;G;5730;1240;0;7640;2440;2935
P208064203;P208064203_8;H;5730;0;0;7640;1200;2935
P208064203;P208064203_9;I;7640;0;0;9550;1200;2935
P208064203;P208064203_10;J;7640;1240;0;9550;2440;2935
P208064203;P208064203_11;K;9550;1240;0;11460;2440;2935
P208064203;P208064203_12;L;9550;0;0;11460;1200;2935
P208064203;P208064203_13;M;11460;0;0;13370;1200;2935
P208064203;P208064203_14;N;11460;1240;0;13370;2440;2935
P207064203;P207064203_1;A;0;0;0;1910;1200;2935
P207064203;P207064203_2;B;0;1240;0;1910;2440;2935
P207064203;P207064203_3;C;1910;1240;0;3820;2440;2935
P207064203;P207064203_4;D;1910;0;0;3820;1200;2935
P207064203;P207064203_5;E;3820;0;0;5730;1200;2935
P207064203;P207064203_6;F;3820;1240;0;5730;2440;2935
P207064203;P207064203_7;G;5730;1240;0;7640;2440;2935
P207064203;P207064203_8;H;5730;0;0;7640;1200;2935
P207064203;P207064203_9;I;7640;0;0;9550;1200;2935
P207064203;P207064203_10;J;7640;1240;0;9550;2440;2935
P207064203;P207064203_11;K;9550;1240;0;11460;2440;2935
P207064203;P207064203_12;L;9550;0;0;11460;1200;2935
P207064203;P207064203_13;M;11460;0;0;13370;1200;2935
P207064203;P207064203_14;N;11460;1240;0;13370;2440;2935
P206064405;P206064405_1;A;0;0;0;1910;1200;2935
P206064405;P206064405_2;B;0;1240;0;1910;2440;2935
P206064405;P206064405_3;C;1910;1240;0;3820;2440;2935
P206064405;P206064405_4;D;1910;0;0;3820;1200;2935
P206064405;P206064405_5;E;3820;0;0;5730;1200;2935
P206064405;P206064405_6;F;3820;1240;0;5730;2440;2935
P206064405;P206064405_7;G;5730;1240;0;7640;2440;2935
P206064405;P206064405_8;H;5730;0;0;7640;1200;2935
P206064405;P206064405_9;I;7640;0;0;9550;1200;2935
P206064405;P206064405_10;J;7640;1240;0;9550;2440;2935
P206064405;P206064405_11;K;9550;1240;0;11460;2440;2935
P206064405;P206064405_12;L;9550;0;0;11460;1200;2935
P206064405;P206064405_13;M;11460;0;0;13370;1200;2935
P206064405;P206064405_14;N;11460;1240;0;13370;2440;2935
P205064203;P205064203_1;A;0;0;0;1910;1200;2935
P205064203;P205064203_2;B;0;1240;0;1910;2440;2935
P205064203;P205064203_3;C;1910;1240;0;3820;2440;2935
P205064203;P205064203_4;D;1910;0;0;3820;1200;2935
P205064203;P205064203_5;E;3820;0;0;5730;1200;2935
P205064203;P205064203_6;F;3820;1240;0;5730;2440;2935
P205064203;P205064203_7;G;5730;1240;0;7640;2440;2935
P205064203;P205064203_8;H;5730;0;0;7640;1200;2935
P205064203;P205064203_9;I;7640;0;0;9550;1200;2935
P205064203;P205064203_10;J;7640;1240;0;9550;2440;2935
P205064203;P205064203_11;K;9550;1240;0;11460;2440;2935
P205064203;P205064203_12;L;9550;0;0;11460;1200;2935
P205064203;P205064203_13;M;11460;0;0;13370;1200;2935
P205064203;P205064203_14;N;11460;1240;0;13370;2440;2935
P202064203;P202064203_1;A;0;0;0;1910;1200;2935
P202064203;P202064203_2;B;0;1240;0;1910;2440;2935
P202064203;P202064203_3;C;1910;1240;0;3820;2440;2935
P202064203;P202064203_4;D;1910;0;0;3820;1200;2935
P202064203;P202064203_5;E;3820;0;0;5730;1200;2935
P202064203;P202064203_6;F;3820;1240;0;5730;2440;2935
P202064203;P202064203_7;G;5730;1240;0;7640;2440;2935
P202064203;P202064203_8;H;5730;0;0;7640;1200;2935
P202064203;P202064203_9;I;7640;0;0;9550;1200;2935
P202064203;P202064203_10;J;7640;1240;0;9550;2440;2935
P202064203;P202064203_11;K;9550;1240;0;11460;2440;2935
P202064203;P202064203_12;L;9550;0;0;11460;1200;2935
P202064203;P202064203_13;M;11460;0;0;13370;1200;2935
P202064203;P202064203_14;N;11460;1240;0;13370;2440;2935
P201064203;P201064203_1;A;0;0;0;1910;1200;2935
P201064203;P201064203_2;B;0;1240;0;1910;2440;2935
P201064203;P201064203_3;C;1910;1240;0;3820;2440;2935
P201064203;P201064203_4;D;1910;0;0;3820;1200;2935
P201064203;P201064203_5;E;3820;0;0;5730;1200;2935
P201064203;P201064203_6;F;3820;1240;0;5730;2440;2935
P201064203;P201064203_7;G;5730;1240;0;7640;2440;2935
P201064203;P201064203_8;H;5730;0;0;7640;1200;2935
P201064203;P201064203_9;I;7640;0;0;9550;1200;2935
P201064203;P201064203_10;J;7640;1240;0;9550;2440;2935
P201064203;P201064203_11;K;9550;1240;0;11460;2440;2935
P201064203;P201064203_12;L;9550;0;0;11460;1200;2935
P201064203;P201064203_13;M;11460;0;0;13370;1200;2935
P201064203;P201064203_14;N;11460;1240;0;13370;2440;2935
P200064203;P200064203_1;A;0;0;0;1910;1200;2935
P200064203;P200064203_2;B;0;1240;0;1910;2440;2935
P200064203;P200064203_3;C;1910;1240;0;3820;2440;2935
P200064203;P200064203_4;D;1910;0;0;3820;1200;2935
P200064203;P200064203_5;E;3820;0;0;5730;1200;2935
P200064203;P200064203_6;F;3820;1240;0;5730;2440;2935
P200064203;P200064203_7;G;5730;1240;0;7640;2440;2935
P200064203;P200064203_8;H;5730;0;0;7640;1200;2935
P200064203;P200064203_9;I;7640;0;0;9550;1200;2935
P200064203;P200064203_10;J;7640;1240;0;9550;2440;2935
P200064203;P200064203_11;K;9550;1240;0;11460;2440;2935
P200064203;P200064203_12;L;9550;0;0;11460;1200;2935
P200064203;P200064203_13;M;11460;0;0;13370;1200;2935
P200064203;P200064203_14;N;11460;1240;0;13370;2440;2935
P199064203;P199064203_1;A;0;0;0;1910;1200;2935
P199064203;P199064203_2;B;0;1240;0;1910;2440;2935
P199064203;P199064203_3;C;1910;1240;0;3820;2440;2935
P199064203;P199064203_4;D;1910;0;0;3820;1200;2935
P199064203;P199064203_5;E;3820;0;0;5730;1200;2935
P199064203;P199064203_6;F;3820;1240;0;5730;2440;2935
P199064203;P199064203_7;G;5730;1240;0;7640;2440;2935
P199064203;P199064203_8;H;5730;0;0;7640;1200;2935
P199064203;P199064203_9;I;7640;0;0;9550;1200;2935
P199064203;P199064203_10;J;7640;1240;0;9550;2440;2935
P199064203;P199064203_11;K;9550;1240;0;11460;2440;2935
P199064203;P199064203_12;L;9550;0;0;11460;1200;2935
P199064203;P199064203_13;M;11460;0;0;13370;1200;2935
P199064203;P199064203_14;N;11460;1240;0;13370;2440;2935
P199064405;P199064405_1;A;0;0;0;1910;1200;2935
P199064405;P199064405_2;B;0;1240;0;1910;2440;2935
P199064405;P199064405_3;C;1910;1240;0;3820;2440;2935
P199064405;P199064405_4;D;1910;0;0;3820;1200;2935
P199064405;P199064405_5;E;3820;0;0;5730;1200;2935
P199064405;P199064405_6;F;3820;1240;0;5730;2440;2935
P199064405;P199064405_7;G;5730;1240;0;7640;2440;2935
P199064405;P199064405_8;H;5730;0;0;7640;1200;2935
P199064405;P199064405_9;I;7640;0;0;9550;1200;2935
P199064405;P199064405_10;J;7640;1240;0;9550;2440;2935
P199064405;P199064405_11;K;9550;1240;0;11460;2440;2935
P199064405;P199064405_12;L;9550;0;0;11460;1200;2935
P199064405;P199064405_13;M;11460;0;0;13370;1200;2935
P199064405;P199064405_14;N;11460;1240;0;13370;2440;2935
P198064203;P198064203_1;A;0;0;0;1910;1200;2935
P198064203;P198064203_2;B;0;1240;0;1910;2440;2935
P198064203;P198064203_3;C;1910;1240;0;3820;2440;2935
P198064203;P198064203_4;D;1910;0;0;3820;1200;2935
P198064203;P198064203_5;E;3820;0;0;5730;1200;2935
P198064203;P198064203_6;F;3820;1240;0;5730;2440;2935
P198064203;P198064203_7;G;5730;1240;0;7640;2440;2935
P198064203;P198064203_8;H;5730;0;0;7640;1200;2935
P198064203;P198064203_9;I;7640;0;0;9550;1200;2935
P198064203;P198064203_10;J;7640;1240;0;9550;2440;2935
P198064203;P198064203_11;K;9550;1240;0;11460;2440;2935
P240067401;P240067401_1;A;0;0;0;1000;1200;2855
P240067401;P240067401_2;B;0;1240;0;1000;2440;2855
P240067401;P240067401_3;C;1000;1240;0;2000;2440;2855
P240067401;P240067401_4;D;1000;0;0;2000;1200;2855
P240067401;P240067401_5;E;2000;0;0;3000;1200;2855
P240067401;P240067401_6;F;2000;1240;0;3000;2440;2855
P240067401;P240067401_7;G;3000;1240;0;4000;2440;2855
P240067401;P240067401_8;H;3000;0;0;4000;1200;2855
P240067401;P240067401_9;I;4000;0;0;5000;1200;2855
P240067401;P240067401_10;J;4000;1240;0;5000;2440;2855
P240067401;P240067401_11;K;5000;1240;0;6000;2440;2855
P240067401;P240067401_12;L;5000;0;0;6000;1200;2855
P240067401;P240067401_13;M;6000;0;0;7000;1200;2855
P240067401;P240067401_14;N;6000;1240;0;7000;2440;2855
P240067401;P240067401_15;O;7000;1240;0;8000;2440;2855
P240067401;P240067401_16;P;7000;0;0;8000;1200;2855
P240067401;P240067401_17;Q;8000;0;0;9000;1200;2855
P240067401;P240067401_18;R;8000;1240;0;9000;2440;2855
P240067401;P240067401_19;S;9000;1240;0;10000;2440;2855
P240067401;P240067401_20;T;9000;0;0;10000;1200;2855
P240067401;P240067401_21;U;10000;0;0;11000;1200;2855
P240067401;P240067401_22;V;10000;1240;0;11000;2440;2855
P240067401;P240067401_23;W;11000;1240;0;12000;2440;2855
P240067401;P240067401_24;X;11000;0;0;12000;1200;2855
P240067401;P240067401_25;Y;12000;0;0;13200;1000;2855
P240067401;P240067401_26;Z;12000;1240;0;13000;2440;2855
P209067401;P209067401_1;A;0;0;0;1000;1200;2855
P209067401;P209067401_2;B;0;1240;0;1000;2440;2855
P209067401;P209067401_3;C;1000;1240;0;2000;2440;2855
P209067401;P209067401_4;D;1000;0;0;2000;1200;2855
P209067401;P209067401_5;E;2000;0;0;3000;1200;2855
P209067401;P209067401_6;F;2000;1240;0;3000;2440;2855
P209067401;P209067401_7;G;3000;1240;0;4000;2440;2855
P209067401;P209067401_8;H;3000;0;0;4000;1200;2855
P209067401;P209067401_9;I;4000;0;0;5000;1200;2855
P209067401;P209067401_10;J;4000;1240;0;5000;2440;2855
P209067401;P209067401_11;K;5000;1240;0;6000;2440;2855
P209067401;P209067401_12;L;5000;0;0;6000;1200;2855
P209067401;P209067401_13;M;6000;0;0;7000;1200;2855
P209067401;P209067401_14;N;6000;1240;0;7000;2440;2855
P209067401;P209067401_15;O;7000;1240;0;8000;2440;2855
P209067401;P209067401_16;P;7000;0;0;8000;1200;2855
P209067401;P209067401_17;Q;8000;0;0;9000;1200;2855
P209067401;P209067401_18;R;8000;1240;0;9000;2440;2855
P209067401;P209067401_19;S;9000;1240;0;10000;2440;2855
P209067401;P209067401_20;T;9000;0;0;10000;1200;2855
P209067401;P209067401_21;U;10000;0;0;11000;1200;2855
P209067401;P209067401_22;V;10000;1240;0;11000;2440;2855
P209067401;P209067401_23;W;11000;1240;0;12000;2440;2855
P209067401;P209067401_24;X;11000;0;0;12000;1200;2855
P209067401;P209067401_25;Y;12000;0;0;13200;1000;2855
P209067401;P209067401_26;Z;12000;1240;0;13000;2440;2855
P207067401;P207067401_1;A;0;0;0;1000;1200;2855
P207067401;P207067401_2;B;0;1200;0;1000;2400;2855
P207067401;P207067401_3;C;1000;1240;0;2000;2440;2855
P207067401;P207067401_4;D;1000;0;0;2000;1200;2855
P207067401;P207067401_5;E;2000;0;0;3000;1200;2855
P207067401;P207067401_6;F;2000;1240;0;3000;2440;2855
P207067401;P207067401_7;G;3000;1240;0;4000;2440;2855
P207067401;P207067401_8;H;3000;0;0;4000;1200;2855
P207067401;P207067401_9;I;4000;0;0;5000;1200;2855
P207067401;P207067401_10;J;4000;1240;0;5000;2440;2855
P207067401;P207067401_11;K;5000;1240;0;6000;2440;2855
P207067401;P207067401_12;L;5000;0;0;6000;1200;2855
P207067401;P207067401_13;M;6000;0;0;7000;1200;2855
P207067401;P207067401_14;N;6000;1240;0;7000;2440;2855
P207067401;P207067401_15;O;7000;1240;0;8000;2440;2855
P207067401;P207067401_16;P;7000;0;0;8000;1200;2855
P207067401;P207067401_17;Q;8000;0;0;9000;1200;2855
P207067401;P207067401_18;R;8000;1240;0;9000;2440;2855
P207067401;P207067401_19;S;9000;1240;0;10000;2440;2855
P207067401;P207067401_20;T;9000;0;0;10000;1200;2855
P207067401;P207067401_21;U;10000;0;0;11000;1200;2855
P207067401;P207067401_22;V;10000;1240;0;11000;2440;2855
P207067401;P207067401_23;W;11000;1240;0;12000;2440;2855
P207067401;P207067401_24;X;11000;0;0;12000;1200;2855
P207067401;P207067401_25;Y;12000;0;0;13200;1000;2855
P207067401;P207067401_26;Z;12000;1240;0;13000;2440;2855
P205067401;P205067401_1;A;0;0;0;1000;1200;2855
P205067401;P205067401_2;B;0;1240;0;1000;2440;2855
P205067401;P205067401_3;C;1000;1240;0;2000;2440;2855
P205067401;P205067401_4;D;1000;0;0;2000;1200;2855
P205067401;P205067401_5;E;2000;0;0;3000;1200;2855
P205067401;P205067401_6;F;2000;1240;0;3000;2440;2855
P205067401;P205067401_7;G;3000;1240;0;4000;2440;2855
P205067401;P205067401_8;H;3000;0;0;4000;1200;2855
P205067401;P205067401_9;I;4000;0;0;5000;1200;2855
P205067401;P205067401_10;J;4000;1240;0;5000;2440;2855
P205067401;P205067401_11;K;5000;1240;0;6000;2440;2855
P205067401;P205067401_12;L;5000;0;0;6000;1200;2855
P205067401;P205067401_13;M;6000;0;0;7000;1200;2855
P205067401;P205067401_14;N;6000;1240;0;7000;2440;2855
P205067401;P205067401_15;O;7000;1240;0;8000;2440;2855
P205067401;P205067401_16;P;7000;0;0;8000;1200;2855
P205067401;P205067401_17;Q;8000;0;0;9000;1200;2855
P205067401;P205067401_18;R;8000;1240;0;9000;2440;2855
P205067401;P205067401_19;S;9000;1240;0;10000;2440;2855
P205067401;P205067401_20;T;9000;0;0;10000;1200;2855
P205067401;P205067401_21;U;10000;0;0;11000;1200;2855
P205067401;P205067401_22;V;10000;1240;0;11000;2440;2855
P205067401;P205067401_23;W;11000;1240;0;12000;2440;2855
P205067401;P205067401_24;X;11000;0;0;12000;1200;2855
P205067401;P205067401_25;Y;12000;0;0;13200;1000;2855
P205067401;P205067401_26;Z;12000;1240;0;13000;2440;2855
Q205067401_1;Q205067401_1_1;A;0;0;0;1000;1200;2855
Q205067401_1;Q205067401_1_2;B;0;1200;0;1000;2400;2855
Q205067401_1;Q205067401_1_3;C;1000;1240;0;2000;2440;2855
Q205067401_1;Q205067401_1_4;D;1000;0;0;2000;1200;2855
Q205067401_1;Q205067401_1_5;E;2000;0;0;3000;1200;2855
Q205067401_1;Q205067401_1_6;F;2000;1200;0;3000;2400;2855
Q205067401_1;Q205067401_1_7;G;3000;1240;0;4000;2440;2855
Q205067401_1;Q205067401_1_8;H;3000;0;0;4000;1200;2855
Q205067401_1;Q205067401_1_9;I;4000;0;0;5000;1200;2855
Q205067401_1;Q205067401_1_10;J;4000;1240;0;5000;2440;2855
Q205067401_1;Q205067401_1_11;K;5000;1240;0;6000;2440;2855
Q205067401_1;Q205067401_1_12;L;5000;0;0;6000;1200;2855
Q205067401_1;Q205067401_1_13;M;6000;0;0;7000;1200;2855
Q205067401_1;Q205067401_1_14;N;6000;1240;0;7000;2440;2855
Q205067401_1;Q205067401_1_15;O;7000;1240;0;8000;2440;2855
Q205067401_1;Q205067401_1_16;P;7000;0;0;8000;1200;2855
Q205067401_1;Q205067401_1_17;Q;8000;0;0;9000;1200;2855
Q205067401_1;Q205067401_1_18;R;8000;1240;0;9000;2440;2855
Q205067401_1;Q205067401_1_19;S;9000;1240;0;10000;2440;2855
Q205067401_1;Q205067401_1_20;T;9000;0;0;10000;1200;2855
Q205067401_1;Q205067401_1_21;U;10000;0;0;11000;1200;2855
Q205067401_1;Q205067401_1_22;V;10000;1240;0;11000;2440;2855
Q205067401_1;Q205067401_1_23;W;11000;1240;0;12000;2440;2855
Q205067401_1;Q205067401_1_24;X;11000;0;0;12000;1200;2855
Q205067401_1;Q205067401_1_25;Y;12000;0;0;13200;1000;2855
Q205067401_1;Q205067401_1_26;Z;12000;1240;0;13000;2440;2855
P202067401;P202067401_1;A;0;0;0;1000;1200;2855
P202067401;P202067401_2;B;0;1240;0;1000;2440;2855
P202067401;P202067401_3;C;1000;1240;0;2000;2440;2855
P202067401;P202067401_4;D;1000;0;0;2000;1200;2855
P202067401;P202067401_5;E;2000;0;0;3000;1200;2855
P202067401;P202067401_6;F;2000;1240;0;3000;2440;2855
P202067401;P202067401_7;G;3000;1240;0;4000;2440;2855
P202067401;P202067401_8;H;3000;0;0;4000;1200;2855
P202067401;P202067401_9;I;4000;0;0;5000;1200;2855
P202067401;P202067401_10;J;4000;1240;0;5000;2440;2855
P202067401;P202067401_11;K;5000;1240;0;6000;2440;2855
P202067401;P202067401_12;L;5000;0;0;6000;1200;2855
P202067401;P202067401_13;M;6000;0;0;7000;1200;2855
P202067401;P202067401_14;N;6000;1240;0;7000;2440;2855
P202067401;P202067401_15;O;7000;1240;0;8000;2440;2855
P202067401;P202067401_16;P;7000;0;0;8000;1200;2855
P202067401;P202067401_17;Q;8000;0;0;9000;1200;2855
P202067401;P202067401_18;R;8000;1240;0;9000;2440;2855
P202067401;P202067401_19;S;9000;1240;0;10000;2440;2855
P202067401;P202067401_20;T;9000;0;0;10000;1200;2855
P202067401;P202067401_21;U;10000;0;0;11000;1200;2855
P202067401;P202067401_22;V;10000;1240;0;11000;2440;2855
P202067401;P202067401_23;W;11000;1240;0;12000;2440;2855
P202067401;P202067401_24;X;11000;0;0;12000;1200;2855
P202067401;P202067401_25;Y;12000;0;0;13200;1000;2855
P200067401;P200067401_1;A;0;0;0;1000;1200;2855
P200067401;P200067401_2;B;0;1240;0;1000;2440;2855
P200067401;P200067401_3;C;1000;1240;0;2000;2440;2855
P200067401;P200067401_4;D;1000;0;0;2000;1200;2855
P200067401;P200067401_5;E;2000;0;0;3000;1200;2855
P200067401;P200067401_6;F;2000;1240;0;3000;2440;2855
P200067401;P200067401_7;G;3000;1240;0;4000;2440;2855
P200067401;P200067401_8;H;3000;0;0;4000;1200;2855
P200067401;P200067401_9;I;4000;0;0;5000;1200;2855
P200067401;P200067401_10;J;4000;1240;0;5000;2440;2855
P200067401;P200067401_11;K;5000;1240;0;6000;2440;2855
P200067401;P200067401_12;L;5000;0;0;6000;1200;2855
P200067401;P200067401_13;M;6000;0;0;7000;1200;2855
P200067401;P200067401_14;N;6000;1240;0;7000;2440;2855
P200067401;P200067401_15;O;7000;1240;0;8000;2440;2855
P200067401;P200067401_16;P;7000;0;0;8000;1200;2855
P200067401;P200067401_17;Q;8000;0;0;9000;1200;2855
P200067401;P200067401_18;R;8000;1240;0;9000;2440;2855
P200067401;P200067401_19;S;9000;1240;0;10000;2440;2855
P200067401;P200067401_20;T;9000;0;0;10000;1200;2855
P200067401;P200067401_21;U;10000;0;0;11000;1200;2855
P200067401;P200067401_22;V;10000;1240;0;11000;2440;2855
P200067401;P200067401_23;W;11000;1240;0;12000;2440;2855
P200067401;P200067401_24;X;11000;0;0;12000;1200;2855
P200067401;P200067401_25;Y;12000;0;0;13200;1000;2855
P200067401;P200067401_26;Z;12000;1240;0;13000;2440;2855
P198067401;P198067401_1;A;0;0;0;1000;1200;2855
P198067401;P198067401_2;B;0;1240;0;1000;2440;2855
P198067401;P198067401_3;C;1000;1240;0;2000;2440;2855
P198067401;P198067401_4;D;1000;0;0;2000;1200;2855
P198067401;P198067401_5;E;2000;0;0;3000;1200;2855
P198067401;P198067401_6;F;2000;1240;0;3000;2440;2855
P198067401;P198067401_7;G;3000;1240;0;4000;2440;2855
P198067401;P198067401_8;H;3000;0;0;4000;1200;2855
P198067401;P198067401_9;I;4000;0;0;5000;1200;2855
P198067401;P198067401_10;J;4000;1240;0;5000;2440;2855
P198067401;P198067401_11;K;5000;1240;0;6000;2440;2855
P198067401;P198067401_12;L;5000;0;0;6000;1200;2855
P198067401;P198067401_13;M;6000;0;0;7000;1200;2855
P198067401;P198067401_14;N;6000;1240;0;7000;2440;2855
P198067401;P198067401_15;O;7000;1240;0;8000;2440;2855
P198067401;P198067401_16;P;7000;0;0;8000;1200;2855
P198067401;P198067401_17;Q;8000;0;0;9000;1200;2855
P198067401;P198067401_18;R;8000;1240;0;9000;2440;2855
P198067401;P198067401_19;S;9000;1240;0;10000;2440;2855
P198067401;P198067401_20;T;9000;0;0;10000;1200;2855
P198067401;P198067401_21;U;10000;0;0;11000;1200;2855
P198067401;P198067401_22;V;10000;1240;0;11000;2440;2855
P198067401;P198067401_23;W;11000;1240;0;12000;2440;2855
P198067401;P198067401_24;X;11000;0;0;12000;1200;2855
P198067401;P198067401_25;Y;12000;0;0;13200;1000;2855
P198067401;P198067401_26;Z;12000;1240;0;13000;2440;2855
P194067401;P194067401_1;A;0;0;0;1000;1200;2855
P194067401;P194067401_2;B;0;1240;0;1000;2440;2855
P194067401;P194067401_3;C;1000;1240;0;2000;2440;2855
P194067401;P194067401_4;D;1000;0;0;2000;1200;2855
P194067401;P194067401_5;E;2000;0;0;3000;1200;2855
P194067401;P194067401_6;F;2000;1240;0;3000;2440;2855
P194067401;P194067401_7;G;3000;1240;0;4000;2440;2855
P194067401;P194067401_8;H;3000;0;0;4000;1200;2855
P194067401;P194067401_9;I;4000;0;0;5000;1200;2855
P194067401;P194067401_10;J;4000;1240;0;5000;2440;2855
P194067401;P194067401_11;K;5000;1240;0;6000;2440;2855
P194067401;P194067401_12;L;5000;0;0;6000;1200;2855
P194067401;P194067401_13;M;6000;0;0;7000;1200;2855
P194067401;P194067401_14;N;6000;1240;0;7000;2440;2855
P194067401;P194067401_15;O;7000;1240;0;8000;2440;2855
P194067401;P194067401_16;P;7000;0;0;8000;1200;2855
P194067401;P194067401_17;Q;8000;0;0;9000;1200;2855
P194067401;P194067401_18;R;8000;1240;0;9000;2440;2855
P194067401;P194067401_19;S;9000;1240;0;10000;2440;2855
P194067401;P194067401_20;T;9000;0;0;10000;1200;2855
P194067401;P194067401_21;U;10000;0;0;11000;1200;2855
P194067401;P194067401_22;V;10000;1240;0;11000;2440;2855
P194067401;P194067401_23;W;11000;1240;0;12000;2440;2855
P194067401;P194067401_24;X;11000;0;0;12000;1200;2855
P194067401;P194067401_25;Y;12000;0;0;13200;1000;2855
P194067401;P194067401_26;Z;12000;1240;0;13000;2440;2855
P193067401;P193067401_1;A;0;0;0;1000;1200;2855
P193067401;P193067401_2;B;0;1240;0;1000;2440;2855
P193067401;P193067401_3;C;1000;1240;0;2000;2440;2855
P193067401;P193067401_4;D;1000;0;0;2000;1200;2855
P193067401;P193067401_5;E;2000;0;0;3000;1200;2855
P193067401;P193067401_6;F;2000;1240;0;3000;2440;2855
P193067401;P193067401_7;G;3000;1240;0;4000;2440;2855
P193067401;P193067401_8;H;3000;0;0;4000;1200;2855
P193067401;P193067401_9;I;4000;0;0;5000;1200;2855
P193067401;P193067401_10;J;4000;1240;0;5000;2440;2855
P193067401;P193067401_11;K;5000;1240;0;6000;2440;2855
P193067401;P193067401_12;L;5000;0;0;6000;1200;2855
P193067401;P193067401_13;M;6000;0;0;7000;1200;2855
P193067401;P193067401_14;N;6000;1240;0;7000;2440;2855
P193067401;P193067401_15;O;7000;1240;0;8000;2440;2855
P193067401;P193067401_16;P;7000;0;0;8000;1200;2855
P193067401;P193067401_17;Q;8000;0;0;9000;1200;2855
P193067401;P193067401_18;R;8000;1240;0;9000;2440;2855
P193067401;P193067401_19;S;9000;1240;0;10000;2440;2855
P193067401;P193067401_20;T;9000;0;0;10000;1200;2855
P193067401;P193067401_21;U;10000;0;0;11000;1200;2855
P193067401;P193067401_22;V;10000;1240;0;11000;2440;2855
P193067401;P193067401_23;W;11000;1240;0;12000;2440;2855
P193067401;P193067401_24;X;11000;0;0;12000;1200;2855
P193067401;P193067401_25;Y;12000;0;0;13200;1000;2855
P193067401;P193067401_26;Z;12000;1240;0;13000;2440;2855
P191067401;P191067401_1;A;0;0;0;1000;1200;2855
P191067401;P191067401_2;B;0;1240;0;1000;2440;2855
P191067401;P191067401_3;C;1000;1240;0;2000;2440;2855
P191067401;P191067401_4;D;1000;0;0;2000;1200;2855
P191067401;P191067401_5;E;2000;0;0;3000;1200;2855
P191067401;P191067401_6;F;2000;1240;0;3000;2440;2855
P191067401;P191067401_7;G;3000;1240;0;4000;2440;2855
P191067401;P191067401_8;H;3000;0;0;4000;1200;2855
P191067401;P191067401_9;I;4000;0;0;5000;1200;2855
P191067401;P191067401_10;J;4000;1240;0;5000;2440;2855
P191067401;P191067401_11;K;5000;1240;0;6000;2440;2855
P191067401;P191067401_12;L;5000;0;0;6000;1200;2855
P191067401;P191067401_13;M;6000;0;0;7000;1200;2855
P191067401;P191067401_14;N;6000;1240;0;7000;2440;2855
P191067401;P191067401_15;O;7000;1240;0;8000;2440;2855
P191067401;P191067401_16;P;7000;0;0;8000;1200;2855
P191067401;P191067401_17;Q;8000;0;0;9000;1200;2855
P191067401;P191067401_18;R;8000;1240;0;9000;2440;2855
P191067401;P191067401_19;S;9000;1240;0;10000;2440;2855
P191067401;P191067401_20;T;9000;0;0;10000;1200;2855
P191067401;P191067401_21;U;10000;0;0;11000;1200;2855
P191067401;P191067401_22;V;10000;1240;0;11000;2440;2855
P191067401;P191067401_23;W;11000;1240;0;12000;2440;2855
P191067401;P191067401_24;X;11000;0;0;12000;1200;2855
P191067401;P191067401_25;Y;12000;0;0;13200;1000;2855
P191067401;P191067401_26;Z;12000;1240;0;13000;2440;2855
Q191067401_1;Q191067401_1_1;A;0;0;0;1000;1200;2855
Q191067401_1;Q191067401_1_2;B;0;1200;0;1000;2400;2855
Q191067401_1;Q191067401_1_3;C;1000;1240;0;2000;2440;2855
Q191067401_1;Q191067401_1_4;D;1000;0;0;2000;1200;2855
Q191067401_1;Q191067401_1_5;E;2000;0;0;3000;1200;2855
Q191067401_1;Q191067401_1_6;F;2000;1200;0;3000;2400;2855
Q191067401_1;Q191067401_1_7;G;3000;1240;0;4000;2440;2855
Q191067401_1;Q191067401_1_8;H;3000;0;0;4000;1200;2855
Q191067401_1;Q191067401_1_9;I;4000;0;0;5000;1200;2855
Q191067401_1;Q191067401_1_10;J;4000;1200;0;5000;2400;2855
Q191067401_1;Q191067401_1_11;K;5000;1240;0;6000;2440;2855
Q191067401_1;Q191067401_1_12;L;5000;0;0;6000;1200;2855
Q191067401_1;Q191067401_1_13;M;6000;0;0;7000;1200;2855
Q191067401_1;Q191067401_1_14;N;6000;1200;0;7000;2400;2855
Q191067401_1;Q191067401_1_15;O;7000;1240;0;8000;2440;2855
Q191067401_1;Q191067401_1_16;P;7000;0;0;8000;1200;2855
Q191067401_1;Q191067401_1_17;Q;8000;0;0;9000;1200;2855
Q191067401_1;Q191067401_1_18;R;8000;1240;0;9000;2440;2855
Q191067401_1;Q191067401_1_19;S;9000;1240;0;10000;2440;2855
Q191067401_1;Q191067401_1_20;T;9000;0;0;10000;1200;2855
Q191067401_1;Q191067401_1_21;U;10000;0;0;11000;1200;2855
Q191067401_1;Q191067401_1_22;V;10000;1240;0;11000;2440;2855
Q191067401_1;Q191067401_1_23;W;11000;1240;0;12000;2440;2855
Q191067401_1;Q191067401_1_24;X;11000;0;0;12000;1200;2855
Q191067401_1;Q191067401_1_25;Y;12000;0;0;13200;1000;2855
Q191067401_1;Q191067401_1_26;Z;12000;1240;0;13000;2440;2855
P188067401;P188067401_1;A;0;0;0;1000;1200;2855
P188067401;P188067401_2;B;0;1200;0;1000;2400;2855
P188067401;P188067401_3;C;1000;1240;0;2000;2440;2855
P188067401;P188067401_4;D;1000;0;0;2000;1200;2855
P188067401;P188067401_5;E;2000;0;0;3000;1200;2855
P188067401;P188067401_6;F;2000;1240;0;3000;2440;2855
P188067401;P188067401_7;G;3000;1240;0;4000;2440;2855
P188067401;P188067401_8;H;3000;0;0;4000;1200;2855
P188067401;P188067401_9;I;4000;0;0;5000;1200;2855
P188067401;P188067401_10;J;4000;1240;0;5000;2440;2855
P188067401;P188067401_11;K;5000;1240;0;6000;2440;2855
P188067401;P188067401_12;L;5000;0;0;6000;1200;2855
P188067401;P188067401_13;M;6000;0;0;7000;1200;2855
P188067401;P188067401_14;N;6000;1240;0;7000;2440;2855
P188067401;P188067401_15;O;7000;1240;0;8000;2440;2855
P188067401;P188067401_16;P;7000;0;0;8000;1200;2855
P188067401;P188067401_17;Q;8000;0;0;9000;1200;2855
P188067401;P188067401_18;R;8000;1240;0;9000;2440;2855
P188067401;P188067401_19;S;9000;1240;0;10000;2440;2855
P188067401;P188067401_20;T;9000;0;0;10000;1200;2855
P188067401;P188067401_21;U;10000;0;0;11000;1200;2855
P188067401;P188067401_22;V;10000;1240;0;11000;2440;2855
P188067401;P188067401_23;W;11000;1240;0;12000;2440;2855
P188067401;P188067401_24;X;11000;0;0;12000;1200;2855
P188067401;P188067401_25;Y;12000;0;0;13200;1000;2855
P188067401;P188067401_26;Z;12000;1240;0;13000;2440;2855
P187067401;P187067401_1;A;0;0;0;1000;1200;2855
P187067401;P187067401_2;B;0;1240;0;1000;2440;2855
P187067401;P187067401_3;C;1000;1240;0;2000;2440;2855
P187067401;P187067401_4;D;1000;0;0;2000;1200;2855
P187067401;P187067401_5;E;2000;0;0;3000;1200;2855
P187067401;P187067401_6;F;2000;1240;0;3000;2440;2855
P187067401;P187067401_7;G;3000;1240;0;4000;2440;2855
P187067401;P187067401_8;H;3000;0;0;4000;1200;2855
P187067401;P187067401_9;I;4000;0;0;5000;1200;2855
P187067401;P187067401_10;J;4000;1240;0;5000;2440;2855
P187067401;P187067401_11;K;5000;1240;0;6000;2440;2855
P187067401;P187067401_12;L;5000;0;0;6000;1200;2855
P187067401;P187067401_13;M;6000;0;0;7000;1200;2855
P187067401;P187067401_14;N;6000;1240;0;7000;2440;2855
P187067401;P187067401_15;O;7000;1240;0;8000;2440;2855
P187067401;P187067401_16;P;7000;0;0;8000;1200;2855
P187067401;P187067401_17;Q;8000;0;0;9000;1200;2855
P187067401;P187067401_18;R;8000;1240;0;9000;2440;2855
P187067401;P187067401_19;S;9000;1240;0;10000;2440;2855
P187067401;P187067401_20;T;9000;0;0;10000;1200;2855
P187067401;P187067401_21;U;10000;0;0;11000;1200;2855
P187067401;P187067401_22;V;10000;1240;0;11000;2440;2855
P187067401;P187067401_23;W;11000;1240;0;12000;2440;2855
P187067401;P187067401_24;X;11000;0;0;12000;1200;2855
P187067401;P187067401_25;Y;12000;0;0;13200;1000;2855
P187067401;P187067401_26;Z;12000;1240;0;13000;2440;1450
P186067401;P186067401_1;A;0;0;0;1000;1200;2855
P186067401;P186067401_2;B;0;1240;0;1000;2440;2855
P186067401;P186067401_3;C;1000;1240;0;2000;2440;2855
P186067401;P186067401_4;D;1000;0;0;2000;1200;2855
P186067401;P186067401_5;E;2000;0;0;3000;1200;2855
P186067401;P186067401_6;F;2000;1240;0;3000;2440;2855
P186067401;P186067401_7;G;3000;1240;0;4000;2440;2855
P186067401;P186067401_8;H;3000;0;0;4000;1200;2855
P186067401;P186067401_9;I;4000;0;0;5000;1200;2855
P186067401;P186067401_10;J;4000;1240;0;5000;2440;2855
P186067401;P186067401_11;K;5000;1240;0;6000;2440;2855
P186067401;P186067401_12;L;5000;0;0;6000;1200;2855
P186067401;P186067401_13;M;6000;0;0;7000;1200;2855
P186067401;P186067401_14;N;6000;1240;0;7000;2440;2855
P186067401;P186067401_15;O;7000;1240;0;8000;2440;2855
P186067401;P186067401_16;P;7000;0;0;8000;1200;2855
P186067401;P186067401_17;Q;8000;0;0;9000;1200;2855
P186067401;P186067401_18;R;8000;1240;0;9000;2440;2855
P186067401;P186067401_19;S;9000;1240;0;10000;2440;2855
P186067401;P186067401_20;T;9000;0;0;10000;1200;2855
P180062001;P180062001_1;A;0;0;0;1600;1200;2865
P180062001;P180062001_2;B;0;1240;0;1600;2440;2865
P180062001;P180062001_3;C;1600;1240;0;3200;2440;2865
P180062001;P180062001_4;D;1600;0;0;3200;1200;2865
P180062001;P180062001_5;E;3200;0;0;4800;1200;2865
P180062001;P180062001_6;F;3200;1240;0;4800;2440;2865
P180062001;P180062001_7;G;4800;1240;0;6400;2440;2865
P180062001;P180062001_8;H;4800;0;0;6400;1200;2865
P180062001;P180062001_9;I;6400;0;0;8000;1200;2865
P180062001;P180062001_10;J;6400;1240;0;8000;2440;2865
P180062001;P180062001_11;K;8000;1240;0;9600;2440;2865
P180062001;P180062001_12;L;8000;0;0;9600;1200;2865
P180062001;P180062001_13;M;9600;0;0;11200;1200;2865
P180062001;P180062001_14;N;9600;1240;0;11200;2440;2865
P180062001;P180062001_15;O;11200;1240;0;12800;2440;2865
P180062001;P180062001_16;P;11200;0;0;12800;1200;2865
P179062001;P179062001_1;A;0;0;0;1600;1200;2865
P179062001;P179062001_2;B;0;1240;0;1600;2440;2865
P179062001;P179062001_3;C;1600;1240;0;3200;2440;2865
P179062001;P179062001_4;D;1600;0;0;3200;1200;2865
P179062001;P179062001_5;E;3200;0;0;4800;1200;2865
P179062001;P179062001_6;F;3200;1240;0;4800;2440;2865
P179062001;P179062001_7;G;4800;1240;0;6400;2440;2865
P179062001;P179062001_8;H;4800;0;0;6400;1200;2865
P179062001;P179062001_9;I;6400;0;0;8000;1200;2865
P179062001;P179062001_10;J;6400;1240;0;8000;2440;2865
P179062001;P179062001_11;K;8000;1240;0;9600;2440;2865
P179062001;P179062001_12;L;8000;0;0;9600;1200;2865
P179062001;P179062001_13;M;9600;0;0;11200;1200;2865
P179062001;P179062001_14;N;9600;1240;0;11200;2440;2865
P179062001;P179062001_15;O;11200;1240;0;12800;2440;2865
P179062001;P179062001_16;P;11200;0;0;12800;1200;2865
P178062003;P178062003_1;A;0;0;0;1600;1200;2865
P178062003;P178062003_2;B;0;1240;0;1600;2440;2865
P178062003;P178062003_3;C;1600;1240;0;3200;2440;2865
P178062003;P178062003_4;D;1600;0;0;3200;1200;2865
P178062003;P178062003_5;E;3200;0;0;4800;1200;2865
P178062003;P178062003_6;F;3200;1240;0;4800;2440;2865
P178062003;P178062003_7;G;4800;1240;0;6400;2440;2865
P178062003;P178062003_8;H;4800;0;0;6400;1200;2865
P178062003;P178062003_9;I;6400;0;0;8000;1200;2865
P178062003;P178062003_10;J;6400;1240;0;8000;2440;2865
P178062003;P178062003_11;K;8000;1240;0;9600;2440;2865
P178062003;P178062003_12;L;8000;0;0;9600;1200;2865
P178062003;P178062003_13;M;9600;0;0;11200;1200;2865
P178062003;P178062003_14;N;9600;1240;0;11200;2440;2865
P178062003;P178062003_15;O;11200;1240;0;12800;2440;2865
P178062003;P178062003_16;P;11200;0;0;12800;1200;2865
P178062001;P178062001_1;A;0;0;0;1600;1200;2865
P178062001;P178062001_2;B;0;1240;0;1600;2440;2865
P178062001;P178062001_3;C;1600;1240;0;3200;2440;2865
P178062001;P178062001_4;D;1600;0;0;3200;1200;2865
P178062001;P178062001_5;E;3200;0;0;4800;1200;2865
P178062001;P178062001_6;F;3200;1240;0;4800;2440;2865
P178062001;P178062001_7;G;4800;1240;0;6400;2440;2865
P178062001;P178062001_8;H;4800;0;0;6400;1200;2865
P178062001;P178062001_9;I;6400;0;0;8000;1200;2865
P178062001;P178062001_10;J;6400;1240;0;8000;2440;2865
P178062001;P178062001_11;K;8000;1240;0;9600;2440;2865
P178062001;P178062001_12;L;8000;0;0;9600;1200;2865
P178062001;P178062001_13;M;9600;0;0;11200;1200;2865
P178062001;P178062001_14;N;9600;1240;0;11200;2440;2865
P178062001;P178062001_15;O;11200;1240;0;12800;2440;2865
P178062001;P178062001_16;P;11200;0;0;12800;1200;2865
P175062001;P175062001_1;A;0;0;0;1600;1200;2865
P175062001;P175062001_2;B;0;1200;0;1600;2400;2865
P175062001;P175062001_3;C;1600;1240;0;3200;2440;2865
P175062001;P175062001_4;D;1600;0;0;3200;1200;2865
P175062001;P175062001_5;E;3200;0;0;4800;1200;2865
P175062001;P175062001_6;F;3200;1240;0;4800;2440;2865
P175062001;P175062001_7;G;4800;1240;0;6400;2440;2865
P175062001;P175062001_8;H;4800;0;0;6400;1200;2865
P175062001;P175062001_9;I;6400;0;0;8000;1200;2865
P175062001;P175062001_10;J;6400;1240;0;8000;2440;2865
P175062001;P175062001_11;K;8000;1240;0;9600;2440;2865
P175062001;P175062001_12;L;8000;0;0;9600;1200;2865
P175062001;P175062001_13;M;9600;0;0;11200;1200;2865
P175062001;P175062001_14;N;9600;1240;0;11200;2440;2865
P175062001;P175062001_15;O;11200;1240;0;12800;2440;2865
P175062001;P175062001_16;P;11200;0;0;12800;1200;2865
P174062003;P174062003_1;A;0;0;0;1600;1200;2865
P174062003;P174062003_2;B;0;1240;0;1600;2440;2865
P174062003;P174062003_3;C;1600;1240;0;3200;2440;2865
P174062003;P174062003_4;D;1600;0;0;3200;1200;2865
P174062003;P174062003_5;E;3200;0;0;4800;1200;2865
P174062003;P174062003_6;F;3200;1240;0;4800;2440;2865
P174062003;P174062003_7;G;4800;1240;0;6400;2440;2865
P174062003;P174062003_8;H;4800;0;0;6400;1200;2865
P174062003;P174062003_9;I;6400;0;0;8000;1200;2865
P174062003;P174062003_10;J;6400;1240;0;8000;2440;2865
P174062003;P174062003_11;K;8000;1240;0;9600;2440;2865
P174062003;P174062003_12;L;8000;0;0;9600;1200;2865
P174062003;P174062003_13;M;9600;0;0;11200;1200;2865
P174062003;P174062003_14;N;9600;1240;0;11200;2440;2865
P174062003;P174062003_15;O;11200;1240;0;12800;2440;2865
P174062003;P174062003_16;P;11200;0;0;12800;1200;2865
P174062001;P174062001_1;A;0;0;0;1600;1200;2865
P174062001;P174062001_2;B;0;1240;0;1600;2440;2865
P174062001;P174062001_3;C;1600;1240;0;3200;2440;2865
P174062001;P174062001_4;D;1600;0;0;3200;1200;2865
P174062001;P174062001_5;E;3200;0;0;4800;1200;2865
P174062001;P174062001_6;F;3200;1240;0;4800;2440;2865
P174062001;P174062001_7;G;4800;1240;0;6400;2440;2865
P174062001;P174062001_8;H;4800;0;0;6400;1200;2865
P174062001;P174062001_9;I;6400;0;0;8000;1200;2865
P174062001;P174062001_10;J;6400;1240;0;8000;2440;2865
P174062001;P174062001_11;K;8000;1240;0;9600;2440;2865
P174062001;P174062001_12;L;8000;0;0;9600;1200;2865
P174062001;P174062001_13;M;9600;0;0;11200;1200;2865
P174062001;P174062001_14;N;9600;1240;0;11200;2440;2865
P174062001;P174062001_15;O;11200;1240;0;12800;2440;2865
P174062001;P174062001_16;P;11200;0;0;12800;1200;2865
P173062003;P173062003_1;A;0;0;0;1600;1200;2865
P173062003;P173062003_2;B;0;1240;0;1600;2440;2865
P173062003;P173062003_3;C;1600;1240;0;3200;2440;2865
P173062003;P173062003_4;D;1600;0;0;3200;1200;2865
P173062003;P173062003_5;E;3200;0;0;4800;1200;2865
P173062003;P173062003_6;F;3200;1240;0;4800;2440;2865
P173062003;P173062003_7;G;4800;1240;0;6400;2440;2865
P173062003;P173062003_8;H;4800;0;0;6400;1200;2865
P173062003;P173062003_9;I;6400;0;0;8000;1200;2865
P173062003;P173062003_10;J;6400;1240;0;8000;2440;2865
P173062003;P173062003_11;K;8000;1240;0;9600;2440;2865
P173062003;P173062003_12;L;8000;0;0;9600;1200;2865
P173062003;P173062003_13;M;9600;0;0;11200;1200;2865
P173062003;P173062003_14;N;9600;1240;0;11200;2440;2865
P173062003;P173062003_15;O;11200;1240;0;12800;2440;2865
P173062003;P173062003_16;P;11200;0;0;12800;1200;2865
P173062001;P173062001_1;A;0;0;0;1600;1200;2865
P173062001;P173062001_2;B;0;1240;0;1600;2440;2865
P173062001;P173062001_3;C;1600;1240;0;3200;2440;2865
P173062001;P173062001_4;D;1600;0;0;3200;1200;2865
P173062001;P173062001_5;E;3200;0;0;4800;1200;2865
P173062001;P173062001_6;F;3200;1240;0;4800;2440;2865
P173062001;P173062001_7;G;4800;1240;0;6400;2440;2865
P173062001;P173062001_8;H;4800;0;0;6400;1200;2865
P173062001;P173062001_9;I;6400;0;0;8000;1200;2865
P173062001;P173062001_10;J;6400;1240;0;8000;2440;2865
P173062001;P173062001_11;K;8000;1240;0;9600;2440;2865
P173062001;P173062001_12;L;8000;0;0;9600;1200;2865
P173062001;P173062001_13;M;9600;0;0;11200;1200;2865
P173062001;P173062001_14;N;9600;1240;0;11200;2440;2865
P173062001;P173062001_15;O;11200;1240;0;12800;2440;2865
P173062001;P173062001_16;P;11200;0;0;12800;1200;2865
P172062001;P172062001_1;A;0;0;0;1600;1200;2865
P172062001;P172062001_2;B;0;1240;0;1600;2440;2865
P172062001;P172062001_3;C;1600;1240;0;3200;2440;2865
P172062001;P172062001_4;D;1600;0;0;3200;1200;2865
P172062001;P172062001_5;E;3200;0;0;4800;1200;2865
P172062001;P172062001_6;F;3200;1240;0;4800;2440;2865
P172062001;P172062001_7;G;4800;1240;0;6400;2440;2865
P172062001;P172062001_8;H;4800;0;0;6400;1200;2865
P172062001;P172062001_9;I;6400;0;0;8000;1200;2865
P172062001;P172062001_10;J;6400;1240;0;8000;2440;2865
P172062001;P172062001_11;K;8000;1240;0;9600;2440;2865
P172062001;P172062001_12;L;8000;0;0;9600;1200;2865
P172062001;P172062001_13;M;9600;0;0;11200;1200;2865
P172062001;P172062001_14;N;9600;1240;0;11200;2440;2865
P172062001;P172062001_15;O;11200;1240;0;12800;2440;2865
P172062001;P172062001_16;P;11200;0;0;12800;1200;2865
P171062003;P171062003_1;A;0;0;0;1600;1200;2865
P171062003;P171062003_2;B;0;1240;0;1600;2440;2865
P171062003;P171062003_3;C;1600;1240;0;3200;2440;2865
P171062003;P171062003_4;D;1600;0;0;3200;1200;2865
P171062003;P171062003_5;E;3200;0;0;4800;1200;2865
P171062003;P171062003_6;F;3200;1240;0;4800;2440;2865
P171062003;P171062003_7;G;4800;1240;0;6400;2440;2865
P171062003;P171062003_8;H;4800;0;0;6400;1200;2865
P171062003;P171062003_9;I;6400;0;0;8000;1200;2865
P171062003;P171062003_10;J;6400;1240;0;8000;2440;2865
P171062003;P171062003_11;K;8000;1240;0;9600;2440;2865
P171062003;P171062003_12;L;8000;0;0;9600;1200;2865
P171062003;P171062003_13;M;9600;0;0;11200;1200;2865
P171062003;P171062003_14;N;9600;1240;0;11200;2440;2865
P171062003;P171062003_15;O;11200;1240;0;12800;2440;2865
P171062003;P171062003_16;P;11200;0;0;12800;1200;2865
P171062001;P171062001_1;A;0;0;0;1600;1200;2865
P171062001;P171062001_2;B;0;1240;0;1600;2440;2865
P171062001;P171062001_3;C;1600;1240;0;3200;2440;2865
P171062001;P171062001_4;D;1600;0;0;3200;1200;2865
P171062001;P171062001_5;E;3200;0;0;4800;1200;2865
P171062001;P171062001_6;F;3200;1240;0;4800;2440;2865
P171062001;P171062001_7;G;4800;1240;0;6400;2440;2865
P171062001;P171062001_8;H;4800;0;0;6400;1200;2865
P171062001;P171062001_9;I;6400;0;0;8000;1200;2865
P171062001;P171062001_10;J;6400;1240;0;8000;2440;2865
P171062001;P171062001_11;K;8000;1240;0;9600;2440;2865
P171062001;P171062001_12;L;8000;0;0;9600;1200;2865
P171062001;P171062001_13;M;9600;0;0;11200;1200;2865
P171062001;P171062001_14;N;9600;1240;0;11200;2440;2865
P171062001;P171062001_15;O;11200;1240;0;12800;2440;2865
P171062001;P171062001_16;P;11200;0;0;12800;1200;2865
P168062001;P168062001_1;A;0;0;0;1600;1200;2865
P168062001;P168062001_2;B;0;1240;0;1600;2440;2865
P168062001;P168062001_3;C;1600;1240;0;3200;2440;2865
P168062001;P168062001_4;D;1600;0;0;3200;1200;2865
P168062001;P168062001_5;E;3200;0;0;4800;1200;2865
P168062001;P168062001_6;F;3200;1240;0;4800;2440;2865
P168062001;P168062001_7;G;4800;1240;0;6400;2440;2865
P168062001;P168062001_8;H;4800;0;0;6400;1200;2865
P168062001;P168062001_9;I;6400;0;0;8000;1200;2865
P168062001;P168062001_10;J;6400;1240;0;8000;2440;2865
P168062001;P168062001_11;K;8000;1240;0;9600;2440;2865
P168062001;P168062001_12;L;8000;0;0;9600;1200;2865
P168062001;P168062001_13;M;9600;0;0;11200;1200;2865
P168062001;P168062001_14;N;9600;1240;0;11200;2440;2865
P168062001;P168062001_15;O;11200;1240;0;12800;2440;2865
P168062001;P168062001_16;P;11200;0;0;12800;1200;2865
Q168062001_1;Q168062001_1_1;A;0;0;0;1600;1200;2865
Q168062001_1;Q168062001_1_2;B;0;1240;0;1600;2440;2865
Q168062001_1;Q168062001_1_3;C;1600;1240;0;3200;2440;2865
Q168062001_1;Q168062001_1_4;D;1600;0;0;3200;1200;2865
Q168062001_1;Q168062001_1_5;E;3200;0;0;4800;1200;2865
Q168062001_1;Q168062001_1_6;F;3200;1240;0;4800;2440;2865
Q168062001_1;Q168062001_1_7;G;4800;1240;0;6400;2440;2865
Q168062001_1;Q168062001_1_8;H;4800;0;0;6400;1200;2865
Q168062001_1;Q168062001_1_9;I;6400;0;0;8000;1200;2865
Q168062001_1;Q168062001_1_10;J;6400;1240;0;8000;2440;2865
Q168062001_1;Q168062001_1_11;K;8000;1240;0;9600;2440;2865
Q168062001_1;Q168062001_1_12;L;8000;0;0;9600;1200;2865
Q168062001_1;Q168062001_1_13;M;9600;0;0;11200;1200;2865
Q168062001_1;Q168062001_1_14;N;9600;1240;0;11200;2440;2865
Q168062001_1;Q168062001_1_15;O;11200;1240;0;12800;2440;750
P167062003;P167062003_1;A;0;0;0;1600;1200;2865
P167062003;P167062003_2;B;0;1240;0;1600;2440;2865
P167062003;P167062003_3;C;1600;1240;0;3200;2440;2865
P167062003;P167062003_4;D;1600;0;0;3200;1200;2865
P167062003;P167062003_5;E;3200;0;0;4800;1200;2865
P167062003;P167062003_6;F;3200;1240;0;4800;2440;2865
P167062003;P167062003_7;G;4800;1240;0;6400;2440;2865
P167062003;P167062003_8;H;4800;0;0;6400;1200;2865
P167062003;P167062003_9;I;6400;0;0;8000;1200;1455
P206243541;P206243541_1;A;0;0;0;1000;1200;1905
P206243541;P206243541_2;B;0;1240;0;1000;2440;2865
P206243541;P206243541_3;C;1000;1240;0;2000;2440;2835
P206243541;P206243541_4;D;1000;0;0;2000;1200;2865
P206243541;P206243541_5;E;2000;0;0;3000;1200;2865
P206243541;P206243541_6;F;2000;1240;0;3000;2440;2385
P206243541;P206243541_7;G;3000;1240;0;4000;2440;2835
P206243541;P206243541_8;H;3000;0;0;4000;1200;2835
P206243541;P206243541_9;I;4000;0;0;5000;1200;2835
P206243541;P206243541_10;J;4000;1240;0;5000;2440;1905
P206243541;P206243541_11;K;5000;1234;0;6010;2440;2655
P206243541;P206243541_12;L;5000;0;0;6010;1206;2910
P206243541;P206243541_13;M;6010;0;0;7020;1206;2847
P206243541;P206243541_14;N;6010;1234;0;7020;2440;2655
P206243541;P206243541_15;O;7020;1234;0;8030;2440;2655
P206243541;P206243541_16;P;7020;0;0;8030;1206;2655
P206243541;P206243541_17;Q;8030;0;0;9040;1206;2847
P206243541;P206243541_18;R;8030;1234;0;9040;2440;2847
P206243541;P206243541_19;S;9040;1234;0;10050;2440;2170
P206243541;P206243541_20;T;9040;0;0;10040;1200;2865
P206243541;P206243541_21;U;10040;0;0;11040;1200;1455
P206243541;P206243541_22;V;10050;1240;0;11050;2440;2835
P206243541;P206243541_23;W;11040;0;0;12040;1200;2835
P206243541;P206243541_24;X;11050;1240;0;12050;2440;975
P206243541;P206243541_25;Y;12040;0;0;13050;1206;1455
P206243541;P206243541_26;Z;12050;1240;0;13050;2440;2700
P202243541;P202243541_1;A;0;1240;0;1000;2440;2835
P202243541;P202243541_2;B;0;0;0;1000;1200;975
P202243541;P202243541_3;C;1000;0;0;2000;1200;2835
P202243541;P202243541_4;D;1000;1240;0;2000;2440;2835
P202243541;P202243541_5;E;2000;1240;0;3000;2440;2865
P202243541;P202243541_6;F;2000;0;0;3000;1200;2865
P202243541;P202243541_7;G;3000;0;0;4000;1200;2835
P202243541;P202243541_8;H;3000;1240;0;4000;2440;2835
P202243541;P202243541_9;I;4000;1240;0;5000;2440;750
P202243541;P202243541_10;J;4000;0;0;5010;1206;2636
P202243541;P202243541_11;K;5000;1234;0;6010;2440;2655
P202243541;P202243541_12;L;5010;0;0;6020;1206;2847
P202243541;P202243541_13;M;6010;1234;0;7020;2440;2055
P202243541;P202243541_14;N;6020;0;0;7020;1200;2835
P202243541;P202243541_15;O;7020;0;0;8020;1200;2700
P202243541;P202243541_16;P;7020;1240;0;8020;2440;2700
P202243541;P202243541_17;Q;8020;1240;0;9020;2440;2700
P202243541;P202243541_18;R;8020;0;0;9020;1200;2700
P202243541;P202243541_19;S;9020;0;0;10020;1200;2700
P202243541;P202243541_20;T;9020;1240;0;10020;2440;2700
P202243541;P202243541_21;U;10020;1240;0;11020;2440;2700
P202243541;P202243541_22;V;10020;0;0;11020;1200;2700
P202243541;P202243541_23;W;11020;0;0;12020;1200;2700
P202243541;P202243541_24;X;11020;1240;0;12020;2440;2700
P202243541;P202243541_25;Y;12020;1440;0;13220;2440;2700
P202243541;P202243541_26;Z;12020;0;0;13020;1200;2700
P199243541;P199243541_1;A;0;1240;0;1000;2440;2835
P199243541;P199243541_2;B;0;0;0;1000;1200;2835
P199243541;P199243541_3;C;1000;0;0;2000;1200;2835
P199243541;P199243541_4;D;1000;1240;0;2000;2440;2835
P199243541;P199243541_5;E;2000;1240;0;3000;2440;2835
P199243541;P199243541_6;F;2000;0;0;3000;1200;2610
P199243541;P199243541_7;G;3000;0;0;4000;1200;2385
P199243541;P199243541_8;H;3000;1240;0;4000;2440;2865
P199243541;P199243541_9;I;4000;1240;0;5000;2440;1455
P199243541;P199243541_10;J;4000;0;0;5010;1206;2847
P199243541;P199243541_11;K;5000;1234;0;6010;2440;2847
P199243541;P199243541_12;L;5010;0;0;6020;1206;2655
P199243541;P199243541_13;M;6010;1234;0;7020;2440;2751
P199243541;P199243541_14;N;6020;0;0;7030;1206;2847
P199243541;P199243541_15;O;7020;1234;0;8030;2440;2655
P199243541;P199243541_16;P;7030;0;0;8040;1206;2655
P199243541;P199243541_17;Q;8030;1240;0;9030;2440;2160
P199243541;P199243541_18;R;8040;0;0;9050;1206;485
P199243541;P199243541_19;S;9030;1240;0;10030;2440;2700
P199243541;P199243541_20;T;9050;0;0;10050;1200;2700
P199243541;P199243541_21;U;10030;1240;0;11030;2440;2700
P199243541;P199243541_22;V;10050;0;0;11050;1200;2700
P199243541;P199243541_23;W;11030;1240;0;12030;2440;2700
P199243541;P199243541_24;X;11050;0;0;12050;1200;2700
P199243541;P199243541_25;Y;12030;1240;0;13030;2440;2700
P199243541;P199243541_26;Z;12050;0;0;13050;1200;2700
P192243541;P192243541_1;A;0;0;0;1000;1200;1905
P192243541;P192243541_2;B;0;1240;0;1000;2440;2835
P192243541;P192243541_3;C;1000;1240;0;2000;2440;2835
P192243541;P192243541_4;D;1000;0;0;2000;1200;2835
P192243541;P192243541_5;E;2000;0;0;3000;1200;2835
P192243541;P192243541_6;F;2000;1240;0;3000;2440;2835
P192243541;P192243541_7;G;3000;1240;0;4000;2440;2835
P192243541;P192243541_8;H;3000;0;0;4010;1206;2955
P192243541;P192243541_9;I;4000;1234;0;5010;2440;2910
P192243541;P192243541_10;J;4010;0;0;5020;1206;2655
P192243541;P192243541_11;K;5010;1234;0;6020;2440;2751
P192243541;P192243541_12;L;5020;0;0;6030;1206;2847
P192243541;P192243541_13;M;6020;1234;0;7030;2440;2055
P192243541;P192243541_14;N;6030;0;0;7040;1206;2362
P192243541;P192243541_15;O;7030;1234;0;8040;2440;2170
P192243541;P192243541_16;P;7040;0;0;8040;1200;2160
P192243541;P192243541_17;Q;8040;0;0;9040;1200;2835
P192243541;P192243541_18;R;8040;1240;0;9040;2440;2835
P192243541;P192243541_19;S;9040;1240;0;10040;2440;2835
P192243541;P192243541_20;T;9040;0;0;10040;1200;2700
P192243541;P192243541_21;U;10040;0;0;11040;1200;2700
P192243541;P192243541_22;V;10040;1240;0;11040;2440;2700
P192243541;P192243541_23;W;11040;1240;0;12040;2440;2700
P192243541;P192243541_24;X;11040;0;0;12040;1200;2700
P192243541;P192243541_25;Y;12040;0;0;13240;1000;2700
P192243541;P192243541_26;Z;12040;1240;0;13040;2440;2700
P188243541;P188243541_1;A;0;0;0;1000;1200;975
P188243541;P188243541_2;B;0;1240;0;1000;2440;2865
P188243541;P188243541_3;C;1000;1240;0;2000;2440;2865
P188243541;P188243541_4;D;1000;0;0;2000;1200;2865
P188243541;P188243541_5;E;2000;0;0;3000;1200;2865
P188243541;P188243541_6;F;2000;1240;0;3000;2440;2385
P188243541;P188243541_7;G;3000;1240;0;4000;2440;2835
P188243541;P188243541_8;H;3000;0;0;4000;1200;1905
P188243541;P188243541_9;I;4000;0;0;5010;1206;2847
P188243541;P188243541_10;J;4000;1234;0;5010;2440;2751
P188243541;P188243541_11;K;5010;1234;0;6020;2440;2655
P188243541;P188243541_12;L;5010;0;0;6020;1206;2540
P188243541;P188243541_13;M;6020;0;0;7030;1206;970
P188243541;P188243541_14;N;6020;1240;0;7020;2440;2160
P188243541;P188243541_15;O;7020;1240;0;8020;2440;1905
P188243541;P188243541_16;P;7030;0;0;8040;1206;970
P188243541;P188243541_17;Q;8020;1240;0;9020;2440;2700
P188243541;P188243541_18;R;8040;0;0;9040;1200;2700
P188243541;P188243541_19;S;9020;1240;0;10020;2440;2700
P188243541;P188243541_20;T;9040;0;0;10040;1200;2700
P188243541;P188243541_21;U;10020;1240;0;11020;2440;2700
P188243541;P188243541_22;V;10040;0;0;11040;1200;2700
P188243541;P188243541_23;W;11020;1240;0;12020;2440;2700
P188243541;P188243541_24;X;11040;0;0;12040;1200;2700
P188243541;P188243541_25;Y;12020;1240;0;13020;2440;2700
P188243541;P188243541_26;Z;12040;0;0;13040;1200;2700
P185243541;P185243541_1;A;0;0;0;1000;1200;975
P185243541;P185243541_2;B;0;1240;0;1000;2440;2835
P185243541;P185243541_3;C;1000;1240;0;2000;2440;2835
P185243541;P185243541_4;D;1000;0;0;2000;1200;2835
P185243541;P185243541_5;E;2000;0;0;3000;1200;2835
P185243541;P185243541_6;F;2000;1240;0;3000;2440;2835
P185243541;P185243541_7;G;3000;1240;0;4000;2440;2865
P185243541;P185243541_8;H;3000;0;0;4000;1200;2865
P185243541;P185243541_9;I;4000;0;0;5000;1200;1455
P185243541;P185243541_10;J;4000;1234;0;5010;2440;2655
P185243541;P185243541_11;K;5000;0;0;6010;1206;2655
P185243541;P185243541_12;L;5010;1234;0;6020;2440;2751
P185243541;P185243541_13;M;6010;0;0;7020;1206;2847
P185243541;P185243541_14;N;6020;1234;0;7030;2440;2751
P185243541;P185243541_15;O;7020;0;0;8030;1206;2540
P185243541;P185243541_16;P;7030;1240;0;8030;2440;2160
P185243541;P185243541_17;Q;8030;1240;0;9030;2440;1905
P185243541;P185243541_18;R;8030;0;0;9040;1206;485
P185243541;P185243541_19;S;9030;1240;0;10030;2440;2700
P185243541;P185243541_20;T;9040;0;0;10040;1200;2700
P185243541;P185243541_21;U;10030;1240;0;11030;2440;2700
P185243541;P185243541_22;V;10040;0;0;11040;1200;2700
P185243541;P185243541_23;W;11030;1240;0;12030;2440;2700
P185243541;P185243541_24;X;11040;0;0;12040;1200;2700
Q185243541_1;Q185243541_1_1;A;0;0;0;1000;1200;2700
Q185243541_1;Q185243541_1_2;B;0;1240;0;1000;2440;2700
Q185243541_1;Q185243541_1_3;C;1000;1240;0;2000;2440;2700
Q185243541_1;Q185243541_1_4;D;1000;0;0;2000;1200;2700
Q185243541_1;Q185243541_1_5;E;2000;0;0;3000;1200;2700
Q185243541_1;Q185243541_1_6;F;2000;1240;0;3000;2440;2700
Q185243541_1;Q185243541_1_7;G;3000;1240;0;4000;2440;2700
Q185243541_1;Q185243541_1_8;H;3000;0;0;4000;1200;2700
Q185243541_1;Q185243541_1_9;I;4000;0;0;5000;1200;2700
Q185243541_1;Q185243541_1_10;J;4000;1240;0;5000;2440;1815
P209066809;P209066809_1;A;0;0;0;1000;1200;2700
P209066809;P209066809_2;B;0;1240;0;1000;2440;2700
P209066809;P209066809_3;C;1000;1240;0;2000;2440;2700
P209066809;P209066809_4;D;1000;0;0;2000;1200;2700
P209066809;P209066809_5;E;2000;0;0;3000;1200;2700
P209066809;P209066809_6;F;2000;1240;0;3000;2440;2700
P209066809;P209066809_7;G;3000;1240;0;4000;2440;2700
P209066809;P209066809_8;H;3000;0;0;4000;1200;2700
P209066809;P209066809_9;I;4000;0;0;5000;1200;2700
P209066809;P209066809_10;J;4000;1240;0;5000;2440;2700
P209066809;P209066809_11;K;5000;1240;0;6000;2440;2700
P209066809;P209066809_12;L;5000;0;0;6000;1200;2700
P209066809;P209066809_13;M;6000;0;0;7000;1200;2700
P209066809;P209066809_14;N;6000;1240;0;7000;2440;2700
P209066809;P209066809_15;O;7000;1240;0;8000;2440;2700
P209066809;P209066809_16;P;7000;0;0;8000;1200;2700
P209066809;P209066809_17;Q;8000;0;0;9000;1200;2700
P209066809;P209066809_18;R;8000;1240;0;9000;2440;2700
P209066809;P209066809_19;S;9000;1240;0;10000;2440;2700
P207066805;P207066805_1;A;0;1240;0;1000;2440;2700
P207066805;P207066805_2;B;0;0;0;1000;1200;2700
P207066805;P207066805_3;C;1000;0;0;2000;1200;2700
P207066805;P207066805_4;D;1000;1240;0;2000;2440;2700
P207066805;P207066805_5;E;2000;0;0;3000;1200;2700
P207066805;P207066805_6;F;2000;1240;0;3000;2440;2700
P207066805;P207066805_7;G;3000;1240;0;4000;2440;2700
P207066805;P207066805_8;H;3000;0;0;4000;1200;2700
P207066805;P207066805_9;I;4000;0;0;5000;1200;2700
P207066805;P207066805_10;J;4000;1240;0;5000;2440;2700
P207066805;P207066805_11;K;5000;1240;0;6000;2440;2700
P207066805;P207066805_12;L;5000;0;0;6000;1200;2700
P207066805;P207066805_13;M;6000;0;0;7000;1200;2700
P207066805;P207066805_14;N;6000;1240;0;7000;2440;2835
P207066805;P207066805_15;O;7000;1240;0;8000;2440;2835
P207066805;P207066805_16;P;7000;0;0;8000;1200;2835
P207066805;P207066805_17;Q;8000;0;0;9000;1200;2835
P207066805;P207066805_18;R;8000;1240;0;9000;2440;2835
P207066805;P207066805_19;S;9000;1240;0;10000;2440;2835
P207066805;P207066805_20;T;9000;0;0;10000;1200;2835
P207066805;P207066805_21;U;10000;0;0;11000;1200;2835
P207066805;P207066805_22;V;10000;1240;0;11000;2440;2835
P207066805;P207066805_23;W;11000;1240;0;12000;2440;2835
P207066805;P207066805_24;X;11000;0;0;12010;1206;1085
P207066805;P207066805_25;Y;12000;1234;0;13010;2440;1085
P207066805;P207066805_26;Z;12010;0;0;13020;1206;1085
P206066803;P206066803_1;A;0;0;0;1000;1200;2700
P206066803;P206066803_2;B;0;1200;0;1000;2400;2700
P206066803;P206066803_3;C;1000;1240;0;2000;2440;2700
P206066803;P206066803_4;D;1000;0;0;2000;1200;2700
P206066803;P206066803_5;E;2000;0;0;3000;1200;2700
P206066803;P206066803_6;F;2000;1200;0;3000;2400;2700
P206066803;P206066803_7;G;3000;1240;0;4000;2440;2700
P206066803;P206066803_8;H;3000;0;0;4000;1200;2700
P206066803;P206066803_9;I;4000;1240;0;5000;2440;2700
P206066803;P206066803_10;J;4000;0;0;5000;1200;2700
P206066803;P206066803_11;K;5000;0;0;6000;1200;2700
P206066803;P206066803_12;L;5000;1240;0;6000;2440;2700
P206066803;P206066803_13;M;6000;1240;0;7000;2440;2700
P206066803;P206066803_14;N;6000;0;0;7000;1200;2700
P206066803;P206066803_15;O;7000;0;0;8000;1200;2700
P206066803;P206066803_16;P;7000;1240;0;8000;2440;2700
P206066803;P206066803_17;Q;8000;1240;0;9000;2440;2700
P206066803;P206066803_18;R;8000;0;0;9000;1200;2700
P206066803;P206066803_19;S;9000;0;0;10000;1200;2700
P206066803;P206066803_20;T;9000;1240;0;10000;2440;2700
P202066809;P202066809_1;A;0;0;0;1000;1200;2700
P202066809;P202066809_2;B;0;1240;0;1000;2440;2700
P202066809;P202066809_3;C;1000;1240;0;2000;2440;2700
P202066809;P202066809_4;D;1000;0;0;2000;1200;2700
P202066809;P202066809_5;E;2000;0;0;3000;1200;2700
P202066809;P202066809_6;F;2000;1240;0;3000;2440;2700
P202066809;P202066809_7;G;3000;1240;0;4000;2440;2700
P202066809;P202066809_8;H;3000;0;0;4000;1200;2700
P202066809;P202066809_9;I;4000;0;0;5000;1200;2700
P202066809;P202066809_10;J;4000;1240;0;5000;2440;2700
P202066809;P202066809_11;K;5000;1240;0;6000;2440;2700
P202066809;P202066809_12;L;5000;0;0;6000;1200;2700
P202066809;P202066809_13;M;6000;0;0;7000;1200;2700
P202066809;P202066809_14;N;6000;1240;0;7000;2440;2700
P202066809;P202066809_15;O;7000;1240;0;8000;2440;2700
P202066809;P202066809_16;P;7000;0;0;8000;1200;2700
P202066809;P202066809_17;Q;8000;0;0;9000;1200;2700
P202066809;P202066809_18;R;8000;1240;0;9000;2440;2700
P202066809;P202066809_19;S;9000;1240;0;10000;2440;2700
P202066809;P202066809_20;T;9000;0;0;10000;1200;2700
P202066809;P202066809_21;U;10000;0;0;11000;1200;2700
P202066809;P202066809_22;V;10000;1240;0;11000;2440;2700
P202066809;P202066809_23;W;11000;1240;0;12000;2440;2700
P200066805;P200066805_1;A;0;0;0;1000;1200;2700
P200066805;P200066805_2;B;0;1200;0;1000;2400;2700
P200066805;P200066805_3;C;1000;1240;0;2000;2440;2700
P200066805;P200066805_4;D;1000;0;0;2000;1200;2700
P200066805;P200066805_5;E;2000;1240;0;3000;2440;2700
P200066805;P200066805_6;F;2000;0;0;3000;1200;2700
P200066805;P200066805_7;G;3000;0;0;4000;1200;2835
P200066805;P200066805_8;H;3000;1240;0;4000;2440;2835
P200066805;P200066805_9;I;4000;1240;0;5000;2440;2835
P200066805;P200066805_10;J;4000;0;0;5000;1200;2835
P200066805;P200066805_11;K;5000;0;0;6000;1200;2835
P200066805;P200066805_12;L;5000;1240;0;6000;2440;2835
P200066805;P200066805_13;M;6000;1240;0;7000;2440;2835
P200066805;P200066805_14;N;6000;0;0;7000;1200;2835
P200066805;P200066805_15;O;7000;0;0;8000;1200;2835
P200066805;P200066805_16;P;7000;1240;0;8000;2440;2835
P200066805;P200066805_17;Q;8000;1240;0;9000;2440;2835
P200066805;P200066805_18;R;8000;0;0;9010;1206;1085
P200066805;P200066805_19;S;9000;1234;0;10010;2440;2186
P200066805;P200066805_20;T;9010;0;0;10020;1206;1093
P200066805;P200066805_21;U;10010;1234;0;11020;2440;1093
P200066805;P200066805_22;V;10020;0;0;11030;1206;2178
P200066805;P200066805_23;W;11020;1234;0;12030;2440;1085
P200066805;P200066805_24;X;11030;0;0;12040;1206;1085
P200066805;P200066805_25;Y;12030;1234;0;13040;2440;1085
P200066805;P200066805_26;Z;12040;0;0;13050;1206;1085
P199066803;P199066803_1;A;0;0;0;1000;1200;2700
P199066803;P199066803_2;B;0;1240;0;1000;2440;2700
P199066803;P199066803_3;C;1000;1240;0;2000;2440;2700
P199066803;P199066803_4;D;1000;0;0;2000;1200;2700
P199066803;P199066803_5;E;2000;0;0;3000;1200;2700
P199066803;P199066803_6;F;2000;1240;0;3000;2440;2700
P199066803;P199066803_7;G;3000;1240;0;4000;2440;2700
P199066803;P199066803_8;H;3000;0;0;4000;1200;2700
P199066803;P199066803_9;I;4000;0;0;5000;1200;2700
P199066803;P199066803_10;J;4000;1240;0;5000;2440;2700
P199066803;P199066803_11;K;5000;1240;0;6000;2440;2700
P199066803;P199066803_12;L;5000;0;0;6000;1200;2700
P199066803;P199066803_13;M;6000;0;0;7000;1200;2700
P199066803;P199066803_14;N;6000;1240;0;7000;2440;2700
P199066803;P199066803_15;O;7000;1240;0;8000;2440;2700
P199066803;P199066803_16;P;7000;0;0;8000;1200;2700
P199066803;P199066803_17;Q;8000;0;0;9000;1200;2700
P199066803;P199066803_18;R;8000;1240;0;9000;2440;2700
P199066803;P199066803_19;S;9000;1240;0;10000;2440;2700
P199066803;P199066803_20;T;9000;0;0;10000;1200;2700
P199066803;P199066803_21;U;10000;0;0;11000;1200;2700
P199066803;P199066803_22;V;10000;1240;0;11000;2440;2700
P199066803;P199066803_23;W;11000;1240;0;12000;2440;2700
P199066803;P199066803_24;X;11000;0;0;12000;1200;2700
P199066803;P199066803_25;Y;12000;0;0;13200;1000;2700
P193066805;P193066805_1;A;0;0;0;1000;1200;2700
P193066805;P193066805_2;B;0;1200;0;1000;2400;2700
P193066805;P193066805_3;C;1000;1240;0;2000;2440;2700
P193066805;P193066805_4;D;1000;0;0;2000;1200;2700
P193066805;P193066805_5;E;2000;1240;0;3000;2440;2700
P193066805;P193066805_6;F;2000;0;0;3000;1200;2700
P193066805;P193066805_7;G;3000;0;0;4000;1200;2700
P193066805;P193066805_8;H;3000;1240;0;4000;2440;2700
P193066805;P193066805_9;I;4000;1240;0;5000;2440;2700
P193066805;P193066805_10;J;4000;0;0;5000;1200;2835
P193066805;P193066805_11;K;5000;0;0;6000;1200;2835
P193066805;P193066805_12;L;5000;1240;0;6000;2440;2835
P193066805;P193066805_13;M;6000;1240;0;7000;2440;2835
P193066805;P193066805_14;N;6000;0;0;7000;1200;2835
P193066805;P193066805_15;O;7000;0;0;8000;1200;2835
P193066805;P193066805_16;P;7000;1240;0;8000;2440;2835
P193066805;P193066805_17;Q;8000;1240;0;9000;2440;2835
P193066805;P193066805_18;R;8000;0;0;9000;1200;2835
P193066805;P193066805_19;S;9000;0;0;10000;1200;2835
P193066805;P193066805_20;T;9000;1234;0;10010;2440;1093
P193066805;P193066805_21;U;10000;0;0;11010;1206;1093
P193066805;P193066805_22;V;10010;1234;0;11020;2440;2186
P193066805;P193066805_23;W;11010;0;0;12020;1206;1085
P193066805;P193066805_24;X;11020;1234;0;12030;2440;1085
P193066805;P193066805_25;Y;12020;0;0;13030;1206;1085
P193066805;P193066805_26;Z;12030;1234;0;13040;2440;1085
P192066803;P192066803_1;A;0;0;0;1000;1200;2700
P192066803;P192066803_2;B;0;1240;0;1000;2440;2700
P192066803;P192066803_3;C;1000;1240;0;2000;2440;2700
P192066803;P192066803_4;D;1000;0;0;2000;1200;2700
P192066803;P192066803_5;E;2000;0;0;3000;1200;2700
P192066803;P192066803_6;F;2000;1240;0;3000;2440;2700
P192066803;P192066803_7;G;3000;1240;0;4000;2440;2700
P192066803;P192066803_8;H;3000;0;0;4000;1200;2700
P192066803;P192066803_9;I;4000;0;0;5000;1200;2700
P192066803;P192066803_10;J;4000;1240;0;5000;2440;2700
P192066803;P192066803_11;K;5000;1240;0;6000;2440;2700
P192066803;P192066803_12;L;5000;0;0;6000;1200;2700
P192066803;P192066803_13;M;6000;0;0;7000;1200;2700
P192066803;P192066803_14;N;6000;1240;0;7000;2440;2700
P192066803;P192066803_15;O;7000;1240;0;8000;2440;2700
P192066803;P192066803_16;P;7000;0;0;8000;1200;2700
P192066803;P192066803_17;Q;8000;0;0;9000;1200;2700
P192066803;P192066803_18;R;8000;1240;0;9000;2440;2700
P192066803;P192066803_19;S;9000;1240;0;10000;2440;2700
P192066803;P192066803_20;T;9000;0;0;10000;1200;2700
P192066803;P192066803_21;U;10000;0;0;11000;1200;2700
P192066803;P192066803_22;V;10000;1240;0;11000;2440;2700
P192066803;P192066803_23;W;11000;1240;0;12000;2440;2700
P192066803;P192066803_24;X;11000;0;0;12000;1200;2700
P192066803;P192066803_25;Y;12000;0;0;13200;1000;2700
P192066803;P192066803_26;Z;12000;1240;0;13000;2440;2700
P188066809;P188066809_1;A;0;0;0;1000;1200;2700
P188066809;P188066809_2;B;0;1240;0;1000;2440;2700
P188066809;P188066809_3;C;1000;1240;0;2000;2440;2700
P188066809;P188066809_4;D;1000;0;0;2000;1200;2700
P188066809;P188066809_5;E;2000;0;0;3000;1200;2700
P188066809;P188066809_6;F;2000;1240;0;3000;2440;2700
P188066809;P188066809_7;G;3000;1240;0;4000;2440;2700
P188066809;P188066809_8;H;3000;0;0;4000;1200;2700
P188066809;P188066809_9;I;4000;0;0;5000;1200;2700
P188066809;P188066809_10;J;4000;1240;0;5000;2440;2700
P188066809;P188066809_11;K;5000;1240;0;6000;2440;2700
P188066809;P188066809_12;L;5000;0;0;6000;1200;2700
P188066809;P188066809_13;M;6000;0;0;7000;1200;2700
P188066809;P188066809_14;N;6000;1240;0;7000;2440;2700
P188066809;P188066809_15;O;7000;1240;0;8000;2440;2700
P188066809;P188066809_16;P;7000;0;0;8000;1200;2700
P188066809;P188066809_17;Q;8000;0;0;9000;1200;2700
P188066809;P188066809_18;R;8000;1240;0;9000;2440;2700
P188066809;P188066809_19;S;9000;1240;0;10000;2440;2700
P188066809;P188066809_20;T;9000;0;0;10000;1200;2700
P188066809;P188066809_21;U;10000;0;0;11000;1200;2700
P188066809;P188066809_22;V;10000;1240;0;11000;2440;2700
P188066809;P188066809_23;W;11000;1240;0;12000;2440;2700
P188066809;P188066809_24;X;11000;0;0;12000;1200;2700
P188066809;P188066809_25;Y;12000;0;0;13200;1000;2700
P188066809;P188066809_26;Z;12000;1240;0;13000;2440;2700
P186066805;P186066805_1;A;0;0;0;1000;1200;2700
P186066805;P186066805_2;B;0;1200;0;1000;2400;2700
P186066805;P186066805_3;C;1000;1240;0;2000;2440;2700
P186066805;P186066805_4;D;1000;0;0;2000;1200;2700
P186066805;P186066805_5;E;2000;1240;0;3000;2440;2700
P186066805;P186066805_6;F;2000;0;0;3000;1200;2700
P186066805;P186066805_7;G;3000;0;0;4000;1200;2835
P186066805;P186066805_8;H;3000;1240;0;4000;2440;2835
P186066805;P186066805_9;I;4000;1240;0;5000;2440;2835
P186066805;P186066805_10;J;4000;0;0;5000;1200;2835
P186066805;P186066805_11;K;5000;0;0;6000;1200;2835
P186066805;P186066805_12;L;5000;1240;0;6000;2440;2835
P186066805;P186066805_13;M;6000;1240;0;7000;2440;2835
P186066805;P186066805_14;N;6000;0;0;7000;1200;2835
P186066805;P186066805_15;O;7000;0;0;8000;1200;2835
P186066805;P186066805_16;P;7000;1240;0;8000;2440;2835
P186066805;P186066805_17;Q;8000;1240;0;9000;2440;2835
P186066805;P186066805_18;R;8000;0;0;9000;1200;2835
P186066805;P186066805_19;S;9000;0;0;10000;1200;2835
P186066805;P186066805_20;T;9000;1240;0;10000;2440;2835
P186066805;P186066805_21;U;10000;1240;0;11000;2440;2835
P186066805;P186066805_22;V;10000;0;0;11000;1200;2835
P186066805;P186066805_23;W;11000;0;0;12010;1206;1093
P186066805;P186066805_24;X;11000;1234;0;12010;2440;1093
P186066805;P186066805_25;Y;12010;1430;0;13216;2440;1093
Q186066805_1;Q186066805_1_1;A;0;0;0;1000;1200;2700
Q186066805_1;Q186066805_1_2;B;0;1200;0;1000;2400;2700
Q186066805_1;Q186066805_1_3;C;1000;1240;0;2000;2440;2700
Q186066805_1;Q186066805_1_4;D;1000;0;0;2000;1200;2700
Q186066805_1;Q186066805_1_5;E;2000;0;0;3000;1200;2700
Q186066805_1;Q186066805_1_6;F;2000;1240;0;3000;2440;2700
Q186066805_1;Q186066805_1_7;G;3000;1240;0;4000;2440;2700
Q186066805_1;Q186066805_1_8;H;3000;0;0;4000;1200;2700
Q186066805_1;Q186066805_1_9;I;4000;0;0;5000;1200;2700
Q186066805_1;Q186066805_1_10;J;4000;1240;0;5000;2440;2835
Q186066805_1;Q186066805_1_11;K;5000;1234;0;6010;2440;1085
Q186066805_1;Q186066805_1_12;L;5000;0;0;6010;1206;1085
Q186066805_1;Q186066805_1_13;M;6010;0;0;7020;1206;1085
Q186066805_1;Q186066805_1_14;N;6010;1234;0;7020;2440;1085
Q186066805_1;Q186066805_1_15;O;7020;1234;0;8030;2440;2186
Q186066805_1;Q186066805_1_16;P;7020;0;0;8030;1206;1093
Q186066805_1;Q186066805_1_17;Q;8030;0;0;9040;1206;1093
Q186066805_1;Q186066805_1_18;R;8030;1234;0;9040;2440;1093
Q186066805_1;Q186066805_1_19;S;9040;1234;0;10050;2440;1093
Q186066805_1;Q186066805_1_20;T;9040;0;0;10050;1206;2170
P185066803;P185066803_1;A;0;0;0;1000;1200;2700
P185066803;P185066803_2;B;0;1200;0;1000;2400;2700
P185066803;P185066803_3;C;1000;1240;0;2000;2440;2700
P185066803;P185066803_4;D;1000;0;0;2000;1200;2700
P185066803;P185066803_5;E;2000;0;0;3000;1200;2700
P185066803;P185066803_6;F;2000;1240;0;3000;2440;2700
P185066803;P185066803_7;G;3000;1240;0;4000;2440;2700
P185066803;P185066803_8;H;3000;0;0;4000;1200;2700
P185066803;P185066803_9;I;4000;0;0;5000;1200;2700
P185066803;P185066803_10;J;4000;1240;0;5000;2440;2700
P185066803;P185066803_11;K;5000;1240;0;6000;2440;2700
P185066803;P185066803_12;L;5000;0;0;6000;1200;2700
P185066803;P185066803_13;M;6000;0;0;7000;1200;2700
P185066803;P185066803_14;N;6000;1240;0;7000;2440;2700
P185066803;P185066803_15;O;7000;1240;0;8000;2440;2700
P185066803;P185066803_16;P;7000;0;0;8000;1200;2700
P185066803;P185066803_17;Q;8000;0;0;9000;1200;2700
P185066803;P185066803_18;R;8000;1240;0;9000;2440;2700
P185066803;P185066803_19;S;9000;1240;0;10000;2440;2700
P185066803;P185066803_20;T;9000;0;0;10000;1200;2700
P185066803;P185066803_21;U;10000;0;0;11000;1200;2700
P185066803;P185066803_22;V;10000;1240;0;11000;2440;2700
P185066803;P185066803_23;W;11000;1240;0;12000;2440;2700
P185066803;P185066803_24;X;11000;0;0;12000;1200;2700
P194064203;P194064203_1;A;0;1240;0;1910;2440;2935
P194064203;P194064203_2;B;0;0;0;1910;1200;2935
P194064203;P194064203_3;C;1910;0;0;3820;1200;2935
P194064203;P194064203_4;D;1910;1240;0;3820;2440;2935
P194064203;P194064203_5;E;3820;1240;0;5730;2440;2935
P194064203;P194064203_6;F;3820;0;0;5730;1200;2935
P194064203;P194064203_7;G;5730;0;0;7640;1200;2935
P194064203;P194064203_8;H;5730;1240;0;7640;2440;2935
P194064203;P194064203_9;I;7640;1240;0;9550;2440;2935
P194064203;P194064203_10;J;7640;0;0;9550;1200;2935
P194064203;P194064203_11;K;9550;0;0;11460;1200;2935
P194064203;P194064203_12;L;9550;1240;0;11460;2440;2935
P194064203;P194064203_13;M;11460;1240;0;13370;2440;2935
P194064203;P194064203_14;N;11460;0;0;13370;1200;1490
P193064203;P193064203_1;A;0;0;0;1910;1200;2935
P193064203;P193064203_2;B;0;1240;0;1910;2440;2935
P193064203;P193064203_3;C;1910;1240;0;3820;2440;2935
P193064203;P193064203_4;D;1910;0;0;3820;1200;2935
P193064203;P193064203_5;E;3820;0;0;5730;1200;2935
P193064203;P193064203_6;F;3820;1240;0;5730;2440;2935
P193064203;P193064203_7;G;5730;1240;0;7640;2440;2935
P193064203;P193064203_8;H;5730;0;0;7640;1200;2935
P193064203;P193064203_9;I;7640;0;0;9550;1200;2935
P193064203;P193064203_10;J;7640;1240;0;9550;2440;2935
P193064203;P193064203_11;K;9550;1240;0;11460;2440;2935
P193064203;P193064203_12;L;9550;0;0;11460;1200;2935
P193064203;P193064203_13;M;11460;0;0;13370;1200;2935
P193064203;P193064203_14;N;11460;1240;0;13370;2440;2935
P192064203;P192064203_1;A;0;0;0;1910;1200;2935
P192064203;P192064203_2;B;0;1240;0;1910;2440;2935
P192064203;P192064203_3;C;1910;1240;0;3820;2440;2935
P192064203;P192064203_4;D;1910;0;0;3820;1200;2935
P192064203;P192064203_5;E;3820;0;0;5730;1200;2935
P192064203;P192064203_6;F;3820;1240;0;5730;2440;2935
P192064203;P192064203_7;G;5730;1240;0;7640;2440;2935
P192064203;P192064203_8;H;5730;0;0;7640;1200;2935
P192064203;P192064203_9;I;7640;0;0;9550;1200;2935
P192064203;P192064203_10;J;7640;1240;0;9550;2440;2935
P192064203;P192064203_11;K;9550;1240;0;11460;2440;2935
P192064203;P192064203_12;L;9550;0;0;11460;1200;2935
P192064203;P192064203_13;M;11460;0;0;13370;1200;2935
P192064203;P192064203_14;N;11460;1240;0;13370;2440;2935
P192064405;P192064405_1;A;0;0;0;1910;1200;2935
P192064405;P192064405_2;B;0;1240;0;1910;2440;2935
P192064405;P192064405_3;C;1910;1240;0;3820;2440;2935
P192064405;P192064405_4;D;1910;0;0;3820;1200;2935
P192064405;P192064405_5;E;3820;0;0;5730;1200;2935
P192064405;P192064405_6;F;3820;1240;0;5730;2440;2935
P192064405;P192064405_7;G;5730;1240;0;7640;2440;2935
P192064405;P192064405_8;H;5730;0;0;7640;1200;2935
P192064405;P192064405_9;I;7640;0;0;9550;1200;2935
P192064405;P192064405_10;J;7640;1240;0;9550;2440;2935
P192064405;P192064405_11;K;9550;1240;0;11460;2440;2935
P192064405;P192064405_12;L;9550;0;0;11460;1200;2935
P192064405;P192064405_13;M;11460;0;0;13370;1200;2935
P192064405;P192064405_14;N;11460;1240;0;13370;2440;2935
P189064451;P189064451_1;A;0;0;0;1910;1200;2935
P189064451;P189064451_2;B;0;1240;0;1910;2440;2935
P189064451;P189064451_3;C;1910;1240;0;3820;2440;2935
P189064451;P189064451_4;D;1910;0;0;3820;1200;2935
P189064451;P189064451_5;E;3820;0;0;5730;1200;2935
P189064451;P189064451_6;F;3820;1240;0;5730;2440;2935
P189064451;P189064451_7;G;5730;1240;0;7640;2440;2935
P189064451;P189064451_8;H;5730;0;0;7640;1200;2935
P189064451;P189064451_9;I;7640;0;0;9550;1200;2935
P189064451;P189064451_10;J;7640;1240;0;9550;2440;2935
P189064451;P189064451_11;K;9550;1240;0;11460;2440;2935
P189064451;P189064451_12;L;9550;0;0;11460;1200;2935
P189064451;P189064451_13;M;11460;0;0;13370;1200;2935
P189064451;P189064451_14;N;11460;1240;0;13370;2440;2935
P188064203;P188064203_1;A;0;0;0;1910;1200;2935
P188064203;P188064203_2;B;0;1240;0;1910;2440;2935
P188064203;P188064203_3;C;1910;1240;0;3820;2440;2935
P188064203;P188064203_4;D;1910;0;0;3820;1200;2935
P188064203;P188064203_5;E;3820;0;0;5730;1200;2935
P188064203;P188064203_6;F;3820;1240;0;5730;2440;2935
P188064203;P188064203_7;G;5730;1240;0;7640;2440;2935
P188064203;P188064203_8;H;5730;0;0;7640;1200;2935
P188064203;P188064203_9;I;7640;0;0;9550;1200;2935
P188064203;P188064203_10;J;7640;1240;0;9550;2440;2935
P188064203;P188064203_11;K;9550;1240;0;11460;2440;2935
P188064203;P188064203_12;L;9550;0;0;11460;1200;2935
P188064203;P188064203_13;M;11460;0;0;13370;1200;2935
P188064203;P188064203_14;N;11460;1240;0;13370;2440;2935
P187064203;P187064203_1;A;0;0;0;1910;1200;2935
P187064203;P187064203_2;B;0;1240;0;1910;2440;2935
P187064203;P187064203_3;C;1910;1240;0;3820;2440;2935
P187064203;P187064203_4;D;1910;0;0;3820;1200;2935
P187064203;P187064203_5;E;3820;0;0;5730;1200;2935
P187064203;P187064203_6;F;3820;1240;0;5730;2440;2935
P187064203;P187064203_7;G;5730;1240;0;7640;2440;2935
P187064203;P187064203_8;H;5730;0;0;7640;1200;2935
P187064203;P187064203_9;I;7640;0;0;9550;1200;2935
P187064203;P187064203_10;J;7640;1240;0;9550;2440;2935
P187064203;P187064203_11;K;9550;1240;0;11460;2440;2935
P187064203;P187064203_12;L;9550;0;0;11460;1200;2935
P187064203;P187064203_13;M;11460;0;0;13370;1200;2935
P187064203;P187064203_14;N;11460;1240;0;13370;2440;2935
P186064203;P186064203_1;A;0;0;0;1910;1200;2935
P186064203;P186064203_2;B;0;1240;0;1910;2440;2935
P186064203;P186064203_3;C;1910;1240;0;3820;2440;2935
P186064203;P186064203_4;D;1910;0;0;3820;1200;2935
P186064203;P186064203_5;E;3820;0;0;5730;1200;2935
P186064203;P186064203_6;F;3820;1240;0;5730;2440;2935
P186064203;P186064203_7;G;5730;1240;0;7640;2440;2935
P186064203;P186064203_8;H;5730;0;0;7640;1200;2935
P186064203;P186064203_9;I;7640;0;0;9550;1200;2935
P186064203;P186064203_10;J;7640;1240;0;9550;2440;2935
P186064203;P186064203_11;K;9550;1240;0;11460;2440;2935
P186064203;P186064203_12;L;9550;0;0;11460;1200;2935
P186064203;P186064203_13;M;11460;0;0;13370;1200;2935
P186064203;P186064203_14;N;11460;1240;0;13370;2440;2935
P185064405;P185064405_1;A;0;0;0;1910;1200;2935
P185064405;P185064405_2;B;0;1240;0;1910;2440;2935
P185064405;P185064405_3;C;1910;1240;0;3820;2440;2935
P185064405;P185064405_4;D;1910;0;0;3820;1200;2935
P185064405;P185064405_5;E;3820;0;0;5730;1200;2935
P185064405;P185064405_6;F;3820;1240;0;5730;2440;2935
P185064405;P185064405_7;G;5730;1240;0;7640;2440;2935
P185064405;P185064405_8;H;5730;0;0;7640;1200;2935
P185064405;P185064405_9;I;7640;0;0;9550;1200;2935
P185064405;P185064405_10;J;7640;1240;0;9550;2440;2935
P185064405;P185064405_11;K;9550;1240;0;11460;2440;2935
P185064405;P185064405_12;L;9550;0;0;11460;1200;2935
P185064405;P185064405_13;M;11460;0;0;13370;1200;2935
P185064405;P185064405_14;N;11460;1240;0;13370;2440;2935
P184064203;P184064203_1;A;0;0;0;1910;1200;2935
P184064203;P184064203_2;B;0;1240;0;1910;2440;2935
P184064203;P184064203_3;C;1910;1240;0;3820;2440;2935
P184064203;P184064203_4;D;1910;0;0;3820;1200;2935
P184064203;P184064203_5;E;3820;0;0;5730;1200;2935
P184064203;P184064203_6;F;3820;1240;0;5730;2440;2935
P184064203;P184064203_7;G;5730;1240;0;7640;2440;2935
P184064203;P184064203_8;H;5730;0;0;7640;1200;2935
P184064203;P184064203_9;I;7640;0;0;9550;1200;2935
P184064203;P184064203_10;J;7640;1240;0;9550;2440;2935
P184064203;P184064203_11;K;9550;1240;0;11460;2440;2935
P184064203;P184064203_12;L;9550;0;0;11460;1200;2935
P184064203;P184064203_13;M;11460;0;0;13370;1200;2935
P184064203;P184064203_14;N;11460;1240;0;13370;2440;2935
P206244001;P206244001_1;A;0;0;0;1010;1206;2655
P206244001;P206244001_2;B;0;1234;0;1010;2440;2755
P206244001;P206244001_3;C;1010;1234;0;2020;2440;2755
P206244001;P206244001_4;D;1010;0;0;2020;1206;2755
P206244001;P206244001_5;E;2020;0;0;3030;1206;2755
P206244001;P206244001_6;F;2020;1234;0;3030;2440;2655
P206244001;P206244001_7;G;3030;1234;0;4040;2440;2755
P206244001;P206244001_8;H;3030;0;0;4040;1206;2755
P206244001;P206244001_9;I;4040;0;0;5050;1206;2370
P206244001;P206244001_10;J;4040;1234;0;5050;2440;2370
P206244001;P206244001_11;K;5050;1234;0;6060;2440;2725
P206244001;P206244001_12;L;5050;0;0;6060;1206;2755
P206244001;P206244001_13;M;6060;0;0;7070;1206;2370
P206244001;P206244001_14;N;6060;1234;0;7070;2440;1185
P206244001;P206244001_15;O;7070;1234;0;8080;2440;1185
P206244001;P206244001_16;P;7070;0;0;8070;1200;1905
P206244001;P206244001_17;Q;8070;0;0;9070;1200;1905
P206244001;P206244001_18;R;8080;1240;0;9080;2440;1905
P206244001;P206244001_19;S;9070;0;0;10070;1200;1905
P206244001;P206244001_20;T;9080;1240;0;10080;2440;1905
P206244001;P206244001_21;U;10070;0;0;11070;1200;1905
P206244001;P206244001_22;V;10080;1240;0;11080;2440;1905
P206244001;P206244001_23;W;11070;0;0;12070;1200;1905
P206244001;P206244001_24;X;11080;1240;0;12080;2440;1905
P206244001;P206244001_25;Y;12070;0;0;13080;1206;2370
P206244001;P206244001_26;Z;12080;1234;0;13090;2440;770
P202244003;P202244003_1;A;0;0;0;1010;1206;2655
P202244003;P202244003_2;B;0;1234;0;1010;2440;2755
P202244003;P202244003_3;C;1010;1234;0;2020;2440;2755
P202244003;P202244003_4;D;1010;0;0;2020;1206;2370
P202244003;P202244003_5;E;2020;0;0;3030;1206;2370
P202244003;P202244003_6;F;2020;1234;0;3030;2440;1176
P202244003;P202244003_7;G;3030;1234;0;4040;2440;2755
P202244003;P202244003_8;H;3030;0;0;4040;1206;2755
P202244003;P202244003_9;I;4040;0;0;5050;1206;2755
P202244003;P202244003_10;J;4040;1234;0;5050;2440;2370
P202244003;P202244003_11;K;5050;1234;0;6060;2440;2370
P202244003;P202244003_12;L;5050;0;0;6060;1206;2370
P202244003;P202244003_13;M;6060;0;0;7070;1206;1185
P202244003;P202244003_14;N;6060;1240;0;7060;2440;1905
P202244003;P202244003_15;O;7060;1240;0;8060;2440;1905
P202244003;P202244003_16;P;7070;0;0;8070;1200;1905
P202244003;P202244003_17;Q;8060;1240;0;9060;2440;1905
P202244003;P202244003_18;R;8070;0;0;9080;1206;1185
P202244003;P202244003_19;S;9060;1240;0;10060;2440;1905
P202244003;P202244003_20;T;9080;0;0;10080;1200;1905
P202244003;P202244003_21;U;10060;1240;0;11060;2440;1905
P202244003;P202244003_22;V;10080;0;0;11080;1200;1905
P202244003;P202244003_23;W;11060;1240;0;12060;2440;1905
P202244003;P202244003_24;X;11080;0;0;12080;1200;1905
P199244001;P199244001_1;A;0;0;0;1010;1206;2210
P199244001;P199244001_2;B;0;1234;0;1010;2440;2370
P199244001;P199244001_3;C;1010;1234;0;2020;2440;2370
P199244001;P199244001_4;D;1010;0;0;2020;1206;2370
P199244001;P199244001_5;E;2020;0;0;3030;1206;2370
P199244001;P199244001_6;F;2020;1234;0;3030;2440;2370
P199244001;P199244001_7;G;3030;1234;0;4040;2440;2370
P199244001;P199244001_8;H;3030;0;0;4040;1206;2370
P199244001;P199244001_9;I;4040;0;0;5050;1206;2340
P199244001;P199244001_10;J;4040;1234;0;5050;2440;2370
P199244001;P199244001_11;K;5050;1234;0;6060;2440;2370
P199244001;P199244001_12;L;5050;0;0;6060;1206;2370
P199244001;P199244001_13;M;6060;0;0;7070;1206;1185
P199244001;P199244001_14;N;6060;1240;0;7060;2440;1905
P199244001;P199244001_15;O;7060;1240;0;8060;2440;1905
P199244001;P199244001_16;P;7070;0;0;8070;1200;1905
P199244001;P199244001_17;Q;8060;1240;0;9060;2440;1905
P199244001;P199244001_18;R;8070;0;0;9070;1200;1905
P199244001;P199244001_19;S;9060;1240;0;10060;2440;1905
P199244001;P199244001_20;T;9070;0;0;10080;1206;2370
P199244001;P199244001_21;U;10060;1234;0;11070;2440;385
P199244001;P199244001_22;V;10080;0;0;11080;1200;1905
P199244001;P199244001_23;W;11070;1240;0;12070;2440;1905
P199244001;P199244001_24;X;11080;0;0;12080;1200;1905
P192244001;P192244001_1;A;0;1234;0;1010;2440;2755
P192244001;P192244001_2;B;0;0;0;1010;1206;2755
P192244001;P192244001_3;C;1010;0;0;2020;1206;2755
P192244001;P192244001_4;D;1010;1234;0;2020;2440;2755
P192244001;P192244001_5;E;2020;1234;0;3030;2440;2755
P192244001;P192244001_6;F;2020;0;0;3030;1206;2755
P192244001;P192244001_7;G;3030;0;0;4040;1206;2755
P192244001;P192244001_8;H;3030;1234;0;4040;2440;2655
P192244001;P192244001_9;I;4040;1234;0;5050;2440;2655
P192244001;P192244001_10;J;4040;0;0;5050;1206;2755
P192244001;P192244001_11;K;5050;0;0;6060;1206;2755
P192244001;P192244001_12;L;5050;1234;0;6060;2440;2755
P192244001;P192244001_13;M;6060;1234;0;7070;2440;2755
P192244001;P192244001_14;N;6060;0;0;7070;1206;2755
P192244001;P192244001_15;O;7070;0;0;8080;1206;2370
P192244001;P192244001_16;P;7070;1234;0;8080;2440;1185
P192244001;P192244001_17;Q;8080;1240;0;9080;2440;1905
P192244001;P192244001_18;R;8080;0;0;9080;1200;1905
P192244001;P192244001_19;S;9080;0;0;10080;1200;1905
P192244001;P192244001_20;T;9080;1240;0;10080;2440;1905
P192244001;P192244001_21;U;10080;1240;0;11080;2440;1905
P192244001;P192244001_22;V;10080;0;0;11080;1200;1905
P192244001;P192244001_23;W;11080;0;0;12280;1000;1905
P192244001;P192244001_24;X;11080;1240;0;12080;2440;1905
P192244001;P192244001_25;Y;12080;1430;0;13286;2440;2370
P192244001;P192244001_26;Z;12280;0;0;13486;1010;770
P188244003;P188244003_1;A;0;0;0;1010;1206;2240
P188244003;P188244003_2;B;0;1220;0;1010;2426;2370
P188244003;P188244003_3;C;1010;1234;0;2020;2440;2370
P188244003;P188244003_4;D;1010;0;0;2020;1206;2370
P188244003;P188244003_5;E;2020;0;0;3030;1206;1185
P188244003;P188244003_6;F;2020;1234;0;3030;2440;2340
P188244003;P188244003_7;G;3030;1234;0;4040;2440;2370
P188244003;P188244003_8;H;3030;0;0;4040;1206;2370
P188244003;P188244003_9;I;4040;0;0;5050;1206;1185
P188244003;P188244003_10;J;4040;1240;0;5040;2440;1905
P188244003;P188244003_11;K;5040;1240;0;6040;2440;1905
P188244003;P188244003_12;L;5050;0;0;6050;1200;1905
P188244003;P188244003_13;M;6040;1240;0;7040;2440;1905
P188244003;P188244003_14;N;6050;0;0;7060;1206;2370
P188244003;P188244003_15;O;7040;1234;0;8050;2440;385
P188244003;P188244003_16;P;7060;0;0;8060;1200;1905
P188244003;P188244003_17;Q;8050;1240;0;9050;2440;1905
P188244003;P188244003_18;R;8060;0;0;9060;1200;1905
P188244003;P188244003_19;S;9050;1240;0;10050;2440;1905
P188244003;P188244003_20;T;9060;0;0;10060;1200;1905
P188244003;P188244003_21;U;10050;1240;0;11050;2440;1905
P185244001;P185244001_1;A;0;0;0;1010;1206;2370
P185244001;P185244001_2;B;0;1234;0;1010;2440;2240
P185244001;P185244001_3;C;1010;1234;0;2020;2440;2370
P185244001;P185244001_4;D;1010;0;0;2020;1206;2370
P185244001;P185244001_5;E;2020;0;0;3030;1206;2370
P185244001;P185244001_6;F;2020;1234;0;3030;2440;2370
P185244001;P185244001_7;G;3030;1234;0;4040;2440;2370
P185244001;P185244001_8;H;3030;0;0;4040;1206;1946
P185244001;P185244001_9;I;4040;0;0;5050;1206;2340
P185244001;P185244001_10;J;4040;1234;0;5050;2440;2370
P185244001;P185244001_11;K;5050;1234;0;6060;2440;2370
P185244001;P185244001_12;L;5050;0;0;6060;1206;2370
P185244001;P185244001_13;M;6060;0;0;7070;1206;1185
P185244001;P185244001_14;N;6060;1234;0;7070;2440;1185
P185244001;P185244001_15;O;7070;1240;0;8070;2440;1905
P185244001;P185244001_16;P;7070;0;0;8070;1200;1905
P185244001;P185244001_17;Q;8070;0;0;9070;1200;1905
P185244001;P185244001_18;R;8070;1240;0;9070;2440;1905
P185244001;P185244001_19;S;9070;1240;0;10070;2440;1905
P185244001;P185244001_20;T;9070;0;0;10080;1206;1185
P185244001;P185244001_21;U;10070;1234;0;11080;2440;385
P185244001;P185244001_22;V;10080;0;0;11080;1200;1905
P185244001;P185244001_23;W;11080;0;0;12280;1000;1905
P185244001;P185244001_24;X;11080;1240;0;12080;2440;1905
P209060705;P209060705_1;A;0;0;0;1000;1200;2835
P209060705;P209060705_2;B;0;1240;0;1000;2440;2835
P209060705;P209060705_3;C;1000;1240;0;2000;2440;2835
P209060705;P209060705_4;D;1000;0;0;2000;1200;2835
P209060705;P209060705_5;E;2000;0;0;3000;1200;2835
P209060705;P209060705_6;F;2000;1240;0;3000;2440;1905
P209060705;P209060705_7;G;3000;1234;0;4010;2440;2170
P209060705;P209060705_8;H;3000;0;0;4010;1206;2170
P209060705;P209060705_9;I;4010;0;0;5020;1206;2170
P209060705;P209060705_10;J;4010;1234;0;5020;2440;2170
P209060705;P209060705_11;K;5020;1234;0;6030;2440;2170
P209060705;P209060705_12;L;5020;0;0;6030;1206;2170
P209060705;P209060705_13;M;6030;0;0;7040;1206;2170
P209060705;P209060705_14;N;6030;1234;0;7040;2440;2170
P209060705;P209060705_15;O;7040;1234;0;8050;2440;1085
P209060705;P209060705_16;P;7040;0;0;8050;1206;2170
P209060705;P209060705_17;Q;8050;0;0;9060;1206;2170
P207060703;P207060703_1;A;0;0;0;1000;1200;2835
P207060703;P207060703_2;B;0;1240;0;1000;2440;2835
P207060703;P207060703_3;C;1000;1240;0;2000;2440;2835
P207060703;P207060703_4;D;1000;0;0;2000;1200;1905
P207060703;P207060703_5;E;2000;0;0;3010;1206;2170
P207060703;P207060703_6;F;2000;1234;0;3010;2440;2170
P207060703;P207060703_7;G;3010;1234;0;4020;2440;1085
P207060703;P207060703_8;H;3010;0;0;4010;1200;2835
P207060703;P207060703_9;I;4010;0;0;5010;1200;2835
P207060703;P207060703_10;J;4020;1240;0;5020;2440;2835
P207060703;P207060703_11;K;5010;0;0;6010;1200;2835
P207060703;P207060703_12;L;5020;1240;0;6020;2440;2835
P207060703;P207060703_13;M;6010;0;0;7010;1200;2835
P207060703;P207060703_14;N;6020;1240;0;7020;2440;2835
P207060703;P207060703_15;O;7010;0;0;8010;1200;2835
P207060703;P207060703_16;P;7020;1240;0;8020;2440;2835
P207060703;P207060703_17;Q;8010;0;0;9010;1200;2835
P207060703;P207060703_18;R;8020;1240;0;9020;2440;2835
P207060703;P207060703_19;S;9010;0;0;10010;1200;2835
P207060703;P207060703_20;T;9020;1234;0;10030;2440;2755
P207060703;P207060703_21;U;10010;0;0;11020;1206;2370
P207060703;P207060703_22;V;10030;1234;0;11040;2440;2370
P207060703;P207060703_23;W;11020;0;0;12030;1206;2370
P207060703;P207060703_24;X;11040;1234;0;12050;2440;2370
P206060701;P206060701_1;A;0;0;0;1010;1206;2170
P206060701;P206060701_2;B;0;1234;0;1010;2440;2170
P206060701;P206060701_3;C;1010;1234;0;2020;2440;2170
P206060701;P206060701_4;D;1010;0;0;2020;1206;2170
P206060701;P206060701_5;E;2020;0;0;3030;1206;2170
P206060701;P206060701_6;F;2020;1234;0;3030;2440;2170
P206060701;P206060701_7;G;3030;1234;0;4040;2440;2170
P206060701;P206060701_8;H;3030;0;0;4040;1206;2170
P206060701;P206060701_9;I;4040;0;0;5050;1206;2170
P206060701;P206060701_10;J;4040;1234;0;5050;2440;2170
P206060701;P206060701_11;K;5050;1240;0;6050;2440;1155
P206060701;P206060701_12;L;5050;0;0;6060;1206;1085
P206060701;P206060701_13;M;6050;1234;0;7060;2440;783
P206060701;P206060701_14;N;6060;0;0;7070;1206;2055
P206060701;P206060701_15;O;7060;1234;0;8070;2440;2170
P206060701;P206060701_16;P;7070;0;0;8080;1206;2170
P206060701;P206060701_17;Q;8070;1234;0;9080;2440;2170
P206060701;P206060701_18;R;8080;0;0;9090;1206;2170
P206060701;P206060701_19;S;9080;1234;0;10090;2440;2170
P206060701;P206060701_20;T;9090;0;0;10100;1206;2170
P206060701;P206060701_21;U;10090;1234;0;11100;2440;2170
P206060701;P206060701_22;V;10100;0;0;11110;1206;2170
P206060701;P206060701_23;W;11100;1234;0;12110;2440;2170
P206060701;P206060701_24;X;11110;0;0;12120;1206;2170
P206060701;P206060701_25;Y;12110;1234;0;13120;2440;2170
P206060701;P206060701_26;Z;12120;0;0;13130;1206;1085
P202060705;P202060705_1;A;0;0;0;1000;1200;2835
P202060705;P202060705_2;B;0;1240;0;1000;2440;2835
P202060705;P202060705_3;C;1000;1240;0;2000;2440;2835
P202060705;P202060705_4;D;1000;0;0;2000;1200;2835
P202060705;P202060705_5;E;2000;0;0;3000;1200;2835
P202060705;P202060705_6;F;2000;1240;0;3000;2440;2835
P202060705;P202060705_7;G;3000;1240;0;4000;2440;1905
P202060705;P202060705_8;H;3000;0;0;4010;1206;2170
P202060705;P202060705_9;I;4000;1234;0;5010;2440;2170
P202060705;P202060705_10;J;4010;0;0;5020;1206;2170
P202060705;P202060705_11;K;5010;1234;0;6020;2440;2170
P202060705;P202060705_12;L;5020;0;0;6030;1206;2170
P202060705;P202060705_13;M;6020;1234;0;7030;2440;2170
P202060705;P202060705_14;N;6030;0;0;7040;1206;2170
P202060705;P202060705_15;O;7030;1234;0;8040;2440;2170
P202060705;P202060705_16;P;7040;0;0;8050;1206;2170
P202060705;P202060705_17;Q;8040;1234;0;9050;2440;2170
P202060705;P202060705_18;R;8050;0;0;9060;1206;2170
P202060705;P202060705_19;S;9050;1234;0;10060;2440;2170
P202060705;P202060705_20;T;9060;0;0;10070;1206;2170
P202060705;P202060705_21;U;10060;1234;0;11070;2440;2170
P202060705;P202060705_22;V;10070;0;0;11080;1206;2170
P202060705;P202060705_23;W;11070;1234;0;12080;2440;2170
P202060705;P202060705_24;X;11080;0;0;12090;1206;2170
P202060705;P202060705_25;Y;12080;1234;0;13090;2440;1085
P200060703;P200060703_1;A;0;0;0;1000;1200;2835
P200060703;P200060703_2;B;0;1240;0;1000;2440;2835
P200060703;P200060703_3;C;1000;1240;0;2000;2440;2835
P200060703;P200060703_4;D;1000;0;0;2000;1200;1905
P200060703;P200060703_5;E;2000;0;0;3010;1206;2170
P200060703;P200060703_6;F;2000;1240;0;3000;2440;2835
P200060703;P200060703_7;G;3000;1240;0;4000;2440;2835
P200060703;P200060703_8;H;3010;0;0;4010;1200;2835
P200060703;P200060703_9;I;4000;1240;0;5000;2440;2835
P200060703;P200060703_10;J;4010;0;0;5010;1200;2835
P200060703;P200060703_11;K;5000;1240;0;6000;2440;2835
P200060703;P200060703_12;L;5010;0;0;6010;1200;2835
P200060703;P200060703_13;M;6000;1240;0;7000;2440;2835
P200060703;P200060703_14;N;6010;0;0;7010;1200;2835
P200060703;P200060703_15;O;7000;1240;0;8000;2440;2835
P200060703;P200060703_16;P;7010;0;0;8010;1200;2835
P200060703;P200060703_17;Q;8000;1240;0;9000;2440;2835
P200060703;P200060703_18;R;8010;0;0;9010;1200;2835
P200060703;P200060703_19;S;9000;1240;0;10000;2440;975
P200060703;P200060703_20;T;9010;0;0;10020;1206;1955
P200060703;P200060703_21;U;10000;1234;0;11010;2440;2370
P200060703;P200060703_22;V;10020;0;0;11030;1206;2370
P200060703;P200060703_23;W;11010;1234;0;12020;2440;2370
P200060703;P200060703_24;X;11030;0;0;12040;1206;2370
P200060703;P200060703_25;Y;12020;1234;0;13030;2440;2370
P199060701;P199060701_1;A;0;1234;0;1010;2440;2170
P199060701;P199060701_2;B;0;0;0;1010;1206;2170
P199060701;P199060701_3;C;1010;0;0;2020;1206;2170
P199060701;P199060701_4;D;1010;1234;0;2020;2440;2170
P199060701;P199060701_5;E;2020;1234;0;3030;2440;2170
P199060701;P199060701_6;F;2020;0;0;3030;1206;2170
P199060701;P199060701_7;G;3030;0;0;4040;1206;2170
P199060701;P199060701_8;H;3030;1234;0;4040;2440;2170
P199060701;P199060701_9;I;4040;1234;0;5050;2440;2170
P199060701;P199060701_10;J;4040;0;0;5050;1206;2170
P199060701;P199060701_11;K;5050;0;0;6060;1206;2170
P199060701;P199060701_12;L;5050;1234;0;6060;2440;2170
P199060701;P199060701_13;M;6060;1234;0;7070;2440;2170
P199060701;P199060701_14;N;6060;0;0;7070;1206;2170
P199060701;P199060701_15;O;7070;0;0;8080;1206;783
P199060701;P199060701_16;P;7070;1234;0;8080;2440;2655
P199060701;P199060701_17;Q;8080;1234;0;9090;2440;2655
P199060701;P199060701_18;R;8080;0;0;9090;1206;2170
P199060701;P199060701_19;S;9090;0;0;10100;1206;2170
P199060701;P199060701_20;T;9090;1234;0;10100;2440;2170
P199060701;P199060701_21;U;10100;1234;0;11110;2440;2170
P199060701;P199060701_22;V;10100;0;0;11110;1206;2170
P199060701;P199060701_23;W;11110;0;0;12120;1206;2170
P199060701;P199060701_24;X;11110;1234;0;12120;2440;2170
P199060701;P199060701_25;Y;12120;1430;0;13326;2440;2170
P199060701;P199060701_26;Z;12120;0;0;13326;1010;2170
P193060703;P193060703_1;A;0;0;0;1000;1200;2835
P193060703;P193060703_2;B;0;1200;0;1000;2400;2835
P193060703;P193060703_3;C;1000;1240;0;2000;2440;2835
P193060703;P193060703_4;D;1000;0;0;2000;1200;2835
P193060703;P193060703_5;E;2000;1240;0;3000;2440;2835
P193060703;P193060703_6;F;2000;0;0;3000;1200;2835
P193060703;P193060703_7;G;3000;0;0;4000;1200;2835
P193060703;P193060703_8;H;3000;1240;0;4000;2440;2835
P193060703;P193060703_9;I;4000;1234;0;5010;2440;2170
P193060703;P193060703_10;J;4000;0;0;5010;1206;2170
P193060703;P193060703_11;K;5010;0;0;6010;1200;2835
P193060703;P193060703_12;L;5010;1240;0;6010;2440;2835
P193060703;P193060703_13;M;6010;1240;0;7010;2440;2835
P193060703;P193060703_14;N;6010;0;0;7010;1200;2835
P193060703;P193060703_15;O;7010;0;0;8010;1200;2835
P193060703;P193060703_16;P;7010;1240;0;8010;2440;2835
P193060703;P193060703_17;Q;8010;1240;0;9010;2440;2835
P193060703;P193060703_18;R;8010;0;0;9010;1200;2835
P193060703;P193060703_19;S;9010;0;0;10010;1200;2835
P193060703;P193060703_20;T;9010;1240;0;10010;2440;2835
P193060703;P193060703_21;U;10010;1240;0;11010;2440;1905
P193060703;P193060703_22;V;10010;0;0;11020;1206;2370
P193060703;P193060703_23;W;11010;1234;0;12020;2440;2370
P193060703;P193060703_24;X;11020;0;0;12030;1206;2370
P193060703;P193060703_25;Y;12020;1234;0;13030;2440;2370
P193060703;P193060703_26;Z;12030;0;0;13040;1206;1185
P192060701;P192060701_1;A;0;1234;0;1010;2440;2170
P192060701;P192060701_2;B;0;0;0;1010;1206;2170
P192060701;P192060701_3;C;1010;0;0;2020;1206;2170
P192060701;P192060701_4;D;1010;1234;0;2020;2440;2170
P192060701;P192060701_5;E;2020;0;0;3030;1206;2170
P192060701;P192060701_6;F;2020;1234;0;3030;2440;2170
P192060701;P192060701_7;G;3030;1234;0;4040;2440;2170
P192060701;P192060701_8;H;3030;0;0;4040;1206;2170
P192060701;P192060701_9;I;4040;0;0;5050;1206;2170
P192060701;P192060701_10;J;4040;1234;0;5050;2440;2170
P192060701;P192060701_11;K;5050;1234;0;6060;2440;2170
P192060701;P192060701_12;L;5050;0;0;6060;1206;2170
P192060701;P192060701_13;M;6060;0;0;7070;1206;2170
P192060701;P192060701_14;N;6060;1234;0;7070;2440;2170
P192060701;P192060701_15;O;7070;1234;0;8080;2440;2170
P192060701;P192060701_16;P;7070;0;0;8070;1200;1155
P192060701;P192060701_17;Q;8070;0;0;9080;1206;2655
P192060701;P192060701_18;R;8080;1234;0;9090;2440;2170
P192060701;P192060701_19;S;9080;0;0;10090;1206;2170
P192060701;P192060701_20;T;9090;1234;0;10100;2440;2170
P192060701;P192060701_21;U;10090;0;0;11100;1206;2170
P192060701;P192060701_22;V;10100;1234;0;11110;2440;2170
P192060701;P192060701_23;W;11100;0;0;12110;1206;2170
P192060701;P192060701_24;X;11110;1234;0;12120;2440;2170
P192060701;P192060701_25;Y;12110;0;0;13120;1206;2170
P192060701;P192060701_26;Z;12120;1234;0;13130;2440;2170
P188060705;P188060705_1;A;0;1240;0;1000;2440;2835
P188060705;P188060705_2;B;0;0;0;1000;1200;2835
P188060705;P188060705_3;C;1000;0;0;2000;1200;2835
P188060705;P188060705_4;D;1000;1240;0;2000;2440;2835
P188060705;P188060705_5;E;2000;1240;0;3000;2440;1905
P188060705;P188060705_6;F;2000;0;0;3000;1200;2835
P188060705;P188060705_7;G;3000;0;0;4000;1200;2835
P188060705;P188060705_8;H;3000;1240;0;4000;2440;975
P188060705;P188060705_9;I;4000;1234;0;5010;2440;2170
P188060705;P188060705_10;J;4000;0;0;5010;1206;2170
P188060705;P188060705_11;K;5010;0;0;6020;1206;2170
P188060705;P188060705_12;L;5010;1234;0;6020;2440;2170
P188060705;P188060705_13;M;6020;1234;0;7030;2440;2170
P188060705;P188060705_14;N;6020;0;0;7030;1206;2170
P188060705;P188060705_15;O;7030;0;0;8040;1206;2170
P188060705;P188060705_16;P;7030;1234;0;8040;2440;2170
P188060705;P188060705_17;Q;8040;1234;0;9050;2440;2170
P188060705;P188060705_18;R;8040;0;0;9050;1206;2170
P188060705;P188060705_19;S;9050;0;0;10060;1206;2170
P188060705;P188060705_20;T;9050;1234;0;10060;2440;2170
P188060705;P188060705_21;U;10060;1234;0;11070;2440;2170
P188060705;P188060705_22;V;10060;0;0;11070;1206;2170
P188060705;P188060705_23;W;11070;0;0;12276;1010;2170
P188060705;P188060705_24;X;11070;1234;0;12080;2440;2170
P188060705;P188060705_25;Y;12080;1430;0;13286;2440;2170
P188060705;P188060705_26;Z;12276;0;0;13482;1010;2170
P186060703;P186060703_1;A;0;0;0;1000;1200;2835
P186060703;P186060703_2;B;0;1240;0;1000;2440;2835
P186060703;P186060703_3;C;1000;1240;0;2000;2440;2835
P186060703;P186060703_4;D;1000;0;0;2000;1200;2835
P186060703;P186060703_5;E;2000;0;0;3000;1200;1905
P186060703;P186060703_6;F;2000;1234;0;3010;2440;1085
P186060703;P186060703_7;G;3000;0;0;4000;1200;2835
P186060703;P186060703_8;H;3010;1240;0;4010;2440;2835
P186060703;P186060703_9;I;4000;0;0;5000;1200;2835
P186060703;P186060703_10;J;4010;1240;0;5010;2440;2835
P186060703;P186060703_11;K;5000;0;0;6000;1200;2835
P186060703;P186060703_12;L;5010;1240;0;6010;2440;2835
P186060703;P186060703_13;M;6000;0;0;7000;1200;2835
P186060703;P186060703_14;N;6010;1240;0;7010;2440;2835
P186060703;P186060703_15;O;7000;0;0;8000;1200;2835
P186060703;P186060703_16;P;7010;1240;0;8010;2440;2835
P186060703;P186060703_17;Q;8000;0;0;9000;1200;2835
P186060703;P186060703_18;R;8010;1240;0;9010;2440;2835
P186060703;P186060703_19;S;9000;0;0;10000;1200;2835
P186060703;P186060703_20;T;9010;1240;0;10010;2440;975
P186060703;P186060703_21;U;10000;0;0;11010;1206;2755
P186060703;P186060703_22;V;10010;1234;0;11020;2440;2370
P186060703;P186060703_23;W;11010;0;0;12020;1206;2370
P186060703;P186060703_24;X;11020;1234;0;12030;2440;2370
P186060703;P186060703_25;Y;12020;0;0;13030;1206;2370
P186060703;P186060703_26;Z;12030;1234;0;13040;2440;1185
P185060701;P185060701_1;A;0;0;0;1010;1206;2170
P185060701;P185060701_2;B;0;1206;0;1010;2412;2170
P185060701;P185060701_3;C;1010;1234;0;2020;2440;2170
P185060701;P185060701_4;D;1010;0;0;2020;1206;2170
P185060701;P185060701_5;E;2020;1234;0;3030;2440;2170
P185060701;P185060701_6;F;2020;0;0;3030;1206;2170
P185060701;P185060701_7;G;3030;0;0;4040;1206;2170
P185060701;P185060701_8;H;3030;1234;0;4040;2440;2170
P185060701;P185060701_9;I;4040;1234;0;5050;2440;2170
P185060701;P185060701_10;J;4040;0;0;5050;1206;2170
P185060701;P185060701_11;K;5050;0;0;6060;1206;2170
P185060701;P185060701_12;L;5050;1234;0;6060;2440;2170
P185060701;P185060701_13;M;6060;1234;0;7070;2440;2170
P185060701;P185060701_14;N;6060;0;0;7070;1206;2170
P185060701;P185060701_15;O;7070;0;0;8080;1206;2170
P185060701;P185060701_16;P;7070;1234;0;8080;2440;2170
P185060701;P185060701_17;Q;8080;1234;0;9090;2440;2170
P185060701;P185060701_18;R;8080;0;0;9090;1206;2170
P185060701;P185060701_19;S;9090;0;0;10100;1206;2170
P185060701;P185060701_20;T;9090;1234;0;10100;2440;2170
P185060701;P185060701_21;U;10100;1234;0;11110;2440;2170
P185060701;P185060701_22;V;10100;0;0;11110;1206;2170
P185060701;P185060701_23;W;11110;0;0;12120;1206;2170
P185060701;P185060701_24;X;11110;1234;0;12120;2440;783
P185060701;P185060701_25;Y;12120;1430;0;13326;2440;2655
P185060701;P185060701_26;Z;12120;0;0;13326;1010;2170
Q185060701_1;Q185060701_1_1;A;0;0;0;1010;1206;2170
Q185060701_1;Q185060701_1_2;B;0;1234;0;1010;2440;2170
Q185060701_1;Q185060701_1_3;C;1010;1234;0;2020;2440;2170
Q185060701_1;Q185060701_1_4;D;1010;0;0;2020;1206;2170
Q185060701_1;Q185060701_1_5;E;2020;0;0;3030;1206;2170
Q185060701_1;Q185060701_1_6;F;2020;1234;0;3030;2440;2170
Q185060701_1;Q185060701_1_7;G;3030;1234;0;4040;2440;2170
Q185060701_1;Q185060701_1_8;H;3030;0;0;4040;1206;2170
Q185060701_1;Q185060701_1_9;I;4040;0;0;5050;1206;2170
Q185060701_1;Q185060701_1_10;J;4040;1234;0;5050;2440;2170
Q185060701_1;Q185060701_1_11;K;5050;1234;0;6060;2440;2170
P180066703;P180066703_1;A;0;0;0;1010;1206;2913
P180066703;P180066703_2;B;0;1234;0;1010;2440;2302
P180066703;P180066703_3;C;1010;1234;0;2020;2440;2302
P180066703;P180066703_4;D;1010;0;0;2020;1206;2302
P180066703;P180066703_5;E;2020;0;0;3030;1206;2302
P180066703;P180066703_6;F;2020;1234;0;3030;2440;2302
P180066703;P180066703_7;G;3030;1234;0;4040;2440;2482
P180066703;P180066703_8;H;3030;0;0;4030;1200;2080
P180066703;P180066703_9;I;4030;0;0;5030;1200;1595
P180066703;P180066703_10;J;4040;1240;0;5040;2440;1595
P180066703;P180066703_11;K;5030;0;0;6030;1200;1595
P180066703;P180066703_12;L;5040;1240;0;6040;2440;1595
P180066703;P180066703_13;M;6030;0;0;7030;1200;1595
P180066703;P180066703_14;N;6040;1240;0;7040;2440;1595
P180066703;P180066703_15;O;7030;0;0;8030;1200;1595
P180066703;P180066703_16;P;7040;1240;0;8040;2440;1595
P180066703;P180066703_17;Q;8030;0;0;9030;1200;1595
P180066703;P180066703_18;R;8040;1240;0;9040;2440;1595
P179066703;P179066703_1;A;0;0;0;1010;1206;2302
P179066703;P179066703_2;B;0;1234;0;1010;2440;2302
P179066703;P179066703_3;C;1010;1234;0;2020;2440;2482
P179066703;P179066703_4;D;1010;0;0;2020;1206;2302
P179066703;P179066703_5;E;2020;0;0;3030;1206;2302
P179066703;P179066703_6;F;2020;1234;0;3030;2440;2302
P179066703;P179066703_7;G;3030;1234;0;4040;2440;1151
P179066703;P179066703_8;H;3030;0;0;4030;1200;2255
P179066703;P179066703_9;I;4030;0;0;5030;1200;2540
P179066703;P179066703_10;J;4040;1240;0;5040;2440;1595
P179066703;P179066703_11;K;5030;0;0;6030;1200;1595
P179066703;P179066703_12;L;5040;1240;0;6040;2440;1595
P179066703;P179066703_13;M;6030;0;0;7030;1200;1595
P179066703;P179066703_14;N;6040;1240;0;7040;2440;1595
P179066703;P179066703_15;O;7030;0;0;8030;1200;1595
P179066703;P179066703_16;P;7040;1240;0;8040;2440;1595
P179066703;P179066703_17;Q;8030;0;0;9030;1200;1595
P179066703;P179066703_18;R;8040;1240;0;9040;2440;1595
P178066703;P178066703_1;A;0;1234;0;1010;2440;2482
P178066703;P178066703_2;B;0;0;0;1010;1206;2302
P178066703;P178066703_3;C;1010;0;0;2020;1206;2482
P178066703;P178066703_4;D;1010;1234;0;2020;2440;2302
P178066703;P178066703_5;E;2020;1234;0;3030;2440;2302
P178066703;P178066703_6;F;2020;0;0;3030;1206;2302
P178066703;P178066703_7;G;3030;0;0;4040;1206;1151
P178066703;P178066703_8;H;3030;1234;0;4040;2440;1151
P178066703;P178066703_9;I;4040;1240;0;5040;2440;2320
P178066703;P178066703_10;J;4040;0;0;5040;1200;2540
P178066703;P178066703_11;K;5040;0;0;6040;1200;1595
P178066703;P178066703_12;L;5040;1240;0;6040;2440;1595
P178066703;P178066703_13;M;6040;1240;0;7040;2440;1595
P178066703;P178066703_14;N;6040;0;0;7040;1200;1595
P178066703;P178066703_15;O;7040;0;0;8040;1200;1595
P178066703;P178066703_16;P;7040;1240;0;8040;2440;1595
P178066703;P178066703_17;Q;8040;1240;0;9040;2440;1595
P178066703;P178066703_18;R;8040;0;0;9040;1200;1595
P174066705;P174066705_1;A;0;0;0;1010;1206;2733
P174066705;P174066705_2;B;0;1234;0;1010;2440;2482
P174066705;P174066705_3;C;1010;1234;0;2020;2440;2302
P174066705;P174066705_4;D;1010;0;0;2020;1206;2302
P174066705;P174066705_5;E;2020;0;0;3030;1206;2302
P174066705;P174066705_6;F;2020;1234;0;3030;2440;2302
P174066705;P174066705_7;G;3030;1234;0;4040;2440;2302
P174066705;P174066705_8;H;3030;0;0;4030;1200;2030
P174066705;P174066705_9;I;4030;0;0;5030;1200;2320
P174066705;P174066705_10;J;4040;1240;0;5040;2440;2540
P174066705;P174066705_11;K;5030;0;0;6030;1200;1595
P174066705;P174066705_12;L;5040;1240;0;6040;2440;1595
P174066705;P174066705_13;M;6030;0;0;7030;1200;1595
P174066705;P174066705_14;N;6040;1240;0;7040;2440;1595
P174066705;P174066705_15;O;7030;0;0;8030;1200;1595
P174066705;P174066705_16;P;7040;1240;0;8040;2440;1595
P174066705;P174066705_17;Q;8030;0;0;9030;1200;1595
P174066705;P174066705_18;R;8040;1240;0;9040;2440;1645
P174066705;P174066705_19;S;9030;0;0;10030;1200;1595
P174066705;P174066705_20;T;9040;1240;0;10040;2440;1595
P174066705;P174066705_21;U;10030;0;0;11030;1200;1595
P174066705;P174066705_22;V;10040;1240;0;11040;2440;1595
P174066705;P174066705_23;W;11030;0;0;12030;1200;1595
P174066705;P174066705_24;X;11040;1240;0;12040;2440;1595
P174066705;P174066705_25;Y;12030;0;0;13030;1200;1595
P174066705;P174066705_26;Z;12040;1240;0;13040;2440;1595
P173066703;P173066703_1;A;0;0;0;1010;1206;2302
P173066703;P173066703_2;B;0;1240;0;800;2440;690
P173066703;P173066703_3;C;800;1234;0;1810;2440;2482
P173066703;P173066703_4;D;1010;0;0;2020;1206;2482
P173066703;P173066703_5;E;1810;1234;0;2820;2440;2302
P173066703;P173066703_6;F;2020;0;0;3030;1206;2482
P173066703;P173066703_7;G;2820;1234;0;3830;2440;2302
P173066703;P173066703_8;H;3030;0;0;4040;1206;2302
P173066703;P173066703_9;I;3830;1234;0;4840;2440;2482
P173066703;P173066703_10;J;4040;0;0;5050;1206;2302
P173066703;P173066703_11;K;4840;1234;0;5850;2440;2302
P173066703;P173066703_12;L;5050;0;0;6060;1206;2302
P173066703;P173066703_13;M;5850;1240;0;6850;2440;2370
P173066703;P173066703_14;N;6060;0;0;7060;1200;1595
P173066703;P173066703_15;O;6850;1240;0;7850;2440;1595
P173066703;P173066703_16;P;7060;0;0;8060;1200;1595
P173066703;P173066703_17;Q;7850;1240;0;8850;2440;1595
P173066703;P173066703_18;R;8060;0;0;9060;1200;1595
P173066703;P173066703_19;S;8850;1240;0;9850;2440;1595
P173066703;P173066703_20;T;9060;0;0;10060;1200;1595
P173066703;P173066703_21;U;9850;1240;0;10850;2440;1595
P173066703;P173066703_22;V;10060;0;0;11060;1200;1595
P173066703;P173066703_23;W;10850;1240;0;11850;2440;1595
P172066703;P172066703_1;A;0;0;0;1010;1206;2302
P172066703;P172066703_2;B;0;1234;0;1010;2440;2302
P172066703;P172066703_3;C;1010;1234;0;2020;2440;2482
P172066703;P172066703_4;D;1010;0;0;2020;1206;2302
P172066703;P172066703_5;E;2020;0;0;3030;1206;2302
P172066703;P172066703_6;F;2020;1234;0;3030;2440;2302
P172066703;P172066703_7;G;3030;1240;0;4030;2440;2320
P172066703;P172066703_8;H;3030;0;0;4030;1200;2030
P172066703;P172066703_9;I;4030;0;0;5030;1200;2540
P172066703;P172066703_10;J;4030;1240;0;5030;2440;1595
P172066703;P172066703_11;K;5030;1240;0;6030;2440;1595
P172066703;P172066703_12;L;5030;0;0;6030;1200;1595
P172066703;P172066703_13;M;6030;0;0;7030;1200;1595
P172066703;P172066703_14;N;6030;1240;0;7030;2440;1595
P172066703;P172066703_15;O;7030;1240;0;8030;2440;1595
P172066703;P172066703_16;P;7030;0;0;8030;1200;1595
P171066703;P171066703_1;A;0;0;0;1010;1206;2302
P171066703;P171066703_2;B;0;1234;0;1010;2440;2482
P171066703;P171066703_3;C;1010;1234;0;2020;2440;2302
P171066703;P171066703_4;D;1010;0;0;2020;1206;2302
P171066703;P171066703_5;E;2020;0;0;3030;1206;1151
P171066703;P171066703_6;F;2020;1234;0;3030;2440;1151
P171066703;P171066703_7;G;3030;1240;0;4030;2440;2305
P171066703;P171066703_8;H;3030;0;0;4030;1200;2540
P171066703;P171066703_9;I;4030;0;0;5030;1200;1595
P171066703;P171066703_10;J;4030;1240;0;5030;2440;1595
P171066703;P171066703_11;K;5030;1240;0;6030;2440;1595
P171066703;P171066703_12;L;5030;0;0;6030;1200;1595
P171066703;P171066703_13;M;6030;0;0;7030;1200;1595
P171066703;P171066703_14;N;6030;1240;0;7030;2440;1595
P171066703;P171066703_15;O;7030;1240;0;8030;2440;1595
P171066703;P171066703_16;P;7030;0;0;8030;1200;1595
P167066705;P167066705_1;A;0;0;0;1010;1206;2302
P167066705;P167066705_2;B;0;1234;0;1010;2440;2302
P167066705;P167066705_3;C;1010;1234;0;2020;2440;1582
P167066705;P167066705_4;D;1010;0;0;2020;1206;2662
P167066705;P167066705_5;E;2020;0;0;3030;1206;2302
P167066705;P167066705_6;F;2020;1234;0;3030;2440;2302
P167066705;P167066705_7;G;3030;1234;0;4040;2440;2302
P167066705;P167066705_8;H;3030;0;0;4040;1206;2302
P167066705;P167066705_9;I;4040;0;0;5050;1206;2482
P167066705;P167066705_10;J;4040;1234;0;5050;2440;2482
P167066705;P167066705_11;K;5050;1234;0;6060;2440;2302
P167066705;P167066705_12;L;5050;0;0;6060;1206;1151
P167066705;P167066705_13;M;6060;0;0;7070;1206;2302
P167066705;P167066705_14;N;6060;1234;0;7070;2440;1151
P179064703;P179064703_1;A;0;0;0;3280;2100;2295
P179064703;P179064703_2;B;3280;1240;0;4880;2440;2700
P179064703;P179064703_3;C;3280;0;0;5480;900;2200
P179064703;P179064703_4;D;4880;1240;0;5880;2440;2700
P179064703;P179064703_5;E;5480;0;0;7080;1200;2700
P179064703;P179064703_6;F;5880;1640;0;8700;2440;1100
P179064703;P179064703_7;G;7080;0;0;8080;1200;2700
P179064703;P179064703_8;H;8080;0;0;10280;900;1650
P179064703;P179064703_9;I;8700;1240;0;10300;2440;2700
P179064703;P179064703_10;J;10280;0;0;11880;1200;2700
P179064703;P179064703_11;K;10300;1240;0;11300;2440;1815
P179064703;P179064703_12;L;11300;1240;0;12900;2440;2700
P179064703;P179064703_13;M;11880;0;0;13480;1200;2700
P177064701;P177064701_1;A;0;0;0;4380;2100;2295
P177064701;P177064701_2;B;4380;0;0;7660;2100;1395
P177064701;P177064701_3;C;7660;1240;0;9260;2440;2700
P177064701;P177064701_4;D;7660;0;0;8660;1200;2700
P177064701;P177064701_5;E;8660;0;0;9660;1200;2700
P177064701;P177064701_6;F;9260;1240;0;10860;2440;2700
P177064701;P177064701_7;G;9660;0;0;10660;1200;2700
P177064701;P177064701_8;H;10660;0;0;12260;1200;2700
P177064701;P177064701_9;I;10860;1240;0;12460;2440;2700
P177064701;P177064701_10;J;12260;0;0;13260;1200;2700
P177064701;P177064701_11;K;12460;1240;0;13460;2440;1815
P173064705;P173064705_1;A;0;0;0;3280;2100;1395
P173064705;P173064705_2;B;3280;1240;0;4880;2440;2700
P173064705;P173064705_3;C;3280;0;0;5480;900;1650
P173064705;P173064705_4;D;4880;900;0;6480;2100;2700
P173064705;P173064705_5;E;5480;0;0;7680;900;550
P173064705;P173064705_6;F;6480;1240;0;8080;2440;2700
P173064705;P173064705_7;G;7680;40;0;8680;1240;2700
P173064705;P173064705_8;H;8080;1240;0;9680;2440;2700
P173064705;P173064705_9;I;8680;0;0;10280;1200;2700
P173064705;P173064705_10;J;9680;1200;0;11280;2400;2700
P173064705;P173064705_11;K;10280;0;0;11880;1200;1815
P173064705;P173064705_12;L;11280;1240;0;12280;2440;2700
P173064705;P173064705_13;M;11880;40;0;12880;1240;2700
P173064705;P173064705_14;N;12280;1240;0;13280;2440;930
P172064703;P172064703_1;A;0;0;0;3280;2100;1395
P172064703;P172064703_2;B;3280;0;0;7660;2100;945
P172064703;P172064703_3;C;7660;0;0;10480;800;1100
P172064703;P172064703_4;D;7660;840;0;8860;2440;2700
P172064703;P172064703_5;E;8860;1240;0;9860;2440;2700
P172064703;P172064703_6;F;9860;1240;0;10860;2440;930
P172064703;P172064703_7;G;10480;0;0;12080;1200;2700
P172064703;P172064703_8;H;10860;1540;0;13060;2440;1100
P170064701;P170064701_1;A;0;0;0;4380;2100;2745
P170064701;P170064701_2;B;4380;0;0;7660;2100;1845
P170064701;P170064701_3;C;7660;0;0;8560;2200;1650
P170064701;P170064701_4;D;8560;1240;0;10160;2440;2700
P170064701;P170064701_5;E;8560;0;0;9560;1200;2700
P170064701;P170064701_6;F;9560;0;0;10560;1200;2700
P170064701;P170064701_7;G;10160;1240;0;11760;2440;2700
P170064701;P170064701_8;H;10560;0;0;12160;1200;2700
P170064701;P170064701_9;I;11760;1240;0;13360;2440;2700
P170064701;P170064701_10;J;12160;0;0;13160;1200;2700
P166064705;P166064705_1;A;0;0;0;3280;2100;945
P166064705;P166064705_2;B;3280;1240;0;4280;2440;2700
P166064705;P166064705_3;C;3280;0;0;4880;1200;2700
P166064705;P166064705_4;D;4280;1540;0;6480;2440;1650
P166064705;P166064705_5;E;4880;0;0;6480;1200;2700
P166064705;P166064705_6;F;6480;0;0;7480;1200;2700
P166064705;P166064705_7;G;6480;1240;0;8080;2440;2700
P166064705;P166064705_8;H;7480;0;0;8480;1200;930
P240241201;P240241201_1;A;0;0;0;1600;1200;2700
P240241201;P240241201_2;B;0;1240;0;1600;2440;2700
P240241201;P240241201_3;C;1600;1240;0;3200;2440;2700
P240241201;P240241201_4;D;1600;0;0;3200;1200;2700
P240241201;P240241201_5;E;3200;0;0;4800;1200;2700
P240241201;P240241201_6;F;3200;1240;0;4800;2440;2700
P240241201;P240241201_7;G;4800;1240;0;6400;2440;1815
P240241201;P240241201_8;H;4800;0;0;5800;1200;2725
P240241201;P240241201_9;I;5800;0;0;6800;1200;445
P208241203;P208241203_1;A;0;0;0;1600;1200;2700
P208241203;P208241203_2;B;0;1240;0;1600;2440;2700
P208241203;P208241203_3;C;1600;1240;0;3200;2440;2700
P208241203;P208241203_4;D;1600;0;0;3200;1200;2700
P208241203;P208241203_5;E;3200;0;0;4800;1200;2700
P208241203;P208241203_6;F;3200;1240;0;4800;2440;2700
P208241203;P208241203_7;G;4800;1240;0;6400;2440;2700
P208241203;P208241203_8;H;4800;0;0;6400;1200;2700
P208241203;P208241203_9;I;6400;0;0;8000;1200;2700
P208241203;P208241203_10;J;6400;1240;0;7400;2440;890
P208241203;P208241203_11;K;7400;1240;0;8400;2440;2775
P208241203;P208241203_12;L;8000;0;0;9000;1200;1850
P208241203;P208241203_13;M;8400;1300;0;9380;2440;2580
P208241203;P208241203_14;N;9000;0;0;9980;1140;2580
P208241203;P208241203_15;O;9380;1300;0;10360;2440;2580
P208241203;P208241203_16;P;9980;0;0;10960;1140;1720
P208241203;P208241203_17;Q;10360;1240;0;11360;2440;2090
P208241203;P208241203_18;R;10960;0;0;11960;1200;2775
P208241203;P208241203_19;S;11360;1240;0;12360;2440;1850
P208241203;P208241203_20;T;11960;0;0;12960;1200;2090
P206241201;P206241201_1;A;0;0;0;1600;1200;2700
P206241201;P206241201_2;B;0;1200;0;1600;2400;2700
P206241201;P206241201_3;C;1600;1240;0;3200;2440;2700
P206241201;P206241201_4;D;1600;0;0;3200;1200;2700
P206241201;P206241201_5;E;3200;0;0;4800;1200;2700
P206241201;P206241201_6;F;3200;1200;0;4800;2400;2700
P206241201;P206241201_7;G;4800;1240;0;6400;2440;2700
P206241201;P206241201_8;H;4800;0;0;6400;1200;2700
P206241201;P206241201_9;I;6400;1240;0;8000;2440;2700
P206241201;P206241201_10;J;6400;0;0;8000;1200;2700
P206241201;P206241201_11;K;8000;0;0;9600;1200;2700
P206241201;P206241201_12;L;8000;1240;0;9600;2440;2700
P206241201;P206241201_13;M;9600;1240;0;11200;2440;2700
P206241201;P206241201_14;N;9600;0;0;11200;1200;2700
P206241201;P206241201_15;O;11200;0;0;12200;1200;2870
P206241201;P206241201_16;P;11200;1240;0;12200;2440;2870
P206241201;P206241201_17;Q;12200;1440;0;13400;2440;2535
P206241201;P206241201_18;R;12200;0;0;13400;1000;2535
P205241201;P205241201_1;A;0;1240;0;1600;2440;2700
P205241201;P205241201_2;B;0;0;0;1600;1200;2700
P205241201;P205241201_3;C;1600;0;0;3200;1200;2700
P205241201;P205241201_4;D;1600;1200;0;3200;2400;2700
P205241201;P205241201_5;E;3200;1240;0;4800;2440;2700
P205241201;P205241201_6;F;3200;0;0;4800;1200;2700
P205241201;P205241201_7;G;4800;0;0;6400;1200;2700
P205241201;P205241201_8;H;4800;1200;0;6400;2400;2700
P205241201;P205241201_9;I;6400;1240;0;8000;2440;2700
P205241201;P205241201_10;J;6400;0;0;8000;1200;2700
P205241201;P205241201_11;K;8000;0;0;9600;1200;2700
P205241201;P205241201_12;L;8000;1200;0;9600;2400;2700
P205241201;P205241201_13;M;9600;1240;0;11200;2440;2700
P205241201;P205241201_14;N;9600;0;0;11200;1200;2700
P205241201;P205241201_15;O;11200;0;0;12800;1200;2700
P205241201;P205241201_16;P;11200;1200;0;12200;2400;2125
P205241201;P205241201_17;Q;12200;1240;0;13200;2440;1490
P201241203;P201241203_1;A;0;1240;0;1600;2440;2700
P201241203;P201241203_2;B;0;0;0;1600;1200;2700
P201241203;P201241203_3;C;1600;0;0;3200;1200;2700
P201241203;P201241203_4;D;1600;1240;0;3200;2440;2700
P201241203;P201241203_5;E;3200;1240;0;4800;2440;2700
P201241203;P201241203_6;F;3200;0;0;4800;1200;2700
P201241203;P201241203_7;G;4800;0;0;6400;1200;2700
P201241203;P201241203_8;H;4800;1240;0;6400;2440;2700
P201241203;P201241203_9;I;6400;1240;0;8000;2440;2700
P201241203;P201241203_10;J;6400;0;0;7400;1200;2225
P201241203;P201241203_11;K;7400;0;0;8400;1200;2090
P201241203;P201241203_12;L;8000;1240;0;9000;2440;2895
P201241203;P201241203_13;M;8400;0;0;9400;1200;2775
P201241203;P201241203_14;N;9000;1240;0;10000;2440;1850
P201241203;P201241203_15;O;9400;0;0;10400;1200;2895
P201241203;P201241203_16;P;10000;1300;0;10980;2440;2580
P201241203;P201241203_17;Q;10400;0;0;11380;1140;2580
P201241203;P201241203_18;R;10980;1300;0;11960;2440;2580
P201241203;P201241203_19;S;11380;0;0;12360;1140;2580
P201241203;P201241203_20;T;11960;1240;0;12960;2440;2775
P201241203;P201241203_21;U;12360;0;0;13360;1200;925
P199241201;P199241201_1;A;0;1240;0;1600;2440;2700
P199241201;P199241201_2;B;0;0;0;1600;1200;2700
P199241201;P199241201_3;C;1600;0;0;3200;1200;2700
P199241201;P199241201_4;D;1600;1200;0;3200;2400;2700
P199241201;P199241201_5;E;3200;0;0;4800;1200;2700
P199241201;P199241201_6;F;3200;1240;0;4800;2440;2700
P199241201;P199241201_7;G;4800;1240;0;6400;2440;2700
P199241201;P199241201_8;H;4800;0;0;6400;1200;2700
P199241201;P199241201_9;I;6400;0;0;8000;1200;2700
P199241201;P199241201_10;J;6400;1240;0;8000;2440;2700
P199241201;P199241201_11;K;8000;1240;0;9600;2440;2700
P199241201;P199241201_12;L;8000;0;0;9600;1200;2700
P199241201;P199241201_13;M;9600;0;0;11200;1200;2700
P199241201;P199241201_14;N;9600;1240;0;11200;2440;2700
P199241201;P199241201_15;O;11200;1240;0;12200;2440;2870
P199241201;P199241201_16;P;11200;0;0;12200;1200;2870
P199241201;P199241201_17;Q;12200;0;0;13400;1000;2770
P199241201;P199241201_18;R;12200;1440;0;13400;2440;2090
P198241201;P198241201_1;A;0;0;0;1600;1200;2700
P198241201;P198241201_2;B;0;1200;0;1600;2400;2700
P198241201;P198241201_3;C;1600;1240;0;3200;2440;2700
P198241201;P198241201_4;D;1600;0;0;3200;1200;2700
P198241201;P198241201_5;E;3200;0;0;4800;1200;2700
P198241201;P198241201_6;F;3200;1200;0;4800;2400;2700
P198241201;P198241201_7;G;4800;1240;0;6400;2440;2700
P198241201;P198241201_8;H;4800;0;0;6400;1200;2700
P198241201;P198241201_9;I;6400;0;0;8000;1200;2700
P198241201;P198241201_10;J;6400;1200;0;8000;2400;2700
P198241201;P198241201_11;K;8000;1240;0;9600;2440;2700
P198241201;P198241201_12;L;8000;0;0;9600;1200;2700
P198241201;P198241201_13;M;9600;0;0;11200;1200;2700
P198241201;P198241201_14;N;9600;1200;0;11200;2400;1815
P198241201;P198241201_15;O;11200;1240;0;12200;2440;2725
P198241201;P198241201_16;P;11200;0;0;12200;1200;1045
P198241201;P198241201_17;Q;12200;0;0;13200;1200;890
P194241203;P194241203_1;A;0;0;0;1600;1200;2700
P194241203;P194241203_2;B;0;1200;0;1600;2400;2700
P194241203;P194241203_3;C;1600;1240;0;3200;2440;2700
P194241203;P194241203_4;D;1600;0;0;3200;1200;2700
P194241203;P194241203_5;E;3200;0;0;4800;1200;2700
P194241203;P194241203_6;F;3200;1240;0;4800;2440;2700
P194241203;P194241203_7;G;4800;1240;0;6400;2440;2700
P194241203;P194241203_8;H;4800;0;0;6400;1200;2700
P194241203;P194241203_9;I;6400;0;0;8000;1200;2700
P194241203;P194241203_10;J;6400;1240;0;8000;2440;930
P194241203;P194241203_11;K;8000;1240;0;9000;2440;445
P194241203;P194241203_12;L;8000;0;0;9000;1200;2775
P194241203;P194241203_13;M;9000;0;0;10000;1200;2775
P194241203;P194241203_14;N;9000;1300;0;9980;2440;2580
P194241203;P194241203_15;O;9980;1300;0;10960;2440;2580
P194241203;P194241203_16;P;10000;0;0;10980;1140;2580
P194241203;P194241203_17;Q;10960;1300;0;11940;2440;2580
P194241203;P194241203_18;R;10980;0;0;11980;1200;2895
P194241203;P194241203_19;S;11940;1240;0;12940;2440;2775
P194241203;P194241203_20;T;11980;0;0;12980;1200;2090
P192241201;P192241201_1;A;0;0;0;1600;1200;2700
P192241201;P192241201_2;B;0;1200;0;1600;2400;2700
P192241201;P192241201_3;C;1600;1240;0;3200;2440;2700
P192241201;P192241201_4;D;1600;0;0;3200;1200;2700
P192241201;P192241201_5;E;3200;0;0;4800;1200;2700
P192241201;P192241201_6;F;3200;1200;0;4800;2400;2700
P192241201;P192241201_7;G;4800;1240;0;6400;2440;2700
P192241201;P192241201_8;H;4800;0;0;6400;1200;2700
P192241201;P192241201_9;I;6400;0;0;8000;1200;2700
P192241201;P192241201_10;J;6400;1200;0;8000;2400;2700
P192241201;P192241201_11;K;8000;1240;0;9600;2440;2700
P192241201;P192241201_12;L;8000;0;0;9600;1200;2700
P192241201;P192241201_13;M;9600;0;0;11200;1200;2700
P192241201;P192241201_14;N;9600;1200;0;11200;2400;2700
P192241201;P192241201_15;O;11200;1240;0;12800;2440;2700
P192241201;P192241201_16;P;11200;0;0;12200;1200;2715
P192241201;P192241201_17;Q;12200;40;0;13200;1240;1935
P191241201;P191241201_1;A;0;0;0;1600;1200;2700
P191241201;P191241201_2;B;0;1200;0;1600;2400;2700
P191241201;P191241201_3;C;1600;1240;0;3200;2440;2700
P191241201;P191241201_4;D;1600;0;0;3200;1200;2700
P191241201;P191241201_5;E;3200;0;0;4800;1200;2700
P191241201;P191241201_6;F;3200;1240;0;4800;2440;2700
P191241201;P191241201_7;G;4800;1240;0;6400;2440;2700
P191241201;P191241201_8;H;4800;0;0;6400;1200;2700
P191241201;P191241201_9;I;6400;0;0;8000;1200;2700
P191241201;P191241201_10;J;6400;1240;0;8000;2440;2700
P191241201;P191241201_11;K;8000;1240;0;9600;2440;2700
P191241201;P191241201_12;L;8000;0;0;9600;1200;2700
P191241201;P191241201_13;M;9600;0;0;11200;1200;2700
P191241201;P191241201_14;N;9600;1240;0;10600;2440;2880
P191241201;P191241201_15;O;10600;1240;0;11600;2440;2535
P191241201;P191241201_16;P;11200;0;0;12200;1200;1935
P191241201;P191241201_17;Q;11600;1240;0;12600;2440;1335
P188241201;P188241201_1;A;0;0;0;1600;1200;2700
P188241201;P188241201_2;B;0;1240;0;1600;2440;2700
P188241201;P188241201_3;C;1600;1240;0;3200;2440;2700
P188241201;P188241201_4;D;1600;0;0;3200;1200;2700
P188241201;P188241201_5;E;3200;0;0;4800;1200;2700
P188241201;P188241201_6;F;3200;1240;0;4800;2440;2700
P188241201;P188241201_7;G;4800;1240;0;6400;2440;2700
P188241201;P188241201_8;H;4800;0;0;6400;1200;2700
P188241201;P188241201_9;I;6400;0;0;8000;1200;2700
P188241201;P188241201_10;J;6400;1240;0;8000;2440;2700
P188241201;P188241201_11;K;8000;1240;0;9600;2440;930
P188241201;P188241201_12;L;8000;0;0;9000;1200;2770
P188241201;P188241201_13;M;9000;0;0;10000;1200;1490
P188241201;P188241201_14;N;9600;1240;0;10600;2440;445
P187241203;P187241203_1;A;0;0;0;1600;1200;2700
P187241203;P187241203_2;B;0;1240;0;1600;2440;2700
P187241203;P187241203_3;C;1600;1240;0;3200;2440;2700
P187241203;P187241203_4;D;1600;0;0;3200;1200;2700
P187241203;P187241203_5;E;3200;0;0;4800;1200;2700
P187241203;P187241203_6;F;3200;1240;0;4800;2440;2700
P187241203;P187241203_7;G;4800;1240;0;6400;2440;2700
P187241203;P187241203_8;H;4800;0;0;6400;1200;930
P187241203;P187241203_9;I;6400;0;0;7400;1200;445
P187241203;P187241203_10;J;6400;1240;0;7400;2440;2775
P187241203;P187241203_11;K;7400;1240;0;8400;2440;2775
P187241203;P187241203_12;L;7400;0;0;8380;1140;2580
P187241203;P187241203_13;M;8380;0;0;9360;1140;2580
P187241203;P187241203_14;N;8400;1300;0;9380;2440;2580
P187241203;P187241203_15;O;9360;0;0;10340;1140;2580
P187241203;P187241203_16;P;9380;1300;0;10360;2440;1720
P187241203;P187241203_17;Q;10340;0;0;11340;1200;2090
P187241203;P187241203_18;R;10360;1240;0;11360;2440;2775
P187241203;P187241203_19;S;11340;0;0;12340;1200;2775
P187241203;P187241203_20;T;11360;1240;0;12360;2440;1970
P187241203;P187241203_21;U;12340;0;0;13340;1200;2090
P185241201;P185241201_1;A;0;1240;0;1600;2440;2700
P185241201;P185241201_2;B;0;0;0;1600;1200;2700
P185241201;P185241201_3;C;1600;0;0;3200;1200;2700
P185241201;P185241201_4;D;1600;1200;0;3200;2400;2700
P185241201;P185241201_5;E;3200;1240;0;4800;2440;2700
P185241201;P185241201_6;F;3200;0;0;4800;1200;2700
P185241201;P185241201_7;G;4800;0;0;6400;1200;2700
P185241201;P185241201_8;H;4800;1200;0;6400;2400;2700
P185241201;P185241201_9;I;6400;1240;0;8000;2440;2700
P185241201;P185241201_10;J;6400;0;0;8000;1200;2700
P185241201;P185241201_11;K;8000;0;0;9600;1200;2700
P185241201;P185241201_12;L;8000;1200;0;9600;2400;2700
P185241201;P185241201_13;M;9600;1240;0;11200;2440;2700
P185241201;P185241201_14;N;9600;0;0;11200;1200;2700
P185241201;P185241201_15;O;11200;0;0;12200;1200;2725
P185241201;P185241201_16;P;11200;1200;0;12200;2400;2380
P185241201;P185241201_17;Q;12200;1440;0;13400;2440;2090
P185241201;P185241201_18;R;12200;0;0;13400;1000;445
P184241201;P184241201_1;A;0;0;0;1600;1200;2700
P184241201;P184241201_2;B;0;1200;0;1600;2400;2700
P184241201;P184241201_3;C;1600;1240;0;3200;2440;2700
P184241201;P184241201_4;D;1600;0;0;3200;1200;2700
P184241201;P184241201_5;E;3200;0;0;4800;1200;2700
P184241201;P184241201_6;F;3200;1240;0;4800;2440;2700
P184241201;P184241201_7;G;4800;1240;0;6400;2440;930
P184241201;P184241201_8;H;4800;0;0;5800;1200;1835
P184241201;P184241201_9;I;5800;0;0;6800;1200;445
P178065903;P178065903_1;A;0;0;0;1600;1200;2865
P178065903;P178065903_2;B;0;1240;0;1600;2440;2865
P178065903;P178065903_3;C;1600;1240;0;3200;2440;2865
P178065903;P178065903_4;D;1600;0;0;2610;1206;2555
P178065903;P178065903_5;E;2610;0;0;3610;1200;1035
P178065903;P178065903_6;F;3200;1234;0;4210;2440;2655
P178065903;P178065903_7;G;3610;0;0;4620;1206;2455
P178065903;P178065903_8;H;4210;1234;0;5220;2440;2655
P178065903;P178065903_9;I;4620;0;0;5630;1206;2655
P178065903;P178065903_10;J;5220;1234;0;6230;2440;2370
P178065903;P178065903_11;K;5630;0;0;6640;1206;1570
P172065903;P172065903_1;A;0;0;0;1600;1200;2865
P172065903;P172065903_2;B;0;1240;0;1600;2440;2865
P172065903;P172065903_3;C;1600;1240;0;3200;2440;2865
P172065903;P172065903_4;D;1600;0;0;3200;1200;2865
P172065903;P172065903_5;E;3200;0;0;4800;1200;1455
P172065903;P172065903_6;F;3200;1234;0;4210;2440;2555
P172065903;P172065903_7;G;4210;1234;0;5220;2440;2710
P172065903;P172065903_8;H;4800;0;0;5810;1206;2555
P172065903;P172065903_9;I;5220;1234;0;6230;2440;2655
P172065903;P172065903_10;J;5810;0;0;6810;1200;690
P172065903;P172065903_11;K;6230;1234;0;7240;2440;2540
P172065903;P172065903_12;L;6810;0;0;7820;1206;2370
P172065903;P172065903_13;M;7240;1234;0;8250;2440;2655
P172065903;P172065903_14;N;7820;0;0;8830;1206;2370
P172065903;P172065903_15;O;8250;1234;0;9260;2440;2170
P166065903;P166065903_1;A;0;0;0;1600;1200;2865
P166065903;P166065903_2;B;0;1240;0;1600;2440;2865
P166065903;P166065903_3;C;1600;1240;0;3200;2440;2865
P166065903;P166065903_4;D;1600;0;0;3200;1200;2865
P166065903;P166065903_5;E;3200;0;0;4800;1200;1455
P166065903;P166065903_6;F;3200;1240;0;4200;2440;1035
P166065903;P166065903_7;G;4200;1234;0;5210;2440;2555
P166065903;P166065903_8;H;4800;0;0;5810;1206;2555
P166065903;P166065903_9;I;5210;1234;0;6220;2440;2710
P166065903;P166065903_10;J;5810;0;0;6820;1206;2555
P166065903;P166065903_11;K;6220;1234;0;7230;2440;2270
P166065903;P166065903_12;L;6820;0;0;7830;1206;2370
P166065903;P166065903_13;M;7230;1234;0;8240;2440;2655
P166065903;P166065903_14;N;7830;0;0;8840;1206;2370
P166065903;P166065903_15;O;8240;1234;0;9250;2440;1570
P207065903;P207065903_1;A;0;1240;0;1600;2440;2865
P207065903;P207065903_2;B;0;0;0;1600;1200;2865
P207065903;P207065903_3;C;1600;0;0;3200;1200;2865
P207065903;P207065903_4;D;1600;1240;0;3200;2440;1455
P207065903;P207065903_5;E;3200;1234;0;4210;2440;2855
P207065903;P207065903_6;F;3200;0;0;4200;1200;1035
P207065903;P207065903_7;G;4200;0;0;5210;1206;2940
P207065903;P207065903_8;H;4210;1234;0;5220;2440;2840
P207065903;P207065903_9;I;5210;0;0;6220;1206;2840
P207065903;P207065903_10;J;5220;1234;0;6230;2440;2840
P207065903;P207065903_11;K;6220;0;0;7230;1206;2755
P207065903;P207065903_12;L;6230;1234;0;7240;2440;2370
P207065903;P207065903_13;M;7230;0;0;8240;1206;2270
P203065903;P203065903_1;A;0;1240;0;1600;2440;2865
P203065903;P203065903_2;B;0;0;0;1600;1200;2865
P203065903;P203065903_3;C;1600;0;0;3200;1200;750
P203065903;P203065903_4;D;1600;1234;0;2610;2440;2840
P203065903;P203065903_5;E;2610;1240;0;3610;2440;690
P203065903;P203065903_6;F;3200;0;0;4210;1206;2840
P203065903;P203065903_7;G;3610;1234;0;4620;2440;2940
P203065903;P203065903_8;H;4210;0;0;5220;1206;2855
P203065903;P203065903_9;I;4620;1234;0;5630;2440;2170
P199065903;P199065903_1;A;0;1240;0;1600;2440;2865
P199065903;P199065903_2;B;0;0;0;1600;1200;2865
P199065903;P199065903_3;C;1600;0;0;3200;1200;2865
P199065903;P199065903_4;D;1600;1240;0;3200;2440;2865
P199065903;P199065903_5;E;3200;1240;0;4800;2440;750
P199065903;P199065903_6;F;3200;0;0;4210;1206;2840
P199065903;P199065903_7;G;4210;0;0;5220;1206;2940
P199065903;P199065903_8;H;4800;1234;0;5810;2440;2755
P199065903;P199065903_9;I;5220;0;0;6220;1200;690
P199065903;P199065903_10;J;5810;1234;0;6820;2440;2755
P199065903;P199065903_11;K;6220;0;0;7230;1206;2740
P199065903;P199065903_12;L;6820;1234;0;7830;2440;2655
P199065903;P199065903_13;M;7230;0;0;8240;1206;2270
P199065903;P199065903_14;N;7830;1234;0;8840;2440;2270
P199065903;P199065903_15;O;8240;0;0;9250;1206;1185
P198065915;P198065915_1;A;0;1240;0;1000;2440;345
P198065915;P198065915_2;B;0;0;0;1010;1206;1085
P206355503;P206355503_1;A;0;1234;0;1010;2440;1740
P206355503;P206355503_2;B;0;0;0;1010;1206;2170
P206355503;P206355503_3;C;1010;0;0;2020;1206;2170
P206355503;P206355503_4;D;1010;1234;0;2020;2440;1085
P206355503;P206355503_5;E;2020;1234;0;3030;2440;2755
P206355503;P206355503_6;F;2020;0;0;3030;1206;2810
P206355503;P206355503_7;G;3030;0;0;4040;1206;2810
P206355503;P206355503_8;H;3030;1234;0;4040;2440;2855
P206355503;P206355503_9;I;4040;1234;0;5050;2440;2810
P206355503;P206355503_10;J;4040;0;0;5050;1206;1825
P206355503;P206355503_11;K;5050;0;0;6060;1206;2170
P206355503;P206355503_12;L;5050;1234;0;6060;2440;2170
P206355503;P206355503_13;M;6060;1234;0;7070;2440;2170
P206355503;P206355503_14;N;6060;0;0;7070;1206;2170
P206355503;P206355503_15;O;7070;0;0;8070;1200;2835
P206355503;P206355503_16;P;7070;1240;0;8070;2440;2835
P206355503;P206355503_17;Q;8070;1240;0;9070;2440;2835
P206355503;P206355503_18;R;8070;0;0;9070;1200;2835
P206355503;P206355503_19;S;9070;0;0;10070;1200;2835
P206355503;P206355503_20;T;9070;1240;0;10070;2440;2835
P206355503;P206355503_21;U;10070;1240;0;11070;2440;2835
P206355503;P206355503_22;V;10070;0;0;11070;1200;2835
P206355503;P206355503_23;W;11070;0;0;12276;1010;2370
P206355503;P206355503_24;X;11070;1234;0;12080;2440;2370
P206355503;P206355503_25;Y;12080;1430;0;13286;2440;2370
P206355503;P206355503_26;Z;12276;0;0;13482;1010;2370
P202355505;P202355505_1;A;0;0;0;1010;1206;2410
P202355505;P202355505_2;B;0;1234;0;1010;2440;2555
P202355505;P202355505_3;C;1010;1234;0;2020;2440;2170
P202355505;P202355505_4;D;1010;0;0;2020;1206;1085
P202355505;P202355505_5;E;2020;0;0;3020;1200;2835
P202355505;P202355505_6;F;2020;1240;0;3020;2440;2835
P202355505;P202355505_7;G;3020;1240;0;4020;2440;2835
P202355505;P202355505_8;H;3020;0;0;4020;1200;2835
P202355505;P202355505_9;I;4020;0;0;5020;1200;2835
P202355505;P202355505_10;J;4020;1240;0;5020;2440;2835
P202355505;P202355505_11;K;5020;1240;0;6020;2440;2835
P202355505;P202355505_12;L;5020;0;0;6020;1200;2835
P202355505;P202355505_13;M;6020;0;0;7020;1200;2835
P202355505;P202355505_14;N;6020;1240;0;7020;2440;2835
P202355505;P202355505_15;O;7020;1240;0;8020;2440;2835
P202355505;P202355505_16;P;7020;0;0;8020;1200;2835
P202355505;P202355505_17;Q;8020;0;0;9020;1200;2835
P202355505;P202355505_18;R;8020;1240;0;9020;2440;2835
P202355505;P202355505_19;S;9020;1240;0;10020;2440;2835
P202355505;P202355505_20;T;9020;0;0;10020;1200;2835
P202355505;P202355505_21;U;10020;0;0;11020;1200;2835
P202355505;P202355505_22;V;10020;1240;0;11020;2440;2835
P202355505;P202355505_23;W;11020;1240;0;12020;2440;975
P202355505;P202355505_24;X;11020;0;0;12030;1206;2370
P202355505;P202355505_25;Y;12020;1234;0;13030;2440;2370
P202355505;P202355505_26;Z;12030;0;0;13040;1206;2370
P199355503;P199355503_1;A;0;0;0;1010;1206;1740
P199355503;P199355503_2;B;0;1234;0;1010;2440;2170
P199355503;P199355503_3;C;1010;1234;0;2020;2440;2170
P199355503;P199355503_4;D;1010;0;0;2020;1206;1085
P199355503;P199355503_5;E;2020;0;0;3030;1206;2825
P199355503;P199355503_6;F;2020;1234;0;3030;2440;2740
P199355503;P199355503_7;G;3030;1234;0;4040;2440;2755
P199355503;P199355503_8;H;3030;0;0;4040;1206;2895
P199355503;P199355503_9;I;4040;0;0;5050;1206;2170
P199355503;P199355503_10;J;4040;1234;0;5050;2440;2170
P199355503;P199355503_11;K;5050;1234;0;6060;2440;1085
P199355503;P199355503_12;L;5050;0;0;6050;1200;2835
P199355503;P199355503_13;M;6050;0;0;7050;1200;2835
P199355503;P199355503_14;N;6060;1240;0;7060;2440;2835
P199355503;P199355503_15;O;7050;0;0;8050;1200;2835
P199355503;P199355503_16;P;7060;1240;0;8060;2440;2835
P199355503;P199355503_17;Q;8050;0;0;9050;1200;2835
P199355503;P199355503_18;R;8060;1240;0;9060;2440;2835
P199355503;P199355503_19;S;9050;0;0;10050;1200;2835
P199355503;P199355503_20;T;9060;1240;0;10060;2440;2835
P199355503;P199355503_21;U;10050;0;0;11050;1200;2835
P199355503;P199355503_22;V;10060;1240;0;11060;2440;2835
P199355503;P199355503_23;W;11050;0;0;12060;1206;2370
P199355503;P199355503_24;X;11060;1234;0;12070;2440;2370
P199355503;P199355503_25;Y;12060;0;0;13070;1206;2370
P199355503;P199355503_26;Z;12070;1234;0;13080;2440;1185
P192355503;P192355503_1;A;0;0;0;1010;1206;870
P192355503;P192355503_2;B;0;1234;0;1010;2440;2170
P192355503;P192355503_3;C;1010;1234;0;2020;2440;2170
P192355503;P192355503_4;D;1010;0;0;2020;1206;2895
P192355503;P192355503_5;E;2020;0;0;3030;1206;2725
P192355503;P192355503_6;F;2020;1234;0;3030;2440;2855
P192355503;P192355503_7;G;3030;1234;0;4040;2440;2855
P192355503;P192355503_8;H;3030;0;0;4040;1206;1625
P192355503;P192355503_9;I;4040;0;0;5050;1206;2170
P192355503;P192355503_10;J;4040;1234;0;5050;2440;2170
P192355503;P192355503_11;K;5050;1234;0;6060;2440;2170
P192355503;P192355503_12;L;5050;0;0;6060;1206;1085
P192355503;P192355503_13;M;6060;0;0;7060;1200;2835
P192355503;P192355503_14;N;6060;1240;0;7060;2440;2835
P192355503;P192355503_15;O;7060;1240;0;8060;2440;2835
P192355503;P192355503_16;P;7060;0;0;8060;1200;2835
P192355503;P192355503_17;Q;8060;0;0;9060;1200;2835
P192355503;P192355503_18;R;8060;1240;0;9060;2440;2835
P192355503;P192355503_19;S;9060;1240;0;10060;2440;2835
P192355503;P192355503_20;T;9060;0;0;10060;1200;2835
P192355503;P192355503_21;U;10060;0;0;11060;1200;2835
P192355503;P192355503_22;V;10060;1234;0;11070;2440;2370
P192355503;P192355503_23;W;11060;0;0;12070;1206;2370
P192355503;P192355503_24;X;11070;1234;0;12080;2440;2370
P192355503;P192355503_25;Y;12070;0;0;13080;1206;2370
P192355503;P192355503_26;Z;12080;1234;0;13090;2440;1185
P188355505;P188355505_1;A;0;0;0;1010;1206;2795
P188355505;P188355505_2;B;0;1234;0;1010;2440;2555
P188355505;P188355505_3;C;1010;1234;0;2020;2440;1855
P188355505;P188355505_4;D;1010;0;0;2020;1206;2170
P188355505;P188355505_5;E;2020;0;0;3030;1206;2170
P188355505;P188355505_6;F;2020;1240;0;3020;2440;2835
P188355505;P188355505_7;G;3020;1240;0;4020;2440;2835
P188355505;P188355505_8;H;3030;0;0;4030;1200;2835
P188355505;P188355505_9;I;4020;1240;0;5020;2440;2835
P188355505;P188355505_10;J;4030;0;0;5030;1200;2835
P188355505;P188355505_11;K;5020;1240;0;6020;2440;2835
P188355505;P188355505_12;L;5030;0;0;6030;1200;2835
P188355505;P188355505_13;M;6020;1240;0;7020;2440;2835
P188355505;P188355505_14;N;6030;0;0;7030;1200;2835
P188355505;P188355505_15;O;7020;1240;0;8020;2440;2835
P188355505;P188355505_16;P;7030;0;0;8030;1200;2835
P188355505;P188355505_17;Q;8020;1240;0;9020;2440;2835
P188355505;P188355505_18;R;8030;0;0;9030;1200;2835
P188355505;P188355505_19;S;9020;1240;0;10020;2440;2835
P188355505;P188355505_20;T;9030;0;0;10030;1200;2835
P188355505;P188355505_21;U;10020;1240;0;11020;2440;1905
P188355505;P188355505_22;V;10030;0;0;11040;1206;2370
P188355505;P188355505_23;W;11020;1234;0;12030;2440;2370
P188355505;P188355505_24;X;11040;0;0;12050;1206;1185
P185355503;P185355503_1;A;0;0;0;1010;1206;2170
P185355503;P185355503_2;B;0;1206;0;1010;2412;2170
P185355503;P185355503_3;C;1010;1234;0;2020;2440;1085
P185355503;P185355503_4;D;1010;0;0;2020;1206;2880
P185355503;P185355503_5;E;2020;1234;0;3030;2440;2640
P185355503;P185355503_6;F;2020;0;0;3030;1206;2855
P185355503;P185355503_7;G;3030;0;0;4040;1206;585
P185355503;P185355503_8;H;3030;1234;0;4040;2440;2170
P185355503;P185355503_9;I;4040;1234;0;5050;2440;2170
P185355503;P185355503_10;J;4040;0;0;5050;1206;1085
P185355503;P185355503_11;K;5050;0;0;6050;1200;2835
P185355503;P185355503_12;L;5050;1240;0;6050;2440;2835
P185355503;P185355503_13;M;6050;1240;0;7050;2440;2835
P185355503;P185355503_14;N;6050;0;0;7050;1200;2835
P185355503;P185355503_15;O;7050;0;0;8050;1200;2835
P185355503;P185355503_16;P;7050;1240;0;8050;2440;2835
P185355503;P185355503_17;Q;8050;1240;0;9050;2440;2835
P185355503;P185355503_18;R;8050;0;0;9050;1200;2835
P185355503;P185355503_19;S;9050;0;0;10050;1200;2835
P185355503;P185355503_20;T;9050;1240;0;10050;2440;2835
P185355503;P185355503_21;U;10050;1240;0;11050;2440;2835
P185355503;P185355503_22;V;10050;0;0;11060;1206;2370
P185355503;P185355503_23;W;11050;1234;0;12060;2440;2370
P185355503;P185355503_24;X;11060;0;0;12070;1206;1185
P240160641;P240160641_1;A;0;0;0;1010;1206;2755
P240160641;P240160641_2;B;0;1220;0;1010;2426;2755
P240160641;P240160641_3;C;1010;1234;0;2020;2440;385
P240160641;P240160641_4;D;1010;0;0;2010;1200;1455
P240160641;P240160641_5;E;2010;17;0;3010;1217;1455
P240160641;P240160641_6;F;2020;1228;0;3020;2428;1455
P240160641;P240160641_7;G;3010;14;0;4010;1214;1455
P240160641;P240160641_8;H;3020;1227;0;4020;2427;1455
P240160641;P240160641_9;I;4010;0;0;5010;1200;1455
P240160641;P240160641_10;J;4020;1240;0;5020;2440;1455
P240160641;P240160641_11;K;5010;0;0;6010;1200;1455
P240160641;P240160641_12;L;5020;1234;0;6030;2440;2370
P240160641;P240160641_13;M;6010;0;0;7010;1200;2835
P240160641;P240160641_14;N;6030;1240;0;7030;2440;2835
P240160641;P240160641_15;O;7010;0;0;8010;1200;975
P240160641;P240160641_16;P;7030;1240;0;9430;2440;955
P240160641;P240160641_17;Q;8010;0;0;10410;1200;955
P240160641;P240160641_18;R;9430;1240;0;10430;2440;2835
P240160641;P240160641_19;S;10410;0;0;11410;1200;2835
P240160641;P240160641_20;T;10430;1240;0;11430;2440;2835
P240160641;P240160641_21;U;11410;0;0;12410;1200;2835
P240160641;P240160641_22;V;11430;1240;0;12430;2440;2835
P240160641;P240160641_23;W;12410;0;0;13410;1200;2835
P240160641;P240160641_24;X;12430;1240;0;13430;2440;2835
P208160641;P208160641_1;A;0;0;0;1010;1206;2755
P208160641;P208160641_2;B;0;1234;0;1010;2440;385
P208160641;P208160641_3;C;1010;1240;0;2010;2440;1455
P208160641;P208160641_4;D;1010;0;0;2010;1200;1455
P208160641;P208160641_5;E;2010;0;0;3010;1200;1455
P208160641;P208160641_6;F;2010;1240;0;3010;2440;1455
P208160641;P208160641_7;G;3010;1234;0;4020;2440;1185
P208160641;P208160641_8;H;3010;0;0;4010;1200;2700
P208160641;P208160641_9;I;4010;0;0;5010;1200;2745
P208160641;P208160641_10;J;4020;1240;0;5020;2440;2700
P208160641;P208160641_11;K;5010;0;0;6010;1200;2835
P208160641;P208160641_12;L;5020;1240;0;6020;2440;975
P208160641;P208160641_13;M;6010;0;0;7010;1200;2700
P208160641;P208160641_14;N;6020;1240;0;7020;2440;2745
P208160641;P208160641_15;O;7010;0;0;9410;1200;955
P208160641;P208160641_16;P;7020;1660;0;7590;2440;909
P208160641;P208160641_17;Q;7590;1240;0;8590;2440;2835
P208160641;P208160641_18;R;8590;1240;0;9590;2440;2835
P208160641;P208160641_19;S;9410;0;0;10410;1200;2835
P208160641;P208160641_20;T;9590;1240;0;10590;2440;2790
P208160641;P208160641_21;U;10410;0;0;11410;1200;1815
P205160641;P205160641_1;A;0;617;0;1010;1823;2340
P205160641;P205160641_2;B;1010;617;0;2020;1823;2370
P205160641;P205160641_3;C;2020;1234;0;3030;2440;1185
P205160641;P205160641_4;D;2020;17;0;3020;1217;1455
P205160641;P205160641_5;E;3020;0;0;4020;1200;1455
P205160641;P205160641_6;F;3030;1240;0;4030;2440;1455
P205160641;P205160641_7;G;4020;20;0;5020;1220;1455
P205160641;P205160641_8;H;4030;1240;0;5030;2440;1455
P205160641;P205160641_9;I;5020;0;0;6020;1200;1455
P205160641;P205160641_10;J;5030;1240;0;6030;2440;1455
P205160641;P205160641_11;K;6020;0;0;7020;1200;1455
P205160641;P205160641_12;L;6030;1240;0;7030;2440;1455
P205160641;P205160641_13;M;7020;0;0;8020;1200;1455
P205160641;P205160641_14;N;7030;1234;0;8040;2440;2370
P205160641;P205160641_15;O;8020;0;0;9020;1200;2835
P205160641;P205160641_16;P;8040;1240;0;9040;2440;2835
P205160641;P205160641_17;Q;9020;0;0;10020;1200;2745
P205160641;P205160641_18;R;9040;1240;0;10040;2440;2700
P205160641;P205160641_19;S;10020;0;0;12420;1200;955
P205160641;P205160641_20;T;10040;1240;0;12440;2440;955
P205160641;P205160641_21;U;12420;0;0;13420;1200;2835
P205160641;P205160641_22;V;12440;1240;0;13440;2440;2835
P201160641;P201160641_1;A;0;0;0;1010;1206;2755
P201160641;P201160641_2;B;0;1206;0;1010;2412;1570
P201160641;P201160641_3;C;1010;1240;0;2010;2440;1455
P201160641;P201160641_4;D;1010;0;0;2010;1200;1455
P201160641;P201160641_5;E;2010;0;0;3010;1200;1455
P201160641;P201160641_6;F;2010;1240;0;3010;2440;1455
P201160641;P201160641_7;G;3010;1240;0;4010;2440;1455
P201160641;P201160641_8;H;3010;0;0;4010;1200;1455
P201160641;P201160641_9;I;4010;0;0;5020;1206;1185
P201160641;P201160641_10;J;4010;1240;0;5010;2440;2835
P201160641;P201160641_11;K;5010;1240;0;6010;2440;2790
P201160641;P201160641_12;L;5020;0;0;6020;1200;2700
P201160641;P201160641_13;M;6010;1240;0;8410;2440;955
P201160641;P201160641_14;N;6020;0;0;8420;1200;955
P201160641;P201160641_15;O;8410;1240;0;9410;2440;2835
P201160641;P201160641_16;P;8420;0;0;9420;1200;2835
P201160641;P201160641_17;Q;9410;1240;0;10410;2440;2835
P201160641;P201160641_18;R;9420;0;0;10420;1200;2835
P201160641;P201160641_19;S;10410;1240;0;11410;2440;2835
P201160641;P201160641_20;T;10420;0;0;11420;1200;2700
P201160641;P201160641_21;U;11410;1240;0;12410;2440;2745
P201160641;P201160641_22;V;11420;0;0;11990;780;1340
P201160641;P201160641_23;W;11990;0;0;12990;1200;2835
P201160641;P201160641_24;X;12410;1240;0;13410;2440;2835
P198160641;P198160641_1;A;0;1234;0;1010;2440;2755
P198160641;P198160641_2;B;0;0;0;1010;1206;2755
P198160641;P198160641_3;C;1010;0;0;2020;1206;385
P198160641;P198160641_4;D;1010;1240;0;2010;2440;1455
P198160641;P198160641_5;E;2010;1240;0;3010;2440;1455
P198160641;P198160641_6;F;2020;0;0;3020;1200;1455
P198160641;P198160641_7;G;3010;1240;0;4010;2440;1455
P198160641;P198160641_8;H;3020;0;0;4020;1200;1455
P198160641;P198160641_9;I;4010;1240;0;5010;2440;1455
P198160641;P198160641_10;J;4020;0;0;5030;1206;2370
P198160641;P198160641_11;K;5010;1240;0;6010;2440;2835
P198160641;P198160641_12;L;5030;0;0;6030;1200;2835
P198160641;P198160641_13;M;6010;1240;0;7010;2440;2790
P198160641;P198160641_14;N;6030;0;0;7030;1200;2835
P198160641;P198160641_15;O;7010;1240;0;8010;2440;2835
P198160641;P198160641_16;P;7030;0;0;8030;1200;2835
P198160641;P198160641_17;Q;8010;1240;0;9010;2440;2700
P198160641;P198160641_18;R;8030;0;0;10430;1200;955
P198160641;P198160641_19;S;9010;1240;0;11410;2440;955
P198160641;P198160641_20;T;10430;0;0;11430;1200;2835
P198160641;P198160641_21;U;11410;1240;0;12410;2440;2835
P198160641;P198160641_22;V;11430;0;0;12430;1200;2835
P198160641;P198160641_23;W;12410;1240;0;13410;2440;2835
P198160641;P198160641_24;X;12430;0;0;13430;1200;2835
P194160641;P194160641_1;A;0;0;0;1010;1206;1185
P194160641;P194160641_2;B;0;1240;0;1000;2440;1455
P194160641;P194160641_3;C;1000;1240;0;2000;2440;1455
P194160641;P194160641_4;D;1010;0;0;2020;1206;1185
P194160641;P194160641_5;E;2000;1240;0;3000;2440;2700
P194160641;P194160641_6;F;2020;0;0;3020;1200;2745
P194160641;P194160641_7;G;3000;1240;0;4000;2440;975
P194160641;P194160641_8;H;3020;0;0;4020;1200;2835
P194160641;P194160641_9;I;4000;1240;0;5000;2440;2835
P194160641;P194160641_10;J;4020;0;0;5020;1200;2700
P194160641;P194160641_11;K;5000;1240;0;6000;2440;2745
P194160641;P194160641_12;L;5020;0;0;5590;780;909
P194160641;P194160641_13;M;5590;0;0;6590;1200;2835
P194160641;P194160641_14;N;6000;1240;0;7000;2440;2835
P194160641;P194160641_15;O;6590;0;0;7590;1200;2745
P191160641;P191160641_1;A;0;617;0;1010;1823;2755
P191160641;P191160641_2;B;1010;1234;0;2020;2440;2755
P191160641;P191160641_3;C;1010;0;0;2020;1206;1185
P191160641;P191160641_4;D;2020;0;0;3020;1200;1455
P191160641;P191160641_5;E;2020;1240;0;3020;2440;1455
P191160641;P191160641_6;F;3020;1240;0;4020;2440;1455
P191160641;P191160641_7;G;3020;0;0;4020;1200;1455
P191160641;P191160641_8;H;4020;0;0;5020;1200;1455
P191160641;P191160641_9;I;4020;1240;0;5020;2440;1455
P191160641;P191160641_10;J;5020;1240;0;6020;2440;1455
P191160641;P191160641_11;K;5020;0;0;6020;1200;1455
P191160641;P191160641_12;L;6020;0;0;7020;1200;1455
P191160641;P191160641_13;M;6020;1240;0;7020;2440;1455
P191160641;P191160641_14;N;7020;1240;0;8020;2440;1455
P191160641;P191160641_15;O;7020;0;0;8020;1200;1455
P191160641;P191160641_16;P;8020;0;0;9030;1206;2370
P191160641;P191160641_17;Q;8020;1240;0;9020;2440;2700
P191160641;P191160641_18;R;9020;1240;0;10020;2440;2745
P191160641;P191160641_19;S;9030;0;0;10030;1200;2835
P191160641;P191160641_20;T;10020;1240;0;11020;2440;2835
P191160641;P191160641_21;U;10030;0;0;11030;1200;975
P191160641;P191160641_22;V;11020;1240;0;12020;2440;2835
P191160641;P191160641_23;W;11030;0;0;12030;1200;2835
P191160641;P191160641_24;X;12020;1240;0;13020;2440;2835
P191160641;P191160641_25;Y;12030;0;0;13030;1200;2835
Q191160641_1;Q191160641_1_1;A;0;0;0;1000;1200;2835
Q191160641_1;Q191160641_1_2;B;0;1240;0;1000;2440;2835
Q191160641_1;Q191160641_1_3;C;1000;1240;0;2000;2440;2835
Q191160641_1;Q191160641_1_4;D;1000;0;0;3400;1200;955
Q191160641_1;Q191160641_1_5;E;2000;1240;0;4400;2440;955
Q191160641_1;Q191160641_1_6;F;3400;0;0;5800;1200;955
Q191160641_1;Q191160641_1_7;G;4400;1240;0;6800;2440;955
Q191160641_1;Q191160641_1_8;H;5800;0;0;6800;1200;2700
Q191160641_1;Q191160641_1_9;I;6800;0;0;7800;1200;1815
Q191160641_1;Q191160641_1_10;J;6800;1660;0;7370;2440;909
P187160641;P187160641_1;A;0;617;0;1010;1823;2340
P187160641;P187160641_2;B;1010;1234;0;2020;2440;2370
P187160641;P187160641_3;C;1010;0;0;2010;1200;1455
P187160641;P187160641_4;D;2010;0;0;3010;1200;1455
P187160641;P187160641_5;E;2020;1240;0;3020;2440;1455
P187160641;P187160641_6;F;3010;0;0;4010;1200;1455
P187160641;P187160641_7;G;3020;1240;0;4020;2440;1455
P187160641;P187160641_8;H;4010;0;0;5010;1200;1455
P187160641;P187160641_9;I;4020;1234;0;5030;2440;1185
P187160641;P187160641_10;J;5010;0;0;6010;1200;2835
P187160641;P187160641_11;K;5030;1240;0;6030;2440;2700
P187160641;P187160641_12;L;6010;0;0;7010;1200;2790
P187160641;P187160641_13;M;6030;1660;0;6600;2440;478
P187160641;P187160641_14;N;6600;1240;0;7600;2440;2835
P187160641;P187160641_15;O;7010;0;0;8010;1200;2835
P187160641;P187160641_16;P;7600;1240;0;8600;2440;2835
P187160641;P187160641_17;Q;8010;0;0;9010;1200;2835
P187160641;P187160641_18;R;8600;1240;0;9600;2440;2835
P187160641;P187160641_19;S;9010;0;0;10010;1200;2700
P187160641;P187160641_20;T;9600;1240;0;10600;2440;930
P240291101;P240291101_1;A;0;0;0;1010;1206;1185
P240291101;P240291101_2;B;0;1234;0;1010;2440;1185
P240291101;P240291101_3;C;1010;1234;0;2020;2440;1185
P240291101;P240291101_4;D;1010;0;0;2020;1206;1185
P240291101;P240291101_5;E;2020;0;0;3030;1206;1185
P240291101;P240291101_6;F;2020;1234;0;3030;2440;385
P240291101;P240291101_7;G;3030;1234;0;4040;2440;1185
P240291101;P240291101_8;H;3030;0;0;4040;1206;2755
P240291101;P240291101_9;I;4040;0;0;5050;1206;2740
P240291101;P240291101_10;J;4040;1234;0;5050;2440;1085
P240291101;P240291101_11;K;5050;1234;0;6060;2440;2170
P240291101;P240291101_12;L;5050;0;0;6060;1206;2170
P240291101;P240291101_13;M;6060;0;0;7070;1206;2170
P240291101;P240291101_14;N;6060;1234;0;7070;2440;2170
P240291101;P240291101_15;O;7070;1234;0;8080;2440;2170
P240291101;P240291101_16;P;7070;0;0;8080;1206;2170
P240291101;P240291101_17;Q;8080;0;0;9090;1206;1085
P240291101;P240291101_18;R;8080;1234;0;9090;2440;970
P240291101;P240291101_19;S;9090;1234;0;10100;2440;2655
P240291101;P240291101_20;T;9090;0;0;10100;1206;2540
P240291101;P240291101_21;U;10100;0;0;11110;1206;485
P205291101;P205291101_1;A;0;0;0;1010;1206;1185
P205291101;P205291101_2;B;0;1234;0;1010;2440;1185
P205291101;P205291101_3;C;1010;1234;0;2020;2440;1185
P205291101;P205291101_4;D;1010;0;0;2020;1206;385
P205291101;P205291101_5;E;2020;0;0;3030;1206;385
P205291101;P205291101_6;F;2020;1234;0;3030;2440;385
P205291101;P205291101_7;G;3030;1234;0;4040;2440;1185
P205291101;P205291101_8;H;3030;0;0;4040;1206;1185
P205291101;P205291101_9;I;4040;0;0;5050;1206;1185
P205291101;P205291101_10;J;4040;1234;0;5050;2440;1185
P205291101;P205291101_11;K;5050;1234;0;6060;2440;1185
P205291101;P205291101_12;L;5050;0;0;6060;1206;1185
P205291101;P205291101_13;M;6060;0;0;7070;1206;1185
P205291101;P205291101_14;N;6060;1234;0;7070;2440;2710
P205291101;P205291101_15;O;7070;1234;0;8080;2440;2170
P205291101;P205291101_16;P;7070;0;0;8080;1206;2170
P205291101;P205291101_17;Q;8080;0;0;9090;1206;2170
P205291101;P205291101_18;R;8080;1234;0;9090;2440;2170
P205291101;P205291101_19;S;9090;1234;0;10100;2440;2170
P205291101;P205291101_20;T;9090;0;0;10100;1206;2170
P205291101;P205291101_21;U;10100;0;0;11110;1206;2170
P205291101;P205291101_22;V;10100;1234;0;11110;2440;1940
P205291101;P205291101_23;W;11110;1234;0;12120;2440;2425
P205291101;P205291101_24;X;11110;0;0;12120;1206;2840
P205291101;P205291101_25;Y;12120;0;0;13326;1010;2655
P205291101;P205291101_26;Z;12120;1430;0;13326;2440;2540
P201291101;P201291101_1;A;0;0;0;1010;1206;1185
P201291101;P201291101_2;B;0;1234;0;1010;2440;385
P201291101;P201291101_3;C;1010;1234;0;2020;2440;1185
P201291101;P201291101_4;D;1010;0;0;2020;1206;1185
P201291101;P201291101_5;E;2020;0;0;3030;1206;1185
P201291101;P201291101_6;F;2020;1234;0;3030;2440;2755
P201291101;P201291101_7;G;3030;1234;0;4040;2440;2755
P201291101;P201291101_8;H;3030;0;0;4040;1206;2370
P201291101;P201291101_9;I;4040;0;0;5050;1206;2370
P201291101;P201291101_10;J;4040;1234;0;5050;2440;585
P201291101;P201291101_11;K;5050;1234;0;6060;2440;2170
P201291101;P201291101_12;L;5050;0;0;6060;1206;2170
P201291101;P201291101_13;M;6060;0;0;7070;1206;2170
P201291101;P201291101_14;N;6060;1234;0;7070;2440;2170
P201291101;P201291101_15;O;7070;1234;0;8080;2440;2170
P201291101;P201291101_16;P;7070;0;0;8080;1206;2170
P201291101;P201291101_17;Q;8080;0;0;9090;1206;2170
P201291101;P201291101_18;R;8080;1234;0;9090;2440;2170
P201291101;P201291101_19;S;9090;1234;0;10100;2440;2170
P201291101;P201291101_20;T;9090;0;0;10100;1206;2170
P201291101;P201291101_21;U;10100;0;0;11110;1206;2170
P201291101;P201291101_22;V;10100;1234;0;11110;2440;2540
P201291101;P201291101_23;W;11110;1234;0;12120;2440;2540
P198291101;P198291101_1;A;0;0;0;1010;1206;385
P198291101;P198291101_2;B;0;1206;0;1010;2412;385
P198291101;P198291101_3;C;1010;1234;0;2020;2440;1185
P198291101;P198291101_4;D;1010;0;0;2020;1206;1185
P198291101;P198291101_5;E;2020;0;0;3030;1206;1185
P198291101;P198291101_6;F;2020;1234;0;3030;2440;1185
P198291101;P198291101_7;G;3030;1234;0;4040;2440;1185
P198291101;P198291101_8;H;3030;0;0;4040;1206;1185
P198291101;P198291101_9;I;4040;0;0;5050;1206;2740
P198291101;P198291101_10;J;4040;1234;0;5050;2440;2755
P198291101;P198291101_11;K;5050;1234;0;6060;2440;1085
P198291101;P198291101_12;L;5050;0;0;6060;1206;2170
P198291101;P198291101_13;M;6060;0;0;7070;1206;2170
P198291101;P198291101_14;N;6060;1234;0;7070;2440;2170
P198291101;P198291101_15;O;7070;1234;0;8080;2440;2170
P198291101;P198291101_16;P;7070;0;0;8080;1206;2170
P198291101;P198291101_17;Q;8080;0;0;9090;1206;2170
P198291101;P198291101_18;R;8080;1234;0;9090;2440;1085
P198291101;P198291101_19;S;9090;1234;0;10100;2440;970
P198291101;P198291101_20;T;9090;0;0;10100;1206;2425
P198291101;P198291101_21;U;10100;0;0;11110;1206;2055
P198291101;P198291101_22;V;10100;1234;0;11110;2440;2170
P191291101;P191291101_1;A;0;0;0;1010;1206;1185
P191291101;P191291101_2;B;0;1234;0;1010;2440;1185
P191291101;P191291101_3;C;1010;1234;0;2020;2440;1185
P191291101;P191291101_4;D;1010;0;0;2020;1206;1185
P191291101;P191291101_5;E;2020;0;0;3030;1206;1185
P191291101;P191291101_6;F;2020;1234;0;3030;2440;1185
P191291101;P191291101_7;G;3030;1234;0;4040;2440;385
P191291101;P191291101_8;H;3030;0;0;4040;1206;385
P191291101;P191291101_9;I;4040;0;0;5050;1206;2740
P191291101;P191291101_10;J;4040;1234;0;5050;2440;2755
P191291101;P191291101_11;K;5050;1234;0;6060;2440;1770
P191291101;P191291101_12;L;5050;0;0;6060;1206;2170
P191291101;P191291101_13;M;6060;0;0;7070;1206;2170
P191291101;P191291101_14;N;6060;1234;0;7070;2440;2170
P191291101;P191291101_15;O;7070;1234;0;8080;2440;2170
P191291101;P191291101_16;P;7070;0;0;8080;1206;2170
P191291101;P191291101_17;Q;8080;0;0;9090;1206;2170
P191291101;P191291101_18;R;8080;1234;0;9090;2440;2170
P191291101;P191291101_19;S;9090;1234;0;10100;2440;2170
P191291101;P191291101_20;T;9090;0;0;10100;1206;2170
P191291101;P191291101_21;U;10100;0;0;11110;1206;2170
P191291101;P191291101_22;V;10100;1234;0;11110;2440;2170
P191291101;P191291101_23;W;11110;1234;0;12120;2440;970
P191291101;P191291101_24;X;11110;0;0;12120;1206;2840
P191291101;P191291101_25;Y;12120;0;0;13326;1010;2655
P191291101;P191291101_26;Z;12120;1430;0;13326;2440;2540
P187291101;P187291101_1;A;0;0;0;1010;1206;1185
P187291101;P187291101_2;B;0;1234;0;1010;2440;1185
P187291101;P187291101_3;C;1010;1234;0;2020;2440;1185
P187291101;P187291101_4;D;1010;0;0;2020;1206;385
P187291101;P187291101_5;E;2020;0;0;3030;1206;1185
P187291101;P187291101_6;F;2020;1234;0;3030;2440;1185
P187291101;P187291101_7;G;3030;1234;0;4040;2440;2540
P187291101;P187291101_8;H;3030;0;0;4040;1206;2370
P187291101;P187291101_9;I;4040;0;0;5050;1206;1085
P187291101;P187291101_10;J;4040;1234;0;5050;2440;2170
P187291101;P187291101_11;K;5050;1234;0;6060;2440;2170
P187291101;P187291101_12;L;5050;0;0;6060;1206;2170
P187291101;P187291101_13;M;6060;0;0;7070;1206;2170
P187291101;P187291101_14;N;6060;1234;0;7070;2440;1085
P187291101;P187291101_15;O;7070;1234;0;8080;2440;2840
P187291101;P187291101_16;P;7070;0;0;8080;1206;2240
P179064203;P179064203_1;A;0;0;0;1910;1200;2935
P179064203;P179064203_2;B;0;1240;0;1910;2440;2935
P179064203;P179064203_3;C;1910;1240;0;3820;2440;2935
P179064203;P179064203_4;D;1910;0;0;3820;1200;2935
P179064203;P179064203_5;E;3820;0;0;5730;1200;2935
P179064203;P179064203_6;F;3820;1240;0;5730;2440;2935
P179064203;P179064203_7;G;5730;1240;0;7640;2440;2935
P179064203;P179064203_8;H;5730;0;0;7640;1200;2935
P179064203;P179064203_9;I;7640;0;0;9550;1200;2935
P179064203;P179064203_10;J;7640;1240;0;9550;2440;2935
P179064203;P179064203_11;K;9550;1240;0;11460;2440;2935
P179064203;P179064203_12;L;9550;0;0;11460;1200;2935
P179064203;P179064203_13;M;11460;0;0;13370;1200;2935
P179064203;P179064203_14;N;11460;1240;0;13370;2440;2935
P178064203;P178064203_1;A;0;0;0;1910;1200;2935
P178064203;P178064203_2;B;0;1240;0;1910;2440;2935
P178064203;P178064203_3;C;1910;1240;0;3820;2440;2935
P178064203;P178064203_4;D;1910;0;0;3820;1200;2935
P178064203;P178064203_5;E;3820;0;0;5730;1200;2935
P178064203;P178064203_6;F;3820;1240;0;5730;2440;2935
P178064203;P178064203_7;G;5730;1240;0;7640;2440;2935
P178064203;P178064203_8;H;5730;0;0;7640;1200;2935
P178064203;P178064203_9;I;7640;0;0;9550;1200;2935
P178064203;P178064203_10;J;7640;1240;0;9550;2440;2935
P178064203;P178064203_11;K;9550;1240;0;11460;2440;2935
P178064203;P178064203_12;L;9550;0;0;11460;1200;2935
P178064203;P178064203_13;M;11460;0;0;13370;1200;2935
P178064203;P178064203_14;N;11460;1240;0;13370;2440;2935
P178064405;P178064405_1;A;0;0;0;1910;1200;2935
P178064405;P178064405_2;B;0;1240;0;1910;2440;2935
P178064405;P178064405_3;C;1910;1240;0;3820;2440;2935
P178064405;P178064405_4;D;1910;0;0;3820;1200;2935
P178064405;P178064405_5;E;3820;0;0;5730;1200;2935
P178064405;P178064405_6;F;3820;1240;0;5730;2440;2935
P178064405;P178064405_7;G;5730;1240;0;7640;2440;2935
P178064405;P178064405_8;H;5730;0;0;7640;1200;2935
P178064405;P178064405_9;I;7640;0;0;9550;1200;2935
P178064405;P178064405_10;J;7640;1240;0;9550;2440;2935
P178064405;P178064405_11;K;9550;1240;0;11460;2440;2935
P178064405;P178064405_12;L;9550;0;0;11460;1200;2935
P178064405;P178064405_13;M;11460;0;0;13370;1200;2935
P174064203;P174064203_1;A;0;0;0;1910;1200;2935
P174064203;P174064203_2;B;0;1240;0;1910;2440;2935
P174064203;P174064203_3;C;1910;1240;0;3820;2440;2935
P174064203;P174064203_4;D;1910;0;0;3820;1200;2935
P174064203;P174064203_5;E;3820;0;0;5730;1200;2935
P174064203;P174064203_6;F;3820;1240;0;5730;2440;2935
P174064203;P174064203_7;G;5730;1240;0;7640;2440;2935
P174064203;P174064203_8;H;5730;0;0;7640;1200;2935
P174064203;P174064203_9;I;7640;0;0;9550;1200;2935
P174064203;P174064203_10;J;7640;1240;0;9550;2440;2935
P174064203;P174064203_11;K;9550;1240;0;11460;2440;2935
P174064203;P174064203_12;L;9550;0;0;11460;1200;2935
P174064203;P174064203_13;M;11460;0;0;13370;1200;2935
P174064203;P174064203_14;N;11460;1240;0;13370;2440;2935
P173064203;P173064203_1;A;0;0;0;1910;1200;2935
P173064203;P173064203_2;B;0;1240;0;1910;2440;2935
P173064203;P173064203_3;C;1910;1240;0;3820;2440;2935
P173064203;P173064203_4;D;1910;0;0;3820;1200;2935
P173064203;P173064203_5;E;3820;0;0;5730;1200;2935
P173064203;P173064203_6;F;3820;1240;0;5730;2440;2935
P173064203;P173064203_7;G;5730;1240;0;7640;2440;2935
P173064203;P173064203_8;H;5730;0;0;7640;1200;2935
P173064203;P173064203_9;I;7640;0;0;9550;1200;2935
P173064203;P173064203_10;J;7640;1240;0;9550;2440;2935
P173064203;P173064203_11;K;9550;1240;0;11460;2440;2935
P173064203;P173064203_12;L;9550;0;0;11460;1200;2935
P173064203;P173064203_13;M;11460;0;0;13370;1200;2935
P173064203;P173064203_14;N;11460;1240;0;13370;2440;2935
P172064203;P172064203_1;A;0;0;0;1910;1200;2935
P172064203;P172064203_2;B;0;1240;0;1910;2440;2935
P172064203;P172064203_3;C;1910;1240;0;3820;2440;2935
P172064203;P172064203_4;D;1910;0;0;3820;1200;2935
P172064203;P172064203_5;E;3820;0;0;5730;1200;2935
P172064203;P172064203_6;F;3820;1240;0;5730;2440;2935
P172064203;P172064203_7;G;5730;1240;0;7640;2440;2935
P172064203;P172064203_8;H;5730;0;0;7640;1200;2935
P172064203;P172064203_9;I;7640;0;0;9550;1200;2935
P172064203;P172064203_10;J;7640;1240;0;9550;2440;2935
P172064203;P172064203_11;K;9550;1240;0;11460;2440;2935
P172064203;P172064203_12;L;9550;0;0;11460;1200;2935
P172064203;P172064203_13;M;11460;0;0;13370;1200;2935
P172064203;P172064203_14;N;11460;1240;0;13370;2440;2935
P171064203;P171064203_1;A;0;0;0;1910;1200;2935
P171064203;P171064203_2;B;0;1240;0;1910;2440;2935
P171064203;P171064203_3;C;1910;1240;0;3820;2440;2935
P171064203;P171064203_4;D;1910;0;0;3820;1200;2935
P171064203;P171064203_5;E;3820;0;0;5730;1200;2935
P171064203;P171064203_6;F;3820;1240;0;5730;2440;2935
P171064203;P171064203_7;G;5730;1240;0;7640;2440;2935
P171064203;P171064203_8;H;5730;0;0;7640;1200;2935
P171064203;P171064203_9;I;7640;0;0;9550;1200;2935
P171064203;P171064203_10;J;7640;1240;0;9550;2440;2935
P171064203;P171064203_11;K;9550;1240;0;11460;2440;2935
P171064203;P171064203_12;L;9550;0;0;11460;1200;2935
P171064203;P171064203_13;M;11460;0;0;13370;1200;2935
P171064203;P171064203_14;N;11460;1240;0;13370;2440;2935
P171064405;P171064405_1;A;0;0;0;1910;1200;2935
P171064405;P171064405_2;B;0;1240;0;1910;2440;2935
P171064405;P171064405_3;C;1910;1240;0;3820;2440;2935
P171064405;P171064405_4;D;1910;0;0;3820;1200;2935
P171064405;P171064405_5;E;3820;0;0;5730;1200;2935
P171064405;P171064405_6;F;3820;1240;0;5730;2440;2935
P171064405;P171064405_7;G;5730;1240;0;7640;2440;2935
P171064405;P171064405_8;H;5730;0;0;7640;1200;2935
P171064405;P171064405_9;I;7640;0;0;9550;1200;2935
P171064405;P171064405_10;J;7640;1240;0;9550;2440;2935
P171064405;P171064405_11;K;9550;1240;0;11460;2440;2935
P171064405;P171064405_12;L;9550;0;0;11460;1200;2935
P171064405;P171064405_13;M;11460;0;0;13370;1200;2935
P171064405;P171064405_14;N;11460;1240;0;13370;2440;2935
P167064203;P167064203_1;A;0;0;0;1910;1200;2935
P167064203;P167064203_2;B;0;1240;0;1910;2440;2935
P167064203;P167064203_3;C;1910;1240;0;3820;2440;2935
P167064203;P167064203_4;D;1910;0;0;3820;1200;2935
P167064203;P167064203_5;E;3820;0;0;5730;1200;2935
P167064203;P167064203_6;F;3820;1240;0;5730;2440;2935
P167064203;P167064203_7;G;5730;1240;0;7640;2440;2935
P167064203;P167064203_8;H;5730;0;0;7640;1200;2935
P167064203;P167064203_9;I;7640;0;0;9550;1200;2935
P167064203;P167064203_10;J;7640;1240;0;9550;2440;2935
P167064203;P167064203_11;K;9550;1240;0;11460;2440;2935
P167064203;P167064203_12;L;9550;0;0;11460;1200;2935
P167064203;P167064203_13;M;11460;0;0;13370;1200;2935
P167064203;P167064203_14;N;11460;1240;0;13370;2440;2935
P166064203;P166064203_1;A;0;0;0;1910;1200;2935
P166064203;P166064203_2;B;0;1240;0;1910;2440;2935
P166064203;P166064203_3;C;1910;1240;0;3820;2440;2935
P166064203;P166064203_4;D;1910;0;0;3820;1200;2935
P166064203;P166064203_5;E;3820;0;0;5730;1200;2935
P166064203;P166064203_6;F;3820;1240;0;5730;2440;2935
P166064203;P166064203_7;G;5730;1240;0;7640;2440;2935
P166064203;P166064203_8;H;5730;0;0;7640;1200;2935
P166064203;P166064203_9;I;7640;0;0;9550;1200;2935
P166064203;P166064203_10;J;7640;1240;0;9550;2440;2935
P166064203;P166064203_11;K;9550;1240;0;11460;2440;2935
P166064203;P166064203_12;L;9550;0;0;11460;1200;2935
P166064203;P166064203_13;M;11460;0;0;13370;1200;2935
P166064203;P166064203_14;N;11460;1240;0;13370;2440;2935
P165064203;P165064203_1;A;0;0;0;1910;1200;2935
P165064203;P165064203_2;B;0;1240;0;1910;2440;2935
P165064203;P165064203_3;C;1910;1240;0;3820;2440;2935
P165064203;P165064203_4;D;1910;0;0;3820;1200;2935
P165064203;P165064203_5;E;3820;0;0;5730;1200;2935
P165064203;P165064203_6;F;3820;1240;0;5730;2440;2935
P165064203;P165064203_7;G;5730;1240;0;7640;2440;2935
P165064203;P165064203_8;H;5730;0;0;7640;1200;2935
P165064203;P165064203_9;I;7640;0;0;9550;1200;2935
P165064203;P165064203_10;J;7640;1240;0;9550;2440;2935
P165064203;P165064203_11;K;9550;1240;0;11460;2440;2935
P165064203;P165064203_12;L;9550;0;0;11460;1200;2935
P165064203;P165064203_13;M;11460;0;0;13370;1200;2935
P165064203;P165064203_14;N;11460;1240;0;13370;2440;2935
Q165064203_1;Q165064203_1_1;A;0;0;0;1910;1200;2935
Q165064203_1;Q165064203_1_2;B;0;1240;0;1910;2440;2935
Q165064203_1;Q165064203_1_3;C;1910;1240;0;3820;2440;2935
Q165064203_1;Q165064203_1_4;D;1910;0;0;3820;1200;2935
Q165064203_1;Q165064203_1_5;E;3820;0;0;5730;1200;2935
Q165064203_1;Q165064203_1_6;F;3820;1240;0;5730;2440;2935
Q165064203_1;Q165064203_1_7;G;5730;1240;0;7640;2440;2935
Q165064203_1;Q165064203_1_8;H;5730;0;0;7640;1200;2935
Q165064203_1;Q165064203_1_9;I;7640;0;0;9550;1200;2935
Q165064203_1;Q165064203_1_10;J;7640;1240;0;9550;2440;2935
Q165064203_1;Q165064203_1_11;K;9550;1240;0;11460;2440;2935
Q165064203_1;Q165064203_1_12;L;9550;0;0;11460;1200;2935
Q165064203_1;Q165064203_1_13;M;11460;0;0;13370;1200;2935
Q165064203_1;Q165064203_1_14;N;11460;1240;0;13370;2440;1490
P240220701;P240220701_1;A;0;0;0;1010;1206;2186
P240220701;P240220701_2;B;0;1234;0;1010;2440;2186
P240220701;P240220701_3;C;1010;1234;0;2020;2440;2186
P240220701;P240220701_4;D;1010;0;0;2020;1206;2186
P240220701;P240220701_5;E;2020;0;0;3030;1206;2186
P240220701;P240220701_6;F;2020;1234;0;3030;2440;2186
P240220701;P240220701_7;G;3030;1234;0;4040;2440;2633
P240220701;P240220701_8;H;3030;0;0;4040;1206;2571
P240220701;P240220701_9;I;4040;0;0;5050;1206;2756
P240220701;P240220701_10;J;4040;1234;0;5050;2440;2571
P240220701;P240220701_11;K;5050;1234;0;6060;2440;2186
P240220701;P240220701_12;L;5050;0;0;6060;1206;2186
P240220701;P240220701_13;M;6060;0;0;7070;1206;2186
P240220701;P240220701_14;N;6060;1234;0;7070;2440;2186
P240220701;P240220701_15;O;7070;1234;0;8080;2440;2278
P240220701;P240220701_16;P;7070;0;0;8080;1206;2370
P240220701;P240220701_17;Q;8080;0;0;9090;1206;2370
P205220701;P205220701_1;A;0;0;0;1010;1206;2186
P205220701;P205220701_2;B;0;1234;0;1010;2440;2186
P205220701;P205220701_3;C;1010;1234;0;2020;2440;2186
P205220701;P205220701_4;D;1010;0;0;2020;1206;2186
P205220701;P205220701_5;E;2020;0;0;3030;1206;2186
P205220701;P205220701_6;F;2020;1234;0;3030;2440;2186
P205220701;P205220701_7;G;3030;1234;0;4040;2440;2186
P205220701;P205220701_8;H;3030;0;0;4040;1206;2186
P205220701;P205220701_9;I;4040;0;0;5050;1206;2186
P205220701;P205220701_10;J;4040;1234;0;5050;2440;2186
P205220701;P205220701_11;K;5050;1234;0;6060;2440;2186
P205220701;P205220701_12;L;5050;0;0;6060;1206;2755
P205220701;P205220701_13;M;6060;0;0;7070;1206;2571
P205220701;P205220701_14;N;6060;1234;0;7070;2440;2755
P205220701;P205220701_15;O;7070;1234;0;8080;2440;2756
P205220701;P205220701_16;P;7070;0;0;8080;1206;2571
P205220701;P205220701_17;Q;8080;0;0;9090;1206;2571
P205220701;P205220701_18;R;8080;1234;0;9090;2440;2756
P205220701;P205220701_19;S;9090;1234;0;10100;2440;2663
P205220701;P205220701_20;T;9090;0;0;10100;1206;2370
P205220701;P205220701_21;U;10100;0;0;11110;1206;2278
P205220701;P205220701_22;V;10100;1234;0;11110;2440;2278
P205220701;P205220701_23;W;11110;1234;0;12120;2440;2186
P205220701;P205220701_24;X;11110;0;0;12120;1206;2186
P205220701;P205220701_25;Y;12120;0;0;13326;1010;2186
P205220701;P205220701_26;Z;12120;1430;0;13326;2440;2186
P198220701;P198220701_1;A;0;0;0;1010;1206;2186
P198220701;P198220701_2;B;0;1234;0;1010;2440;2186
P198220701;P198220701_3;C;1010;1234;0;2020;2440;2186
P198220701;P198220701_4;D;1010;0;0;2020;1206;2186
P198220701;P198220701_5;E;2020;0;0;3030;1206;2186
P198220701;P198220701_6;F;2020;1234;0;3030;2440;2186
P198220701;P198220701_7;G;3030;1234;0;4040;2440;2186
P198220701;P198220701_8;H;3030;0;0;4040;1206;2186
P198220701;P198220701_9;I;4040;0;0;5050;1206;2186
P198220701;P198220701_10;J;4040;1234;0;5050;2440;2186
P198220701;P198220701_11;K;5050;1234;0;6060;2440;2186
P198220701;P198220701_12;L;5050;0;0;6060;1206;2671
P198220701;P198220701_13;M;6060;0;0;7070;1206;2571
P198220701;P198220701_14;N;6060;1234;0;7070;2440;2571
P198220701;P198220701_15;O;7070;1234;0;8080;2440;2663
P198220701;P198220701_16;P;7070;0;0;8080;1206;2663
P198220701;P198220701_17;Q;8080;0;0;9090;1206;2756
P198220701;P198220701_18;R;8080;1234;0;9090;2440;2756
P198220701;P198220701_19;S;9090;1234;0;10100;2440;2471
P198220701;P198220701_20;T;9090;0;0;10100;1206;2571
P198220701;P198220701_21;U;10100;0;0;11110;1206;2571
P198220701;P198220701_22;V;10100;1234;0;11110;2440;2370
P198220701;P198220701_23;W;11110;1234;0;12120;2440;2186
P198220701;P198220701_24;X;11110;0;0;12120;1206;2370
P198220701;P198220701_25;Y;12120;0;0;13326;1010;2370
P198220701;P198220701_26;Z;12120;1430;0;13326;2440;2370
P191220701;P191220701_1;A;0;0;0;1010;1206;2186
P191220701;P191220701_2;B;0;1206;0;1010;2412;2186
P191220701;P191220701_3;C;1010;1234;0;2020;2440;2186
P191220701;P191220701_4;D;1010;0;0;2020;1206;2186
P191220701;P191220701_5;E;2020;0;0;3030;1206;2186
P191220701;P191220701_6;F;2020;1234;0;3030;2440;2186
P191220701;P191220701_7;G;3030;1234;0;4040;2440;2186
P191220701;P191220701_8;H;3030;0;0;4040;1206;2186
P191220701;P191220701_9;I;4040;0;0;5050;1206;2186
P191220701;P191220701_10;J;4040;1234;0;5050;2440;2763
P191220701;P191220701_11;K;5050;1234;0;6060;2440;2756
P191220701;P191220701_12;L;5050;0;0;6060;1206;2571
P191220701;P191220701_13;M;6060;0;0;7070;1206;2571
P191220701;P191220701_14;N;6060;1234;0;7070;2440;2571
P191220701;P191220701_15;O;7070;1234;0;8080;2440;2756
P191220701;P191220701_16;P;7070;0;0;8080;1206;2186
P191220701;P191220701_17;Q;8080;0;0;9090;1206;2186
P191220701;P191220701_18;R;8080;1234;0;9090;2440;2278
P191220701;P191220701_19;S;9090;1234;0;10100;2440;2370
P191220701;P191220701_20;T;9090;0;0;10100;1206;2186
P191220701;P191220701_21;U;10100;0;0;11110;1206;2186
P191220701;P191220701_22;V;10100;1234;0;11110;2440;2186
P191220701;P191220701_23;W;11110;1234;0;12120;2440;2370
P191220701;P191220701_24;X;11110;0;0;12120;1206;2370
P191220701;P191220701_25;Y;12120;0;0;13326;1010;2370
P191220701;P191220701_26;Z;12120;1430;0;13326;2440;2186
P187220701;P187220701_1;A;0;0;0;1010;1206;2186
P187220701;P187220701_2;B;0;1206;0;1010;2412;2186
P187220701;P187220701_3;C;1010;1234;0;2020;2440;2186
P187220701;P187220701_4;D;1010;0;0;2020;1206;2186
P187220701;P187220701_5;E;2020;1234;0;3030;2440;2671
P187220701;P187220701_6;F;2020;0;0;3030;1206;2571
P187220701;P187220701_7;G;3030;0;0;4040;1206;2571
P187220701;P187220701_8;H;3030;1234;0;4040;2440;2571
P187220701;P187220701_9;I;4040;1234;0;5050;2440;2756
P187220701;P187220701_10;J;4040;0;0;5050;1206;2571
P187220701;P187220701_11;K;5050;0;0;6060;1206;2186
P187220701;P187220701_12;L;5050;1234;0;6060;2440;2186
P187220701;P187220701_13;M;6060;1234;0;7070;2440;2186
P187220701;P187220701_14;N;6060;0;0;7070;1206;2186
P187220701;P187220701_15;O;7070;0;0;8080;1206;2186
P187220701;P187220701_16;P;7070;1234;0;8080;2440;2186
P187220701;P187220701_17;Q;8080;1234;0;9090;2440;2186
P187220701;P187220701_18;R;8080;0;0;9090;1206;2278
P187220701;P187220701_19;S;9090;0;0;10100;1206;2370
P187220701;P187220701_20;T;9090;1234;0;10100;2440;1185
P184220701;P184220701_1;A;0;0;0;1010;1206;2186
P184220701;P184220701_2;B;0;1234;0;1010;2440;2186
P184220701;P184220701_3;C;1010;1234;0;2020;2440;2186
P184220701;P184220701_4;D;1010;0;0;2020;1206;2186
P184220701;P184220701_5;E;2020;0;0;3030;1206;2186
P184220701;P184220701_6;F;2020;1234;0;3030;2440;2186
P184220701;P184220701_7;G;3030;1234;0;4040;2440;2571
P184220701;P184220701_8;H;3030;0;0;4040;1206;2471
P184220701;P184220701_9;I;4040;0;0;5050;1206;2756
P184220701;P184220701_10;J;4040;1234;0;5050;2440;2186
P184220701;P184220701_11;K;5050;1234;0;6060;2440;2186
P184220701;P184220701_12;L;5050;0;0;6060;1206;2186
P184220701;P184220701_13;M;6060;0;0;7070;1206;2348
P184220701;P184220701_14;N;6060;1234;0;7070;2440;2186
P184220701;P184220701_15;O;7070;1234;0;8080;2440;2370
P184220701;P184220701_16;P;7070;0;0;8080;1206;2370
P209066301;P209066301_1;A;0;1240;0;2000;2440;1800
P209066301;P209066301_2;B;0;0;0;2000;1200;1800
P209066301;P209066301_3;C;2000;0;0;4000;1200;1800
P209066301;P209066301_4;D;2000;1200;0;4000;2400;1800
P209066301;P209066301_5;E;4000;1240;0;6000;2440;1800
P209066301;P209066301_6;F;4000;0;0;5600;1200;2865
P209066301;P209066301_7;G;5600;0;0;7200;1200;2865
P209066301;P209066301_8;H;6000;1240;0;7600;2440;2865
P209066301;P209066301_9;I;7200;0;0;8800;1200;2865
P209066301;P209066301_10;J;7600;1240;0;9200;2440;2865
P209066301;P209066301_11;K;8800;0;0;10400;1200;2865
P209066301;P209066301_12;L;9200;1240;0;10800;2440;2160
P209066301;P209066301_13;M;10400;0;0;12400;1200;1800
P209066301;P209066301_14;N;10800;1240;0;12800;2440;1800
P208066301;P208066301_1;A;0;0;0;2000;1200;1800
P208066301;P208066301_2;B;0;1200;0;2000;2400;1800
P208066301;P208066301_3;C;2000;1240;0;4000;2440;1800
P208066301;P208066301_4;D;2000;0;0;4000;1200;1800
P208066301;P208066301_5;E;4000;1240;0;6000;2440;1800
P208066301;P208066301_6;F;4000;0;0;6000;1200;1800
P208066301;P208066301_7;G;6000;0;0;8000;1200;1800
P208066301;P208066301_8;H;6000;1240;0;8000;2440;1800
P208066301;P208066301_9;I;8000;1240;0;10000;2440;1800
P208066301;P208066301_10;J;8000;0;0;10000;1200;1800
P208066301;P208066301_11;K;10000;0;0;11600;1200;2865
P208066301;P208066301_12;L;10000;1240;0;11600;2440;2865
P208066301;P208066301_13;M;11600;1240;0;13200;2440;2865
P208066301;P208066301_14;N;11600;0;0;13200;1200;1455
P206066301;P206066301_1;A;0;1240;0;2000;2440;1800
P206066301;P206066301_2;B;0;0;0;2000;1200;1800
P206066301;P206066301_3;C;2000;0;0;4000;1200;1800
P206066301;P206066301_4;D;2000;1240;0;4000;2440;1800
P206066301;P206066301_5;E;4000;1240;0;6000;2440;1800
P206066301;P206066301_6;F;4000;0;0;6000;1200;1800
P206066301;P206066301_7;G;6000;0;0;8000;1200;1800
P206066301;P206066301_8;H;6000;1240;0;7600;2440;2865
P206066301;P206066301_9;I;7600;1240;0;9200;2440;2865
P206066301;P206066301_10;J;8000;0;0;9600;1200;2865
P206066301;P206066301_11;K;9200;1240;0;10800;2440;2865
P206066301;P206066301_12;L;9600;0;0;11200;1200;2865
P206066301;P206066301_13;M;10800;1240;0;12400;2440;2865
P206066301;P206066301_14;N;11200;0;0;12800;1200;2865
P203066301;P203066301_1;A;0;1240;0;2000;2440;1800
P203066301;P203066301_2;B;0;0;0;2000;1200;1800
P203066301;P203066301_3;C;2000;0;0;4000;1200;1800
P203066301;P203066301_4;D;2000;1240;0;4000;2440;1800
P203066301;P203066301_5;E;4000;1240;0;6000;2440;1800
P203066301;P203066301_6;F;4000;0;0;6000;1200;1800
P203066301;P203066301_7;G;6000;0;0;8000;1200;1800
P203066301;P203066301_8;H;6000;1240;0;8000;2440;1800
P203066301;P203066301_9;I;8000;1240;0;10000;2440;1800
P203066301;P203066301_10;J;8000;0;0;10000;1200;1800
P203066301;P203066301_11;K;10000;0;0;11600;1200;2865
P203066301;P203066301_12;L;10000;1240;0;11600;2440;2865
P203066301;P203066301_13;M;11600;1240;0;13200;2440;2865
P203066301;P203066301_14;N;11600;0;0;13200;1200;2865
P202066301;P202066301_1;A;0;1240;0;1600;2440;2865
P202066301;P202066301_2;B;0;0;0;2000;1200;1800
P202066301;P202066301_3;C;1600;1240;0;3600;2440;1800
P202066301;P202066301_4;D;2000;0;0;4000;1200;1800
P202066301;P202066301_5;E;3600;1240;0;5600;2440;1800
P202066301;P202066301_6;F;4000;0;0;5600;1200;2865
P202066301;P202066301_7;G;5600;0;0;7200;1200;2865
P202066301;P202066301_8;H;5600;1240;0;7600;2440;1800
P202066301;P202066301_9;I;7200;0;0;9200;1200;1800
P202066301;P202066301_10;J;7600;1240;0;9600;2440;1800
P202066301;P202066301_11;K;9200;0;0;11200;1200;1800
P202066301;P202066301_12;L;9600;1240;0;11600;2440;1800
P202066301;P202066301_13;M;11200;0;0;13200;1200;1800
P202066301;P202066301_14;N;11600;1240;0;13200;2440;2865
P201066301;P201066301_1;A;0;0;0;2000;1200;1800
P201066301;P201066301_2;B;0;1240;0;1600;2440;2865
P201066301;P201066301_3;C;1600;1240;0;3600;2440;1800
P201066301;P201066301_4;D;2000;0;0;4000;1200;1800
P201066301;P201066301_5;E;3600;1240;0;5600;2440;1800
P201066301;P201066301_6;F;4000;0;0;6000;1200;1800
P201066301;P201066301_7;G;5600;1240;0;7600;2440;1800
P201066301;P201066301_8;H;6000;0;0;8000;1200;1800
P201066301;P201066301_9;I;7600;1240;0;9600;2440;1800
P201066301;P201066301_10;J;8000;0;0;9600;1200;2865
P201066301;P201066301_11;K;9600;1240;0;11200;2440;2865
P201066301;P201066301_12;L;9600;0;0;11200;1200;2160
P199066301;P199066301_1;A;0;0;0;2000;1200;1800
P199066301;P199066301_2;B;0;1240;0;2000;2440;1800
P199066301;P199066301_3;C;2000;1240;0;4000;2440;1800
P199066301;P199066301_4;D;2000;0;0;4000;1200;1800
P199066301;P199066301_5;E;4000;0;0;6000;1200;1800
P199066301;P199066301_6;F;4000;1240;0;6000;2440;1800
P199066301;P199066301_7;G;6000;1240;0;7600;2440;2865
P199066301;P199066301_8;H;6000;0;0;7600;1200;2865
P199066301;P199066301_9;I;7600;0;0;9200;1200;2865
P199066301;P199066301_10;J;7600;1240;0;9200;2440;2865
P199066301;P199066301_11;K;9200;1240;0;11200;2440;1800
P199066301;P199066301_12;L;9200;0;0;10800;1200;2865
P199066301;P199066301_13;M;10800;0;0;12400;1200;2865
P199066301;P199066301_14;N;11200;1240;0;12800;2440;2865
P194066301;P194066301_1;A;0;0;0;2000;1200;1800
P194066301;P194066301_2;B;0;1240;0;2000;2440;1800
P194066301;P194066301_3;C;2000;1240;0;4000;2440;1800
P194066301;P194066301_4;D;2000;0;0;4000;1200;1800
P194066301;P194066301_5;E;4000;0;0;6000;1200;1800
P194066301;P194066301_6;F;4000;1240;0;6000;2440;1800
P194066301;P194066301_7;G;6000;1240;0;7600;2440;2865
P194066301;P194066301_8;H;6000;0;0;7600;1200;2865
P194066301;P194066301_9;I;7600;0;0;9200;1200;2865
P194066301;P194066301_10;J;7600;1240;0;9200;2440;2865
P194066301;P194066301_11;K;9200;1240;0;10800;2440;2865
P194066301;P194066301_12;L;9200;0;0;10800;1200;2865
P194066301;P194066301_13;M;10800;0;0;12400;1200;2865
P194066301;P194066301_14;N;10800;1240;0;12400;2440;2865
P193066301;P193066301_1;A;0;0;0;2000;1200;1800
P193066301;P193066301_2;B;0;1240;0;2000;2440;1800
P193066301;P193066301_3;C;2000;1240;0;4000;2440;1800
P193066301;P193066301_4;D;2000;0;0;4000;1200;1800
P193066301;P193066301_5;E;4000;0;0;6000;1200;1800
P193066301;P193066301_6;F;4000;1240;0;6000;2440;1800
P193066301;P193066301_7;G;6000;1240;0;8000;2440;1800
P193066301;P193066301_8;H;6000;0;0;8000;1200;1800
P193066301;P193066301_9;I;8000;0;0;10000;1200;1800
P193066301;P193066301_10;J;8000;1240;0;10000;2440;1800
P193066301;P193066301_11;K;10000;1240;0;12000;2440;1800
P193066301;P193066301_12;L;10000;0;0;11600;1200;2865
P193066301;P193066301_13;M;11600;0;0;13200;1200;2865
P192066301;P192066301_1;A;0;0;0;2000;1200;1800
P192066301;P192066301_2;B;0;1240;0;2000;2440;1800
P192066301;P192066301_3;C;2000;1240;0;4000;2440;1800
P192066301;P192066301_4;D;2000;0;0;4000;1200;1800
P192066301;P192066301_5;E;4000;0;0;6000;1200;1800
P192066301;P192066301_6;F;4000;1240;0;5600;2440;2865
P192066301;P192066301_7;G;5600;1240;0;7200;2440;2865
P192066301;P192066301_8;H;6000;0;0;8000;1200;1800
P192066301;P192066301_9;I;7200;1240;0;9200;2440;1800
P192066301;P192066301_10;J;8000;0;0;10000;1200;1800
P192066301;P192066301_11;K;9200;1240;0;11200;2440;1800
P192066301;P192066301_12;L;10000;0;0;11600;1200;2865
P192066301;P192066301_13;M;11200;1240;0;12800;2440;2865
P192066301;P192066301_14;N;11600;0;0;13200;1200;2865
P189066301;P189066301_1;A;0;0;0;2000;1200;1800
P189066301;P189066301_2;B;0;1240;0;2000;2440;1800
P189066301;P189066301_3;C;2000;1240;0;4000;2440;1800
P189066301;P189066301_4;D;2000;0;0;3600;1200;2865
P189066301;P189066301_5;E;3600;0;0;5600;1200;1800
P189066301;P189066301_6;F;4000;1240;0;6000;2440;1800
P189066301;P189066301_7;G;5600;0;0;7600;1200;1800
P189066301;P189066301_8;H;6000;1240;0;8000;2440;1800
P189066301;P189066301_9;I;7600;0;0;9600;1200;1800
P189066301;P189066301_10;J;8000;1240;0;9600;2440;2865
P189066301;P189066301_11;K;9600;0;0;11200;1200;2865
P189066301;P189066301_12;L;9600;1240;0;11200;2440;2865
P189066301;P189066301_13;M;11200;1240;0;13200;2440;1800
P189066301;P189066301_14;N;11200;0;0;13200;1200;1800
P188066301;P188066301_1;A;0;0;0;2000;1200;1800
P188066301;P188066301_2;B;0;1240;0;2000;2440;1800
P188066301;P188066301_3;C;2000;1240;0;4000;2440;1800
P188066301;P188066301_4;D;2000;0;0;3600;1200;2865
P188066301;P188066301_5;E;3600;0;0;5600;1200;1800
P188066301;P188066301_6;F;4000;1240;0;6000;2440;1800
P188066301;P188066301_7;G;5600;0;0;7600;1200;1800
P188066301;P188066301_8;H;6000;1240;0;8000;2440;1800
P188066301;P188066301_9;I;7600;0;0;9600;1200;1800
P188066301;P188066301_10;J;8000;1240;0;10000;2440;1800
P188066301;P188066301_11;K;9600;0;0;11200;1200;2865
P188066301;P188066301_12;L;10000;1240;0;11600;2440;2865
P188066301;P188066301_13;M;11200;0;0;12800;1200;2865
P187066301;P187066301_1;A;0;1240;0;2000;2440;1800
P187066301;P187066301_2;B;0;0;0;2000;1200;1800
P187066301;P187066301_3;C;2000;0;0;4000;1200;1800
P187066301;P187066301_4;D;2000;1240;0;4000;2440;1800
P187066301;P187066301_5;E;4000;1240;0;6000;2440;1800
P187066301;P187066301_6;F;4000;0;0;6000;1200;1800
P187066301;P187066301_7;G;6000;0;0;8000;1200;1800
P187066301;P187066301_8;H;6000;1240;0;8000;2440;1800
P187066301;P187066301_9;I;8000;1240;0;10000;2440;1800
P187066301;P187066301_10;J;8000;0;0;9600;1200;2865
P187066301;P187066301_11;K;9600;0;0;11200;1200;2865
P187066301;P187066301_12;L;10000;1240;0;11600;2440;2865
P187066301;P187066301_13;M;11200;0;0;12800;1200;750
P186066301;P186066301_1;A;0;0;0;2000;1200;1800
P186066301;P186066301_2;B;0;1240;0;2000;2440;1800
P186066301;P186066301_3;C;2000;1240;0;4000;2440;1800
P186066301;P186066301_4;D;2000;0;0;4000;1200;1800
P186066301;P186066301_5;E;4000;0;0;6000;1200;1800
P186066301;P186066301_6;F;4000;1240;0;6000;2440;1800
P186066301;P186066301_7;G;6000;1240;0;8000;2440;1800
P186066301;P186066301_8;H;6000;0;0;8000;1200;1800
P186066301;P186066301_9;I;8000;0;0;9600;1200;2865
P186066301;P186066301_10;J;8000;1240;0;9600;2440;2865
P186066301;P186066301_11;K;9600;1240;0;11200;2440;2865
P186066301;P186066301_12;L;9600;0;0;11200;1200;1455
P185066301;P185066301_1;A;0;0;0;2000;1200;1800
P185066301;P185066301_2;B;0;1240;0;2000;2440;1800
P185066301;P185066301_3;C;2000;1240;0;4000;2440;1800
P185066301;P185066301_4;D;2000;0;0;4000;1200;1800
P185066301;P185066301_5;E;4000;0;0;6000;1200;1800
P185066301;P185066301_6;F;4000;1240;0;6000;2440;1800
P185066301;P185066301_7;G;6000;1240;0;7600;2440;2865
P185066301;P185066301_8;H;6000;0;0;7600;1200;2865
P185066301;P185066301_9;I;7600;0;0;9200;1200;2865
P209220301;P209220301_1;A;0;620;0;1000;1820;975
P209220301;P209220301_2;B;1000;620;0;2000;1820;975
P209220301;P209220301_3;C;2000;1240;0;3000;2440;975
P209220301;P209220301_4;D;2000;0;0;3000;1200;975
P209220301;P209220301_5;E;3000;0;0;4000;1200;975
P209220301;P209220301_6;F;3000;1240;0;4000;2440;930
P209220301;P209220301_7;G;4000;1240;0;5000;2440;930
P209220301;P209220301_8;H;4000;0;0;5000;1200;930
P209220301;P209220301_9;I;5000;0;0;6000;1200;930
P209220301;P209220301_10;J;5000;1240;0;6000;2440;1905
P209220301;P209220301_11;K;6000;1240;0;7000;2440;1905
P209220301;P209220301_12;L;6000;0;0;7000;1200;1905
P209220301;P209220301_13;M;7000;0;0;8000;1200;1905
P209220301;P209220301_14;N;7000;1240;0;8000;2440;1905
P209220301;P209220301_15;O;8000;1240;0;9000;2440;1905
P209220301;P209220301_16;P;8000;0;0;9000;1200;1905
P209220301;P209220301_17;Q;9000;0;0;10000;1200;1905
P209220301;P209220301_18;R;9000;1240;0;10000;2440;1905
P209220301;P209220301_19;S;10000;1240;0;11000;2440;1905
P209220301;P209220301_20;T;10000;0;0;11000;1200;1905
P206220301;P206220301_1;A;0;0;0;1000;1200;930
P206220301;P206220301_2;B;0;1240;0;1000;2440;930
P206220301;P206220301_3;C;1000;1240;0;2000;2440;930
P206220301;P206220301_4;D;1000;0;0;2000;1200;975
P206220301;P206220301_5;E;2000;0;0;3000;1200;975
P206220301;P206220301_6;F;2000;1240;0;3000;2440;975
P206220301;P206220301_7;G;3000;1240;0;4000;2440;975
P206220301;P206220301_8;H;3000;0;0;4000;1200;975
P206220301;P206220301_9;I;4000;0;0;5000;1200;975
P206220301;P206220301_10;J;4000;1240;0;5000;2440;930
P206220301;P206220301_11;K;5000;1240;0;6000;2440;930
P206220301;P206220301_12;L;5000;0;0;6000;1200;930
P206220301;P206220301_13;M;6000;0;0;7000;1200;975
P206220301;P206220301_14;N;6000;1240;0;7000;2440;975
P206220301;P206220301_15;O;7000;1240;0;8000;2440;975
P206220301;P206220301_16;P;7000;0;0;8000;1200;1905
P206220301;P206220301_17;Q;8000;0;0;9000;1200;1905
P206220301;P206220301_18;R;8000;1240;0;9000;2440;1905
P206220301;P206220301_19;S;9000;1240;0;10000;2440;1905
P206220301;P206220301_20;T;9000;0;0;10000;1200;1905
P206220301;P206220301_21;U;10000;0;0;11000;1200;1905
P206220301;P206220301_22;V;10000;1240;0;11000;2440;1905
P206220301;P206220301_23;W;11000;1240;0;12000;2440;1905
P206220301;P206220301_24;X;11000;0;0;12000;1200;1905
P206220301;P206220301_25;Y;12000;0;0;13200;1000;1905
P206220301;P206220301_26;Z;12000;1240;0;13000;2440;975
P202220301;P202220301_1;A;0;0;0;1000;1200;930
P202220301;P202220301_2;B;0;1240;0;1000;2440;930
P202220301;P202220301_3;C;1000;1240;0;2000;2440;930
P202220301;P202220301_4;D;1000;0;0;2000;1200;930
P202220301;P202220301_5;E;2000;0;0;3000;1200;930
P202220301;P202220301_6;F;2000;1240;0;3000;2440;975
P202220301;P202220301_7;G;3000;1240;0;4000;2440;975
P202220301;P202220301_8;H;3000;0;0;4000;1200;975
P202220301;P202220301_9;I;4000;0;0;5000;1200;975
P202220301;P202220301_10;J;4000;1240;0;5000;2440;975
P202220301;P202220301_11;K;5000;1240;0;6000;2440;975
P202220301;P202220301_12;L;5000;0;0;6000;1200;975
P202220301;P202220301_13;M;6000;0;0;7000;1200;1905
P202220301;P202220301_14;N;6000;1240;0;7000;2440;1905
P202220301;P202220301_15;O;7000;1240;0;8000;2440;1905
P202220301;P202220301_16;P;7000;0;0;8000;1200;1905
P202220301;P202220301_17;Q;8000;0;0;9000;1200;1905
P202220301;P202220301_18;R;8000;1240;0;9000;2440;1905
P202220301;P202220301_19;S;9000;1240;0;10000;2440;1905
P202220301;P202220301_20;T;9000;0;0;10000;1200;1905
P202220301;P202220301_21;U;10000;0;0;11000;1200;1905
P202220301;P202220301_22;V;10000;1240;0;11000;2440;1905
P202220301;P202220301_23;W;11000;1240;0;12000;2440;1905
P202220301;P202220301_24;X;11000;0;0;12000;1200;1905
P200220301;P200220301_1;A;0;620;0;1000;1820;930
P200220301;P200220301_2;B;1000;620;0;2000;1820;930
P200220301;P200220301_3;C;2000;620;0;3000;1820;930
P200220301;P200220301_4;D;3000;620;0;4000;1820;930
P200220301;P200220301_5;E;4000;1240;0;5000;2440;975
P200220301;P200220301_6;F;4000;0;0;5000;1200;975
P200220301;P200220301_7;G;5000;0;0;6000;1200;975
P200220301;P200220301_8;H;5000;1240;0;6000;2440;975
P200220301;P200220301_9;I;6000;1240;0;7000;2440;975
P200220301;P200220301_10;J;6000;0;0;7000;1200;1905
P200220301;P200220301_11;K;7000;0;0;8000;1200;1905
P200220301;P200220301_12;L;7000;1240;0;8000;2440;1905
P200220301;P200220301_13;M;8000;1240;0;9000;2440;1905
P200220301;P200220301_14;N;8000;0;0;9000;1200;1905
P200220301;P200220301_15;O;9000;0;0;10000;1200;1905
P200220301;P200220301_16;P;9000;1240;0;10000;2440;1905
P200220301;P200220301_17;Q;10000;1240;0;11000;2440;1905
P200220301;P200220301_18;R;10000;0;0;11000;1200;1905
P200220301;P200220301_19;S;11000;0;0;12000;1200;1905
P200220301;P200220301_20;T;11000;1240;0;12000;2440;1905
P200220301;P200220301_21;U;12000;1440;0;13200;2440;1905
P200220301;P200220301_22;V;12000;0;0;13000;1200;1905
P199220301;P199220301_1;A;0;620;0;1000;1820;930
P199220301;P199220301_2;B;1000;620;0;2000;1820;930
P199220301;P199220301_3;C;2000;620;0;3000;1820;975
P199220301;P199220301_4;D;3000;620;0;4000;1820;975
P199220301;P199220301_5;E;4000;1240;0;5000;2440;975
P199220301;P199220301_6;F;4000;0;0;5000;1200;975
P199220301;P199220301_7;G;5000;1240;0;6000;2440;1905
P199220301;P199220301_8;H;5000;0;0;6000;1200;1905
P199220301;P199220301_9;I;6000;0;0;7000;1200;1905
P199220301;P199220301_10;J;6000;1240;0;7000;2440;1905
P199220301;P199220301_11;K;7000;1240;0;8000;2440;1905
P199220301;P199220301_12;L;7000;0;0;8000;1200;1905
P199220301;P199220301_13;M;8000;0;0;9000;1200;1905
P199220301;P199220301_14;N;8000;1240;0;9000;2440;1905
P199220301;P199220301_15;O;9000;1240;0;10000;2440;1905
P199220301;P199220301_16;P;9000;0;0;10000;1200;1905
P199220301;P199220301_17;Q;10000;0;0;11000;1200;1905
P199220301;P199220301_18;R;10000;1240;0;11000;2440;1905
P199220301;P199220301_19;S;11000;1240;0;12000;2440;1905
P199220301;P199220301_20;T;11000;0;0;12000;1200;1905
P199220301;P199220301_21;U;12000;0;0;13200;1000;975
P193220301;P193220301_1;A;0;0;0;1000;1200;930
P193220301;P193220301_2;B;0;1200;0;1000;2400;930
P193220301;P193220301_3;C;1000;1240;0;2000;2440;930
P193220301;P193220301_4;D;1000;0;0;2000;1200;930
P193220301;P193220301_5;E;2000;0;0;3000;1200;930
P193220301;P193220301_6;F;2000;1220;0;3000;2420;930
P193220301;P193220301_7;G;3000;0;0;4000;1200;975
P193220301;P193220301_8;H;3000;1240;0;4000;2440;975
P193220301;P193220301_9;I;4000;0;0;5000;1200;975
P193220301;P193220301_10;J;4000;1200;0;5000;2400;975
P193220301;P193220301_11;K;5000;1240;0;6000;2440;975
P193220301;P193220301_12;L;5000;0;0;6000;1200;975
P193220301;P193220301_13;M;6000;0;0;7000;1200;975
P193220301;P193220301_14;N;6000;1200;0;7000;2400;975
P193220301;P193220301_15;O;7000;1240;0;8000;2440;975
P193220301;P193220301_16;P;7000;0;0;8000;1200;975
P193220301;P193220301_17;Q;8000;0;0;9000;1200;1905
P193220301;P193220301_18;R;8000;1200;0;9000;2400;1905
P193220301;P193220301_19;S;9000;1240;0;10000;2440;1905
P193220301;P193220301_20;T;9000;0;0;10000;1200;1905
P193220301;P193220301_21;U;10000;0;0;11000;1200;1905
P193220301;P193220301_22;V;10000;1200;0;11000;2400;1905
P193220301;P193220301_23;W;11000;1240;0;12000;2440;1905
P193220301;P193220301_24;X;11000;0;0;12000;1200;1905
P193220301;P193220301_25;Y;12000;0;0;13000;1200;1905
P193220301;P193220301_26;Z;12000;1200;0;13000;2400;1905
P192220301;P192220301_1;A;0;620;0;1000;1820;930
P192220301;P192220301_2;B;1000;1240;0;2000;2440;975
P192220301;P192220301_3;C;1000;20;0;2000;1220;975
P192220301;P192220301_4;D;2000;1240;0;3000;2440;975
P192220301;P192220301_5;E;2000;20;0;3000;1220;930
P192220301;P192220301_6;F;3000;620;0;4000;1820;930
P192220301;P192220301_7;G;4000;1240;0;5000;2440;1905
P192220301;P192220301_8;H;4000;20;0;5000;1220;1905
P192220301;P192220301_9;I;5000;0;0;6000;1200;1905
P192220301;P192220301_10;J;5000;1220;0;6000;2420;1905
P192220301;P192220301_11;K;6000;1240;0;7000;2440;1905
P192220301;P192220301_12;L;6000;0;0;7000;1200;1905
P192220301;P192220301_13;M;7000;0;0;8000;1200;1905
P192220301;P192220301_14;N;7000;1240;0;8000;2440;1905
P192220301;P192220301_15;O;8000;1240;0;9000;2440;1905
P192220301;P192220301_16;P;8000;0;0;9000;1200;1905
P192220301;P192220301_17;Q;9000;0;0;10000;1200;1905
P192220301;P192220301_18;R;9000;1240;0;10000;2440;1905
P192220301;P192220301_19;S;10000;1240;0;11000;2440;1905
P192220301;P192220301_20;T;10000;0;0;11000;1200;1905
P192220301;P192220301_21;U;11000;0;0;12000;1200;975
P188220301;P188220301_1;A;0;0;0;1000;1200;930
P188220301;P188220301_2;B;0;1200;0;1000;2400;930
P188220301;P188220301_3;C;1000;1240;0;2000;2440;930
P188220301;P188220301_4;D;1000;0;0;2000;1200;930
P188220301;P188220301_5;E;2000;1240;0;3000;2440;975
P188220301;P188220301_6;F;2000;0;0;3000;1200;975
P188220301;P188220301_7;G;3000;0;0;4000;1200;975
P188220301;P188220301_8;H;3000;1240;0;4000;2440;975
P188220301;P188220301_9;I;4000;1240;0;5000;2440;975
P188220301;P188220301_10;J;4000;0;0;5000;1200;975
P188220301;P188220301_11;K;5000;0;0;6000;1200;975
P188220301;P188220301_12;L;5000;1240;0;6000;2440;975
P188220301;P188220301_13;M;6000;1240;0;7000;2440;1905
P188220301;P188220301_14;N;6000;0;0;7000;1200;1905
P188220301;P188220301_15;O;7000;0;0;8000;1200;1905
P188220301;P188220301_16;P;7000;1240;0;8000;2440;1905
P188220301;P188220301_17;Q;8000;1240;0;9000;2440;1905
P188220301;P188220301_18;R;8000;0;0;9000;1200;1905
P188220301;P188220301_19;S;9000;0;0;10000;1200;1905
P188220301;P188220301_20;T;9000;1240;0;10000;2440;1905
P188220301;P188220301_21;U;10000;1240;0;11000;2440;1905
P188220301;P188220301_22;V;10000;0;0;11000;1200;1905
P188220301;P188220301_23;W;11000;0;0;12000;1200;1905
P188220301;P188220301_24;X;11000;1240;0;12000;2440;1905
P186220301;P186220301_1;A;0;0;0;1000;1200;975
P186220301;P186220301_2;B;0;1200;0;1000;2400;975
P186220301;P186220301_3;C;1000;1240;0;2000;2440;975
P186220301;P186220301_4;D;1000;0;0;2000;1200;975
P186220301;P186220301_5;E;2000;0;0;3000;1200;975
P186220301;P186220301_6;F;2000;1200;0;3000;2400;975
P186220301;P186220301_7;G;3000;1240;0;4000;2440;930
P186220301;P186220301_8;H;3000;0;0;4000;1200;930
P186220301;P186220301_9;I;4000;0;0;5000;1200;930
P186220301;P186220301_10;J;4000;1240;0;5000;2440;930
P186220301;P186220301_11;K;5000;1240;0;6000;2440;1905
P186220301;P186220301_12;L;5000;0;0;6000;1200;1905
P186220301;P186220301_13;M;6000;0;0;7000;1200;1905
P186220301;P186220301_14;N;6000;1240;0;7000;2440;1905
P186220301;P186220301_15;O;7000;1240;0;8000;2440;1905
P186220301;P186220301_16;P;7000;0;0;8000;1200;1905
P186220301;P186220301_17;Q;8000;0;0;9000;1200;1905
P186220301;P186220301_18;R;8000;1240;0;9000;2440;1905
P186220301;P186220301_19;S;9000;1240;0;10000;2440;1905
P186220301;P186220301_20;T;9000;0;0;10000;1200;1905
P186220301;P186220301_21;U;10000;0;0;11000;1200;1905
P186220301;P186220301_22;V;10000;1240;0;11000;2440;1905
P186220301;P186220301_23;W;11000;1240;0;12000;2440;1905
P185220301;P185220301_1;A;0;620;0;1000;1820;975
P185220301;P185220301_2;B;1000;620;0;2000;1820;975
P185220301;P185220301_3;C;2000;620;0;3000;1820;975
P185220301;P185220301_4;D;3000;1240;0;4000;2440;930
P185220301;P185220301_5;E;3000;0;0;4000;1200;930
P185220301;P185220301_6;F;4000;0;0;5000;1200;1905
P185220301;P185220301_7;G;4000;1240;0;5000;2440;1905
P185220301;P185220301_8;H;5000;1240;0;6000;2440;1905
P185220301;P185220301_9;I;5000;20;0;6000;1220;1905
P185220301;P185220301_10;J;6000;0;0;7000;1200;1905
P185220301;P185220301_11;K;6000;1240;0;7000;2440;1905
P185220301;P185220301_12;L;7000;1240;0;8000;2440;1905
P185220301;P185220301_13;M;7000;0;0;8000;1200;1905
P185220301;P185220301_14;N;8000;0;0;9000;1200;1905
P185220301;P185220301_15;O;8000;1240;0;9000;2440;975
P192065903;P192065903_1;A;0;1240;0;1600;2440;2865
P192065903;P192065903_2;B;0;0;0;1600;1200;2865
P192065903;P192065903_3;C;1600;0;0;3200;1200;2865
P192065903;P192065903_4;D;1600;1240;0;3200;2440;2865
P192065903;P192065903_5;E;3200;1240;0;4800;2440;750
P192065903;P192065903_6;F;3200;0;0;4210;1206;2840
P192065903;P192065903_7;G;4210;0;0;5210;1200;1035
P192065903;P192065903_8;H;4800;1234;0;5810;2440;2940
P192065903;P192065903_9;I;5210;0;0;6220;1206;2910
P192065903;P192065903_10;J;5810;1234;0;6820;2440;2655
P192065903;P192065903_11;K;6220;0;0;7230;1206;2370
P192065903;P192065903_12;L;6820;1234;0;7830;2440;2170
P192065903;P192065903_13;M;7230;0;0;8240;1206;2370
P192065903;P192065903_14;N;7830;1234;0;8840;2440;2270
P192065903;P192065903_15;O;8240;0;0;9250;1206;2270
P192065903;P192065903_16;P;8840;1234;0;9850;2440;2270
P188065903;P188065903_1;A;0;1240;0;1600;2440;2865
P188065903;P188065903_2;B;0;0;0;1600;1200;2865
P188065903;P188065903_3;C;1600;0;0;3200;1200;1455
P188065903;P188065903_4;D;1600;1234;0;2610;2440;2910
P188065903;P188065903_5;E;2610;1234;0;3620;2440;2370
P188065903;P188065903_6;F;3200;0;0;4210;1206;2170
P188065903;P188065903_7;G;3620;1240;0;4620;2440;345
P188065903;P188065903_8;H;4210;0;0;5220;1206;2370
P188065903;P188065903_9;I;4620;1234;0;5630;2440;2270
P185065903;P185065903_1;A;0;1240;0;1600;2440;2865
P185065903;P185065903_2;B;0;0;0;1600;1200;2865
P185065903;P185065903_3;C;1600;0;0;3200;1200;2865
P185065903;P185065903_4;D;1600;1240;0;3200;2440;750
P185065903;P185065903_5;E;3200;1234;0;4210;2440;2840
P185065903;P185065903_6;F;3200;0;0;4210;1206;2840
P185065903;P185065903_7;G;4210;0;0;5210;1200;690
P185065903;P185065903_8;H;4210;1234;0;5220;2440;2755
P185065903;P185065903_9;I;5210;0;0;6220;1206;2755
P185065903;P185065903_10;J;5220;1234;0;6230;2440;2840
P185065903;P185065903_11;K;6220;0;0;7230;1206;2270
P240069601;P240069601_1;A;0;620;0;1000;1820;930
P240069601;P240069601_2;B;1000;620;0;2000;1820;2700
P240069601;P240069601_3;C;2000;620;0;3000;1820;2700
P240069601;P240069601_4;D;3000;620;0;4000;1820;2700
P240069601;P240069601_5;E;4000;1240;0;5000;2440;1815
P240069601;P240069601_6;F;4000;0;0;4570;780;478
P240069601;P240069601_7;G;4570;0;0;5570;1200;2700
P240069601;P240069601_8;H;5000;1240;0;6600;2440;2700
P240069601;P240069601_9;I;5570;0;0;6570;1200;2700
P240069601;P240069601_10;J;6570;0;0;7570;1200;2700
P240069601;P240069601_11;K;6600;1240;0;8200;2440;2700
P240069601;P240069601_12;L;7570;0;0;9180;1240;1425
P240069601;P240069601_13;M;9180;0;0;10420;1610;1425
P240069601;P240069601_14;N;10420;0;0;11660;1610;735
P206069601;P206069601_1;A;0;620;0;1000;1820;2700
P206069601;P206069601_2;B;1000;620;0;2000;1820;2700
P206069601;P206069601_3;C;2000;830;0;3240;2440;1425
P206069601;P206069601_4;D;3240;0;0;4480;1610;1425
P206069601;P206069601_5;E;4480;0;0;6080;1200;2700
P206069601;P206069601_6;F;4480;1200;0;6090;2440;1425
P206069601;P206069601_7;G;6080;0;0;7680;1200;2700
P206069601;P206069601_8;H;6090;1240;0;7690;2440;2700
P206069601;P206069601_9;I;7680;0;0;9290;1240;1425
P206069601;P206069601_10;J;7690;1240;0;9290;2440;2700
P206069601;P206069601_11;K;9290;0;0;10530;1610;1425
P206069601;P206069601_12;L;10530;0;0;11770;1610;1425
P206069601;P206069601_13;M;11770;1200;0;13380;2440;1425
P206069601;P206069601_14;N;11770;0;0;12770;1200;2700
P205069601;P205069601_1;A;0;620;0;1000;1820;930
P205069601;P205069601_2;B;1000;620;0;2000;1820;2700
P205069601;P205069601_3;C;2000;1240;0;3000;2440;2700
P205069601;P205069601_4;D;2000;230;0;2570;1010;909
P205069601;P205069601_5;E;2570;20;0;3570;1220;2700
P205069601;P205069601_6;F;3000;1240;0;4000;2440;2700
P205069601;P205069601_7;G;3570;0;0;4570;1200;1815
P205069601;P205069601_8;H;4000;1200;0;5610;2440;1425
P205069601;P205069601_9;I;4570;0;0;5570;1200;2700
P205069601;P205069601_10;J;5570;0;0;6570;1200;2700
P205069601;P205069601_11;K;5610;1200;0;7220;2440;1425
P205069601;P205069601_12;L;6570;0;0;7570;1200;2700
P205069601;P205069601_13;M;7220;1200;0;8830;2440;1425
P205069601;P205069601_14;N;7570;0;0;8570;1200;2700
P205069601;P205069601_15;O;8570;0;0;9570;1200;2700
P205069601;P205069601_16;P;8830;1240;0;9830;2440;2700
P205069601;P205069601_17;Q;9570;0;0;11170;1200;2700
P205069601;P205069601_18;R;9830;1200;0;11440;2440;1425
P205069601;P205069601_19;S;11170;0;0;12770;1200;2700
P205069601;P205069601_20;T;11440;1200;0;13050;2440;1080
P205069601;P205069601_21;U;12770;0;0;13340;780;1340
P201069601;P201069601_1;A;0;620;0;1000;1820;2700
P201069601;P201069601_2;B;1000;620;0;2000;1820;2700
P201069601;P201069601_3;C;2000;830;0;2570;1610;478
P201069601;P201069601_4;D;2570;415;0;3810;2025;1425
P201069601;P201069601_5;E;3810;1240;0;4810;2440;2700
P201069601;P201069601_6;F;3810;0;0;4810;1200;2700
P201069601;P201069601_7;G;4810;0;0;6410;1200;2700
P201069601;P201069601_8;H;4810;1200;0;6420;2440;1425
P201069601;P201069601_9;I;6410;0;0;8010;1200;2700
P201069601;P201069601_10;J;6420;1200;0;8030;2440;1425
P201069601;P201069601_11;K;8010;0;0;9010;1200;2700
P201069601;P201069601_12;L;8030;1200;0;9640;2440;1425
P201069601;P201069601_13;M;9010;0;0;10010;1200;2700
P201069601;P201069601_14;N;9640;1240;0;10640;2440;2700
P201069601;P201069601_15;O;10010;0;0;11620;1240;1425
P201069601;P201069601_16;P;10640;1240;0;12240;2440;2700
P201069601;P201069601_17;Q;11620;0;0;13230;1240;1425
P201069601;P201069601_18;R;12240;1240;0;13240;2440;2700
P199069601;P199069601_1;A;0;620;0;1000;1820;2700
P199069601;P199069601_2;B;1000;1240;0;2000;2440;2700
P199069601;P199069601_3;C;1000;0;0;2610;1240;1425
P199069601;P199069601_4;D;2000;1240;0;3000;2440;2700
P199069601;P199069601_5;E;2610;0;0;3610;1200;2700
P199069601;P199069601_6;F;3000;1430;0;3570;2210;1340
P199069601;P199069601_7;G;3570;1220;0;4570;2420;2700
P199069601;P199069601_8;H;3610;10;0;4610;1210;2700
P199069601;P199069601_9;I;4570;1240;0;6170;2440;2700
P199069601;P199069601_10;J;4610;0;0;6210;1200;2700
P199069601;P199069601_11;K;6170;1240;0;7770;2440;2700
P199069601;P199069601_12;L;6210;0;0;7820;1240;1425
P199069601;P199069601_13;M;7820;0;0;9060;1610;1425
P199069601;P199069601_14;N;9060;0;0;10300;1610;1425
P199069601;P199069601_15;O;10300;0;0;11540;1610;1425
P199069601;P199069601_16;P;11540;0;0;13150;1240;1080
P198069601;P198069601_1;A;0;620;0;1000;1820;930
P198069601;P198069601_2;B;1000;620;0;2000;1820;2700
P198069601;P198069601_3;C;2000;830;0;2570;1610;478
P198069601;P198069601_4;D;2570;1240;0;3570;2440;2700
P198069601;P198069601_5;E;2570;20;0;3570;1220;2700
P198069601;P198069601_6;F;3570;620;0;4570;1820;1815
P198069601;P198069601_7;G;4570;620;0;5570;1820;2700
P198069601;P198069601_8;H;5570;1240;0;6570;2440;2700
P198069601;P198069601_9;I;5570;0;0;7180;1240;1425
P198069601;P198069601_10;J;6570;1240;0;7570;2440;2700
P198069601;P198069601_11;K;7180;0;0;8790;1240;1425
P198069601;P198069601_12;L;7570;1240;0;9170;2440;2700
P198069601;P198069601_13;M;8790;0;0;10400;1240;735
P192069601;P192069601_1;A;0;415;0;1240;2025;390
P192069601;P192069601_2;B;1240;415;0;2480;2025;1425
P192069601;P192069601_3;C;2480;415;0;3720;2025;1425
P192069601;P192069601_4;D;3720;0;0;4960;1610;1425
P192069601;P192069601_5;E;4960;1240;0;6560;2440;2700
P192069601;P192069601_6;F;4960;0;0;6560;1200;2700
P192069601;P192069601_7;G;6560;0;0;7560;1200;1815
P192069601;P192069601_8;H;6560;1200;0;8170;2440;1425
P192069601;P192069601_9;I;7560;0;0;9160;1200;2700
P192069601;P192069601_10;J;8170;1200;0;9780;2440;1425
P192069601;P192069601_11;K;9160;0;0;10760;1200;2700
P192069601;P192069601_12;L;9780;1200;0;11390;2440;1425
P192069601;P192069601_13;M;11390;0;0;13000;1240;1425
P191069601;P191069601_1;A;0;1240;0;1000;2440;930
P191069601;P191069601_2;B;0;20;0;1000;1220;930
P191069601;P191069601_3;C;1000;620;0;2000;1820;2700
P191069601;P191069601_4;D;2000;1240;0;3000;2440;2700
P191069601;P191069601_5;E;2000;20;0;3000;1220;2700
P191069601;P191069601_6;F;3000;0;0;4000;1200;2700
P191069601;P191069601_7;G;3000;1220;0;4000;2420;930
P191069601;P191069601_8;H;4000;1660;0;4570;2440;478
P191069601;P191069601_9;I;4000;0;0;5000;1200;2700
P191069601;P191069601_10;J;4570;1240;0;5570;2440;2700
P191069601;P191069601_11;K;5000;0;0;6000;1200;2700
P191069601;P191069601_12;L;5570;1240;0;6570;2440;2700
P191069601;P191069601_13;M;6000;0;0;7000;1200;2700
P191069601;P191069601_14;N;6570;1240;0;7570;2440;2700
P191069601;P191069601_15;O;7000;0;0;8000;1200;2700
P191069601;P191069601_16;P;7570;1200;0;9180;2440;1425
P191069601;P191069601_17;Q;8000;0;0;9600;1200;2700
P191069601;P191069601_18;R;9180;1200;0;10790;2440;1425
P191069601;P191069601_19;S;9600;0;0;10600;1200;2700
P191069601;P191069601_20;T;10600;0;0;11600;1200;2700
P191069601;P191069601_21;U;10790;1200;0;12400;2440;1425
P191069601;P191069601_22;V;11600;0;0;13200;1200;2700
P191069601;P191069601_23;W;12400;1240;0;13400;2440;930
P187069601;P187069601_1;A;0;620;0;1000;1820;930
P187069601;P187069601_2;B;1000;620;0;2000;1820;930
P187069601;P187069601_3;C;2000;1240;0;3000;2440;2700
P187069601;P187069601_4;D;2000;20;0;3000;1220;2700
P187069601;P187069601_5;E;3000;1240;0;4000;2440;930
P187069601;P187069601_6;F;3000;0;0;4610;1240;1425
P187069601;P187069601_7;G;4000;1240;0;5000;2440;2700
P187069601;P187069601_8;H;4610;0;0;5610;1200;2700
P187069601;P187069601_9;I;5000;1240;0;6600;2440;2700
P187069601;P187069601_10;J;5610;0;0;6610;1200;2700
P187069601;P187069601_11;K;6600;1240;0;8200;2440;2700
P187069601;P187069601_12;L;6610;0;0;8220;1240;1425
P187069601;P187069601_13;M;8200;1240;0;9800;2440;2700
P187069601;P187069601_14;N;8220;0;0;9830;1240;1425
P187069601;P187069601_15;O;9800;1240;0;10800;2440;2700
P187069601;P187069601_16;P;9830;0;0;11440;1240;1425
P187069601;P187069601_17;Q;10800;1240;0;11800;2440;2700
P187069601;P187069601_18;R;11440;0;0;13050;1240;1425
P185069601;P185069601_1;A;0;415;0;1240;2025;390
P185069601;P185069601_2;B;1240;415;0;2480;2025;1425
P185069601;P185069601_3;C;2480;620;0;3480;1820;2700
P185069601;P185069601_4;D;3480;620;0;4480;1820;2700
P185069601;P185069601_5;E;4480;1660;0;5050;2440;1340
P185069601;P185069601_6;F;4480;0;0;5480;1200;2700
P185069601;P185069601_7;G;5050;1240;0;6050;2440;2700
P185069601;P185069601_8;H;5480;0;0;7080;1200;2700
P185069601;P185069601_9;I;6050;1240;0;7650;2440;2700
P185069601;P185069601_10;J;7080;0;0;8680;1200;2700
P185069601;P185069601_11;K;7650;1200;0;9260;2440;1425
P185069601;P185069601_12;L;9260;0;0;10500;1610;1425
P185069601;P185069601_13;M;10500;0;0;11740;1610;1425
P185069601;P185069601_14;N;11740;0;0;13350;1240;735
P178062641;P178062641_1;A;0;20;0;1200;2420;975
P178062641;P178062641_2;B;1200;40;0;2400;2440;2835
P178062641;P178062641_3;C;2400;20;0;3600;2420;2835
P178062641;P178062641_4;D;3600;830;0;4170;1610;1771
P178062641;P178062641_5;E;4170;1240;0;6070;2440;2865
P178062641;P178062641_6;F;4170;0;0;6070;1200;1455
P178062641;P178062641_7;G;6070;0;0;7270;2400;2835
P178062641;P178062641_8;H;7270;1440;0;8870;2440;1905
P178062641;P178062641_9;I;7270;0;0;9070;1200;975
P178062641;P178062641_10;J;8870;1660;0;9440;2440;1771
P178062641;P178062641_11;K;9070;0;0;10270;1600;2520
P178062641;P178062641_12;L;9440;1660;0;10010;2440;1340
P178062641;P178062641_13;M;10270;0;0;11875;1205;2700
P178062641;P178062641_14;N;10270;1240;0;11870;2440;2340
P178062641;P178062641_15;O;11870;1240;0;13470;2440;2340
P178062641;P178062641_16;P;11875;0;0;13475;1200;2865
P174062641;P174062641_1;A;0;20;0;1200;2420;1905
P174062641;P174062641_2;B;1200;20;0;2400;2420;1905
P174062641;P174062641_3;C;2400;20;0;3600;2420;2835
P174062641;P174062641_4;D;3600;1660;0;4170;2440;1771
P174062641;P174062641_5;E;3600;0;0;5500;1200;2865
P174062641;P174062641_6;F;4170;1220;0;6070;2420;1455
P174062641;P174062641_7;G;5500;0;0;7900;1200;2835
P174062641;P174062641_8;H;6070;1240;0;8470;2440;2835
P174062641;P174062641_9;I;7900;0;0;10300;1200;2835
P174062641;P174062641_10;J;8470;1440;0;10070;2440;1905
P174062641;P174062641_11;K;10070;1440;0;11670;2440;1905
P174062641;P174062641_12;L;10300;0;0;11900;1000;1905
P174062641;P174062641_13;M;11670;1440;0;13270;2440;1905
P174062641;P174062641_14;N;11900;0;0;13500;1000;975
P173062641;P173062641_1;A;0;0;0;1200;2400;2835
P173062641;P173062641_2;B;1200;0;0;2400;2400;1905
P173062641;P173062641_3;C;2400;0;0;4300;1200;1455
P173062641;P173062641_4;D;2400;1660;0;2970;2440;909
P173062641;P173062641_5;E;2970;1240;0;4770;2440;975
P173062641;P173062641_6;F;4300;0;0;5900;1000;1440
P173062641;P173062641_7;G;4770;1240;0;6370;2440;2865
P173062641;P173062641_8;H;5900;0;0;7500;1200;2700
P173062641;P173062641_9;I;6370;1235;0;7975;2440;2700
P173062641;P173062641_10;J;7500;0;0;9100;1200;2340
P173062641;P173062641_11;K;7975;1240;0;9575;2440;2865
P173062641;P173062641_12;L;9100;0;0;10700;1200;2865
P173062641;P173062641_13;M;9575;1240;0;10575;2440;1815
P173062641;P173062641_14;N;10575;1660;0;11145;2440;1771
P173062641;P173062641_15;O;10700;0;0;11900;1600;2520
P173062641;P173062641_16;P;11145;1660;0;11715;2440;1340
P173062641;P173062641_17;Q;11900;1240;0;13500;2440;2160
P171062641;P171062641_1;A;0;830;0;570;1610;1340
P171062641;P171062641_2;B;570;620;0;2470;1820;2865
P171062641;P171062641_3;C;2470;20;0;3670;2420;2835
P171062641;P171062641_4;D;3670;0;0;4870;2400;2835
P171062641;P171062641_5;E;4870;0;0;6070;2400;2835
P171062641;P171062641_6;F;6070;0;0;7870;1200;975
P171062641;P171062641_7;G;6070;1440;0;7670;2440;1905
P171062641;P171062641_8;H;7670;1440;0;9270;2440;1440
P171062641;P171062641_9;I;7870;0;0;9475;1205;2700
P171062641;P171062641_10;J;9270;1660;0;9840;2440;1771
P171062641;P171062641_11;K;9475;0;0;10675;1600;2865
P171062641;P171062641_12;L;10675;1240;0;12275;2440;2340
P171062641;P171062641_13;M;10675;0;0;12275;1200;2340
P171062641;P171062641_14;N;12275;0;0;13475;1600;750
P167062641;P167062641_1;A;0;20;0;1200;2420;975
P167062641;P167062641_2;B;1200;20;0;2400;2420;2835
P167062641;P167062641_3;C;2400;20;0;3600;2420;2835
P167062641;P167062641_4;D;3600;20;0;4800;2420;2835
P167062641;P167062641_5;E;4800;20;0;6000;2420;975
P167062641;P167062641_6;F;6000;0;0;7900;1200;2865
P167062641;P167062641_7;G;6000;1660;0;6570;2440;1340
P167062641;P167062641_8;H;6570;1440;0;8170;2440;1905
P167062641;P167062641_9;I;7900;0;0;9500;1000;1905
P167062641;P167062641_10;J;8170;1440;0;9770;2440;975
P167062641;P167062641_11;K;9500;0;0;11105;1205;1815
P167062641;P167062641_12;L;9770;1240;0;11370;2440;2865
P167062641;P167062641_13;M;11105;0;0;12705;1200;2520
P167062641;P167062641_14;N;11370;1240;0;12970;2440;2340
P167062641;P167062641_15;O;12705;0;0;13275;780;1771
P166062641;P166062641_1;A;0;0;0;1200;2400;2835
P166062641;P166062641_2;B;1200;1660;0;1770;2440;909
P166062641;P166062641_3;C;1200;0;0;3000;1200;975
P166062641;P166062641_4;D;1770;1440;0;3370;2440;510
P166062641;P166062641_5;E;3000;0;0;4600;1200;2865
P166062641;P166062641_6;F;3370;1240;0;4970;2440;750
P166062641;P166062641_7;G;4600;0;0;5170;780;478
P166062641;P166062641_8;H;4970;835;0;6175;2440;930
P178334503;P178334503_1;A;0;0;0;1600;1200;2700
P178334503;P178334503_2;B;0;1240;0;1600;2440;2700
P178334503;P178334503_3;C;1600;1240;0;3200;2440;2700
P178334503;P178334503_4;D;1600;0;0;3200;1200;2700
P178334503;P178334503_5;E;3200;0;0;4800;1200;2700
P178334503;P178334503_6;F;3200;1240;0;4800;2440;2700
P178334503;P178334503_7;G;4800;1240;0;6400;2440;2700
P178334503;P178334503_8;H;4800;0;0;6400;1200;2700
P178334503;P178334503_9;I;6400;0;0;8000;1200;2700
P178334503;P178334503_10;J;6400;1240;0;8000;2440;2700
P178334503;P178334503_11;K;8000;1240;0;9600;2440;2700
P178334503;P178334503_12;L;8000;0;0;9600;1200;2700
P178334503;P178334503_13;M;9600;0;0;11200;1200;2700
P178334503;P178334503_14;N;9600;1240;0;11200;2440;2700
P178334503;P178334503_15;O;11200;1240;0;12800;2440;2700
P178334503;P178334503_16;P;11200;0;0;12800;1200;2700
Q178334503_1;Q178334503_1_1;A;0;0;0;1600;1200;2700
Q178334503_1;Q178334503_1_2;B;0;1240;0;1600;2440;2700
Q178334503_1;Q178334503_1_3;C;1600;1240;0;3200;2440;2700
Q178334503_1;Q178334503_1_4;D;1600;0;0;3200;1200;2700
Q178334503_1;Q178334503_1_5;E;3200;0;0;4800;1200;2700
Q178334503_1;Q178334503_1_6;F;3200;1240;0;4800;2440;2700
Q178334503_1;Q178334503_1_7;G;4800;1240;0;6400;2440;2700
Q178334503_1;Q178334503_1_8;H;4800;0;0;6400;1200;2700
Q178334503_1;Q178334503_1_9;I;6400;0;0;8000;1200;2700
Q178334503_1;Q178334503_1_10;J;6400;1240;0;8000;2440;2700
Q178334503_1;Q178334503_1_11;K;8000;1240;0;9600;2440;2700
Q178334503_1;Q178334503_1_12;L;8000;0;0;9600;1200;2700
Q178334503_1;Q178334503_1_13;M;9600;0;0;11200;1200;2700
Q178334503_1;Q178334503_1_14;N;9600;1240;0;11200;2440;2700
Q178334503_1;Q178334503_1_15;O;11200;1240;0;12800;2440;2700
Q178334503_1;Q178334503_1_16;P;11200;0;0;12800;1200;2700
P178334501;P178334501_1;A;0;0;0;1000;1200;2835
P178334501;P178334501_2;B;0;1200;0;1000;2400;2835
P178334501;P178334501_3;C;1000;1240;0;2000;2440;2835
P178334501;P178334501_4;D;1000;0;0;2000;1200;2835
P178334501;P178334501_5;E;2000;0;0;3000;1200;2835
P178334501;P178334501_6;F;2000;1200;0;3000;2400;2835
P178334501;P178334501_7;G;3000;1240;0;4000;2440;2835
P178334501;P178334501_8;H;3000;0;0;4000;1200;2835
P178334501;P178334501_9;I;4000;1240;0;5000;2440;2835
P178334501;P178334501_10;J;4000;0;0;5000;1200;2835
P178334501;P178334501_11;K;5000;0;0;6000;1200;2835
P178334501;P178334501_12;L;5000;1240;0;6000;2440;2835
P178334501;P178334501_13;M;6000;1240;0;7000;2440;2835
P178334501;P178334501_14;N;6000;0;0;7000;1200;2835
P178334501;P178334501_15;O;7000;0;0;8000;1200;975
P178334501;P178334501_16;P;7000;1240;0;8000;2440;720
P178334501;P178334501_17;Q;8000;1240;0;9000;2440;720
P178334501;P178334501_18;R;8000;0;0;9000;1200;720
P178334501;P178334501_19;S;9000;0;0;10000;1200;720
P178334501;P178334501_20;T;9000;1240;0;10000;2440;720
P178334501;P178334501_21;U;10000;1240;0;11000;2440;720
P178334501;P178334501_22;V;10000;0;0;11000;1200;720
P178334501;P178334501_23;W;11000;0;0;12000;1200;720
P178334501;P178334501_24;X;11000;1240;0;12000;2440;720
P178334501;P178334501_25;Y;12000;1440;0;13200;2440;720
P178334501;P178334501_26;Z;12000;0;0;13000;1200;720
Q178334501_1;Q178334501_1_1;A;0;620;0;1000;1820;720
Q178334501_1;Q178334501_1_2;B;1000;620;0;2000;1820;720
Q178334501_1;Q178334501_1_3;C;2000;1240;0;3000;2440;720
Q178334501_1;Q178334501_1_4;D;2000;20;0;3000;1220;720
Q178334501_1;Q178334501_1_5;E;3000;1240;0;4000;2440;720
Q178334501_1;Q178334501_1_6;F;3000;0;0;4000;1200;720
Q178334501_1;Q178334501_1_7;G;4000;0;0;5000;1200;720
Q178334501_1;Q178334501_1_8;H;4000;1240;0;5000;2440;720
Q178334501_1;Q178334501_1_9;I;5000;1240;0;6000;2440;720
Q178334501_1;Q178334501_1_10;J;5000;0;0;6000;1200;720
Q178334501_1;Q178334501_1_11;K;6000;0;0;7000;1200;720
Q178334501_1;Q178334501_1_12;L;6000;1240;0;7000;2440;720
Q178334501_1;Q178334501_1_13;M;7000;1240;0;8000;2440;720
Q178334501_1;Q178334501_1_14;N;7000;0;0;8000;1200;720
Q178334501_1;Q178334501_1_15;O;8000;0;0;9000;1200;720
Q178334501_1;Q178334501_1_16;P;8000;1240;0;9000;2440;720
Q178334501_1;Q178334501_1_17;Q;9000;1240;0;10000;2440;720
Q178334501_1;Q178334501_1_18;R;9000;0;0;10000;1200;720
Q178334501_1;Q178334501_1_19;S;10000;0;0;11000;1200;720
Q178334501_1;Q178334501_1_20;T;10000;1240;0;11000;2440;720
Q178334501_1;Q178334501_1_21;U;11000;1240;0;12000;2440;720
Q178334501_1;Q178334501_1_22;V;11000;0;0;12000;1200;720
Q178334501_1;Q178334501_1_23;W;12000;0;0;13200;1000;720
P177334503;P177334503_1;A;0;0;0;1600;1200;2700
P177334503;P177334503_2;B;0;1240;0;1600;2440;2700
P177334503;P177334503_3;C;1600;1240;0;3200;2440;2700
P177334503;P177334503_4;D;1600;0;0;3200;1200;2700
P177334503;P177334503_5;E;3200;0;0;4800;1200;2700
P177334503;P177334503_6;F;3200;1240;0;4800;2440;2700
P177334503;P177334503_7;G;4800;1240;0;6400;2440;2700
P177334503;P177334503_8;H;4800;0;0;6400;1200;2700
P177334503;P177334503_9;I;6400;0;0;8000;1200;2700
P177334503;P177334503_10;J;6400;1240;0;8000;2440;2700
P177334503;P177334503_11;K;8000;1240;0;9600;2440;2700
P177334503;P177334503_12;L;8000;0;0;9600;1200;2700
P177334503;P177334503_13;M;9600;0;0;11200;1200;2700
P177334503;P177334503_14;N;9600;1240;0;11200;2440;2700
P177334503;P177334503_15;O;11200;1240;0;12800;2440;2700
P177334503;P177334503_16;P;11200;0;0;12800;1200;2700
P177334507;P177334507_1;A;0;620;0;1000;1820;720
P177334507;P177334507_2;B;1000;1240;0;2000;2440;720
P177334507;P177334507_3;C;1000;20;0;2000;1220;720
P177334507;P177334507_4;D;2000;620;0;3000;1820;720
P177334507;P177334507_5;E;3000;1240;0;4000;2440;720
P177334507;P177334507_6;F;3000;0;0;4000;1200;720
P177334507;P177334507_7;G;4000;620;0;5000;1820;720
P177334507;P177334507_8;H;5000;1240;0;6000;2440;720
P177334507;P177334507_9;I;5000;0;0;6000;1200;720
P177334507;P177334507_10;J;6000;1240;0;7000;2440;720
P177334507;P177334507_11;K;6000;0;0;7000;1200;720
P177334507;P177334507_12;L;7000;0;0;8000;1200;720
P177334507;P177334507_13;M;7000;1240;0;8000;2440;720
P177334507;P177334507_14;N;8000;1240;0;9000;2440;720
P177334507;P177334507_15;O;8000;0;0;9000;1200;720
P177334507;P177334507_16;P;9000;0;0;10000;1200;720
P177334507;P177334507_17;Q;9000;1240;0;10000;2440;720
P177334507;P177334507_18;R;10000;1240;0;11000;2440;720
P177334507;P177334507_19;S;10000;0;0;11000;1200;720
P177334507;P177334507_20;T;11000;0;0;12000;1200;720
P177334507;P177334507_21;U;11000;1240;0;12000;2440;720
P177334507;P177334507_22;V;12000;1440;0;13200;2440;720
P174334503;P174334503_1;A;0;0;0;1600;1200;2700
P174334503;P174334503_2;B;0;1240;0;1600;2440;2700
P174334503;P174334503_3;C;1600;1240;0;3200;2440;2700
P174334503;P174334503_4;D;1600;0;0;3200;1200;2700
P174334503;P174334503_5;E;3200;0;0;4800;1200;2700
P174334503;P174334503_6;F;3200;1240;0;4800;2440;2700
P174334503;P174334503_7;G;4800;1240;0;6400;2440;2700
P174334503;P174334503_8;H;4800;0;0;6400;1200;2700
P174334503;P174334503_9;I;6400;0;0;8000;1200;2700
P174334503;P174334503_10;J;6400;1240;0;8000;2440;2700
P174334503;P174334503_11;K;8000;1240;0;9600;2440;2700
P174334503;P174334503_12;L;8000;0;0;9600;1200;2700
P174334503;P174334503_13;M;9600;0;0;11200;1200;2700
P174334503;P174334503_14;N;9600;1240;0;11200;2440;2700
P174334503;P174334503_15;O;11200;1240;0;12800;2440;2700
P174334503;P174334503_16;P;11200;0;0;12800;1200;2700
P174334507;P174334507_1;A;0;620;0;1000;1820;720
P174334507;P174334507_2;B;1000;1240;0;2000;2440;720
P174334507;P174334507_3;C;1000;0;0;2000;1200;720
P174334507;P174334507_4;D;2000;620;0;3000;1820;720
P174334507;P174334507_5;E;3000;620;0;4000;1820;720
P174334507;P174334507_6;F;4000;1240;0;5000;2440;720
P174334507;P174334507_7;G;4000;0;0;5000;1200;720
P174334507;P174334507_8;H;5000;620;0;6000;1820;720
P174334507;P174334507_9;I;6000;1240;0;7000;2440;720
P174334507;P174334507_10;J;6000;0;0;7000;1200;720
P174334507;P174334507_11;K;7000;1240;0;8000;2440;720
P174334507;P174334507_12;L;7000;0;0;8000;1200;720
P174334507;P174334507_13;M;8000;0;0;9000;1200;720
P174334507;P174334507_14;N;8000;1240;0;9000;2440;720
P174334507;P174334507_15;O;9000;1240;0;10000;2440;720
P174334507;P174334507_16;P;9000;0;0;10000;1200;720
P174334507;P174334507_17;Q;10000;0;0;11000;1200;720
P174334507;P174334507_18;R;10000;1240;0;11000;2440;720
P174334507;P174334507_19;S;11000;1240;0;12000;2440;720
P173334503;P173334503_1;A;0;0;0;1600;1200;2700
P173334503;P173334503_2;B;0;1240;0;1600;2440;2700
P173334503;P173334503_3;C;1600;1240;0;3200;2440;2700
P173334503;P173334503_4;D;1600;0;0;3200;1200;2700
P173334503;P173334503_5;E;3200;0;0;4800;1200;2700
P173334503;P173334503_6;F;3200;1240;0;4800;2440;2700
P173334503;P173334503_7;G;4800;1240;0;6400;2440;2700
P173334503;P173334503_8;H;4800;0;0;6400;1200;2700
P173334503;P173334503_9;I;6400;0;0;8000;1200;2700
P173334503;P173334503_10;J;6400;1240;0;8000;2440;2700
P173334503;P173334503_11;K;8000;1240;0;9600;2440;2700
P173334503;P173334503_12;L;8000;0;0;9600;1200;2700
P173334503;P173334503_13;M;9600;0;0;11200;1200;2700
P173334503;P173334503_14;N;9600;1240;0;11200;2440;2700
P173334503;P173334503_15;O;11200;1240;0;12800;2440;2700
P173334503;P173334503_16;P;11200;0;0;12800;1200;2700
Q173334503_1;Q173334503_1_1;A;0;0;0;1600;1200;2700
Q173334503_1;Q173334503_1_2;B;0;1240;0;1600;2440;2700
Q173334503_1;Q173334503_1_3;C;1600;1240;0;3200;2440;2700
Q173334503_1;Q173334503_1_4;D;1600;0;0;3200;1200;2700
Q173334503_1;Q173334503_1_5;E;3200;0;0;4800;1200;2700
Q173334503_1;Q173334503_1_6;F;3200;1240;0;4800;2440;2700
P173334501;P173334501_1;A;0;1240;0;1000;2440;2835
P173334501;P173334501_2;B;0;0;0;1000;1200;2835
P173334501;P173334501_3;C;1000;0;0;2000;1200;2835
P173334501;P173334501_4;D;1000;1240;0;2000;2440;2835
P173334501;P173334501_5;E;2000;1240;0;3000;2440;2835
P173334501;P173334501_6;F;2000;0;0;3000;1200;2835
P173334501;P173334501_7;G;3000;0;0;4000;1200;2835
P173334501;P173334501_8;H;3000;1240;0;4000;2440;2835
P173334501;P173334501_9;I;4000;1240;0;5000;2440;2835
P173334501;P173334501_10;J;4000;0;0;5000;1200;2835
P173334501;P173334501_11;K;5000;0;0;6000;1200;2835
P173334501;P173334501_12;L;5000;1240;0;6000;2440;2835
P173334501;P173334501_13;M;6000;1240;0;7000;2440;2835
P173334501;P173334501_14;N;6000;0;0;7000;1200;2835
P173334501;P173334501_15;O;7000;0;0;8000;1200;720
P173334501;P173334501_16;P;7000;1240;0;8000;2440;720
P173334501;P173334501_17;Q;8000;1240;0;9000;2440;720
P173334501;P173334501_18;R;8000;0;0;9000;1200;720
P173334501;P173334501_19;S;9000;0;0;10000;1200;720
P173334501;P173334501_20;T;9000;1240;0;10000;2440;720
P173334501;P173334501_21;U;10000;1240;0;11000;2440;720
P173334501;P173334501_22;V;10000;0;0;11000;1200;720
P173334501;P173334501_23;W;11000;0;0;12000;1200;720
P173334501;P173334501_24;X;11000;1240;0;12000;2440;720
P173334501;P173334501_25;Y;12000;1440;0;13200;2440;720
P173334501;P173334501_26;Z;12000;0;0;13000;1200;720
P172334503;P172334503_1;A;0;0;0;1600;1200;2700
P172334503;P172334503_2;B;0;1240;0;1600;2440;2700
P172334503;P172334503_3;C;1600;1240;0;3200;2440;2700
P172334503;P172334503_4;D;1600;0;0;3200;1200;2700
P172334503;P172334503_5;E;3200;0;0;4800;1200;2700
P172334503;P172334503_6;F;3200;1240;0;4800;2440;2700
P172334503;P172334503_7;G;4800;1240;0;6400;2440;2700
P172334503;P172334503_8;H;4800;0;0;6400;1200;2700
P172334503;P172334503_9;I;6400;0;0;8000;1200;2700
P172334503;P172334503_10;J;6400;1240;0;8000;2440;2700
P172334503;P172334503_11;K;8000;1240;0;9600;2440;2700
P172334503;P172334503_12;L;8000;0;0;9600;1200;2700
P172334503;P172334503_13;M;9600;0;0;11200;1200;2700
P172334503;P172334503_14;N;9600;1240;0;11200;2440;2700
P172334503;P172334503_15;O;11200;1240;0;12800;2440;2700
P172334503;P172334503_16;P;11200;0;0;12800;1200;2700
P172334507;P172334507_1;A;0;620;0;1000;1820;720
P172334507;P172334507_2;B;1000;620;0;2000;1820;720
P172334507;P172334507_3;C;2000;620;0;3000;1820;720
P172334507;P172334507_4;D;3000;620;0;4000;1820;720
P172334507;P172334507_5;E;4000;1240;0;5000;2440;720
P172334507;P172334507_6;F;4000;0;0;5000;1200;720
P172334507;P172334507_7;G;5000;1240;0;6000;2440;720
P172334507;P172334507_8;H;5000;0;0;6000;1200;720
P172334507;P172334507_9;I;6000;0;0;7000;1200;720
P172334507;P172334507_10;J;6000;1240;0;7000;2440;720
P172334507;P172334507_11;K;7000;1240;0;8000;2440;720
P172334507;P172334507_12;L;7000;0;0;8000;1200;720
P172334507;P172334507_13;M;8000;0;0;9000;1200;720
P172334507;P172334507_14;N;8000;1240;0;9000;2440;720
P172334507;P172334507_15;O;9000;1240;0;10000;2440;720
P172334507;P172334507_16;P;9000;0;0;10000;1200;720
P172334507;P172334507_17;Q;10000;0;0;11000;1200;720
P172334507;P172334507_18;R;10000;1240;0;11000;2440;720
P172334507;P172334507_19;S;11000;1240;0;12000;2440;720
P171334503;P171334503_1;A;0;0;0;1600;1200;2700
P171334503;P171334503_2;B;0;1240;0;1600;2440;2700
P171334503;P171334503_3;C;1600;1240;0;3200;2440;2700
P171334503;P171334503_4;D;1600;0;0;3200;1200;2700
P171334503;P171334503_5;E;3200;0;0;4800;1200;2700
P171334503;P171334503_6;F;3200;1240;0;4800;2440;2700
P171334503;P171334503_7;G;4800;1240;0;6400;2440;2700
P171334503;P171334503_8;H;4800;0;0;6400;1200;2700
P171334503;P171334503_9;I;6400;0;0;8000;1200;2700
P171334503;P171334503_10;J;6400;1240;0;8000;2440;2700
P171334503;P171334503_11;K;8000;1240;0;9600;2440;2700
P171334503;P171334503_12;L;8000;0;0;9600;1200;2700
P171334503;P171334503_13;M;9600;0;0;11200;1200;2700
P171334503;P171334503_14;N;9600;1240;0;11200;2440;2700
P171334503;P171334503_15;O;11200;1240;0;12800;2440;2700
P171334503;P171334503_16;P;11200;0;0;12800;1200;2700
P171334501;P171334501_1;A;0;0;0;1000;1200;2835
P171334501;P171334501_2;B;0;1240;0;1000;2440;2835
P171334501;P171334501_3;C;1000;1240;0;2000;2440;2835
P171334501;P171334501_4;D;1000;0;0;2000;1200;2835
P171334501;P171334501_5;E;2000;0;0;3000;1200;1905
P171334501;P171334501_6;F;2000;1240;0;3000;2440;2835
P171334501;P171334501_7;G;3000;1240;0;4000;2440;2835
P171334501;P171334501_8;H;3000;0;0;4000;1200;2835
P171334501;P171334501_9;I;4000;0;0;5000;1200;2835
P171334501;P171334501_10;J;4000;1240;0;5000;2440;1905
P171334501;P171334501_11;K;5000;1240;0;6000;2440;720
P171334501;P171334501_12;L;5000;0;0;6000;1200;720
P171334501;P171334501_13;M;6000;0;0;7000;1200;720
P171334501;P171334501_14;N;6000;1240;0;7000;2440;720
P171334501;P171334501_15;O;7000;1240;0;8000;2440;720
P171334501;P171334501_16;P;7000;0;0;8000;1200;720
P171334501;P171334501_17;Q;8000;0;0;9000;1200;720
P171334501;P171334501_18;R;8000;1240;0;9000;2440;720
P171334501;P171334501_19;S;9000;1240;0;10000;2440;720
P171334501;P171334501_20;T;9000;0;0;10000;1200;720
P171334501;P171334501_21;U;10000;0;0;11000;1200;720
P171334501;P171334501_22;V;10000;1240;0;11000;2440;720
P171334501;P171334501_23;W;11000;1240;0;12000;2440;720
P171334501;P171334501_24;X;11000;0;0;12000;1200;720
P170334503;P170334503_1;A;0;0;0;1600;1200;2700
P170334503;P170334503_2;B;0;1240;0;1600;2440;2700
P170334503;P170334503_3;C;1600;1240;0;3200;2440;2700
P170334503;P170334503_4;D;1600;0;0;3200;1200;2700
P170334503;P170334503_5;E;3200;0;0;4800;1200;2700
P170334503;P170334503_6;F;3200;1240;0;4800;2440;2700
P170334503;P170334503_7;G;4800;1240;0;6400;2440;2700
P170334503;P170334503_8;H;4800;0;0;6400;1200;2700
P170334503;P170334503_9;I;6400;0;0;8000;1200;2700
P170334503;P170334503_10;J;6400;1240;0;8000;2440;2700
P170334503;P170334503_11;K;8000;1240;0;9600;2440;2700
P170334503;P170334503_12;L;8000;0;0;9600;1200;2700
P170334503;P170334503_13;M;9600;0;0;11200;1200;2700
P170334503;P170334503_14;N;9600;1240;0;11200;2440;2700
P170334503;P170334503_15;O;11200;1240;0;12800;2440;2700
P170334503;P170334503_16;P;11200;0;0;12800;1200;2700
P167334503;P167334503_1;A;0;0;0;1600;1200;2700
P167334503;P167334503_2;B;0;1240;0;1600;2440;2700
P167334503;P167334503_3;C;1600;1240;0;3200;2440;2700
P167334503;P167334503_4;D;1600;0;0;3200;1200;2700
P167334503;P167334503_5;E;3200;0;0;4800;1200;2700
P167334503;P167334503_6;F;3200;1240;0;4800;2440;2700
P167334503;P167334503_7;G;4800;1240;0;6400;2440;2700
P167334503;P167334503_8;H;4800;0;0;6400;1200;2700
P167334503;P167334503_9;I;6400;0;0;8000;1200;2700
P167334503;P167334503_10;J;6400;1240;0;8000;2440;2700
P167334503;P167334503_11;K;8000;1240;0;9600;2440;2700
P167334503;P167334503_12;L;8000;0;0;9600;1200;2700
P167334503;P167334503_13;M;9600;0;0;11200;1200;2700
P167334503;P167334503_14;N;9600;1240;0;11200;2440;2700
P167334503;P167334503_15;O;11200;1240;0;12800;2440;2700
P178161343;P178161343_1;A;0;0;0;1400;1200;1445
P178161343;P178161343_2;B;0;1240;0;1000;2440;2700
P178161343;P178161343_3;C;1000;1240;0;2000;2440;930
P178161343;P178161343_4;D;1400;0;0;2410;1206;2747
P178161343;P178161343_5;E;2000;1234;0;3010;2440;1155
P178161343;P178161343_6;F;3010;0;0;4310;1500;1200
P178161343;P178161343_7;G;4310;1240;0;5310;2440;2835
P178161343;P178161343_8;H;4310;0;0;5310;1200;2835
P178161343;P178161343_9;I;5310;0;0;6310;1200;2745
P178161343;P178161343_10;J;5310;1240;0;6310;2440;2700
P178161343;P178161343_11;K;6310;1240;0;7310;2440;2790
P178161343;P178161343_12;L;6310;0;0;7310;1200;2835
P178161343;P178161343_13;M;7310;0;0;8310;1200;2790
P178161343;P178161343_14;N;7310;1240;0;8310;2440;2835
P178161343;P178161343_15;O;8310;1240;0;9310;2440;2835
P178161343;P178161343_16;P;8310;0;0;9310;1200;2835
P178161343;P178161343_17;Q;9310;0;0;10310;1200;2835
P178161343;P178161343_18;R;9310;1240;0;10310;2440;2700
P178161343;P178161343_19;S;10310;1240;0;11310;2440;2835
P178161343;P178161343_20;T;10310;0;0;11310;1200;2835
P178161343;P178161343_21;U;11310;0;0;12310;1200;2835
P178161343;P178161343_22;V;11310;1240;0;12310;2440;2835
P178161343;P178161343_23;W;12310;1240;0;13310;2440;2835
P178161343;P178161343_24;X;12310;0;0;13310;1200;2835
P173161347;P173161347_1;A;0;1240;0;1400;2440;1445
P173161347;P173161347_2;B;0;0;0;1000;1200;2700
P173161347;P173161347_3;C;1000;0;0;2000;1200;930
P173161347;P173161347_4;D;1400;1234;0;2410;2440;1951
P173161347;P173161347_5;E;2000;0;0;3010;1206;1181
P173161347;P173161347_6;F;3010;940;0;4310;2440;1200
P173161347;P173161347_7;G;4310;0;0;5310;1200;2835
P173161347;P173161347_8;H;4310;1240;0;5310;2440;2700
P173161347;P173161347_9;I;5310;1240;0;6310;2440;2790
P173161347;P173161347_10;J;5310;0;0;6310;1200;2835
P173161347;P173161347_11;K;6310;0;0;7310;1200;2835
P173161347;P173161347_12;L;6310;1240;0;7310;2440;2835
P173161347;P173161347_13;M;7310;1240;0;8310;2440;2835
P173161347;P173161347_14;N;7310;0;0;8310;1200;2745
P173161347;P173161347_15;O;8310;0;0;9310;1200;2745
P173161347;P173161347_16;P;8310;1240;0;9310;2440;2835
P173161347;P173161347_17;Q;9310;1240;0;10310;2440;2835
P173161347;P173161347_18;R;9310;0;0;10310;1200;2835
P173161347;P173161347_19;S;10310;0;0;11310;1200;2835
P173161347;P173161347_20;T;10310;1240;0;11310;2440;2745
P173161347;P173161347_21;U;11310;1240;0;12310;2440;2790
P173161347;P173161347_22;V;11310;0;0;12310;1200;2835
P173161347;P173161347_23;W;12310;0;0;13310;1200;2835
P173161347;P173161347_24;X;12310;1240;0;13310;2440;2835
P170161341;P170161341_1;A;0;0;0;1000;1200;2700
P170161341;P170161341_2;B;0;1240;0;1400;2440;745
P170161341;P170161341_3;C;1000;0;0;2010;1206;2721
P170161341;P170161341_4;D;2010;940;0;3310;2440;1200
P170161341;P170161341_5;E;3310;1240;0;4310;2440;2745
P170161341;P170161341_6;F;3310;0;0;4310;1200;2745
P170161341;P170161341_7;G;4310;0;0;5310;1200;2835
P170161341;P170161341_8;H;4310;1240;0;5310;2440;2835
P170161341;P170161341_9;I;5310;1240;0;6310;2440;2835
P170161341;P170161341_10;J;5310;0;0;6310;1200;2835
P170161341;P170161341_11;K;6310;0;0;7310;1200;2700
P170161341;P170161341_12;L;6310;1240;0;7310;2440;2835
P170161341;P170161341_13;M;7310;1240;0;8310;2440;2835
P170161341;P170161341_14;N;7310;0;0;8310;1200;2835
P170161341;P170161341_15;O;8310;0;0;9310;1200;2835
P170161341;P170161341_16;P;8310;1240;0;9310;2440;2835
P170161341;P170161341_17;Q;9310;1240;0;10310;2440;2835
P170161341;P170161341_18;R;9310;0;0;10310;1200;2700
P170161341;P170161341_19;S;10310;0;0;11310;1200;2790
P170161341;P170161341_20;T;10310;1240;0;11310;2440;2835
P170161341;P170161341_21;U;11310;1240;0;12310;2440;2835
P170161341;P170161341_22;V;11310;0;0;12310;1200;2835
P170161341;P170161341_23;W;12310;0;0;13310;1200;2790
P170161341;P170161341_24;X;12310;1240;0;13310;2440;2700
P167161349;P167161349_1;A;0;0;0;1000;1200;1815
P167161349;P167161349_2;B;0;1240;0;1400;2440;745
P167161349;P167161349_3;C;1400;0;0;2700;1500;1200
P167161349;P167161349_4;D;2700;1240;0;3700;2440;2835
P167161349;P167161349_5;E;2700;0;0;3700;1200;2835
P167161349;P167161349_6;F;3700;0;0;4700;1200;2835
P167161349;P167161349_7;G;3700;1240;0;4700;2440;2745
P180255303;P180255303_1;A;0;620;0;2300;1820;1350
P180255303;P180255303_2;B;2300;1240;0;4600;2440;2655
P180255303;P180255303_3;C;2300;0;0;4600;1200;2655
P180255303;P180255303_4;D;4600;0;0;6900;1200;2655
P180255303;P180255303_5;E;4600;1240;0;6900;2440;2655
P180255303;P180255303_6;F;6900;1690;0;8450;2440;1120
P180255303;P180255303_7;G;6900;0;0;9200;1200;1350
P178255301;P178255301_1;A;0;620;0;2300;1820;2655
P178255301;P178255301_2;B;2300;1240;0;4600;2440;2655
P178255301;P178255301_3;C;2300;0;0;4600;1200;2655
P178255301;P178255301_4;D;4600;1240;0;6900;2440;2655
P178255301;P178255301_5;E;4600;0;0;6900;1200;2655
P178255301;P178255301_6;F;6900;0;0;9200;1200;2655
P178255301;P178255301_7;G;6900;1240;0;9200;2440;2655
P178255301;P178255301_8;H;9200;1240;0;11500;2440;2655
P178255301;P178255301_9;I;9200;0;0;11500;1200;2655
P178255301;P178255301_10;J;11500;0;0;12700;2300;1350
P178255301;P178255301_11;K;12700;890;0;13450;2440;1120
Q178255301_1;Q178255301_1_1;A;0;620;0;2300;1820;2655
Q178255301_1;Q178255301_1_2;B;2300;1240;0;4600;2440;1350
Q178255301_1;Q178255301_1_3;C;2300;0;0;3850;750;1120
Q178255301_1;Q178255301_1_4;D;3850;0;0;5350;690;2255
Q178255301_1;Q178255301_1_5;E;4600;940;0;5290;2440;2255
Q178255301_1;Q178255301_1_6;F;5290;940;0;5980;2440;2255
Q178255301_1;Q178255301_1_7;G;5350;0;0;6850;690;2255
Q178255301_1;Q178255301_1_8;H;5980;940;0;6670;2440;2255
Q178255301_1;Q178255301_1_9;I;6670;940;0;7360;2440;2255
Q178255301_1;Q178255301_1_10;J;6850;0;0;8400;750;1120
Q178255301_1;Q178255301_1_11;K;7360;890;0;8110;2440;1120
Q178255301_1;Q178255301_1_12;L;8110;890;0;8860;2440;1120
Q178255301_1;Q178255301_1_13;M;8400;0;0;9950;750;1120
Q178255301_1;Q178255301_1_14;N;8860;890;0;9610;2440;1120
Q178255301_1;Q178255301_1_15;O;9610;890;0;10360;2440;1120
Q178255301_1;Q178255301_1_16;P;9950;0;0;11500;750;1120
Q178255301_1;Q178255301_1_17;Q;10360;890;0;11110;2440;1120
Q178255301_1;Q178255301_1_18;R;11110;890;0;11860;2440;1120
Q178255301_1;Q178255301_1_19;S;11500;0;0;13050;750;1120
Q178255301_1;Q178255301_1_20;T;11860;750;0;13410;1500;1120
P177255301;P177255301_1;A;0;620;0;2300;1820;2655
P177255301;P177255301_2;B;2300;1690;0;3850;2440;1120
P177255301;P177255301_3;C;2300;245;0;4600;1445;2655
P177255301;P177255301_4;D;4600;1240;0;6900;2440;2655
P177255301;P177255301_5;E;4600;0;0;6900;1200;2655
P177255301;P177255301_6;F;6900;1240;0;9200;2440;2655
P177255301;P177255301_7;G;6900;0;0;9200;1200;2655
P177255301;P177255301_8;H;9200;0;0;11500;1200;2655
P177255301;P177255301_9;I;9200;1240;0;11500;2440;2655
P177255301;P177255301_10;J;11500;1750;0;13000;2440;2255
P177255301;P177255301_11;K;11500;0;0;12190;1500;2255
P177255301;P177255301_12;L;12190;0;0;12940;1550;1120
P174255301;P174255301_1;A;0;0;0;2300;1200;1350
P174255301;P174255301_2;B;0;1220;0;2300;2420;1350
P174255301;P174255301_3;C;2300;620;0;4600;1820;2655
P174255301;P174255301_4;D;4600;1240;0;6900;2440;2655
P174255301;P174255301_5;E;4600;0;0;6900;1200;2655
P174255301;P174255301_6;F;6900;1240;0;9200;2440;2655
P174255301;P174255301_7;G;6900;0;0;9200;1200;2655
P174255301;P174255301_8;H;9200;0;0;10750;750;1120
P174255301;P174255301_9;I;9200;890;0;9950;2440;1120
P174255301;P174255301_10;J;9950;890;0;10700;2440;1120
P174255301;P174255301_11;K;10700;940;0;11390;2440;2255
P174255301;P174255301_12;L;10750;0;0;12250;690;2255
P174255301;P174255301_13;M;11390;890;0;12140;2440;1120
P174255301;P174255301_14;N;12140;890;0;12890;2440;1120
P173255301;P173255301_1;A;0;620;0;2300;1820;1350
P173255301;P173255301_2;B;2300;1240;0;4600;2440;2655
P173255301;P173255301_3;C;2300;0;0;4600;1200;2655
P173255301;P173255301_4;D;4600;1240;0;6900;2440;2655
P173255301;P173255301_5;E;4600;0;0;6900;1200;2655
P173255301;P173255301_6;F;6900;0;0;9200;1200;2655
P173255301;P173255301_7;G;6900;1240;0;9200;2440;2655
P173255301;P173255301_8;H;9200;1240;0;11500;2440;2655
P173255301;P173255301_9;I;9200;0;0;10750;750;1120
P173255301;P173255301_10;J;10750;0;0;12300;750;1120
P173255301;P173255301_11;K;11500;940;0;12190;2440;2255
P173255301;P173255301_12;L;12190;940;0;12880;2440;2255
P172255301;P172255301_1;A;0;1690;0;1550;2440;1120
P172255301;P172255301_2;B;0;245;0;2300;1445;1350
P172255301;P172255301_3;C;2300;620;0;4600;1820;2655
P172255301;P172255301_4;D;4600;1240;0;6900;2440;2655
P172255301;P172255301_5;E;4600;0;0;6900;1200;1350
P172255301;P172255301_6;F;6900;0;0;8400;690;2255
P172255301;P172255301_7;G;6900;940;0;7590;2440;2255
P172255301;P172255301_8;H;7590;890;0;8340;2440;1120
P172255301;P172255301_9;I;8340;890;0;9090;2440;1120
P172255301;P172255301_10;J;8400;0;0;9950;750;1120
P172255301;P172255301_11;K;9090;890;0;9840;2440;1120
P172255301;P172255301_12;L;9840;890;0;10590;2440;1120
P172255301;P172255301_13;M;9950;0;0;11500;750;1120
P209355903;P209355903_1;A;0;1240;0;800;2440;2820
P209355903;P209355903_2;B;0;0;0;800;1200;2820
P209355903;P209355903_3;C;800;0;0;1600;1200;2820
P209355903;P209355903_4;D;800;1220;0;1600;2420;2820
P209355903;P209355903_5;E;1600;1240;0;2400;2440;2820
P209355903;P209355903_6;F;1600;0;0;2400;1200;2820
P209355903;P209355903_7;G;2400;0;0;3200;1200;2820
P209355903;P209355903_8;H;2400;1240;0;3200;2440;2820
P209355903;P209355903_9;I;3200;1240;0;4000;2440;2820
P209355903;P209355903_10;J;3200;0;0;4000;1200;2820
P209355903;P209355903_11;K;4000;0;0;4800;1200;2820
P209355903;P209355903_12;L;4000;1240;0;4800;2440;2820
P209355903;P209355903_13;M;4800;1240;0;6400;2440;2700
P209355903;P209355903_14;N;4800;0;0;6400;1200;2700
P209355903;P209355903_15;O;6400;0;0;7200;1200;2300
P209355903;P209355903_16;P;6400;1240;0;7200;2440;2300
P209355903;P209355903_17;Q;7200;1240;0;8000;2440;2300
P209355903;P209355903_18;R;7200;0;0;8000;1200;2300
P209355903;P209355903_19;S;8000;0;0;8800;1200;2300
P209355903;P209355903_20;T;8000;1240;0;8800;2440;2300
P209355903;P209355903_21;U;8800;1340;0;10100;2440;2835
P209355903;P209355903_22;V;8800;0;0;9900;1300;975
P206355901;P206355901_1;A;0;0;0;800;1200;2820
P206355901;P206355901_2;B;0;1220;0;800;2420;2820
P206355901;P206355901_3;C;800;1240;0;1600;2440;2820
P206355901;P206355901_4;D;800;0;0;1600;1200;2820
P206355901;P206355901_5;E;1600;620;0;2400;1820;2820
P206355901;P206355901_6;F;2400;1240;0;3200;2440;2820
P206355901;P206355901_7;G;2400;0;0;3200;1200;2820
P206355901;P206355901_8;H;3200;0;0;4000;1200;2820
P206355901;P206355901_9;I;3200;1240;0;4000;2440;2820
P206355901;P206355901_10;J;4000;1240;0;4800;2440;2820
P206355901;P206355901_11;K;4000;0;0;4800;1200;2820
P206355901;P206355901_12;L;4800;0;0;5600;1200;2820
P206355901;P206355901_13;M;4800;1240;0;5600;2440;2820
P206355901;P206355901_14;N;5600;1240;0;6400;2440;2820
P206355901;P206355901_15;O;5600;0;0;6400;1200;2820
P206355901;P206355901_16;P;6400;0;0;7200;1200;2820
P206355901;P206355901_17;Q;6400;1240;0;7200;2440;2820
P206355901;P206355901_18;R;7200;1240;0;8800;2440;2700
P206355901;P206355901_19;S;7200;0;0;8800;1200;2700
P206355901;P206355901_20;T;8800;0;0;10400;1200;930
P206355901;P206355901_21;U;8800;1200;0;9600;1800;2632
P206355901;P206355901_22;V;8800;1840;0;9600;2440;2632
P206355901;P206355901_23;W;9600;1200;0;10400;1800;2632
P206355901;P206355901_24;X;9600;1840;0;10400;2440;2632
P206355901;P206355901_25;Y;10400;1640;0;11000;2440;2114
P206355901;P206355901_26;Z;10400;0;0;11410;1206;2370
P206355901;P206355901_27;AA;11000;1234;0;12010;2440;2370
P206355901;P206355901_28;AB;11410;0;0;12420;1206;2370
P206355901;P206355901_29;AC;12010;1234;0;13020;2440;1185
P206355901;P206355901_30;AD;12420;0;0;13220;1200;2300
P202355903;P202355903_1;A;0;0;0;800;1200;2820
P202355903;P202355903_2;B;0;1240;0;800;2440;2820
P202355903;P202355903_3;C;800;1240;0;1600;2440;2820
P202355903;P202355903_4;D;800;0;0;1600;1200;2820
P202355903;P202355903_5;E;1600;620;0;2400;1820;2820
P202355903;P202355903_6;F;2400;1240;0;3200;2440;2820
P202355903;P202355903_7;G;2400;0;0;3200;1200;2820
P202355903;P202355903_8;H;3200;0;0;4000;1200;2820
P202355903;P202355903_9;I;3200;1240;0;4000;2440;2820
P202355903;P202355903_10;J;4000;1240;0;4800;2440;2820
P202355903;P202355903_11;K;4000;0;0;4800;1200;2820
P202355903;P202355903_12;L;4800;0;0;5600;1200;2820
P202355903;P202355903_13;M;4800;1240;0;5600;2440;2820
P202355903;P202355903_14;N;5600;1240;0;6400;2440;2820
P202355903;P202355903_15;O;5600;0;0;7200;1200;2700
P202355903;P202355903_16;P;6400;1240;0;8000;2440;2700
P202355903;P202355903_17;Q;7200;0;0;8800;1200;930
P202355903;P202355903_18;R;8000;1240;0;8800;2440;2300
P202355903;P202355903_19;S;8800;0;0;9600;1200;2300
P202355903;P202355903_20;T;8800;1240;0;9600;2440;2300
P202355903;P202355903_21;U;9600;1240;0;10400;2440;2300
P202355903;P202355903_22;V;9600;0;0;10400;1200;2300
P202355903;P202355903_23;W;10400;0;0;11200;1200;2300
P202355903;P202355903_24;X;10400;1340;0;11700;2440;2835
P202355903;P202355903_25;Y;11200;0;0;12300;1300;2835
P202355903;P202355903_26;Z;11700;1640;0;12900;2440;2300
P202355903;P202355903_27;AA;12300;0;0;13500;800;2300
P202355903;P202355903_28;AB;12300;800;0;13500;1600;2300
P199355901;P199355901_1;A;0;620;0;800;1820;2820
P199355901;P199355901_2;B;800;1240;0;1600;2440;2820
P199355901;P199355901_3;C;800;0;0;1600;1200;2820
P199355901;P199355901_4;D;1600;1240;0;2400;2440;2820
P199355901;P199355901_5;E;1600;20;0;2400;1220;2820
P199355901;P199355901_6;F;2400;0;0;3200;1200;2820
P199355901;P199355901_7;G;2400;1240;0;3200;2440;2820
P199355901;P199355901_8;H;3200;1240;0;4000;2440;2820
P199355901;P199355901_9;I;3200;0;0;4000;1200;2820
P199355901;P199355901_10;J;4000;0;0;4800;1200;2820
P199355901;P199355901_11;K;4000;1240;0;4800;2440;2820
P199355901;P199355901_12;L;4800;1240;0;5600;2440;2820
P199355901;P199355901_13;M;4800;0;0;5600;1200;2820
P199355901;P199355901_14;N;5600;0;0;6400;1200;2820
P199355901;P199355901_15;O;5600;1240;0;6400;2440;970
P199355901;P199355901_16;P;6400;1240;0;8000;2440;2700
P199355901;P199355901_17;Q;6400;0;0;8000;1200;930
P199355901;P199355901_18;R;8000;0;0;8600;800;2632
P199355901;P199355901_19;S;8000;1234;0;9010;2440;2370
P199355901;P199355901_20;T;8600;0;0;9610;1206;2370
P199355901;P199355901_21;U;9010;1234;0;10020;2440;2370
P199355901;P199355901_22;V;9610;0;0;10620;1206;2370
P199355901;P199355901_23;W;10020;1240;0;10820;2440;2300
P199355901;P199355901_24;X;10620;0;0;11420;1200;2300
P199355901;P199355901_25;Y;10820;1240;0;11620;2440;2300
P199355901;P199355901_26;Z;11420;0;0;12220;1200;2300
P199355901;P199355901_27;AA;11620;1340;0;12920;2440;2835
P199355901;P199355901_28;AB;12220;0;0;13320;1300;2835
P192355901;P192355901_1;A;0;1240;0;800;2440;2820
P192355901;P192355901_2;B;0;0;0;800;1200;2820
P192355901;P192355901_3;C;800;0;0;1600;1200;2820
P192355901;P192355901_4;D;800;1240;0;1600;2440;2820
P192355901;P192355901_5;E;1600;1240;0;2400;2440;2820
P192355901;P192355901_6;F;1600;0;0;3200;1200;2700
P192355901;P192355901_7;G;2400;1240;0;4000;2440;2700
P192355901;P192355901_8;H;3200;0;0;4800;1200;2700
P192355901;P192355901_9;I;4000;1200;0;4800;1800;2632
P192355901;P192355901_10;J;4000;1840;0;4800;2440;2632
P192355901;P192355901_11;K;4800;0;0;5400;800;2632
P192355901;P192355901_12;L;4800;800;0;5400;1600;2632
P192355901;P192355901_13;M;4800;1640;0;6000;2440;2300
P192355901;P192355901_14;N;5400;0;0;6600;800;2300
P192355901;P192355901_15;O;5400;800;0;6600;1600;2300
P192355901;P192355901_16;P;6000;1640;0;7200;2440;2300
P192355901;P192355901_17;Q;6600;0;0;7800;800;2300
P192355901;P192355901_18;R;6600;800;0;7800;1600;2300
P192355901;P192355901_19;S;7200;1640;0;8400;2440;2300
P192355901;P192355901_20;T;7800;0;0;9000;800;2300
P192355901;P192355901_21;U;7800;800;0;9000;1600;2300
P192355901;P192355901_22;V;8400;1640;0;9600;2440;2300
P192355901;P192355901_23;W;9000;0;0;10100;1300;2835
P192355901;P192355901_24;X;9600;1340;0;10900;2440;2835
P192355901;P192355901_25;Y;10100;0;0;11200;1300;2835
P192355901;P192355901_26;Z;10900;1640;0;12100;2440;2300
P192355901;P192355901_27;AA;11200;0;0;12400;800;2300
P192355901;P192355901_28;AB;11200;800;0;12400;1600;2300
P192355901;P192355901_29;AC;12100;1640;0;13300;2440;2300
P192355901;P192355901_30;AD;12400;0;0;13200;1200;2300
Q192355901_1;Q192355901_1_1;A;0;620;0;800;1820;2820
Q192355901_1;Q192355901_1_2;B;800;1240;0;1600;2440;2820
Q192355901_1;Q192355901_1_3;C;800;0;0;1600;1200;2820
Q192355901_1;Q192355901_1_4;D;1600;0;0;2400;1200;2820
Q192355901_1;Q192355901_1_5;E;1600;1200;0;2400;2400;2820
Q192355901_1;Q192355901_1_6;F;2400;1240;0;3200;2440;2820
Q192355901_1;Q192355901_1_7;G;2400;0;0;3200;1200;2820
Q192355901_1;Q192355901_1_8;H;3200;0;0;4000;1200;2820
Q192355901_1;Q192355901_1_9;I;3200;1200;0;4000;2400;2820
Q192355901_1;Q192355901_1_10;J;4000;1240;0;4800;2440;2820
Q192355901_1;Q192355901_1_11;K;4000;0;0;4800;1200;2820
Q192355901_1;Q192355901_1_12;L;4800;0;0;5600;1200;2820
Q192355901_1;Q192355901_1_13;M;4800;1220;0;5600;2420;2820
Q192355901_1;Q192355901_1_14;N;5600;0;0;6400;1200;2820
Q192355901_1;Q192355901_1_15;O;5600;1240;0;6400;2440;2820
Q192355901_1;Q192355901_1_16;P;6400;0;0;7200;1200;2820
Q192355901_1;Q192355901_1_17;Q;6400;1200;0;7200;2400;2820
Q192355901_1;Q192355901_1_18;R;7200;1240;0;8000;2440;2820
Q192355901_1;Q192355901_1_19;S;7200;0;0;8000;1200;2820
Q192355901_1;Q192355901_1_20;T;8000;0;0;8800;1200;2820
Q192355901_1;Q192355901_1_21;U;8000;1240;0;8800;2440;2820
Q192355901_1;Q192355901_1_22;V;8800;0;0;9600;1200;2820
Q192355901_1;Q192355901_1_23;W;8800;1240;0;9600;2440;2820
Q192355901_1;Q192355901_1_24;X;9600;1240;0;10400;2440;2820
Q192355901_1;Q192355901_1_25;Y;9600;0;0;10400;1200;970
Q192355901_1;Q192355901_1_26;Z;10400;0;0;12000;1200;2700
Q192355901_1;Q192355901_1_27;AA;10400;1240;0;12000;2440;2700
Q192355901_1;Q192355901_1_28;AB;12000;1640;0;12600;2440;2632
Q192355901_1;Q192355901_1_29;AC;12000;0;0;12600;800;2632
Q192355901_1;Q192355901_1_30;AD;12000;800;0;12600;1600;2632
Q192355901_1;Q192355901_1_31;AE;12600;0;0;13400;600;2632
Q192355901_1;Q192355901_1_32;AF;12600;1240;0;13400;2440;2300
P188355903;P188355903_1;A;0;0;0;800;1200;2820
P188355903;P188355903_2;B;0;1200;0;800;2400;2820
P188355903;P188355903_3;C;800;620;0;1600;1820;2820
P188355903;P188355903_4;D;1600;1240;0;2400;2440;2820
P188355903;P188355903_5;E;1600;20;0;2400;1220;2820
P188355903;P188355903_6;F;2400;10;0;3200;1210;2820
P188355903;P188355903_7;G;2400;1210;0;3200;2410;2820
P188355903;P188355903_8;H;3200;1240;0;4000;2440;2820
P188355903;P188355903_9;I;3200;0;0;4000;1200;2820
P188355903;P188355903_10;J;4000;0;0;4800;1200;2820
P188355903;P188355903_11;K;4000;1240;0;4800;2440;2820
P188355903;P188355903_12;L;4800;1240;0;5600;2440;2820
P188355903;P188355903_13;M;4800;0;0;5600;1200;2820
P188355903;P188355903_14;N;5600;0;0;6400;1200;2820
P188355903;P188355903_15;O;5600;1240;0;6400;2440;970
P188355903;P188355903_16;P;6400;1240;0;8000;2440;2700
P188355903;P188355903_17;Q;6400;0;0;8000;1200;2700
P188355903;P188355903_18;R;8000;0;0;9600;1200;930
P188355903;P188355903_19;S;8000;1240;0;8800;2440;2300
P188355903;P188355903_20;T;8800;1240;0;9600;2440;2300
P188355903;P188355903_21;U;9600;1240;0;10400;2440;2300
P188355903;P188355903_22;V;9600;0;0;10400;1200;2300
P188355903;P188355903_23;W;10400;0;0;11700;1100;2835
P188355903;P188355903_24;X;10400;1140;0;11500;2440;1905
P188355903;P188355903_25;Y;11500;1240;0;12300;2440;2300
P188355903;P188355903_26;Z;11700;0;0;12500;1200;2300
P188355903;P188355903_27;AA;12300;1640;0;13500;2440;2300
P188355903;P188355903_28;AB;12500;0;0;13300;1200;2300
P185355901;P185355901_1;A;0;0;0;800;1200;2820
P185355901;P185355901_2;B;0;1220;0;800;2420;2820
P185355901;P185355901_3;C;800;1240;0;1600;2440;2820
P185355901;P185355901_4;D;800;20;0;1600;1220;2820
P185355901;P185355901_5;E;1600;620;0;2400;1820;2820
P185355901;P185355901_6;F;2400;1240;0;3200;2440;2820
P185355901;P185355901_7;G;2400;0;0;3200;1200;2820
P185355901;P185355901_8;H;3200;0;0;4000;1200;2820
P185355901;P185355901_9;I;3200;1240;0;4000;2440;2820
P185355901;P185355901_10;J;4000;1240;0;4800;2440;2820
P185355901;P185355901_11;K;4000;0;0;4800;1200;2820
P185355901;P185355901_12;L;4800;0;0;5600;1200;2820
P185355901;P185355901_13;M;4800;1240;0;5600;2440;2820
P185355901;P185355901_14;N;5600;1240;0;6400;2440;2820
P185355901;P185355901_15;O;5600;0;0;6400;1200;2820
P185355901;P185355901_16;P;6400;0;0;7200;1200;2820
P185355901;P185355901_17;Q;6400;1240;0;7200;2440;2820
P185355901;P185355901_18;R;7200;1240;0;8000;2440;970
P185355901;P185355901_19;S;7200;0;0;8800;1200;2700
P185355901;P185355901_20;T;8000;1240;0;9600;2440;2700
P185355901;P185355901_21;U;8800;0;0;10400;1200;930
P185355901;P185355901_22;V;9600;1200;0;10400;1800;2632
P185355901;P185355901_23;W;9600;1840;0;10400;2440;2632
P185355901;P185355901_24;X;10400;0;0;11000;800;2632
P185355901;P185355901_25;Y;10400;800;0;11000;1600;2632
P185355901;P185355901_26;Z;10400;1640;0;11000;2440;2114
P185355901;P185355901_27;AA;11000;1234;0;12010;2440;2370
P185355901;P185355901_28;AB;11000;0;0;12010;1206;2370
P185355901;P185355901_29;AC;12010;0;0;13216;1010;2370
P185355901;P185355901_30;AD;12010;1234;0;13020;2440;2370
Q185355901_1;Q185355901_1_1;A;0;0;0;1010;1206;2370
Q185355901_1;Q185355901_1_2;B;0;1234;0;1010;2440;2370
Q185355901_1;Q185355901_1_3;C;1010;1234;0;2020;2440;1185
Q185355901_1;Q185355901_1_4;D;1010;0;0;1810;1200;2300
Q185355901_1;Q185355901_1_5;E;1810;0;0;2610;1200;2300
Q185355901_1;Q185355901_1_6;F;2020;1240;0;2820;2440;2300
Q185355901_1;Q185355901_1_7;G;2610;0;0;3410;1200;2300
Q185355901_1;Q185355901_1_8;H;2820;1240;0;3620;2440;2300
Q185355901_1;Q185355901_1_9;I;3410;0;0;4210;1200;2300
Q185355901_1;Q185355901_1_10;J;3620;1240;0;4420;2440;2300
Q185355901_1;Q185355901_1_11;K;4210;0;0;5010;1200;2300
Q185355901_1;Q185355901_1_12;L;4420;1240;0;5220;2440;2300
Q185355901_1;Q185355901_1_13;M;5010;0;0;5810;1200;1150
Q185355901_1;Q185355901_1_14;N;5220;1340;0;6520;2440;2835
Q185355901_1;Q185355901_1_15;O;5810;0;0;6910;1300;1905
P240355401;P240355401_1;A;0;0;0;1600;1200;1815
P240355401;P240355401_2;B;0;1240;0;1600;2440;2700
P240355401;P240355401_3;C;1600;1240;0;3200;2440;2700
P240355401;P240355401_4;D;1600;0;0;3200;1200;2700
P240355401;P240355401_5;E;3200;0;0;4800;1200;2700
P240355401;P240355401_6;F;3200;1240;0;4800;2440;2700
P240355401;P240355401_7;G;4800;1240;0;6400;2440;2700
P240355401;P240355401_8;H;4800;0;0;6400;1200;2700
P240355401;P240355401_9;I;6400;0;0;8000;1200;2700
P240355401;P240355401_10;J;6400;1240;0;8000;2440;2700
P240355401;P240355401_11;K;8000;1240;0;9600;2440;2700
P240355401;P240355401_12;L;8000;0;0;9600;1200;2700
P240355401;P240355401_13;M;9600;0;0;11200;1200;2700
P240355401;P240355401_14;N;9600;1240;0;11200;2440;2700
P240355401;P240355401_15;O;11200;1240;0;12800;2440;930
P209355401;P209355401_1;A;0;0;0;1600;1200;2700
P209355401;P209355401_2;B;0;1240;0;1600;2440;2700
P209355401;P209355401_3;C;1600;1240;0;3200;2440;2700
P209355401;P209355401_4;D;1600;0;0;3200;1200;1815
P209355401;P209355401_5;E;3200;0;0;4800;1200;2700
P209355401;P209355401_6;F;3200;1240;0;4800;2440;2700
P209355401;P209355401_7;G;4800;1240;0;6400;2440;2700
P209355401;P209355401_8;H;4800;0;0;6400;1200;1815
P207355401;P207355401_1;A;0;0;0;1600;1200;2700
P207355401;P207355401_2;B;0;1240;0;1600;2440;1815
P207355401;P207355401_3;C;1600;1240;0;3200;2440;2700
P207355401;P207355401_4;D;1600;0;0;3200;1200;2700
P207355401;P207355401_5;E;3200;0;0;4800;1200;2700
P207355401;P207355401_6;F;3200;1240;0;4800;2440;2700
P207355401;P207355401_7;G;4800;1240;0;6400;2440;1815
P207355401;P207355401_8;H;4800;0;0;6400;1200;2700
P207355401;P207355401_9;I;6400;0;0;8000;1200;2700
P207355401;P207355401_10;J;6400;1240;0;8000;2440;2700
P207355401;P207355401_11;K;8000;1240;0;9600;2440;2700
P207355401;P207355401_12;L;8000;0;0;9600;1200;2700
P207355401;P207355401_13;M;9600;0;0;11200;1200;2700
P207355401;P207355401_14;N;9600;1240;0;11200;2440;2700
P207355401;P207355401_15;O;11200;1240;0;12800;2440;2700
P207355401;P207355401_16;P;11200;0;0;12800;1200;930
P205355401;P205355401_1;A;0;0;0;1600;1200;1815
P205355401;P205355401_2;B;0;1240;0;1600;2440;1815
P205355401;P205355401_3;C;1600;1240;0;3200;2440;2700
P205355401;P205355401_4;D;1600;0;0;3200;1200;2700
P205355401;P205355401_5;E;3200;0;0;4800;1200;2700
P205355401;P205355401_6;F;3200;1240;0;4800;2440;2700
P205355401;P205355401_7;G;4800;1240;0;6400;2440;2700
P205355401;P205355401_8;H;4800;0;0;6400;1200;2700
P205355401;P205355401_9;I;6400;0;0;8000;1200;2700
P205355401;P205355401_10;J;6400;1240;0;8000;2440;2700
P205355401;P205355401_11;K;8000;1240;0;9600;2440;2700
P205355401;P205355401_12;L;8000;0;0;9600;1200;2700
P205355401;P205355401_13;M;9600;0;0;11200;1200;2700
P205355401;P205355401_14;N;9600;1240;0;11200;2440;2700
P205355401;P205355401_15;O;11200;1240;0;12800;2440;930
P202355401;P202355401_1;A;0;0;0;1600;1200;2700
P202355401;P202355401_2;B;0;1240;0;1600;2440;1815
P202355401;P202355401_3;C;1600;1240;0;3200;2440;1815
P202355401;P202355401_4;D;1600;0;0;3200;1200;2700
P202355401;P202355401_5;E;3200;0;0;4800;1200;2700
P202355401;P202355401_6;F;3200;1240;0;4800;2440;2700
P202355401;P202355401_7;G;4800;1240;0;6400;2440;2700
P202355401;P202355401_8;H;4800;0;0;6400;1200;2700
P202355401;P202355401_9;I;6400;0;0;8000;1200;2700
P202355401;P202355401_10;J;6400;1240;0;8000;2440;1815
P200355401;P200355401_1;A;0;0;0;1600;1200;1815
P200355401;P200355401_2;B;0;1240;0;1600;2440;2700
P200355401;P200355401_3;C;1600;1240;0;3200;2440;2700
P200355401;P200355401_4;D;1600;0;0;3200;1200;2700
P200355401;P200355401_5;E;3200;0;0;4800;1200;2700
P200355401;P200355401_6;F;3200;1240;0;4800;2440;2700
P200355401;P200355401_7;G;4800;1240;0;6400;2440;1815
P200355401;P200355401_8;H;4800;0;0;6400;1200;2700
P200355401;P200355401_9;I;6400;0;0;8000;1200;2700
P200355401;P200355401_10;J;6400;1240;0;8000;2440;2700
P200355401;P200355401_11;K;8000;1240;0;9600;2440;2700
P200355401;P200355401_12;L;8000;0;0;9600;1200;2700
P200355401;P200355401_13;M;9600;0;0;11200;1200;2700
P200355401;P200355401_14;N;9600;1240;0;11200;2440;2700
P200355401;P200355401_15;O;11200;1240;0;12800;2440;930
P198355401;P198355401_1;A;0;0;0;1600;1200;1815
P198355401;P198355401_2;B;0;1240;0;1600;2440;1815
P198355401;P198355401_3;C;1600;1240;0;3200;2440;2700
P198355401;P198355401_4;D;1600;0;0;3200;1200;2700
P198355401;P198355401_5;E;3200;0;0;4800;1200;2700
P198355401;P198355401_6;F;3200;1240;0;4800;2440;1815
P198355401;P198355401_7;G;4800;1240;0;6400;2440;2700
P198355401;P198355401_8;H;4800;0;0;6400;1200;2700
P198355401;P198355401_9;I;6400;0;0;8000;1200;2700
P198355401;P198355401_10;J;6400;1240;0;8000;2440;2700
P198355401;P198355401_11;K;8000;1240;0;9600;2440;2700
P198355401;P198355401_12;L;8000;0;0;9600;1200;2700
P198355401;P198355401_13;M;9600;0;0;11200;1200;2700
P198355401;P198355401_14;N;9600;1240;0;11200;2440;2700
P198355401;P198355401_15;O;11200;1240;0;12800;2440;930
P193355401;P193355401_1;A;0;0;0;1600;1200;1815
P193355401;P193355401_2;B;0;1240;0;1600;2440;2700
P193355401;P193355401_3;C;1600;1240;0;3200;2440;2700
P193355401;P193355401_4;D;1600;0;0;3200;1200;2700
P193355401;P193355401_5;E;3200;0;0;4800;1200;2700
P193355401;P193355401_6;F;3200;1240;0;4800;2440;2700
P193355401;P193355401_7;G;4800;1240;0;6400;2440;2700
P193355401;P193355401_8;H;4800;0;0;6400;1200;2700
P193355401;P193355401_9;I;6400;0;0;8000;1200;2700
P193355401;P193355401_10;J;6400;1240;0;8000;2440;2700
P193355401;P193355401_11;K;8000;1240;0;9600;2440;2700
P193355401;P193355401_12;L;8000;0;0;9600;1200;2700
P193355401;P193355401_13;M;9600;0;0;11200;1200;2700
P193355401;P193355401_14;N;9600;1240;0;11200;2440;2700
P193355401;P193355401_15;O;11200;1240;0;12800;2440;2700
P193355401;P193355401_16;P;11200;0;0;12800;1200;2700
P191355401;P191355401_1;A;0;0;0;1600;1200;1815
P191355401;P191355401_2;B;0;1240;0;1600;2440;1815
P191355401;P191355401_3;C;1600;1240;0;3200;2440;2700
P191355401;P191355401_4;D;1600;0;0;3200;1200;2700
P191355401;P191355401_5;E;3200;0;0;4800;1200;2700
P191355401;P191355401_6;F;3200;1240;0;4800;2440;2700
P191355401;P191355401_7;G;4800;1240;0;6400;2440;2700
P191355401;P191355401_8;H;4800;0;0;6400;1200;2700
P191355401;P191355401_9;I;6400;0;0;8000;1200;2700
P191355401;P191355401_10;J;6400;1240;0;8000;2440;2700
P191355401;P191355401_11;K;8000;1240;0;9600;2440;2700
P191355401;P191355401_12;L;8000;0;0;9600;1200;2700
P191355401;P191355401_13;M;9600;0;0;11200;1200;2700
P191355401;P191355401_14;N;9600;1240;0;11200;2440;2700
P191355401;P191355401_15;O;11200;1240;0;12800;2440;2700
P191355401;P191355401_16;P;11200;0;0;12800;1200;930
P186355401;P186355401_1;A;0;0;0;1600;1200;2700
P186355401;P186355401_2;B;0;1240;0;1600;2440;2700
P186355401;P186355401_3;C;1600;1240;0;3200;2440;2700
P186355401;P186355401_4;D;1600;0;0;3200;1200;2700
P186355401;P186355401_5;E;3200;0;0;4800;1200;2700
P186355401;P186355401_6;F;3200;1240;0;4800;2440;2700
P186355401;P186355401_7;G;4800;1240;0;6400;2440;2700
P186355401;P186355401_8;H;4800;0;0;6400;1200;2700
P186355401;P186355401_9;I;6400;0;0;8000;1200;2700
P186355401;P186355401_10;J;6400;1240;0;8000;2440;2700
P186355401;P186355401_11;K;8000;1240;0;9600;2440;2700
P186355401;P186355401_12;L;8000;0;0;9600;1200;2700
P186355401;P186355401_13;M;9600;0;0;11200;1200;2700
P186355401;P186355401_14;N;9600;1240;0;11200;2440;2700
P186355401;P186355401_15;O;11200;1240;0;12800;2440;2700
P186355401;P186355401_16;P;11200;0;0;12800;1200;2700
P184355401;P184355401_1;A;0;0;0;1600;1200;2700
P184355401;P184355401_2;B;0;1240;0;1600;2440;2700
P184355401;P184355401_3;C;1600;1240;0;3200;2440;2700
P184355401;P184355401_4;D;1600;0;0;3200;1200;1815
P184355401;P184355401_5;E;3200;0;0;4800;1200;1815
P184355401;P184355401_6;F;3200;1240;0;4800;2440;1815
P184355401;P184355401_7;G;4800;1240;0;6400;2440;2700
P184355401;P184355401_8;H;4800;0;0;6400;1200;2700
P184355401;P184355401_9;I;6400;0;0;8000;1200;2700
P184355401;P184355401_10;J;6400;1240;0;8000;2440;2700
P184355401;P184355401_11;K;8000;1240;0;9600;2440;2700
P184355401;P184355401_12;L;8000;0;0;9600;1200;2700
P184355401;P184355401_13;M;9600;0;0;11200;1200;2700
P184355401;P184355401_14;N;9600;1240;0;11200;2440;2700
P184355401;P184355401_15;O;11200;1240;0;12800;2440;1815
P240291003;P240291003_1;A;0;0;0;1010;1206;2370
P240291003;P240291003_2;B;0;1240;0;1000;2440;2700
P240291003;P240291003_3;C;1000;1240;0;2000;2440;2700
P240291003;P240291003_4;D;1010;0;0;2010;1200;2700
P240291003;P240291003_5;E;2000;1234;0;3010;2440;2362
P240291003;P240291003_6;F;2010;0;0;3020;1206;2362
P240291003;P240291003_7;G;3010;1234;0;4020;2440;2362
P240291003;P240291003_8;H;3020;0;0;4030;1206;2362
P240291003;P240291003_9;I;4020;1234;0;5030;2440;2362
P240291003;P240291003_10;J;4030;0;0;5040;1206;2362
P240291003;P240291003_11;K;5030;1234;0;6040;2440;2362
P240291003;P240291003_12;L;5040;0;0;6050;1206;2755
P240291003;P240291003_13;M;6040;1234;0;7050;2440;2170
P240291003;P240291003_14;N;6050;0;0;7060;1206;2170
P240291003;P240291003_15;O;7050;1234;0;8060;2440;2170
P240291003;P240291003_16;P;7060;0;0;8070;1206;2170
P240291003;P240291003_17;Q;8060;1234;0;9070;2440;2170
P240291003;P240291003_18;R;8070;0;0;9080;1206;2170
P240291003;P240291003_19;S;9070;1234;0;10080;2440;2170
P240291003;P240291003_20;T;9080;0;0;10090;1206;2170
P205291003;P205291003_1;A;0;0;0;1010;1206;2370
P205291003;P205291003_2;B;0;1234;0;1010;2440;2370
P205291003;P205291003_3;C;1010;1234;0;2020;2440;2362
P205291003;P205291003_4;D;1010;0;0;2020;1206;2362
P205291003;P205291003_5;E;2020;0;0;3030;1206;2362
P205291003;P205291003_6;F;2020;1234;0;3030;2440;2362
P205291003;P205291003_7;G;3030;1234;0;4040;2440;2362
P205291003;P205291003_8;H;3030;0;0;4040;1206;2362
P205291003;P205291003_9;I;4040;0;0;5050;1206;2362
P205291003;P205291003_10;J;4040;1234;0;5050;2440;2362
P205291003;P205291003_11;K;5050;1234;0;6060;2440;2362
P205291003;P205291003_12;L;5050;0;0;6060;1206;2362
P205291003;P205291003_13;M;6060;0;0;7070;1206;2362
P205291003;P205291003_14;N;6060;1234;0;7070;2440;2755
P205291003;P205291003_15;O;7070;1234;0;8080;2440;2370
P205291003;P205291003_16;P;7070;0;0;8080;1206;2170
P205291003;P205291003_17;Q;8080;0;0;9090;1206;2170
P205291003;P205291003_18;R;8080;1234;0;9090;2440;2170
P205291003;P205291003_19;S;9090;1234;0;10100;2440;2170
P205291003;P205291003_20;T;9090;0;0;10100;1206;2170
P205291003;P205291003_21;U;10100;0;0;11110;1206;2170
P205291003;P205291003_22;V;10100;1234;0;11110;2440;2170
P205291003;P205291003_23;W;11110;1234;0;12120;2440;2170
P205291003;P205291003_24;X;11110;0;0;12120;1206;2170
P205291003;P205291003_25;Y;12120;0;0;13326;1010;2170
P205291003;P205291003_26;Z;12120;1430;0;13326;2440;2170
P201291003;P201291003_1;A;0;0;0;1010;1206;2755
P201291003;P201291003_2;B;0;1234;0;1010;2440;785
P201291003;P201291003_3;C;1010;1240;0;2010;2440;2700
P201291003;P201291003_4;D;1010;0;0;2010;1200;2700
P201291003;P201291003_5;E;2010;0;0;3010;1200;2700
P201291003;P201291003_6;F;2010;1240;0;3010;2440;2700
P201291003;P201291003_7;G;3010;1240;0;4010;2440;2700
P201291003;P201291003_8;H;3010;0;0;4010;1200;2700
P201291003;P201291003_9;I;4010;0;0;5010;1200;2700
P201291003;P201291003_10;J;4010;1234;0;5020;2440;2362
P201291003;P201291003_11;K;5010;0;0;6020;1206;2362
P201291003;P201291003_12;L;5020;1234;0;6030;2440;2362
P201291003;P201291003_13;M;6020;0;0;7030;1206;2362
P201291003;P201291003_14;N;6030;1234;0;7040;2440;2362
P201291003;P201291003_15;O;7030;0;0;8040;1206;1181
P201291003;P201291003_16;P;7040;1234;0;8050;2440;1570
P201291003;P201291003_17;Q;8040;0;0;9050;1206;2170
P201291003;P201291003_18;R;8050;1234;0;9060;2440;2170
P201291003;P201291003_19;S;9050;0;0;10060;1206;2170
P201291003;P201291003_20;T;9060;1234;0;10070;2440;2170
P201291003;P201291003_21;U;10060;0;0;11070;1206;2170
P201291003;P201291003_22;V;10070;1234;0;11080;2440;2170
P201291003;P201291003_23;W;11070;0;0;12080;1206;2170
P201291003;P201291003_24;X;11080;1234;0;12090;2440;1085
P198291003;P198291003_1;A;0;0;0;1010;1206;2370
P198291003;P198291003_2;B;0;1206;0;1010;2412;1185
P198291003;P198291003_3;C;1010;1240;0;2010;2440;2700
P198291003;P198291003_4;D;1010;0;0;2010;1200;2700
P198291003;P198291003_5;E;2010;0;0;3010;1200;2700
P198291003;P198291003_6;F;2010;1234;0;3020;2440;2362
P198291003;P198291003_7;G;3010;0;0;4020;1206;2362
P198291003;P198291003_8;H;3020;1234;0;4030;2440;2362
P198291003;P198291003_9;I;4020;0;0;5030;1206;2362
P198291003;P198291003_10;J;4030;1234;0;5040;2440;2362
P198291003;P198291003_11;K;5030;0;0;6040;1206;2362
P198291003;P198291003_12;L;5040;1234;0;6050;2440;2362
P198291003;P198291003_13;M;6040;0;0;7050;1206;1181
P198291003;P198291003_14;N;6050;1234;0;7060;2440;2370
P198291003;P198291003_15;O;7050;0;0;8060;1206;1185
P198291003;P198291003_16;P;7060;1234;0;8070;2440;2170
P198291003;P198291003_17;Q;8060;0;0;9070;1206;2170
P198291003;P198291003_18;R;8070;1234;0;9080;2440;2170
P198291003;P198291003_19;S;9070;0;0;10080;1206;2170
P198291003;P198291003_20;T;9080;1234;0;10090;2440;2170
P198291003;P198291003_21;U;10080;0;0;11090;1206;2170
P198291003;P198291003_22;V;10090;1234;0;11100;2440;2170
P198291003;P198291003_23;W;11090;0;0;12100;1206;2170
P191291003;P191291003_1;A;0;1234;0;1010;2440;2370
P191291003;P191291003_2;B;0;0;0;1010;1206;2370
P191291003;P191291003_3;C;1010;0;0;2020;1206;2362
P191291003;P191291003_4;D;1010;1234;0;2020;2440;2362
P191291003;P191291003_5;E;2020;1234;0;3030;2440;2362
P191291003;P191291003_6;F;2020;0;0;3030;1206;2362
P191291003;P191291003_7;G;3030;0;0;4040;1206;2362
P191291003;P191291003_8;H;3030;1234;0;4040;2440;2362
P191291003;P191291003_9;I;4040;1234;0;5050;2440;2362
P191291003;P191291003_10;J;4040;0;0;5050;1206;2362
P191291003;P191291003_11;K;5050;0;0;6060;1206;2362
P191291003;P191291003_12;L;5050;1234;0;6060;2440;1181
P191291003;P191291003_13;M;6060;1234;0;7070;2440;2755
P191291003;P191291003_14;N;6060;0;0;7070;1206;2370
P191291003;P191291003_15;O;7070;0;0;8080;1206;2170
P191291003;P191291003_16;P;7070;1234;0;8080;2440;2170
P191291003;P191291003_17;Q;8080;1234;0;9090;2440;2170
P191291003;P191291003_18;R;8080;0;0;9090;1206;2170
P191291003;P191291003_19;S;9090;0;0;10100;1206;2170
P191291003;P191291003_20;T;9090;1234;0;10100;2440;2170
P191291003;P191291003_21;U;10100;1234;0;11110;2440;2170
P191291003;P191291003_22;V;10100;0;0;11110;1206;2170
P191291003;P191291003_23;W;11110;0;0;12120;1206;2170
P191291003;P191291003_24;X;11110;1234;0;12120;2440;2170
P191291003;P191291003_25;Y;12120;1430;0;13326;2440;2170
P191291003;P191291003_26;Z;12120;0;0;13326;1010;2170
P187291003;P187291003_1;A;0;0;0;1010;1206;2370
P187291003;P187291003_2;B;0;1240;0;1000;2440;2700
P187291003;P187291003_3;C;1000;1240;0;2000;2440;2700
P187291003;P187291003_4;D;1010;0;0;2010;1200;2700
P187291003;P187291003_5;E;2000;1240;0;3000;2440;2700
P187291003;P187291003_6;F;2010;0;0;3010;1200;2700
P187291003;P187291003_7;G;3000;1240;0;4000;2440;2700
P187291003;P187291003_8;H;3010;0;0;4010;1200;2700
P187291003;P187291003_9;I;4000;1234;0;5010;2440;2362
P187291003;P187291003_10;J;4010;0;0;5020;1206;2362
P187291003;P187291003_11;K;5010;1234;0;6020;2440;2362
P187291003;P187291003_12;L;5020;0;0;6030;1206;2362
P187291003;P187291003_13;M;6020;1234;0;7030;2440;2362
P187291003;P187291003_14;N;6030;0;0;7040;1206;1181
P187291003;P187291003_15;O;7030;1234;0;8040;2440;2370
P187291003;P187291003_16;P;7040;0;0;8050;1206;1185
P187291003;P187291003_17;Q;8040;1234;0;9050;2440;2170
P187291003;P187291003_18;R;8050;0;0;9060;1206;2170
P187291003;P187291003_19;S;9050;1234;0;10060;2440;2170
P187291003;P187291003_20;T;9060;0;0;10070;1206;2170
P187291003;P187291003_21;U;10060;1234;0;11070;2440;2170
P187291003;P187291003_22;V;10070;0;0;11080;1206;2170
P209219401;P209219401_1;A;0;1240;0;1000;2440;2835
P209219401;P209219401_2;B;0;0;0;1000;1200;2835
P209219401;P209219401_3;C;1000;0;0;2000;1200;2835
P209219401;P209219401_4;D;1000;1240;0;2000;2440;2835
P209219401;P209219401_5;E;2000;1240;0;3000;2440;2835
P209219401;P209219401_6;F;2000;0;0;3000;1200;2835
P209219401;P209219401_7;G;3000;0;0;4000;1200;2835
P209219401;P209219401_8;H;3000;1240;0;4000;2440;2835
P209219401;P209219401_9;I;4000;1240;0;5000;2440;2835
P209219401;P209219401_10;J;4000;0;0;5000;1200;2835
P209219401;P209219401_11;K;5000;0;0;6000;1200;2835
P209219401;P209219401_12;L;5000;1240;0;6000;2440;2835
P209219401;P209219401_13;M;6000;1240;0;7000;2440;2835
P209219401;P209219401_14;N;6000;0;0;7000;1200;2835
P209219401;P209219401_15;O;7000;0;0;8000;1200;2835
P209219401;P209219401_16;P;7000;1240;0;8000;2440;2835
P209219401;P209219401_17;Q;8000;1240;0;9000;2440;2835
P209219401;P209219401_18;R;8000;0;0;9000;1200;2835
P209219401;P209219401_19;S;9000;0;0;10000;1200;2835
P209219401;P209219401_20;T;9000;1240;0;10000;2440;2835
P209219401;P209219401_21;U;10000;1240;0;11000;2440;2835
P209219401;P209219401_22;V;10000;0;0;11000;1200;2835
P207232803;P207232803_1;A;0;1240;0;1000;2440;270
P207232803;P207232803_2;B;0;0;0;1010;1206;2606
P207232803;P207232803_3;C;1000;1234;0;2010;2440;2362
P207232803;P207232803_4;D;1010;0;0;2020;1206;2362
P207232803;P207232803_5;E;2010;1234;0;3020;2440;2362
P207232803;P207232803_6;F;2020;0;0;3030;1206;2362
P207232803;P207232803_7;G;3020;1234;0;4030;2440;2362
P207232803;P207232803_8;H;3030;0;0;4040;1206;2362
P207232803;P207232803_9;I;4030;1234;0;5040;2440;2362
P207232803;P207232803_10;J;4040;0;0;5050;1206;2362
P207232803;P207232803_11;K;5040;1234;0;6050;2440;2362
P207232803;P207232803_12;L;5050;0;0;6060;1206;2362
P207232803;P207232803_13;M;6050;1234;0;7060;2440;2362
P207232803;P207232803_14;N;6060;0;0;7060;1200;2835
P207232803;P207232803_15;O;7060;0;0;8060;1200;2835
P207232803;P207232803_16;P;7060;1240;0;8060;2440;2835
P207232803;P207232803_17;Q;8060;1240;0;9060;2440;2835
P207232803;P207232803_18;R;8060;0;0;9060;1200;2835
P207232803;P207232803_19;S;9060;0;0;10060;1200;2835
P207232803;P207232803_20;T;9060;1240;0;10060;2440;2835
P207232803;P207232803_21;U;10060;1240;0;11060;2440;2835
P207232803;P207232803_22;V;10060;0;0;11060;1200;2835
P207232803;P207232803_23;W;11060;0;0;12060;1200;2835
P207232803;P207232803_24;X;11060;1240;0;12060;2440;2835
P207232803;P207232803_25;Y;12060;1440;0;13260;2440;2835
P207232803;P207232803_26;Z;12060;0;0;13060;1200;2835
P206219401;P206219401_1;A;0;0;0;1000;1200;2835
P206219401;P206219401_2;B;0;1240;0;1000;2440;2835
P206219401;P206219401_3;C;1000;1240;0;2000;2440;2835
P206219401;P206219401_4;D;1000;0;0;2000;1200;2835
P206219401;P206219401_5;E;2000;0;0;3000;1200;2835
P206219401;P206219401_6;F;2000;1240;0;3000;2440;2835
P206219401;P206219401_7;G;3000;1240;0;4000;2440;2835
P206219401;P206219401_8;H;3000;0;0;4000;1200;2835
P206219401;P206219401_9;I;4000;0;0;5000;1200;2835
P206219401;P206219401_10;J;4000;1240;0;5000;2440;2835
P206219401;P206219401_11;K;5000;1240;0;6000;2440;2835
P206219401;P206219401_12;L;5000;0;0;6000;1200;2835
P206219401;P206219401_13;M;6000;0;0;7000;1200;2835
P206219401;P206219401_14;N;6000;1240;0;7000;2440;2835
P206219401;P206219401_15;O;7000;1240;0;8000;2440;2835
P206219401;P206219401_16;P;7000;0;0;8000;1200;2835
P206219401;P206219401_17;Q;8000;0;0;9000;1200;2835
P206219401;P206219401_18;R;8000;1240;0;9000;2440;2835
P206219401;P206219401_19;S;9000;1240;0;10000;2440;2835
P206219401;P206219401_20;T;9000;0;0;10000;1200;2835
P206219401;P206219401_21;U;10000;0;0;11000;1200;2835
P202219401;P202219401_1;A;0;0;0;1000;1200;2835
P202219401;P202219401_2;B;0;1240;0;1000;2440;2835
P202219401;P202219401_3;C;1000;1240;0;2000;2440;2835
P202219401;P202219401_4;D;1000;0;0;2000;1200;2835
P202219401;P202219401_5;E;2000;0;0;3000;1200;2835
P202219401;P202219401_6;F;2000;1240;0;3000;2440;2835
P202219401;P202219401_7;G;3000;1240;0;4000;2440;2835
P202219401;P202219401_8;H;3000;0;0;4000;1200;2835
P202219401;P202219401_9;I;4000;0;0;5000;1200;2835
P202219401;P202219401_10;J;4000;1240;0;5000;2440;2835
P202219401;P202219401_11;K;5000;1240;0;6000;2440;2835
P202219401;P202219401_12;L;5000;0;0;6000;1200;2835
P202219401;P202219401_13;M;6000;0;0;7000;1200;2835
P202219401;P202219401_14;N;6000;1240;0;7000;2440;2835
P202219401;P202219401_15;O;7000;1240;0;8000;2440;2835
P202219401;P202219401_16;P;7000;0;0;8000;1200;2835
P202219401;P202219401_17;Q;8000;0;0;9000;1200;2835
P202219401;P202219401_18;R;8000;1240;0;9000;2440;2835
P202219401;P202219401_19;S;9000;1240;0;10000;2440;2835
P202219401;P202219401_20;T;9000;0;0;10000;1200;2835
P202219401;P202219401_21;U;10000;0;0;11000;1200;2835
P202219401;P202219401_22;V;10000;1240;0;11000;2440;2835
P202219401;P202219401_23;W;11000;1240;0;12000;2440;2835
P202219401;P202219401_24;X;11000;0;0;12000;1200;2835
P202219401;P202219401_25;Y;12000;0;0;13200;1000;2835
P202219401;P202219401_26;Z;12000;1240;0;13000;2440;2835
P200232803;P200232803_1;A;0;0;0;1010;1206;2932
P200232803;P200232803_2;B;0;1234;0;1010;2440;2932
P200232803;P200232803_3;C;1010;1234;0;2020;2440;2647
P200232803;P200232803_4;D;1010;0;0;2020;1206;2362
P200232803;P200232803_5;E;2020;0;0;3030;1206;2362
P200232803;P200232803_6;F;2020;1234;0;3030;2440;2362
P200232803;P200232803_7;G;3030;1234;0;4040;2440;2362
P200232803;P200232803_8;H;3030;0;0;4040;1206;2362
P200232803;P200232803_9;I;4040;0;0;5050;1206;2362
P200232803;P200232803_10;J;4040;1234;0;5050;2440;2362
P200232803;P200232803_11;K;5050;1234;0;6060;2440;2362
P200232803;P200232803_12;L;5050;0;0;6060;1206;2362
P200232803;P200232803_13;M;6060;0;0;7070;1206;2362
P200232803;P200232803_14;N;6060;1240;0;7060;2440;2835
P200232803;P200232803_15;O;7060;1240;0;8060;2440;2835
P200232803;P200232803_16;P;7070;0;0;8070;1200;2835
P200232803;P200232803_17;Q;8060;1240;0;9060;2440;2835
P200232803;P200232803_18;R;8070;0;0;9070;1200;2835
P200232803;P200232803_19;S;9060;1240;0;10060;2440;2835
P200232803;P200232803_20;T;9070;0;0;10070;1200;2835
P200232803;P200232803_21;U;10060;1240;0;11060;2440;2835
P200232803;P200232803_22;V;10070;0;0;11070;1200;2835
P200232803;P200232803_23;W;11060;1240;0;12060;2440;2835
P200232803;P200232803_24;X;11070;0;0;12070;1200;2835
P200232803;P200232803_25;Y;12060;1240;0;13060;2440;2835
P200232803;P200232803_26;Z;12070;0;0;13070;1200;2835
P193232803;P193232803_1;A;0;1234;0;1010;2440;2932
P193232803;P193232803_2;B;0;0;0;1010;1206;2932
P193232803;P193232803_3;C;1010;0;0;2020;1206;2362
P193232803;P193232803_4;D;1010;1234;0;2020;2440;2362
P193232803;P193232803_5;E;2020;1234;0;3030;2440;2362
P193232803;P193232803_6;F;2020;0;0;3030;1206;2362
P193232803;P193232803_7;G;3030;0;0;4040;1206;2362
P193232803;P193232803_8;H;3030;1234;0;4040;2440;2362
P193232803;P193232803_9;I;4040;1234;0;5050;2440;2362
P193232803;P193232803_10;J;4040;0;0;5050;1206;2362
P193232803;P193232803_11;K;5050;0;0;6060;1206;2362
P193232803;P193232803_12;L;5050;1240;0;6050;2440;2835
P193232803;P193232803_13;M;6050;1240;0;7050;2440;2835
P193232803;P193232803_14;N;6060;0;0;7060;1200;2835
P193232803;P193232803_15;O;7050;1240;0;8050;2440;2835
P193232803;P193232803_16;P;7060;0;0;8060;1200;2835
P193232803;P193232803_17;Q;8050;1240;0;9050;2440;2835
P193232803;P193232803_18;R;8060;0;0;9060;1200;2835
P193232803;P193232803_19;S;9050;1240;0;10050;2440;2835
P193232803;P193232803_20;T;9060;0;0;10060;1200;2835
P193232803;P193232803_21;U;10050;1240;0;11050;2440;2835
P193232803;P193232803_22;V;10060;0;0;11060;1200;2835
P193232803;P193232803_23;W;11050;1240;0;12050;2440;2835
P193232803;P193232803_24;X;11060;0;0;12060;1200;2835
P193232803;P193232803_25;Y;12050;1240;0;13050;2440;2835
P193232803;P193232803_26;Z;12060;0;0;13060;1200;2835
Q193232803_1;Q193232803_1_1;A;0;0;0;1000;1200;2835
Q193232803_1;Q193232803_1_2;B;0;1240;0;1000;2440;2835
Q193232803_1;Q193232803_1_3;C;1000;1240;0;2000;2440;2835
Q193232803_1;Q193232803_1_4;D;1000;0;0;2000;1200;2835
Q193232803_1;Q193232803_1_5;E;2000;0;0;3000;1200;2835
Q193232803_1;Q193232803_1_6;F;2000;1240;0;3000;2440;2835
Q193232803_1;Q193232803_1_7;G;3000;1240;0;4000;2440;2835
Q193232803_1;Q193232803_1_8;H;3000;0;0;4000;1200;2835
Q193232803_1;Q193232803_1_9;I;4000;0;0;5000;1200;2835
Q193232803_1;Q193232803_1_10;J;4000;1240;0;5000;2440;2835
Q193232803_1;Q193232803_1_11;K;5000;1240;0;6000;2440;2835
Q193232803_1;Q193232803_1_12;L;5000;0;0;6000;1200;2835
Q193232803_1;Q193232803_1_13;M;6000;0;0;7000;1200;2835
Q193232803_1;Q193232803_1_14;N;6000;1240;0;7000;2440;2835
Q193232803_1;Q193232803_1_15;O;7000;1240;0;8000;2440;2835
Q193232803_1;Q193232803_1_16;P;7000;0;0;8000;1200;2835
Q193232803_1;Q193232803_1_17;Q;8000;0;0;9000;1200;2835
Q193232803_1;Q193232803_1_18;R;8000;1240;0;9000;2440;2835
Q193232803_1;Q193232803_1_19;S;9000;1240;0;10000;2440;2835
Q193232803_1;Q193232803_1_20;T;9000;0;0;10000;1200;2835
Q193232803_1;Q193232803_1_21;U;10000;0;0;11000;1200;2835
Q193232803_1;Q193232803_1_22;V;10000;1240;0;11000;2440;2835
Q193232803_1;Q193232803_1_23;W;11000;1240;0;12000;2440;2835
Q193232803_1;Q193232803_1_24;X;11000;0;0;12000;1200;2835
Q193232803_1;Q193232803_1_25;Y;12000;0;0;13200;1000;2835
Q193232803_1;Q193232803_1_26;Z;12000;1240;0;13000;2440;2835
P192219401;P192219401_1;A;0;0;0;1000;1200;2835
P192219401;P192219401_2;B;0;1240;0;1000;2440;2835
P192219401;P192219401_3;C;1000;1240;0;2000;2440;2835
P192219401;P192219401_4;D;1000;0;0;2000;1200;2835
P192219401;P192219401_5;E;2000;0;0;3000;1200;2835
P192219401;P192219401_6;F;2000;1240;0;3000;2440;2835
P192219401;P192219401_7;G;3000;1240;0;4000;2440;2835
P192219401;P192219401_8;H;3000;0;0;4000;1200;2835
P192219401;P192219401_9;I;4000;0;0;5000;1200;2835
P192219401;P192219401_10;J;4000;1240;0;5000;2440;2835
P192219401;P192219401_11;K;5000;1240;0;6000;2440;2835
P192219401;P192219401_12;L;5000;0;0;6000;1200;2835
P192219401;P192219401_13;M;6000;0;0;7000;1200;2835
P192219401;P192219401_14;N;6000;1240;0;7000;2440;2835
P192219401;P192219401_15;O;7000;1240;0;8000;2440;2835
P192219401;P192219401_16;P;7000;0;0;8000;1200;2835
P192219401;P192219401_17;Q;8000;0;0;9000;1200;2835
P192219401;P192219401_18;R;8000;1240;0;9000;2440;2835
P192219401;P192219401_19;S;9000;1240;0;10000;2440;2835
P192219401;P192219401_20;T;9000;0;0;10000;1200;2835
P192219401;P192219401_21;U;10000;0;0;11000;1200;2835
P192219401;P192219401_22;V;10000;1240;0;11000;2440;2835
P192219401;P192219401_23;W;11000;1240;0;12000;2440;2835
P192219401;P192219401_24;X;11000;0;0;12000;1200;2835
P192219401;P192219401_25;Y;12000;0;0;13200;1000;2835
P192219401;P192219401_26;Z;12000;1240;0;13000;2440;2835
P188219401;P188219401_1;A;0;0;0;1000;1200;2835
P188219401;P188219401_2;B;0;1240;0;1000;2440;2835
P188219401;P188219401_3;C;1000;1240;0;2000;2440;2835
P188219401;P188219401_4;D;1000;0;0;2000;1200;2835
P188219401;P188219401_5;E;2000;0;0;3000;1200;2835
P188219401;P188219401_6;F;2000;1240;0;3000;2440;2835
P188219401;P188219401_7;G;3000;1240;0;4000;2440;2835
P188219401;P188219401_8;H;3000;0;0;4000;1200;2835
P188219401;P188219401_9;I;4000;0;0;5000;1200;2835
P188219401;P188219401_10;J;4000;1240;0;5000;2440;2835
P188219401;P188219401_11;K;5000;1240;0;6000;2440;2835
P188219401;P188219401_12;L;5000;0;0;6000;1200;2835
P188219401;P188219401_13;M;6000;0;0;7000;1200;2835
P188219401;P188219401_14;N;6000;1240;0;7000;2440;2835
P188219401;P188219401_15;O;7000;1240;0;8000;2440;2835
P188219401;P188219401_16;P;7000;0;0;8000;1200;2835
P188219401;P188219401_17;Q;8000;0;0;9000;1200;2835
P188219401;P188219401_18;R;8000;1240;0;9000;2440;2835
P188219401;P188219401_19;S;9000;1240;0;10000;2440;2835
P188219401;P188219401_20;T;9000;0;0;10000;1200;2835
P188219401;P188219401_21;U;10000;0;0;11000;1200;2835
P188219401;P188219401_22;V;10000;1240;0;11000;2440;2835
P188219401;P188219401_23;W;11000;1240;0;12000;2440;2835
P188219401;P188219401_24;X;11000;0;0;12000;1200;2835
P188219401;P188219401_25;Y;12000;0;0;13200;1000;2835
P188219401;P188219401_26;Z;12000;1240;0;13000;2440;2835
P186232803;P186232803_1;A;0;1234;0;1010;2440;2932
P186232803;P186232803_2;B;0;0;0;1010;1206;2932
P186232803;P186232803_3;C;1010;0;0;2020;1206;2647
P186232803;P186232803_4;D;1010;1234;0;2020;2440;2362
P186232803;P186232803_5;E;2020;1234;0;3030;2440;2362
P186232803;P186232803_6;F;2020;0;0;3030;1206;2362
P186232803;P186232803_7;G;3030;0;0;4040;1206;2362
P186232803;P186232803_8;H;3030;1234;0;4040;2440;2362
P186232803;P186232803_9;I;4040;1234;0;5050;2440;2362
P186232803;P186232803_10;J;4040;0;0;5050;1206;2362
P186232803;P186232803_11;K;5050;0;0;6060;1206;2362
P186232803;P186232803_12;L;5050;1234;0;6060;2440;2362
P186232803;P186232803_13;M;6060;1234;0;7070;2440;2362
P186232803;P186232803_14;N;6060;0;0;7060;1200;2835
P186232803;P186232803_15;O;7060;0;0;8060;1200;2835
P186232803;P186232803_16;P;7070;1240;0;8070;2440;2835
P186232803;P186232803_17;Q;8060;0;0;9060;1200;2835
P186232803;P186232803_18;R;8070;1240;0;9070;2440;2835
P186232803;P186232803_19;S;9060;0;0;10060;1200;2835
P186232803;P186232803_20;T;9070;1240;0;10070;2440;2835
P186232803;P186232803_21;U;10060;0;0;11060;1200;2835
P186232803;P186232803_22;V;10070;1240;0;11070;2440;2835
P186232803;P186232803_23;W;11060;0;0;12060;1200;2835
P186232803;P186232803_24;X;11070;1240;0;12070;2440;2835
P186232803;P186232803_25;Y;12060;0;0;13060;1200;2835
P186232803;P186232803_26;Z;12070;1240;0;13070;2440;2835
P185219401;P185219401_1;A;0;0;0;1000;1200;2835
P185219401;P185219401_2;B;0;1240;0;1000;2440;2835
P185219401;P185219401_3;C;1000;1240;0;2000;2440;2835
P185219401;P185219401_4;D;1000;0;0;2000;1200;2835
P185219401;P185219401_5;E;2000;0;0;3000;1200;2835
P185219401;P185219401_6;F;2000;1240;0;3000;2440;2835
P185219401;P185219401_7;G;3000;1240;0;4000;2440;2835
P185219401;P185219401_8;H;3000;0;0;4000;1200;2835
P185219401;P185219401_9;I;4000;0;0;5000;1200;2835
P185219401;P185219401_10;J;4000;1240;0;5000;2440;2835
P185219401;P185219401_11;K;5000;1240;0;6000;2440;2835
P185219401;P185219401_12;L;5000;0;0;6000;1200;2835
P185219401;P185219401_13;M;6000;0;0;7000;1200;2835
P185219401;P185219401_14;N;6000;1240;0;7000;2440;2835
P185219401;P185219401_15;O;7000;1240;0;8000;2440;2835
P185219401;P185219401_16;P;7000;0;0;8000;1200;2835
P185219401;P185219401_17;Q;8000;0;0;9000;1200;2835
P185219401;P185219401_18;R;8000;1240;0;9000;2440;2835
P185219401;P185219401_19;S;9000;1240;0;10000;2440;2835
P185219401;P185219401_20;T;9000;0;0;10000;1200;2835
P185219401;P185219401_21;U;10000;0;0;11000;1200;2835
P185219401;P185219401_22;V;10000;1240;0;11000;2440;2835
P185219401;P185219401_23;W;11000;1240;0;12000;2440;2835
P240162703;P240162703_1;A;0;0;0;1000;1200;2435
P240162703;P240162703_2;B;0;1240;0;1000;2440;2090
P240162703;P240162703_3;C;1000;1240;0;2000;2440;2090
P240162703;P240162703_4;D;1000;0;0;2000;1200;2090
P240162703;P240162703_5;E;2000;0;0;3000;1200;2090
P240162703;P240162703_6;F;2000;1240;0;3000;2440;2090
P240162703;P240162703_7;G;3000;1240;0;4000;2440;1045
P240162703;P240162703_8;H;3000;0;0;4000;1200;2090
P240162703;P240162703_9;I;4000;0;0;5600;1200;2700
P240162703;P240162703_10;J;4000;1240;0;5600;2440;2700
P240162703;P240162703_11;K;5600;1240;0;7200;2440;2700
P240162703;P240162703_12;L;5600;0;0;7200;1200;2700
P240162703;P240162703_13;M;7200;0;0;8800;1200;2700
P240162703;P240162703_14;N;7200;1240;0;8800;2440;2700
P240162703;P240162703_15;O;8800;1240;0;10400;2440;2700
P205162703;P205162703_1;A;0;0;0;1000;1200;2780
P205162703;P205162703_2;B;0;1240;0;1000;2440;2435
P205162703;P205162703_3;C;1000;1240;0;2000;2440;2090
P205162703;P205162703_4;D;1000;0;0;2000;1200;2090
P205162703;P205162703_5;E;2000;0;0;3000;1200;2090
P205162703;P205162703_6;F;2000;1240;0;3000;2440;2090
P205162703;P205162703_7;G;3000;1240;0;4000;2440;2090
P205162703;P205162703_8;H;3000;0;0;4000;1200;2090
P205162703;P205162703_9;I;4000;0;0;5000;1200;2090
P205162703;P205162703_10;J;4000;1240;0;5000;2440;2090
P205162703;P205162703_11;K;5000;1240;0;6000;2440;2090
P205162703;P205162703_12;L;5000;0;0;6000;1200;2090
P205162703;P205162703_13;M;6000;0;0;7000;1200;2090
P205162703;P205162703_14;N;6000;1240;0;7000;2440;2090
P205162703;P205162703_15;O;7000;1240;0;8600;2440;2700
P205162703;P205162703_16;P;7000;0;0;8600;1200;2700
P205162703;P205162703_17;Q;8600;0;0;10200;1200;2700
P205162703;P205162703_18;R;8600;1240;0;10200;2440;2700
P205162703;P205162703_19;S;10200;1240;0;11800;2440;2700
P205162703;P205162703_20;T;10200;0;0;11800;1200;2700
P205162703;P205162703_21;U;11800;0;0;13400;1200;2700
P205162703;P205162703_22;V;11800;1240;0;13400;2440;2700
P201162703;P201162703_1;A;0;0;0;1000;1200;2880
P201162703;P201162703_2;B;0;1240;0;1000;2440;2090
P201162703;P201162703_3;C;1000;1240;0;2000;2440;2090
P201162703;P201162703_4;D;1000;0;0;2000;1200;2090
P201162703;P201162703_5;E;2000;0;0;3000;1200;2090
P201162703;P201162703_6;F;2000;1240;0;3000;2440;2090
P201162703;P201162703_7;G;3000;1240;0;4000;2440;2090
P201162703;P201162703_8;H;3000;0;0;4000;1200;1045
P201162703;P201162703_9;I;4000;0;0;5600;1200;2700
P201162703;P201162703_10;J;4000;1240;0;5600;2440;2700
P201162703;P201162703_11;K;5600;1240;0;7200;2440;2700
P201162703;P201162703_12;L;5600;0;0;7200;1200;2700
P201162703;P201162703_13;M;7200;0;0;8800;1200;2700
P201162703;P201162703_14;N;7200;1240;0;8800;2440;2700
P201162703;P201162703_15;O;8800;1240;0;10400;2440;2700
P201162703;P201162703_16;P;8800;0;0;10400;1200;2700
P201162703;P201162703_17;Q;10400;0;0;12000;1200;2700
P201162703;P201162703_18;R;10400;1240;0;12000;2440;2700
P198162703;P198162703_1;A;0;0;0;1000;1200;2090
P198162703;P198162703_2;B;0;1240;0;1000;2440;2090
P198162703;P198162703_3;C;1000;1240;0;2000;2440;2090
P198162703;P198162703_4;D;1000;0;0;2000;1200;2090
P198162703;P198162703_5;E;2000;0;0;3000;1200;2090
P198162703;P198162703_6;F;2000;1240;0;3000;2440;2090
P198162703;P198162703_7;G;3000;1240;0;4000;2440;2090
P198162703;P198162703_8;H;3000;0;0;4000;1200;2090
P198162703;P198162703_9;I;4000;0;0;5000;1200;1045
P198162703;P198162703_10;J;4000;1240;0;5000;2440;2090
P198162703;P198162703_11;K;5000;1240;0;6600;2440;2700
P198162703;P198162703_12;L;5000;0;0;6600;1200;2700
P198162703;P198162703_13;M;6600;0;0;8200;1200;2700
P198162703;P198162703_14;N;6600;1240;0;8200;2440;2700
P198162703;P198162703_15;O;8200;1240;0;9800;2440;2700
P198162703;P198162703_16;P;8200;0;0;9800;1200;2700
P198162703;P198162703_17;Q;9800;0;0;11400;1200;2700
P198162703;P198162703_18;R;9800;1240;0;11400;2440;2700
P191162703;P191162703_1;A;0;0;0;1000;1200;2780
P191162703;P191162703_2;B;0;1240;0;1000;2440;2090
P191162703;P191162703_3;C;1000;1240;0;2000;2440;2090
P191162703;P191162703_4;D;1000;0;0;2000;1200;2090
P191162703;P191162703_5;E;2000;0;0;3000;1200;2090
P191162703;P191162703_6;F;2000;1240;0;3000;2440;2090
P191162703;P191162703_7;G;3000;1240;0;4000;2440;2090
P191162703;P191162703_8;H;3000;0;0;4000;1200;2090
P191162703;P191162703_9;I;4000;0;0;5000;1200;2090
P191162703;P191162703_10;J;4000;1240;0;5000;2440;2090
P191162703;P191162703_11;K;5000;1240;0;6000;2440;2090
P191162703;P191162703_12;L;5000;0;0;6000;1200;2090
P191162703;P191162703_13;M;6000;0;0;7000;1200;1045
P191162703;P191162703_14;N;6000;1240;0;7600;2440;2700
P191162703;P191162703_15;O;7000;0;0;8600;1200;2700
P191162703;P191162703_16;P;7600;1240;0;9200;2440;2700
P191162703;P191162703_17;Q;8600;0;0;10200;1200;2700
P191162703;P191162703_18;R;9200;1240;0;10800;2440;2700
P191162703;P191162703_19;S;10200;0;0;11800;1200;2700
P191162703;P191162703_20;T;10800;1240;0;12400;2440;2700
P191162703;P191162703_21;U;11800;0;0;13400;1200;2700
P187162703;P187162703_1;A;0;0;0;1000;1200;2090
P187162703;P187162703_2;B;0;1240;0;1000;2440;2090
P187162703;P187162703_3;C;1000;1240;0;2000;2440;2090
P187162703;P187162703_4;D;1000;0;0;2000;1200;2090
P187162703;P187162703_5;E;2000;0;0;3000;1200;2090
P187162703;P187162703_6;F;2000;1240;0;3000;2440;2090
P187162703;P187162703_7;G;3000;1240;0;4000;2440;2090
P187162703;P187162703_8;H;3000;0;0;4600;1200;2700
P187162703;P187162703_9;I;4000;1240;0;5600;2440;2700
P187162703;P187162703_10;J;4600;0;0;6200;1200;2700
P187162703;P187162703_11;K;5600;1240;0;7200;2440;2700
P187162703;P187162703_12;L;6200;0;0;7800;1200;2700
P187162703;P187162703_13;M;7200;1240;0;8800;2440;2700
P187162703;P187162703_14;N;7800;0;0;9400;1200;2700
P187162703;P187162703_15;O;8800;1240;0;10400;2440;2700
P179066805;P179066805_1;A;0;0;0;1000;1200;2700
P179066805;P179066805_2;B;0;1200;0;1000;2400;2700
P179066805;P179066805_3;C;1000;1240;0;2000;2440;2700
P179066805;P179066805_4;D;1000;0;0;2000;1200;2700
P179066805;P179066805_5;E;2000;1240;0;3000;2440;2700
P179066805;P179066805_6;F;2000;0;0;3000;1200;2700
P179066805;P179066805_7;G;3000;0;0;4000;1200;2700
P179066805;P179066805_8;H;3000;1240;0;4000;2440;2700
P179066805;P179066805_9;I;4000;1240;0;5000;2440;2700
P179066805;P179066805_10;J;4000;0;0;5000;1200;2700
P179066805;P179066805_11;K;5000;0;0;6000;1200;2700
P179066805;P179066805_12;L;5000;1240;0;6000;2440;2700
P179066805;P179066805_13;M;6000;1240;0;7000;2440;2700
P179066805;P179066805_14;N;6000;0;0;7000;1200;2700
P179066805;P179066805_15;O;7000;0;0;8000;1200;2700
P179066805;P179066805_16;P;7000;1240;0;8000;2440;2700
P179066805;P179066805_17;Q;8000;1240;0;9000;2440;930
P179066805;P179066805_18;R;8000;0;0;9000;1200;2835
P179066805;P179066805_19;S;9000;0;0;10000;1200;2835
P179066805;P179066805_20;T;9000;1240;0;10000;2440;2835
P179066805;P179066805_21;U;10000;1240;0;11000;2440;2835
P179066805;P179066805_22;V;10000;0;0;11000;1200;2835
P179066805;P179066805_23;W;11000;0;0;12000;1200;2835
P179066805;P179066805_24;X;11000;1240;0;12000;2440;2835
P179066805;P179066805_25;Y;12000;1430;0;13206;2440;1085
P179066805;P179066805_26;Z;12000;0;0;13010;1206;1085
P178066803;P178066803_1;A;0;0;0;1000;1200;2700
P178066803;P178066803_2;B;0;1240;0;1000;2440;2700
P178066803;P178066803_3;C;1000;1240;0;2000;2440;2700
P178066803;P178066803_4;D;1000;0;0;2000;1200;2700
P178066803;P178066803_5;E;2000;0;0;3000;1200;2700
P178066803;P178066803_6;F;2000;1240;0;3000;2440;2700
P178066803;P178066803_7;G;3000;1240;0;4000;2440;2700
P178066803;P178066803_8;H;3000;0;0;4000;1200;2700
P178066803;P178066803_9;I;4000;0;0;5000;1200;2700
P178066803;P178066803_10;J;4000;1240;0;5000;2440;2700
P178066803;P178066803_11;K;5000;1240;0;6000;2440;2700
P178066803;P178066803_12;L;5000;0;0;6000;1200;2700
P178066803;P178066803_13;M;6000;0;0;7000;1200;2700
P178066803;P178066803_14;N;6000;1240;0;7000;2440;2700
P178066803;P178066803_15;O;7000;1240;0;8000;2440;2700
P178066803;P178066803_16;P;7000;0;0;8000;1200;2700
P178066803;P178066803_17;Q;8000;0;0;9000;1200;1815
P174066809;P174066809_1;A;0;0;0;1000;1200;2700
P174066809;P174066809_2;B;0;1240;0;1000;2440;2700
P174066809;P174066809_3;C;1000;1240;0;2000;2440;2700
P174066809;P174066809_4;D;1000;0;0;2000;1200;2700
P174066809;P174066809_5;E;2000;0;0;3000;1200;2700
P174066809;P174066809_6;F;2000;1240;0;3000;2440;2700
P174066809;P174066809_7;G;3000;1240;0;4000;2440;2700
P174066809;P174066809_8;H;3000;0;0;4000;1200;2700
P174066809;P174066809_9;I;4000;0;0;5000;1200;2700
P174066809;P174066809_10;J;4000;1240;0;5000;2440;2700
P174066809;P174066809_11;K;5000;1240;0;6000;2440;2700
P174066809;P174066809_12;L;5000;0;0;6000;1200;2700
P174066809;P174066809_13;M;6000;0;0;7000;1200;2700
P174066809;P174066809_14;N;6000;1240;0;7000;2440;2700
P174066809;P174066809_15;O;7000;1240;0;8000;2440;2700
P174066809;P174066809_16;P;7000;0;0;8000;1200;2700
P174066809;P174066809_17;Q;8000;0;0;9000;1200;2700
P174066809;P174066809_18;R;8000;1240;0;9000;2440;2700
P174066809;P174066809_19;S;9000;1240;0;10000;2440;2700
P172066805;P172066805_1;A;0;0;0;1000;1200;2700
P172066805;P172066805_2;B;0;1240;0;1000;2440;2700
P172066805;P172066805_3;C;1000;1240;0;2000;2440;2700
P172066805;P172066805_4;D;1000;0;0;2000;1200;2700
P172066805;P172066805_5;E;2000;0;0;3000;1200;2835
P172066805;P172066805_6;F;2000;1240;0;3000;2440;2835
P172066805;P172066805_7;G;3000;1240;0;4000;2440;2835
P172066805;P172066805_8;H;3000;0;0;4000;1200;2835
P172066805;P172066805_9;I;4000;0;0;5000;1200;2835
P172066805;P172066805_10;J;4000;1240;0;5000;2440;2835
P172066805;P172066805_11;K;5000;1240;0;6000;2440;2835
P172066805;P172066805_12;L;5000;0;0;6000;1200;2835
P172066805;P172066805_13;M;6000;0;0;7000;1200;2835
P172066805;P172066805_14;N;6000;1240;0;7000;2440;2835
P172066805;P172066805_15;O;7000;1240;0;8000;2440;2835
P172066805;P172066805_16;P;7000;0;0;8000;1200;2835
P172066805;P172066805_17;Q;8000;0;0;9010;1206;2186
P172066805;P172066805_18;R;8000;1234;0;9010;2440;1093
P172066805;P172066805_19;S;9010;1234;0;10020;2440;1093
P172066805;P172066805_20;T;9010;0;0;10020;1206;1093
P172066805;P172066805_21;U;10020;0;0;11030;1206;1093
P172066805;P172066805_22;V;10020;1234;0;11030;2440;1085
P172066805;P172066805_23;W;11030;1234;0;12040;2440;1085
P172066805;P172066805_24;X;11030;0;0;12040;1206;1085
P172066805;P172066805_25;Y;12040;0;0;13246;1010;1085
P172066805;P172066805_26;Z;12040;1234;0;13050;2440;2186
P171066803;P171066803_1;A;0;0;0;1000;1200;2700
P171066803;P171066803_2;B;0;1200;0;1000;2400;2700
P171066803;P171066803_3;C;1000;1240;0;2000;2440;2700
P171066803;P171066803_4;D;1000;0;0;2000;1200;2700
P171066803;P171066803_5;E;2000;1240;0;3000;2440;2700
P171066803;P171066803_6;F;2000;0;0;3000;1200;2700
P171066803;P171066803_7;G;3000;0;0;4000;1200;2700
P171066803;P171066803_8;H;3000;1240;0;4000;2440;2700
P171066803;P171066803_9;I;4000;1240;0;5000;2440;2700
P171066803;P171066803_10;J;4000;0;0;5000;1200;2700
P171066803;P171066803_11;K;5000;0;0;6000;1200;2700
P171066803;P171066803_12;L;5000;1240;0;6000;2440;2700
P171066803;P171066803_13;M;6000;1240;0;7000;2440;2700
P171066803;P171066803_14;N;6000;0;0;7000;1200;2700
P171066803;P171066803_15;O;7000;0;0;8000;1200;2700
P171066803;P171066803_16;P;7000;1240;0;8000;2440;2700
P171066803;P171066803_17;Q;8000;1240;0;9000;2440;2700
P171066803;P171066803_18;R;8000;0;0;9000;1200;2700
P171066803;P171066803_19;S;9000;0;0;10000;1200;2700
P171066803;P171066803_20;T;9000;1240;0;10000;2440;2700
P171066803;P171066803_21;U;10000;1240;0;11000;2440;2700
P171066803;P171066803_22;V;10000;0;0;11000;1200;2700
P171066803;P171066803_23;W;11000;0;0;12000;1200;2700
P171066803;P171066803_24;X;11000;1240;0;12000;2440;2700
P171066803;P171066803_25;Y;12000;1440;0;13200;2440;2700
P171066803;P171066803_26;Z;12000;0;0;13000;1200;2700
P167066809;P167066809_1;A;0;0;0;1000;1200;2700
P167066809;P167066809_2;B;0;1200;0;1000;2400;2700
P167066809;P167066809_3;C;1000;1240;0;2000;2440;2700
P167066809;P167066809_4;D;1000;0;0;2000;1200;2700
P167066809;P167066809_5;E;2000;0;0;3000;1200;2700
P167066809;P167066809_6;F;2000;1240;0;3000;2440;2700
P167066809;P167066809_7;G;3000;1240;0;4000;2440;2700
P167066809;P167066809_8;H;3000;0;0;4000;1200;2700
P167066809;P167066809_9;I;4000;0;0;5000;1200;2700
P167066809;P167066809_10;J;4000;1240;0;5000;2440;2700
P167066809;P167066809_11;K;5000;1240;0;6000;2440;2700
P167066809;P167066809_12;L;5000;0;0;6000;1200;2700
P167066809;P167066809_13;M;6000;0;0;7000;1200;2700
P167066809;P167066809_14;N;6000;1240;0;7000;2440;2700
P167066809;P167066809_15;O;7000;1240;0;8000;2440;2700
P167066809;P167066809_16;P;7000;0;0;8000;1200;2700
P167066809;P167066809_17;Q;8000;0;0;9000;1200;2700
P167066809;P167066809_18;R;8000;1240;0;9000;2440;2700
P167066809;P167066809_19;S;9000;1240;0;10000;2440;2700
P167066809;P167066809_20;T;9000;0;0;10000;1200;2700
P167066809;P167066809_21;U;10000;0;0;11000;1200;2700
P167066809;P167066809_22;V;10000;1240;0;11000;2440;2700
P167066809;P167066809_23;W;11000;1240;0;12000;2440;2700
P167066809;P167066809_24;X;11000;0;0;12000;1200;2700
P167066809;P167066809_25;Y;12000;0;0;13200;1000;2700
P179066301;P179066301_1;A;0;1240;0;2000;2440;1800
P179066301;P179066301_2;B;0;0;0;1600;1200;2865
P179066301;P179066301_3;C;1600;0;0;3600;1200;1800
P179066301;P179066301_4;D;2000;1240;0;4000;2440;1800
P179066301;P179066301_5;E;3600;0;0;5600;1200;1800
P179066301;P179066301_6;F;4000;1240;0;6000;2440;1800
P179066301;P179066301_7;G;5600;0;0;7600;1200;1800
P179066301;P179066301_8;H;6000;1240;0;8000;2440;1800
P179066301;P179066301_9;I;7600;0;0;9600;1200;1800
P179066301;P179066301_10;J;8000;1240;0;9600;2440;2865
P179066301;P179066301_11;K;9600;0;0;11200;1200;2865
P179066301;P179066301_12;L;9600;1240;0;11200;2440;2865
P179066301;P179066301_13;M;11200;1240;0;12800;2440;2865
P179066301;P179066301_14;N;11200;0;0;12800;1200;2865
P178066301;P178066301_1;A;0;0;0;1600;1200;2865
P178066301;P178066301_2;B;0;1240;0;2000;2440;1800
P178066301;P178066301_3;C;1600;0;0;3600;1200;1800
P178066301;P178066301_4;D;2000;1240;0;4000;2440;1800
P178066301;P178066301_5;E;3600;0;0;5600;1200;1800
P178066301;P178066301_6;F;4000;1240;0;6000;2440;1800
P178066301;P178066301_7;G;5600;0;0;7600;1200;1800
P178066301;P178066301_8;H;6000;1240;0;8000;2440;1800
P178066301;P178066301_9;I;7600;0;0;9200;1200;2865
P178066301;P178066301_10;J;8000;1240;0;9600;2440;2865
P178066301;P178066301_11;K;9200;0;0;11200;1200;1800
P178066301;P178066301_12;L;9600;1240;0;11600;2440;1800
P178066301;P178066301_13;M;11200;0;0;13200;1200;1800
P178066301;P178066301_14;N;11600;1240;0;13200;2440;2865
P175066301;P175066301_1;A;0;1240;0;2000;2440;1800
P175066301;P175066301_2;B;0;0;0;2000;1200;1800
P175066301;P175066301_3;C;2000;0;0;4000;1200;1800
P175066301;P175066301_4;D;2000;1240;0;4000;2440;1800
P175066301;P175066301_5;E;4000;1240;0;5600;2440;2865
P175066301;P175066301_6;F;4000;0;0;5600;1200;2865
P175066301;P175066301_7;G;5600;0;0;7200;1200;2865
P175066301;P175066301_8;H;5600;1240;0;7600;2440;1800
P175066301;P175066301_9;I;7200;0;0;9200;1200;1800
P175066301;P175066301_10;J;7600;1240;0;9600;2440;1800
P175066301;P175066301_11;K;9200;0;0;11200;1200;1800
P175066301;P175066301_12;L;9600;1240;0;11600;2440;1800
P175066301;P175066301_13;M;11200;0;0;13200;1200;1800
P175066301;P175066301_14;N;11600;1240;0;13200;2440;2865
P174066301;P174066301_1;A;0;0;0;2000;1200;1800
P174066301;P174066301_2;B;0;1240;0;2000;2440;1800
P174066301;P174066301_3;C;2000;1240;0;3600;2440;2865
P174066301;P174066301_4;D;2000;0;0;4000;1200;1800
P174066301;P174066301_5;E;3600;1240;0;5600;2440;1800
P174066301;P174066301_6;F;4000;0;0;6000;1200;1800
P174066301;P174066301_7;G;5600;1240;0;7200;2440;2865
P174066301;P174066301_8;H;6000;0;0;7600;1200;2865
P174066301;P174066301_9;I;7200;1240;0;9200;2440;1800
P174066301;P174066301_10;J;7600;0;0;9600;1200;1800
P174066301;P174066301_11;K;9200;1240;0;11200;2440;1800
P174066301;P174066301_12;L;9600;0;0;11600;1200;1800
P174066301;P174066301_13;M;11200;1240;0;13200;2440;1800
P174066301;P174066301_14;N;11600;0;0;13200;1200;2865
P172066301;P172066301_1;A;0;0;0;1600;1200;2865
P172066301;P172066301_2;B;0;1240;0;2000;2440;1800
P172066301;P172066301_3;C;1600;0;0;3600;1200;1800
P172066301;P172066301_4;D;2000;1240;0;3600;2440;2865
P172066301;P172066301_5;E;3600;1240;0;5200;2440;2865
P172066301;P172066301_6;F;3600;0;0;5200;1200;2865
P172066301;P172066301_7;G;5200;0;0;7200;1200;1800
P172066301;P172066301_8;H;5200;1240;0;7200;2440;1800
P172066301;P172066301_9;I;7200;1240;0;9200;2440;1800
P172066301;P172066301_10;J;7200;0;0;9200;1200;1800
P172066301;P172066301_11;K;9200;0;0;11200;1200;1800
P172066301;P172066301_12;L;9200;1240;0;11200;2440;1800
P172066301;P172066301_13;M;11200;1240;0;12800;2440;2865
P172066301;P172066301_14;N;11200;0;0;12800;1200;2865
P171066301;P171066301_1;A;0;0;0;2000;1200;1800
P171066301;P171066301_2;B;0;1240;0;2000;2440;1800
P171066301;P171066301_3;C;2000;1240;0;4000;2440;1800
P171066301;P171066301_4;D;2000;0;0;4000;1200;1800
P171066301;P171066301_5;E;4000;0;0;6000;1200;1800
P171066301;P171066301_6;F;4000;1240;0;6000;2440;1800
P171066301;P171066301_7;G;6000;1240;0;8000;2440;1800
P171066301;P171066301_8;H;6000;0;0;7600;1200;2865
P171066301;P171066301_9;I;7600;0;0;9200;1200;2865
P171066301;P171066301_10;J;8000;1240;0;9600;2440;2865
P171066301;P171066301_11;K;9200;0;0;11200;1200;1800
P171066301;P171066301_12;L;9600;1240;0;11600;2440;1800
P171066301;P171066301_13;M;11200;0;0;13200;1200;1800
P171066301;P171066301_14;N;11600;1240;0;13200;2440;2865
P168066301;P168066301_1;A;0;1240;0;1600;2440;2865
P168066301;P168066301_2;B;0;0;0;2000;1200;1800
P168066301;P168066301_3;C;1600;1240;0;3600;2440;1800
P168066301;P168066301_4;D;2000;0;0;4000;1200;1800
P168066301;P168066301_5;E;3600;1240;0;5600;2440;1800
P168066301;P168066301_6;F;4000;0;0;5600;1200;2865
P168066301;P168066301_7;G;5600;0;0;7200;1200;2865
P168066301;P168066301_8;H;5600;1240;0;7200;2440;2865
P168066301;P168066301_9;I;7200;1240;0;9200;2440;1800
P168066301;P168066301_10;J;7200;0;0;9200;1200;1800
P168066301;P168066301_11;K;9200;0;0;11200;1200;1800
P168066301;P168066301_12;L;9200;1240;0;11200;2440;1800
P168066301;P168066301_13;M;11200;1240;0;13200;2440;1800
P168066301;P168066301_14;N;11200;0;0;13200;1200;1800
P167066301;P167066301_1;A;0;1240;0;2000;2440;1800
P167066301;P167066301_2;B;0;0;0;2000;1200;1800
P167066301;P167066301_3;C;2000;0;0;4000;1200;1800
P167066301;P167066301_4;D;2000;1240;0;4000;2440;1800
P167066301;P167066301_5;E;4000;1240;0;6000;2440;1800
P167066301;P167066301_6;F;4000;0;0;5600;1200;2865
P167066301;P167066301_7;G;5600;0;0;7200;1200;2865
P167066301;P167066301_8;H;6000;1240;0;7600;2440;2865
P167066301;P167066301_9;I;7200;0;0;8800;1200;2865
P167066301;P167066301_10;J;7600;1240;0;9200;2440;1455
P167066301;P167066301_11;K;8800;0;0;10800;1200;1800
P167066301;P167066301_12;L;9200;1240;0;11200;2440;1800
P167066301;P167066301_13;M;10800;0;0;12800;1200;1800
P167066301;P167066301_14;N;11200;1240;0;13200;2440;1800
P166066301;P166066301_1;A;0;0;0;2000;1200;1800
P166066301;P166066301_2;B;0;1200;0;2000;2400;1800
P166066301;P166066301_3;C;2000;1240;0;4000;2440;1800
P166066301;P166066301_4;D;2000;0;0;4000;1200;1800
P166066301;P166066301_5;E;4000;0;0;6000;1200;1800
P166066301;P166066301_6;F;4000;1240;0;6000;2440;1800
P166066301;P166066301_7;G;6000;1240;0;8000;2440;1800
P166066301;P166066301_8;H;6000;0;0;8000;1200;1800
P166066301;P166066301_9;I;8000;0;0;10000;1200;1800
P166066301;P166066301_10;J;8000;1240;0;9600;2440;2865
P166066301;P166066301_11;K;9600;1240;0;11200;2440;2865
P166066301;P166066301_12;L;10000;0;0;11600;1200;2865
P166066301;P166066301_13;M;11200;1240;0;12800;2440;750
P178219205;P178219205_1;A;0;1240;0;1000;2440;2055
P178219205;P178219205_2;B;0;0;0;1000;1200;2055
P178219205;P178219205_3;C;1000;0;0;2000;1200;2055
P178219205;P178219205_4;D;1000;1200;0;2000;2400;2055
P178219205;P178219205_5;E;2000;1240;0;3000;2440;2055
P178219205;P178219205_6;F;2000;0;0;3000;1200;2055
P178219205;P178219205_7;G;3000;0;0;4000;1200;2055
P178219205;P178219205_8;H;3000;1200;0;4000;2400;2055
P178219205;P178219205_9;I;4000;1240;0;5000;2440;2055
P178219205;P178219205_10;J;4000;0;0;5000;1200;2055
P178219205;P178219205_11;K;5000;0;0;6000;1200;2055
P178219205;P178219205_12;L;5000;1200;0;6000;2400;2055
P178219205;P178219205_13;M;6000;1240;0;7000;2440;2055
P178219205;P178219205_14;N;6000;0;0;7000;1200;2055
P178219205;P178219205_15;O;7000;0;0;8000;1200;2055
P178219205;P178219205_16;P;7000;1200;0;8000;2400;2055
P178219205;P178219205_17;Q;8000;1240;0;9000;2440;2055
P178219205;P178219205_18;R;8000;0;0;9000;1200;2835
P178219205;P178219205_19;S;9000;0;0;10000;1200;2835
P178219205;P178219205_20;T;9000;1200;0;10000;2400;2835
P178219205;P178219205_21;U;10000;1240;0;11000;2440;2835
P178219205;P178219205_22;V;10000;0;0;11000;1200;2835
P178219205;P178219205_23;W;11000;0;0;12000;1200;2835
P178219205;P178219205_24;X;11000;1200;0;12000;2400;2835
P178219205;P178219205_25;Y;12000;1440;0;13200;2440;2835
P178219205;P178219205_26;Z;12000;0;0;13000;1200;2835
P177219241;P177219241_1;A;0;0;0;1000;1200;2055
P177219241;P177219241_2;B;0;1240;0;1000;2440;2055
P177219241;P177219241_3;C;1000;1240;0;2000;2440;2055
P177219241;P177219241_4;D;1000;0;0;2000;1200;2055
P177219241;P177219241_5;E;2000;0;0;3000;1200;2055
P177219241;P177219241_6;F;2000;1240;0;3000;2440;2055
P177219241;P177219241_7;G;3000;1240;0;4000;2440;2055
P177219241;P177219241_8;H;3000;0;0;4000;1200;2055
P177219241;P177219241_9;I;4000;0;0;5000;1200;2055
P177219241;P177219241_10;J;4000;1240;0;5000;2440;2055
P177219241;P177219241_11;K;5000;1240;0;6000;2440;2055
P177219241;P177219241_12;L;5000;0;0;6000;1200;2055
P177219241;P177219241_13;M;6000;0;0;7000;1200;2055
P177219241;P177219241_14;N;6000;1240;0;7000;2440;2055
P177219241;P177219241_15;O;7000;1240;0;8000;2440;1050
P177219241;P177219241_16;P;7000;0;0;8000;1200;2835
P177219241;P177219241_17;Q;8000;0;0;9000;1200;2835
P177219241;P177219241_18;R;8000;1240;0;9000;2440;2835
P177219241;P177219241_19;S;9000;1240;0;10000;2440;2835
P177219241;P177219241_20;T;9000;0;0;10000;1200;2835
P177219241;P177219241_21;U;10000;0;0;11000;1200;2835
P177219241;P177219241_22;V;10000;1240;0;11000;2440;2835
P177219241;P177219241_23;W;11000;1240;0;12000;2440;2835
P177219241;P177219241_24;X;11000;0;0;12000;1200;2835
P177219241;P177219241_25;Y;12000;0;0;13200;1000;2835
P177219241;P177219241_26;Z;12000;1240;0;13000;2440;2835
Q177219241_1;Q177219241_1_1;A;0;0;0;1000;1200;2835
Q177219241_1;Q177219241_1_2;B;0;1240;0;1000;2440;2835
Q177219241_1;Q177219241_1_3;C;1000;1240;0;2000;2440;2835
Q177219241_1;Q177219241_1_4;D;1000;0;0;2000;1200;2835
Q177219241_1;Q177219241_1_5;E;2000;0;0;3000;1200;2835
Q177219241_1;Q177219241_1_6;F;2000;1240;0;3000;2440;2835
Q177219241_1;Q177219241_1_7;G;3000;1240;0;4000;2440;2835
Q177219241_1;Q177219241_1_8;H;3000;0;0;4000;1200;2835
Q177219241_1;Q177219241_1_9;I;4000;0;0;5000;1200;2835
Q177219241_1;Q177219241_1_10;J;4000;1240;0;5000;2440;2835
Q177219241_1;Q177219241_1_11;K;5000;1240;0;6000;2440;2835
Q177219241_1;Q177219241_1_12;L;5000;0;0;6000;1200;2835
Q177219241_1;Q177219241_1_13;M;6000;0;0;7000;1200;2835
Q177219241_1;Q177219241_1_14;N;6000;1240;0;7000;2440;975
Q177219241_1;Q177219241_1_15;O;7000;1660;0;7570;2440;1340
Q177219241_1;Q177219241_1_16;P;7000;0;0;7570;780;1340
Q177219241_1;Q177219241_1_17;Q;7000;780;0;7570;1560;478
Q177219241_1;Q177219241_1_18;R;7570;0;0;8580;1206;2751
Q177219241_1;Q177219241_1_19;S;7570;1660;0;8140;2440;1340
Q177219241_1;Q177219241_1_20;T;8140;1234;0;9150;2440;2195
Q177219241_1;Q177219241_1_21;U;8580;0;0;9150;780;1340
Q177219241_1;Q177219241_1_22;V;9150;1660;0;9720;2440;1340
Q177219241_1;Q177219241_1_23;W;9150;0;0;9720;780;1340
Q177219241_1;Q177219241_1_24;X;9150;780;0;9720;1560;1340
Q177219241_1;Q177219241_1_25;Y;9720;0;0;10290;780;1340
Q177219241_1;Q177219241_1_26;Z;9720;780;0;10290;1560;1340
Q177219241_1;Q177219241_1_27;AA;9720;1660;0;10290;2440;1340
Q177219241_1;Q177219241_1_28;AB;10290;1660;0;10860;2440;1340
Q177219241_1;Q177219241_1_29;AC;10290;0;0;10860;780;1340
Q177219241_1;Q177219241_1_30;AD;10290;780;0;10860;1560;1340
Q177219241_1;Q177219241_1_31;AE;10860;0;0;11430;780;1340
Q177219241_1;Q177219241_1_32;AF;10860;780;0;11430;1560;478
P173219243;P173219243_1;A;0;1240;0;1000;2440;2055
P173219243;P173219243_2;B;0;0;0;1000;1200;2055
P173219243;P173219243_3;C;1000;0;0;2000;1200;2055
P173219243;P173219243_4;D;1000;1200;0;2000;2400;2055
P173219243;P173219243_5;E;2000;1240;0;3000;2440;2055
P173219243;P173219243_6;F;2000;0;0;3000;1200;2055
P173219243;P173219243_7;G;3000;0;0;4000;1200;2055
P173219243;P173219243_8;H;3000;1200;0;4000;2400;2055
P173219243;P173219243_9;I;4000;1240;0;5000;2440;2055
P173219243;P173219243_10;J;4000;0;0;5000;1200;2055
P173219243;P173219243_11;K;5000;0;0;6000;1200;2055
P173219243;P173219243_12;L;5000;1240;0;6000;2440;2055
P173219243;P173219243_13;M;6000;1240;0;7000;2440;2055
P173219243;P173219243_14;N;6000;0;0;7000;1200;2055
P173219243;P173219243_15;O;7000;0;0;8000;1200;2055
P173219243;P173219243_16;P;7000;1240;0;8000;2440;2055
P173219243;P173219243_17;Q;8000;1240;0;9000;2440;2055
P173219243;P173219243_18;R;8000;0;0;9000;1200;2055
P173219243;P173219243_19;S;9000;0;0;10000;1200;2835
P173219243;P173219243_20;T;9000;1240;0;10000;2440;2835
P173219243;P173219243_21;U;10000;1240;0;11000;2440;2835
P173219243;P173219243_22;V;10000;0;0;11000;1200;2835
P173219243;P173219243_23;W;11000;0;0;12000;1200;2835
P173219243;P173219243_24;X;11000;1240;0;12000;2440;2835
P173219243;P173219243_25;Y;12000;1440;0;13200;2440;2835
P173219243;P173219243_26;Z;12000;0;0;13000;1200;2835
P172219205;P172219205_1;A;0;1240;0;1000;2440;2055
P172219205;P172219205_2;B;0;0;0;1000;1200;2055
P172219205;P172219205_3;C;1000;0;0;2000;1200;2055
P172219205;P172219205_4;D;1000;1200;0;2000;2400;2055
P172219205;P172219205_5;E;2000;1240;0;3000;2440;2055
P172219205;P172219205_6;F;2000;0;0;3000;1200;2055
P172219205;P172219205_7;G;3000;0;0;4000;1200;2055
P172219205;P172219205_8;H;3000;1240;0;4000;2440;2055
P172219205;P172219205_9;I;4000;1240;0;5000;2440;2055
P172219205;P172219205_10;J;4000;0;0;5000;1200;2055
P172219205;P172219205_11;K;5000;0;0;6000;1200;2055
P172219205;P172219205_12;L;5000;1240;0;6000;2440;2835
P172219205;P172219205_13;M;6000;1240;0;7000;2440;2835
P172219205;P172219205_14;N;6000;0;0;7000;1200;2835
P172219205;P172219205_15;O;7000;0;0;8000;1200;2835
P172219205;P172219205_16;P;7000;1240;0;8000;2440;2835
P172219205;P172219205_17;Q;8000;1240;0;9000;2440;2835
P172219205;P172219205_18;R;8000;0;0;9000;1200;2835
P172219205;P172219205_19;S;9000;0;0;10000;1200;2835
P172219205;P172219205_20;T;9000;1240;0;10000;2440;2835
P172219205;P172219205_21;U;10000;1240;0;11000;2440;2835
P172219205;P172219205_22;V;10000;0;0;11000;1200;2835
P172219205;P172219205_23;W;11000;0;0;12000;1200;2835
P172219205;P172219205_24;X;11000;1240;0;12000;2440;2835
P172219205;P172219205_25;Y;12000;1440;0;13200;2440;2835
P172219205;P172219205_26;Z;12000;0;0;13000;1200;2835
P171219205;P171219205_1;A;0;0;0;1000;1200;2055
P171219205;P171219205_2;B;0;1200;0;1000;2400;2055
P171219205;P171219205_3;C;1000;1240;0;2000;2440;2055
P171219205;P171219205_4;D;1000;0;0;2000;1200;2055
P171219205;P171219205_5;E;2000;0;0;3000;1200;2055
P171219205;P171219205_6;F;2000;1200;0;3000;2400;2055
P171219205;P171219205_7;G;3000;1240;0;4000;2440;2055
P171219205;P171219205_8;H;3000;0;0;4000;1200;2055
P171219205;P171219205_9;I;4000;1240;0;5000;2440;2055
P171219205;P171219205_10;J;4000;0;0;5000;1200;2055
P171219205;P171219205_11;K;5000;0;0;6000;1200;2055
P171219205;P171219205_12;L;5000;1240;0;6000;2440;2055
P171219205;P171219205_13;M;6000;1240;0;7000;2440;2055
P171219205;P171219205_14;N;6000;0;0;7000;1200;2055
P171219205;P171219205_15;O;7000;0;0;8000;1200;2055
P171219205;P171219205_16;P;7000;1240;0;8000;2440;2055
P171219205;P171219205_17;Q;8000;1240;0;9000;2440;2055
P171219205;P171219205_18;R;8000;0;0;9000;1200;2835
P171219205;P171219205_19;S;9000;0;0;10000;1200;2835
P171219205;P171219205_20;T;9000;1240;0;10000;2440;2835
P170219241;P170219241_1;A;0;1240;0;1000;2440;2055
P170219241;P170219241_2;B;0;0;0;1000;1200;2055
P170219241;P170219241_3;C;1000;0;0;2000;1200;2055
P170219241;P170219241_4;D;1000;1240;0;2000;2440;2835
P170219241;P170219241_5;E;2000;1240;0;3000;2440;2835
P170219241;P170219241_6;F;2000;0;0;3000;1200;2835
P170219241;P170219241_7;G;3000;0;0;4000;1200;2835
P170219241;P170219241_8;H;3000;1240;0;4000;2440;2835
P170219241;P170219241_9;I;4000;1240;0;5000;2440;2835
P170219241;P170219241_10;J;4000;0;0;5000;1200;2835
P170219241;P170219241_11;K;5000;0;0;6000;1200;2835
P170219241;P170219241_12;L;5000;1240;0;6000;2440;2835
P170219241;P170219241_13;M;6000;1240;0;7000;2440;2835
P170219241;P170219241_14;N;6000;0;0;7000;1200;2835
P170219241;P170219241_15;O;7000;0;0;8000;1200;2835
P170219241;P170219241_16;P;7000;1240;0;8000;2440;975
P170219241;P170219241_17;Q;8000;1660;0;8570;2440;1340
P170219241;P170219241_18;R;8000;0;0;8570;780;1340
P170219241;P170219241_19;S;8000;780;0;8570;1560;478
P170219241;P170219241_20;T;8570;0;0;9580;1206;2525
P170219241;P170219241_21;U;8570;1234;0;9580;2440;2370
P170219241;P170219241_22;V;9580;1234;0;10590;2440;285
P170219241;P170219241_23;W;9580;0;0;10150;780;1340
P170219241;P170219241_24;X;10150;0;0;10720;780;1340
P170219241;P170219241_25;Y;10590;780;0;11160;1560;1340
P170219241;P170219241_26;Z;10590;1660;0;11160;2440;1340
P170219241;P170219241_27;AA;10720;0;0;11290;780;1340
P170219241;P170219241_28;AB;11160;780;0;11730;1560;1340
P170219241;P170219241_29;AC;11160;1660;0;11730;2440;1340
P170219241;P170219241_30;AD;11290;0;0;11860;780;1340
P170219241;P170219241_31;AE;11730;780;0;12300;1560;1340
P170219241;P170219241_32;AF;11730;1660;0;12300;2440;1340
P170219241;P170219241_33;AG;11860;0;0;12430;780;1340
P170219241;P170219241_34;AH;12300;780;0;12870;1560;1340
P170219241;P170219241_35;AI;12300;1660;0;12870;2440;1340
P170219241;P170219241_36;AJ;12430;0;0;13000;780;1340
P170219241;P170219241_37;AK;12870;780;0;13440;1560;1340
P170219241;P170219241_38;AL;12870;1660;0;13440;2440;909
P167219205;P167219205_1;A;0;0;0;1000;1200;2055
P167219205;P167219205_2;B;0;1240;0;1000;2440;2055
P167219205;P167219205_3;C;1000;1240;0;2000;2440;2055
P167219205;P167219205_4;D;1000;0;0;2000;1200;2055
P167219205;P167219205_5;E;2000;0;0;3000;1200;2055
P167219205;P167219205_6;F;2000;1240;0;3000;2440;2055
P167219205;P167219205_7;G;3000;1240;0;4000;2440;2055
P167219205;P167219205_8;H;3000;0;0;4000;1200;2055
P167219205;P167219205_9;I;4000;0;0;5000;1200;2055
P167219205;P167219205_10;J;4000;1240;0;5000;2440;2055
P167219205;P167219205_11;K;5000;1240;0;6000;2440;2055
P167219205;P167219205_12;L;5000;0;0;6000;1200;2055
P167219205;P167219205_13;M;6000;0;0;7000;1200;2055
P167219205;P167219205_14;N;6000;1240;0;7000;2440;2055
P167219205;P167219205_15;O;7000;1240;0;8000;2440;2055
P167219205;P167219205_16;P;7000;0;0;8000;1200;2055
P167219205;P167219205_17;Q;8000;0;0;9000;1200;2055
P167219205;P167219205_18;R;8000;1240;0;9000;2440;1050
P167219205;P167219205_19;S;9000;1240;0;10000;2440;1905
P167219205;P167219205_20;T;9000;0;0;10000;1200;2835
P167219205;P167219205_21;U;10000;0;0;11000;1200;2835
P167219205;P167219205_22;V;10000;1240;0;11000;2440;2835
P167219205;P167219205_23;W;11000;1240;0;12000;2440;2835
P167219205;P167219205_24;X;11000;0;0;12000;1200;2835
P167219205;P167219205_25;Y;12000;0;0;13200;1000;975
P206290901;P206290901_1;A;0;1234;0;1010;2440;2708
P206290901;P206290901_2;B;0;0;0;1010;1206;1925
P206290901;P206290901_3;C;1010;0;0;2010;1200;2835
P206290901;P206290901_4;D;1010;1240;0;2010;2440;2835
P206290901;P206290901_5;E;2010;1240;0;3010;2440;2835
P206290901;P206290901_6;F;2010;0;0;3010;1200;2835
P206290901;P206290901_7;G;3010;0;0;4010;1200;2835
P206290901;P206290901_8;H;3010;1240;0;4010;2440;2835
P206290901;P206290901_9;I;4010;1240;0;5010;2440;2835
P206290901;P206290901_10;J;4010;0;0;5010;1200;2835
P206290901;P206290901_11;K;5010;0;0;6010;1200;2835
P206290901;P206290901_12;L;5010;1240;0;6010;2440;2835
P206290901;P206290901_13;M;6010;1240;0;7010;2440;2700
P206290901;P206290901_14;N;6010;0;0;7010;1200;2700
P206290901;P206290901_15;O;7010;0;0;8010;1200;2700
P206290901;P206290901_16;P;7010;1240;0;8010;2440;2700
P206290901;P206290901_17;Q;8010;1240;0;9010;2440;2700
P206290901;P206290901_18;R;8010;0;0;9010;1200;2700
P206290901;P206290901_19;S;9010;0;0;10010;1200;2700
P206290901;P206290901_20;T;9010;1240;0;10010;2440;2700
P206290901;P206290901_21;U;10010;1234;0;11020;2440;2362
P206290901;P206290901_22;V;10010;0;0;11020;1206;2370
P206290901;P206290901_23;W;11020;0;0;12020;1200;2835
P206290901;P206290901_24;X;11020;1240;0;12020;2440;2835
P206290901;P206290901_25;Y;12020;1440;0;13220;2440;2835
P206290901;P206290901_26;Z;12020;0;0;13020;1200;2835
P199290901;P199290901_1;A;0;0;0;1010;1206;2894
P199290901;P199290901_2;B;0;1234;0;1010;2440;2323
P199290901;P199290901_3;C;1010;1240;0;2010;2440;2835
P199290901;P199290901_4;D;1010;0;0;2010;1200;2835
P199290901;P199290901_5;E;2010;0;0;3010;1200;2835
P199290901;P199290901_6;F;2010;1240;0;3010;2440;2835
P199290901;P199290901_7;G;3010;1240;0;4010;2440;2835
P199290901;P199290901_8;H;3010;0;0;4010;1200;2835
P199290901;P199290901_9;I;4010;0;0;5010;1200;2835
P199290901;P199290901_10;J;4010;1240;0;5010;2440;2835
P199290901;P199290901_11;K;5010;1240;0;6010;2440;2700
P199290901;P199290901_12;L;5010;0;0;6010;1200;2700
P199290901;P199290901_13;M;6010;0;0;7010;1200;2700
P199290901;P199290901_14;N;6010;1240;0;7010;2440;2700
P199290901;P199290901_15;O;7010;1240;0;8010;2440;2700
P199290901;P199290901_16;P;7010;0;0;8010;1200;2700
P199290901;P199290901_17;Q;8010;0;0;9020;1206;2362
P199290901;P199290901_18;R;8010;1234;0;9020;2440;2362
P199290901;P199290901_19;S;9020;1234;0;10030;2440;2362
P199290901;P199290901_20;T;9020;0;0;10030;1206;2370
P199290901;P199290901_21;U;10030;0;0;11030;1200;2835
P199290901;P199290901_22;V;10030;1240;0;11030;2440;2835
P199290901;P199290901_23;W;11030;1240;0;12030;2440;2835
P199290901;P199290901_24;X;11030;0;0;12030;1200;2835
P199290901;P199290901_25;Y;12030;0;0;13230;1000;2835
P199290901;P199290901_26;Z;12030;1240;0;13030;2440;2835
P192290901;P192290901_1;A;0;1234;0;1010;2440;2708
P192290901;P192290901_2;B;0;0;0;1010;1206;1354
P192290901;P192290901_3;C;1010;0;0;2010;1200;2835
P192290901;P192290901_4;D;1010;1240;0;2010;2440;2835
P192290901;P192290901_5;E;2010;1240;0;3010;2440;2835
P192290901;P192290901_6;F;2010;0;0;3010;1200;2835
P192290901;P192290901_7;G;3010;0;0;4010;1200;2835
P192290901;P192290901_8;H;3010;1240;0;4010;2440;2835
P192290901;P192290901_9;I;4010;1240;0;5010;2440;2835
P192290901;P192290901_10;J;4010;0;0;5010;1200;2835
P192290901;P192290901_11;K;5010;0;0;6010;1200;2835
P192290901;P192290901_12;L;5010;1240;0;6010;2440;2835
P192290901;P192290901_13;M;6010;1240;0;7010;2440;2835
P192290901;P192290901_14;N;6010;0;0;7010;1200;2700
P192290901;P192290901_15;O;7010;0;0;8010;1200;2700
P192290901;P192290901_16;P;7010;1240;0;8010;2440;2700
P192290901;P192290901_17;Q;8010;1240;0;9010;2440;2700
P192290901;P192290901_18;R;8010;0;0;9010;1200;2700
P192290901;P192290901_19;S;9010;0;0;10010;1200;2700
P192290901;P192290901_20;T;9010;1240;0;10010;2440;2700
P192290901;P192290901_21;U;10010;1240;0;11010;2440;2700
P192290901;P192290901_22;V;10010;0;0;11020;1206;2362
P192290901;P192290901_23;W;11010;1234;0;12020;2440;2370
P192290901;P192290901_24;X;11020;0;0;12020;1200;2835
P192290901;P192290901_25;Y;12020;0;0;13220;1000;2835
P192290901;P192290901_26;Z;12020;1240;0;13020;2440;2835
P187290901;P187290901_1;A;0;0;0;1010;1206;2894
P187290901;P187290901_2;B;0;1206;0;1010;2412;385
P187290901;P187290901_3;C;1010;1240;0;2010;2440;2835
P187290901;P187290901_4;D;1010;0;0;2010;1200;2835
P187290901;P187290901_5;E;2010;0;0;3010;1200;2835
P187290901;P187290901_6;F;2010;1200;0;3010;2400;2835
P187290901;P187290901_7;G;3010;1240;0;4010;2440;2835
P187290901;P187290901_8;H;3010;0;0;4010;1200;2835
P187290901;P187290901_9;I;4010;0;0;5010;1200;975
P187290901;P187290901_10;J;4010;1200;0;5010;2400;2700
P187290901;P187290901_11;K;5010;1240;0;6010;2440;2700
P187290901;P187290901_12;L;5010;0;0;6010;1200;2700
P187290901;P187290901_13;M;6010;0;0;7010;1200;2700
P187290901;P187290901_14;N;6010;1200;0;7010;2400;2700
P187290901;P187290901_15;O;7010;1240;0;8010;2440;2700
P187290901;P187290901_16;P;7010;0;0;8010;1200;2700
P187290901;P187290901_17;Q;8010;0;0;9010;1200;2700
P187290901;P187290901_18;R;8010;1200;0;9010;2400;2700
P187290901;P187290901_19;S;9010;1240;0;10010;2440;2700
P187290901;P187290901_20;T;9010;0;0;10020;1206;2362
P187290901;P187290901_21;U;10010;1206;0;11020;2412;1185
P187290901;P187290901_22;V;10020;0;0;11020;1200;2835
P187290901;P187290901_23;W;11020;0;0;12020;1200;2835
P187290901;P187290901_24;X;11020;1240;0;12020;2440;2835
P187290901;P187290901_25;Y;12020;0;0;13020;1200;2835
P187290901;P187290901_26;Z;12020;1200;0;13020;2400;2835
P185290901;P185290901_1;A;0;0;0;1010;1206;1752
P185290901;P185290901_2;B;0;1240;0;1000;2440;2835
P185290901;P185290901_3;C;1000;1240;0;2000;2440;2835
P185290901;P185290901_4;D;1010;0;0;2010;1200;2835
P185290901;P185290901_5;E;2000;1240;0;3000;2440;975
P185290901;P185290901_6;F;2010;0;0;3010;1200;2700
P185290901;P185290901_7;G;3000;1240;0;4000;2440;2700
P185290901;P185290901_8;H;3010;0;0;4010;1200;2700
P185290901;P185290901_9;I;4000;1240;0;5000;2440;2700
P185290901;P185290901_10;J;4010;0;0;5020;1206;2362
P185290901;P185290901_11;K;5000;1234;0;6010;2440;2362
P185290901;P185290901_12;L;5020;0;0;6030;1206;1181
P185290901;P185290901_13;M;6010;1234;0;7020;2440;1185
P185290901;P185290901_14;N;6030;0;0;7030;1200;2835
P185290901;P185290901_15;O;7020;1240;0;8020;2440;2835
P178359401;P178359401_1;A;0;1234;0;1010;2440;1155
P178359401;P178359401_2;B;0;0;0;1000;1200;1815
P178359401;P178359401_3;C;1000;0;0;1570;780;1771
P178359401;P178359401_4;D;1010;780;0;1580;1560;1771
P178359401;P178359401_5;E;1010;1610;0;1580;2390;1771
P178359401;P178359401_6;F;1570;0;0;2140;780;1771
P178359401;P178359401_7;G;1580;780;0;2150;1560;1771
P178359401;P178359401_8;H;1580;1660;0;2150;2440;1771
P178359401;P178359401_9;I;2140;0;0;2710;780;1771
P178359401;P178359401_10;J;2150;780;0;2720;1560;1771
P178359401;P178359401_11;K;2150;1660;0;2720;2440;1771
P178359401;P178359401_12;L;2710;0;0;3280;780;1771
P178359401;P178359401_13;M;2720;780;0;3290;1560;1771
P178359401;P178359401_14;N;2720;1660;0;3290;2440;1771
P178359401;P178359401_15;O;3280;0;0;3850;780;1771
P178359401;P178359401_16;P;3290;780;0;3860;1560;1771
P178359401;P178359401_17;Q;3290;1660;0;3860;2440;1771
P178359401;P178359401_18;R;3850;0;0;4420;780;1771
P178359401;P178359401_19;S;3860;1234;0;4870;2440;2755
P178359401;P178359401_20;T;4420;0;0;5430;1206;2340
P178359401;P178359401_21;U;4870;1660;0;5440;2440;1771
P178359401;P178359401_22;V;5430;0;0;6000;780;1771
P178359401;P178359401_23;W;5430;780;0;6000;1560;1340
P178359401;P178359401_24;X;5440;1660;0;6010;2440;478
P178359401;P178359401_25;Y;6000;0;0;7000;1200;2340
P178359401;P178359401_26;Z;6010;1240;0;7010;2440;2700
P178359401;P178359401_27;AA;7000;0;0;7570;780;478
P178359401;P178359401_28;AB;7010;1234;0;8020;2440;2370
P178359401;P178359401_29;AC;7570;0;0;8570;1200;2865
P178359401;P178359401_30;AD;8020;1240;0;9020;2440;2160
P178359401;P178359401_31;AE;8570;0;0;9570;1200;2610
P178359401;P178359401_32;AF;9020;1240;0;10020;2440;975
P172359403;P172359403_1;A;0;1240;0;1600;2440;2700
P172359403;P172359403_2;B;0;0;0;1600;1200;2700
P172359403;P172359403_3;C;1600;0;0;3200;1200;2700
P172359403;P172359403_4;D;1600;1240;0;3200;2440;2700
P172359403;P172359403_5;E;3200;1660;0;3770;2440;478
P172359403;P172359403_6;F;3200;0;0;4400;1600;2700
P172359403;P172359403_7;G;3770;1660;0;4340;2440;1771
P172359403;P172359403_8;H;4340;1660;0;4910;2440;1771
P172359403;P172359403_9;I;4400;0;0;5600;1600;2700
P172359403;P172359403_10;J;4910;1660;0;5480;2440;1771
P172359403;P172359403_11;K;5480;1660;0;6050;2440;478
P172359403;P172359403_12;L;5600;0;0;6800;1600;2340
P172359403;P172359403_13;M;6800;1240;0;7800;2440;2700
P172359403;P172359403_14;N;6800;0;0;7800;1200;1815
P172359403;P172359403_15;O;7800;0;0;9400;1200;2865
P172359403;P172359403_16;P;7800;1240;0;9400;2440;2865
P172359403;P172359403_17;Q;9400;1240;0;11000;2440;2160
P172359403;P172359403_18;R;9400;0;0;10400;1200;2340
P172359403;P172359403_19;S;10400;0;0;11400;1200;2700
P172359403;P172359403_20;T;11000;1240;0;12000;2440;2160
P172359403;P172359403_21;U;11400;0;0;12410;1206;2755
P172359403;P172359403_22;V;12000;1234;0;13010;2440;2755
P172359403;P172359403_23;W;12410;0;0;13420;1206;2755
P171359401;P171359401_1;A;0;1234;0;1010;2440;2310
P171359401;P171359401_2;B;0;0;0;1000;1200;2700
P171359401;P171359401_3;C;1000;17;0;2000;1217;2700
P171359401;P171359401_4;D;1010;1660;0;1580;2440;1771
P171359401;P171359401_5;E;1580;1438;0;2150;2218;1771
P171359401;P171359401_6;F;2000;0;0;2570;780;1771
P171359401;P171359401_7;G;2150;780;0;2720;1560;1771
P171359401;P171359401_8;H;2150;1660;0;2720;2440;1771
P171359401;P171359401_9;I;2570;0;0;3140;780;1771
P171359401;P171359401_10;J;2720;780;0;3290;1560;1771
P171359401;P171359401_11;K;2720;1660;0;3290;2440;1771
P171359401;P171359401_12;L;3140;0;0;3710;780;1771
P171359401;P171359401_13;M;3290;780;0;3860;1560;1771
P171359401;P171359401_14;N;3290;1660;0;3860;2440;1771
P171359401;P171359401_15;O;3710;0;0;4280;780;1771
P171359401;P171359401_16;P;3860;1220;0;4430;2000;1771
P171359401;P171359401_17;Q;4280;220;0;4850;1000;1771
P171359401;P171359401_18;R;4430;1660;0;5000;2440;1771
P171359401;P171359401_19;S;4850;880;0;5420;1660;1771
P171359401;P171359401_20;T;4850;50;0;5420;830;1771
P171359401;P171359401_21;U;5000;1660;0;5570;2440;1771
P171359401;P171359401_22;V;5420;0;0;5990;780;1771
P171359401;P171359401_23;W;5420;780;0;5990;1560;1771
P171359401;P171359401_24;X;5570;1660;0;6140;2440;1771
P171359401;P171359401_25;Y;5990;0;0;7000;1206;2755
P171359401;P171359401_26;Z;6140;1660;0;6710;2440;1771
P171359401;P171359401_27;AA;6710;1660;0;7280;2440;1771
P171359401;P171359401_28;AB;7000;0;0;7570;780;1771
P171359401;P171359401_29;AC;7000;780;0;7570;1560;1771
P171359401;P171359401_30;AD;7280;1660;0;7850;2440;1771
P171359401;P171359401_31;AE;7570;0;0;8570;1200;2340
P171359401;P171359401_32;AF;7850;1240;0;8850;2440;2865
P171359401;P171359401_33;AG;8570;0;0;9570;1200;2865
P171359401;P171359401_34;AH;8850;1240;0;9850;2440;2160
P171359401;P171359401_35;AI;9570;0;0;10570;1200;2700
P171359401;P171359401_36;AJ;9850;1240;0;10850;2440;2790
P171359401;P171359401_37;AK;10570;0;0;11570;1200;2385
P171359401;P171359401_38;AL;10850;1660;0;11420;2440;1771
P171359401;P171359401_39;AM;11420;1240;0;12420;2440;2565
P171359401;P171359401_40;AN;11570;0;0;12570;1200;750
P178240609;P178240609_1;A;0;0;0;1600;1200;2520
P178240609;P178240609_2;B;0;1240;0;1600;2440;2700
P178240609;P178240609_3;C;1600;1240;0;3200;2440;2865
P178240609;P178240609_4;D;1600;0;0;3200;1200;2865
P178240609;P178240609_5;E;3200;0;0;4800;1200;2865
P178240609;P178240609_6;F;3200;1240;0;4800;2440;2865
P178240609;P178240609_7;G;4800;1240;0;6400;2440;2865
P178240609;P178240609_8;H;4800;0;0;6400;1200;2865
P178240609;P178240609_9;I;6400;0;0;8000;1200;2865
P178240609;P178240609_10;J;6400;1240;0;8000;2440;2865
P178240609;P178240609_11;K;8000;1240;0;9600;2440;2865
P178240609;P178240609_12;L;8000;0;0;9600;1200;2865
P178240609;P178240609_13;M;9600;0;0;11200;1200;2865
P178240609;P178240609_14;N;9600;1240;0;11200;2440;2865
P178240609;P178240609_15;O;11200;1240;0;12800;2440;2865
P178240609;P178240609_16;P;11200;0;0;12800;1200;2865
Q178240609_1;Q178240609_1_1;A;0;0;0;1600;1200;2865
Q178240609_1;Q178240609_1_2;B;0;1240;0;1600;2440;2865
Q178240609_1;Q178240609_1_3;C;1600;1240;0;3200;2440;2865
Q178240609_1;Q178240609_1_4;D;1600;0;0;3200;1200;2865
Q178240609_1;Q178240609_1_5;E;3200;0;0;4800;1200;2700
Q178240609_1;Q178240609_1_6;F;3200;1240;0;4800;2440;2700
Q178240609_1;Q178240609_1_7;G;4800;1240;0;6400;2440;930
Q178240609_1;Q178240609_1_8;H;4800;0;0;5370;780;1771
Q178240609_1;Q178240609_1_9;I;5370;0;0;5940;780;478
P174240607;P174240607_1;A;0;0;0;1600;1200;2865
P174240607;P174240607_2;B;0;1240;0;1600;2440;2865
P174240607;P174240607_3;C;1600;1240;0;3200;2440;2865
P174240607;P174240607_4;D;1600;0;0;3200;1200;2865
P174240607;P174240607_5;E;3200;0;0;4800;1200;2865
P174240607;P174240607_6;F;3200;1240;0;4800;2440;2865
P174240607;P174240607_7;G;4800;1240;0;6400;2440;2865
P174240607;P174240607_8;H;4800;0;0;6400;1200;2865
P174240607;P174240607_9;I;6400;0;0;8000;1200;2865
P174240607;P174240607_10;J;6400;1240;0;8000;2440;2865
P174240607;P174240607_11;K;8000;1240;0;9600;2440;2865
P174240607;P174240607_12;L;8000;0;0;9600;1200;2865
P174240607;P174240607_13;M;9600;0;0;11200;1200;2865
P174240607;P174240607_14;N;9600;1240;0;11200;2440;2700
P174240607;P174240607_15;O;11200;1234;0;12210;2440;2510
P174240607;P174240607_16;P;11200;0;0;12210;1206;2895
P174240607;P174240607_17;Q;12210;0;0;13416;1010;1155
P172240607;P172240607_1;A;0;0;0;1600;1200;2865
P172240607;P172240607_2;B;0;1240;0;1600;2440;2865
P172240607;P172240607_3;C;1600;1240;0;3200;2440;2865
P172240607;P172240607_4;D;1600;0;0;3200;1200;2865
P172240607;P172240607_5;E;3200;0;0;4800;1200;2865
P172240607;P172240607_6;F;3200;1240;0;4800;2440;2865
P172240607;P172240607_7;G;4800;1240;0;6400;2440;2865
P172240607;P172240607_8;H;4800;0;0;6400;1200;2865
P172240607;P172240607_9;I;6400;0;0;8000;1200;2865
P172240607;P172240607_10;J;6400;1240;0;8000;2440;2865
P172240607;P172240607_11;K;8000;1240;0;9600;2440;2865
P172240607;P172240607_12;L;8000;0;0;9600;1200;2865
P172240607;P172240607_13;M;9600;0;0;11200;1200;2340
P172240607;P172240607_14;N;9600;1240;0;11200;2440;2865
P172240607;P172240607_15;O;11200;1240;0;12800;2440;2865
P172240607;P172240607_16;P;11200;0;0;12210;1206;385
P171240609;P171240609_1;A;0;0;0;1600;1200;2700
P171240609;P171240609_2;B;0;1240;0;1600;2440;2865
P171240609;P171240609_3;C;1600;1240;0;3200;2440;2865
P171240609;P171240609_4;D;1600;0;0;3200;1200;2865
P171240609;P171240609_5;E;3200;0;0;4800;1200;2160
P171240609;P171240609_6;F;3200;1240;0;4800;2440;2520
P171240609;P171240609_7;G;4800;1240;0;6400;2440;2520
P171240609;P171240609_8;H;4800;0;0;6400;1200;2520
P171240609;P171240609_9;I;6400;0;0;8000;1200;2865
P171240609;P171240609_10;J;6400;1240;0;8000;2440;2865
P171240609;P171240609_11;K;8000;1240;0;9600;2440;2160
P171240609;P171240609_12;L;8000;0;0;9600;1200;2865
P171240609;P171240609_13;M;9600;0;0;11200;1200;2160
P171240609;P171240609_14;N;9600;1660;0;10170;2440;1771
P171240609;P171240609_15;O;10170;1660;0;10740;2440;1771
P171240609;P171240609_16;P;10740;1660;0;11310;2440;1340
P178243541;P178243541_1;A;0;1240;0;1000;2440;1905
P178243541;P178243541_2;B;0;0;0;1000;1200;2865
P178243541;P178243541_3;C;1000;0;0;2000;1200;2865
P178243541;P178243541_4;D;1000;1240;0;2000;2440;2610
P178243541;P178243541_5;E;2000;1240;0;3000;2440;2835
P178243541;P178243541_6;F;2000;0;0;3000;1200;2835
P178243541;P178243541_7;G;3000;0;0;4000;1200;2835
P178243541;P178243541_8;H;3000;1240;0;4000;2440;975
P178243541;P178243541_9;I;4000;1234;0;5010;2440;2636
P178243541;P178243541_10;J;4000;0;0;5010;1206;2655
P178243541;P178243541_11;K;5010;0;0;6020;1206;2751
P178243541;P178243541_12;L;5010;1234;0;6020;2440;2540
P178243541;P178243541_13;M;6020;1234;0;7030;2440;2847
P178243541;P178243541_14;N;6020;0;0;7020;1200;2160
P178243541;P178243541_15;O;7020;0;0;8020;1200;2835
P178243541;P178243541_16;P;7030;1240;0;8030;2440;2835
P178243541;P178243541_17;Q;8020;0;0;9020;1200;975
P178243541;P178243541_18;R;8030;1240;0;9030;2440;2700
P178243541;P178243541_19;S;9020;0;0;10020;1200;2700
P178243541;P178243541_20;T;9030;1240;0;10030;2440;2700
P178243541;P178243541_21;U;10020;0;0;11020;1200;2700
P178243541;P178243541_22;V;10030;1240;0;11030;2440;2700
P178243541;P178243541_23;W;11020;0;0;12020;1200;2700
P178243541;P178243541_24;X;11030;1240;0;12030;2440;2700
P178243541;P178243541_25;Y;12020;0;0;13020;1200;2700
P178243541;P178243541_26;Z;12030;1240;0;13030;2440;930
P174243541;P174243541_1;A;0;1240;0;1000;2440;2835
P174243541;P174243541_2;B;0;0;0;1000;1200;975
P174243541;P174243541_3;C;1000;0;0;2000;1200;2610
P174243541;P174243541_4;D;1000;1240;0;2000;2440;2385
P174243541;P174243541_5;E;2000;1240;0;3000;2440;2385
P174243541;P174243541_6;F;2000;0;0;3000;1200;2835
P174243541;P174243541_7;G;3000;0;0;4000;1200;1905
P174243541;P174243541_8;H;3000;1234;0;4010;2440;2751
P174243541;P174243541_9;I;4000;0;0;5010;1206;2655
P174243541;P174243541_10;J;4010;1234;0;5020;2440;2751
P174243541;P174243541_11;K;5010;0;0;6020;1206;2151
P174243541;P174243541_12;L;5020;1240;0;6020;2440;1905
P174243541;P174243541_13;M;6020;1234;0;7030;2440;485
P174243541;P174243541_14;N;6020;0;0;7020;1200;2700
P174243541;P174243541_15;O;7020;0;0;8020;1200;2700
P174243541;P174243541_16;P;7030;1240;0;8030;2440;2700
P174243541;P174243541_17;Q;8020;0;0;9020;1200;2700
P174243541;P174243541_18;R;8030;1240;0;9030;2440;2700
P174243541;P174243541_19;S;9020;0;0;10020;1200;1815
P171243541;P171243541_1;A;0;1240;0;1000;2440;975
P171243541;P171243541_2;B;0;0;0;1000;1200;2865
P171243541;P171243541_3;C;1000;0;0;2000;1200;2865
P171243541;P171243541_4;D;1000;1240;0;2000;2440;2610
P171243541;P171243541_5;E;2000;1240;0;3000;2440;2835
P171243541;P171243541_6;F;2000;0;0;3000;1200;2835
P171243541;P171243541_7;G;3000;0;0;4000;1200;975
P171243541;P171243541_8;H;3000;1234;0;4010;2440;2540
P171243541;P171243541_9;I;4000;0;0;5010;1206;2655
P171243541;P171243541_10;J;4010;1234;0;5020;2440;2751
P171243541;P171243541_11;K;5010;0;0;6020;1206;2751
P171243541;P171243541_12;L;5020;1234;0;6030;2440;2055
P171243541;P171243541_13;M;6020;0;0;7030;1206;2362
P171243541;P171243541_14;N;6030;1240;0;7030;2440;2160
P171243541;P171243541_15;O;7030;1240;0;8030;2440;1905
P171243541;P171243541_16;P;7030;0;0;8030;1200;2700
P171243541;P171243541_17;Q;8030;0;0;9030;1200;2700
P171243541;P171243541_18;R;8030;1240;0;9030;2440;2700
P171243541;P171243541_19;S;9030;1240;0;10030;2440;2700
P171243541;P171243541_20;T;9030;0;0;10030;1200;2700
P171243541;P171243541_21;U;10030;0;0;11030;1200;2700
P171243541;P171243541_22;V;10030;1240;0;11030;2440;2700
P171243541;P171243541_23;W;11030;1240;0;12030;2440;2700
P171243541;P171243541_24;X;11030;0;0;12030;1200;930
P180160641;P180160641_1;A;0;617;0;1010;1823;2755
P180160641;P180160641_2;B;1010;1234;0;2020;2440;2755
P180160641;P180160641_3;C;1010;17;0;2010;1217;1455
P180160641;P180160641_4;D;2010;0;0;3010;1200;1455
P180160641;P180160641_5;E;2020;1240;0;3020;2440;1455
P180160641;P180160641_6;F;3010;0;0;4010;1200;1455
P180160641;P180160641_7;G;3020;1240;0;4020;2440;1455
P180160641;P180160641_8;H;4010;0;0;5010;1200;1455
P180160641;P180160641_9;I;4020;1234;0;5030;2440;2370
P180160641;P180160641_10;J;5010;0;0;6010;1200;2700
P180160641;P180160641_11;K;5030;1240;0;6030;2440;2790
P180160641;P180160641_12;L;6010;0;0;7010;1200;2835
P180160641;P180160641_13;M;6030;1240;0;7030;2440;1905
P180160641;P180160641_14;N;7010;0;0;9410;1200;955
P180160641;P180160641_15;O;7030;1240;0;9430;2440;955
P180160641;P180160641_16;P;9410;0;0;10410;1200;2835
P180160641;P180160641_17;Q;9430;1240;0;10430;2440;2835
P180160641;P180160641_18;R;10410;0;0;11410;1200;2835
P180160641;P180160641_19;S;10430;1240;0;11430;2440;2835
P180160641;P180160641_20;T;11410;0;0;12410;1200;2835
P180160641;P180160641_21;U;11430;1240;0;12430;2440;2835
P180160641;P180160641_22;V;12410;0;0;13410;1200;2835
P180160641;P180160641_23;W;12430;1240;0;13430;2440;2700
P177160641;P177160641_1;A;0;0;0;1010;1206;2340
P177160641;P177160641_2;B;0;1234;0;1010;2440;2370
P177160641;P177160641_3;C;1010;1234;0;2020;2440;1185
P177160641;P177160641_4;D;1010;0;0;2010;1200;1455
P177160641;P177160641_5;E;2010;0;0;3010;1200;1455
P177160641;P177160641_6;F;2020;1240;0;3020;2440;1455
P177160641;P177160641_7;G;3010;0;0;4010;1200;1455
P177160641;P177160641_8;H;3020;1240;0;4020;2440;1455
P177160641;P177160641_9;I;4010;0;0;5010;1200;1455
P177160641;P177160641_10;J;4020;1240;0;5020;2440;1455
P177160641;P177160641_11;K;5010;0;0;6010;1200;1455
P177160641;P177160641_12;L;5020;1234;0;6030;2440;2370
P177160641;P177160641_13;M;6010;0;0;7010;1200;2835
P177160641;P177160641_14;N;6030;1240;0;7030;2440;2835
P177160641;P177160641_15;O;7010;0;0;8010;1200;2790
P177160641;P177160641_16;P;7030;1660;0;7600;2440;1340
P177160641;P177160641_17;Q;7600;1240;0;10000;2440;955
P177160641;P177160641_18;R;8010;0;0;10410;1200;955
P177160641;P177160641_19;S;10000;1240;0;11000;2440;2835
P177160641;P177160641_20;T;10410;0;0;11410;1200;2835
P177160641;P177160641_21;U;11000;1240;0;12000;2440;2835
P177160641;P177160641_22;V;11410;0;0;12410;1200;2835
P177160641;P177160641_23;W;12000;1240;0;13000;2440;2835
P177160641;P177160641_24;X;12410;0;0;13410;1200;2745
P173160641;P173160641_1;A;0;0;0;1010;1206;2755
P173160641;P173160641_2;B;0;1240;0;1000;2440;1455
P173160641;P173160641_3;C;1000;1240;0;2000;2440;1455
P173160641;P173160641_4;D;1010;0;0;2010;1200;1455
P173160641;P173160641_5;E;2000;1240;0;3000;2440;1455
P173160641;P173160641_6;F;2010;0;0;3010;1200;1455
P173160641;P173160641_7;G;3000;1240;0;4000;2440;1455
P173160641;P173160641_8;H;3010;0;0;4020;1206;1185
P173160641;P173160641_9;I;4000;1240;0;5000;2440;2700
P173160641;P173160641_10;J;4020;0;0;5020;1200;2745
P173160641;P173160641_11;K;5000;1240;0;6000;2440;2835
P173160641;P173160641_12;L;5020;0;0;6020;1200;2745
P173160641;P173160641_13;M;6000;1240;0;7000;2440;930
P173160641;P173160641_14;N;6020;0;0;7020;1200;2745
P173160641;P173160641_15;O;7000;1240;0;9400;2440;955
P173160641;P173160641_16;P;7020;0;0;9420;1200;955
P173160641;P173160641_17;Q;9400;1240;0;10400;2440;2835
P173160641;P173160641_18;R;9420;0;0;10420;1200;2835
P173160641;P173160641_19;S;10400;1240;0;11400;2440;2835
P173160641;P173160641_20;T;10420;0;0;11420;1200;2835
P173160641;P173160641_21;U;11400;1240;0;12400;2440;2790
P173160641;P173160641_22;V;11420;0;0;12420;1200;2700
P173160641;P173160641_23;W;12400;1660;0;12970;2440;478
P170160641;P170160641_1;A;0;0;0;1010;1206;2340
P170160641;P170160641_2;B;0;1234;0;1010;2440;2370
P170160641;P170160641_3;C;1010;1234;0;2020;2440;1185
P170160641;P170160641_4;D;1010;0;0;2010;1200;1455
P170160641;P170160641_5;E;2010;0;0;3010;1200;1455
P170160641;P170160641_6;F;2020;1240;0;3020;2440;1455
P170160641;P170160641_7;G;3010;0;0;4010;1200;1455
P170160641;P170160641_8;H;3020;1240;0;4020;2440;1455
P170160641;P170160641_9;I;4010;0;0;5010;1200;1455
P170160641;P170160641_10;J;4020;1240;0;5020;2440;1455
P170160641;P170160641_11;K;5010;0;0;6010;1200;1455
P170160641;P170160641_12;L;5020;1234;0;6030;2440;2370
P170160641;P170160641_13;M;6010;0;0;7010;1200;2700
P170160641;P170160641_14;N;6030;1240;0;7030;2440;2790
P170160641;P170160641_15;O;7010;0;0;8010;1200;2835
P170160641;P170160641_16;P;7030;1240;0;8030;2440;1905
P170160641;P170160641_17;Q;8010;0;0;10410;1200;955
P170160641;P170160641_18;R;8030;1240;0;9030;2440;2835
P170160641;P170160641_19;S;9030;1240;0;10030;2440;2835
P170160641;P170160641_20;T;10030;1240;0;11030;2440;2835
P170160641;P170160641_21;U;10410;0;0;11410;1200;2835
P170160641;P170160641_22;V;11030;1240;0;12030;2440;2835
P170160641;P170160641_23;W;11410;0;0;12410;1200;2835
P170160641;P170160641_24;X;12030;1240;0;13030;2440;2700
P170160641;P170160641_25;Y;12410;0;0;13410;1200;930
P166160641;P166160641_1;A;0;0;0;1010;1206;2755
P166160641;P166160641_2;B;0;1206;0;1010;2412;1185
P166160641;P166160641_3;C;1010;1240;0;2010;2440;1455
P166160641;P166160641_4;D;1010;0;0;2010;1200;1455
P166160641;P166160641_5;E;2010;0;0;3010;1200;1455
P166160641;P166160641_6;F;2010;1240;0;3010;2440;1455
P166160641;P166160641_7;G;3010;1234;0;4020;2440;1185
P166160641;P166160641_8;H;3010;0;0;4010;1200;2700
P166160641;P166160641_9;I;4010;0;0;5010;1200;2835
P166160641;P166160641_10;J;4020;1240;0;5020;2440;975
P166160641;P166160641_11;K;5010;0;0;5580;780;909
P166160641;P166160641_12;L;5020;1240;0;6020;2440;2835
P166160641;P166160641_13;M;5580;0;0;6580;1200;2835
P166160641;P166160641_14;N;6020;1240;0;7020;2440;2835
P166160641;P166160641_15;O;6580;0;0;7580;1200;2835
P166160641;P166160641_16;P;7020;1240;0;8020;2440;2835
P166160641;P166160641_17;Q;7580;0;0;8580;1200;2700
P166160641;P166160641_18;R;8020;1240;0;10420;2440;955
P166160641;P166160641_19;S;8580;0;0;10980;1200;955
P208063403;P208063403_1;A;0;0;0;1010;1206;2852
P208063403;P208063403_2;B;0;1234;0;1010;2440;2852
P208063403;P208063403_3;C;1010;1234;0;2020;2440;2186
P208063403;P208063403_4;D;1010;0;0;2020;1206;2186
P208063403;P208063403_5;E;2020;0;0;3030;1206;2186
P208063403;P208063403_6;F;2020;1234;0;3030;2440;2186
P208063403;P208063403_7;G;3030;1234;0;4040;2440;2186
P208063403;P208063403_8;H;3030;0;0;4040;1206;2186
P208063403;P208063403_9;I;4040;0;0;5050;1206;2186
P208063403;P208063403_10;J;4040;1234;0;5050;2440;2186
P208063403;P208063403_11;K;5050;1234;0;6060;2440;2186
P208063403;P208063403_12;L;5050;0;0;6060;1206;2186
P208063403;P208063403_13;M;6060;0;0;7070;1206;2186
P208063403;P208063403_14;N;6060;1234;0;7070;2440;2186
P208063403;P208063403_15;O;7070;1234;0;8080;2440;2186
P208063403;P208063403_16;P;7070;0;0;8080;1206;2186
P208063403;P208063403_17;Q;8080;0;0;9090;1206;2186
P208063403;P208063403_18;R;8080;1234;0;9090;2440;2186
P208063403;P208063403_19;S;9090;1234;0;10100;2440;2186
P208063403;P208063403_20;T;9090;0;0;10090;1200;2835
P208063403;P208063403_21;U;10090;0;0;11090;1200;1905
P208063403;P208063403_22;V;10100;1240;0;11100;2440;2835
P208063403;P208063403_23;W;11090;0;0;12090;1200;2835
P208063403;P208063403_24;X;11100;1240;0;12100;2440;2835
P208063403;P208063403_25;Y;12090;0;0;13090;1200;2835
P208063403;P208063403_26;Z;12100;1240;0;13100;2440;2835
P206063401;P206063401_1;A;0;0;0;1010;1206;2548
P206063401;P206063401_2;B;0;1234;0;1010;2440;970
P206063401;P206063401_3;C;1010;1234;0;2020;2440;2186
P206063401;P206063401_4;D;1010;0;0;2020;1206;2186
P206063401;P206063401_5;E;2020;0;0;3030;1206;2186
P206063401;P206063401_6;F;2020;1234;0;3030;2440;2186
P206063401;P206063401_7;G;3030;1234;0;4040;2440;2186
P206063401;P206063401_8;H;3030;0;0;4040;1206;2186
P206063401;P206063401_9;I;4040;0;0;5050;1206;2186
P206063401;P206063401_10;J;4040;1234;0;5050;2440;2186
P206063401;P206063401_11;K;5050;1234;0;6060;2440;2186
P206063401;P206063401_12;L;5050;0;0;6060;1206;2186
P206063401;P206063401_13;M;6060;0;0;7070;1206;2186
P206063401;P206063401_14;N;6060;1234;0;7070;2440;1093
P206063401;P206063401_15;O;7070;1240;0;8070;2440;2835
P206063401;P206063401_16;P;7070;0;0;8070;1200;975
P206063401;P206063401_17;Q;8070;0;0;9070;1200;2835
P206063401;P206063401_18;R;8070;1240;0;9070;2440;2835
P206063401;P206063401_19;S;9070;1240;0;10070;2440;2835
P206063401;P206063401_20;T;9070;0;0;10070;1200;2835
P206063401;P206063401_21;U;10070;0;0;11070;1200;2835
P206063401;P206063401_22;V;10070;1240;0;11070;2440;2835
P206063401;P206063401_23;W;11070;1440;0;12270;2440;2835
P206063401;P206063401_24;X;11070;0;0;12070;1200;2835
P206063401;P206063401_25;Y;12070;0;0;13270;1000;2835
P201063403;P201063403_1;A;0;0;0;1010;1206;2548
P201063403;P201063403_2;B;0;1234;0;1010;2440;2729
P201063403;P201063403_3;C;1010;1234;0;2020;2440;2186
P201063403;P201063403_4;D;1010;0;0;2020;1206;1093
P201063403;P201063403_5;E;2020;0;0;3030;1206;2186
P201063403;P201063403_6;F;2020;1234;0;3030;2440;2186
P201063403;P201063403_7;G;3030;1234;0;4040;2440;2186
P201063403;P201063403_8;H;3030;0;0;4040;1206;2186
P201063403;P201063403_9;I;4040;0;0;5050;1206;2186
P201063403;P201063403_10;J;4040;1234;0;5050;2440;2186
P201063403;P201063403_11;K;5050;1234;0;6060;2440;2186
P201063403;P201063403_12;L;5050;0;0;6060;1206;2186
P201063403;P201063403_13;M;6060;0;0;7070;1206;2186
P201063403;P201063403_14;N;6060;1234;0;7070;2440;2186
P201063403;P201063403_15;O;7070;1234;0;8080;2440;2186
P201063403;P201063403_16;P;7070;0;0;8080;1206;2186
P201063403;P201063403_17;Q;8080;0;0;9090;1206;2186
P201063403;P201063403_18;R;8080;1234;0;9090;2440;2186
P201063403;P201063403_19;S;9090;1234;0;10100;2440;2186
P201063403;P201063403_20;T;9090;0;0;10100;1206;2186
P201063403;P201063403_21;U;10100;0;0;11110;1206;2186
P201063403;P201063403_22;V;10100;1234;0;11110;2440;2186
P201063403;P201063403_23;W;11110;1234;0;12120;2440;2186
P201063403;P201063403_24;X;11110;0;0;12110;1200;2835
P201063403;P201063403_25;Y;12110;0;0;13110;1200;1905
P201063403;P201063403_26;Z;12120;1240;0;13120;2440;2835
P199063401;P199063401_1;A;0;0;0;1010;1206;2548
P199063401;P199063401_2;B;0;1234;0;1010;2440;1093
P199063401;P199063401_3;C;1010;1234;0;2020;2440;2186
P199063401;P199063401_4;D;1010;0;0;2020;1206;2186
P199063401;P199063401_5;E;2020;0;0;3030;1206;2186
P199063401;P199063401_6;F;2020;1234;0;3030;2440;2186
P199063401;P199063401_7;G;3030;1234;0;4040;2440;2186
P199063401;P199063401_8;H;3030;0;0;4040;1206;2186
P199063401;P199063401_9;I;4040;0;0;5050;1206;2186
P199063401;P199063401_10;J;4040;1234;0;5050;2440;2186
P199063401;P199063401_11;K;5050;1240;0;6050;2440;1905
P199063401;P199063401_12;L;5050;0;0;6050;1200;2835
P199063401;P199063401_13;M;6050;0;0;7050;1200;2835
P199063401;P199063401_14;N;6050;1240;0;7050;2440;2835
P199063401;P199063401_15;O;7050;1240;0;8050;2440;2835
P199063401;P199063401_16;P;7050;0;0;8050;1200;2835
P199063401;P199063401_17;Q;8050;0;0;9050;1200;2835
P199063401;P199063401_18;R;8050;1240;0;9050;2440;2835
P199063401;P199063401_19;S;9050;1240;0;10050;2440;2835
P199063401;P199063401_20;T;9050;0;0;10050;1200;2835
P199063401;P199063401_21;U;10050;0;0;11050;1200;2835
P199063401;P199063401_22;V;10050;1240;0;11050;2440;2835
P199063401;P199063401_23;W;11050;1240;0;12050;2440;2835
P199063401;P199063401_24;X;11050;0;0;12050;1200;2835
P199063401;P199063401_25;Y;12050;0;0;13250;1000;2835
P199063401;P199063401_26;Z;12050;1240;0;13050;2440;2835
P194063403;P194063403_1;A;0;0;0;1010;1206;2671
P194063403;P194063403_2;B;0;1234;0;1010;2440;2063
P194063403;P194063403_3;C;1010;1234;0;2020;2440;2186
P194063403;P194063403_4;D;1010;0;0;2020;1206;2186
P194063403;P194063403_5;E;2020;0;0;3030;1206;2186
P194063403;P194063403_6;F;2020;1234;0;3030;2440;2186
P194063403;P194063403_7;G;3030;1234;0;4040;2440;2186
P194063403;P194063403_8;H;3030;0;0;4040;1206;2186
P194063403;P194063403_9;I;4040;0;0;5050;1206;2186
P194063403;P194063403_10;J;4040;1234;0;5050;2440;2186
P194063403;P194063403_11;K;5050;1234;0;6060;2440;2186
P194063403;P194063403_12;L;5050;0;0;6060;1206;2186
P194063403;P194063403_13;M;6060;0;0;7070;1206;2186
P194063403;P194063403_14;N;6060;1234;0;7070;2440;2186
P194063403;P194063403_15;O;7070;1234;0;8080;2440;2186
P194063403;P194063403_16;P;7070;0;0;8080;1206;2186
P194063403;P194063403_17;Q;8080;0;0;9090;1206;2186
P194063403;P194063403_18;R;8080;1234;0;9090;2440;2186
P194063403;P194063403_19;S;9090;1240;0;10090;2440;2835
P194063403;P194063403_20;T;9090;0;0;10090;1200;2835
P194063403;P194063403_21;U;10090;0;0;11090;1200;2835
P194063403;P194063403_22;V;10090;1240;0;11090;2440;2835
P194063403;P194063403_23;W;11090;1440;0;12290;2440;2835
P194063403;P194063403_24;X;11090;0;0;12090;1200;2835
P194063403;P194063403_25;Y;12090;0;0;13290;1000;2835
P194063403;P194063403_26;Z;12290;1440;0;13490;2440;1905
P187063403;P187063403_1;A;0;0;0;1010;1206;2852
P187063403;P187063403_2;B;0;1234;0;1010;2440;2671
P187063403;P187063403_3;C;1010;1234;0;2020;2440;2186
P187063403;P187063403_4;D;1010;0;0;2020;1206;2186
P187063403;P187063403_5;E;2020;0;0;3030;1206;2186
P187063403;P187063403_6;F;2020;1234;0;3030;2440;2186
P187063403;P187063403_7;G;3030;1234;0;4040;2440;2186
P187063403;P187063403_8;H;3030;0;0;4040;1206;2186
P187063403;P187063403_9;I;4040;0;0;5050;1206;2186
P187063403;P187063403_10;J;4040;1234;0;5050;2440;2186
P187063403;P187063403_11;K;5050;1234;0;6060;2440;2186
P187063403;P187063403_12;L;5050;0;0;6060;1206;2186
P187063403;P187063403_13;M;6060;0;0;7070;1206;2186
P187063403;P187063403_14;N;6060;1234;0;7070;2440;2186
P187063403;P187063403_15;O;7070;1240;0;8070;2440;2835
P187063403;P187063403_16;P;7070;0;0;8070;1200;2835
P187063403;P187063403_17;Q;8070;0;0;9070;1200;2835
P187063403;P187063403_18;R;8070;1240;0;9070;2440;2835
P187063403;P187063403_19;S;9070;1240;0;10070;2440;2835
P187063403;P187063403_20;T;9070;0;0;10070;1200;2835
P187063403;P187063403_21;U;10070;0;0;11070;1200;2835
P187063403;P187063403_22;V;10070;1240;0;11070;2440;2835
P187063403;P187063403_23;W;11070;1440;0;12270;2440;2835
P187063403;P187063403_24;X;11070;0;0;12070;1200;2835
P187063403;P187063403_25;Y;12070;0;0;13270;1000;2835
P187063403;P187063403_26;Z;12270;1440;0;13470;2440;2835
Q187063403_1;Q187063403_1_1;A;0;1234;0;1010;2440;2671
Q187063403_1;Q187063403_1_2;B;0;0;0;1010;1206;2671
Q187063403_1;Q187063403_1_3;C;1010;0;0;2020;1206;2186
Q187063403_1;Q187063403_1_4;D;1010;1234;0;2020;2440;2186
Q187063403_1;Q187063403_1_5;E;2020;1234;0;3030;2440;2186
Q187063403_1;Q187063403_1_6;F;2020;0;0;3030;1206;2186
Q187063403_1;Q187063403_1_7;G;3030;0;0;4040;1206;2186
Q187063403_1;Q187063403_1_8;H;3030;1234;0;4040;2440;2186
Q187063403_1;Q187063403_1_9;I;4040;1234;0;5050;2440;2186
Q187063403_1;Q187063403_1_10;J;4040;0;0;5050;1206;2186
Q187063403_1;Q187063403_1_11;K;5050;0;0;6060;1206;2186
Q187063403_1;Q187063403_1_12;L;5050;1234;0;6060;2440;2186
Q187063403_1;Q187063403_1_13;M;6060;1234;0;7070;2440;2186
Q187063403_1;Q187063403_1_14;N;6060;0;0;7070;1206;2186
Q187063403_1;Q187063403_1_15;O;7070;0;0;8080;1206;2186
Q187063403_1;Q187063403_1_16;P;7070;1234;0;8080;2440;2186
Q187063403_1;Q187063403_1_17;Q;8080;1234;0;9090;2440;2186
Q187063403_1;Q187063403_1_18;R;8080;0;0;9090;1206;2186
Q187063403_1;Q187063403_1_19;S;9090;0;0;10100;1206;2186
Q187063403_1;Q187063403_1_20;T;9090;1234;0;10100;2440;2186
Q187063403_1;Q187063403_1_21;U;10100;1240;0;11100;2440;1905
Q187063403_1;Q187063403_1_22;V;10100;0;0;11100;1200;2835
Q187063403_1;Q187063403_1_23;W;11100;0;0;12300;1000;2835
Q187063403_1;Q187063403_1_24;X;11100;1240;0;12100;2440;2835
Q187063403_1;Q187063403_1_25;Y;12100;1440;0;13300;2440;2835
Q187063403_1;Q187063403_1_26;Z;12300;0;0;13500;1000;2835
P185063401;P185063401_1;A;0;0;0;1010;1206;2671
P185063401;P185063401_2;B;0;1234;0;1010;2440;789
P185063401;P185063401_3;C;1010;1234;0;2020;2440;2186
P185063401;P185063401_4;D;1010;0;0;2020;1206;2186
P185063401;P185063401_5;E;2020;0;0;3030;1206;2186
P185063401;P185063401_6;F;2020;1234;0;3030;2440;2186
P185063401;P185063401_7;G;3030;1234;0;4040;2440;2186
P185063401;P185063401_8;H;3030;0;0;4040;1206;2186
P185063401;P185063401_9;I;4040;0;0;5050;1206;2186
P185063401;P185063401_10;J;4040;1234;0;5050;2440;2186
P185063401;P185063401_11;K;5050;1234;0;6060;2440;2186
P185063401;P185063401_12;L;5050;0;0;6060;1206;2186
P185063401;P185063401_13;M;6060;0;0;7070;1206;2186
P185063401;P185063401_14;N;6060;1234;0;7070;2440;2186
P185063401;P185063401_15;O;7070;1234;0;8080;2440;1093
P185063401;P185063401_16;P;7070;0;0;8070;1200;2835
P185063401;P185063401_17;Q;8070;0;0;9070;1200;2835
P185063401;P185063401_18;R;8080;1240;0;9080;2440;2835
P185063401;P185063401_19;S;9070;0;0;10070;1200;2835
P185063401;P185063401_20;T;9080;1240;0;10080;2440;2835
P185063401;P185063401_21;U;10070;0;0;11070;1200;2835
P185063401;P185063401_22;V;10080;1240;0;11080;2440;2835
P185063401;P185063401_23;W;11070;0;0;12070;1200;2835
P185063401;P185063401_24;X;11080;1240;0;12080;2440;2835
P185063401;P185063401_25;Y;12070;0;0;13070;1200;2835
P185063401;P185063401_26;Z;12080;1240;0;13080;2440;975
P178241201;P178241201_1;A;0;1240;0;1600;2440;2700
P178241201;P178241201_2;B;0;0;0;1600;1200;2700
P178241201;P178241201_3;C;1600;0;0;3200;1200;2700
P178241201;P178241201_4;D;1600;1240;0;3200;2440;2700
P178241201;P178241201_5;E;3200;1240;0;4800;2440;2700
P178241201;P178241201_6;F;3200;0;0;4800;1200;2700
P178241201;P178241201_7;G;4800;0;0;6400;1200;2700
P178241201;P178241201_8;H;4800;1240;0;6400;2440;2700
P178241201;P178241201_9;I;6400;1240;0;8000;2440;2700
P178241201;P178241201_10;J;6400;0;0;8000;1200;2700
P178241201;P178241201_11;K;8000;0;0;9600;1200;2700
P178241201;P178241201_12;L;8000;1240;0;9600;2440;2700
P178241201;P178241201_13;M;9600;1240;0;11200;2440;2700
P178241201;P178241201_14;N;9600;0;0;11200;1200;2700
P178241201;P178241201_15;O;11200;0;0;12200;1200;2535
P178241201;P178241201_16;P;11200;1240;0;12200;2440;2525
P178241201;P178241201_17;Q;12200;1440;0;13400;2440;1780
P178241201;P178241201_18;R;12200;0;0;13400;1000;890
P177241201;P177241201_1;A;0;0;0;1600;1200;2700
P177241201;P177241201_2;B;0;1240;0;1600;2440;2700
P177241201;P177241201_3;C;1600;1240;0;3200;2440;2700
P177241201;P177241201_4;D;1600;0;0;3200;1200;2700
P177241201;P177241201_5;E;3200;0;0;4800;1200;2700
P177241201;P177241201_6;F;3200;1240;0;4800;2440;2700
P177241201;P177241201_7;G;4800;1240;0;6400;2440;2700
P177241201;P177241201_8;H;4800;0;0;6400;1200;2700
P177241201;P177241201_9;I;6400;0;0;8000;1200;2700
P177241201;P177241201_10;J;6400;1240;0;8000;2440;2700
P177241201;P177241201_11;K;8000;1240;0;9600;2440;2700
P177241201;P177241201_12;L;8000;0;0;9600;1200;2700
P177241201;P177241201_13;M;9600;0;0;11200;1200;1815
P177241201;P177241201_14;N;9600;1240;0;10600;2440;2280
P177241201;P177241201_15;O;10600;1240;0;11600;2440;890
P177241201;P177241201_16;P;11200;0;0;12200;1200;445
P173241203;P173241203_1;A;0;1240;0;1600;2440;2700
P173241203;P173241203_2;B;0;0;0;1600;1200;2700
P173241203;P173241203_3;C;1600;0;0;3200;1200;2700
P173241203;P173241203_4;D;1600;1240;0;3200;2440;2700
P173241203;P173241203_5;E;3200;1240;0;4800;2440;2700
P173241203;P173241203_6;F;3200;0;0;4800;1200;2700
P173241203;P173241203_7;G;4800;0;0;6400;1200;2700
P173241203;P173241203_8;H;4800;1240;0;6400;2440;2700
P173241203;P173241203_9;I;6400;1240;0;7400;2440;890
P173241203;P173241203_10;J;6400;0;0;7400;1200;2775
P173241203;P173241203_11;K;7400;0;0;8400;1200;2775
P173241203;P173241203_12;L;7400;1240;0;8400;2440;1970
P173241203;P173241203_13;M;8400;1300;0;9380;2440;2580
P173241203;P173241203_14;N;8400;0;0;9380;1140;2580
P173241203;P173241203_15;O;9380;0;0;10360;1140;2580
P173241203;P173241203_16;P;9380;1300;0;10360;2440;2580
P173241203;P173241203_17;Q;10360;1300;0;11340;2440;860
P173241203;P173241203_18;R;10360;0;0;11360;1200;2895
P173241203;P173241203_19;S;11340;1240;0;12340;2440;2775
P173241203;P173241203_20;T;11360;0;0;12360;1200;1970
P173241203;P173241203_21;U;12340;1240;0;13340;2440;2090
P171241201;P171241201_1;A;0;1240;0;1600;2440;2700
P171241201;P171241201_2;B;0;0;0;1600;1200;2700
P171241201;P171241201_3;C;1600;0;0;3200;1200;2700
P171241201;P171241201_4;D;1600;1200;0;3200;2400;2700
P171241201;P171241201_5;E;3200;1240;0;4800;2440;2700
P171241201;P171241201_6;F;3200;0;0;4800;1200;2700
P171241201;P171241201_7;G;4800;0;0;6400;1200;2700
P171241201;P171241201_8;H;4800;1240;0;6400;2440;2700
P171241201;P171241201_9;I;6400;0;0;8000;1200;2700
P171241201;P171241201_10;J;6400;1240;0;8000;2440;2700
P171241201;P171241201_11;K;8000;1240;0;9600;2440;2700
P171241201;P171241201_12;L;8000;0;0;9600;1200;2700
P171241201;P171241201_13;M;9600;0;0;11200;1200;2700
P171241201;P171241201_14;N;9600;1240;0;11200;2440;2700
P171241201;P171241201_15;O;11200;1240;0;12200;2440;2870
P171241201;P171241201_16;P;11200;0;0;12200;1200;2870
P171241201;P171241201_17;Q;12200;0;0;13400;1000;2825
P171241201;P171241201_18;R;12200;1440;0;13400;2440;2090
P167241201;P167241201_1;A;0;0;0;1600;1200;2700
P167241201;P167241201_2;B;0;1200;0;1600;2400;2700
P167241201;P167241201_3;C;1600;1240;0;3200;2440;2700
P167241201;P167241201_4;D;1600;0;0;3200;1200;2700
P167241201;P167241201_5;E;3200;0;0;4800;1200;2700
P167241201;P167241201_6;F;3200;1200;0;4800;2400;2700
P167241201;P167241201_7;G;4800;1240;0;6400;2440;2700
P167241201;P167241201_8;H;4800;0;0;6400;1200;2700
P167241201;P167241201_9;I;6400;0;0;8000;1200;2700
P167241201;P167241201_10;J;6400;1200;0;8000;2400;2700
P167241201;P167241201_11;K;8000;1240;0;9600;2440;2700
P167241201;P167241201_12;L;8000;0;0;9600;1200;2700
P167241201;P167241201_13;M;9600;0;0;10600;1200;2725
P167241201;P167241201_14;N;9600;1200;0;10600;2400;2670
P167241201;P167241201_15;O;10600;1240;0;11600;2440;2570
P167241201;P167241201_16;P;10600;0;0;11600;1200;2670
P167241201;P167241201_17;Q;11600;0;0;12600;1200;1780
P167241201;P167241201_18;R;11600;1200;0;12600;2400;1780
P166241203;P166241203_1;A;0;0;0;1600;1200;2700
P166241203;P166241203_2;B;0;1200;0;1600;2400;2700
P166241203;P166241203_3;C;1600;1240;0;3200;2440;2700
P166241203;P166241203_4;D;1600;0;0;3200;1200;2700
P166241203;P166241203_5;E;3200;0;0;4800;1200;2700
P166241203;P166241203_6;F;3200;1200;0;4800;2400;2700
P166241203;P166241203_7;G;4800;1240;0;6400;2440;2700
P166241203;P166241203_8;H;4800;0;0;6400;1200;2700
P166241203;P166241203_9;I;6400;0;0;8000;1200;2700
P166241203;P166241203_10;J;6400;1240;0;8000;2440;2700
P166241203;P166241203_11;K;8000;1240;0;9600;2440;1815
P166241203;P166241203_12;L;8000;0;0;9000;1200;445
P178244305;P178244305_1;A;0;1234;0;1010;2440;2755
P178244305;P178244305_2;B;0;0;0;1010;1206;2655
P178244305;P178244305_3;C;1010;0;0;2020;1206;2855
P178244305;P178244305_4;D;1010;1234;0;2020;2440;2755
P178244305;P178244305_5;E;2020;1234;0;3030;2440;2555
P178244305;P178244305_6;F;2020;0;0;3030;1206;2555
P178244305;P178244305_7;G;3030;0;0;4040;1206;2170
P178244305;P178244305_8;H;3030;1240;0;4030;2440;2835
P178244305;P178244305_9;I;4030;1240;0;5030;2440;2835
P178244305;P178244305_10;J;4040;0;0;5040;1200;2835
P178244305;P178244305_11;K;5030;1240;0;6030;2440;2835
P178244305;P178244305_12;L;5040;0;0;6040;1200;2835
P178244305;P178244305_13;M;6030;1240;0;7030;2440;2835
P178244305;P178244305_14;N;6040;0;0;7040;1200;2835
P178244305;P178244305_15;O;7030;1240;0;8030;2440;2835
P178244305;P178244305_16;P;7040;0;0;8040;1200;2835
P178244305;P178244305_17;Q;8030;1240;0;9030;2440;2835
P178244305;P178244305_18;R;8040;0;0;9040;1200;2835
P178244305;P178244305_19;S;9030;1240;0;10030;2440;2835
P178244305;P178244305_20;T;9040;0;0;10040;1200;2835
P178244305;P178244305_21;U;10030;1240;0;11030;2440;2835
P178244305;P178244305_22;V;10040;0;0;11040;1200;2835
P178244305;P178244305_23;W;11030;1240;0;12030;2440;2835
P178244305;P178244305_24;X;11040;0;0;12040;1200;2835
P178244305;P178244305_25;Y;12030;1240;0;13030;2440;2835
P178244305;P178244305_26;Z;12040;0;0;13050;1206;770
P177244307;P177244307_1;A;0;0;0;1010;1206;2340
P177244307;P177244307_2;B;0;1234;0;1010;2440;2170
P177244307;P177244307_3;C;1010;1234;0;2020;2440;2270
P177244307;P177244307_4;D;1010;0;0;2020;1206;2170
P177244307;P177244307_5;E;2020;0;0;3030;1206;2270
P177244307;P177244307_6;F;2020;1234;0;3030;2440;2170
P177244307;P177244307_7;G;3030;1234;0;4040;2440;2170
P177244307;P177244307_8;H;3030;0;0;4040;1206;2170
P177244307;P177244307_9;I;4040;0;0;5050;1206;2170
P177244307;P177244307_10;J;4040;1234;0;5050;2440;2170
P177244307;P177244307_11;K;5050;1240;0;6050;2440;2835
P177244307;P177244307_12;L;5050;0;0;6050;1200;2835
P177244307;P177244307_13;M;6050;0;0;7060;1206;2170
P177244307;P177244307_14;N;6050;1234;0;7060;2440;2170
P177244307;P177244307_15;O;7060;1234;0;8070;2440;1085
P177244307;P177244307_16;P;7060;0;0;8060;1200;2835
P177244307;P177244307_17;Q;8060;0;0;9060;1200;2835
P177244307;P177244307_18;R;8070;1240;0;9070;2440;2835
P177244307;P177244307_19;S;9060;0;0;10060;1200;2835
P177244307;P177244307_20;T;9070;1240;0;10070;2440;2835
P173244303;P173244303_1;A;0;1234;0;1010;2440;2170
P173244303;P173244303_2;B;0;0;0;1010;1206;2440
P173244303;P173244303_3;C;1010;0;0;2020;1206;2370
P173244303;P173244303_4;D;1010;1234;0;2020;2440;2270
P173244303;P173244303_5;E;2020;1234;0;3030;2440;2555
P173244303;P173244303_6;F;2020;0;0;3030;1206;2170
P173244303;P173244303_7;G;3030;0;0;4040;1206;2270
P173244303;P173244303_8;H;3030;1234;0;4040;2440;2170
P173244303;P173244303_9;I;4040;1234;0;5050;2440;2155
P173244303;P173244303_10;J;4040;0;0;5040;1200;2835
P173244303;P173244303_11;K;5040;0;0;6040;1200;2835
P173244303;P173244303_12;L;5050;1240;0;6050;2440;2835
P173244303;P173244303_13;M;6040;0;0;7040;1200;2835
P173244303;P173244303_14;N;6050;1240;0;7050;2440;2835
P173244303;P173244303_15;O;7040;0;0;8040;1200;2835
P173244303;P173244303_16;P;7050;1240;0;8050;2440;2835
P173244303;P173244303_17;Q;8040;0;0;9040;1200;2835
P173244303;P173244303_18;R;8050;1240;0;9050;2440;2835
P173244303;P173244303_19;S;9040;0;0;10040;1200;2835
P173244303;P173244303_20;T;9050;1240;0;10050;2440;2835
P173244303;P173244303_21;U;10040;0;0;11040;1200;2835
P173244303;P173244303_22;V;10050;1240;0;11050;2440;2835
P173244303;P173244303_23;W;11040;0;0;12040;1200;2835
P173244303;P173244303_24;X;11050;1240;0;12050;2440;2835
P173244303;P173244303_25;Y;12040;0;0;13040;1200;2835
P173244303;P173244303_26;Z;12050;1240;0;13050;2440;2835
Q173244303_1;Q173244303_1_1;A;0;0;0;1000;1200;2835
Q173244303_1;Q173244303_1_2;B;0;1240;0;1000;2440;2835
Q173244303_1;Q173244303_1_3;C;1000;1240;0;2000;2440;2835
Q173244303_1;Q173244303_1_4;D;1000;0;0;2000;1200;2835
Q173244303_1;Q173244303_1_5;E;2000;0;0;3000;1200;2835
Q173244303_1;Q173244303_1_6;F;2000;1240;0;3000;2440;975
Q173244303_1;Q173244303_1_7;G;3000;1234;0;4010;2440;2170
Q173244303_1;Q173244303_1_8;H;3000;0;0;4010;1206;2170
Q173244303_1;Q173244303_1_9;I;4010;0;0;5020;1206;2170
Q173244303_1;Q173244303_1_10;J;4010;1234;0;5020;2440;2170
Q173244303_1;Q173244303_1_11;K;5020;1234;0;6030;2440;2170
Q173244303_1;Q173244303_1_12;L;5020;0;0;6030;1206;1085
P177161501;P177161501_1;A;0;1234;0;1010;2440;2880
P177161501;P177161501_2;B;0;14;0;1010;1220;2940
P177161501;P177161501_3;C;1010;0;0;2020;1206;2755
P177161501;P177161501_4;D;1010;1220;0;2020;2426;2955
P177161501;P177161501_5;E;2020;1234;0;3030;2440;2370
P177161501;P177161501_6;F;2020;0;0;3030;1206;2355
P177161501;P177161501_7;G;3030;0;0;4040;1206;2370
P177161501;P177161501_8;H;3030;1234;0;4040;2440;2370
P177161501;P177161501_9;I;4040;1234;0;5050;2440;2340
P177161501;P177161501_10;J;4040;0;0;5050;1206;2540
P177161501;P177161501_11;K;5050;0;0;6060;1206;2370
P177161501;P177161501_12;L;5050;1234;0;6060;2440;1970
P177161501;P177161501_13;M;6060;1234;0;7070;2440;2370
P177161501;P177161501_14;N;6060;0;0;7070;1206;2370
P177161501;P177161501_15;O;7070;0;0;8080;1206;2370
P177161501;P177161501_16;P;7070;1234;0;8080;2440;2370
P177161501;P177161501_17;Q;8080;1234;0;9090;2440;2370
P177161501;P177161501_18;R;8080;0;0;9080;1200;2835
P177161501;P177161501_19;S;9080;0;0;10080;1200;2835
P177161501;P177161501_20;T;9090;1240;0;10090;2440;2835
P177161501;P177161501_21;U;10080;0;0;11080;1200;2835
P177161501;P177161501_22;V;10090;1240;0;11090;2440;2835
P177161501;P177161501_23;W;11080;0;0;12080;1200;2835
P177161501;P177161501_24;X;11090;1240;0;12090;2440;975
P177161501;P177161501_25;Y;12080;0;0;13080;1200;2835
P173161503;P173161503_1;A;0;0;0;1010;1206;2370
P173161503;P173161503_2;B;0;1206;0;1010;2412;2370
P173161503;P173161503_3;C;1010;1234;0;2020;2440;2370
P173161503;P173161503_4;D;1010;0;0;2020;1206;2370
P173161503;P173161503_5;E;2020;0;0;3030;1206;1185
P173161503;P173161503_6;F;2020;1234;0;3030;2440;2825
P173161503;P173161503_7;G;3030;1234;0;4040;2440;2640
P173161503;P173161503_8;H;3030;0;0;4040;1206;2755
P173161503;P173161503_9;I;4040;0;0;5050;1206;2755
P173161503;P173161503_10;J;4040;1234;0;5050;2440;2370
P173161503;P173161503_11;K;5050;1234;0;6060;2440;2370
P173161503;P173161503_12;L;5050;0;0;6050;1200;2835
P173161503;P173161503_13;M;6050;0;0;7050;1200;2835
P173161503;P173161503_14;N;6060;1240;0;7060;2440;2835
P173161503;P173161503_15;O;7050;0;0;8050;1200;2835
P173161503;P173161503_16;P;7060;1240;0;8060;2440;2835
P173161503;P173161503_17;Q;8050;0;0;9050;1200;2610
P173161503;P173161503_18;R;8060;1240;0;9060;2440;2865
P173161503;P173161503_19;S;9050;0;0;10050;1200;2865
P173161503;P173161503_20;T;9060;1240;0;10060;2440;2865
P173161503;P173161503_21;U;10050;0;0;11050;1200;2865
P173161503;P173161503_22;V;10060;1240;0;11060;2440;2865
P173161503;P173161503_23;W;11050;0;0;12050;1200;2865
P173161503;P173161503_24;X;11060;1240;0;12060;2440;2835
P173161503;P173161503_25;Y;12050;0;0;13050;1200;2835
P173161503;P173161503_26;Z;12060;1240;0;13060;2440;2835
P170161501;P170161501_1;A;0;0;0;1010;1206;2740
P170161501;P170161501_2;B;0;1234;0;1010;2440;2755
P170161501;P170161501_3;C;1010;1234;0;2020;2440;2940
P170161501;P170161501_4;D;1010;0;0;2020;1206;2755
P170161501;P170161501_5;E;2020;0;0;3030;1206;2755
P170161501;P170161501_6;F;2020;1234;0;3030;2440;2755
P170161501;P170161501_7;G;3030;1234;0;4040;2440;2370
P170161501;P170161501_8;H;3030;0;0;4040;1206;2370
P170161501;P170161501_9;I;4040;0;0;5040;1200;2835
P170161501;P170161501_10;J;4040;1240;0;5040;2440;2835
P170161501;P170161501_11;K;5040;1240;0;6040;2440;2835
P170161501;P170161501_12;L;5040;0;0;6040;1200;2835
P170161501;P170161501_13;M;6040;0;0;7040;1200;2835
P170161501;P170161501_14;N;6040;1240;0;7040;2440;2385
P170161501;P170161501_15;O;7040;1240;0;8040;2440;2865
P170161501;P170161501_16;P;7040;0;0;8040;1200;2385
P170161501;P170161501_17;Q;8040;0;0;9040;1200;2835
P170161501;P170161501_18;R;8040;1240;0;9040;2440;2835
P170161501;P170161501_19;S;9040;1240;0;10040;2440;2835
P170161501;P170161501_20;T;9040;0;0;10040;1200;2835
P170161501;P170161501_21;U;10040;0;0;11040;1200;2835
P170161501;P170161501_22;V;10040;1240;0;11040;2440;2835
P170161501;P170161501_23;W;11040;1240;0;12040;2440;2865
P170161501;P170161501_24;X;11040;0;0;12040;1200;2865
Q170161501_1;Q170161501_1_1;A;0;0;0;1000;1200;2865
Q170161501_1;Q170161501_1_2;B;0;1240;0;1000;2440;750
Q170161501_1;Q170161501_1_3;C;1000;1240;0;2600;2440;930
Q170161501_1;Q170161501_1_4;D;1000;0;0;2000;1200;2835
Q170161501_1;Q170161501_1_5;E;2000;0;0;3000;1200;2835
Q170161501_1;Q170161501_1_6;F;2600;1240;0;3600;2440;1905
Q170161501_1;Q170161501_1_7;G;3000;0;0;4000;1200;2835
P179060703;P179060703_1;A;0;0;0;1000;1200;2835
P179060703;P179060703_2;B;0;1240;0;1000;2440;2835
P179060703;P179060703_3;C;1000;1240;0;2000;2440;2835
P179060703;P179060703_4;D;1000;0;0;2000;1200;2835
P179060703;P179060703_5;E;2000;0;0;3000;1200;2835
P179060703;P179060703_6;F;2000;1240;0;3000;2440;2835
P179060703;P179060703_7;G;3000;1234;0;4010;2440;2170
P179060703;P179060703_8;H;3000;0;0;4000;1200;1155
P179060703;P179060703_9;I;4000;0;0;5010;1206;2170
P179060703;P179060703_10;J;4010;1240;0;5010;2440;2835
P179060703;P179060703_11;K;5010;0;0;6010;1200;2835
P179060703;P179060703_12;L;5010;1240;0;6010;2440;2835
P179060703;P179060703_13;M;6010;1240;0;7010;2440;2835
P179060703;P179060703_14;N;6010;0;0;7010;1200;2835
P179060703;P179060703_15;O;7010;0;0;8010;1200;2835
P179060703;P179060703_16;P;7010;1240;0;8010;2440;2835
P179060703;P179060703_17;Q;8010;1240;0;9010;2440;975
P179060703;P179060703_18;R;8010;0;0;9020;1206;2755
P179060703;P179060703_19;S;9010;1234;0;10020;2440;2370
P179060703;P179060703_20;T;9020;0;0;10030;1206;2370
P179060703;P179060703_21;U;10020;1234;0;11030;2440;1185
P178060701;P178060701_1;A;0;0;0;1010;1206;2170
P178060701;P178060701_2;B;0;1234;0;1010;2440;2170
P178060701;P178060701_3;C;1010;1234;0;2020;2440;2170
P178060701;P178060701_4;D;1010;0;0;2020;1206;2170
P178060701;P178060701_5;E;2020;0;0;3030;1206;2170
P178060701;P178060701_6;F;2020;1234;0;3030;2440;2170
P178060701;P178060701_7;G;3030;1234;0;4040;2440;2170
P178060701;P178060701_8;H;3030;0;0;4040;1206;2170
P178060701;P178060701_9;I;4040;0;0;5050;1206;2170
P178060701;P178060701_10;J;4040;1234;0;5050;2440;2170
P178060701;P178060701_11;K;5050;1234;0;6060;2440;2170
P178060701;P178060701_12;L;5050;0;0;6060;1206;2170
P178060701;P178060701_13;M;6060;0;0;7070;1206;2170
P178060701;P178060701_14;N;6060;1234;0;7070;2440;2170
P178060701;P178060701_15;O;7070;1234;0;8080;2440;1085
P178060701;P178060701_16;P;7070;0;0;8080;1206;2170
P178060701;P178060701_17;Q;8080;0;0;9090;1206;1085
P178060701;P178060701_18;R;8080;1234;0;9090;2440;783
P178060701;P178060701_19;S;9090;1234;0;10100;2440;2655
P178060701;P178060701_20;T;9090;0;0;10100;1206;2170
P178060701;P178060701_21;U;10100;0;0;11110;1206;2170
P178060701;P178060701_22;V;10100;1234;0;11110;2440;2170
P178060701;P178060701_23;W;11110;1234;0;12120;2440;2170
P178060701;P178060701_24;X;11110;0;0;12120;1206;2170
P178060701;P178060701_25;Y;12120;0;0;13326;1010;2170
P178060701;P178060701_26;Z;12120;1430;0;13326;2440;2170
P172060703;P172060703_1;A;0;1240;0;1000;2440;2835
P172060703;P172060703_2;B;0;0;0;1000;1200;2835
P172060703;P172060703_3;C;1000;0;0;2000;1200;2835
P172060703;P172060703_4;D;1000;1240;0;2000;2440;2835
P172060703;P172060703_5;E;2000;1240;0;3000;2440;2835
P172060703;P172060703_6;F;2000;0;0;3000;1200;1905
P172060703;P172060703_7;G;3000;0;0;4010;1206;2170
P172060703;P172060703_8;H;3000;1234;0;4010;2440;2170
P172060703;P172060703_9;I;4010;1234;0;5020;2440;2170
P172060703;P172060703_10;J;4010;0;0;5010;1200;2835
P172060703;P172060703_11;K;5010;0;0;6010;1200;2835
P172060703;P172060703_12;L;5020;1240;0;6020;2440;2835
P172060703;P172060703_13;M;6010;0;0;7010;1200;2835
P172060703;P172060703_14;N;6020;1240;0;7020;2440;2835
P172060703;P172060703_15;O;7010;0;0;8010;1200;2835
P172060703;P172060703_16;P;7020;1240;0;8020;2440;2835
P172060703;P172060703_17;Q;8010;0;0;9010;1200;2835
P172060703;P172060703_18;R;8020;1240;0;9020;2440;2835
P172060703;P172060703_19;S;9010;0;0;10010;1200;2835
P172060703;P172060703_20;T;9020;1240;0;10020;2440;2835
P172060703;P172060703_21;U;10010;0;0;11020;1206;2755
P172060703;P172060703_22;V;10020;1234;0;11030;2440;2370
P172060703;P172060703_23;W;11020;0;0;12030;1206;2370
P172060703;P172060703_24;X;11030;1234;0;12040;2440;2370
P172060703;P172060703_25;Y;12030;0;0;13040;1206;2370
P172060703;P172060703_26;Z;12040;1234;0;13050;2440;2370
P171060701;P171060701_1;A;0;0;0;1010;1206;2170
P171060701;P171060701_2;B;0;1234;0;1010;2440;2170
P171060701;P171060701_3;C;1010;1234;0;2020;2440;2170
P171060701;P171060701_4;D;1010;0;0;2020;1206;2170
P171060701;P171060701_5;E;2020;0;0;3030;1206;2170
P171060701;P171060701_6;F;2020;1234;0;3030;2440;2170
P171060701;P171060701_7;G;3030;1234;0;4040;2440;2170
P171060701;P171060701_8;H;3030;0;0;4040;1206;2170
P171060701;P171060701_9;I;4040;0;0;5050;1206;2170
P171060701;P171060701_10;J;4040;1234;0;5050;2440;2170
P171060701;P171060701_11;K;5050;1234;0;6060;2440;2170
P171060701;P171060701_12;L;5050;0;0;6060;1206;2170
P171060701;P171060701_13;M;6060;0;0;7070;1206;2170
P171060701;P171060701_14;N;6060;1240;0;7060;2440;1155
P171060701;P171060701_15;O;7060;1234;0;8070;2440;2170
P171060701;P171060701_16;P;7070;0;0;8080;1206;783
P171060701;P171060701_17;Q;8070;1234;0;9080;2440;2170
P171060701;P171060701_18;R;8080;0;0;9090;1206;2170
P171060701;P171060701_19;S;9080;1234;0;10090;2440;2170
P171060701;P171060701_20;T;9090;0;0;10100;1206;2170
P171060701;P171060701_21;U;10090;1234;0;11100;2440;2170
P171060701;P171060701_22;V;10100;0;0;11110;1206;2170
P171060701;P171060701_23;W;11100;1234;0;12110;2440;2170
P171060701;P171060701_24;X;11110;0;0;12120;1206;2170
P171060701;P171060701_25;Y;12110;1234;0;13120;2440;2170
P171060701;P171060701_26;Z;12120;0;0;13130;1206;2170
P167060705;P167060705_1;A;0;0;0;1000;1200;2835
P167060705;P167060705_2;B;0;1240;0;1000;2440;2835
P167060705;P167060705_3;C;1000;1240;0;2000;2440;2835
P167060705;P167060705_4;D;1000;0;0;2000;1200;1905
P167060705;P167060705_5;E;2000;0;0;3000;1200;2835
P167060705;P167060705_6;F;2000;1240;0;3000;2440;2835
P167060705;P167060705_7;G;3000;1240;0;4000;2440;2835
P167060705;P167060705_8;H;3000;0;0;4000;1200;1905
P167060705;P167060705_9;I;4000;0;0;5010;1206;2170
P167060705;P167060705_10;J;4000;1234;0;5010;2440;2170
P167060705;P167060705_11;K;5010;1234;0;6020;2440;2170
P167060705;P167060705_12;L;5010;0;0;6020;1206;2170
P167060705;P167060705_13;M;6020;0;0;7030;1206;2170
P167060705;P167060705_14;N;6020;1234;0;7030;2440;2170
P167060705;P167060705_15;O;7030;1234;0;8040;2440;2170
P167060705;P167060705_16;P;7030;0;0;8040;1206;2170
P167060705;P167060705_17;Q;8040;0;0;9050;1206;2170
P167060705;P167060705_18;R;8040;1234;0;9050;2440;2170
P167060705;P167060705_19;S;9050;1234;0;10060;2440;2170
P167060705;P167060705_20;T;9050;0;0;10060;1206;2170
P167060705;P167060705_21;U;10060;0;0;11070;1206;2170
P167060705;P167060705_22;V;10060;1234;0;11070;2440;2170
P167060705;P167060705_23;W;11070;1430;0;12276;2440;2170
P167060705;P167060705_24;X;11070;0;0;12080;1206;2170
P167060705;P167060705_25;Y;12080;0;0;13286;1010;2170
P179161601;P179161601_1;A;0;0;0;1020;1220;1150
P179161601;P179161601_2;B;0;1220;0;1020;2440;1150
P179161601;P179161601_3;C;1020;1220;0;2040;2440;1150
P179161601;P179161601_4;D;1020;0;0;2040;1220;1150
P179161601;P179161601_5;E;2040;0;0;3060;1220;1150
P179161601;P179161601_6;F;2040;1220;0;3060;2440;1150
P179161601;P179161601_7;G;3060;1220;0;4080;2440;1150
P179161601;P179161601_8;H;3060;0;0;4080;1220;1150
P179161601;P179161601_9;I;4080;0;0;5100;1220;1150
P179161601;P179161601_10;J;4080;1220;0;5100;2440;1150
P179161601;P179161601_11;K;5100;1220;0;6120;2440;1150
P179161601;P179161601_12;L;5100;0;0;6120;1220;1150
P179161601;P179161601_13;M;6120;0;0;7140;1220;1150
P179161601;P179161601_14;N;6120;1220;0;7140;2440;1150
P179161601;P179161601_15;O;7140;1220;0;8160;2440;1150
P179161601;P179161601_16;P;7140;0;0;8160;1220;1150
P179161601;P179161601_17;Q;8160;0;0;9180;1220;1150
P179161601;P179161601_18;R;8160;1220;0;9180;2440;1150
P179161601;P179161601_19;S;9180;1220;0;10200;2440;1150
P179161601;P179161601_20;T;9180;0;0;10200;1220;1150
P179161601;P179161601_21;U;10200;0;0;11220;1220;1150
P179161601;P179161601_22;V;10200;1220;0;11220;2440;1150
P179161601;P179161601_23;W;11220;1220;0;12240;2440;1150
P179161601;P179161601_24;X;11220;0;0;12240;1220;1150
P179161601;P179161601_25;Y;12240;0;0;13460;1020;1150
P179161601;P179161601_26;Z;12240;1420;0;13460;2440;1150
P178161603;P178161603_1;A;0;0;0;1020;1220;1150
P178161603;P178161603_2;B;0;1220;0;1020;2440;1150
P178161603;P178161603_3;C;1020;610;0;2040;1830;1150
P178161603;P178161603_4;D;2040;1220;0;3060;2440;1150
P178161603;P178161603_5;E;2040;0;0;3060;1220;1150
P178161603;P178161603_6;F;3060;1220;0;4080;2440;1150
P178161603;P178161603_7;G;3060;0;0;4080;1220;1150
P178161603;P178161603_8;H;4080;0;0;5100;1220;1150
P178161603;P178161603_9;I;4080;1220;0;5100;2440;1150
P178161603;P178161603_10;J;5100;1220;0;6120;2440;1150
P178161603;P178161603_11;K;5100;0;0;6120;1220;1150
P178161603;P178161603_12;L;6120;0;0;7140;1220;1150
P178161603;P178161603_13;M;6120;1220;0;7140;2440;1150
P178161603;P178161603_14;N;7140;1220;0;8160;2440;1150
P178161603;P178161603_15;O;7140;0;0;8150;1206;2388
P178161603;P178161603_16;P;8150;0;0;9160;1206;2388
P178161603;P178161603_17;Q;8160;1234;0;9170;2440;2388
P178161603;P178161603_18;R;9160;0;0;10170;1206;2388
P178161603;P178161603_19;S;9170;1234;0;10180;2440;2388
P178161603;P178161603_20;T;10170;0;0;11180;1206;2388
P178161603;P178161603_21;U;10180;1234;0;11190;2440;2388
P178161603;P178161603_22;V;11180;0;0;12190;1206;2388
P177161601;P177161601_1;A;0;0;0;1020;1220;1150
P177161601;P177161601_2;B;0;1220;0;1020;2440;1150
P177161601;P177161601_3;C;1020;1220;0;2040;2440;1150
P177161601;P177161601_4;D;1020;0;0;2040;1220;1150
P177161601;P177161601_5;E;2040;0;0;3060;1220;1150
P177161601;P177161601_6;F;2040;1220;0;3060;2440;1150
P177161601;P177161601_7;G;3060;1220;0;4080;2440;1150
P177161601;P177161601_8;H;3060;0;0;4080;1220;1150
P177161601;P177161601_9;I;4080;0;0;5100;1220;1150
P177161601;P177161601_10;J;4080;1220;0;5100;2440;1150
P177161601;P177161601_11;K;5100;1220;0;6120;2440;1150
P177161601;P177161601_12;L;5100;0;0;6120;1220;1150
P177161601;P177161601_13;M;6120;0;0;7140;1220;1150
P177161601;P177161601_14;N;6120;1220;0;7140;2440;1150
P177161601;P177161601_15;O;7140;1220;0;8160;2440;1150
P177161601;P177161601_16;P;7140;0;0;8160;1220;1150
P177161601;P177161601_17;Q;8160;0;0;9180;1220;1150
P177161601;P177161601_18;R;8160;1220;0;9180;2440;1150
P177161601;P177161601_19;S;9180;1220;0;10200;2440;1150
P177161601;P177161601_20;T;9180;0;0;10200;1220;1150
P177161601;P177161601_21;U;10200;0;0;11220;1220;1150
P177161601;P177161601_22;V;10200;1220;0;11220;2440;1150
P177161601;P177161601_23;W;11220;1220;0;12240;2440;1150
P177161601;P177161601_24;X;11220;0;0;12240;1220;1150
P177161601;P177161601_25;Y;12240;0;0;13460;1020;1150
P177161601;P177161601_26;Z;12240;1420;0;13460;2440;1150
P174161601;P174161601_1;A;0;0;0;1020;1220;1150
P174161601;P174161601_2;B;0;1220;0;1020;2440;1150
P174161601;P174161601_3;C;1020;610;0;2040;1830;1150
P174161601;P174161601_4;D;2040;610;0;3060;1830;1150
P174161601;P174161601_5;E;3060;1220;0;4080;2440;1150
P174161601;P174161601_6;F;3060;0;0;4080;1220;1150
P174161601;P174161601_7;G;4080;610;0;5100;1830;1150
P174161601;P174161601_8;H;5100;1220;0;6120;2440;1150
P174161601;P174161601_9;I;5100;0;0;6120;1220;1150
P174161601;P174161601_10;J;6120;1220;0;7140;2440;1150
P174161601;P174161601_11;K;6120;0;0;7140;1220;1150
P174161601;P174161601_12;L;7140;0;0;8160;1220;1150
P174161601;P174161601_13;M;7140;1220;0;8160;2440;1150
P174161601;P174161601_14;N;8160;1220;0;9180;2440;1150
P174161601;P174161601_15;O;8160;0;0;9180;1220;1150
P174161601;P174161601_16;P;9180;0;0;10200;1220;1150
P174161601;P174161601_17;Q;9180;1220;0;10200;2440;1150
P174161601;P174161601_18;R;10200;1220;0;11220;2440;1150
P174161601;P174161601_19;S;10200;0;0;11220;1220;1150
P174161601;P174161601_20;T;11220;0;0;12240;1220;1150
P174161601;P174161601_21;U;11220;1220;0;12240;2440;1150
P173161605;P173161605_1;A;0;0;0;1000;1200;1977
P173161605;P173161605_2;B;0;1240;0;1000;2440;2700
P173161605;P173161605_3;C;1000;1234;0;2010;2440;2388
P173161605;P173161605_4;D;1000;0;0;2010;1206;2388
P173161605;P173161605_5;E;2010;0;0;3020;1206;2388
P173161605;P173161605_6;F;2010;1234;0;3020;2440;2388
P173161605;P173161605_7;G;3020;1234;0;4030;2440;2388
P173161605;P173161605_8;H;3020;0;0;4030;1206;2388
P173161605;P173161605_9;I;4030;0;0;5040;1206;2388
P173161605;P173161605_10;J;4030;1234;0;5040;2440;2388
P173161605;P173161605_11;K;5040;1234;0;6050;2440;2388
P173161605;P173161605_12;L;5040;0;0;6050;1206;2388
P173161605;P173161605_13;M;6050;0;0;7060;1206;2388
P173161605;P173161605_14;N;6050;1234;0;7060;2440;2388
P173161605;P173161605_15;O;7060;1234;0;8070;2440;2388
P173161605;P173161605_16;P;7060;0;0;8070;1206;2388
P173161605;P173161605_17;Q;8070;0;0;9080;1206;2388
P173161605;P173161605_18;R;8070;1234;0;9080;2440;2388
P173161605;P173161605_19;S;9080;1234;0;10090;2440;2388
P173161605;P173161605_20;T;9080;0;0;10090;1206;2388
P173161605;P173161605_21;U;10090;0;0;11100;1206;2388
P173161605;P173161605_22;V;10090;1234;0;11100;2440;2388
P173161605;P173161605_23;W;11100;1234;0;12110;2440;2388
P173161605;P173161605_24;X;11100;0;0;12110;1206;2388
P173161605;P173161605_25;Y;12110;0;0;13316;1010;2388
P173161605;P173161605_26;Z;12110;1430;0;13316;2440;2388
P172161601;P172161601_1;A;0;0;0;1020;1220;1150
P172161601;P172161601_2;B;0;1220;0;1020;2440;1150
P172161601;P172161601_3;C;1020;1220;0;2040;2440;1150
P172161601;P172161601_4;D;1020;0;0;2040;1220;1150
P172161601;P172161601_5;E;2040;0;0;3060;1220;1150
P172161601;P172161601_6;F;2040;1220;0;3060;2440;1150
P172161601;P172161601_7;G;3060;1220;0;4080;2440;1150
P172161601;P172161601_8;H;3060;0;0;4080;1220;1150
P172161601;P172161601_9;I;4080;0;0;5100;1220;1150
P172161601;P172161601_10;J;4080;1220;0;5100;2440;1150
P172161601;P172161601_11;K;5100;1220;0;6120;2440;1150
P172161601;P172161601_12;L;5100;0;0;6120;1220;1150
P172161601;P172161601_13;M;6120;0;0;7140;1220;1150
P172161601;P172161601_14;N;6120;1220;0;7140;2440;1150
P172161601;P172161601_15;O;7140;1220;0;8160;2440;1150
P172161601;P172161601_16;P;7140;0;0;8160;1220;1150
P172161601;P172161601_17;Q;8160;0;0;9180;1220;1150
P172161601;P172161601_18;R;8160;1220;0;9180;2440;1150
P172161601;P172161601_19;S;9180;1220;0;10200;2440;1150
P172161601;P172161601_20;T;9180;0;0;10200;1220;1150
P172161601;P172161601_21;U;10200;0;0;11220;1220;1150
P172161601;P172161601_22;V;10200;1220;0;11220;2440;1150
P172161601;P172161601_23;W;11220;1220;0;12240;2440;1150
P172161601;P172161601_24;X;11220;0;0;12240;1220;1150
P172161601;P172161601_25;Y;12240;0;0;13460;1020;1150
P172161601;P172161601_26;Z;12240;1420;0;13460;2440;1150
P171161603;P171161603_1;A;0;0;0;1020;1220;1150
P171161603;P171161603_2;B;0;1220;0;1020;2440;1150
P171161603;P171161603_3;C;1020;1220;0;2040;2440;1150
P171161603;P171161603_4;D;1020;0;0;2040;1220;1150
P171161603;P171161603_5;E;2040;0;0;3060;1220;1150
P171161603;P171161603_6;F;2040;1220;0;3060;2440;1150
P171161603;P171161603_7;G;3060;1220;0;4080;2440;1150
P171161603;P171161603_8;H;3060;0;0;4080;1220;1150
P171161603;P171161603_9;I;4080;0;0;5100;1220;1150
P171161603;P171161603_10;J;4080;1234;0;5090;2440;2388
P171161603;P171161603_11;K;5090;1234;0;6100;2440;2388
P171161603;P171161603_12;L;5100;0;0;6110;1206;2388
P171161603;P171161603_13;M;6100;1234;0;7110;2440;2388
P171161603;P171161603_14;N;6110;0;0;7120;1206;2388
P171161603;P171161603_15;O;7110;1234;0;8120;2440;2388
P171161603;P171161603_16;P;7120;0;0;8130;1206;2388
P171161603;P171161603_17;Q;8120;1234;0;9130;2440;2388
P171161603;P171161603_18;R;8130;0;0;9140;1206;2388
P171161603;P171161603_19;S;9130;1234;0;10140;2440;2388
P171161603;P171161603_20;T;9140;0;0;10150;1206;2388
P171161603;P171161603_21;U;10140;1234;0;11150;2440;2388
P171161603;P171161603_22;V;10150;0;0;11160;1206;2388
P171161603;P171161603_23;W;11150;1234;0;12160;2440;2388
P171161603;P171161603_24;X;11160;0;0;12170;1206;2388
P171161603;P171161603_25;Y;12160;1234;0;13170;2440;2388
P171161603;P171161603_26;Z;12170;0;0;13180;1206;2388
Q171161603_1;Q171161603_1_1;A;0;610;0;1020;1830;1150
Q171161603_1;Q171161603_1_2;B;1020;1220;0;2040;2440;1150
Q171161603_1;Q171161603_1_3;C;1020;0;0;2040;1220;1150
Q171161603_1;Q171161603_1_4;D;2040;0;0;3060;1220;1150
Q171161603_1;Q171161603_1_5;E;2040;1220;0;3060;2440;1150
Q171161603_1;Q171161603_1_6;F;3060;1220;0;4080;2440;1150
Q171161603_1;Q171161603_1_7;G;3060;0;0;4080;1220;1150
Q171161603_1;Q171161603_1_8;H;4080;0;0;5100;1220;1150
Q171161603_1;Q171161603_1_9;I;4080;1220;0;5100;2440;1150
Q171161603_1;Q171161603_1_10;J;5100;1220;0;6120;2440;1150
Q171161603_1;Q171161603_1_11;K;5100;0;0;6120;1220;1150
Q171161603_1;Q171161603_1_12;L;6120;0;0;7140;1220;1150
Q171161603_1;Q171161603_1_13;M;6120;1220;0;7140;2440;1150
Q171161603_1;Q171161603_1_14;N;7140;1220;0;8160;2440;1150
Q171161603_1;Q171161603_1_15;O;7140;0;0;8150;1206;2388
Q171161603_1;Q171161603_1_16;P;8150;0;0;9160;1206;2388
Q171161603_1;Q171161603_1_17;Q;8160;1234;0;9170;2440;2388
Q171161603_1;Q171161603_1_18;R;9160;0;0;10170;1206;2388
Q171161603_1;Q171161603_1_19;S;9170;1234;0;10180;2440;2388
Q171161603_1;Q171161603_1_20;T;10170;0;0;11180;1206;2388
Q171161603_1;Q171161603_1_21;U;10180;1234;0;11190;2440;2388
Q171161603_1;Q171161603_1_22;V;11180;0;0;12190;1206;1592
P170161601;P170161601_1;A;0;610;0;1020;1830;1150
P170161601;P170161601_2;B;1020;1220;0;2040;2440;1150
P170161601;P170161601_3;C;1020;0;0;2040;1220;1150
P170161601;P170161601_4;D;2040;610;0;3060;1830;1150
P170161601;P170161601_5;E;3060;1220;0;4080;2440;1150
P170161601;P170161601_6;F;3060;0;0;4080;1220;1150
P170161601;P170161601_7;G;4080;0;0;5100;1220;1150
P170161601;P170161601_8;H;4080;1220;0;5100;2440;1150
P170161601;P170161601_9;I;5100;1220;0;6120;2440;1150
P170161601;P170161601_10;J;5100;0;0;6120;1220;1150
P170161601;P170161601_11;K;6120;0;0;7140;1220;1150
P170161601;P170161601_12;L;6120;1220;0;7140;2440;1150
P170161601;P170161601_13;M;7140;1220;0;8160;2440;1150
P170161601;P170161601_14;N;7140;0;0;8160;1220;1150
P170161601;P170161601_15;O;8160;0;0;9180;1220;1150
P170161601;P170161601_16;P;8160;1220;0;9180;2440;1150
P170161601;P170161601_17;Q;9180;1220;0;10200;2440;1150
P170161601;P170161601_18;R;9180;0;0;10200;1220;1150
P170161601;P170161601_19;S;10200;0;0;11220;1220;1150
P170161601;P170161601_20;T;10200;1220;0;11220;2440;1150
P170161601;P170161601_21;U;11220;1220;0;12240;2440;1150
P178218703;P178218703_1;A;0;0;0;1000;1200;975
P178218703;P178218703_2;B;0;1240;0;1000;2440;2835
P178218703;P178218703_3;C;1000;1240;0;2000;2440;2835
P178218703;P178218703_4;D;1000;0;0;2000;1200;2835
P178218703;P178218703_5;E;2000;0;0;3000;1200;2835
P178218703;P178218703_6;F;2000;1240;0;3000;2440;2835
P178218703;P178218703_7;G;3000;1240;0;4000;2440;2835
P178218703;P178218703_8;H;3000;0;0;4000;1200;2835
P178218703;P178218703_9;I;4000;0;0;5000;1200;2835
P178218703;P178218703_10;J;4000;1240;0;5000;2440;2835
P178218703;P178218703_11;K;5000;1240;0;6000;2440;2835
P178218703;P178218703_12;L;5000;0;0;6000;1200;2835
P178218703;P178218703_13;M;6000;0;0;7000;1200;2835
P178218703;P178218703_14;N;6000;1240;0;7000;2440;1815
P178218703;P178218703_15;O;7000;1240;0;8000;2440;1815
P178218703;P178218703_16;P;7000;0;0;8000;1200;1815
P178218703;P178218703_17;Q;8000;0;0;9000;1200;1815
P178218703;P178218703_18;R;8000;1240;0;9000;2440;1815
P178218703;P178218703_19;S;9000;1240;0;10000;2440;1815
P178218703;P178218703_20;T;9000;0;0;10000;1200;1815
P178218703;P178218703_21;U;10000;0;0;11000;1200;1815
P178218703;P178218703_22;V;10000;1240;0;11000;2440;1815
P178218703;P178218703_23;W;11000;1240;0;12000;2440;1815
P178218703;P178218703_24;X;11000;0;0;12000;1200;1815
P178218703;P178218703_25;Y;12000;0;0;13200;1000;1815
P178218703;P178218703_26;Z;12000;1240;0;13000;2440;930
P174218703;P174218703_1;A;0;0;0;1000;1200;975
P174218703;P174218703_2;B;0;1220;0;1000;2420;975
P174218703;P174218703_3;C;1000;0;0;2000;1200;975
P174218703;P174218703_4;D;1000;1220;0;2000;2420;975
P174218703;P174218703_5;E;2000;0;0;3000;1200;2835
P174218703;P174218703_6;F;2000;1220;0;3000;2420;1905
P174218703;P174218703_7;G;3000;0;0;4000;1200;975
P174218703;P174218703_8;H;3000;1220;0;4000;2420;2835
P174218703;P174218703_9;I;4000;0;0;5000;1200;2835
P174218703;P174218703_10;J;4000;1240;0;5000;2440;2835
P174218703;P174218703_11;K;5000;0;0;6000;1200;2835
P174218703;P174218703_12;L;5000;1220;0;6000;2420;2835
P174218703;P174218703_13;M;6000;0;0;7000;1200;2835
P174218703;P174218703_14;N;6000;1240;0;7000;2440;2835
P174218703;P174218703_15;O;7000;0;0;8000;1200;2835
P174218703;P174218703_16;P;7000;1200;0;8000;2400;2835
P174218703;P174218703_17;Q;8000;1240;0;9000;2440;2835
P174218703;P174218703_18;R;8000;0;0;9000;1200;2835
P174218703;P174218703_19;S;9000;0;0;10000;1200;2835
P174218703;P174218703_20;T;9000;1200;0;10000;2400;1815
P174218703;P174218703_21;U;10000;1240;0;11000;2440;1815
P174218703;P174218703_22;V;10000;0;0;11000;1200;1815
P174218703;P174218703_23;W;11000;0;0;12000;1200;1815
P174218703;P174218703_24;X;11000;1200;0;12000;2400;1815
P174218703;P174218703_25;Y;12000;1440;0;13200;2440;1815
P174218703;P174218703_26;Z;12000;0;0;13000;1200;1815
P173218703;P173218703_1;A;0;620;0;1000;1820;975
P173218703;P173218703_2;B;1000;620;0;2000;1820;2835
P173218703;P173218703_3;C;2000;620;0;3000;1820;2835
P173218703;P173218703_4;D;3000;620;0;4000;1820;2835
P173218703;P173218703_5;E;4000;1240;0;5000;2440;2835
P173218703;P173218703_6;F;4000;20;0;5000;1220;2835
P173218703;P173218703_7;G;5000;10;0;6000;1210;1905
P173218703;P173218703_8;H;5000;1225;0;6000;2425;2835
P173218703;P173218703_9;I;6000;0;0;7000;1200;2835
P173218703;P173218703_10;J;6000;1240;0;7000;2440;2835
P173218703;P173218703_11;K;7000;0;0;8000;1200;2835
P173218703;P173218703_12;L;7000;1200;0;8000;2400;2835
P173218703;P173218703_13;M;8000;1240;0;9000;2440;2835
P173218703;P173218703_14;N;8000;0;0;9000;1200;2835
P173218703;P173218703_15;O;9000;0;0;10000;1200;2835
P173218703;P173218703_16;P;9000;1200;0;10000;2400;2835
P173218703;P173218703_17;Q;10000;1240;0;11000;2440;2835
P173218703;P173218703_18;R;10000;0;0;11000;1200;2835
P173218703;P173218703_19;S;11000;0;0;12000;1200;1815
P173218703;P173218703_20;T;11000;1200;0;12000;2400;1815
P173218703;P173218703_21;U;12000;1440;0;13200;2440;1815
P173218703;P173218703_22;V;12000;0;0;13000;1200;930
P171218703;P171218703_1;A;0;0;0;1000;1200;2835
P171218703;P171218703_2;B;0;1200;0;1000;2400;2835
P171218703;P171218703_3;C;1000;1240;0;2000;2440;1905
P171218703;P171218703_4;D;1000;0;0;2000;1200;975
P171218703;P171218703_5;E;2000;0;0;3000;1200;2835
P171218703;P171218703_6;F;2000;1240;0;3000;2440;2835
P171218703;P171218703_7;G;3000;1240;0;4000;2440;2835
P171218703;P171218703_8;H;3000;0;0;4000;1200;2835
P171218703;P171218703_9;I;4000;0;0;5000;1200;2835
P171218703;P171218703_10;J;4000;1240;0;5000;2440;2835
P171218703;P171218703_11;K;5000;1240;0;6000;2440;2835
P171218703;P171218703_12;L;5000;0;0;6000;1200;2835
P171218703;P171218703_13;M;6000;0;0;7000;1200;2835
P171218703;P171218703_14;N;6000;1240;0;7000;2440;2835
P171218703;P171218703_15;O;7000;1240;0;8000;2440;2835
P171218703;P171218703_16;P;7000;0;0;8000;1200;2835
P171218703;P171218703_17;Q;8000;0;0;9000;1200;2835
P171218703;P171218703_18;R;8000;1240;0;9000;2440;2835
P171218703;P171218703_19;S;9000;1240;0;10000;2440;2835
P171218703;P171218703_20;T;9000;0;0;10000;1200;2835
P171218703;P171218703_21;U;10000;0;0;11000;1200;2835
P171218703;P171218703_22;V;10000;1240;0;11000;2440;2835
P171218703;P171218703_23;W;11000;1240;0;12000;2440;2835
P171218703;P171218703_24;X;11000;0;0;12000;1200;2835
P171218703;P171218703_25;Y;12000;0;0;13200;1000;2835
Q171218703_1;Q171218703_1_1;A;0;620;0;1000;1820;975
Q171218703_1;Q171218703_1_2;B;1000;620;0;2000;1820;2835
Q171218703_1;Q171218703_1_3;C;2000;1240;0;3000;2440;2835
Q171218703_1;Q171218703_1_4;D;2000;20;0;3000;1220;2835
Q171218703_1;Q171218703_1_5;E;3000;0;0;4000;1200;1815
Q171218703_1;Q171218703_1_6;F;3000;1240;0;4000;2440;1815
Q171218703_1;Q171218703_1_7;G;4000;620;0;5000;1820;1815
Q171218703_1;Q171218703_1_8;H;5000;620;0;6000;1820;1815
Q171218703_1;Q171218703_1_9;I;6000;1240;0;7000;2440;1815
Q171218703_1;Q171218703_1_10;J;6000;0;0;7000;1200;1815
Q171218703_1;Q171218703_1_11;K;7000;1240;0;8000;2440;1815
P167218703;P167218703_1;A;0;0;0;1000;1200;1905
P167218703;P167218703_2;B;0;1240;0;1000;2440;2835
P167218703;P167218703_3;C;1000;620;0;2000;1820;975
P167218703;P167218703_4;D;2000;1240;0;3000;2440;2835
P167218703;P167218703_5;E;2000;20;0;3000;1220;2835
P167218703;P167218703_6;F;3000;1240;0;4000;2440;2835
P167218703;P167218703_7;G;3000;0;0;4000;1200;2835
P167218703;P167218703_8;H;4000;0;0;5000;1200;2835
P167218703;P167218703_9;I;4000;1240;0;5000;2440;2835
P167218703;P167218703_10;J;5000;1240;0;6000;2440;2835
P167218703;P167218703_11;K;5000;0;0;6000;1200;2835
P167218703;P167218703_12;L;6000;0;0;7000;1200;2835
P167218703;P167218703_13;M;6000;1240;0;7000;2440;1815
P167218703;P167218703_14;N;7000;1240;0;8000;2440;1815
P167218703;P167218703_15;O;7000;0;0;8000;1200;1815
P167218703;P167218703_16;P;8000;0;0;9000;1200;1815
P180067401;P180067401_1;A;0;0;0;1000;1200;2855
P180067401;P180067401_2;B;0;1240;0;1000;2440;2855
P180067401;P180067401_3;C;1000;1240;0;2000;2440;2855
P180067401;P180067401_4;D;1000;0;0;2000;1200;2855
P180067401;P180067401_5;E;2000;0;0;3000;1200;2855
P180067401;P180067401_6;F;2000;1240;0;3000;2440;2855
P180067401;P180067401_7;G;3000;1240;0;4000;2440;2855
P180067401;P180067401_8;H;3000;0;0;4000;1200;2855
P180067401;P180067401_9;I;4000;0;0;5000;1200;2855
P180067401;P180067401_10;J;4000;1240;0;5000;2440;2855
P180067401;P180067401_11;K;5000;1240;0;6000;2440;2855
P180067401;P180067401_12;L;5000;0;0;6000;1200;2855
P180067401;P180067401_13;M;6000;0;0;7000;1200;2855
P180067401;P180067401_14;N;6000;1240;0;7000;2440;2855
P180067401;P180067401_15;O;7000;1240;0;8000;2440;2855
P180067401;P180067401_16;P;7000;0;0;8000;1200;2855
P180067401;P180067401_17;Q;8000;0;0;9000;1200;2855
P180067401;P180067401_18;R;8000;1240;0;9000;2440;2855
P180067401;P180067401_19;S;9000;1240;0;10000;2440;2855
P180067401;P180067401_20;T;9000;0;0;10000;1200;2855
P180067401;P180067401_21;U;10000;0;0;11000;1200;2855
P180067401;P180067401_22;V;10000;1240;0;11000;2440;2855
P180067401;P180067401_23;W;11000;1240;0;12000;2440;2855
P180067401;P180067401_24;X;11000;0;0;12000;1200;2855
P180067401;P180067401_25;Y;12000;0;0;13200;1000;2855
P180067401;P180067401_26;Z;12000;1240;0;13000;2440;2855
P179067401;P179067401_1;A;0;0;0;1000;1200;2855
P179067401;P179067401_2;B;0;1240;0;1000;2440;2855
P179067401;P179067401_3;C;1000;1240;0;2000;2440;2855
P179067401;P179067401_4;D;1000;0;0;2000;1200;2855
P179067401;P179067401_5;E;2000;0;0;3000;1200;2855
P179067401;P179067401_6;F;2000;1240;0;3000;2440;2855
P179067401;P179067401_7;G;3000;1240;0;4000;2440;2855
P179067401;P179067401_8;H;3000;0;0;4000;1200;2855
P179067401;P179067401_9;I;4000;0;0;5000;1200;2855
P179067401;P179067401_10;J;4000;1240;0;5000;2440;2855
P179067401;P179067401_11;K;5000;1240;0;6000;2440;2855
P179067401;P179067401_12;L;5000;0;0;6000;1200;2855
P179067401;P179067401_13;M;6000;0;0;7000;1200;2855
P179067401;P179067401_14;N;6000;1240;0;7000;2440;2855
P179067401;P179067401_15;O;7000;1240;0;8000;2440;2855
P179067401;P179067401_16;P;7000;0;0;8000;1200;2855
P179067401;P179067401_17;Q;8000;0;0;9000;1200;2855
P179067401;P179067401_18;R;8000;1240;0;9000;2440;2855
P179067401;P179067401_19;S;9000;1240;0;10000;2440;2855
P179067401;P179067401_20;T;9000;0;0;10000;1200;2855
P179067401;P179067401_21;U;10000;0;0;11000;1200;2855
P179067401;P179067401_22;V;10000;1240;0;11000;2440;2855
P179067401;P179067401_23;W;11000;1240;0;12000;2440;2855
P179067401;P179067401_24;X;11000;0;0;12000;1200;2855
P179067401;P179067401_25;Y;12000;0;0;13200;1000;2855
P179067401;P179067401_26;Z;12000;1240;0;13000;2440;2855
P177067401;P177067401_1;A;0;0;0;1000;1200;2855
P177067401;P177067401_2;B;0;1240;0;1000;2440;2855
P177067401;P177067401_3;C;1000;1240;0;2000;2440;2855
P177067401;P177067401_4;D;1000;0;0;2000;1200;2855
P177067401;P177067401_5;E;2000;0;0;3000;1200;2855
P177067401;P177067401_6;F;2000;1240;0;3000;2440;2855
P177067401;P177067401_7;G;3000;1240;0;4000;2440;2855
P177067401;P177067401_8;H;3000;0;0;4000;1200;2855
P177067401;P177067401_9;I;4000;0;0;5000;1200;2855
P177067401;P177067401_10;J;4000;1240;0;5000;2440;2855
P177067401;P177067401_11;K;5000;1240;0;6000;2440;2855
P177067401;P177067401_12;L;5000;0;0;6000;1200;2855
P177067401;P177067401_13;M;6000;0;0;7000;1200;2855
P177067401;P177067401_14;N;6000;1240;0;7000;2440;2855
P177067401;P177067401_15;O;7000;1240;0;8000;2440;2855
P177067401;P177067401_16;P;7000;0;0;8000;1200;2855
P177067401;P177067401_17;Q;8000;0;0;9000;1200;2855
P177067401;P177067401_18;R;8000;1240;0;9000;2440;2855
P177067401;P177067401_19;S;9000;1240;0;10000;2440;2855
P177067401;P177067401_20;T;9000;0;0;10000;1200;2855
P177067401;P177067401_21;U;10000;0;0;11000;1200;2855
P177067401;P177067401_22;V;10000;1240;0;11000;2440;2855
P177067401;P177067401_23;W;11000;1240;0;12000;2440;2855
P177067401;P177067401_24;X;11000;0;0;12000;1200;2855
P177067401;P177067401_25;Y;12000;0;0;13200;1000;2855
P177067401;P177067401_26;Z;12000;1240;0;13000;2440;2855
P174067401;P174067401_1;A;0;0;0;1000;1200;2855
P174067401;P174067401_2;B;0;1240;0;1000;2440;2855
P174067401;P174067401_3;C;1000;1240;0;2000;2440;2855
P174067401;P174067401_4;D;1000;0;0;2000;1200;2855
P174067401;P174067401_5;E;2000;0;0;3000;1200;2855
P174067401;P174067401_6;F;2000;1240;0;3000;2440;2855
P174067401;P174067401_7;G;3000;1240;0;4000;2440;2855
P174067401;P174067401_8;H;3000;0;0;4000;1200;2855
P174067401;P174067401_9;I;4000;0;0;5000;1200;2855
P174067401;P174067401_10;J;4000;1240;0;5000;2440;2855
P174067401;P174067401_11;K;5000;1240;0;6000;2440;2855
P174067401;P174067401_12;L;5000;0;0;6000;1200;2855
P174067401;P174067401_13;M;6000;0;0;7000;1200;2855
P174067401;P174067401_14;N;6000;1240;0;7000;2440;2855
P174067401;P174067401_15;O;7000;1240;0;8000;2440;2855
P174067401;P174067401_16;P;7000;0;0;8000;1200;2855
P174067401;P174067401_17;Q;8000;0;0;9000;1200;2855
P174067401;P174067401_18;R;8000;1240;0;9000;2440;2855
P174067401;P174067401_19;S;9000;1240;0;10000;2440;2855
P174067401;P174067401_20;T;9000;0;0;10000;1200;2855
P174067401;P174067401_21;U;10000;0;0;11000;1200;2855
P174067401;P174067401_22;V;10000;1240;0;11000;2440;2855
P174067401;P174067401_23;W;11000;1240;0;12000;2440;2855
P174067401;P174067401_24;X;11000;0;0;12000;1200;2855
P174067401;P174067401_25;Y;12000;0;0;13200;1000;2855
P174067401;P174067401_26;Z;12000;1240;0;13000;2440;2855
P173067401;P173067401_1;A;0;0;0;1000;1200;2855
P173067401;P173067401_2;B;0;1240;0;1000;2440;2855
P173067401;P173067401_3;C;1000;1240;0;2000;2440;2855
P173067401;P173067401_4;D;1000;0;0;2000;1200;2855
P173067401;P173067401_5;E;2000;0;0;3000;1200;2855
P173067401;P173067401_6;F;2000;1240;0;3000;2440;2855
P173067401;P173067401_7;G;3000;1240;0;4000;2440;2855
P173067401;P173067401_8;H;3000;0;0;4000;1200;2855
P173067401;P173067401_9;I;4000;0;0;5000;1200;2855
P173067401;P173067401_10;J;4000;1240;0;5000;2440;2855
P173067401;P173067401_11;K;5000;1240;0;6000;2440;2855
P173067401;P173067401_12;L;5000;0;0;6000;1200;2855
P173067401;P173067401_13;M;6000;0;0;7000;1200;2855
P173067401;P173067401_14;N;6000;1240;0;7000;2440;2855
P173067401;P173067401_15;O;7000;1240;0;8000;2440;2855
P173067401;P173067401_16;P;7000;0;0;8000;1200;2855
P173067401;P173067401_17;Q;8000;0;0;9000;1200;2855
P173067401;P173067401_18;R;8000;1240;0;9000;2440;2855
P173067401;P173067401_19;S;9000;1240;0;10000;2440;2855
P173067401;P173067401_20;T;9000;0;0;10000;1200;2855
P173067401;P173067401_21;U;10000;0;0;11000;1200;2855
P173067401;P173067401_22;V;10000;1240;0;11000;2440;2855
P173067401;P173067401_23;W;11000;1240;0;12000;2440;2855
P173067401;P173067401_24;X;11000;0;0;12000;1200;2855
P173067401;P173067401_25;Y;12000;0;0;13200;1000;2855
P173067401;P173067401_26;Z;12000;1240;0;13000;2440;2855
P172067401;P172067401_1;A;0;0;0;1000;1200;2855
P172067401;P172067401_2;B;0;1240;0;1000;2440;2855
P172067401;P172067401_3;C;1000;1240;0;2000;2440;2855
P172067401;P172067401_4;D;1000;0;0;2000;1200;2855
P172067401;P172067401_5;E;2000;0;0;3000;1200;2855
P172067401;P172067401_6;F;2000;1240;0;3000;2440;2855
P172067401;P172067401_7;G;3000;1240;0;4000;2440;2855
P172067401;P172067401_8;H;3000;0;0;4000;1200;2855
P172067401;P172067401_9;I;4000;0;0;5000;1200;2855
P172067401;P172067401_10;J;4000;1240;0;5000;2440;2855
P172067401;P172067401_11;K;5000;1240;0;6000;2440;2855
P172067401;P172067401_12;L;5000;0;0;6000;1200;2855
P172067401;P172067401_13;M;6000;0;0;7000;1200;2855
P172067401;P172067401_14;N;6000;1240;0;7000;2440;2855
P172067401;P172067401_15;O;7000;1240;0;8000;2440;2855
P172067401;P172067401_16;P;7000;0;0;8000;1200;2855
P172067401;P172067401_17;Q;8000;0;0;9000;1200;2855
P172067401;P172067401_18;R;8000;1240;0;9000;2440;2855
P172067401;P172067401_19;S;9000;1240;0;10000;2440;2855
P172067401;P172067401_20;T;9000;0;0;10000;1200;2855
P172067401;P172067401_21;U;10000;0;0;11000;1200;2855
P172067401;P172067401_22;V;10000;1240;0;11000;2440;2855
P172067401;P172067401_23;W;11000;1240;0;12000;2440;2855
P172067401;P172067401_24;X;11000;0;0;12000;1200;2855
P172067401;P172067401_25;Y;12000;0;0;13200;1000;2855
P172067401;P172067401_26;Z;12000;1240;0;13000;2440;2855
P170067401;P170067401_1;A;0;0;0;1000;1200;2855
P170067401;P170067401_2;B;0;1240;0;1000;2440;2855
P170067401;P170067401_3;C;1000;1240;0;2000;2440;2855
P170067401;P170067401_4;D;1000;0;0;2000;1200;2855
P170067401;P170067401_5;E;2000;0;0;3000;1200;2855
P170067401;P170067401_6;F;2000;1240;0;3000;2440;2855
P170067401;P170067401_7;G;3000;1240;0;4000;2440;2855
P170067401;P170067401_8;H;3000;0;0;4000;1200;2855
P170067401;P170067401_9;I;4000;0;0;5000;1200;2855
P170067401;P170067401_10;J;4000;1240;0;5000;2440;2855
P170067401;P170067401_11;K;5000;1240;0;6000;2440;2855
P170067401;P170067401_12;L;5000;0;0;6000;1200;2855
P170067401;P170067401_13;M;6000;0;0;7000;1200;2855
P170067401;P170067401_14;N;6000;1240;0;7000;2440;2855
P170067401;P170067401_15;O;7000;1240;0;8000;2440;2855
P170067401;P170067401_16;P;7000;0;0;8000;1200;2855
P170067401;P170067401_17;Q;8000;0;0;9000;1200;2855
P170067401;P170067401_18;R;8000;1240;0;9000;2440;2855
P170067401;P170067401_19;S;9000;1240;0;10000;2440;2855
P170067401;P170067401_20;T;9000;0;0;10000;1200;2855
P170067401;P170067401_21;U;10000;0;0;11000;1200;2855
P170067401;P170067401_22;V;10000;1240;0;11000;2440;2855
P170067401;P170067401_23;W;11000;1240;0;12000;2440;2855
P170067401;P170067401_24;X;11000;0;0;12000;1200;2855
P170067401;P170067401_25;Y;12000;0;0;13200;1000;2855
P170067401;P170067401_26;Z;12000;1240;0;13000;2440;2855
Q170067401_1;Q170067401_1_1;A;0;0;0;1000;1200;2855
Q170067401_1;Q170067401_1_2;B;0;1240;0;1000;2440;2855
Q170067401_1;Q170067401_1_3;C;1000;1240;0;2000;2440;2855
Q170067401_1;Q170067401_1_4;D;1000;0;0;2000;1200;2855
Q170067401_1;Q170067401_1_5;E;2000;0;0;3000;1200;2855
Q170067401_1;Q170067401_1_6;F;2000;1240;0;3000;2440;2855
Q170067401_1;Q170067401_1_7;G;3000;1240;0;4000;2440;2855
Q170067401_1;Q170067401_1_8;H;3000;0;0;4000;1200;2855
Q170067401_1;Q170067401_1_9;I;4000;0;0;5000;1200;2855
Q170067401_1;Q170067401_1_10;J;4000;1240;0;5000;2440;2855
Q170067401_1;Q170067401_1_11;K;5000;1240;0;6000;2440;2855
Q170067401_1;Q170067401_1_12;L;5000;0;0;6000;1200;2855
Q170067401_1;Q170067401_1_13;M;6000;0;0;7000;1200;2855
P209064117;P209064117_1;A;0;0;0;3200;2000;510
P209064117;P209064117_2;B;3200;0;0;6400;2000;2370
P209064117;P209064117_3;C;6400;0;0;9600;2000;2370
P209064117;P209064117_4;D;9600;0;0;12800;2000;2370
P207064117;P207064117_1;A;0;0;0;3200;2000;510
P207064117;P207064117_2;B;3200;220;0;6400;2220;2370
P207064117;P207064117_3;C;6400;0;0;9600;2000;2370
P207064117;P207064117_4;D;9600;0;0;12800;2000;2370
P206064117;P206064117_1;A;0;0;0;2800;2000;510
P206064117;P206064117_2;B;2800;220;0;5600;2220;1440
P206064117;P206064117_3;C;5600;0;0;8800;2000;2370
P206064117;P206064117_4;D;8800;0;0;12000;2000;1440
P202064117;P202064117_1;A;0;0;0;3200;2000;510
P202064117;P202064117_2;B;3200;0;0;6400;2000;2370
P202064117;P202064117_3;C;6400;0;0;9600;2000;2370
P202064117;P202064117_4;D;9600;0;0;12800;2000;2370
P200064117;P200064117_1;A;0;220;0;3200;2220;510
P200064117;P200064117_2;B;3200;220;0;6400;2220;2370
P200064117;P200064117_3;C;6400;0;0;9600;2000;2370
P200064117;P200064117_4;D;9600;0;0;12800;2000;2370
P199064117;P199064117_1;A;0;220;0;2800;2220;510
P199064117;P199064117_2;B;2800;220;0;6000;2220;2370
P199064117;P199064117_3;C;6000;0;0;8800;2000;1440
P199064117;P199064117_4;D;8800;0;0;12000;2000;2370
P193064117;P193064117_1;A;0;220;0;3200;2220;510
P193064117;P193064117_2;B;3200;440;0;6400;2440;2370
P193064117;P193064117_3;C;6400;0;0;9600;2000;2370
P193064117;P193064117_4;D;9600;0;0;12800;2000;2370
P192064117;P192064117_1;A;0;440;0;3200;2440;510
P192064117;P192064117_2;B;3200;0;0;6400;2000;2370
P192064117;P192064117_3;C;6400;0;0;9600;2000;2370
P192064117;P192064117_4;D;9600;0;0;12800;2000;2370
P188064117;P188064117_1;A;0;0;0;2800;2000;510
P188064117;P188064117_2;B;2800;0;0;6000;2000;2370
P188064117;P188064117_3;C;6000;0;0;9200;2000;2370
P188064117;P188064117_4;D;9200;0;0;12400;2000;1905
Q188064117_1;Q188064117_1_1;A;0;220;0;2800;2220;510
Q188064117_1;Q188064117_1_2;B;2800;220;0;6000;2220;2370
Q188064117_1;Q188064117_1_3;C;6000;0;0;9200;2000;2370
Q188064117_1;Q188064117_1_4;D;9200;0;0;12400;2000;975
P186064117;P186064117_1;A;0;0;0;2800;2000;510
P186064117;P186064117_2;B;2800;0;0;6000;2000;2370
P186064117;P186064117_3;C;6000;0;0;9200;2000;2370
P186064117;P186064117_4;D;9200;0;0;12400;2000;2370
P185064117;P185064117_1;A;0;220;0;2800;2220;510
P185064117;P185064117_2;B;2800;220;0;6000;2220;2370
P185064117;P185064117_3;C;6000;0;0;8800;2000;510
P185064117;P185064117_4;D;8800;0;0;12000;2000;975
P240069501;P240069501_1;A;0;0;0;1200;2400;2835
P240069501;P240069501_2;B;1200;0;0;2400;2400;2835
P240069501;P240069501_3;C;2400;0;0;3600;2400;2835
P240069501;P240069501_4;D;3600;0;0;4800;2400;2835
P240069501;P240069501_5;E;4800;0;0;6000;2400;2835
P240069501;P240069501_6;F;6000;0;0;7200;2400;2835
P240069501;P240069501_7;G;7200;0;0;8400;2400;2835
P240069501;P240069501_8;H;8400;0;0;9600;2400;2835
P240069501;P240069501_9;I;9600;0;0;10800;2400;2835
P240069501;P240069501_10;J;10800;0;0;12000;2400;2835
P240069501;P240069501_11;K;12000;0;0;13200;2400;2835
P208069507;P208069507_1;A;0;0;0;1200;2400;2835
P208069507;P208069507_2;B;1200;0;0;2400;2400;2835
P208069507;P208069507_3;C;2400;0;0;3600;2400;2835
P208069507;P208069507_4;D;3600;0;0;4800;2400;2835
P208069507;P208069507_5;E;4800;0;0;6000;2400;2835
P208069507;P208069507_6;F;6000;0;0;7200;2400;2835
P208069507;P208069507_7;G;7200;0;0;8400;2400;2835
P208069507;P208069507_8;H;8400;0;0;9600;2400;2835
P208069507;P208069507_9;I;9600;0;0;10800;2400;2835
P208069507;P208069507_10;J;10800;0;0;12000;2400;1905
P208069507;P208069507_11;K;12000;0;0;13200;1600;2700
P206069503;P206069503_1;A;0;1240;0;1000;2440;1455
P206069503;P206069503_2;B;0;0;0;1000;1200;1455
P206069503;P206069503_3;C;1000;0;0;2000;1200;1455
P206069503;P206069503_4;D;1000;1660;0;1570;2440;1340
P206069503;P206069503_5;E;1570;1660;0;2140;2440;909
P206069503;P206069503_6;F;2000;0;0;3200;1600;2700
P206069503;P206069503_7;G;3200;1240;0;4800;2440;2700
P206069503;P206069503_8;H;3200;0;0;4800;1200;2700
P206069503;P206069503_9;I;4800;0;0;6400;1200;2700
P206069503;P206069503_10;J;4800;1240;0;6400;2440;2700
P206069503;P206069503_11;K;6400;1240;0;8000;2440;2700
P206069503;P206069503_12;L;6400;0;0;8000;1200;2700
P206069503;P206069503_13;M;8000;0;0;9600;1200;2700
P206069503;P206069503_14;N;8000;1240;0;9600;2440;2700
P206069503;P206069503_15;O;9600;1240;0;11200;2440;1815
P205069501;P205069501_1;A;0;0;0;1200;2400;2835
P205069501;P205069501_2;B;1200;0;0;2400;2400;2835
P205069501;P205069501_3;C;2400;0;0;3600;2400;2835
P205069501;P205069501_4;D;3600;0;0;4800;2400;2835
P205069501;P205069501_5;E;4800;0;0;6000;2400;2835
P205069501;P205069501_6;F;6000;0;0;7200;2400;2835
P205069501;P205069501_7;G;7200;0;0;8400;2400;2835
P205069501;P205069501_8;H;8400;0;0;9600;2400;2835
P205069501;P205069501_9;I;9600;0;0;10800;2400;2835
P205069501;P205069501_10;J;10800;0;0;12000;2400;2835
P205069501;P205069501_11;K;12000;0;0;13200;2400;2835
P201069507;P201069507_1;A;0;0;0;1200;2400;2835
P201069507;P201069507_2;B;1200;0;0;2400;2400;2835
P201069507;P201069507_3;C;2400;0;0;3600;2400;2835
P201069507;P201069507_4;D;3600;0;0;4800;2400;2835
P201069507;P201069507_5;E;4800;0;0;6000;2400;2835
P201069507;P201069507_6;F;6000;0;0;7200;2400;2835
P201069507;P201069507_7;G;7200;0;0;8400;2400;2835
P201069507;P201069507_8;H;8400;0;0;9600;2400;2835
P201069507;P201069507_9;I;9600;0;0;10800;2400;2835
P201069507;P201069507_10;J;10800;0;0;12000;2400;2835
P201069507;P201069507_11;K;12000;0;0;13200;2400;2835
P200069505;P200069505_1;A;0;0;0;1200;2400;2835
P200069505;P200069505_2;B;1200;0;0;2400;2400;2835
P200069505;P200069505_3;C;2400;0;0;3600;2400;2835
P200069505;P200069505_4;D;3600;0;0;4800;2400;2835
P200069505;P200069505_5;E;4800;0;0;6000;2400;2835
P200069505;P200069505_6;F;6000;0;0;7200;2400;2835
P200069505;P200069505_7;G;7200;0;0;8400;2400;2835
P200069505;P200069505_8;H;8400;0;0;9600;2400;2835
P200069505;P200069505_9;I;9600;0;0;10800;2400;2835
P200069505;P200069505_10;J;10800;0;0;12000;2400;2835
P200069505;P200069505_11;K;12000;0;0;13200;2400;975
P199069503;P199069503_1;A;0;0;0;1000;1200;1455
P199069503;P199069503_2;B;0;1240;0;1000;2440;1455
P199069503;P199069503_3;C;1000;1240;0;2000;2440;750
P199069503;P199069503_4;D;1000;0;0;1570;780;1340
P199069503;P199069503_5;E;1570;0;0;2140;780;1340
P199069503;P199069503_6;F;2000;840;0;3200;2440;2700
P199069503;P199069503_7;G;3200;0;0;4800;1200;2700
P199069503;P199069503_8;H;3200;1240;0;4800;2440;2700
P199069503;P199069503_9;I;4800;1240;0;6400;2440;2700
P199069503;P199069503_10;J;4800;0;0;6400;1200;2700
P199069503;P199069503_11;K;6400;0;0;8000;1200;2700
P199069503;P199069503_12;L;6400;1240;0;8000;2440;1815
P199069503;P199069503_13;M;8000;1240;0;9600;2440;2700
P199069503;P199069503_14;N;8000;0;0;9600;1200;2700
P199069503;P199069503_15;O;9600;0;0;11200;1200;2700
P199069503;P199069503_16;P;9600;1240;0;11200;2440;2700
P199069503;P199069503_17;Q;11200;1240;0;12800;2440;1815
P199069503;P199069503_18;R;11200;0;0;12800;1200;930
P198069501;P198069501_1;A;0;0;0;1200;2400;2835
P198069501;P198069501_2;B;1200;0;0;2400;2400;2835
P198069501;P198069501_3;C;2400;0;0;3600;2400;2835
P198069501;P198069501_4;D;3600;0;0;4800;2400;2835
P198069501;P198069501_5;E;4800;0;0;6000;2400;2835
P198069501;P198069501_6;F;6000;0;0;7200;2400;2835
P198069501;P198069501_7;G;7200;0;0;8400;2400;2835
P198069501;P198069501_8;H;8400;0;0;9600;2400;2835
P198069501;P198069501_9;I;9600;0;0;10800;2400;2835
P198069501;P198069501_10;J;10800;0;0;12000;2400;2835
P198069501;P198069501_11;K;12000;0;0;13200;2400;2835
P193069505;P193069505_1;A;0;0;0;1200;2400;2835
P193069505;P193069505_2;B;1200;0;0;2400;2400;2835
P193069505;P193069505_3;C;2400;0;0;3600;2400;2835
P193069505;P193069505_4;D;3600;0;0;4800;2400;2835
P193069505;P193069505_5;E;4800;0;0;6000;2400;2835
P193069505;P193069505_6;F;6000;0;0;7200;2400;2835
P193069505;P193069505_7;G;7200;0;0;8400;2400;2835
P193069505;P193069505_8;H;8400;0;0;9600;2400;2835
P193069505;P193069505_9;I;9600;0;0;10800;2400;2835
P193069505;P193069505_10;J;10800;0;0;12000;2400;2835
P193069505;P193069505_11;K;12000;0;0;13200;2400;2835
P192069503;P192069503_1;A;0;0;0;1000;1200;1455
P192069503;P192069503_2;B;0;1240;0;1000;2440;1455
P192069503;P192069503_3;C;1000;1240;0;2000;2440;750
P192069503;P192069503_4;D;1000;0;0;1570;780;1340
P192069503;P192069503_5;E;1570;0;0;2140;780;909
P192069503;P192069503_6;F;2000;840;0;3200;2440;2700
P192069503;P192069503_7;G;3200;0;0;4800;1200;2700
P192069503;P192069503_8;H;3200;1240;0;4800;2440;2700
P192069503;P192069503_9;I;4800;1240;0;6400;2440;2700
P192069503;P192069503_10;J;4800;0;0;6400;1200;2700
P192069503;P192069503_11;K;6400;0;0;8000;1200;2700
P192069503;P192069503_12;L;6400;1240;0;8000;2440;2700
P192069503;P192069503_13;M;8000;1240;0;9600;2440;2700
P192069503;P192069503_14;N;8000;0;0;9600;1200;2700
P191069501;P191069501_1;A;0;0;0;1200;2400;2835
P191069501;P191069501_2;B;1200;0;0;2400;2400;2835
P191069501;P191069501_3;C;2400;0;0;3600;2400;2835
P191069501;P191069501_4;D;3600;0;0;4800;2400;2835
P191069501;P191069501_5;E;4800;0;0;6000;2400;2835
P191069501;P191069501_6;F;6000;0;0;7200;2400;2835
P191069501;P191069501_7;G;7200;0;0;8400;2400;2835
P191069501;P191069501_8;H;8400;0;0;9600;2400;2835
P191069501;P191069501_9;I;9600;0;0;10800;2400;2835
P191069501;P191069501_10;J;10800;0;0;12000;2400;2835
P191069501;P191069501_11;K;12000;0;0;13200;2400;2835
P187069507;P187069507_1;A;0;0;0;1200;2400;2835
P187069507;P187069507_2;B;1200;0;0;2400;2400;2835
P187069507;P187069507_3;C;2400;0;0;3600;2400;2835
P187069507;P187069507_4;D;3600;0;0;4800;2400;2835
P187069507;P187069507_5;E;4800;0;0;6000;2400;2835
P187069507;P187069507_6;F;6000;0;0;7200;2400;2835
P187069507;P187069507_7;G;7200;0;0;8400;2400;2835
P187069507;P187069507_8;H;8400;0;0;9600;2400;2835
P187069507;P187069507_9;I;9600;0;0;10800;2400;2835
P187069507;P187069507_10;J;10800;0;0;12000;2400;2835
P187069507;P187069507_11;K;12000;0;0;13200;2400;2835
P186069505;P186069505_1;A;0;0;0;1200;2400;2835
P186069505;P186069505_2;B;1200;0;0;2400;2400;2835
P186069505;P186069505_3;C;2400;0;0;3600;2400;2835
P186069505;P186069505_4;D;3600;0;0;4800;2400;1905
P186069505;P186069505_5;E;4800;0;0;6000;2400;2835
P186069505;P186069505_6;F;6000;0;0;7200;2400;2835
P186069505;P186069505_7;G;7200;0;0;8400;2400;2835
P186069505;P186069505_8;H;8400;0;0;9600;2400;975
P185069503;P185069503_1;A;0;0;0;1000;1200;1455
P185069503;P185069503_2;B;0;1240;0;1000;2440;1455
P185069503;P185069503_3;C;1000;1240;0;2000;2440;1455
P185069503;P185069503_4;D;1000;0;0;1570;780;1340
P185069503;P185069503_5;E;1570;0;0;2140;780;909
P185069503;P185069503_6;F;2000;840;0;3200;2440;2700
P185069503;P185069503_7;G;3200;0;0;4800;1200;2700
P185069503;P185069503_8;H;3200;1240;0;4800;2440;2700
P185069503;P185069503_9;I;4800;1240;0;6400;2440;2700
P185069503;P185069503_10;J;4800;0;0;6400;1200;2700
P185069503;P185069503_11;K;6400;0;0;8000;1200;2700
P185069503;P185069503_12;L;6400;1240;0;8000;2440;1815
P185069503;P185069503_13;M;8000;1240;0;9600;2440;2700
P185069503;P185069503_14;N;8000;0;0;9600;1200;2700
P185069503;P185069503_15;O;9600;0;0;11200;1200;2700
P185069503;P185069503_16;P;9600;1240;0;11200;2440;2700
P185069503;P185069503_17;Q;11200;1240;0;12800;2440;1815
P185069503;P185069503_18;R;11200;0;0;12800;1200;930
P240067801;P240067801_1;A;0;0;0;1412;1140;2370
P240067801;P240067801_2;B;0;1300;0;1412;2440;2370
P240067801;P240067801_3;C;1412;1300;0;2824;2440;2370
P240067801;P240067801_4;D;1412;0;0;2824;1140;2370
P240067801;P240067801_5;E;2824;0;0;4236;1140;2370
P240067801;P240067801_6;F;2824;1300;0;4236;2440;2370
P240067801;P240067801_7;G;4236;1300;0;5648;2440;2370
P240067801;P240067801_8;H;4236;0;0;5648;1140;2370
P240067801;P240067801_9;I;5648;0;0;7060;1140;2370
P240067801;P240067801_10;J;5648;1300;0;7060;2440;2370
P240067801;P240067801_11;K;7060;1300;0;8472;2440;2370
P240067801;P240067801_12;L;7060;0;0;8472;1140;2370
P240067801;P240067801_13;M;8472;0;0;9884;1140;2370
P240067801;P240067801_14;N;8472;1300;0;9884;2440;2370
P240067801;P240067801_15;O;9884;1300;0;11296;2440;2370
P209067801;P209067801_1;A;0;0;0;1412;1140;2370
P209067801;P209067801_2;B;0;1300;0;1412;2440;2370
P209067801;P209067801_3;C;1412;1300;0;2824;2440;2370
P209067801;P209067801_4;D;1412;0;0;2824;1140;2370
P209067801;P209067801_5;E;2824;0;0;4236;1140;2370
P209067801;P209067801_6;F;2824;1300;0;4236;2440;2370
P209067801;P209067801_7;G;4236;1300;0;5648;2440;2370
P209067801;P209067801_8;H;4236;0;0;5648;1140;2370
P209067801;P209067801_9;I;5648;0;0;7060;1140;2370
P209067801;P209067801_10;J;5648;1300;0;7060;2440;2370
P209067801;P209067801_11;K;7060;1300;0;8472;2440;2370
P209067801;P209067801_12;L;7060;0;0;8472;1140;2370
P209067801;P209067801_13;M;8472;0;0;9884;1140;2370
P209067801;P209067801_14;N;8472;1300;0;9884;2440;2370
P209067801;P209067801_15;O;9884;1300;0;11296;2440;1200
P208067801;P208067801_1;A;0;0;0;1412;1140;2370
P208067801;P208067801_2;B;0;1300;0;1412;2440;2370
P208067801;P208067801_3;C;1412;1300;0;2824;2440;2370
P208067801;P208067801_4;D;1412;0;0;2824;1140;2370
P208067801;P208067801_5;E;2824;0;0;4236;1140;2370
P208067801;P208067801_6;F;2824;1300;0;4236;2440;2370
P208067801;P208067801_7;G;4236;1300;0;5648;2440;2370
P208067801;P208067801_8;H;4236;0;0;5648;1140;2370
P208067801;P208067801_9;I;5648;0;0;7060;1140;2370
P208067801;P208067801_10;J;5648;1300;0;7060;2440;2370
P208067801;P208067801_11;K;7060;1300;0;8472;2440;2370
P208067801;P208067801_12;L;7060;0;0;8472;1140;2370
P208067801;P208067801_13;M;8472;0;0;9884;1140;2370
P208067801;P208067801_14;N;8472;1300;0;9884;2440;2370
P208067801;P208067801_15;O;9884;1300;0;11296;2440;2370
P208067801;P208067801_16;P;9884;0;0;11296;1140;2370
P208067801;P208067801_17;Q;11296;0;0;12708;1140;2370
P207067801;P207067801_1;A;0;0;0;1412;1140;2370
P207067801;P207067801_2;B;0;1300;0;1412;2440;2370
P207067801;P207067801_3;C;1412;1300;0;2824;2440;2370
P207067801;P207067801_4;D;1412;0;0;2824;1140;2370
P207067801;P207067801_5;E;2824;0;0;4236;1140;2370
P207067801;P207067801_6;F;2824;1300;0;4236;2440;2370
P207067801;P207067801_7;G;4236;1300;0;5648;2440;2370
P207067801;P207067801_8;H;4236;0;0;5648;1140;2370
P207067801;P207067801_9;I;5648;0;0;7060;1140;2370
P207067801;P207067801_10;J;5648;1300;0;7060;2440;2370
P207067801;P207067801_11;K;7060;1300;0;8472;2440;2370
P207067801;P207067801_12;L;7060;0;0;8472;1140;2370
P207067801;P207067801_13;M;8472;0;0;9884;1140;2370
P207067801;P207067801_14;N;8472;1300;0;9884;2440;2370
P207067801;P207067801_15;O;9884;1300;0;11296;2440;2370
P207067801;P207067801_16;P;9884;0;0;11296;1140;2370
P207067801;P207067801_17;Q;11296;0;0;12708;1140;1200
P206067801;P206067801_1;A;0;0;0;1412;1140;2370
P206067801;P206067801_2;B;0;1300;0;1412;2440;2370
P206067801;P206067801_3;C;1412;1300;0;2824;2440;2370
P206067801;P206067801_4;D;1412;0;0;2824;1140;2370
P206067801;P206067801_5;E;2824;0;0;4236;1140;2370
P206067801;P206067801_6;F;2824;1300;0;4236;2440;2370
P206067801;P206067801_7;G;4236;1300;0;5648;2440;2370
P206067801;P206067801_8;H;4236;0;0;5648;1140;2370
P206067801;P206067801_9;I;5648;0;0;7060;1140;2370
P206067801;P206067801_10;J;5648;1300;0;7060;2440;2370
P206067801;P206067801_11;K;7060;1300;0;8472;2440;2370
P206067801;P206067801_12;L;7060;0;0;8472;1140;2370
P206067801;P206067801_13;M;8472;0;0;9884;1140;2370
P206067801;P206067801_14;N;8472;1300;0;9884;2440;2370
P206067801;P206067801_15;O;9884;1300;0;11296;2440;2370
P206067801;P206067801_16;P;9884;0;0;11296;1140;2370
P205067801;P205067801_1;A;0;0;0;1412;1140;2370
P205067801;P205067801_2;B;0;1300;0;1412;2440;2370
P205067801;P205067801_3;C;1412;1300;0;2824;2440;2370
P205067801;P205067801_4;D;1412;0;0;2824;1140;2370
P205067801;P205067801_5;E;2824;0;0;4236;1140;2370
P205067801;P205067801_6;F;2824;1300;0;4236;2440;2370
P205067801;P205067801_7;G;4236;1300;0;5648;2440;2370
P205067801;P205067801_8;H;4236;0;0;5648;1140;2370
P205067801;P205067801_9;I;5648;0;0;7060;1140;2370
P205067801;P205067801_10;J;5648;1300;0;7060;2440;2370
P205067801;P205067801_11;K;7060;1300;0;8472;2440;2370
P205067801;P205067801_12;L;7060;0;0;8472;1140;2370
P205067801;P205067801_13;M;8472;0;0;9884;1140;2370
P205067801;P205067801_14;N;8472;1300;0;9884;2440;2370
P205067801;P205067801_15;O;9884;1300;0;11296;2440;2370
P205067801;P205067801_16;P;9884;0;0;11296;1140;2370
P205067801;P205067801_17;Q;11296;0;0;12708;1140;1200
P202067801;P202067801_1;A;0;0;0;1412;1140;2370
P202067801;P202067801_2;B;0;1300;0;1412;2440;2370
P202067801;P202067801_3;C;1412;1300;0;2824;2440;2370
P202067801;P202067801_4;D;1412;0;0;2824;1140;2370
P202067801;P202067801_5;E;2824;0;0;4236;1140;2370
P202067801;P202067801_6;F;2824;1300;0;4236;2440;2370
P202067801;P202067801_7;G;4236;1300;0;5648;2440;2370
P202067801;P202067801_8;H;4236;0;0;5648;1140;2370
P202067801;P202067801_9;I;5648;0;0;7060;1140;2370
P202067801;P202067801_10;J;5648;1300;0;7060;2440;2370
P202067801;P202067801_11;K;7060;1300;0;8472;2440;2370
P202067801;P202067801_12;L;7060;0;0;8472;1140;2370
P202067801;P202067801_13;M;8472;0;0;9884;1140;2370
P202067801;P202067801_14;N;8472;1300;0;9884;2440;2370
P202067801;P202067801_15;O;9884;1300;0;11296;2440;2370
P202067801;P202067801_16;P;9884;0;0;11296;1140;2370
P202067801;P202067801_17;Q;11296;0;0;12708;1140;2370
P202067801;P202067801_18;R;11296;1300;0;12708;2440;2370
P201067801;P201067801_1;A;0;0;0;1412;1140;2370
P201067801;P201067801_2;B;0;1300;0;1412;2440;2370
P201067801;P201067801_3;C;1412;1300;0;2824;2440;2370
P201067801;P201067801_4;D;1412;0;0;2824;1140;2370
P201067801;P201067801_5;E;2824;0;0;4236;1140;2370
P201067801;P201067801_6;F;2824;1300;0;4236;2440;2370
P201067801;P201067801_7;G;4236;1300;0;5648;2440;2370
P201067801;P201067801_8;H;4236;0;0;5648;1140;2370
P201067801;P201067801_9;I;5648;0;0;7060;1140;2370
P201067801;P201067801_10;J;5648;1300;0;7060;2440;2370
P201067801;P201067801_11;K;7060;1300;0;8472;2440;2370
P201067801;P201067801_12;L;7060;0;0;8472;1140;2370
P201067801;P201067801_13;M;8472;0;0;9884;1140;2370
P201067801;P201067801_14;N;8472;1300;0;9884;2440;2370
P201067801;P201067801_15;O;9884;1300;0;11296;2440;2370
P201067801;P201067801_16;P;9884;0;0;11296;1140;2370
P201067801;P201067801_17;Q;11296;0;0;12708;1140;2370
P201067801;P201067801_18;R;11296;1300;0;12708;2440;2370
P200067801;P200067801_1;A;0;0;0;1412;1140;2370
P200067801;P200067801_2;B;0;1300;0;1412;2440;2370
P200067801;P200067801_3;C;1412;1300;0;2824;2440;2370
P200067801;P200067801_4;D;1412;0;0;2824;1140;2370
P200067801;P200067801_5;E;2824;0;0;4236;1140;2370
P200067801;P200067801_6;F;2824;1300;0;4236;2440;2370
P200067801;P200067801_7;G;4236;1300;0;5648;2440;2370
P200067801;P200067801_8;H;4236;0;0;5648;1140;2370
P200067801;P200067801_9;I;5648;0;0;7060;1140;2370
P200067801;P200067801_10;J;5648;1300;0;7060;2440;2370
P200067801;P200067801_11;K;7060;1300;0;8472;2440;2370
P200067801;P200067801_12;L;7060;0;0;8472;1140;2370
P200067801;P200067801_13;M;8472;0;0;9884;1140;2370
P200067801;P200067801_14;N;8472;1300;0;9884;2440;2370
P200067801;P200067801_15;O;9884;1300;0;11296;2440;2370
P200067801;P200067801_16;P;9884;0;0;11296;1140;2370
P200067801;P200067801_17;Q;11296;0;0;12708;1140;2370
P199067801;P199067801_1;A;0;0;0;1412;1140;2370
P199067801;P199067801_2;B;0;1300;0;1412;2440;2370
P199067801;P199067801_3;C;1412;1300;0;2824;2440;2370
P199067801;P199067801_4;D;1412;0;0;2824;1140;2370
P199067801;P199067801_5;E;2824;0;0;4236;1140;2370
P199067801;P199067801_6;F;2824;1300;0;4236;2440;2370
P199067801;P199067801_7;G;4236;1300;0;5648;2440;2370
P199067801;P199067801_8;H;4236;0;0;5648;1140;2370
P199067801;P199067801_9;I;5648;0;0;7060;1140;2370
P199067801;P199067801_10;J;5648;1300;0;7060;2440;2370
P199067801;P199067801_11;K;7060;1300;0;8472;2440;2370
P199067801;P199067801_12;L;7060;0;0;8472;1140;2370
P199067801;P199067801_13;M;8472;0;0;9884;1140;2370
P199067801;P199067801_14;N;8472;1300;0;9884;2440;2370
P199067801;P199067801_15;O;9884;1300;0;11296;2440;2370
P199067801;P199067801_16;P;9884;0;0;11296;1140;2370
P199067801;P199067801_17;Q;11296;0;0;12708;1140;1200
P198067801;P198067801_1;A;0;0;0;1412;1140;2370
P198067801;P198067801_2;B;0;1300;0;1412;2440;2370
P198067801;P198067801_3;C;1412;1300;0;2824;2440;2370
P198067801;P198067801_4;D;1412;0;0;2824;1140;2370
P198067801;P198067801_5;E;2824;0;0;4236;1140;2370
P198067801;P198067801_6;F;2824;1300;0;4236;2440;2370
P198067801;P198067801_7;G;4236;1300;0;5648;2440;2370
P198067801;P198067801_8;H;4236;0;0;5648;1140;2370
P198067801;P198067801_9;I;5648;0;0;7060;1140;2370
P198067801;P198067801_10;J;5648;1300;0;7060;2440;2370
P198067801;P198067801_11;K;7060;1300;0;8472;2440;2370
P198067801;P198067801_12;L;7060;0;0;8472;1140;2370
P198067801;P198067801_13;M;8472;0;0;9884;1140;2370
P198067801;P198067801_14;N;8472;1300;0;9884;2440;2370
P198067801;P198067801_15;O;9884;1300;0;11296;2440;2370
P198067801;P198067801_16;P;9884;0;0;11296;1140;2370
P198067801;P198067801_17;Q;11296;0;0;12708;1140;2370
P198067801;P198067801_18;R;11296;1300;0;12708;2440;1200
P193067801;P193067801_1;A;0;0;0;1412;1140;2370
P193067801;P193067801_2;B;0;1300;0;1412;2440;2370
P193067801;P193067801_3;C;1412;1300;0;2824;2440;2370
P193067801;P193067801_4;D;1412;0;0;2824;1140;2370
P193067801;P193067801_5;E;2824;0;0;4236;1140;2370
P193067801;P193067801_6;F;2824;1300;0;4236;2440;2370
P193067801;P193067801_7;G;4236;1300;0;5648;2440;2370
P193067801;P193067801_8;H;4236;0;0;5648;1140;2370
P193067801;P193067801_9;I;5648;0;0;7060;1140;2370
P193067801;P193067801_10;J;5648;1300;0;7060;2440;2370
P193067801;P193067801_11;K;7060;1300;0;8472;2440;2370
P193067801;P193067801_12;L;7060;0;0;8472;1140;2370
P193067801;P193067801_13;M;8472;0;0;9884;1140;2370
P193067801;P193067801_14;N;8472;1300;0;9884;2440;2370
P193067801;P193067801_15;O;9884;1300;0;11296;2440;2370
P193067801;P193067801_16;P;9884;0;0;11296;1140;2370
P193067801;P193067801_17;Q;11296;0;0;12708;1140;2370
P193067801;P193067801_18;R;11296;1300;0;12708;2440;2370
Q193067801_1;Q193067801_1_1;A;0;0;0;1412;1140;2370
Q193067801_1;Q193067801_1_2;B;0;1300;0;1412;2440;2370
Q193067801_1;Q193067801_1_3;C;1412;1300;0;2824;2440;2370
Q193067801_1;Q193067801_1_4;D;1412;0;0;2824;1140;2370
Q193067801_1;Q193067801_1_5;E;2824;0;0;4236;1140;2370
Q193067801_1;Q193067801_1_6;F;2824;1300;0;4236;2440;2370
Q193067801_1;Q193067801_1_7;G;4236;1300;0;5648;2440;2370
Q193067801_1;Q193067801_1_8;H;4236;0;0;5648;1140;2370
Q193067801_1;Q193067801_1_9;I;5648;0;0;7060;1140;2370
Q193067801_1;Q193067801_1_10;J;5648;1300;0;7060;2440;2370
Q193067801_1;Q193067801_1_11;K;7060;1300;0;8472;2440;2370
Q193067801_1;Q193067801_1_12;L;7060;0;0;8472;1140;2370
Q193067801_1;Q193067801_1_13;M;8472;0;0;9884;1140;2370
Q193067801_1;Q193067801_1_14;N;8472;1300;0;9884;2440;2370
Q193067801_1;Q193067801_1_15;O;9884;1300;0;11296;2440;2370
Q193067801_1;Q193067801_1_16;P;9884;0;0;11296;1140;2370
Q193067801_1;Q193067801_1_17;Q;11296;0;0;12708;1140;2370
Q193067801_1;Q193067801_1_18;R;11296;1300;0;12708;2440;2370
P192067801;P192067801_1;A;0;0;0;1412;1140;2370
P192067801;P192067801_2;B;0;1300;0;1412;2440;2370
P192067801;P192067801_3;C;1412;1300;0;2824;2440;2370
P192067801;P192067801_4;D;1412;0;0;2824;1140;2370
P192067801;P192067801_5;E;2824;0;0;4236;1140;2370
P192067801;P192067801_6;F;2824;1300;0;4236;2440;2370
P192067801;P192067801_7;G;4236;1300;0;5648;2440;2370
P192067801;P192067801_8;H;4236;0;0;5648;1140;2370
P192067801;P192067801_9;I;5648;0;0;7060;1140;2370
P192067801;P192067801_10;J;5648;1300;0;7060;2440;2370
P192067801;P192067801_11;K;7060;1300;0;8472;2440;2370
P192067801;P192067801_12;L;7060;0;0;8472;1140;2370
P192067801;P192067801_13;M;8472;0;0;9884;1140;2370
P192067801;P192067801_14;N;8472;1300;0;9884;2440;2370
P192067801;P192067801_15;O;9884;1300;0;11296;2440;2370
P192067801;P192067801_16;P;9884;0;0;11296;1140;2370
P192067801;P192067801_17;Q;11296;0;0;12708;1140;2370
P192067801;P192067801_18;R;11296;1300;0;12708;2440;2370
P191067801;P191067801_1;A;0;0;0;1412;1140;2370
P191067801;P191067801_2;B;0;1300;0;1412;2440;2370
P191067801;P191067801_3;C;1412;1300;0;2824;2440;2370
P191067801;P191067801_4;D;1412;0;0;2824;1140;2370
P191067801;P191067801_5;E;2824;0;0;4236;1140;2370
P191067801;P191067801_6;F;2824;1300;0;4236;2440;2370
P191067801;P191067801_7;G;4236;1300;0;5648;2440;2370
P191067801;P191067801_8;H;4236;0;0;5648;1140;2370
P191067801;P191067801_9;I;5648;0;0;7060;1140;2370
P191067801;P191067801_10;J;5648;1300;0;7060;2440;2370
P191067801;P191067801_11;K;7060;1300;0;8472;2440;2370
P191067801;P191067801_12;L;7060;0;0;8472;1140;2370
P191067801;P191067801_13;M;8472;0;0;9884;1140;2370
P191067801;P191067801_14;N;8472;1300;0;9884;2440;2370
P191067801;P191067801_15;O;9884;1300;0;11296;2440;2370
P191067801;P191067801_16;P;9884;0;0;11296;1140;2370
P191067801;P191067801_17;Q;11296;0;0;12708;1140;2370
P191067801;P191067801_18;R;11296;1300;0;12708;2440;2370
P188067801;P188067801_1;A;0;0;0;1412;1140;2370
P188067801;P188067801_2;B;0;1300;0;1412;2440;2370
P188067801;P188067801_3;C;1412;1300;0;2824;2440;2370
P188067801;P188067801_4;D;1412;0;0;2824;1140;2370
P188067801;P188067801_5;E;2824;0;0;4236;1140;2370
P188067801;P188067801_6;F;2824;1300;0;4236;2440;2370
P188067801;P188067801_7;G;4236;1300;0;5648;2440;2370
P188067801;P188067801_8;H;4236;0;0;5648;1140;2370
P188067801;P188067801_9;I;5648;0;0;7060;1140;2370
P188067801;P188067801_10;J;5648;1300;0;7060;2440;2370
P188067801;P188067801_11;K;7060;1300;0;8472;2440;2370
P188067801;P188067801_12;L;7060;0;0;8472;1140;2370
P188067801;P188067801_13;M;8472;0;0;9884;1140;2370
P188067801;P188067801_14;N;8472;1300;0;9884;2440;2370
P188067801;P188067801_15;O;9884;1300;0;11296;2440;2370
P188067801;P188067801_16;P;9884;0;0;11296;1140;2370
P188067801;P188067801_17;Q;11296;0;0;12708;1140;2370
P188067801;P188067801_18;R;11296;1300;0;12708;2440;2370
P187067801;P187067801_1;A;0;0;0;1412;1140;2370
P187067801;P187067801_2;B;0;1300;0;1412;2440;2370
P187067801;P187067801_3;C;1412;1300;0;2824;2440;2370
P187067801;P187067801_4;D;1412;0;0;2824;1140;2370
P187067801;P187067801_5;E;2824;0;0;4236;1140;2370
P187067801;P187067801_6;F;2824;1300;0;4236;2440;2370
P187067801;P187067801_7;G;4236;1300;0;5648;2440;2370
P187067801;P187067801_8;H;4236;0;0;5648;1140;2370
P187067801;P187067801_9;I;5648;0;0;7060;1140;2370
P187067801;P187067801_10;J;5648;1300;0;7060;2440;2370
P187067801;P187067801_11;K;7060;1300;0;8472;2440;2370
P187067801;P187067801_12;L;7060;0;0;8472;1140;2370
P187067801;P187067801_13;M;8472;0;0;9884;1140;2370
P187067801;P187067801_14;N;8472;1300;0;9884;2440;2370
P187067801;P187067801_15;O;9884;1300;0;11296;2440;2370
P187067801;P187067801_16;P;9884;0;0;11296;1140;2370
P187067801;P187067801_17;Q;11296;0;0;12708;1140;2370
P187067801;P187067801_18;R;11296;1300;0;12708;2440;2370
P186067801;P186067801_1;A;0;0;0;1412;1140;2370
P186067801;P186067801_2;B;0;1300;0;1412;2440;2370
P186067801;P186067801_3;C;1412;1300;0;2824;2440;2370
P186067801;P186067801_4;D;1412;0;0;2824;1140;2370
P186067801;P186067801_5;E;2824;0;0;4236;1140;2370
P186067801;P186067801_6;F;2824;1300;0;4236;2440;2370
P186067801;P186067801_7;G;4236;1300;0;5648;2440;2370
P186067801;P186067801_8;H;4236;0;0;5648;1140;2370
P186067801;P186067801_9;I;5648;0;0;7060;1140;2370
P186067801;P186067801_10;J;5648;1300;0;7060;2440;2370
P186067801;P186067801_11;K;7060;1300;0;8472;2440;2370
P186067801;P186067801_12;L;7060;0;0;8472;1140;2370
P186067801;P186067801_13;M;8472;0;0;9884;1140;2370
P186067801;P186067801_14;N;8472;1300;0;9884;2440;2370
P186067801;P186067801_15;O;9884;1300;0;11296;2440;2370
P186067801;P186067801_16;P;9884;0;0;11296;1140;2370
P186067801;P186067801_17;Q;11296;0;0;12708;1140;2370
P186067801;P186067801_18;R;11296;1300;0;12708;2440;2370
P185067801;P185067801_1;A;0;0;0;1412;1140;2370
P185067801;P185067801_2;B;0;1300;0;1412;2440;2370
P185067801;P185067801_3;C;1412;1300;0;2824;2440;2370
P185067801;P185067801_4;D;1412;0;0;2824;1140;2370
P185067801;P185067801_5;E;2824;0;0;4236;1140;2370
P185067801;P185067801_6;F;2824;1300;0;4236;2440;2370
P185067801;P185067801_7;G;4236;1300;0;5648;2440;2370
P185067801;P185067801_8;H;4236;0;0;5648;1140;2370
P185067801;P185067801_9;I;5648;0;0;7060;1140;2370
P185067801;P185067801_10;J;5648;1300;0;7060;2440;2370
P185067801;P185067801_11;K;7060;1300;0;8472;2440;2370
P185067801;P185067801_12;L;7060;0;0;8472;1140;2370
P185067801;P185067801_13;M;8472;0;0;9884;1140;2370
P185067801;P185067801_14;N;8472;1300;0;9884;2440;2370
P185067801;P185067801_15;O;9884;1300;0;11296;2440;2370
P185067801;P185067801_16;P;9884;0;0;11296;1140;2370
P185067801;P185067801_17;Q;11296;0;0;12708;1140;2370
P185067801;P185067801_18;R;11296;1300;0;12708;2440;2370
P184067801;P184067801_1;A;0;0;0;1412;1140;2370
P184067801;P184067801_2;B;0;1300;0;1412;2440;2370
P184067801;P184067801_3;C;1412;1300;0;2824;2440;2370
P184067801;P184067801_4;D;1412;0;0;2824;1140;2370
P184067801;P184067801_5;E;2824;0;0;4236;1140;2370
P184067801;P184067801_6;F;2824;1300;0;4236;2440;2370
P184067801;P184067801_7;G;4236;1300;0;5648;2440;2370
P184067801;P184067801_8;H;4236;0;0;5648;1140;2370
P184067801;P184067801_9;I;5648;0;0;7060;1140;2370
P184067801;P184067801_10;J;5648;1300;0;7060;2440;2370
P184067801;P184067801_11;K;7060;1300;0;8472;2440;2370
P184067801;P184067801_12;L;7060;0;0;8472;1140;2370
P184067801;P184067801_13;M;8472;0;0;9884;1140;2370
P184067801;P184067801_14;N;8472;1300;0;9884;2440;2370
P184067801;P184067801_15;O;9884;1300;0;11296;2440;2370
P184067801;P184067801_16;P;9884;0;0;11296;1140;2370
P240069401;P240069401_1;A;0;830;0;570;1610;478
P240069401;P240069401_2;B;570;830;0;1140;1610;478
P240069401;P240069401_3;C;1140;1610;0;1710;2390;478
P240069401;P240069401_4;D;1140;415;0;1710;1195;478
P240069401;P240069401_5;E;1710;0;0;2280;780;1771
P240069401;P240069401_6;F;1710;1220;0;2280;2000;478
P240069401;P240069401_7;G;2280;620;0;3280;1820;2865
P240069401;P240069401_8;H;3280;620;0;4280;1820;2865
P240069401;P240069401_9;I;4280;620;0;5280;1820;2865
P240069401;P240069401_10;J;5280;1240;0;6280;2440;2865
P240069401;P240069401_11;K;5280;0;0;6280;1200;2865
P240069401;P240069401_12;L;6280;0;0;7280;1200;2160
P240069401;P240069401_13;M;6280;1240;0;7880;2440;2865
P240069401;P240069401_14;N;7280;0;0;8880;1200;2865
P240069401;P240069401_15;O;7880;1240;0;9480;2440;2865
P240069401;P240069401_16;P;8880;0;0;10480;1200;2865
P240069401;P240069401_17;Q;9480;1240;0;11080;2440;2865
P240069401;P240069401_18;R;10480;0;0;12080;1200;2865
P240069401;P240069401_19;S;11080;1240;0;12680;2440;1455
P205069401;P205069401_1;A;0;620;0;1000;1820;2865
P205069401;P205069401_2;B;1000;1240;0;2000;2440;2865
P205069401;P205069401_3;C;1000;0;0;1570;780;1771
P205069401;P205069401_4;D;1570;0;0;2570;1200;2865
P205069401;P205069401_5;E;2000;1240;0;3000;2440;2865
P205069401;P205069401_6;F;2570;0;0;3140;780;1771
P205069401;P205069401_7;G;3000;810;0;4200;2410;2865
P205069401;P205069401_8;H;3140;0;0;3710;780;1771
P205069401;P205069401_9;I;3710;0;0;4280;780;1771
P205069401;P205069401_10;J;4200;840;0;5400;2440;2865
P205069401;P205069401_11;K;4280;0;0;4850;780;909
P205069401;P205069401_12;L;5400;1240;0;7000;2440;2865
P205069401;P205069401_13;M;5400;0;0;7000;1200;2865
P205069401;P205069401_14;N;7000;0;0;8600;1200;2865
P205069401;P205069401_15;O;7000;1240;0;8000;2440;2865
P205069401;P205069401_16;P;8000;1240;0;9600;2440;2865
P205069401;P205069401_17;Q;8600;0;0;10200;1200;2865
P205069401;P205069401_18;R;9600;1240;0;11200;2440;2865
P205069401;P205069401_19;S;10200;0;0;11200;1200;2865
P205069401;P205069401_20;T;11200;1240;0;12200;2440;2865
P205069401;P205069401_21;U;11200;0;0;12200;1200;2865
P205069401;P205069401_22;V;12200;0;0;13400;1000;2865
P205069401;P205069401_23;W;12200;1440;0;13400;2440;2865
P201069401;P201069401_1;A;0;620;0;1000;1820;2865
P201069401;P201069401_2;B;1000;620;0;2600;1820;2865
P201069401;P201069401_3;C;2600;1240;0;4200;2440;2865
P201069401;P201069401_4;D;2600;0;0;4200;1200;2865
P201069401;P201069401_5;E;4200;1240;0;5800;2440;2865
P201069401;P201069401_6;F;4200;0;0;5800;1200;2865
P201069401;P201069401_7;G;5800;0;0;7400;1200;2865
P201069401;P201069401_8;H;5800;1240;0;7400;2440;2865
P201069401;P201069401_9;I;7400;1240;0;8400;2440;2865
P201069401;P201069401_10;J;7400;0;0;8400;1200;2865
P201069401;P201069401_11;K;8400;0;0;9400;1200;2865
P201069401;P201069401_12;L;8400;1240;0;10000;2440;2865
P201069401;P201069401_13;M;9400;0;0;11000;1200;2865
P201069401;P201069401_14;N;10000;1240;0;11600;2440;2160
P201069401;P201069401_15;O;11000;0;0;12000;1200;2865
P201069401;P201069401_16;P;11600;1240;0;12600;2440;1455
P201069401;P201069401_17;Q;12000;0;0;12570;780;1771
P201069401;P201069401_18;R;12570;0;0;13140;780;1771
P201069401;P201069401_19;S;12600;780;0;13170;1560;478
P198069401;P198069401_1;A;0;0;0;1600;1200;2865
P198069401;P198069401_2;B;0;1220;0;1600;2420;2865
P198069401;P198069401_3;C;1600;620;0;3200;1820;2865
P198069401;P198069401_4;D;3200;1240;0;4800;2440;2865
P198069401;P198069401_5;E;3200;0;0;4800;1200;2865
P198069401;P198069401_6;F;4800;1240;0;6400;2440;2865
P198069401;P198069401_7;G;4800;0;0;6400;1200;2865
P198069401;P198069401_8;H;6400;0;0;8000;1200;2865
P198069401;P198069401_9;I;6400;1240;0;8000;2440;2865
P198069401;P198069401_10;J;8000;1240;0;9600;2440;2865
P198069401;P198069401_11;K;8000;0;0;9600;1200;1455
P198069401;P198069401_12;L;9600;0;0;10600;1200;2865
P198069401;P198069401_13;M;9600;1240;0;10600;2440;2865
P198069401;P198069401_14;N;10600;1240;0;11600;2440;2865
P198069401;P198069401_15;O;10600;0;0;11600;1200;2865
P198069401;P198069401_16;P;11600;0;0;12170;780;1771
P198069401;P198069401_17;Q;11600;780;0;12170;1560;1771
P198069401;P198069401_18;R;11600;1660;0;12170;2440;909
P198069401;P198069401_19;S;12170;1440;0;13370;2440;2865
P198069401;P198069401_20;T;12170;0;0;13370;1000;2865
P191069401;P191069401_1;A;0;620;0;1000;1820;2865
P191069401;P191069401_2;B;1000;1240;0;2000;2440;2865
P191069401;P191069401_3;C;1000;0;0;2000;1200;2865
P191069401;P191069401_4;D;2000;1240;0;3000;2440;2865
P191069401;P191069401_5;E;2000;20;0;3000;1220;2865
P191069401;P191069401_6;F;3000;0;0;3570;780;1771
P191069401;P191069401_7;G;3000;1220;0;3570;2000;1771
P191069401;P191069401_8;H;3570;830;0;4140;1610;1771
P191069401;P191069401_9;I;4140;830;0;4710;1610;909
P191069401;P191069401_10;J;4710;1240;0;5710;2440;2865
P191069401;P191069401_11;K;4710;20;0;5710;1220;2865
P191069401;P191069401_12;L;5710;1240;0;6710;2440;2865
P191069401;P191069401_13;M;5710;20;0;6710;1220;2865
P191069401;P191069401_14;N;6710;0;0;7710;1200;2160
P191069401;P191069401_15;O;6710;1240;0;8310;2440;2865
P191069401;P191069401_16;P;7710;0;0;9310;1200;2865
P191069401;P191069401_17;Q;8310;1240;0;9910;2440;2865
P191069401;P191069401_18;R;9310;0;0;10910;1200;2865
P191069401;P191069401_19;S;9910;1240;0;11510;2440;2865
P191069401;P191069401_20;T;10910;0;0;12510;1200;2865
P191069401;P191069401_21;U;11510;1240;0;13110;2440;2865
P187069401;P187069401_1;A;0;620;0;1600;1820;2865
P187069401;P187069401_2;B;1600;620;0;3200;1820;2865
P187069401;P187069401_3;C;3200;620;0;4800;1820;2865
P187069401;P187069401_4;D;4800;1240;0;6400;2440;2865
P187069401;P187069401_5;E;4800;0;0;6400;1200;2865
P187069401;P187069401_6;F;6400;0;0;8000;1200;2865
P187069401;P187069401_7;G;6400;1240;0;7400;2440;2865
P187069401;P187069401_8;H;7400;1240;0;8400;2440;2865
P187069401;P187069401_9;I;8000;0;0;9000;1200;2865
P187069401;P187069401_10;J;8400;1240;0;9400;2440;2865
P187069401;P187069401_11;K;9000;0;0;10000;1200;750
P187069401;P187069401_12;L;9400;1660;0;9970;2440;1771
P187069401;P187069401_13;M;9970;1240;0;11570;2440;2865
P187069401;P187069401_14;N;10000;0;0;11600;1200;2865
P187069401;P187069401_15;O;11570;1660;0;12140;2440;1771
P184069401;P184069401_1;A;0;620;0;1000;1820;750
P184069401;P184069401_2;B;1000;1660;0;1570;2440;478
P184069401;P184069401_3;C;1000;440;0;1570;1220;478
P184069401;P184069401_4;D;1570;830;0;2140;1610;1771
P184069401;P184069401_5;E;2140;830;0;2710;1610;909
P184069401;P184069401_6;F;2710;1240;0;3710;2440;2865
P184069401;P184069401_7;G;2710;20;0;3710;1220;2865
P184069401;P184069401_8;H;3710;0;0;4710;1200;2865
P184069401;P184069401_9;I;3710;1240;0;4710;2440;2865
P184069401;P184069401_10;J;4710;1240;0;5710;2440;2865
P184069401;P184069401_11;K;4710;0;0;6310;1200;2865
P184069401;P184069401_12;L;5710;1240;0;7310;2440;2865
P184069401;P184069401_13;M;6310;0;0;7910;1200;2865
P184069401;P184069401_14;N;7310;1240;0;8910;2440;2865
P184069401;P184069401_15;O;7910;0;0;9510;1200;2865
P184069401;P184069401_16;P;8910;1240;0;10510;2440;2865
P184069401;P184069401_17;Q;9510;0;0;11110;1200;750
P240161901;P240161901_1;A;0;0;0;1900;1200;2865
P240161901;P240161901_2;B;0;1240;0;1900;2440;2865
P240161901;P240161901_3;C;1900;1240;0;3800;2440;2865
P240161901;P240161901_4;D;1900;0;0;3800;1200;2865
P240161901;P240161901_5;E;3800;0;0;5700;1200;2865
P240161901;P240161901_6;F;3800;1240;0;4800;2440;1905
P240161901;P240161901_7;G;4800;1240;0;5800;2440;1905
P240161901;P240161901_8;H;5700;0;0;6700;1200;1905
P240161901;P240161901_9;I;5800;1240;0;6800;2440;1905
P240161901;P240161901_10;J;6700;0;0;7700;1200;1905
P240161901;P240161901_11;K;6800;1240;0;7800;2440;1905
P240161901;P240161901_12;L;7700;0;0;8700;1200;1905
P240161901;P240161901_13;M;7800;1240;0;8800;2440;1905
P240161901;P240161901_14;N;8700;0;0;9700;1200;1905
P240161901;P240161901_15;O;8800;1240;0;9800;2440;1905
P240161901;P240161901_16;P;9700;0;0;10700;1200;1905
P240161901;P240161901_17;Q;9800;1240;0;10800;2440;1905
P240161901;P240161901_18;R;10700;0;0;11700;1200;1905
P240161901;P240161901_19;S;10800;1240;0;11800;2440;1905
P206161903;P206161903_1;A;0;0;0;1900;1200;2865
P206161903;P206161903_2;B;0;1240;0;1900;2440;2865
P206161903;P206161903_3;C;1900;1240;0;3800;2440;2865
P206161903;P206161903_4;D;1900;0;0;3800;1200;2865
P206161903;P206161903_5;E;3800;0;0;5700;1200;2865
P206161903;P206161903_6;F;3800;1240;0;5700;2440;2865
P206161903;P206161903_7;G;5700;1240;0;7600;2440;2865
P206161903;P206161903_8;H;5700;0;0;7600;1200;2865
P206161903;P206161903_9;I;7600;0;0;9500;1200;2865
P206161903;P206161903_10;J;7600;1240;0;9500;2440;2865
P206161903;P206161903_11;K;9500;1240;0;11400;2440;2865
P206161903;P206161903_12;L;9500;0;0;11400;1200;2865
P206161903;P206161903_13;M;11400;0;0;13300;1200;2865
P206161903;P206161903_14;N;11400;1240;0;13300;2440;2865
P205161901;P205161901_1;A;0;1240;0;1900;2440;2865
P205161901;P205161901_2;B;0;0;0;1900;1200;2865
P205161901;P205161901_3;C;1900;0;0;3800;1200;2865
P205161901;P205161901_4;D;1900;1240;0;2900;2440;1905
P205161901;P205161901_5;E;2900;1240;0;3900;2440;1905
P205161901;P205161901_6;F;3800;0;0;4800;1200;1905
P205161901;P205161901_7;G;3900;1240;0;4900;2440;1905
P205161901;P205161901_8;H;4800;0;0;5800;1200;1905
P205161901;P205161901_9;I;4900;1240;0;5900;2440;1905
P205161901;P205161901_10;J;5800;0;0;6800;1200;1905
P205161901;P205161901_11;K;5900;1240;0;6900;2440;1905
P205161901;P205161901_12;L;6800;0;0;7800;1200;1905
P205161901;P205161901_13;M;6900;1240;0;7900;2440;1905
P205161901;P205161901_14;N;7800;0;0;8800;1200;1905
P205161901;P205161901_15;O;7900;1240;0;8900;2440;1905
P205161901;P205161901_16;P;8800;0;0;9800;1200;1905
P205161901;P205161901_17;Q;8900;1240;0;9900;2440;1905
P205161901;P205161901_18;R;9800;0;0;10800;1200;1905
P205161901;P205161901_19;S;9900;1240;0;10900;2440;1905
P205161901;P205161901_20;T;10800;0;0;11800;1200;1905
P205161901;P205161901_21;U;10900;1240;0;11900;2440;1905
P205161901;P205161901_22;V;11800;0;0;12800;1200;1905
P205161901;P205161901_23;W;11900;1240;0;12900;2440;1905
Q205161901_1;Q205161901_1_1;A;0;0;0;1900;1200;2865
Q205161901_1;Q205161901_1_2;B;0;1240;0;1900;2440;2865
Q205161901_1;Q205161901_1_3;C;1900;1240;0;3800;2440;2865
Q205161901_1;Q205161901_1_4;D;1900;0;0;3800;1200;2865
Q205161901_1;Q205161901_1_5;E;3800;0;0;5700;1200;2865
Q205161901_1;Q205161901_1_6;F;3800;1240;0;5700;2440;2865
Q205161901_1;Q205161901_1_7;G;5700;1240;0;7600;2440;2865
Q205161901_1;Q205161901_1_8;H;5700;0;0;7600;1200;2865
Q205161901_1;Q205161901_1_9;I;7600;0;0;9500;1200;2865
Q205161901_1;Q205161901_1_10;J;7600;1240;0;9500;2440;2865
Q205161901_1;Q205161901_1_11;K;9500;1240;0;11400;2440;2865
Q205161901_1;Q205161901_1_12;L;9500;0;0;11400;1200;2865
Q205161901_1;Q205161901_1_13;M;11400;0;0;12400;1200;1905
Q205161901_1;Q205161901_1_14;N;11400;1240;0;12400;2440;1905
Q205161901_1;Q205161901_1_15;O;12400;1240;0;13400;2440;1905
Q205161901_1;Q205161901_1_16;P;12400;0;0;13400;1200;1905
P202161903;P202161903_1;A;0;0;0;1900;1200;2865
P202161903;P202161903_2;B;0;1240;0;1900;2440;2865
P202161903;P202161903_3;C;1900;1240;0;3800;2440;2865
P202161903;P202161903_4;D;1900;0;0;3800;1200;2865
P202161903;P202161903_5;E;3800;0;0;5700;1200;2865
P202161903;P202161903_6;F;3800;1240;0;5700;2440;2865
P202161903;P202161903_7;G;5700;1240;0;7600;2440;2865
P200161905;P200161905_1;A;0;0;0;1000;1200;1905
P200161905;P200161905_2;B;0;1240;0;1000;2440;1905
P200161905;P200161905_3;C;1000;1240;0;2000;2440;1905
P200161905;P200161905_4;D;1000;0;0;2000;1200;1905
P200161905;P200161905_5;E;2000;0;0;3000;1200;1905
P200161905;P200161905_6;F;2000;1240;0;3000;2440;1905
P200161905;P200161905_7;G;3000;1240;0;4000;2440;1905
P200161905;P200161905_8;H;3000;0;0;4000;1200;1905
P200161905;P200161905_9;I;4000;0;0;5000;1200;1905
P200161905;P200161905_10;J;4000;1240;0;5000;2440;1905
P200161905;P200161905_11;K;5000;1240;0;6000;2440;1905
P200161905;P200161905_12;L;5000;0;0;6000;1200;1905
P200161905;P200161905_13;M;6000;0;0;7000;1200;1905
P200161905;P200161905_14;N;6000;1240;0;7000;2440;1905
P200161905;P200161905_15;O;7000;1240;0;8000;2440;1905
P200161905;P200161905_16;P;7000;0;0;8000;1200;1905
P200161905;P200161905_17;Q;8000;0;0;9000;1200;1905
P200161905;P200161905_18;R;8000;1240;0;9000;2440;1905
P200161905;P200161905_19;S;9000;1240;0;10000;2440;1905
P200161905;P200161905_20;T;9000;0;0;10000;1200;1905
P200161905;P200161905_21;U;10000;0;0;11000;1200;1905
P200161905;P200161905_22;V;10000;1240;0;11000;2440;1905
P200161905;P200161905_23;W;11000;1240;0;12000;2440;1905
P200161905;P200161905_24;X;11000;0;0;12000;1200;1905
P200161905;P200161905_25;Y;12000;0;0;13200;1000;1905
P200161905;P200161905_26;Z;12000;1240;0;13000;2440;1905
P199161903;P199161903_1;A;0;0;0;1900;1200;2865
P199161903;P199161903_2;B;0;1240;0;1900;2440;2865
P199161903;P199161903_3;C;1900;1240;0;3800;2440;2865
P199161903;P199161903_4;D;1900;0;0;3800;1200;2865
P199161903;P199161903_5;E;3800;0;0;5700;1200;2865
P199161903;P199161903_6;F;3800;1240;0;5700;2440;2865
P199161903;P199161903_7;G;5700;1240;0;7600;2440;2865
P199161903;P199161903_8;H;5700;0;0;7600;1200;2865
P199161903;P199161903_9;I;7600;0;0;9500;1200;2865
P199161903;P199161903_10;J;7600;1240;0;9500;2440;2865
P199161903;P199161903_11;K;9500;1240;0;11400;2440;2865
P199161903;P199161903_12;L;9500;0;0;11400;1200;2865
P199161903;P199161903_13;M;11400;0;0;13300;1200;2865
P199161903;P199161903_14;N;11400;1240;0;13300;2440;2865
P198161901;P198161901_1;A;0;0;0;1900;1200;2865
P198161901;P198161901_2;B;0;1240;0;1900;2440;2865
P198161901;P198161901_3;C;1900;1240;0;3800;2440;2865
P198161901;P198161901_4;D;1900;0;0;3800;1200;2865
P198161901;P198161901_5;E;3800;0;0;5700;1200;2865
P198161901;P198161901_6;F;3800;1240;0;5700;2440;2865
P198161901;P198161901_7;G;5700;1240;0;7600;2440;2865
P198161901;P198161901_8;H;5700;0;0;7600;1200;2865
P198161901;P198161901_9;I;7600;0;0;8600;1200;1905
P198161901;P198161901_10;J;7600;1240;0;8600;2440;1905
P198161901;P198161901_11;K;8600;1240;0;9600;2440;1905
P198161901;P198161901_12;L;8600;0;0;9600;1200;1905
P198161901;P198161901_13;M;9600;0;0;10600;1200;1905
P198161901;P198161901_14;N;9600;1240;0;10600;2440;1905
P198161901;P198161901_15;O;10600;1240;0;11600;2440;1905
P198161901;P198161901_16;P;10600;0;0;11600;1200;1905
P198161901;P198161901_17;Q;11600;0;0;12800;1000;1905
P198161901;P198161901_18;R;11600;1240;0;12600;2440;1905
P193161905;P193161905_1;A;0;0;0;1000;1200;1905
P193161905;P193161905_2;B;0;1240;0;1000;2440;1905
P193161905;P193161905_3;C;1000;1240;0;2000;2440;1905
P193161905;P193161905_4;D;1000;0;0;2000;1200;1905
P193161905;P193161905_5;E;2000;0;0;3000;1200;1905
P193161905;P193161905_6;F;2000;1240;0;3000;2440;1905
P193161905;P193161905_7;G;3000;1240;0;4000;2440;1905
P193161905;P193161905_8;H;3000;0;0;4000;1200;1905
P193161905;P193161905_9;I;4000;0;0;5000;1200;1905
P193161905;P193161905_10;J;4000;1240;0;5000;2440;1905
P193161905;P193161905_11;K;5000;1240;0;6000;2440;1905
P193161905;P193161905_12;L;5000;0;0;6000;1200;1905
P193161905;P193161905_13;M;6000;0;0;7000;1200;1905
P193161905;P193161905_14;N;6000;1240;0;7000;2440;1905
P193161905;P193161905_15;O;7000;1240;0;8000;2440;1905
P193161905;P193161905_16;P;7000;0;0;8000;1200;1905
P193161905;P193161905_17;Q;8000;0;0;9000;1200;1905
P193161905;P193161905_18;R;8000;1240;0;9000;2440;1905
P193161905;P193161905_19;S;9000;1240;0;10000;2440;1905
P193161905;P193161905_20;T;9000;0;0;10000;1200;1905
P193161905;P193161905_21;U;10000;0;0;11000;1200;1905
P193161905;P193161905_22;V;10000;1240;0;11000;2440;1905
P193161905;P193161905_23;W;11000;1240;0;12000;2440;1905
P193161905;P193161905_24;X;11000;0;0;12000;1200;1905
P193161905;P193161905_25;Y;12000;0;0;13200;1000;1905
P193161905;P193161905_26;Z;12000;1240;0;13000;2440;1905
P192161903;P192161903_1;A;0;0;0;1900;1200;2865
P192161903;P192161903_2;B;0;1200;0;1900;2400;2865
P192161903;P192161903_3;C;1900;1240;0;3800;2440;2865
P192161903;P192161903_4;D;1900;0;0;3800;1200;2865
P192161903;P192161903_5;E;3800;0;0;5700;1200;2865
P192161903;P192161903_6;F;3800;1200;0;5700;2400;2865
P192161903;P192161903_7;G;5700;1240;0;7600;2440;2865
P192161903;P192161903_8;H;5700;0;0;7600;1200;2865
P192161903;P192161903_9;I;7600;1240;0;9500;2440;2865
P192161903;P192161903_10;J;7600;0;0;9500;1200;2865
P192161903;P192161903_11;K;9500;0;0;11400;1200;2865
P192161903;P192161903_12;L;9500;1240;0;11400;2440;2865
P192161903;P192161903_13;M;11400;1240;0;13300;2440;2865
P192161903;P192161903_14;N;11400;0;0;13300;1200;2865
P191161901;P191161901_1;A;0;0;0;1900;1200;2865
P191161901;P191161901_2;B;0;1240;0;1900;2440;2865
P191161901;P191161901_3;C;1900;1240;0;3800;2440;2865
P191161901;P191161901_4;D;1900;0;0;3800;1200;2865
P191161901;P191161901_5;E;3800;0;0;5700;1200;2865
P191161901;P191161901_6;F;3800;1240;0;5700;2440;2865
P191161901;P191161901_7;G;5700;1240;0;7600;2440;2865
P191161901;P191161901_8;H;5700;0;0;7600;1200;2865
P191161901;P191161901_9;I;7600;0;0;8600;1200;1905
P191161901;P191161901_10;J;7600;1240;0;8600;2440;1905
P191161901;P191161901_11;K;8600;1240;0;9600;2440;1905
P191161901;P191161901_12;L;8600;0;0;9600;1200;1905
P191161901;P191161901_13;M;9600;0;0;10600;1200;1905
P191161901;P191161901_14;N;9600;1240;0;10600;2440;1905
P191161901;P191161901_15;O;10600;1240;0;11600;2440;1905
P191161901;P191161901_16;P;10600;0;0;11600;1200;1905
P191161901;P191161901_17;Q;11600;0;0;12800;1000;1905
P191161901;P191161901_18;R;11600;1240;0;12600;2440;1905
Q191161901_1;Q191161901_1_1;A;0;0;0;1900;1200;2865
Q191161901_1;Q191161901_1_2;B;0;1200;0;1900;2400;2865
Q191161901_1;Q191161901_1_3;C;1900;1240;0;3800;2440;2865
Q191161901_1;Q191161901_1_4;D;1900;0;0;3800;1200;2865
Q191161901_1;Q191161901_1_5;E;3800;0;0;5700;1200;2160
Q191161901_1;Q191161901_1_6;F;3800;1240;0;4800;2440;1905
Q191161901_1;Q191161901_1_7;G;4800;1240;0;5800;2440;1905
Q191161901_1;Q191161901_1_8;H;5700;0;0;6700;1200;1905
Q191161901_1;Q191161901_1_9;I;5800;1240;0;6800;2440;1905
Q191161901_1;Q191161901_1_10;J;6700;0;0;7700;1200;1905
Q191161901_1;Q191161901_1_11;K;6800;1240;0;7800;2440;1905
Q191161901_1;Q191161901_1_12;L;7700;0;0;8700;1200;1905
Q191161901_1;Q191161901_1_13;M;7800;1240;0;8800;2440;1905
Q191161901_1;Q191161901_1_14;N;8700;0;0;9700;1200;1905
Q191161901_1;Q191161901_1_15;O;8800;1240;0;9800;2440;1905
Q191161901_1;Q191161901_1_16;P;9700;0;0;10700;1200;1905
Q191161901_1;Q191161901_1_17;Q;9800;1240;0;10800;2440;1905
P186161905;P186161905_1;A;0;0;0;1000;1200;1905
P186161905;P186161905_2;B;0;1240;0;1000;2440;1905
P186161905;P186161905_3;C;1000;1240;0;2000;2440;1905
P186161905;P186161905_4;D;1000;0;0;2000;1200;1905
P186161905;P186161905_5;E;2000;0;0;3000;1200;1905
P186161905;P186161905_6;F;2000;1240;0;3000;2440;1905
P186161905;P186161905_7;G;3000;1240;0;4000;2440;1905
P186161905;P186161905_8;H;3000;0;0;4000;1200;1905
P186161905;P186161905_9;I;4000;0;0;5000;1200;1905
P186161905;P186161905_10;J;4000;1240;0;5000;2440;1905
P186161905;P186161905_11;K;5000;1240;0;6000;2440;1905
P186161905;P186161905_12;L;5000;0;0;6000;1200;1905
P186161905;P186161905_13;M;6000;0;0;7000;1200;1905
P186161905;P186161905_14;N;6000;1240;0;7000;2440;1905
P186161905;P186161905_15;O;7000;1240;0;8000;2440;1905
P186161905;P186161905_16;P;7000;0;0;8000;1200;1905
P186161905;P186161905_17;Q;8000;0;0;9000;1200;1905
P186161905;P186161905_18;R;8000;1240;0;9000;2440;1905
P186161905;P186161905_19;S;9000;1240;0;10000;2440;1905
P186161905;P186161905_20;T;9000;0;0;10000;1200;1905
P186161905;P186161905_21;U;10000;0;0;11000;1200;1905
P186161905;P186161905_22;V;10000;1240;0;11000;2440;1905
P186161905;P186161905_23;W;11000;1240;0;12000;2440;1905
P186161905;P186161905_24;X;11000;0;0;12000;1200;1905
P186161905;P186161905_25;Y;12000;0;0;13200;1000;1905
P185161903;P185161903_1;A;0;1240;0;1900;2440;2865
P185161903;P185161903_2;B;0;0;0;1900;1200;2865
P185161903;P185161903_3;C;1900;0;0;3800;1200;2865
P185161903;P185161903_4;D;1900;1240;0;3800;2440;2865
P185161903;P185161903_5;E;3800;1240;0;5700;2440;2865
P185161903;P185161903_6;F;3800;0;0;5700;1200;2865
P185161903;P185161903_7;G;5700;0;0;7600;1200;2865
P185161903;P185161903_8;H;5700;1240;0;7600;2440;2865
P185161903;P185161903_9;I;7600;1240;0;9500;2440;2865
P185161903;P185161903_10;J;7600;0;0;9500;1200;2865
P185161903;P185161903_11;K;9500;0;0;11400;1200;2865
P185161903;P185161903_12;L;9500;1240;0;11400;2440;2865
P185161903;P185161903_13;M;11400;1240;0;13300;2440;2865
P185161903;P185161903_14;N;11400;0;0;13300;1200;2865
Q185161903_1;Q185161903_1_1;A;0;0;0;1900;1200;2865
Q185161903_1;Q185161903_1_2;B;0;1240;0;1900;2440;2865
Q185161903_1;Q185161903_1_3;C;1900;1240;0;3800;2440;2865
Q185161903_1;Q185161903_1_4;D;1900;0;0;3800;1200;2865
Q185161903_1;Q185161903_1_5;E;3800;0;0;5700;1200;2865
Q185161903_1;Q185161903_1_6;F;3800;1240;0;5700;2440;2865
Q185161903_1;Q185161903_1_7;G;5700;1240;0;7600;2440;2865
Q185161903_1;Q185161903_1_8;H;5700;0;0;7600;1200;2865
Q185161903_1;Q185161903_1_9;I;7600;0;0;9500;1200;2865
Q185161903_1;Q185161903_1_10;J;7600;1240;0;9500;2440;2865
P180162703;P180162703_1;A;0;0;0;1000;1200;2780
P180162703;P180162703_2;B;0;1240;0;1000;2440;2090
P180162703;P180162703_3;C;1000;1240;0;2000;2440;2090
P180162703;P180162703_4;D;1000;0;0;2000;1200;2090
P180162703;P180162703_5;E;2000;0;0;3000;1200;2090
P180162703;P180162703_6;F;2000;1240;0;3000;2440;2090
P180162703;P180162703_7;G;3000;1240;0;4000;2440;2090
P180162703;P180162703_8;H;3000;0;0;4000;1200;2090
P180162703;P180162703_9;I;4000;0;0;5600;1200;2700
P180162703;P180162703_10;J;4000;1240;0;5600;2440;2700
P180162703;P180162703_11;K;5600;1240;0;7200;2440;2700
P180162703;P180162703_12;L;5600;0;0;7200;1200;2700
P180162703;P180162703_13;M;7200;0;0;8800;1200;2700
P180162703;P180162703_14;N;7200;1240;0;8800;2440;2700
P180162703;P180162703_15;O;8800;1240;0;10400;2440;2700
P177162703;P177162703_1;A;0;0;0;1000;1200;2435
P177162703;P177162703_2;B;0;1240;0;1000;2440;2090
P177162703;P177162703_3;C;1000;1240;0;2000;2440;2090
P177162703;P177162703_4;D;1000;0;0;2000;1200;2090
P177162703;P177162703_5;E;2000;0;0;3000;1200;2090
P177162703;P177162703_6;F;2000;1240;0;3000;2440;2090
P177162703;P177162703_7;G;3000;1240;0;4000;2440;2090
P177162703;P177162703_8;H;3000;0;0;4000;1200;2090
P177162703;P177162703_9;I;4000;0;0;5000;1200;2090
P177162703;P177162703_10;J;4000;1240;0;5600;2440;2700
P177162703;P177162703_11;K;5000;0;0;6600;1200;2700
P177162703;P177162703_12;L;5600;1240;0;7200;2440;2700
P177162703;P177162703_13;M;6600;0;0;8200;1200;2700
P177162703;P177162703_14;N;7200;1240;0;8800;2440;2700
P177162703;P177162703_15;O;8200;0;0;9800;1200;2700
P177162703;P177162703_16;P;8800;1240;0;10400;2440;2700
P177162703;P177162703_17;Q;9800;0;0;11400;1200;2700
P170162703;P170162703_1;A;0;0;0;1000;1200;2780
P170162703;P170162703_2;B;0;1240;0;1000;2440;2435
P170162703;P170162703_3;C;1000;1240;0;2000;2440;2090
P170162703;P170162703_4;D;1000;0;0;2000;1200;2090
P170162703;P170162703_5;E;2000;0;0;3000;1200;2090
P170162703;P170162703_6;F;2000;1240;0;3000;2440;2090
P170162703;P170162703_7;G;3000;1240;0;4000;2440;2090
P170162703;P170162703_8;H;3000;0;0;4000;1200;2090
P170162703;P170162703_9;I;4000;0;0;5000;1200;2090
P170162703;P170162703_10;J;4000;1240;0;5000;2440;2090
P170162703;P170162703_11;K;5000;1240;0;6000;2440;2090
P170162703;P170162703_12;L;5000;0;0;6000;1200;1045
P170162703;P170162703_13;M;6000;0;0;7000;1200;2090
P170162703;P170162703_14;N;6000;1240;0;7000;2440;2090
P170162703;P170162703_15;O;7000;1240;0;8600;2440;2700
P170162703;P170162703_16;P;7000;0;0;8600;1200;2700
P170162703;P170162703_17;Q;8600;0;0;10200;1200;2700
P170162703;P170162703_18;R;8600;1240;0;10200;2440;2700
P170162703;P170162703_19;S;10200;1240;0;11800;2440;2700
P170162703;P170162703_20;T;10200;0;0;11800;1200;2700
P170162703;P170162703_21;U;11800;0;0;13400;1200;2700
P170162703;P170162703_22;V;11800;1240;0;13400;2440;2700
P166162703;P166162703_1;A;0;0;0;1000;1200;2435
P166162703;P166162703_2;B;0;1240;0;1000;2440;1390
P166162703;P166162703_3;C;1000;1240;0;2600;2440;2700
P166162703;P166162703_4;D;1000;0;0;2600;1200;2700
P166162703;P166162703_5;E;2600;0;0;4200;1200;2700
P166162703;P166162703_6;F;2600;1240;0;4200;2440;2700
P166162703;P166162703_7;G;4200;1240;0;5800;2440;2700
P166162703;P166162703_8;H;4200;0;0;5800;1200;2700
P166162703;P166162703_9;I;5800;0;0;7400;1200;2700
P166162703;P166162703_10;J;5800;1240;0;7400;2440;2700
P166162703;P166162703_11;K;7400;1240;0;9000;2440;2700
P166162703;P166162703_12;L;7400;0;0;9000;1200;2700
P166162703;P166162703_13;M;9000;0;0;10600;1200;2700
P166162703;P166162703_14;N;9000;1240;0;10600;2440;2700
P166162703;P166162703_15;O;10600;1240;0;12200;2440;2700
P166162703;P166162703_16;P;10600;0;0;12200;1200;2700
P166162703;P166162703_17;Q;12200;0;0;13400;1600;2700
Q166162703_1;Q166162703_1_1;A;0;0;0;1600;1200;2700
Q166162703_1;Q166162703_1_2;B;0;1240;0;1600;2440;2700
Q166162703_1;Q166162703_1_3;C;1600;1240;0;3200;2440;2700
Q166162703_1;Q166162703_1_4;D;1600;0;0;3200;1200;2700
Q166162703_1;Q166162703_1_5;E;3200;0;0;4800;1200;2700
P206355501;P206355501_1;A;0;620;0;1000;1820;1815
P206355501;P206355501_2;B;1000;1240;0;2000;2440;1815
P206355501;P206355501_3;C;1000;17;0;2010;1223;2370
P206355501;P206355501_4;D;2000;1234;0;3010;2440;2370
P206355501;P206355501_5;E;2010;0;0;3020;1206;1185
P206355501;P206355501_6;F;3010;1240;0;4010;2440;2700
P206355501;P206355501_7;G;3020;0;0;4020;1200;2700
P206355501;P206355501_8;H;4010;1240;0;5010;2440;2700
P206355501;P206355501_9;I;4020;20;0;5020;1220;1815
P206355501;P206355501_10;J;5010;1234;0;6020;2440;485
P206355501;P206355501_11;K;5020;17;0;6020;1217;2835
P206355501;P206355501_12;L;6020;0;0;7020;1200;2835
P206355501;P206355501_13;M;6020;1240;0;7020;2440;2835
P206355501;P206355501_14;N;7020;1240;0;8020;2440;2835
P206355501;P206355501_15;O;7020;0;0;8020;1200;2835
P206355501;P206355501_16;P;8020;0;0;9020;1200;2835
P206355501;P206355501_17;Q;8020;1240;0;9020;2440;2835
P206355501;P206355501_18;R;9020;1240;0;10020;2440;2835
P206355501;P206355501_19;S;9020;0;0;10020;1200;2835
P206355501;P206355501_20;T;10020;0;0;11020;1200;2835
P206355501;P206355501_21;U;10020;1240;0;11020;2440;2835
P206355501;P206355501_22;V;11020;1240;0;12020;2440;2835
P206355501;P206355501_23;W;11020;0;0;12020;1200;2835
P206355501;P206355501_24;X;12020;0;0;13220;1000;2835
P206355501;P206355501_25;Y;12020;1240;0;13020;2440;2835
P199355501;P199355501_1;A;0;0;0;1000;1200;1815
P199355501;P199355501_2;B;0;1220;0;1000;2420;1815
P199355501;P199355501_3;C;1000;617;0;2010;1823;2370
P199355501;P199355501_4;D;2010;617;0;3020;1823;2370
P199355501;P199355501_5;E;3020;1234;0;4030;2440;2370
P199355501;P199355501_6;F;3020;17;0;4020;1217;2700
P199355501;P199355501_7;G;4020;0;0;5020;1200;2700
P199355501;P199355501_8;H;4030;1240;0;5030;2440;2700
P199355501;P199355501_9;I;5020;20;0;6020;1220;2700
P199355501;P199355501_10;J;5030;1234;0;6040;2440;485
P199355501;P199355501_11;K;6020;0;0;7020;1200;2835
P199355501;P199355501_12;L;6040;1240;0;7040;2440;2835
P199355501;P199355501_13;M;7020;0;0;8020;1200;2835
P199355501;P199355501_14;N;7040;1240;0;8040;2440;2835
P199355501;P199355501_15;O;8020;0;0;9020;1200;2835
P199355501;P199355501_16;P;8040;1240;0;9040;2440;2835
P199355501;P199355501_17;Q;9020;0;0;10020;1200;2835
P199355501;P199355501_18;R;9040;1240;0;10040;2440;2835
P199355501;P199355501_19;S;10020;0;0;11020;1200;2835
P199355501;P199355501_20;T;10040;1240;0;11040;2440;2835
P199355501;P199355501_21;U;11020;0;0;12020;1200;2835
P199355501;P199355501_22;V;11040;1240;0;12040;2440;2835
P199355501;P199355501_23;W;12020;0;0;13020;1200;2835
P199355501;P199355501_24;X;12040;1240;0;13040;2440;2835
P192355501;P192355501_1;A;0;0;0;1000;1200;1815
P192355501;P192355501_2;B;0;1240;0;1000;2440;930
P192355501;P192355501_3;C;1000;1234;0;2010;2440;2370
P192355501;P192355501_4;D;1000;0;0;2010;1206;2370
P192355501;P192355501_5;E;2010;0;0;3020;1206;1185
P192355501;P192355501_6;F;2010;1240;0;3010;2440;2700
P192355501;P192355501_7;G;3010;1240;0;4010;2440;2700
P192355501;P192355501_8;H;3020;0;0;4020;1200;2700
P192355501;P192355501_9;I;4010;1240;0;5010;2440;930
P192355501;P192355501_10;J;4020;0;0;5020;1200;2835
P192355501;P192355501_11;K;5010;1240;0;6010;2440;2835
P192355501;P192355501_12;L;5020;0;0;6020;1200;2835
P192355501;P192355501_13;M;6010;1240;0;7010;2440;2835
P192355501;P192355501_14;N;6020;0;0;7020;1200;2835
P192355501;P192355501_15;O;7010;1240;0;8010;2440;2835
P192355501;P192355501_16;P;7020;0;0;8020;1200;2835
P192355501;P192355501_17;Q;8010;1240;0;9010;2440;2835
P192355501;P192355501_18;R;8020;0;0;9020;1200;2835
P192355501;P192355501_19;S;9010;1240;0;10010;2440;2835
P192355501;P192355501_20;T;9020;0;0;10020;1200;2835
P192355501;P192355501_21;U;10010;1240;0;11010;2440;2835
P192355501;P192355501_22;V;10020;0;0;11020;1200;2835
P192355501;P192355501_23;W;11010;1240;0;12010;2440;2835
P192355501;P192355501_24;X;11020;0;0;12020;1200;2835
P192355501;P192355501_25;Y;12010;1240;0;13010;2440;2835
P192355501;P192355501_26;Z;12020;0;0;13020;1200;2835
Q192355501_1;Q192355501_1_1;A;0;0;0;1000;1200;2835
Q192355501_1;Q192355501_1_2;B;0;1240;0;1000;2440;2835
Q192355501_1;Q192355501_1_3;C;1000;1240;0;2000;2440;2835
Q192355501_1;Q192355501_1_4;D;1000;0;0;2000;1200;2835
Q192355501_1;Q192355501_1_5;E;2000;0;0;3000;1200;2835
Q192355501_1;Q192355501_1_6;F;2000;1240;0;3000;2440;2835
Q192355501_1;Q192355501_1_7;G;3000;1240;0;4000;2440;2835
Q192355501_1;Q192355501_1_8;H;3000;0;0;4000;1200;2835
Q192355501_1;Q192355501_1_9;I;4000;0;0;5000;1200;2835
Q192355501_1;Q192355501_1_10;J;4000;1240;0;5000;2440;2835
Q192355501_1;Q192355501_1_11;K;5000;1240;0;6000;2440;2835
Q192355501_1;Q192355501_1_12;L;5000;0;0;6000;1200;2835
Q192355501_1;Q192355501_1_13;M;6000;0;0;7000;1200;2835
Q192355501_1;Q192355501_1_14;N;6000;1240;0;7000;2440;2835
Q192355501_1;Q192355501_1_15;O;7000;1240;0;8000;2440;2835
Q192355501_1;Q192355501_1_16;P;7000;0;0;8000;1200;2835
Q192355501_1;Q192355501_1_17;Q;8000;0;0;9000;1200;975
P185355501;P185355501_1;A;0;1240;0;1000;2440;1815
P185355501;P185355501_2;B;0;20;0;1000;1220;1815
P185355501;P185355501_3;C;1000;620;0;2000;1820;930
P185355501;P185355501_4;D;2000;1234;0;3010;2440;2370
P185355501;P185355501_5;E;2000;14;0;3010;1220;2370
P185355501;P185355501_6;F;3010;0;0;4020;1206;2370
P185355501;P185355501_7;G;3010;1234;0;4020;2440;1185
P185355501;P185355501_8;H;4020;1240;0;5020;2440;2700
P185355501;P185355501_9;I;4020;0;0;5020;1200;2700
P185355501;P185355501_10;J;5020;0;0;6020;1200;2700
P185355501;P185355501_11;K;5020;1240;0;6020;2440;930
P185355501;P185355501_12;L;6020;1234;0;7030;2440;485
P185355501;P185355501_13;M;6020;0;0;7020;1200;2835
P185355501;P185355501_14;N;7020;0;0;8020;1200;2835
P185355501;P185355501_15;O;7030;1240;0;8030;2440;2835
P185355501;P185355501_16;P;8020;0;0;9020;1200;2835
P185355501;P185355501_17;Q;8030;1240;0;9030;2440;2835
P185355501;P185355501_18;R;9020;0;0;10020;1200;2835
P185355501;P185355501_19;S;9030;1240;0;10030;2440;1905
P185355501;P185355501_20;T;10020;0;0;11020;1200;2835
P185355501;P185355501_21;U;10030;1240;0;11030;2440;2835
P185355501;P185355501_22;V;11020;0;0;12020;1200;2835
P185355501;P185355501_23;W;11030;1240;0;12030;2440;2835
P185355501;P185355501_24;X;12020;0;0;13020;1200;2835
P185355501;P185355501_25;Y;12030;1240;0;13030;2440;2835
Q185355501_1;Q185355501_1_1;A;0;0;0;1000;1200;2835
Q185355501_1;Q185355501_1_2;B;0;1240;0;1000;2440;2835
Q185355501_1;Q185355501_1_3;C;1000;1240;0;2000;2440;2835
Q185355501_1;Q185355501_1_4;D;1000;0;0;2000;1200;2835
Q185355501_1;Q185355501_1_5;E;2000;0;0;3000;1200;1905
Q185355501_1;Q185355501_1_6;F;2000;1240;0;3000;2440;2835
Q185355501_1;Q185355501_1_7;G;3000;1240;0;4000;2440;2835
Q185355501_1;Q185355501_1_8;H;3000;0;0;4000;1200;2835
Q185355501_1;Q185355501_1_9;I;4000;0;0;5000;1200;2835
Q185355501_1;Q185355501_1_10;J;4000;1240;0;5000;2440;2835
Q185355501_1;Q185355501_1_11;K;5000;1240;0;6000;2440;1905
Q185355501_1;Q185355501_1_12;L;5000;0;0;6000;1200;975
P174244003;P174244003_1;A;0;0;0;1010;1206;2755
P174244003;P174244003_2;B;0;1234;0;1010;2440;2755
P174244003;P174244003_3;C;1010;1234;0;2020;2440;2755
P174244003;P174244003_4;D;1010;0;0;2020;1206;2755
P174244003;P174244003_5;E;2020;0;0;3030;1206;2755
P174244003;P174244003_6;F;2020;1234;0;3030;2440;2755
P174244003;P174244003_7;G;3030;1234;0;4040;2440;2655
P174244003;P174244003_8;H;3030;0;0;4040;1206;2655
P174244003;P174244003_9;I;4040;0;0;5050;1206;2370
P174244003;P174244003_10;J;4040;1234;0;5050;2440;2370
P174244003;P174244003_11;K;5050;1234;0;6060;2440;2755
P174244003;P174244003_12;L;5050;0;0;6060;1206;2755
P174244003;P174244003_13;M;6060;0;0;7070;1206;2755
P174244003;P174244003_14;N;6060;1234;0;7070;2440;2755
P174244003;P174244003_15;O;7070;1234;0;8080;2440;385
P174244003;P174244003_16;P;7070;0;0;8070;1200;1905
P174244003;P174244003_17;Q;8070;0;0;9070;1200;1905
P174244003;P174244003_18;R;8080;1240;0;9080;2440;1905
P174244003;P174244003_19;S;9070;0;0;10070;1200;1905
P174244003;P174244003_20;T;9080;1240;0;10080;2440;1905
P174244003;P174244003_21;U;10070;0;0;11070;1200;1905
P174244003;P174244003_22;V;10080;1240;0;11080;2440;1905
P174244003;P174244003_23;W;11070;0;0;12070;1200;1905
P174244003;P174244003_24;X;11080;1240;0;12080;2440;1905
P174244003;P174244003_25;Y;12070;0;0;13080;1206;1185
P171244001;P171244001_1;A;0;0;0;1010;1206;2240
P171244001;P171244001_2;B;0;1234;0;1010;2440;2370
P171244001;P171244001_3;C;1010;1234;0;2020;2440;2370
P171244001;P171244001_4;D;1010;0;0;2020;1206;1185
P171244001;P171244001_5;E;2020;0;0;3030;1206;2370
P171244001;P171244001_6;F;2020;1234;0;3030;2440;2370
P171244001;P171244001_7;G;3030;1234;0;4040;2440;2370
P171244001;P171244001_8;H;3030;0;0;4040;1206;1955
P171244001;P171244001_9;I;4040;0;0;5050;1206;2370
P171244001;P171244001_10;J;4040;1240;0;5040;2440;1905
P171244001;P171244001_11;K;5040;1240;0;6040;2440;1905
P171244001;P171244001_12;L;5050;0;0;6050;1200;1905
P171244001;P171244001_13;M;6040;1240;0;7040;2440;1905
P171244001;P171244001_14;N;6050;0;0;7060;1206;1185
P171244001;P171244001_15;O;7040;1240;0;8040;2440;1905
P171244001;P171244001_16;P;7060;0;0;8060;1200;1905
P171244001;P171244001_17;Q;8040;1240;0;9040;2440;1905
P171244001;P171244001_18;R;8060;0;0;9060;1200;1905
P171244001;P171244001_19;S;9040;1240;0;10040;2440;1905
P171244001;P171244001_20;T;9060;0;0;10060;1200;1905
P171244001;P171244001_21;U;10040;1234;0;11050;2440;2370
P171244001;P171244001_22;V;10060;0;0;11070;1206;2370
P171244001;P171244001_23;W;11050;1234;0;12060;2440;770
P207060803;P207060803_1;A;0;0;0;1010;1206;2940
P207060803;P207060803_2;B;0;1234;0;1010;2440;2655
P207060803;P207060803_3;C;1010;1234;0;2020;2440;1570
P207060803;P207060803_4;D;1010;0;0;1580;780;1771
P207060803;P207060803_5;E;1580;0;0;2150;780;1771
P207060803;P207060803_6;F;2020;780;0;2590;1560;1771
P207060803;P207060803_7;G;2020;1660;0;2590;2440;1771
P207060803;P207060803_8;H;2150;0;0;2720;780;1771
P207060803;P207060803_9;I;2590;1240;0;3590;2440;2865
P207060803;P207060803_10;J;2720;0;0;3720;1200;2865
P207060803;P207060803_11;K;3590;1660;0;4160;2440;1771
P207060803;P207060803_12;L;3720;0;0;4290;780;1771
P207060803;P207060803_13;M;3720;780;0;4290;1560;1771
P207060803;P207060803_14;N;4160;1660;0;4730;2440;1771
P207060803;P207060803_15;O;4290;0;0;4860;780;1771
P207060803;P207060803_16;P;4290;780;0;4860;1560;1771
P207060803;P207060803_17;Q;4730;1660;0;5300;2440;1771
P207060803;P207060803_18;R;4860;0;0;5430;780;1771
P207060803;P207060803_19;S;4860;780;0;5430;1560;1771
P207060803;P207060803_20;T;5300;1660;0;5870;2440;1771
P207060803;P207060803_21;U;5430;0;0;6000;780;1771
P207060803;P207060803_22;V;5430;780;0;6000;1560;1771
P207060803;P207060803_23;W;5870;1660;0;6440;2440;1771
P207060803;P207060803_24;X;6000;0;0;6570;780;1771
P207060803;P207060803_25;Y;6000;780;0;6570;1560;1771
P207060803;P207060803_26;Z;6440;1660;0;7010;2440;1771
P207060803;P207060803_27;AA;6570;0;0;7140;780;1771
P207060803;P207060803_28;AB;6570;780;0;7140;1560;1771
P207060803;P207060803_29;AC;7010;1660;0;7580;2440;1771
P207060803;P207060803_30;AD;7140;0;0;7710;780;1771
P207060803;P207060803_31;AE;7140;780;0;7710;1560;1771
P207060803;P207060803_32;AF;7580;1660;0;8150;2440;1771
P207060803;P207060803_33;AG;7710;0;0;8280;780;1771
P207060803;P207060803_34;AH;7710;780;0;8280;1560;1771
P207060803;P207060803_35;AI;8150;1660;0;8720;2440;1771
P207060803;P207060803_36;AJ;8280;0;0;8850;780;1771
P207060803;P207060803_37;AK;8280;780;0;8850;1560;1771
P207060803;P207060803_38;AL;8720;1660;0;9290;2440;1771
P207060803;P207060803_39;AM;8850;0;0;9420;780;1771
P207060803;P207060803_40;AN;8850;780;0;9420;1560;909
P207060803;P207060803_41;AO;9420;0;0;10420;1200;2865
P207060803;P207060803_42;AP;9420;1240;0;10420;2440;2700
P207060803;P207060803_43;AQ;10420;1240;0;11420;2440;2700
P207060803;P207060803_44;AR;10420;0;0;11420;1200;2700
P207060803;P207060803_45;AS;11420;0;0;12420;1200;2700
P207060803;P207060803_46;AT;11420;1240;0;12420;2440;2700
P207060803;P207060803_47;AU;12420;1240;0;13420;2440;930
P200060803;P200060803_1;A;0;0;0;1000;1200;2700
P200060803;P200060803_2;B;0;1200;0;1000;2400;2700
P200060803;P200060803_3;C;1000;1240;0;2000;2440;2700
P200060803;P200060803_4;D;1000;0;0;2000;1200;2700
P200060803;P200060803_5;E;2000;0;0;3000;1200;2700
P200060803;P200060803_6;F;2000;1200;0;3000;2400;2520
P200060803;P200060803_7;G;3000;1660;0;3570;2440;1771
P200060803;P200060803_8;H;3000;0;0;3570;780;1771
P200060803;P200060803_9;I;3000;780;0;3570;1560;1771
P200060803;P200060803_10;J;3570;0;0;4140;780;1771
P200060803;P200060803_11;K;3570;780;0;4140;1560;1771
P200060803;P200060803_12;L;3570;1660;0;4140;2440;1771
P200060803;P200060803_13;M;4140;1660;0;4710;2440;1771
P200060803;P200060803_14;N;4140;0;0;4710;780;1771
P200060803;P200060803_15;O;4140;780;0;4710;1560;1771
P200060803;P200060803_16;P;4710;0;0;5280;780;1771
P200060803;P200060803_17;Q;4710;780;0;5280;1560;1771
P200060803;P200060803_18;R;4710;1660;0;5280;2440;1771
P200060803;P200060803_19;S;5280;1660;0;5850;2440;1771
P200060803;P200060803_20;T;5280;0;0;5850;780;1771
P200060803;P200060803_21;U;5280;780;0;5850;1560;1771
P200060803;P200060803_22;V;5850;0;0;6420;780;1771
P200060803;P200060803_23;W;5850;780;0;6420;1560;1771
P200060803;P200060803_24;X;5850;1660;0;6420;2440;1771
P200060803;P200060803_25;Y;6420;1660;0;6990;2440;1771
P200060803;P200060803_26;Z;6420;0;0;6990;780;1771
P200060803;P200060803_27;AA;6420;780;0;6990;1560;1771
P200060803;P200060803_28;AB;6990;0;0;7560;780;1771
P200060803;P200060803_29;AC;6990;780;0;7560;1560;1771
P200060803;P200060803_30;AD;6990;1660;0;7560;2440;1771
P200060803;P200060803_31;AE;7560;1660;0;8130;2440;1771
P200060803;P200060803_32;AF;7560;0;0;8130;780;1771
P200060803;P200060803_33;AG;7560;780;0;8130;1560;1771
P200060803;P200060803_34;AH;8130;0;0;8700;780;1771
P200060803;P200060803_35;AI;8130;780;0;8700;1560;1771
P200060803;P200060803_36;AJ;8130;1660;0;8700;2440;1771
P200060803;P200060803_37;AK;8700;1660;0;9270;2440;1771
P200060803;P200060803_38;AL;8700;0;0;9270;780;1771
P200060803;P200060803_39;AM;8700;780;0;9270;1560;1771
P200060803;P200060803_40;AN;9270;0;0;9840;780;1771
P200060803;P200060803_41;AO;9270;780;0;9840;1560;1771
P200060803;P200060803_42;AP;9270;1660;0;9840;2440;1340
P200060803;P200060803_43;AQ;9840;1234;0;10850;2440;2825
P200060803;P200060803_44;AR;9840;0;0;10850;1206;2170
P200060803;P200060803_45;AS;10850;0;0;11420;780;1340
P200060803;P200060803_46;AT;10850;780;0;11420;1560;909
P200060803;P200060803_47;AU;11420;1234;0;12430;2440;1085
P200060803;P200060803_48;AV;11420;0;0;12420;1200;2865
P200060803;P200060803_49;AW;12420;0;0;13420;1200;2865
P200060803;P200060803_50;AX;12430;1240;0;13430;2440;2865
P193060803;P193060803_1;A;0;1240;0;1000;2440;2520
P193060803;P193060803_2;B;0;0;0;570;780;1771
P193060803;P193060803_3;C;570;230;0;1140;1010;1771
P193060803;P193060803_4;D;1000;1010;0;1570;1790;1771
P193060803;P193060803_5;E;1140;0;0;1710;780;1771
P193060803;P193060803_6;F;1570;1660;0;2140;2440;1771
P193060803;P193060803_7;G;1570;830;0;2140;1610;1771
P193060803;P193060803_8;H;1710;0;0;2280;780;1771
P193060803;P193060803_9;I;2140;780;0;2710;1560;1771
P193060803;P193060803_10;J;2140;1660;0;2710;2440;1771
P193060803;P193060803_11;K;2280;0;0;2850;780;1771
P193060803;P193060803_12;L;2710;780;0;3280;1560;1771
P193060803;P193060803_13;M;2710;1660;0;3280;2440;1771
P193060803;P193060803_14;N;2850;0;0;3420;780;1771
P193060803;P193060803_15;O;3280;780;0;3850;1560;1771
P193060803;P193060803_16;P;3280;1660;0;3850;2440;1771
P193060803;P193060803_17;Q;3420;0;0;3990;780;1771
P193060803;P193060803_18;R;3850;780;0;4420;1560;1771
P193060803;P193060803_19;S;3850;1660;0;4420;2440;1771
P193060803;P193060803_20;T;3990;0;0;4560;780;1771
P193060803;P193060803_21;U;4420;1220;0;4990;2000;1771
P193060803;P193060803_22;V;4560;220;0;5130;1000;1771
P193060803;P193060803_23;W;4990;1660;0;5560;2440;1771
P193060803;P193060803_24;X;5130;880;0;5700;1660;1771
P193060803;P193060803_25;Y;5130;0;0;5700;780;1771
P193060803;P193060803_26;Z;5560;1660;0;6130;2440;1771
P193060803;P193060803_27;AA;5700;0;0;6270;780;1771
P193060803;P193060803_28;AB;5700;830;0;6270;1610;1771
P193060803;P193060803_29;AC;6130;1660;0;6700;2440;1771
P193060803;P193060803_30;AD;6270;0;0;6840;780;1771
P193060803;P193060803_31;AE;6270;780;0;6840;1560;1771
P193060803;P193060803_32;AF;6700;1660;0;7270;2440;1340
P193060803;P193060803_33;AG;6840;0;0;7850;1206;2555
P193060803;P193060803_34;AH;7270;1240;0;8270;2440;2700
P193060803;P193060803_35;AI;7850;0;0;8850;1200;2700
P193060803;P193060803_36;AJ;8270;1240;0;9270;2440;2700
P193060803;P193060803_37;AK;8850;0;0;9850;1200;2700
P193060803;P193060803_38;AL;9270;1660;0;9840;2440;909
P193060803;P193060803_39;AM;9840;1234;0;10850;2440;2170
P193060803;P193060803_40;AN;9850;0;0;10850;1200;2865
P193060803;P193060803_41;AO;10850;0;0;11850;1200;2865
P193060803;P193060803_42;AP;10850;1240;0;11850;2440;2865
P186060803;P186060803_1;A;0;0;0;1010;1206;2940
P186060803;P186060803_2;B;0;1234;0;1010;2440;2170
P186060803;P186060803_3;C;1010;1234;0;2020;2440;970
P186060803;P186060803_4;D;1010;0;0;1580;780;1771
P186060803;P186060803_5;E;1580;0;0;2150;780;1771
P186060803;P186060803_6;F;2020;780;0;2590;1560;1771
P186060803;P186060803_7;G;2020;1660;0;2590;2440;1771
P186060803;P186060803_8;H;2150;0;0;2720;780;1771
P186060803;P186060803_9;I;2590;1240;0;3590;2440;2865
P186060803;P186060803_10;J;2720;0;0;3720;1200;2865
P186060803;P186060803_11;K;3590;1660;0;4160;2440;1771
P186060803;P186060803_12;L;3720;0;0;4290;780;1771
P186060803;P186060803_13;M;3720;780;0;4290;1560;1771
P186060803;P186060803_14;N;4160;1660;0;4730;2440;1771
P186060803;P186060803_15;O;4290;0;0;4860;780;1771
P186060803;P186060803_16;P;4290;780;0;4860;1560;1771
P186060803;P186060803_17;Q;4730;1660;0;5300;2440;1771
P186060803;P186060803_18;R;4860;0;0;5430;780;1771
P186060803;P186060803_19;S;4860;780;0;5430;1560;1771
P186060803;P186060803_20;T;5300;1660;0;5870;2440;1771
P186060803;P186060803_21;U;5430;0;0;6000;780;1771
P186060803;P186060803_22;V;5430;780;0;6000;1560;1771
P186060803;P186060803_23;W;5870;1660;0;6440;2440;1771
P186060803;P186060803_24;X;6000;0;0;6570;780;1771
P186060803;P186060803_25;Y;6000;780;0;6570;1560;1771
P186060803;P186060803_26;Z;6440;1660;0;7010;2440;1771
P186060803;P186060803_27;AA;6570;0;0;7140;780;1771
P186060803;P186060803_28;AB;6570;780;0;7140;1560;1771
P186060803;P186060803_29;AC;7010;1660;0;7580;2440;1771
P186060803;P186060803_30;AD;7140;0;0;7710;780;1771
P186060803;P186060803_31;AE;7140;780;0;7710;1560;1771
P186060803;P186060803_32;AF;7580;1660;0;8150;2440;1771
P186060803;P186060803_33;AG;7710;0;0;8280;780;1771
P186060803;P186060803_34;AH;7710;780;0;8280;1560;1771
P186060803;P186060803_35;AI;8150;1660;0;8720;2440;1771
P186060803;P186060803_36;AJ;8280;0;0;8850;780;1771
P186060803;P186060803_37;AK;8280;780;0;8850;1560;1771
P186060803;P186060803_38;AL;8720;1660;0;9290;2440;1771
P186060803;P186060803_39;AM;8850;0;0;9420;780;1771
P186060803;P186060803_40;AN;8850;780;0;9420;1560;1771
P186060803;P186060803_41;AO;9290;1660;0;9860;2440;478
P186060803;P186060803_42;AP;9420;0;0;10420;1200;2865
P186060803;P186060803_43;AQ;9860;1240;0;10860;2440;2700
P186060803;P186060803_44;AR;10420;0;0;11420;1200;2700
P186060803;P186060803_45;AS;10860;1240;0;11860;2440;2700
P186060803;P186060803_46;AT;11420;0;0;12420;1200;2700
P186060803;P186060803_47;AU;11860;1240;0;12860;2440;2700
P186060803;P186060803_48;AV;12420;0;0;13420;1200;930
P209224001;P209224001_1;A;0;1240;0;1000;2440;2850
P209224001;P209224001_2;B;0;20;0;1000;1220;2850
P209224001;P209224001_3;C;1000;620;0;2000;1820;2850
P209224001;P209224001_4;D;2000;1240;0;3000;2440;2850
P209224001;P209224001_5;E;2000;0;0;3000;1200;2850
P209224001;P209224001_6;F;3000;0;0;4000;1200;2850
P209224001;P209224001_7;G;3000;1240;0;4000;2440;2850
P209224001;P209224001_8;H;4000;1240;0;5000;2440;2850
P209224001;P209224001_9;I;4000;0;0;5000;1200;2850
P209224001;P209224001_10;J;5000;0;0;6000;1200;2850
P209224001;P209224001_11;K;5000;1240;0;6000;2440;2850
P209224001;P209224001_12;L;6000;1240;0;7000;2440;2850
P209224001;P209224001_13;M;6000;0;0;7000;1200;2850
P209224001;P209224001_14;N;7000;0;0;8000;1200;2850
P209224001;P209224001_15;O;7000;1240;0;8000;2440;2850
P209224001;P209224001_16;P;8000;1240;0;9000;2440;2850
P209224001;P209224001_17;Q;8000;0;0;9000;1200;1915
P206224001;P206224001_1;A;0;0;0;1000;1200;2850
P206224001;P206224001_2;B;0;1240;0;1000;2440;2850
P206224001;P206224001_3;C;1000;1240;0;2000;2440;2850
P206224001;P206224001_4;D;1000;0;0;2000;1200;2850
P206224001;P206224001_5;E;2000;0;0;3000;1200;2850
P206224001;P206224001_6;F;2000;1240;0;3000;2440;2850
P206224001;P206224001_7;G;3000;1240;0;4000;2440;2850
P206224001;P206224001_8;H;3000;0;0;4000;1200;2850
P206224001;P206224001_9;I;4000;0;0;5000;1200;2850
P206224001;P206224001_10;J;4000;1240;0;5000;2440;2850
P206224001;P206224001_11;K;5000;1240;0;6000;2440;2850
P206224001;P206224001_12;L;5000;0;0;6000;1200;2850
P206224001;P206224001_13;M;6000;0;0;7000;1200;2850
P206224001;P206224001_14;N;6000;1240;0;7000;2440;2850
P206224001;P206224001_15;O;7000;1240;0;8000;2440;2850
P206224001;P206224001_16;P;7000;0;0;8000;1200;2850
P206224001;P206224001_17;Q;8000;0;0;9000;1200;2850
P206224001;P206224001_18;R;8000;1240;0;9000;2440;2850
P206224001;P206224001_19;S;9000;1240;0;10000;2440;2850
P206224001;P206224001_20;T;9000;0;0;10000;1200;2850
P206224001;P206224001_21;U;10000;0;0;11000;1200;2850
P206224001;P206224001_22;V;10000;1240;0;11000;2440;2850
P206224001;P206224001_23;W;11000;1240;0;12000;2440;2850
P206224001;P206224001_24;X;11000;0;0;12000;1200;2850
P206224001;P206224001_25;Y;12000;0;0;13200;1000;2850
P206224001;P206224001_26;Z;12000;1240;0;13000;2440;2850
P202224001;P202224001_1;A;0;0;0;1000;1200;2850
P202224001;P202224001_2;B;0;1220;0;1000;2420;2850
P202224001;P202224001_3;C;1000;1240;0;2000;2440;2850
P202224001;P202224001_4;D;1000;0;0;2000;1200;2850
P202224001;P202224001_5;E;2000;620;0;3000;1820;2850
P202224001;P202224001_6;F;3000;1240;0;4000;2440;2850
P202224001;P202224001_7;G;3000;0;0;4000;1200;2850
P202224001;P202224001_8;H;4000;0;0;5000;1200;2850
P202224001;P202224001_9;I;4000;1240;0;5000;2440;2850
P202224001;P202224001_10;J;5000;1240;0;6000;2440;2850
P202224001;P202224001_11;K;5000;0;0;6000;1200;2850
P202224001;P202224001_12;L;6000;0;0;7000;1200;2850
P202224001;P202224001_13;M;6000;1240;0;7000;2440;2850
P202224001;P202224001_14;N;7000;1240;0;8000;2440;2850
P202224001;P202224001_15;O;7000;0;0;8000;1200;2850
P202224001;P202224001_16;P;8000;0;0;9000;1200;2850
P202224001;P202224001_17;Q;8000;1240;0;9000;2440;2850
P202224001;P202224001_18;R;9000;1240;0;10000;2440;2850
P202224001;P202224001_19;S;9000;0;0;10000;1200;2850
P202224001;P202224001_20;T;10000;0;0;11000;1200;2850
P199224001;P199224001_1;A;0;0;0;1000;1200;2850
P199224001;P199224001_2;B;0;1240;0;1000;2440;2850
P199224001;P199224001_3;C;1000;1240;0;2000;2440;2850
P199224001;P199224001_4;D;1000;0;0;2000;1200;2850
P199224001;P199224001_5;E;2000;0;0;3000;1200;2850
P199224001;P199224001_6;F;2000;1240;0;3000;2440;2850
P199224001;P199224001_7;G;3000;1240;0;4000;2440;2850
P199224001;P199224001_8;H;3000;0;0;4000;1200;2850
P199224001;P199224001_9;I;4000;0;0;5000;1200;2850
P199224001;P199224001_10;J;4000;1240;0;5000;2440;2850
P199224001;P199224001_11;K;5000;1240;0;6000;2440;2850
P199224001;P199224001_12;L;5000;0;0;6000;1200;2850
P199224001;P199224001_13;M;6000;0;0;7000;1200;2850
P199224001;P199224001_14;N;6000;1240;0;7000;2440;2850
P199224001;P199224001_15;O;7000;1240;0;8000;2440;2850
P199224001;P199224001_16;P;7000;0;0;8000;1200;2850
P199224001;P199224001_17;Q;8000;0;0;9000;1200;2850
P199224001;P199224001_18;R;8000;1240;0;9000;2440;2850
P199224001;P199224001_19;S;9000;1240;0;10000;2440;2850
P199224001;P199224001_20;T;9000;0;0;10000;1200;2850
P199224001;P199224001_21;U;10000;0;0;11000;1200;2850
P199224001;P199224001_22;V;10000;1240;0;11000;2440;2850
P199224001;P199224001_23;W;11000;1240;0;12000;2440;2850
P199224001;P199224001_24;X;11000;0;0;12000;1200;2850
P199224001;P199224001_25;Y;12000;0;0;13200;1000;2850
P199224001;P199224001_26;Z;12000;1240;0;13000;2440;2850
P192224001;P192224001_1;A;0;0;0;1000;1200;2850
P192224001;P192224001_2;B;0;1240;0;1000;2440;2850
P192224001;P192224001_3;C;1000;1240;0;2000;2440;2850
P192224001;P192224001_4;D;1000;0;0;2000;1200;2850
P192224001;P192224001_5;E;2000;0;0;3000;1200;2850
P192224001;P192224001_6;F;2000;1240;0;3000;2440;2850
P192224001;P192224001_7;G;3000;1240;0;4000;2440;2850
P192224001;P192224001_8;H;3000;0;0;4000;1200;2850
P192224001;P192224001_9;I;4000;0;0;5000;1200;2850
P192224001;P192224001_10;J;4000;1240;0;5000;2440;2850
P192224001;P192224001_11;K;5000;1240;0;6000;2440;2850
P192224001;P192224001_12;L;5000;0;0;6000;1200;2850
P192224001;P192224001_13;M;6000;0;0;7000;1200;2850
P192224001;P192224001_14;N;6000;1240;0;7000;2440;2850
P192224001;P192224001_15;O;7000;1240;0;8000;2440;2850
P192224001;P192224001_16;P;7000;0;0;8000;1200;2850
P192224001;P192224001_17;Q;8000;0;0;9000;1200;2850
P192224001;P192224001_18;R;8000;1240;0;9000;2440;2850
P192224001;P192224001_19;S;9000;1240;0;10000;2440;2850
P192224001;P192224001_20;T;9000;0;0;10000;1200;2850
P192224001;P192224001_21;U;10000;0;0;11000;1200;2850
P192224001;P192224001_22;V;10000;1240;0;11000;2440;2850
P192224001;P192224001_23;W;11000;1240;0;12000;2440;2850
P192224001;P192224001_24;X;11000;0;0;12000;1200;2850
P192224001;P192224001_25;Y;12000;0;0;13200;1000;2850
P192224001;P192224001_26;Z;12000;1240;0;13000;2440;2850
P188224001;P188224001_1;A;0;0;0;1000;1200;2850
P188224001;P188224001_2;B;0;1240;0;1000;2440;2850
P188224001;P188224001_3;C;1000;1240;0;2000;2440;2850
P188224001;P188224001_4;D;1000;0;0;2000;1200;2850
P188224001;P188224001_5;E;2000;0;0;3000;1200;2850
P188224001;P188224001_6;F;2000;1240;0;3000;2440;2850
P188224001;P188224001_7;G;3000;1240;0;4000;2440;2850
P188224001;P188224001_8;H;3000;0;0;4000;1200;2850
P188224001;P188224001_9;I;4000;0;0;5000;1200;2850
P188224001;P188224001_10;J;4000;1240;0;5000;2440;2850
P188224001;P188224001_11;K;5000;1240;0;6000;2440;2850
P188224001;P188224001_12;L;5000;0;0;6000;1200;2850
P188224001;P188224001_13;M;6000;0;0;7000;1200;2850
P188224001;P188224001_14;N;6000;1240;0;7000;2440;2850
P188224001;P188224001_15;O;7000;1240;0;8000;2440;2850
P188224001;P188224001_16;P;7000;0;0;8000;1200;2850
P188224001;P188224001_17;Q;8000;0;0;9000;1200;2850
P188224001;P188224001_18;R;8000;1240;0;9000;2440;2850
P188224001;P188224001_19;S;9000;1240;0;10000;2440;2850
P188224001;P188224001_20;T;9000;0;0;10000;1200;2850
P188224001;P188224001_21;U;10000;0;0;11000;1200;2850
P188224001;P188224001_22;V;10000;1240;0;11000;2440;2850
P188224001;P188224001_23;W;11000;1240;0;12000;2440;2850
P188224001;P188224001_24;X;11000;0;0;12000;1200;2850
P188224001;P188224001_25;Y;12000;0;0;13200;1000;2850
P188224001;P188224001_26;Z;12000;1240;0;13000;2440;2850
P185224001;P185224001_1;A;0;0;0;1000;1200;2850
P185224001;P185224001_2;B;0;1240;0;1000;2440;2850
P185224001;P185224001_3;C;1000;1240;0;2000;2440;2850
P185224001;P185224001_4;D;1000;0;0;2000;1200;2850
P185224001;P185224001_5;E;2000;0;0;3000;1200;2850
P185224001;P185224001_6;F;2000;1240;0;3000;2440;2850
P185224001;P185224001_7;G;3000;1240;0;4000;2440;2850
P185224001;P185224001_8;H;3000;0;0;4000;1200;1915
P185224001;P185224001_9;I;4000;0;0;5000;1200;2850
P185224001;P185224001_10;J;4000;1240;0;5000;2440;2850
P185224001;P185224001_11;K;5000;1240;0;6000;2440;2850
P185224001;P185224001_12;L;5000;0;0;6000;1200;2850
P185224001;P185224001_13;M;6000;0;0;7000;1200;2850
P185224001;P185224001_14;N;6000;1240;0;7000;2440;2850
P185224001;P185224001_15;O;7000;1240;0;8000;2440;2850
P185224001;P185224001_16;P;7000;0;0;8000;1200;2850
P185224001;P185224001_17;Q;8000;0;0;9000;1200;2850
P185224001;P185224001_18;R;8000;1240;0;9000;2440;2850
P185224001;P185224001_19;S;9000;1240;0;10000;2440;2850
P185224001;P185224001_20;T;9000;0;0;10000;1200;2850
P185224001;P185224001_21;U;10000;0;0;11000;1200;2850
P185224001;P185224001_22;V;10000;1240;0;11000;2440;2850
P185224001;P185224001_23;W;11000;1240;0;12000;2440;2850
P185224001;P185224001_24;X;11000;0;0;12000;1200;2850
P185224001;P185224001_25;Y;12000;0;0;13200;1000;2850
P185224001;P185224001_26;Z;12000;1240;0;13000;2440;2850
Q185224001_1;Q185224001_1_1;A;0;0;0;1000;1200;2850
Q185224001_1;Q185224001_1_2;B;0;1240;0;1000;2440;2850
Q185224001_1;Q185224001_1_3;C;1000;1240;0;2000;2440;2850
Q185224001_1;Q185224001_1_4;D;1000;0;0;2000;1200;2850
Q185224001_1;Q185224001_1_5;E;2000;0;0;3000;1200;2850
Q185224001_1;Q185224001_1_6;F;2000;1240;0;3000;2440;2850
Q185224001_1;Q185224001_1_7;G;3000;1240;0;4000;2440;2850
Q185224001_1;Q185224001_1_8;H;3000;0;0;4000;1200;2850
Q185224001_1;Q185224001_1_9;I;4000;0;0;5000;1200;980
P178355503;P178355503_1;A;0;0;0;1010;1206;2170
P178355503;P178355503_2;B;0;1234;0;1010;2440;1085
P178355503;P178355503_3;C;1010;1234;0;2020;2440;2795
P178355503;P178355503_4;D;1010;0;0;2020;1206;2525
P178355503;P178355503_5;E;2020;0;0;3030;1206;2555
P178355503;P178355503_6;F;2020;1234;0;3030;2440;2155
P178355503;P178355503_7;G;3030;1234;0;4040;2440;2170
P178355503;P178355503_8;H;3030;0;0;4040;1206;2170
P178355503;P178355503_9;I;4040;0;0;5040;1200;2835
P178355503;P178355503_10;J;4040;1240;0;5040;2440;2835
P178355503;P178355503_11;K;5040;1240;0;6040;2440;2835
P178355503;P178355503_12;L;5040;0;0;6040;1200;2835
P178355503;P178355503_13;M;6040;0;0;7040;1200;2835
P178355503;P178355503_14;N;6040;1240;0;7040;2440;2835
P178355503;P178355503_15;O;7040;1240;0;8040;2440;2835
P178355503;P178355503_16;P;7040;0;0;8040;1200;2835
P178355503;P178355503_17;Q;8040;0;0;9040;1200;2835
P178355503;P178355503_18;R;8040;1240;0;9040;2440;2835
P178355503;P178355503_19;S;9040;1240;0;10040;2440;2835
P178355503;P178355503_20;T;9040;0;0;10040;1200;975
P178355503;P178355503_21;U;10040;0;0;11050;1206;2370
P178355503;P178355503_22;V;10040;1234;0;11050;2440;2370
P178355503;P178355503_23;W;11050;1234;0;12060;2440;2370
P178355503;P178355503_24;X;11050;0;0;12060;1206;1185
P174355505;P174355505_1;A;0;1234;0;1010;2440;2840
P174355505;P174355505_2;B;0;0;0;1010;1206;2325
P174355505;P174355505_3;C;1010;0;0;2020;1206;2170
P174355505;P174355505_4;D;1010;1234;0;2020;2440;1085
P174355505;P174355505_5;E;2020;1240;0;3020;2440;2835
P174355505;P174355505_6;F;2020;0;0;3020;1200;2835
P174355505;P174355505_7;G;3020;0;0;4020;1200;2835
P174355505;P174355505_8;H;3020;1240;0;4020;2440;2835
P174355505;P174355505_9;I;4020;1240;0;5020;2440;2835
P174355505;P174355505_10;J;4020;0;0;5020;1200;2835
P174355505;P174355505_11;K;5020;0;0;6020;1200;2835
P174355505;P174355505_12;L;5020;1234;0;6030;2440;2370
P174355505;P174355505_13;M;6020;0;0;7030;1206;2370
P171355503;P171355503_1;A;0;1234;0;1010;2440;2170
P171355503;P171355503_2;B;0;0;0;1010;1206;2170
P171355503;P171355503_3;C;1010;0;0;2020;1206;2610
P171355503;P171355503_4;D;1010;1234;0;2020;2440;2370
P171355503;P171355503_5;E;2020;1234;0;3030;2440;2425
P171355503;P171355503_6;F;2020;0;0;3030;1206;1440
P171355503;P171355503_7;G;3030;0;0;4040;1206;2170
P171355503;P171355503_8;H;3030;1234;0;4040;2440;2170
P171355503;P171355503_9;I;4040;1240;0;5040;2440;2835
P171355503;P171355503_10;J;4040;0;0;5040;1200;2835
P171355503;P171355503_11;K;5040;0;0;6040;1200;2835
P171355503;P171355503_12;L;5040;1240;0;6040;2440;2835
P171355503;P171355503_13;M;6040;1240;0;7040;2440;2835
P171355503;P171355503_14;N;6040;0;0;7040;1200;2835
P171355503;P171355503_15;O;7040;0;0;8040;1200;2835
P171355503;P171355503_16;P;7040;1240;0;8040;2440;2835
P171355503;P171355503_17;Q;8040;1240;0;9040;2440;2835
P171355503;P171355503_18;R;8040;0;0;9040;1200;1905
P171355503;P171355503_19;S;9040;0;0;10050;1206;2370
P171355503;P171355503_20;T;9040;1234;0;10050;2440;2370
P171355503;P171355503_21;U;10050;1234;0;11060;2440;1185
P178069601;P178069601_1;A;0;620;0;1000;1820;2700
P178069601;P178069601_2;B;1000;1240;0;2000;2440;2700
P178069601;P178069601_3;C;1000;20;0;2000;1220;2700
P178069601;P178069601_4;D;2000;0;0;3600;1200;2700
P178069601;P178069601_5;E;2000;1200;0;3610;2440;1425
P178069601;P178069601_6;F;3600;0;0;4600;1200;2700
P178069601;P178069601_7;G;3610;1200;0;5220;2440;1425
P178069601;P178069601_8;H;4600;0;0;5600;1200;2700
P178069601;P178069601_9;I;5220;1200;0;6830;2440;1425
P178069601;P178069601_10;J;5600;0;0;6600;1200;2700
P178069601;P178069601_11;K;6600;0;0;7600;1200;2700
P178069601;P178069601_12;L;6830;1240;0;8430;2440;2700
P178069601;P178069601_13;M;7600;0;0;9200;1200;2700
P178069601;P178069601_14;N;8430;1240;0;10030;2440;2700
P178069601;P178069601_15;O;9200;0;0;10810;1240;1425
P178069601;P178069601_16;P;10810;0;0;12050;1610;1425
P178069601;P178069601_17;Q;12050;0;0;13290;1610;1425
P177069601;P177069601_1;A;0;620;0;1000;1820;930
P177069601;P177069601_2;B;1000;620;0;2000;1820;930
P177069601;P177069601_3;C;2000;1240;0;3000;2440;2700
P177069601;P177069601_4;D;2000;0;0;3000;1200;2700
P177069601;P177069601_5;E;3000;620;0;4000;1820;2700
P177069601;P177069601_6;F;4000;620;0;5000;1820;2700
P177069601;P177069601_7;G;5000;1240;0;6000;2440;2700
P177069601;P177069601_8;H;5000;0;0;6000;1200;2700
P177069601;P177069601_9;I;6000;0;0;7000;1200;930
P177069601;P177069601_10;J;6000;1200;0;7610;2440;1425
P177069601;P177069601_11;K;7000;0;0;8000;1200;2700
P177069601;P177069601_12;L;7610;1240;0;8610;2440;2700
P177069601;P177069601_13;M;8000;0;0;9000;1200;2700
P177069601;P177069601_14;N;8610;1240;0;10210;2440;2700
P177069601;P177069601_15;O;9000;0;0;10610;1240;1425
P177069601;P177069601_16;P;10610;0;0;11850;1610;1425
P177069601;P177069601_17;Q;11850;0;0;13460;1240;735
P173069601;P173069601_1;A;0;0;0;1000;1200;930
P173069601;P173069601_2;B;0;1200;0;1000;2400;930
P173069601;P173069601_3;C;1000;620;0;2000;1820;2700
P173069601;P173069601_4;D;2000;620;0;3000;1820;930
P173069601;P173069601_5;E;3000;1240;0;4600;2440;2700
P173069601;P173069601_6;F;3000;0;0;4610;1240;1425
P173069601;P173069601_7;G;4600;1240;0;6200;2440;2700
P173069601;P173069601_8;H;4610;0;0;6220;1240;1425
P173069601;P173069601_9;I;6200;1240;0;7200;2440;2700
P173069601;P173069601_10;J;6220;0;0;7830;1240;1425
P173069601;P173069601_11;K;7200;1240;0;8200;2440;2700
P173069601;P173069601_12;L;7830;0;0;9430;1200;2700
P173069601;P173069601_13;M;8200;1200;0;9810;2440;1425
P173069601;P173069601_14;N;9430;0;0;11030;1200;2700
P173069601;P173069601_15;O;9810;1200;0;11420;2440;1425
P173069601;P173069601_16;P;11030;0;0;12030;1200;2700
P173069601;P173069601_17;Q;11420;1200;0;13030;2440;735
P173069601;P173069601_18;R;12030;0;0;13030;1200;2700
P171069601;P171069601_1;A;0;620;0;1000;1820;2700
P171069601;P171069601_2;B;1000;1240;0;2000;2440;2700
P171069601;P171069601_3;C;1000;20;0;2000;1220;2700
P171069601;P171069601_4;D;2000;620;0;3600;1820;2700
P171069601;P171069601_5;E;3600;1240;0;4600;2440;2700
P171069601;P171069601_6;F;3600;20;0;4600;1220;2700
P171069601;P171069601_7;G;4600;415;0;5840;2025;1425
P171069601;P171069601_8;H;5840;0;0;7080;1610;1425
P171069601;P171069601_9;I;7080;0;0;8320;1610;1425
P171069601;P171069601_10;J;8320;0;0;9560;1610;1425
P171069601;P171069601_11;K;9560;0;0;10800;1610;735
P171069601;P171069601_12;L;10800;1240;0;12400;2440;2700
P240065909;P240065909_1;A;0;0;0;1900;1200;2955
P240065909;P240065909_2;B;0;1240;0;1900;2440;2955
P240065909;P240065909_3;C;1900;1240;0;3800;2440;2955
P240065909;P240065909_4;D;1900;0;0;3800;1200;2955
P240065909;P240065909_5;E;3800;0;0;5700;1200;2955
P240065909;P240065909_6;F;3800;1240;0;5700;2440;2955
P240065909;P240065909_7;G;5700;1240;0;7600;2440;2955
P240065909;P240065909_8;H;5700;0;0;7600;1200;2955
P240065909;P240065909_9;I;7600;0;0;9500;1200;2955
P240065909;P240065909_10;J;7600;1240;0;9500;2440;2955
P240065909;P240065909_11;K;9500;1240;0;11400;2440;2955
P240065909;P240065909_12;L;9500;0;0;11400;1200;1500
P208065909;P208065909_1;A;0;0;0;1900;1200;2955
P208065909;P208065909_2;B;0;1240;0;1900;2440;2955
P208065909;P208065909_3;C;1900;1240;0;3800;2440;2955
P208065909;P208065909_4;D;1900;0;0;3800;1200;2955
P208065909;P208065909_5;E;3800;0;0;5700;1200;2955
P208065909;P208065909_6;F;3800;1240;0;5700;2440;2955
P208065909;P208065909_7;G;5700;1240;0;7600;2440;2955
P208065909;P208065909_8;H;5700;0;0;7600;1200;2955
P208065909;P208065909_9;I;7600;0;0;9500;1200;2955
P208065909;P208065909_10;J;7600;1240;0;9500;2440;2955
P208065909;P208065909_11;K;9500;1240;0;11400;2440;2955
P208065909;P208065909_12;L;9500;0;0;11400;1200;2955
P208065909;P208065909_13;M;11400;0;0;13300;1200;2955
P208065909;P208065909_14;N;11400;1240;0;13300;2440;2955
P206065909;P206065909_1;A;0;0;0;1900;1200;2955
P206065909;P206065909_2;B;0;1240;0;1900;2440;2955
P206065909;P206065909_3;C;1900;1240;0;3800;2440;2955
P206065909;P206065909_4;D;1900;0;0;3800;1200;2955
P206065909;P206065909_5;E;3800;0;0;5700;1200;2955
P206065909;P206065909_6;F;3800;1240;0;5700;2440;2955
P206065909;P206065909_7;G;5700;1240;0;7600;2440;2955
P206065909;P206065909_8;H;5700;0;0;7600;1200;2955
P206065909;P206065909_9;I;7600;0;0;9500;1200;2955
P206065909;P206065909_10;J;7600;1240;0;9500;2440;2955
P206065909;P206065909_11;K;9500;1240;0;11400;2440;2955
P206065909;P206065909_12;L;9500;0;0;11400;1200;2955
P206065909;P206065909_13;M;11400;0;0;13300;1200;2955
P206065909;P206065909_14;N;11400;1240;0;13300;2440;2955
P205065909;P205065909_1;A;0;0;0;1900;1200;2955
P205065909;P205065909_2;B;0;1240;0;1900;2440;2955
P205065909;P205065909_3;C;1900;1240;0;3800;2440;2955
P205065909;P205065909_4;D;1900;0;0;3800;1200;2955
P205065909;P205065909_5;E;3800;0;0;5700;1200;2955
P205065909;P205065909_6;F;3800;1240;0;5700;2440;2955
P205065909;P205065909_7;G;5700;1240;0;7600;2440;2955
P205065909;P205065909_8;H;5700;0;0;7600;1200;2955
P205065909;P205065909_9;I;7600;0;0;9500;1200;2955
P205065909;P205065909_10;J;7600;1240;0;9500;2440;2955
P205065909;P205065909_11;K;9500;1240;0;11400;2440;2955
P205065909;P205065909_12;L;9500;0;0;11400;1200;2955
P205065909;P205065909_13;M;11400;0;0;13300;1200;2955
P205065909;P205065909_14;N;11400;1240;0;13300;2440;2955
P202065909;P202065909_1;A;0;0;0;1900;1200;2955
P202065909;P202065909_2;B;0;1240;0;1900;2440;2955
P202065909;P202065909_3;C;1900;1240;0;3800;2440;2955
P202065909;P202065909_4;D;1900;0;0;3800;1200;2955
P202065909;P202065909_5;E;3800;0;0;5700;1200;2955
P202065909;P202065909_6;F;3800;1240;0;5700;2440;2955
P202065909;P202065909_7;G;5700;1240;0;7600;2440;2955
P202065909;P202065909_8;H;5700;0;0;7600;1200;2955
P202065909;P202065909_9;I;7600;0;0;9500;1200;2955
P202065909;P202065909_10;J;7600;1240;0;9500;2440;2955
P202065909;P202065909_11;K;9500;1240;0;11400;2440;2955
P202065909;P202065909_12;L;9500;0;0;11400;1200;2955
P202065909;P202065909_13;M;11400;0;0;13300;1200;2955
P202065909;P202065909_14;N;11400;1240;0;13300;2440;2955
P201065909;P201065909_1;A;0;0;0;1900;1200;2955
P201065909;P201065909_2;B;0;1240;0;1900;2440;2955
P201065909;P201065909_3;C;1900;1240;0;3800;2440;2955
P201065909;P201065909_4;D;1900;0;0;3800;1200;2955
P201065909;P201065909_5;E;3800;0;0;5700;1200;2955
P201065909;P201065909_6;F;3800;1240;0;5700;2440;2955
P201065909;P201065909_7;G;5700;1240;0;7600;2440;2955
P201065909;P201065909_8;H;5700;0;0;7600;1200;2955
P201065909;P201065909_9;I;7600;0;0;9500;1200;2955
P201065909;P201065909_10;J;7600;1240;0;9500;2440;2955
P201065909;P201065909_11;K;9500;1240;0;11400;2440;2955
P201065909;P201065909_12;L;9500;0;0;11400;1200;2955
P201065909;P201065909_13;M;11400;0;0;13300;1200;2955
P201065909;P201065909_14;N;11400;1240;0;13300;2440;2955
P199065909;P199065909_1;A;0;0;0;1900;1200;2955
P199065909;P199065909_2;B;0;1240;0;1900;2440;2955
P199065909;P199065909_3;C;1900;1240;0;3800;2440;2955
P199065909;P199065909_4;D;1900;0;0;3800;1200;2955
P199065909;P199065909_5;E;3800;0;0;5700;1200;2955
P199065909;P199065909_6;F;3800;1240;0;5700;2440;2955
P199065909;P199065909_7;G;5700;1240;0;7600;2440;2955
P199065909;P199065909_8;H;5700;0;0;7600;1200;2955
P199065909;P199065909_9;I;7600;0;0;9500;1200;2955
P199065909;P199065909_10;J;7600;1240;0;9500;2440;2955
P199065909;P199065909_11;K;9500;1240;0;11400;2440;2955
P199065909;P199065909_12;L;9500;0;0;11400;1200;2955
P199065909;P199065909_13;M;11400;0;0;13300;1200;2955
P199065909;P199065909_14;N;11400;1240;0;13300;2440;2955
Q199065909_1;Q199065909_1_1;A;0;0;0;1900;1200;2955
Q199065909_1;Q199065909_1_2;B;0;1240;0;1900;2440;2955
Q199065909_1;Q199065909_1_3;C;1900;1240;0;3800;2440;2955
Q199065909_1;Q199065909_1_4;D;1900;0;0;3800;1200;2955
Q199065909_1;Q199065909_1_5;E;3800;0;0;5700;1200;2955
Q199065909_1;Q199065909_1_6;F;3800;1240;0;5700;2440;2955
Q199065909_1;Q199065909_1_7;G;5700;1240;0;7600;2440;2955
Q199065909_1;Q199065909_1_8;H;5700;0;0;7600;1200;2955
Q199065909_1;Q199065909_1_9;I;7600;0;0;9500;1200;2955
Q199065909_1;Q199065909_1_10;J;7600;1240;0;9500;2440;2955
Q199065909_1;Q199065909_1_11;K;9500;1240;0;11400;2440;2955
Q199065909_1;Q199065909_1_12;L;9500;0;0;11400;1200;2955
Q199065909_1;Q199065909_1_13;M;11400;0;0;13300;1200;2955
Q199065909_1;Q199065909_1_14;N;11400;1240;0;13300;2440;2955
P198065909;P198065909_1;A;0;0;0;1900;1200;2955
P198065909;P198065909_2;B;0;1240;0;1900;2440;2955
P198065909;P198065909_3;C;1900;1240;0;3800;2440;2955
P198065909;P198065909_4;D;1900;0;0;3800;1200;2955
P198065909;P198065909_5;E;3800;0;0;5700;1200;2955
P198065909;P198065909_6;F;3800;1240;0;5700;2440;2955
P198065909;P198065909_7;G;5700;1240;0;7600;2440;2955
P198065909;P198065909_8;H;5700;0;0;7600;1200;2955
P198065909;P198065909_9;I;7600;0;0;9500;1200;2955
P198065909;P198065909_10;J;7600;1240;0;9500;2440;2955
P198065909;P198065909_11;K;9500;1240;0;11400;2440;2955
P198065909;P198065909_12;L;9500;0;0;11400;1200;2955
P198065909;P198065909_13;M;11400;0;0;13300;1200;2955
P198065909;P198065909_14;N;11400;1240;0;13300;2440;1500
P194065909;P194065909_1;A;0;0;0;1900;1200;2955
P194065909;P194065909_2;B;0;1240;0;1900;2440;2955
P194065909;P194065909_3;C;1900;1240;0;3800;2440;2955
P194065909;P194065909_4;D;1900;0;0;3800;1200;2955
P194065909;P194065909_5;E;3800;0;0;5700;1200;2955
P194065909;P194065909_6;F;3800;1240;0;5700;2440;2955
P194065909;P194065909_7;G;5700;1240;0;7600;2440;2955
P194065909;P194065909_8;H;5700;0;0;7600;1200;2955
P194065909;P194065909_9;I;7600;0;0;9500;1200;2955
P194065909;P194065909_10;J;7600;1240;0;9500;2440;2955
P194065909;P194065909_11;K;9500;1240;0;11400;2440;2955
P194065909;P194065909_12;L;9500;0;0;11400;1200;1500
P192065909;P192065909_1;A;0;0;0;1900;1200;2955
P192065909;P192065909_2;B;0;1240;0;1900;2440;2955
P192065909;P192065909_3;C;1900;1240;0;3800;2440;2955
P192065909;P192065909_4;D;1900;0;0;3800;1200;2955
P192065909;P192065909_5;E;3800;0;0;5700;1200;2955
P192065909;P192065909_6;F;3800;1240;0;5700;2440;2955
P192065909;P192065909_7;G;5700;1240;0;7600;2440;2955
P192065909;P192065909_8;H;5700;0;0;7600;1200;2955
P192065909;P192065909_9;I;7600;0;0;9500;1200;2955
P192065909;P192065909_10;J;7600;1240;0;9500;2440;2955
P192065909;P192065909_11;K;9500;1240;0;11400;2440;2955
P192065909;P192065909_12;L;9500;0;0;11400;1200;2955
P192065909;P192065909_13;M;11400;0;0;13300;1200;2955
P192065909;P192065909_14;N;11400;1240;0;13300;2440;2955
P191065909;P191065909_1;A;0;0;0;1900;1200;2955
P191065909;P191065909_2;B;0;1240;0;1900;2440;2955
P191065909;P191065909_3;C;1900;1240;0;3800;2440;2955
P191065909;P191065909_4;D;1900;0;0;3800;1200;2955
P191065909;P191065909_5;E;3800;0;0;5700;1200;2955
P191065909;P191065909_6;F;3800;1240;0;5700;2440;2955
P191065909;P191065909_7;G;5700;1240;0;7600;2440;2955
P191065909;P191065909_8;H;5700;0;0;7600;1200;2955
P191065909;P191065909_9;I;7600;0;0;9500;1200;2955
P191065909;P191065909_10;J;7600;1240;0;9500;2440;2955
P191065909;P191065909_11;K;9500;1240;0;11400;2440;2955
P191065909;P191065909_12;L;9500;0;0;11400;1200;2955
P191065909;P191065909_13;M;11400;0;0;13300;1200;2955
P191065909;P191065909_14;N;11400;1240;0;13300;2440;2955
P188065909;P188065909_1;A;0;0;0;1900;1200;2955
P188065909;P188065909_2;B;0;1240;0;1900;2440;2955
P188065909;P188065909_3;C;1900;1240;0;3800;2440;2955
P188065909;P188065909_4;D;1900;0;0;3800;1200;2955
P188065909;P188065909_5;E;3800;0;0;5700;1200;2955
P188065909;P188065909_6;F;3800;1240;0;5700;2440;2955
P188065909;P188065909_7;G;5700;1240;0;7600;2440;2955
P188065909;P188065909_8;H;5700;0;0;7600;1200;2955
P188065909;P188065909_9;I;7600;0;0;9500;1200;2955
P188065909;P188065909_10;J;7600;1240;0;9500;2440;2955
P188065909;P188065909_11;K;9500;1240;0;11400;2440;2955
P188065909;P188065909_12;L;9500;0;0;11400;1200;2955
P188065909;P188065909_13;M;11400;0;0;13300;1200;2955
P188065909;P188065909_14;N;11400;1240;0;13300;2440;2955
P187065909;P187065909_1;A;0;0;0;1900;1200;2955
P187065909;P187065909_2;B;0;1240;0;1900;2440;2955
P187065909;P187065909_3;C;1900;1240;0;3800;2440;2955
P187065909;P187065909_4;D;1900;0;0;3800;1200;2955
P187065909;P187065909_5;E;3800;0;0;5700;1200;2955
P187065909;P187065909_6;F;3800;1240;0;5700;2440;2955
P187065909;P187065909_7;G;5700;1240;0;7600;2440;2955
P187065909;P187065909_8;H;5700;0;0;7600;1200;2955
P187065909;P187065909_9;I;7600;0;0;9500;1200;2955
P187065909;P187065909_10;J;7600;1240;0;9500;2440;2955
P187065909;P187065909_11;K;9500;1240;0;11400;2440;2955
P187065909;P187065909_12;L;9500;0;0;11400;1200;2955
P187065909;P187065909_13;M;11400;0;0;13300;1200;2955
P187065909;P187065909_14;N;11400;1240;0;13300;2440;2955
P185065909;P185065909_1;A;0;0;0;1900;1200;2955
P185065909;P185065909_2;B;0;1240;0;1900;2440;2955
P185065909;P185065909_3;C;1900;1240;0;3800;2440;2955
P185065909;P185065909_4;D;1900;0;0;3800;1200;2955
P185065909;P185065909_5;E;3800;0;0;5700;1200;2955
P185065909;P185065909_6;F;3800;1240;0;5700;2440;2955
P185065909;P185065909_7;G;5700;1240;0;7600;2440;2955
P185065909;P185065909_8;H;5700;0;0;7600;1200;2955
P185065909;P185065909_9;I;7600;0;0;9500;1200;2955
P185065909;P185065909_10;J;7600;1240;0;9500;2440;2955
P185065909;P185065909_11;K;9500;1240;0;11400;2440;2955
P185065909;P185065909_12;L;9500;0;0;11400;1200;2955
P185065909;P185065909_13;M;11400;0;0;13300;1200;2955
P185065909;P185065909_14;N;11400;1240;0;13300;2440;2955
Q185065909_1;Q185065909_1_1;A;0;0;0;1900;1200;2955
Q185065909_1;Q185065909_1_2;B;0;1240;0;1900;2440;2955
Q185065909_1;Q185065909_1_3;C;1900;1240;0;3800;2440;2955
Q185065909_1;Q185065909_1_4;D;1900;0;0;3800;1200;2955
Q185065909_1;Q185065909_1_5;E;3800;0;0;5700;1200;2955
Q185065909_1;Q185065909_1_6;F;3800;1240;0;5700;2440;2955
Q185065909_1;Q185065909_1_7;G;5700;1240;0;7600;2440;2955
Q185065909_1;Q185065909_1_8;H;5700;0;0;7600;1200;2955
Q185065909_1;Q185065909_1_9;I;7600;0;0;9500;1200;2955
Q185065909_1;Q185065909_1_10;J;7600;1240;0;9500;2440;2955
Q185065909_1;Q185065909_1_11;K;9500;1240;0;11400;2440;2955
Q185065909_1;Q185065909_1_12;L;9500;0;0;11400;1200;2955
Q185065909_1;Q185065909_1_13;M;11400;0;0;13300;1200;2955
P177243101;P177243101_1;A;0;0;0;1010;1206;2957
P177243101;P177243101_2;B;0;1234;0;1010;2440;2957
P177243101;P177243101_3;C;1010;1234;0;2020;2440;2957
P177243101;P177243101_4;D;1010;0;0;2020;1206;2840
P177243101;P177243101_5;E;2020;0;0;3030;1206;2963
P177243101;P177243101_6;F;2020;1234;0;3030;2440;2663
P177243101;P177243101_7;G;3030;1234;0;4040;2440;2663
P177243101;P177243101_8;H;3030;0;0;4040;1206;2663
P177243101;P177243101_9;I;4040;0;0;5050;1206;2663
P177243101;P177243101_10;J;4040;1234;0;5050;2440;2663
P177243101;P177243101_11;K;5050;1234;0;6060;2440;2663
P177243101;P177243101_12;L;5050;0;0;6060;1206;2663
P177243101;P177243101_13;M;6060;0;0;7070;1206;2663
P177243101;P177243101_14;N;6060;1234;0;7070;2440;2663
P177243101;P177243101_15;O;7070;1234;0;8080;2440;2663
P177243101;P177243101_16;P;7070;0;0;8080;1206;2663
P177243101;P177243101_17;Q;8080;0;0;9090;1206;2663
P177243101;P177243101_18;R;8080;1234;0;9090;2440;2663
P177243101;P177243101_19;S;9090;1234;0;10100;2440;2663
P177243101;P177243101_20;T;9090;0;0;10100;1206;2663
P177243101;P177243101_21;U;10100;0;0;11110;1206;2663
P177243101;P177243101_22;V;10100;1234;0;11110;2440;2663
P177243101;P177243101_23;W;11110;1234;0;12120;2440;2663
P177243101;P177243101_24;X;11110;0;0;12120;1206;2544
P177243101;P177243101_25;Y;12120;0;0;13326;1010;1940
P177243101;P177243101_26;Z;12120;1430;0;13326;2440;2957
Q177243101_1;Q177243101_1_1;A;0;0;0;1010;1206;2910
Q177243101_1;Q177243101_1_2;B;0;1234;0;1010;2440;2957
Q177243101_1;Q177243101_1_3;C;1010;1234;0;2020;2440;2957
Q177243101_1;Q177243101_1_4;D;1010;0;0;2020;1206;2840
Q177243101_1;Q177243101_1_5;E;2020;0;0;3030;1206;2840
Q177243101_1;Q177243101_1_6;F;2020;1234;0;3030;2440;2957
Q177243101_1;Q177243101_1_7;G;3030;1234;0;4040;2440;2957
Q177243101_1;Q177243101_1_8;H;3030;0;0;4040;1206;2655
Q177243101_1;Q177243101_1_9;I;4040;0;0;5050;1206;2540
Q177243101_1;Q177243101_1_10;J;4040;1234;0;5050;2440;2727
Q177243101_1;Q177243101_1_11;K;5050;1234;0;6060;2440;2910
Q177243101_1;Q177243101_1_12;L;5050;0;0;6060;1206;1940
P173243101;P173243101_1;A;0;0;0;1010;1206;2361
P173243101;P173243101_2;B;0;1234;0;1010;2440;2178
P173243101;P173243101_3;C;1010;1234;0;2020;2440;2178
P173243101;P173243101_4;D;1010;0;0;2020;1206;2178
P173243101;P173243101_5;E;2020;0;0;3030;1206;2178
P173243101;P173243101_6;F;2020;1234;0;3030;2440;2178
P173243101;P173243101_7;G;3030;1234;0;4040;2440;2425
P173243101;P173243101_8;H;3030;0;0;4040;1206;2240
P173243101;P173243101_9;I;4040;0;0;5050;1206;2170
P173243101;P173243101_10;J;4040;1234;0;5050;2440;970
P173243101;P173243101_11;K;5050;1234;0;6060;2440;2242
P173243101;P173243101_12;L;5050;0;0;6060;1206;2170
P173243101;P173243101_13;M;6060;0;0;7070;1206;2240
P173243101;P173243101_14;N;6060;1234;0;7070;2440;2955
P209065203;P209065203_1;A;0;0;0;1010;1206;2370
P209065203;P209065203_2;B;0;1234;0;1010;2440;2370
P209065203;P209065203_3;C;1010;1234;0;2020;2440;2370
P209065203;P209065203_4;D;1010;0;0;2020;1206;2370
P209065203;P209065203_5;E;2020;0;0;3030;1206;2370
P209065203;P209065203_6;F;2020;1234;0;3030;2440;2370
P209065203;P209065203_7;G;3030;1240;0;4030;2440;2700
P209065203;P209065203_8;H;3030;0;0;4030;1200;2700
P209065203;P209065203_9;I;4030;0;0;5030;1200;2700
P209065203;P209065203_10;J;4030;1240;0;5030;2440;2700
P209065203;P209065203_11;K;5030;1240;0;6030;2440;2700
P209065203;P209065203_12;L;5030;0;0;6030;1200;2700
P209065203;P209065203_13;M;6030;0;0;7030;1200;2700
P209065203;P209065203_14;N;6030;1234;0;7040;2440;2775
P209065203;P209065203_15;O;7030;0;0;8040;1206;1940
P209065203;P209065203_16;P;7040;1240;0;8040;2440;2700
P209065203;P209065203_17;Q;8040;1240;0;9040;2440;2700
P209065203;P209065203_18;R;8040;0;0;9040;1200;2700
P209065203;P209065203_19;S;9040;0;0;10040;1200;2700
P209065203;P209065203_20;T;9040;1240;0;10040;2440;1815
P209065203;P209065203_21;U;10040;1240;0;11040;2440;2700
P209065203;P209065203_22;V;10040;0;0;11040;1200;2700
P209065203;P209065203_23;W;11040;0;0;12040;1200;930
P206065201;P206065201_1;A;0;0;0;1000;1200;2700
P206065201;P206065201_2;B;0;1240;0;1000;2440;2700
P206065201;P206065201_3;C;1000;1240;0;2000;2440;2700
P206065201;P206065201_4;D;1000;0;0;2000;1200;2700
P206065201;P206065201_5;E;2000;0;0;3000;1200;2700
P206065201;P206065201_6;F;2000;1240;0;3000;2440;2700
P206065201;P206065201_7;G;3000;1240;0;4000;2440;2700
P206065201;P206065201_8;H;3000;0;0;4000;1200;2700
P206065201;P206065201_9;I;4000;0;0;5000;1200;2700
P206065201;P206065201_10;J;4000;1240;0;5000;2440;2700
P206065201;P206065201_11;K;5000;1240;0;6000;2440;2700
P206065201;P206065201_12;L;5000;0;0;6000;1200;2700
P206065201;P206065201_13;M;6000;0;0;7000;1200;2700
P206065201;P206065201_14;N;6000;1240;0;7000;2440;2700
P206065201;P206065201_15;O;7000;1240;0;8000;2440;2700
P206065201;P206065201_16;P;7000;0;0;8000;1200;2700
P206065201;P206065201_17;Q;8000;0;0;9000;1200;2700
P206065201;P206065201_18;R;8000;1240;0;9000;2440;2700
P206065201;P206065201_19;S;9000;1240;0;10000;2440;2700
P206065201;P206065201_20;T;9000;0;0;10000;1200;2700
P206065201;P206065201_21;U;10000;0;0;11000;1200;2700
P206065201;P206065201_22;V;10000;1240;0;11000;2440;2700
P206065201;P206065201_23;W;11000;1240;0;12000;2440;2700
P206065201;P206065201_24;X;11000;0;0;12000;1200;2700
P206065201;P206065201_25;Y;12000;0;0;13200;1000;2700
P206065201;P206065201_26;Z;12000;1240;0;13000;2440;2700
P202065203;P202065203_1;A;0;0;0;1010;1206;2370
P202065203;P202065203_2;B;0;1234;0;1010;2440;2370
P202065203;P202065203_3;C;1010;1234;0;2020;2440;2370
P202065203;P202065203_4;D;1010;0;0;2020;1206;2370
P202065203;P202065203_5;E;2020;0;0;3030;1206;2370
P202065203;P202065203_6;F;2020;1234;0;3030;2440;2370
P202065203;P202065203_7;G;3030;1240;0;4030;2440;2700
P202065203;P202065203_8;H;3030;0;0;4030;1200;2700
P202065203;P202065203_9;I;4030;0;0;5030;1200;2700
P202065203;P202065203_10;J;4030;1240;0;5030;2440;2700
P202065203;P202065203_11;K;5030;1240;0;6030;2440;2700
P202065203;P202065203_12;L;5030;0;0;6030;1200;2700
P202065203;P202065203_13;M;6030;0;0;7030;1200;2700
P202065203;P202065203_14;N;6030;1240;0;7030;2440;2700
P202065203;P202065203_15;O;7030;1240;0;8030;2440;2700
P202065203;P202065203_16;P;7030;0;0;8040;1206;2490
P202065203;P202065203_17;Q;8030;1234;0;9040;2440;2025
P202065203;P202065203_18;R;8040;0;0;9040;1200;1815
P202065203;P202065203_19;S;9040;0;0;10040;1200;1815
P202065203;P202065203_20;T;9040;1240;0;10040;2440;2700
P202065203;P202065203_21;U;10040;1240;0;11040;2440;2700
P202065203;P202065203_22;V;10040;0;0;11040;1200;2700
P202065203;P202065203_23;W;11040;0;0;12040;1200;2700
P202065203;P202065203_24;X;11040;1240;0;12040;2440;2700
P202065203;P202065203_25;Y;12040;1440;0;13240;2440;2700
P202065203;P202065203_26;Z;12040;0;0;13040;1200;2700
P199065201;P199065201_1;A;0;0;0;1000;1200;2700
P199065201;P199065201_2;B;0;1240;0;1000;2440;2700
P199065201;P199065201_3;C;1000;1240;0;2000;2440;2700
P199065201;P199065201_4;D;1000;0;0;2000;1200;2700
P199065201;P199065201_5;E;2000;0;0;3000;1200;2700
P199065201;P199065201_6;F;2000;1240;0;3000;2440;2700
P199065201;P199065201_7;G;3000;1240;0;4000;2440;2700
P199065201;P199065201_8;H;3000;0;0;4000;1200;2700
P199065201;P199065201_9;I;4000;0;0;5000;1200;2700
P199065201;P199065201_10;J;4000;1240;0;5000;2440;2700
P199065201;P199065201_11;K;5000;1240;0;6000;2440;2700
P199065201;P199065201_12;L;5000;0;0;6000;1200;2700
P199065201;P199065201_13;M;6000;0;0;7000;1200;2700
P199065201;P199065201_14;N;6000;1240;0;7000;2440;2700
P199065201;P199065201_15;O;7000;1240;0;8000;2440;2700
P199065201;P199065201_16;P;7000;0;0;8000;1200;2700
P199065201;P199065201_17;Q;8000;0;0;9000;1200;2700
P199065201;P199065201_18;R;8000;1240;0;9000;2440;2700
P199065201;P199065201_19;S;9000;1240;0;10000;2440;2700
P199065201;P199065201_20;T;9000;0;0;10000;1200;2700
P199065201;P199065201_21;U;10000;0;0;11000;1200;2700
P199065201;P199065201_22;V;10000;1240;0;11000;2440;2700
P199065201;P199065201_23;W;11000;1240;0;12000;2440;2700
P199065201;P199065201_24;X;11000;0;0;12000;1200;2700
P199065201;P199065201_25;Y;12000;0;0;13200;1000;2700
P199065201;P199065201_26;Z;12000;1240;0;13000;2440;2700
P192065201;P192065201_1;A;0;1240;0;1000;2440;2700
P192065201;P192065201_2;B;0;0;0;1000;1200;2700
P192065201;P192065201_3;C;1000;0;0;2000;1200;2700
P192065201;P192065201_4;D;1000;1240;0;2000;2440;2700
P192065201;P192065201_5;E;2000;1240;0;3000;2440;2700
P192065201;P192065201_6;F;2000;0;0;3000;1200;2700
P192065201;P192065201_7;G;3000;0;0;4000;1200;2700
P192065201;P192065201_8;H;3000;1240;0;4000;2440;2700
P192065201;P192065201_9;I;4000;1240;0;5000;2440;2700
P192065201;P192065201_10;J;4000;0;0;5000;1200;2700
P192065201;P192065201_11;K;5000;0;0;6000;1200;2700
P192065201;P192065201_12;L;5000;1240;0;6000;2440;2700
P192065201;P192065201_13;M;6000;1240;0;7000;2440;2700
P192065201;P192065201_14;N;6000;0;0;7000;1200;2700
P192065201;P192065201_15;O;7000;0;0;8000;1200;2700
P192065201;P192065201_16;P;7000;1240;0;8000;2440;2700
P192065201;P192065201_17;Q;8000;1240;0;9000;2440;2700
P192065201;P192065201_18;R;8000;0;0;9000;1200;2700
P192065201;P192065201_19;S;9000;0;0;10000;1200;2700
P192065201;P192065201_20;T;9000;1240;0;10000;2440;2700
P192065201;P192065201_21;U;10000;1240;0;11000;2440;2700
P192065201;P192065201_22;V;10000;0;0;11000;1200;2700
P192065201;P192065201_23;W;11000;0;0;12000;1200;2700
P192065201;P192065201_24;X;11000;1240;0;12000;2440;2700
P192065201;P192065201_25;Y;12000;1440;0;13200;2440;2700
P192065201;P192065201_26;Z;12000;0;0;13000;1200;2700
P188065203;P188065203_1;A;0;1234;0;1010;2440;2370
P188065203;P188065203_2;B;0;0;0;1010;1206;2370
P188065203;P188065203_3;C;1010;0;0;2020;1206;2370
P188065203;P188065203_4;D;1010;1234;0;2020;2440;2370
P188065203;P188065203_5;E;2020;1234;0;3030;2440;2370
P188065203;P188065203_6;F;2020;0;0;3030;1206;1185
P188065203;P188065203_7;G;3030;0;0;4030;1200;2700
P188065203;P188065203_8;H;3030;1240;0;4030;2440;2700
P188065203;P188065203_9;I;4030;1240;0;5030;2440;2700
P188065203;P188065203_10;J;4030;0;0;5030;1200;2700
P188065203;P188065203_11;K;5030;0;0;6030;1200;2700
P188065203;P188065203_12;L;5030;1240;0;6030;2440;2700
P188065203;P188065203_13;M;6030;1240;0;7030;2440;2700
P188065203;P188065203_14;N;6030;0;0;7030;1200;2700
P188065203;P188065203_15;O;7030;0;0;8030;1200;2700
P188065203;P188065203_16;P;7030;1240;0;8030;2440;2700
P188065203;P188065203_17;Q;8030;1240;0;9030;2440;2700
P188065203;P188065203_18;R;8030;0;0;9040;1206;2304
P188065203;P188065203_19;S;9030;1234;0;10040;2440;2025
P188065203;P188065203_20;T;9040;0;0;10040;1200;2700
P188065203;P188065203_21;U;10040;0;0;11040;1200;2700
P188065203;P188065203_22;V;10040;1240;0;11040;2440;2700
P188065203;P188065203_23;W;11040;1240;0;12040;2440;1815
P188065203;P188065203_24;X;11040;0;0;12040;1200;2700
P188065203;P188065203_25;Y;12040;0;0;13240;1000;2700
P188065203;P188065203_26;Z;12040;1240;0;13040;2440;2700
P185065201;P185065201_1;A;0;0;0;1000;1200;2700
P185065201;P185065201_2;B;0;1240;0;1000;2440;2700
P185065201;P185065201_3;C;1000;1240;0;2000;2440;2700
P185065201;P185065201_4;D;1000;0;0;2000;1200;2700
P185065201;P185065201_5;E;2000;0;0;3000;1200;2700
P185065201;P185065201_6;F;2000;1240;0;3000;2440;2700
P185065201;P185065201_7;G;3000;1240;0;4000;2440;2700
P185065201;P185065201_8;H;3000;0;0;4000;1200;2700
P185065201;P185065201_9;I;4000;0;0;5000;1200;2700
P185065201;P185065201_10;J;4000;1240;0;5000;2440;2700
P185065201;P185065201_11;K;5000;1240;0;6000;2440;2700
P185065201;P185065201_12;L;5000;0;0;6000;1200;2700
P185065201;P185065201_13;M;6000;0;0;7000;1200;2700
P185065201;P185065201_14;N;6000;1240;0;7000;2440;2700
P185065201;P185065201_15;O;7000;1240;0;8000;2440;2700
P185065201;P185065201_16;P;7000;0;0;8000;1200;2700
P185065201;P185065201_17;Q;8000;0;0;9000;1200;2700
P185065201;P185065201_18;R;8000;1240;0;9000;2440;2700
P185065201;P185065201_19;S;9000;1240;0;10000;2440;2700
P185065201;P185065201_20;T;9000;0;0;10000;1200;2700
P185065201;P185065201_21;U;10000;0;0;11000;1200;2700
P185065201;P185065201_22;V;10000;1240;0;11000;2440;2700
P185065201;P185065201_23;W;11000;1240;0;12000;2440;2700
P185065201;P185065201_24;X;11000;0;0;12000;1200;2700
P185065201;P185065201_25;Y;12000;0;0;13200;1000;2700
P185065201;P185065201_26;Z;12000;1240;0;13000;2440;2700
Q185065201_1;Q185065201_1_1;A;0;0;0;1000;1200;2700
Q185065201_1;Q185065201_1_2;B;0;1240;0;1000;2440;2700
Q185065201_1;Q185065201_1_3;C;1000;1240;0;2000;2440;2700
Q185065201_1;Q185065201_1_4;D;1000;0;0;2000;1200;2700
Q185065201_1;Q185065201_1_5;E;2000;0;0;3000;1200;2700
Q185065201_1;Q185065201_1_6;F;2000;1240;0;3000;2440;2700
Q185065201_1;Q185065201_1_7;G;3000;1240;0;4000;2440;2700
Q185065201_1;Q185065201_1_8;H;3000;0;0;4000;1200;2700
Q185065201_1;Q185065201_1_9;I;4000;0;0;5000;1200;2700
Q185065201_1;Q185065201_1_10;J;4000;1240;0;5000;2440;2700
Q185065201_1;Q185065201_1_11;K;5000;1240;0;6000;2440;2700
P178220301;P178220301_1;A;0;0;0;1000;1200;930
P178220301;P178220301_2;B;0;1240;0;1000;2440;930
P178220301;P178220301_3;C;1000;1240;0;2000;2440;930
P178220301;P178220301_4;D;1000;0;0;2000;1200;930
P178220301;P178220301_5;E;2000;0;0;3000;1200;930
P178220301;P178220301_6;F;2000;1240;0;3000;2440;930
P178220301;P178220301_7;G;3000;1240;0;4000;2440;975
P178220301;P178220301_8;H;3000;0;0;4000;1200;975
P178220301;P178220301_9;I;4000;0;0;5000;1200;975
P178220301;P178220301_10;J;4000;1240;0;5000;2440;975
P178220301;P178220301_11;K;5000;1240;0;6000;2440;975
P178220301;P178220301_12;L;5000;0;0;6000;1200;975
P178220301;P178220301_13;M;6000;0;0;7000;1200;975
P178220301;P178220301_14;N;6000;1240;0;7000;2440;975
P178220301;P178220301_15;O;7000;1240;0;8000;2440;975
P178220301;P178220301_16;P;7000;0;0;8000;1200;975
P178220301;P178220301_17;Q;8000;0;0;9000;1200;1905
P178220301;P178220301_18;R;8000;1240;0;9000;2440;1905
P178220301;P178220301_19;S;9000;1240;0;10000;2440;1905
P178220301;P178220301_20;T;9000;0;0;10000;1200;1905
P178220301;P178220301_21;U;10000;0;0;11000;1200;1905
P178220301;P178220301_22;V;10000;1240;0;11000;2440;1905
P178220301;P178220301_23;W;11000;1240;0;12000;2440;1905
P178220301;P178220301_24;X;11000;0;0;12000;1200;1905
P178220301;P178220301_25;Y;12000;0;0;13200;1000;1905
P178220301;P178220301_26;Z;12000;1240;0;13000;2440;1905
P174220301;P174220301_1;A;0;0;0;1000;1200;930
P174220301;P174220301_2;B;0;1240;0;1000;2440;930
P174220301;P174220301_3;C;1000;1240;0;2000;2440;930
P174220301;P174220301_4;D;1000;0;0;2000;1200;930
P174220301;P174220301_5;E;2000;0;0;3000;1200;975
P174220301;P174220301_6;F;2000;1240;0;3000;2440;975
P174220301;P174220301_7;G;3000;1240;0;4000;2440;975
P174220301;P174220301_8;H;3000;0;0;4000;1200;975
P174220301;P174220301_9;I;4000;0;0;5000;1200;975
P174220301;P174220301_10;J;4000;1240;0;5000;2440;975
P174220301;P174220301_11;K;5000;1240;0;6000;2440;975
P174220301;P174220301_12;L;5000;0;0;6000;1200;1905
P174220301;P174220301_13;M;6000;0;0;7000;1200;1905
P174220301;P174220301_14;N;6000;1240;0;7000;2440;1905
P174220301;P174220301_15;O;7000;1240;0;8000;2440;1905
P174220301;P174220301_16;P;7000;0;0;8000;1200;1905
P174220301;P174220301_17;Q;8000;0;0;9000;1200;1905
P174220301;P174220301_18;R;8000;1240;0;9000;2440;1905
P174220301;P174220301_19;S;9000;1240;0;10000;2440;1905
P174220301;P174220301_20;T;9000;0;0;10000;1200;1905
P174220301;P174220301_21;U;10000;0;0;11000;1200;1905
P174220301;P174220301_22;V;10000;1240;0;11000;2440;1905
P174220301;P174220301_23;W;11000;1240;0;12000;2440;1905
P174220301;P174220301_24;X;11000;0;0;12000;1200;975
P172220301;P172220301_1;A;0;0;0;1000;1200;975
P172220301;P172220301_2;B;0;1200;0;1000;2400;975
P172220301;P172220301_3;C;1000;1240;0;2000;2440;975
P172220301;P172220301_4;D;1000;0;0;2000;1200;975
P172220301;P172220301_5;E;2000;0;0;3000;1200;975
P172220301;P172220301_6;F;2000;1200;0;3000;2400;975
P172220301;P172220301_7;G;3000;1240;0;4000;2440;975
P172220301;P172220301_8;H;3000;0;0;4000;1200;930
P172220301;P172220301_9;I;4000;1240;0;5000;2440;930
P172220301;P172220301_10;J;4000;0;0;5000;1200;930
P172220301;P172220301_11;K;5000;0;0;6000;1200;1905
P172220301;P172220301_12;L;5000;1240;0;6000;2440;1905
P172220301;P172220301_13;M;6000;1240;0;7000;2440;1905
P172220301;P172220301_14;N;6000;0;0;7000;1200;1905
P172220301;P172220301_15;O;7000;0;0;8000;1200;1905
P172220301;P172220301_16;P;7000;1240;0;8000;2440;1905
P172220301;P172220301_17;Q;8000;1240;0;9000;2440;1905
P172220301;P172220301_18;R;8000;0;0;9000;1200;1905
P172220301;P172220301_19;S;9000;0;0;10000;1200;1905
P172220301;P172220301_20;T;9000;1240;0;10000;2440;1905
P172220301;P172220301_21;U;10000;1240;0;11000;2440;1905
P172220301;P172220301_22;V;10000;0;0;11000;1200;1905
P172220301;P172220301_23;W;11000;0;0;12000;1200;1905
P171220301;P171220301_1;A;0;1240;0;1000;2440;930
P171220301;P171220301_2;B;0;20;0;1000;1220;930
P171220301;P171220301_3;C;1000;620;0;2000;1820;975
P171220301;P171220301_4;D;2000;620;0;3000;1820;975
P171220301;P171220301_5;E;3000;1240;0;4000;2440;975
P171220301;P171220301_6;F;3000;0;0;4000;1200;975
P171220301;P171220301_7;G;4000;0;0;5000;1200;1905
P171220301;P171220301_8;H;4000;1240;0;5000;2440;1905
P171220301;P171220301_9;I;5000;620;0;6000;1820;1905
P171220301;P171220301_10;J;6000;1240;0;7000;2440;1905
P171220301;P171220301_11;K;6000;0;0;7000;1200;1905
P171220301;P171220301_12;L;7000;1240;0;8000;2440;1905
P171220301;P171220301_13;M;7000;0;0;8000;1200;1905
P171220301;P171220301_14;N;8000;0;0;9000;1200;1905
P171220301;P171220301_15;O;8000;1240;0;9000;2440;1905
P171220301;P171220301_16;P;9000;1240;0;10000;2440;1905
P171220301;P171220301_17;Q;9000;0;0;10000;1200;1905
P240334505;P240334505_1;A;0;620;0;1000;1820;2835
P240334505;P240334505_2;B;1000;1240;0;2000;2440;2835
P240334505;P240334505_3;C;1000;0;0;2000;1200;2835
P240334505;P240334505_4;D;2000;0;0;3000;1200;2835
P240334505;P240334505_5;E;2000;1240;0;3000;2440;2835
P240334505;P240334505_6;F;3000;1240;0;4000;2440;2835
P240334505;P240334505_7;G;3000;0;0;4000;1200;2835
P240334505;P240334505_8;H;4000;0;0;5000;1200;2835
P240334505;P240334505_9;I;4000;1240;0;5000;2440;2835
P240334505;P240334505_10;J;5000;1240;0;6000;2440;2835
P240334505;P240334505_11;K;5000;0;0;6000;1200;2835
P240334505;P240334505_12;L;6000;0;0;7000;1200;2835
P240334505;P240334505_13;M;6000;1240;0;7000;2440;2835
P240334505;P240334505_14;N;7000;1240;0;8000;2440;1905
P240334505;P240334505_15;O;7000;0;0;8000;1200;2835
P240334505;P240334505_16;P;8000;0;0;9000;1200;2835
P240334505;P240334505_17;Q;8000;1240;0;9000;2440;2835
P240334505;P240334505_18;R;9000;1240;0;10000;2440;2835
P240334505;P240334505_19;S;9000;0;0;10000;1200;2835
P240334505;P240334505_20;T;10000;0;0;11000;1200;2835
P240334505;P240334505_21;U;10000;1240;0;11000;2440;2835
P240334505;P240334505_22;V;11000;1240;0;12000;2440;2835
P240334505;P240334505_23;W;11000;0;0;12000;1200;2835
P240334505;P240334505_24;X;12000;0;0;13200;1000;1905
P205334505;P205334505_1;A;0;0;0;1000;1200;2835
P205334505;P205334505_2;B;0;1200;0;1000;2400;2835
P205334505;P205334505_3;C;1000;1240;0;2000;2440;2835
P205334505;P205334505_4;D;1000;0;0;2000;1200;2835
P205334505;P205334505_5;E;2000;0;0;3000;1200;2835
P205334505;P205334505_6;F;2000;1240;0;3000;2440;2835
P205334505;P205334505_7;G;3000;1240;0;4000;2440;2835
P205334505;P205334505_8;H;3000;0;0;4000;1200;2835
P205334505;P205334505_9;I;4000;0;0;5000;1200;2835
P205334505;P205334505_10;J;4000;1240;0;5000;2440;2835
P205334505;P205334505_11;K;5000;1240;0;6000;2440;2835
P205334505;P205334505_12;L;5000;0;0;6000;1200;2835
P205334505;P205334505_13;M;6000;0;0;7000;1200;2835
P205334505;P205334505_14;N;6000;1240;0;7000;2440;2835
P205334505;P205334505_15;O;7000;1240;0;8000;2440;2835
P205334505;P205334505_16;P;7000;0;0;8000;1200;2835
P205334505;P205334505_17;Q;8000;0;0;9000;1200;2835
P205334505;P205334505_18;R;8000;1240;0;9000;2440;2835
P205334505;P205334505_19;S;9000;1240;0;10000;2440;2835
P205334505;P205334505_20;T;9000;0;0;10000;1200;2835
P205334505;P205334505_21;U;10000;0;0;11000;1200;2835
P205334505;P205334505_22;V;10000;1240;0;11000;2440;2835
P205334505;P205334505_23;W;11000;1240;0;12000;2440;2835
P205334505;P205334505_24;X;11000;0;0;12000;1200;2835
P205334505;P205334505_25;Y;12000;0;0;13200;1000;2835
P205334505;P205334505_26;Z;12000;1240;0;13000;2440;2835
P201334505;P201334505_1;A;0;0;0;1000;1200;2835
P201334505;P201334505_2;B;0;1200;0;1000;2400;2835
P201334505;P201334505_3;C;1000;1240;0;2000;2440;2835
P201334505;P201334505_4;D;1000;0;0;2000;1200;2835
P201334505;P201334505_5;E;2000;0;0;3000;1200;2835
P201334505;P201334505_6;F;2000;1200;0;3000;2400;2835
P201334505;P201334505_7;G;3000;1240;0;4000;2440;2835
P201334505;P201334505_8;H;3000;0;0;4000;1200;2835
P201334505;P201334505_9;I;4000;0;0;5000;1200;2835
P201334505;P201334505_10;J;4000;1200;0;5000;2400;2835
P201334505;P201334505_11;K;5000;1240;0;6000;2440;2835
P201334505;P201334505_12;L;5000;0;0;6000;1200;2835
P201334505;P201334505_13;M;6000;0;0;7000;1200;2835
P201334505;P201334505_14;N;6000;1240;0;7000;2440;2835
P201334505;P201334505_15;O;7000;1240;0;8000;2440;2835
P201334505;P201334505_16;P;7000;0;0;8000;1200;2835
P201334505;P201334505_17;Q;8000;0;0;9000;1200;2835
P201334505;P201334505_18;R;8000;1240;0;9000;2440;2835
P201334505;P201334505_19;S;9000;1240;0;10000;2440;2835
P201334505;P201334505_20;T;9000;0;0;10000;1200;2835
P201334505;P201334505_21;U;10000;0;0;11000;1200;2835
P201334505;P201334505_22;V;10000;1240;0;11000;2440;2835
P201334505;P201334505_23;W;11000;1240;0;12000;2440;2835
P201334505;P201334505_24;X;11000;0;0;12000;1200;2835
P201334505;P201334505_25;Y;12000;0;0;13200;1000;2835
P201334505;P201334505_26;Z;12000;1240;0;13000;2440;2835
P198334505;P198334505_1;A;0;0;0;1000;1200;2835
P198334505;P198334505_2;B;0;1240;0;1000;2440;2835
P198334505;P198334505_3;C;1000;1240;0;2000;2440;2835
P198334505;P198334505_4;D;1000;0;0;2000;1200;2835
P198334505;P198334505_5;E;2000;0;0;3000;1200;2835
P198334505;P198334505_6;F;2000;1240;0;3000;2440;2835
P198334505;P198334505_7;G;3000;1240;0;4000;2440;2835
P198334505;P198334505_8;H;3000;0;0;4000;1200;2835
P198334505;P198334505_9;I;4000;0;0;5000;1200;2835
P198334505;P198334505_10;J;4000;1240;0;5000;2440;2835
P198334505;P198334505_11;K;5000;1240;0;6000;2440;2835
P198334505;P198334505_12;L;5000;0;0;6000;1200;2835
P198334505;P198334505_13;M;6000;0;0;7000;1200;2835
P198334505;P198334505_14;N;6000;1240;0;7000;2440;2835
P198334505;P198334505_15;O;7000;1240;0;8000;2440;2835
P198334505;P198334505_16;P;7000;0;0;8000;1200;2835
P198334505;P198334505_17;Q;8000;0;0;9000;1200;2835
P198334505;P198334505_18;R;8000;1240;0;9000;2440;2835
P198334505;P198334505_19;S;9000;1240;0;10000;2440;2835
P198334505;P198334505_20;T;9000;0;0;10000;1200;2835
P198334505;P198334505_21;U;10000;0;0;11000;1200;2835
P198334505;P198334505_22;V;10000;1240;0;11000;2440;2835
P198334505;P198334505_23;W;11000;1240;0;12000;2440;2835
P198334505;P198334505_24;X;11000;0;0;12000;1200;2835
P198334505;P198334505_25;Y;12000;0;0;13200;1000;2835
P198334505;P198334505_26;Z;12000;1240;0;13000;2440;2835
P191334505;P191334505_1;A;0;620;0;1000;1820;2835
P191334505;P191334505_2;B;1000;1240;0;2000;2440;2835
P191334505;P191334505_3;C;1000;0;0;2000;1200;2835
P191334505;P191334505_4;D;2000;620;0;3000;1820;2835
P191334505;P191334505_5;E;3000;1240;0;4000;2440;2835
P191334505;P191334505_6;F;3000;0;0;4000;1200;2835
P191334505;P191334505_7;G;4000;0;0;5000;1200;2835
P191334505;P191334505_8;H;4000;1220;0;5000;2420;2835
P191334505;P191334505_9;I;5000;1240;0;6000;2440;2835
P191334505;P191334505_10;J;5000;0;0;6000;1200;2835
P191334505;P191334505_11;K;6000;0;0;7000;1200;2835
P191334505;P191334505_12;L;6000;1240;0;7000;2440;2835
P191334505;P191334505_13;M;7000;1240;0;8000;2440;2835
P191334505;P191334505_14;N;7000;0;0;8000;1200;2835
P191334505;P191334505_15;O;8000;0;0;9000;1200;2835
P191334505;P191334505_16;P;8000;1240;0;9000;2440;2835
P191334505;P191334505_17;Q;9000;1240;0;10000;2440;2835
P191334505;P191334505_18;R;9000;0;0;10000;1200;2835
P191334505;P191334505_19;S;10000;0;0;11000;1200;2835
P191334505;P191334505_20;T;10000;1240;0;11000;2440;2835
P191334505;P191334505_21;U;11000;1240;0;12000;2440;2835
P191334505;P191334505_22;V;11000;0;0;12000;1200;2835
P191334505;P191334505_23;W;12000;0;0;13200;1000;2835
P191334505;P191334505_24;X;12000;1240;0;13000;2440;2835
P187334505;P187334505_1;A;0;0;0;1000;1200;2835
P187334505;P187334505_2;B;0;1200;0;1000;2400;2835
P187334505;P187334505_3;C;1000;1240;0;2000;2440;2835
P187334505;P187334505_4;D;1000;0;0;2000;1200;2835
P187334505;P187334505_5;E;2000;0;0;3000;1200;2835
P187334505;P187334505_6;F;2000;1200;0;3000;2400;2835
P187334505;P187334505_7;G;3000;1240;0;4000;2440;2835
P187334505;P187334505_8;H;3000;0;0;4000;1200;2835
P187334505;P187334505_9;I;4000;1240;0;5000;2440;2835
P187334505;P187334505_10;J;4000;0;0;5000;1200;2835
P187334505;P187334505_11;K;5000;0;0;6000;1200;2835
P187334505;P187334505_12;L;5000;1240;0;6000;2440;2835
P187334505;P187334505_13;M;6000;1240;0;7000;2440;2835
P187334505;P187334505_14;N;6000;0;0;7000;1200;2835
P187334505;P187334505_15;O;7000;0;0;8000;1200;2835
P187334505;P187334505_16;P;7000;1240;0;8000;2440;2835
P187334505;P187334505_17;Q;8000;1240;0;9000;2440;2835
P187334505;P187334505_18;R;8000;0;0;9000;1200;2835
P187334505;P187334505_19;S;9000;0;0;10000;1200;2835
P187334505;P187334505_20;T;9000;1240;0;10000;2440;2835
P187334505;P187334505_21;U;10000;1240;0;11000;2440;2835
P187334505;P187334505_22;V;10000;0;0;11000;1200;2835
P187334505;P187334505_23;W;11000;0;0;12000;1200;2835
P187334505;P187334505_24;X;11000;1240;0;12000;2440;2835
P187334505;P187334505_25;Y;12000;1440;0;13200;2440;2835
P187334505;P187334505_26;Z;12000;0;0;13000;1200;2835
P184334505;P184334505_1;A;0;0;0;1000;1200;2835
P184334505;P184334505_2;B;0;1200;0;1000;2400;2835
P184334505;P184334505_3;C;1000;1240;0;2000;2440;2835
P184334505;P184334505_4;D;1000;0;0;2000;1200;2835
P184334505;P184334505_5;E;2000;1240;0;3000;2440;2835
P184334505;P184334505_6;F;2000;0;0;3000;1200;2835
P184334505;P184334505_7;G;3000;0;0;4000;1200;2835
P184334505;P184334505_8;H;3000;1240;0;4000;2440;2835
P184334505;P184334505_9;I;4000;1240;0;5000;2440;2835
P184334505;P184334505_10;J;4000;0;0;5000;1200;2835
P184334505;P184334505_11;K;5000;0;0;6000;1200;2835
P184334505;P184334505_12;L;5000;1240;0;6000;2440;2835
P184334505;P184334505_13;M;6000;1240;0;7000;2440;2835
P184334505;P184334505_14;N;6000;0;0;7000;1200;2835
P184334505;P184334505_15;O;7000;0;0;8000;1200;2835
P184334505;P184334505_16;P;7000;1240;0;8000;2440;2835
P184334505;P184334505_17;Q;8000;1240;0;9000;2440;2835
P184334505;P184334505_18;R;8000;0;0;9000;1200;2835
P184334505;P184334505_19;S;9000;0;0;10000;1200;2835
P184334505;P184334505_20;T;9000;1240;0;10000;2440;2835
P184334505;P184334505_21;U;10000;1240;0;11000;2440;2835
P184334505;P184334505_22;V;10000;0;0;11000;1200;2835
P184334505;P184334505_23;W;11000;0;0;12000;1200;2835
P184334505;P184334505_24;X;11000;1240;0;12000;2440;2835
P184334505;P184334505_25;Y;12000;1440;0;13200;2440;2835
P184334505;P184334505_26;Z;12000;0;0;13000;1200;975
P206218703;P206218703_1;A;0;0;0;1000;1200;2835
P206218703;P206218703_2;B;0;1240;0;1000;2440;2835
P206218703;P206218703_3;C;1000;1240;0;2000;2440;2835
P206218703;P206218703_4;D;1000;0;0;2000;1200;2835
P206218703;P206218703_5;E;2000;0;0;3000;1200;2835
P206218703;P206218703_6;F;2000;1240;0;3000;2440;2835
P206218703;P206218703_7;G;3000;1240;0;4000;2440;2835
P206218703;P206218703_8;H;3000;0;0;4000;1200;2835
P206218703;P206218703_9;I;4000;0;0;5000;1200;2835
P206218703;P206218703_10;J;4000;1240;0;5000;2440;2835
P206218703;P206218703_11;K;5000;1240;0;6000;2440;2835
P206218703;P206218703_12;L;5000;0;0;6000;1200;2835
P206218703;P206218703_13;M;6000;0;0;7000;1200;2835
P206218703;P206218703_14;N;6000;1240;0;7000;2440;2835
P206218703;P206218703_15;O;7000;1240;0;8000;2440;2835
P206218703;P206218703_16;P;7000;0;0;8000;1200;2835
P206218703;P206218703_17;Q;8000;0;0;9000;1200;2835
P194218703;P194218703_1;A;0;0;0;1000;1200;2835
P194218703;P194218703_2;B;0;1240;0;1000;2440;2835
P194218703;P194218703_3;C;1000;1240;0;2000;2440;2835
P194218703;P194218703_4;D;1000;0;0;2000;1200;2835
P194218703;P194218703_5;E;2000;0;0;3000;1200;2835
P194218703;P194218703_6;F;2000;1240;0;3000;2440;2835
P194218703;P194218703_7;G;3000;1240;0;4000;2440;2835
P194218703;P194218703_8;H;3000;0;0;4000;1200;2835
P194218703;P194218703_9;I;4000;0;0;5000;1200;2835
P194218703;P194218703_10;J;4000;1240;0;5000;2440;2835
P194218703;P194218703_11;K;5000;1240;0;6000;2440;2835
P194218703;P194218703_12;L;5000;0;0;6000;1200;2835
P194218703;P194218703_13;M;6000;0;0;7000;1200;2835
P194218703;P194218703_14;N;6000;1240;0;7000;2440;2835
P194218703;P194218703_15;O;7000;1240;0;8000;2440;2835
P194218703;P194218703_16;P;7000;0;0;8000;1200;2835
P194218703;P194218703_17;Q;8000;0;0;9000;1200;2835
P194218703;P194218703_18;R;8000;1240;0;9000;2440;2835
P194218703;P194218703_19;S;9000;1240;0;10000;2440;2835
P194218703;P194218703_20;T;9000;0;0;10000;1200;2835
P194218703;P194218703_21;U;10000;0;0;11000;1200;2835
P194218703;P194218703_22;V;10000;1240;0;11000;2440;2835
P194218703;P194218703_23;W;11000;1240;0;12000;2440;2835
P194218703;P194218703_24;X;11000;0;0;12000;1200;2835
P194218703;P194218703_25;Y;12000;0;0;13200;1000;2835
P185218703;P185218703_1;A;0;0;0;1000;1200;2835
P185218703;P185218703_2;B;0;1240;0;1000;2440;2835
P185218703;P185218703_3;C;1000;1240;0;2000;2440;2835
P185218703;P185218703_4;D;1000;0;0;2000;1200;2835
P185218703;P185218703_5;E;2000;0;0;3000;1200;2835
P185218703;P185218703_6;F;2000;1240;0;3000;2440;2835
P185218703;P185218703_7;G;3000;1240;0;4000;2440;2835
P185218703;P185218703_8;H;3000;0;0;4000;1200;2835
P185218703;P185218703_9;I;4000;0;0;5000;1200;2835
P185218703;P185218703_10;J;4000;1240;0;5000;2440;2835
P185218703;P185218703_11;K;5000;1240;0;6000;2440;2835
P185218703;P185218703_12;L;5000;0;0;6000;1200;2835
P185218703;P185218703_13;M;6000;0;0;7000;1200;2835
P185218703;P185218703_14;N;6000;1240;0;7000;2440;2835
P185218703;P185218703_15;O;7000;1240;0;8000;2440;2835
P185218703;P185218703_16;P;7000;0;0;8000;1200;2835
P185218703;P185218703_17;Q;8000;0;0;9000;1200;2835
P185218703;P185218703_18;R;8000;1240;0;9000;2440;2835
P185218703;P185218703_19;S;9000;1240;0;10000;2440;2835
P185218703;P185218703_20;T;9000;0;0;10000;1200;2835
P185218703;P185218703_21;U;10000;0;0;11000;1200;2835
P185218703;P185218703_22;V;10000;1240;0;11000;2440;2835
P185218703;P185218703_23;W;11000;1240;0;12000;2440;2835
P185218703;P185218703_24;X;11000;0;0;12000;1200;2835
P174258901;P174258901_1;A;0;1240;0;1600;2440;2700
P174258901;P174258901_2;B;0;0;0;1600;1200;2700
P174258901;P174258901_3;C;1600;0;0;3200;1200;2700
P174258901;P174258901_4;D;1600;1240;0;3200;2440;2700
P174258901;P174258901_5;E;3200;1240;0;4200;2440;2790
P174258901;P174258901_6;F;3200;0;0;4200;1200;2790
P174258901;P174258901_7;G;4200;0;0;5200;1200;2790
P174258901;P174258901_8;H;4200;1240;0;5200;2440;1905
P174258901;P174258901_9;I;5200;1240;0;6200;2440;1905
P174258901;P174258901_10;J;5200;0;0;6200;1200;1905
P174258901;P174258901_11;K;6200;0;0;7200;1200;1905
P174258901;P174258901_12;L;6200;1240;0;7200;2440;1905
P174258901;P174258901_13;M;7200;1240;0;8200;2440;1905
P174258901;P174258901_14;N;7200;0;0;8200;1200;1905
P174258901;P174258901_15;O;8200;0;0;9200;1200;1905
P174258901;P174258901_16;P;8200;1240;0;9200;2440;1905
P174258901;P174258901_17;Q;9200;1240;0;10200;2440;1905
P174258901;P174258901_18;R;9200;0;0;10200;1200;1905
P174258901;P174258901_19;S;10200;0;0;11800;1200;2700
P174258901;P174258901_20;T;10200;1240;0;11800;2440;2700
P174258901;P174258901_21;U;11800;1240;0;13400;2440;2700
P174258901;P174258901_22;V;11800;0;0;13400;1200;2700
P173258801;P173258801_1;A;0;0;0;1320;710;1360
P173258801;P173258801_2;B;0;710;0;1320;1420;1360
P173258801;P173258801_3;C;0;1420;0;1320;2130;1360
P173258801;P173258801_4;D;1320;1730;0;2640;2440;1360
P173258801;P173258801_5;E;1320;0;0;2640;710;1360
P173258801;P173258801_6;F;1320;710;0;2640;1420;1360
P173258801;P173258801_7;G;2640;1730;0;3960;2440;1360
P173258801;P173258801_8;H;2640;0;0;3960;710;1360
P173258801;P173258801_9;I;2640;710;0;3960;1420;1360
P173258801;P173258801_10;J;3960;0;0;5280;710;1360
P173258801;P173258801_11;K;3960;710;0;5280;1420;680
P173258801;P173258801_12;L;3960;1440;0;5160;2440;1905
P173258801;P173258801_13;M;5160;1440;0;6360;2440;1905
P173258801;P173258801_14;N;5280;0;0;6880;1200;2700
P173258801;P173258801_15;O;6360;1240;0;7960;2440;2700
P173258801;P173258801_16;P;6880;0;0;8480;1200;2700
P173258801;P173258801_17;Q;7960;1240;0;9560;2440;2700
P173258801;P173258801_18;R;8480;0;0;9480;1200;1905
P173258801;P173258801_19;S;9480;0;0;10480;1200;1905
P173258801;P173258801_20;T;9560;1240;0;11160;2440;2700
P173258801;P173258801_21;U;10480;0;0;12080;1200;2700
P173258801;P173258801_22;V;11160;1240;0;12760;2440;2700
P172258901;P172258901_1;A;0;0;0;1600;1200;2700
P172258901;P172258901_2;B;0;1240;0;1600;2440;930
P172258901;P172258901_3;C;1600;1240;0;2600;2440;2790
P172258901;P172258901_4;D;1600;0;0;2600;1200;2745
P172258901;P172258901_5;E;2600;0;0;3600;1200;1905
P172258901;P172258901_6;F;2600;1240;0;3600;2440;1905
P172258901;P172258901_7;G;3600;1240;0;4600;2440;1905
P172258901;P172258901_8;H;3600;0;0;5200;1200;2700
P172258901;P172258901_9;I;4600;1240;0;6200;2440;2700
P172258901;P172258901_10;J;5200;0;0;6800;1200;2700
P172258901;P172258901_11;K;6200;1240;0;7800;2440;2700
P172258901;P172258901_12;L;6800;0;0;8400;1200;2700
P172258901;P172258901_13;M;7800;1240;0;9400;2440;2700
P172258901;P172258901_14;N;8400;0;0;10000;1200;2700
P172258901;P172258901_15;O;9400;1240;0;11000;2440;2700
P172258901;P172258901_16;P;10000;0;0;11010;1206;2370
P172258901;P172258901_17;Q;11000;1234;0;12010;2440;2725
P172258901;P172258901_18;R;11010;0;0;12020;1206;2755
P172258901;P172258901_19;S;12010;1234;0;13020;2440;2370
P178355901;P178355901_1;A;0;620;0;800;1820;2820
P178355901;P178355901_2;B;800;1240;0;1600;2440;2820
P178355901;P178355901_3;C;800;20;0;1600;1220;2820
P178355901;P178355901_4;D;1600;1240;0;2400;2440;2820
P178355901;P178355901_5;E;1600;0;0;2400;1200;2820
P178355901;P178355901_6;F;2400;0;0;3200;1200;2820
P178355901;P178355901_7;G;2400;1240;0;3200;2440;2820
P178355901;P178355901_8;H;3200;1240;0;4000;2440;2820
P178355901;P178355901_9;I;3200;0;0;4000;1200;2820
P178355901;P178355901_10;J;4000;0;0;4800;1200;2820
P178355901;P178355901_11;K;4000;1240;0;4800;2440;2820
P178355901;P178355901_12;L;4800;1240;0;5600;2440;2820
P178355901;P178355901_13;M;4800;0;0;5600;1200;2820
P178355901;P178355901_14;N;5600;0;0;6400;1200;2820
P178355901;P178355901_15;O;5600;1240;0;6400;2440;2820
P178355901;P178355901_16;P;6400;1240;0;7200;2440;2820
P178355901;P178355901_17;Q;6400;0;0;7200;1200;2820
P178355901;P178355901_18;R;7200;0;0;8000;1200;1895
P178355901;P178355901_19;S;7200;1240;0;8800;2440;2700
P178355901;P178355901_20;T;8000;0;0;9600;1200;2700
P178355901;P178355901_21;U;8800;1240;0;10400;2440;2700
P178355901;P178355901_22;V;9600;0;0;10400;600;2632
P178355901;P178355901_23;W;9600;640;0;10400;1240;2632
P178355901;P178355901_24;X;10400;1640;0;11000;2440;2114
P178355901;P178355901_25;Y;10400;0;0;11410;1206;2370
P178355901;P178355901_26;Z;11000;1234;0;12010;2440;2370
P178355901;P178355901_27;AA;11410;0;0;12420;1206;1185
P178355901;P178355901_28;AB;12010;1340;0;13310;2440;2835
P178355901;P178355901_29;AC;12420;0;0;13220;1200;2300
P171355901;P171355901_1;A;0;0;0;800;1200;2820
P171355901;P171355901_2;B;0;1240;0;800;2440;2820
P171355901;P171355901_3;C;800;1240;0;1600;2440;2820
P171355901;P171355901_4;D;800;0;0;1600;1200;2820
P171355901;P171355901_5;E;1600;0;0;2400;1200;2820
P171355901;P171355901_6;F;1600;1240;0;2400;2440;2820
P171355901;P171355901_7;G;2400;1240;0;3200;2440;2820
P171355901;P171355901_8;H;2400;0;0;3200;1200;2820
P171355901;P171355901_9;I;3200;0;0;4000;1200;2820
P171355901;P171355901_10;J;3200;1240;0;4000;2440;1895
P171355901;P171355901_11;K;4000;1240;0;4800;2440;2820
P171355901;P171355901_12;L;4000;0;0;4800;1200;1895
P171355901;P171355901_13;M;4800;0;0;5600;1200;2820
P171355901;P171355901_14;N;4800;1240;0;5600;2440;2820
P171355901;P171355901_15;O;5600;1240;0;6400;2440;2820
P171355901;P171355901_16;P;5600;0;0;6400;1200;2820
P171355901;P171355901_17;Q;6400;0;0;7200;1200;2820
P171355901;P171355901_18;R;6400;1240;0;7200;2440;2820
P171355901;P171355901_19;S;7200;1240;0;8000;2440;2820
P171355901;P171355901_20;T;7200;0;0;8000;1200;2820
P171355901;P171355901_21;U;8000;0;0;8800;1200;2820
P171355901;P171355901_22;V;8000;1240;0;8800;2440;2820
P171355901;P171355901_23;W;8800;1240;0;9600;2440;2820
P171355901;P171355901_24;X;8800;0;0;9600;1200;2820
P171355901;P171355901_25;Y;9600;0;0;10400;1200;2820
P171355901;P171355901_26;Z;9600;1240;0;10400;2440;1895
P171355901;P171355901_27;AA;10400;1240;0;11200;2440;2820
P171355901;P171355901_28;AB;10400;0;0;11200;1200;2820
P171355901;P171355901_29;AC;11200;0;0;12000;1200;2820
P171355901;P171355901_30;AD;11200;1240;0;12000;2440;970
P171355901;P171355901_31;AE;12000;840;0;13200;2440;2700
Q171355901_1;Q171355901_1_1;A;0;0;0;1600;1200;1815
Q171355901_1;Q171355901_1_2;B;0;1240;0;1600;2440;2700
Q171355901_1;Q171355901_1_3;C;1600;1240;0;3200;2440;2700
Q171355901_1;Q171355901_1_4;D;1600;0;0;3200;1200;930
Q171355901_1;Q171355901_1_5;E;3200;0;0;3800;800;2632
Q171355901_1;Q171355901_1_6;F;3200;800;0;3800;1600;2632
Q171355901_1;Q171355901_1_7;G;3200;1640;0;3800;2440;2632
Q171355901_1;Q171355901_1_8;H;3800;1640;0;4400;2440;560
Q171355901_1;Q171355901_1_9;I;3800;0;0;4810;1206;2370
Q171355901_1;Q171355901_1_10;J;4400;1234;0;5410;2440;2370
Q171355901_1;Q171355901_1_11;K;4810;0;0;5820;1206;2370
Q171355901_1;Q171355901_1_12;L;5410;1240;0;6210;2440;2300
Q171355901_1;Q171355901_1_13;M;5820;0;0;6620;1200;2300
Q171355901_1;Q171355901_1_14;N;6210;1240;0;7010;2440;2300
Q171355901_1;Q171355901_1_15;O;6620;0;0;7420;1200;2300
Q171355901_1;Q171355901_1_16;P;7010;1240;0;7810;2440;2300
Q171355901_1;Q171355901_1_17;Q;7420;0;0;8220;1200;2300
Q171355901_1;Q171355901_1_18;R;7810;1240;0;8610;2440;2300
Q171355901_1;Q171355901_1_19;S;8220;0;0;9020;1200;2300
Q171355901_1;Q171355901_1_20;T;8610;1340;0;9910;2440;2835
Q171355901_1;Q171355901_1_21;U;9020;0;0;10120;1300;1905
Q171355901_1;Q171355901_1_22;V;9910;1640;0;11110;2440;2300
Q171355901_1;Q171355901_1_23;W;10120;0;0;11320;800;2300
Q171355901_1;Q171355901_1_24;X;10120;800;0;11320;1600;1150
P206069701;P206069701_1;A;0;1240;0;1000;2440;2835
P206069701;P206069701_2;B;0;0;0;1000;1200;2835
P206069701;P206069701_3;C;1000;0;0;2000;1200;2835
P206069701;P206069701_4;D;1000;1240;0;2000;2440;2835
P206069701;P206069701_5;E;2000;1240;0;3000;2440;2835
P206069701;P206069701_6;F;2000;0;0;3000;1200;2835
P206069701;P206069701_7;G;3000;0;0;4000;1200;2835
P206069701;P206069701_8;H;3000;1240;0;4000;2440;2835
P206069701;P206069701_9;I;4000;1240;0;5000;2440;2835
P206069701;P206069701_10;J;4000;0;0;5000;1200;2835
P206069701;P206069701_11;K;5000;0;0;6000;1200;2835
P206069701;P206069701_12;L;5000;1240;0;6000;2440;2835
P206069701;P206069701_13;M;6000;1240;0;7000;2440;2835
P206069701;P206069701_14;N;6000;0;0;7000;1200;2835
P206069701;P206069701_15;O;7000;0;0;8000;1200;2835
P206069701;P206069701_16;P;7000;1240;0;8000;2440;2835
P206069701;P206069701_17;Q;8000;1240;0;9000;2440;2835
P206069701;P206069701_18;R;8000;0;0;9000;1200;2835
P206069701;P206069701_19;S;9000;0;0;10000;1200;2835
P206069701;P206069701_20;T;9000;1240;0;10000;2440;2835
P206069701;P206069701_21;U;10000;1240;0;11000;2440;2835
P206069701;P206069701_22;V;10000;0;0;11010;1206;2186
P206069701;P206069701_23;W;11000;1234;0;12010;2440;2186
P206069701;P206069701_24;X;11010;0;0;12020;1206;2186
P206069701;P206069701_25;Y;12010;1234;0;13020;2440;2186
P206069701;P206069701_26;Z;12020;0;0;13030;1206;2186
P201069701;P201069701_1;A;0;1240;0;1000;2440;2835
P201069701;P201069701_2;B;0;0;0;1000;1200;2835
P201069701;P201069701_3;C;1000;0;0;2000;1200;2835
P201069701;P201069701_4;D;1000;1240;0;2000;2440;2835
P201069701;P201069701_5;E;2000;1240;0;3000;2440;2835
P201069701;P201069701_6;F;2000;0;0;3000;1200;2835
P201069701;P201069701_7;G;3000;0;0;4000;1200;2835
P201069701;P201069701_8;H;3000;1240;0;4000;2440;2835
P201069701;P201069701_9;I;4000;1240;0;5000;2440;2835
P201069701;P201069701_10;J;4000;0;0;5000;1200;2835
P201069701;P201069701_11;K;5000;0;0;6000;1200;2835
P201069701;P201069701_12;L;5000;1240;0;6000;2440;2835
P201069701;P201069701_13;M;6000;1240;0;7000;2440;2835
P201069701;P201069701_14;N;6000;0;0;7000;1200;2835
P201069701;P201069701_15;O;7000;0;0;8000;1200;2835
P201069701;P201069701_16;P;7000;1240;0;8000;2440;2835
P201069701;P201069701_17;Q;8000;1240;0;9000;2440;2835
P201069701;P201069701_18;R;8000;0;0;9000;1200;2835
P201069701;P201069701_19;S;9000;0;0;10000;1200;2835
P201069701;P201069701_20;T;9000;1240;0;10000;2440;2835
P201069701;P201069701_21;U;10000;1240;0;11000;2440;2835
P201069701;P201069701_22;V;10000;0;0;11000;1200;2835
P201069701;P201069701_23;W;11000;0;0;12000;1200;2835
P201069701;P201069701_24;X;11000;1234;0;12010;2440;2186
P201069701;P201069701_25;Y;12000;0;0;13010;1206;2186
P201069701;P201069701_26;Z;12010;1234;0;13020;2440;2186
P199069701;P199069701_1;A;0;0;0;1000;1200;2835
P199069701;P199069701_2;B;0;1240;0;1000;2440;2835
P199069701;P199069701_3;C;1000;1240;0;2000;2440;2835
P199069701;P199069701_4;D;1000;0;0;2000;1200;2835
P199069701;P199069701_5;E;2000;0;0;3000;1200;2835
P199069701;P199069701_6;F;2000;1240;0;3000;2440;2835
P199069701;P199069701_7;G;3000;1240;0;4000;2440;2835
P199069701;P199069701_8;H;3000;0;0;4000;1200;2835
P199069701;P199069701_9;I;4000;0;0;5000;1200;2835
P199069701;P199069701_10;J;4000;1240;0;5000;2440;2835
P199069701;P199069701_11;K;5000;1240;0;6000;2440;2835
P199069701;P199069701_12;L;5000;0;0;6000;1200;2835
P199069701;P199069701_13;M;6000;0;0;7000;1200;2835
P199069701;P199069701_14;N;6000;1234;0;7010;2440;2186
P199069701;P199069701_15;O;7000;0;0;8010;1206;2186
P199069701;P199069701_16;P;7010;1234;0;8020;2440;2186
P199069701;P199069701_17;Q;8010;0;0;9020;1206;2186
P199069701;P199069701_18;R;8020;1234;0;9030;2440;2186
P199069701;P199069701_19;S;9020;0;0;10030;1206;2186
P199069701;P199069701_20;T;9030;1234;0;10040;2440;2186
P199069701;P199069701_21;U;10030;0;0;11040;1206;2186
P199069701;P199069701_22;V;10040;1234;0;11050;2440;1093
P192069701;P192069701_1;A;0;1240;0;1000;2440;2835
P192069701;P192069701_2;B;0;0;0;1000;1200;2835
P192069701;P192069701_3;C;1000;0;0;2000;1200;2835
P192069701;P192069701_4;D;1000;1240;0;2000;2440;2835
P192069701;P192069701_5;E;2000;1240;0;3000;2440;2835
P192069701;P192069701_6;F;2000;0;0;3000;1200;2835
P192069701;P192069701_7;G;3000;0;0;4000;1200;2835
P192069701;P192069701_8;H;3000;1240;0;4000;2440;2835
P192069701;P192069701_9;I;4000;1240;0;5000;2440;2835
P192069701;P192069701_10;J;4000;0;0;5000;1200;2835
P192069701;P192069701_11;K;5000;0;0;6000;1200;2835
P192069701;P192069701_12;L;5000;1240;0;6000;2440;2835
P192069701;P192069701_13;M;6000;1240;0;7000;2440;2835
P192069701;P192069701_14;N;6000;0;0;7000;1200;2835
P192069701;P192069701_15;O;7000;0;0;8000;1200;2835
P192069701;P192069701_16;P;7000;1240;0;8000;2440;2835
P192069701;P192069701_17;Q;8000;1240;0;9000;2440;2835
P192069701;P192069701_18;R;8000;0;0;9000;1200;2835
P192069701;P192069701_19;S;9000;0;0;10000;1200;2835
P192069701;P192069701_20;T;9000;1240;0;10000;2440;2835
P192069701;P192069701_21;U;10000;1240;0;11000;2440;2835
P192069701;P192069701_22;V;10000;0;0;11010;1206;2186
P192069701;P192069701_23;W;11000;1234;0;12010;2440;2186
P192069701;P192069701_24;X;11010;0;0;12020;1206;2186
P192069701;P192069701_25;Y;12010;1234;0;13020;2440;2186
P192069701;P192069701_26;Z;12020;0;0;13030;1206;2186
P187069701;P187069701_1;A;0;0;0;1000;1200;2835
P187069701;P187069701_2;B;0;1240;0;1000;2440;2835
P187069701;P187069701_3;C;1000;1240;0;2000;2440;2835
P187069701;P187069701_4;D;1000;0;0;2000;1200;2835
P187069701;P187069701_5;E;2000;0;0;3000;1200;2835
P187069701;P187069701_6;F;2000;1240;0;3000;2440;2835
P187069701;P187069701_7;G;3000;1240;0;4000;2440;2835
P187069701;P187069701_8;H;3000;0;0;4000;1200;2835
P187069701;P187069701_9;I;4000;0;0;5000;1200;2835
P187069701;P187069701_10;J;4000;1240;0;5000;2440;2835
P187069701;P187069701_11;K;5000;1240;0;6000;2440;2835
P187069701;P187069701_12;L;5000;0;0;6000;1200;2835
P187069701;P187069701_13;M;6000;0;0;7000;1200;2835
P187069701;P187069701_14;N;6000;1240;0;7000;2440;2835
P187069701;P187069701_15;O;7000;1240;0;8000;2440;2835
P187069701;P187069701_16;P;7000;0;0;8000;1200;2835
P187069701;P187069701_17;Q;8000;0;0;9000;1200;2835
P187069701;P187069701_18;R;8000;1240;0;9000;2440;2835
P187069701;P187069701_19;S;9000;1240;0;10000;2440;2835
P187069701;P187069701_20;T;9000;0;0;10000;1200;2835
P187069701;P187069701_21;U;10000;0;0;11000;1200;2835
P187069701;P187069701_22;V;10000;1240;0;11000;2440;2835
P187069701;P187069701_23;W;11000;1234;0;12010;2440;2186
P187069701;P187069701_24;X;11000;0;0;12010;1206;2186
P187069701;P187069701_25;Y;12010;0;0;13216;1010;2186
P187069701;P187069701_26;Z;12010;1234;0;13020;2440;2186
P185069701;P185069701_1;A;0;0;0;1000;1200;2835
P185069701;P185069701_2;B;0;1240;0;1000;2440;2835
P185069701;P185069701_3;C;1000;1240;0;2000;2440;2835
P185069701;P185069701_4;D;1000;0;0;2000;1200;2835
P185069701;P185069701_5;E;2000;0;0;3000;1200;2835
P185069701;P185069701_6;F;2000;1240;0;3000;2440;2835
P185069701;P185069701_7;G;3000;1240;0;4000;2440;2835
P185069701;P185069701_8;H;3000;0;0;4000;1200;2835
P185069701;P185069701_9;I;4000;0;0;5000;1200;2835
P185069701;P185069701_10;J;4000;1240;0;5000;2440;2835
P185069701;P185069701_11;K;5000;1240;0;6000;2440;2835
P185069701;P185069701_12;L;5000;0;0;6000;1200;2835
P185069701;P185069701_13;M;6000;0;0;7010;1206;2186
P185069701;P185069701_14;N;6000;1234;0;7010;2440;2186
P185069701;P185069701_15;O;7010;1234;0;8020;2440;2186
P185069701;P185069701_16;P;7010;0;0;8020;1206;2186
P185069701;P185069701_17;Q;8020;0;0;9030;1206;2186
P185069701;P185069701_18;R;8020;1234;0;9030;2440;2186
P185069701;P185069701_19;S;9030;1234;0;10040;2440;2186
P185069701;P185069701_20;T;9030;0;0;10040;1206;2186
P185069701;P185069701_21;U;10040;0;0;11050;1206;1093
P179161905;P179161905_1;A;0;0;0;1000;1200;1905
P179161905;P179161905_2;B;0;1240;0;1000;2440;1905
P179161905;P179161905_3;C;1000;1240;0;2000;2440;1905
P179161905;P179161905_4;D;1000;0;0;2000;1200;1905
P179161905;P179161905_5;E;2000;0;0;3000;1200;1905
P179161905;P179161905_6;F;2000;1240;0;3000;2440;1905
P179161905;P179161905_7;G;3000;1240;0;4000;2440;1905
P179161905;P179161905_8;H;3000;0;0;4000;1200;1905
P179161905;P179161905_9;I;4000;0;0;5000;1200;1905
P179161905;P179161905_10;J;4000;1240;0;5000;2440;1905
P179161905;P179161905_11;K;5000;1240;0;6000;2440;1905
P179161905;P179161905_12;L;5000;0;0;6000;1200;1905
P179161905;P179161905_13;M;6000;0;0;7000;1200;1905
P179161905;P179161905_14;N;6000;1240;0;7000;2440;1905
P179161905;P179161905_15;O;7000;1240;0;8000;2440;1905
P179161905;P179161905_16;P;7000;0;0;8000;1200;1905
P179161905;P179161905_17;Q;8000;0;0;9000;1200;1905
P179161905;P179161905_18;R;8000;1240;0;9000;2440;1905
P179161905;P179161905_19;S;9000;1240;0;10000;2440;1905
P179161905;P179161905_20;T;9000;0;0;10000;1200;1905
P179161905;P179161905_21;U;10000;0;0;11000;1200;1905
P179161905;P179161905_22;V;10000;1240;0;11000;2440;1905
P179161905;P179161905_23;W;11000;1240;0;12000;2440;975
P178161903;P178161903_1;A;0;0;0;1900;1200;2865
P178161903;P178161903_2;B;0;1240;0;1900;2440;2865
P178161903;P178161903_3;C;1900;1240;0;3800;2440;2865
P178161903;P178161903_4;D;1900;0;0;3800;1200;2865
P178161903;P178161903_5;E;3800;0;0;5700;1200;2865
P178161903;P178161903_6;F;3800;1240;0;5700;2440;2865
P178161903;P178161903_7;G;5700;1240;0;7600;2440;2865
P178161903;P178161903_8;H;5700;0;0;7600;1200;2865
P178161903;P178161903_9;I;7600;0;0;9500;1200;2865
P178161903;P178161903_10;J;7600;1240;0;9500;2440;2865
P178161903;P178161903_11;K;9500;1240;0;11400;2440;2865
P178161903;P178161903_12;L;9500;0;0;11400;1200;2865
P178161903;P178161903_13;M;11400;0;0;13300;1200;2865
P178161903;P178161903_14;N;11400;1240;0;13300;2440;2865
P177161901;P177161901_1;A;0;0;0;1900;1200;2865
P177161901;P177161901_2;B;0;1240;0;1900;2440;2865
P177161901;P177161901_3;C;1900;1240;0;3800;2440;2865
P177161901;P177161901_4;D;1900;0;0;3800;1200;2865
P177161901;P177161901_5;E;3800;0;0;5700;1200;2865
P177161901;P177161901_6;F;3800;1240;0;5700;2440;2865
P177161901;P177161901_7;G;5700;1240;0;7600;2440;2865
P177161901;P177161901_8;H;5700;0;0;7600;1200;2865
P177161901;P177161901_9;I;7600;0;0;9500;1200;2865
P177161901;P177161901_10;J;7600;1240;0;9500;2440;2865
P177161901;P177161901_11;K;9500;1240;0;10500;2440;1905
P177161901;P177161901_12;L;9500;0;0;10500;1200;1905
P177161901;P177161901_13;M;10500;0;0;11500;1200;1905
P177161901;P177161901_14;N;10500;1240;0;11500;2440;1905
P177161901;P177161901_15;O;11500;1240;0;12500;2440;1905
P177161901;P177161901_16;P;11500;0;0;12500;1200;1905
P177161901;P177161901_17;Q;12500;0;0;13500;1200;1905
P177161901;P177161901_18;R;12500;1240;0;13500;2440;1905
P174161903;P174161903_1;A;0;0;0;1900;1200;2865
P174161903;P174161903_2;B;0;1240;0;1900;2440;2865
P174161903;P174161903_3;C;1900;1240;0;3800;2440;2865
P174161903;P174161903_4;D;1900;0;0;3800;1200;2865
P174161903;P174161903_5;E;3800;0;0;5700;1200;2865
P174161903;P174161903_6;F;3800;1240;0;5700;2440;750
P172161905;P172161905_1;A;0;0;0;1000;1200;1905
P172161905;P172161905_2;B;0;1240;0;1000;2440;1905
P172161905;P172161905_3;C;1000;1240;0;2000;2440;1905
P172161905;P172161905_4;D;1000;0;0;2000;1200;1905
P172161905;P172161905_5;E;2000;0;0;3000;1200;1905
P172161905;P172161905_6;F;2000;1240;0;3000;2440;1905
P172161905;P172161905_7;G;3000;1240;0;4000;2440;1905
P172161905;P172161905_8;H;3000;0;0;4000;1200;1905
P172161905;P172161905_9;I;4000;0;0;5000;1200;1905
P172161905;P172161905_10;J;4000;1240;0;5000;2440;1905
P172161905;P172161905_11;K;5000;1240;0;6000;2440;1905
P172161905;P172161905_12;L;5000;0;0;6000;1200;1905
P172161905;P172161905_13;M;6000;0;0;7000;1200;1905
P172161905;P172161905_14;N;6000;1240;0;7000;2440;1905
P172161905;P172161905_15;O;7000;1240;0;8000;2440;1905
P172161905;P172161905_16;P;7000;0;0;8000;1200;1905
P172161905;P172161905_17;Q;8000;0;0;9000;1200;1905
P172161905;P172161905_18;R;8000;1240;0;9000;2440;1905
P172161905;P172161905_19;S;9000;1240;0;10000;2440;1905
P172161905;P172161905_20;T;9000;0;0;10000;1200;1905
P172161905;P172161905_21;U;10000;0;0;11000;1200;1905
P172161905;P172161905_22;V;10000;1240;0;11000;2440;1905
P172161905;P172161905_23;W;11000;1240;0;12000;2440;1905
P172161905;P172161905_24;X;11000;0;0;12000;1200;1905
P172161905;P172161905_25;Y;12000;0;0;13200;1000;1905
P172161905;P172161905_26;Z;12000;1240;0;13000;2440;1905
P171161903;P171161903_1;A;0;0;0;1900;1200;2865
P171161903;P171161903_2;B;0;1240;0;1900;2440;2865
P171161903;P171161903_3;C;1900;1240;0;3800;2440;2865
P171161903;P171161903_4;D;1900;0;0;3800;1200;2865
P171161903;P171161903_5;E;3800;0;0;5700;1200;2865
P171161903;P171161903_6;F;3800;1240;0;5700;2440;2865
P171161903;P171161903_7;G;5700;1240;0;7600;2440;2865
P171161903;P171161903_8;H;5700;0;0;7600;1200;2865
P171161903;P171161903_9;I;7600;0;0;9500;1200;2865
P171161903;P171161903_10;J;7600;1240;0;9500;2440;2865
P171161903;P171161903_11;K;9500;1240;0;11400;2440;2865
P171161903;P171161903_12;L;9500;0;0;11400;1200;2865
P171161903;P171161903_13;M;11400;0;0;13300;1200;2865
P171161903;P171161903_14;N;11400;1240;0;13300;2440;2865
P170161901;P170161901_1;A;0;0;0;1900;1200;2865
P170161901;P170161901_2;B;0;1240;0;1900;2440;2865
P170161901;P170161901_3;C;1900;1240;0;2900;2440;1905
P170161901;P170161901_4;D;1900;0;0;2900;1200;1905
P170161901;P170161901_5;E;2900;0;0;3900;1200;1905
P170161901;P170161901_6;F;2900;1240;0;3900;2440;1905
P170161901;P170161901_7;G;3900;1240;0;4900;2440;1905
P170161901;P170161901_8;H;3900;0;0;4900;1200;1905
P170161901;P170161901_9;I;4900;0;0;5900;1200;1905
P170161901;P170161901_10;J;4900;1240;0;5900;2440;1905
P170161901;P170161901_11;K;5900;1240;0;6900;2440;1905
P170161901;P170161901_12;L;5900;0;0;6900;1200;1905
P170161901;P170161901_13;M;6900;0;0;7900;1200;1905
P170161901;P170161901_14;N;6900;1240;0;7900;2440;1905
P170161901;P170161901_15;O;7900;1240;0;8900;2440;1905
P170161901;P170161901_16;P;7900;0;0;8900;1200;1905
P170161901;P170161901_17;Q;8900;0;0;9900;1200;1905
P170161901;P170161901_18;R;8900;1240;0;9900;2440;1905
P170161901;P170161901_19;S;9900;1240;0;10900;2440;1905
P170161901;P170161901_20;T;9900;0;0;10900;1200;1905
P170161901;P170161901_21;U;10900;0;0;11900;1200;1905
P170161901;P170161901_22;V;10900;1240;0;11900;2440;1905
P170161901;P170161901_23;W;11900;1440;0;13100;2440;975
P167161903;P167161903_1;A;0;0;0;1900;1200;2865
P167161903;P167161903_2;B;0;1240;0;1900;2440;2865
P167161903;P167161903_3;C;1900;1240;0;3800;2440;2865
P167161903;P167161903_4;D;1900;0;0;3800;1200;2865
P167161903;P167161903_5;E;3800;0;0;5700;1200;2865
P167161903;P167161903_6;F;3800;1240;0;5700;2440;2865
P167161903;P167161903_7;G;5700;1240;0;7600;2440;2865
P167161903;P167161903_8;H;5700;0;0;7600;1200;2865
P167161903;P167161903_9;I;7600;0;0;9500;1200;2865
P167161903;P167161903_10;J;7600;1240;0;9500;2440;2865
P167161903;P167161903_11;K;9500;1240;0;11400;2440;2865
P167161903;P167161903_12;L;9500;0;0;11400;1200;1455
P240240801;P240240801_1;A;0;1234;0;1010;2440;2725
P240240801;P240240801_2;B;0;0;0;1010;1206;2340
P240240801;P240240801_3;C;1010;0;0;2020;1206;2370
P240240801;P240240801_4;D;1010;1234;0;2020;2440;2370
P240240801;P240240801_5;E;2020;1234;0;3030;2440;2370
P201240801;P201240801_1;A;0;1234;0;1010;2440;2725
P201240801;P201240801_2;B;0;0;0;1010;1206;2755
P201240801;P201240801_3;C;1010;0;0;2020;1206;2755
P201240801;P201240801_4;D;1010;1234;0;2020;2440;2725
P201240801;P201240801_5;E;2020;1234;0;3030;2440;2755
P201240801;P201240801_6;F;2020;0;0;3030;1206;2755
P201240801;P201240801_7;G;3030;0;0;4040;1206;2755
P201240801;P201240801_8;H;3030;1234;0;4040;2440;2370
P201240801;P201240801_9;I;4040;1234;0;5050;2440;2370
P201240801;P201240801_10;J;4040;0;0;5050;1206;2370
P191240801;P191240801_1;A;0;0;0;1010;1206;2725
P191240801;P191240801_2;B;0;1234;0;1010;2440;2540
P191240801;P191240801_3;C;1010;1234;0;2020;2440;2755
P191240801;P191240801_4;D;1010;0;0;2020;1206;2755
P191240801;P191240801_5;E;2020;0;0;3030;1206;2755
P191240801;P191240801_6;F;2020;1234;0;3030;2440;2370
P191240801;P191240801_7;G;3030;1234;0;4040;2440;2370
P191240801;P191240801_8;H;3030;0;0;4040;1206;2370
P191240801;P191240801_9;I;4040;0;0;5050;1206;2370
P191240801;P191240801_10;J;4040;1234;0;5050;2440;2370
P191240801;P191240801_11;K;5050;1234;0;6060;2440;1185
P184240801;P184240801_1;A;0;0;0;1010;1206;2340
P184240801;P184240801_2;B;0;1234;0;1010;2440;2370
P184240801;P184240801_3;C;1010;1234;0;2020;2440;2370
P184240801;P184240801_4;D;1010;0;0;2020;1206;2370
P184240801;P184240801_5;E;2020;0;0;3030;1206;2755
P184240801;P184240801_6;F;2020;1234;0;3030;2440;2370
P184240801;P184240801_7;G;3030;1234;0;4040;2440;2370
P184240801;P184240801_8;H;3030;0;0;4040;1206;1185
P177291101;P177291101_1;A;0;0;0;1010;1206;385
P177291101;P177291101_2;B;0;1206;0;1010;2412;1185
P177291101;P177291101_3;C;1010;1234;0;2020;2440;1185
P177291101;P177291101_4;D;1010;0;0;2020;1206;1185
P177291101;P177291101_5;E;2020;0;0;3030;1206;1185
P177291101;P177291101_6;F;2020;1206;0;3030;2412;1185
P177291101;P177291101_7;G;3030;1234;0;4040;2440;1185
P177291101;P177291101_8;H;3030;0;0;4040;1206;1185
P177291101;P177291101_9;I;4040;0;0;5050;1206;1185
P177291101;P177291101_10;J;4040;1206;0;5050;2412;1185
P177291101;P177291101_11;K;5050;1234;0;6060;2440;1185
P177291101;P177291101_12;L;5050;0;0;6060;1206;1185
P177291101;P177291101_13;M;6060;0;0;7070;1206;2725
P177291101;P177291101_14;N;6060;1206;0;7070;2412;585
P177291101;P177291101_15;O;7070;1234;0;8080;2440;2170
P177291101;P177291101_16;P;7070;0;0;8080;1206;1085
P177291101;P177291101_17;Q;8080;0;0;9090;1206;2170
P177291101;P177291101_18;R;8080;1206;0;9090;2412;2170
P177291101;P177291101_19;S;9090;1234;0;10100;2440;2170
P177291101;P177291101_20;T;9090;0;0;10100;1206;2170
P177291101;P177291101_21;U;10100;0;0;11110;1206;2170
P177291101;P177291101_22;V;10100;1206;0;11110;2412;2170
P177291101;P177291101_23;W;11110;1234;0;12120;2440;2170
P177291101;P177291101_24;X;11110;0;0;12120;1206;970
P177291101;P177291101_25;Y;12120;0;0;13130;1206;2425
P177291101;P177291101_26;Z;12120;1206;0;13130;2412;2655
P173291101;P173291101_1;A;0;0;0;1010;1206;385
P173291101;P173291101_2;B;0;1206;0;1010;2412;385
P173291101;P173291101_3;C;1010;1234;0;2020;2440;1185
P173291101;P173291101_4;D;1010;0;0;2020;1206;385
P173291101;P173291101_5;E;2020;0;0;3030;1206;1185
P173291101;P173291101_6;F;2020;1234;0;3030;2440;1185
P173291101;P173291101_7;G;3030;1234;0;4040;2440;1185
P173291101;P173291101_8;H;3030;0;0;4040;1206;2755
P173291101;P173291101_9;I;4040;0;0;5050;1206;2370
P173291101;P173291101_10;J;4040;1234;0;5050;2440;1770
P173291101;P173291101_11;K;5050;1234;0;6060;2440;2370
P173291101;P173291101_12;L;5050;0;0;6060;1206;1085
P173291101;P173291101_13;M;6060;0;0;7070;1206;2170
P173291101;P173291101_14;N;6060;1234;0;7070;2440;2170
P173291101;P173291101_15;O;7070;1234;0;8080;2440;2170
P173291101;P173291101_16;P;7070;0;0;8080;1206;2170
P173291101;P173291101_17;Q;8080;0;0;9090;1206;2170
P173291101;P173291101_18;R;8080;1234;0;9090;2440;2170
P173291101;P173291101_19;S;9090;1234;0;10100;2440;2170
P173291101;P173291101_20;T;9090;0;0;10100;1206;2170
P173291101;P173291101_21;U;10100;0;0;11110;1206;2170
P173291101;P173291101_22;V;10100;1234;0;11110;2440;1085
P173291101;P173291101_23;W;11110;1234;0;12120;2440;2655
P173291101;P173291101_24;X;11110;0;0;12120;1206;2655
P173291101;P173291101_25;Y;12120;0;0;13326;1010;2725
P173291101;P173291101_26;Z;12120;1430;0;13326;2440;2540
P170291101;P170291101_1;A;0;1234;0;1010;2440;485
P180069507;P180069507_1;A;0;0;0;1200;2400;2835
P180069507;P180069507_2;B;1200;0;0;2400;2400;2835
P180069507;P180069507_3;C;2400;0;0;3600;2400;2835
P180069507;P180069507_4;D;3600;0;0;4800;2400;2835
P180069507;P180069507_5;E;4800;0;0;6000;2400;2835
P180069507;P180069507_6;F;6000;0;0;7200;2400;2835
P180069507;P180069507_7;G;7200;0;0;8400;2400;2835
P180069507;P180069507_8;H;8400;0;0;9600;2400;2835
P180069507;P180069507_9;I;9600;0;0;10800;2400;2835
P180069507;P180069507_10;J;10800;0;0;12000;2400;2835
P180069507;P180069507_11;K;12000;0;0;13200;2400;2835
P178069503;P178069503_1;A;0;0;0;1000;1200;1455
P178069503;P178069503_2;B;0;1240;0;1000;2440;750
P178069503;P178069503_3;C;1000;1660;0;1570;2440;1340
P178069503;P178069503_4;D;1000;0;0;2200;1600;2700
P178069503;P178069503_5;E;2200;0;0;3800;1200;2700
P178069503;P178069503_6;F;2200;1240;0;3800;2440;2700
P178069503;P178069503_7;G;3800;1240;0;5400;2440;2700
P178069503;P178069503_8;H;3800;0;0;5400;1200;2700
P178069503;P178069503_9;I;5400;0;0;7000;1200;2700
P178069503;P178069503_10;J;5400;1240;0;7000;2440;1815
P177069501;P177069501_1;A;0;0;0;1200;2400;2835
P177069501;P177069501_2;B;1200;0;0;2400;2400;2835
P177069501;P177069501_3;C;2400;0;0;3600;2400;2835
P177069501;P177069501_4;D;3600;0;0;4800;2400;2835
P177069501;P177069501_5;E;4800;0;0;6000;2400;2835
P177069501;P177069501_6;F;6000;0;0;7200;2400;2835
P177069501;P177069501_7;G;7200;0;0;8400;2400;2835
P177069501;P177069501_8;H;8400;0;0;9600;2400;2835
P177069501;P177069501_9;I;9600;0;0;10800;2400;2835
P177069501;P177069501_10;J;10800;0;0;12000;2400;2835
P177069501;P177069501_11;K;12000;0;0;13200;2400;2835
P173069507;P173069507_1;A;0;0;0;1200;2400;2835
P173069507;P173069507_2;B;1200;0;0;2400;2400;2835
P173069507;P173069507_3;C;2400;0;0;3600;2400;2835
P173069507;P173069507_4;D;3600;0;0;4800;2400;2835
P173069507;P173069507_5;E;4800;0;0;6000;2400;2835
P173069507;P173069507_6;F;6000;0;0;7200;2400;2835
P173069507;P173069507_7;G;7200;0;0;8400;2400;2835
P173069507;P173069507_8;H;8400;0;0;9600;2400;2835
P173069507;P173069507_9;I;9600;0;0;10800;2400;1905
P173069507;P173069507_10;J;10800;1240;0;12400;2440;2700
P173069507;P173069507_11;K;10800;0;0;12400;1200;2700
P172069505;P172069505_1;A;0;0;0;1200;2400;2835
P172069505;P172069505_2;B;1200;0;0;2400;2400;2835
P172069505;P172069505_3;C;2400;0;0;3600;2400;2835
P172069505;P172069505_4;D;3600;0;0;4800;2400;2835
P172069505;P172069505_5;E;4800;0;0;6000;2400;2835
P172069505;P172069505_6;F;6000;0;0;7200;2400;2835
P172069505;P172069505_7;G;7200;0;0;8400;2400;2835
P172069505;P172069505_8;H;8400;0;0;9600;2400;2835
P172069505;P172069505_9;I;9600;0;0;10800;2400;2835
P172069505;P172069505_10;J;10800;0;0;12000;2400;2835
P172069505;P172069505_11;K;12000;0;0;13200;2400;2835
P171069503;P171069503_1;A;0;0;0;1000;1200;1455
P171069503;P171069503_2;B;0;1240;0;1000;2440;1455
P171069503;P171069503_3;C;1000;1240;0;2000;2440;1455
P171069503;P171069503_4;D;1000;0;0;1570;780;1340
P171069503;P171069503_5;E;1570;0;0;2140;780;1340
P171069503;P171069503_6;F;2000;840;0;3200;2440;2700
P171069503;P171069503_7;G;3200;0;0;4800;1200;2700
P171069503;P171069503_8;H;3200;1240;0;4800;2440;2700
P171069503;P171069503_9;I;4800;1240;0;6400;2440;2700
P171069503;P171069503_10;J;4800;0;0;6400;1200;2700
P171069503;P171069503_11;K;6400;0;0;8000;1200;2700
P171069503;P171069503_12;L;6400;1240;0;8000;2440;2700
P171069503;P171069503_13;M;8000;1240;0;9600;2440;2700
P171069503;P171069503_14;N;8000;0;0;9600;1200;1815
P170069501;P170069501_1;A;0;0;0;1200;2400;2835
P170069501;P170069501_2;B;1200;0;0;2400;2400;2835
P170069501;P170069501_3;C;2400;0;0;3600;2400;2835
P170069501;P170069501_4;D;3600;0;0;4800;2400;2835
P170069501;P170069501_5;E;4800;0;0;6000;2400;2835
P170069501;P170069501_6;F;6000;0;0;7200;2400;2835
P170069501;P170069501_7;G;7200;0;0;8400;2400;2835
P170069501;P170069501_8;H;8400;0;0;9600;2400;2835
P170069501;P170069501_9;I;9600;0;0;10800;2400;2835
P170069501;P170069501_10;J;10800;0;0;12000;2400;2835
P170069501;P170069501_11;K;12000;0;0;13200;2400;2835
P166069507;P166069507_1;A;0;0;0;1200;2400;2835
P166069507;P166069507_2;B;1200;0;0;2400;2400;2835
P166069507;P166069507_3;C;2400;0;0;3600;2400;2835
P166069507;P166069507_4;D;3600;0;0;4800;2400;2835
P166069507;P166069507_5;E;4800;0;0;6000;2400;2835
P166069507;P166069507_6;F;6000;0;0;7200;2400;2835
P166069507;P166069507_7;G;7200;0;0;8400;2400;2835
P166069507;P166069507_8;H;8400;0;0;9600;2400;2835
P166069507;P166069507_9;I;9600;0;0;10800;2400;2835
P166069507;P166069507_10;J;10800;0;0;12000;2400;2835
P166069507;P166069507_11;K;12000;0;0;13200;2400;1905
P178063401;P178063401_1;A;0;1234;0;1010;2440;2852
P178063401;P178063401_2;B;0;0;0;1010;1206;1455
P178063401;P178063401_3;C;1010;0;0;2020;1206;2186
P178063401;P178063401_4;D;1010;1234;0;2020;2440;2186
P178063401;P178063401_5;E;2020;1234;0;3030;2440;2186
P178063401;P178063401_6;F;2020;0;0;3030;1206;2186
P178063401;P178063401_7;G;3030;0;0;4040;1206;2186
P178063401;P178063401_8;H;3030;1234;0;4040;2440;2186
P178063401;P178063401_9;I;4040;1234;0;5050;2440;2186
P178063401;P178063401_10;J;4040;0;0;5050;1206;2186
P178063401;P178063401_11;K;5050;0;0;6060;1206;2186
P178063401;P178063401_12;L;5050;1234;0;6060;2440;2186
P178063401;P178063401_13;M;6060;1234;0;7070;2440;2186
P178063401;P178063401_14;N;6060;0;0;7070;1206;2186
P178063401;P178063401_15;O;7070;0;0;8080;1206;2186
P178063401;P178063401_16;P;7070;1240;0;8070;2440;2835
P178063401;P178063401_17;Q;8070;1240;0;9070;2440;1905
P178063401;P178063401_18;R;8080;0;0;9080;1200;2835
P178063401;P178063401_19;S;9070;1240;0;10070;2440;2835
P178063401;P178063401_20;T;9080;0;0;10080;1200;2835
P178063401;P178063401_21;U;10070;1240;0;11070;2440;2835
P178063401;P178063401_22;V;10080;0;0;11080;1200;2835
P178063401;P178063401_23;W;11070;1240;0;12070;2440;2835
P178063401;P178063401_24;X;11080;0;0;12080;1200;2835
P178063401;P178063401_25;Y;12070;1240;0;13070;2440;2835
P178063401;P178063401_26;Z;12080;0;0;13080;1200;2835
P173063403;P173063403_1;A;0;1234;0;1010;2440;1940
P173063403;P173063403_2;B;0;0;0;1010;1206;2186
P173063403;P173063403_3;C;1010;0;0;2020;1206;2186
P173063403;P173063403_4;D;1010;1234;0;2020;2440;2186
P173063403;P173063403_5;E;2020;1234;0;3030;2440;2186
P173063403;P173063403_6;F;2020;0;0;3030;1206;2186
P173063403;P173063403_7;G;3030;0;0;4040;1206;2186
P173063403;P173063403_8;H;3030;1234;0;4040;2440;2186
P173063403;P173063403_9;I;4040;1234;0;5050;2440;2186
P173063403;P173063403_10;J;4040;0;0;5050;1206;2186
P173063403;P173063403_11;K;5050;0;0;6060;1206;2186
P173063403;P173063403_12;L;5050;1234;0;6060;2440;2186
P173063403;P173063403_13;M;6060;1234;0;7070;2440;2186
P173063403;P173063403_14;N;6060;0;0;7070;1206;2186
P173063403;P173063403_15;O;7070;0;0;8080;1206;2186
P173063403;P173063403_16;P;7070;1234;0;8080;2440;2186
P173063403;P173063403_17;Q;8080;1234;0;9090;2440;2186
P173063403;P173063403_18;R;8080;0;0;9090;1206;2186
P173063403;P173063403_19;S;9090;0;0;10100;1206;2186
P173063403;P173063403_20;T;9090;1234;0;10100;2440;2186
P173063403;P173063403_21;U;10100;1234;0;11110;2440;2186
P173063403;P173063403_22;V;10100;0;0;11110;1206;2186
P173063403;P173063403_23;W;11110;0;0;12120;1206;2186
P173063403;P173063403_24;X;11110;1234;0;12120;2440;2186
P173063403;P173063403_25;Y;12120;1430;0;13326;2440;2186
P173063403;P173063403_26;Z;12120;0;0;13326;1010;1093
Q173063403_1;Q173063403_1_1;A;0;0;0;1000;1200;2835
Q173063403_1;Q173063403_1_2;B;0;1240;0;1000;2440;1905
Q173063403_1;Q173063403_1_3;C;1000;1240;0;2000;2440;2835
Q173063403_1;Q173063403_1_4;D;1000;0;0;2000;1200;2835
Q173063403_1;Q173063403_1_5;E;2000;0;0;3000;1200;2835
Q173063403_1;Q173063403_1_6;F;2000;1240;0;3000;2440;2835
Q173063403_1;Q173063403_1_7;G;3000;1240;0;4000;2440;2835
Q173063403_1;Q173063403_1_8;H;3000;0;0;4000;1200;2835
Q173063403_1;Q173063403_1_9;I;4000;0;0;5000;1200;2835
Q173063403_1;Q173063403_1_10;J;4000;1240;0;5000;2440;2835
Q173063403_1;Q173063403_1_11;K;5000;1240;0;6000;2440;2835
Q173063403_1;Q173063403_1_12;L;5000;0;0;6000;1200;1905
P171063401;P171063401_1;A;0;0;0;1010;1206;2063
P171063401;P171063401_2;B;0;1234;0;1010;2440;1940
P171063401;P171063401_3;C;1010;1234;0;2020;2440;2186
P171063401;P171063401_4;D;1010;0;0;2020;1206;2186
P171063401;P171063401_5;E;2020;0;0;3030;1206;2186
P171063401;P171063401_6;F;2020;1234;0;3030;2440;2186
P171063401;P171063401_7;G;3030;1234;0;4040;2440;2186
P171063401;P171063401_8;H;3030;0;0;4040;1206;2186
P171063401;P171063401_9;I;4040;0;0;5050;1206;2186
P171063401;P171063401_10;J;4040;1234;0;5050;2440;2186
P171063401;P171063401_11;K;5050;1234;0;6060;2440;2186
P171063401;P171063401_12;L;5050;0;0;6060;1206;2186
P171063401;P171063401_13;M;6060;0;0;7070;1206;2186
P171063401;P171063401_14;N;6060;1234;0;7070;2440;2186
P171063401;P171063401_15;O;7070;1240;0;8070;2440;2835
P171063401;P171063401_16;P;7070;0;0;8070;1200;2835
P171063401;P171063401_17;Q;8070;0;0;9070;1200;2835
P171063401;P171063401_18;R;8070;1240;0;9070;2440;2835
P171063401;P171063401_19;S;9070;1240;0;10070;2440;2835
P171063401;P171063401_20;T;9070;0;0;10070;1200;1905
P171063401;P171063401_21;U;10070;0;0;11070;1200;2835
P171063401;P171063401_22;V;10070;1240;0;11070;2440;2835
P171063401;P171063401_23;W;11070;1440;0;12270;2440;975
P179064117;P179064117_1;A;0;220;0;3200;2220;510
P179064117;P179064117_2;B;3200;0;0;6400;2000;2370
P179064117;P179064117_3;C;6400;0;0;9600;2000;2370
P179064117;P179064117_4;D;9600;0;0;12800;2000;1905
P174064117;P174064117_1;A;0;220;0;2800;2220;510
P174064117;P174064117_2;B;2800;220;0;6000;2220;2370
P174064117;P174064117_3;C;6000;0;0;9200;2000;2370
P174064117;P174064117_4;D;9200;0;0;12400;2000;2370
P172064117;P172064117_1;A;0;220;0;2800;2220;510
P172064117;P172064117_2;B;2800;0;0;6000;2000;2370
P172064117;P172064117_3;C;6000;0;0;9200;2000;2370
P172064117;P172064117_4;D;9200;0;0;12400;2000;2370
P171064117;P171064117_1;A;0;0;0;3200;2000;510
P171064117;P171064117_2;B;3200;220;0;6400;2220;2370
P171064117;P171064117_3;C;6400;0;0;9600;2000;2370
P171064117;P171064117_4;D;9600;0;0;12800;2000;2370
P167064117;P167064117_1;A;0;0;0;2800;2000;975
P167064117;P167064117_2;B;2800;220;0;6000;2220;2370
P167064117;P167064117_3;C;6000;0;0;8800;2000;510
P167064117;P167064117_4;D;8800;0;0;12000;2000;2370
Q167064117_1;Q167064117_1_1;A;0;220;0;3200;2220;510
Q167064117_1;Q167064117_1_2;B;3200;220;0;6400;2220;2370
Q167064117_1;Q167064117_1_3;C;6400;0;0;9600;2000;2370
Q167064117_1;Q167064117_1_4;D;9600;0;0;12800;2000;510
P206243701;P206243701_1;A;0;1234;0;1010;2440;2655
P206243701;P206243701_2;B;0;0;0;1010;1206;2055
P206243701;P206243701_3;C;1010;0;0;2010;1200;2835
P206243701;P206243701_4;D;1010;1240;0;2010;2440;2835
P206243701;P206243701_5;E;2010;1240;0;3010;2440;2835
P206243701;P206243701_6;F;2010;0;0;3010;1200;2835
P206243701;P206243701_7;G;3010;0;0;4010;1200;2835
P206243701;P206243701_8;H;3010;1240;0;4010;2440;2835
P206243701;P206243701_9;I;4010;1240;0;5010;2440;2835
P206243701;P206243701_10;J;4010;0;0;5010;1200;2835
P206243701;P206243701_11;K;5010;0;0;6010;1200;1905
P206243701;P206243701_12;L;5010;1240;0;6610;2440;2700
P206243701;P206243701_13;M;6010;0;0;7610;1200;2700
P206243701;P206243701_14;N;6610;1240;0;8210;2440;2700
P206243701;P206243701_15;O;7610;0;0;9210;1200;2700
P206243701;P206243701_16;P;8210;1240;0;9810;2440;1815
P199243701;P199243701_1;A;0;1234;0;1010;2440;2655
P199243701;P199243701_2;B;0;0;0;1010;1206;2055
P199243701;P199243701_3;C;1010;0;0;2010;1200;2835
P199243701;P199243701_4;D;1010;1240;0;2010;2440;2835
P199243701;P199243701_5;E;2010;1240;0;3010;2440;2835
P199243701;P199243701_6;F;2010;0;0;3010;1200;2835
P199243701;P199243701_7;G;3010;0;0;4010;1200;2835
P199243701;P199243701_8;H;3010;1240;0;4010;2440;2835
P199243701;P199243701_9;I;4010;1240;0;5010;2440;2835
P199243701;P199243701_10;J;4010;0;0;5010;1200;2835
P199243701;P199243701_11;K;5010;0;0;6010;1200;2835
P199243701;P199243701_12;L;5010;1240;0;6010;2440;1905
P199243701;P199243701_13;M;6010;1240;0;7610;2440;2700
P199243701;P199243701_14;N;6010;0;0;7610;1200;2700
P199243701;P199243701_15;O;7610;0;0;9210;1200;2700
P199243701;P199243701_16;P;7610;1240;0;9210;2440;2700
P199243701;P199243701_17;Q;9210;1240;0;10810;2440;2700
P192243701;P192243701_1;A;0;0;0;1010;1206;2655
P192243701;P192243701_2;B;0;1234;0;1010;2440;2055
P192243701;P192243701_3;C;1010;1240;0;2010;2440;2835
P192243701;P192243701_4;D;1010;0;0;2010;1200;2835
P192243701;P192243701_5;E;2010;0;0;3010;1200;2835
P192243701;P192243701_6;F;2010;1240;0;3010;2440;2835
P192243701;P192243701_7;G;3010;1240;0;4010;2440;2835
P192243701;P192243701_8;H;3010;0;0;4010;1200;2835
P192243701;P192243701_9;I;4010;0;0;5010;1200;2835
P192243701;P192243701_10;J;4010;1240;0;5010;2440;975
P192243701;P192243701_11;K;5010;1240;0;6610;2440;2700
P192243701;P192243701_12;L;5010;0;0;6610;1200;2700
P192243701;P192243701_13;M;6610;0;0;8210;1200;2700
P192243701;P192243701_14;N;6610;1240;0;8210;2440;1815
P185243701;P185243701_1;A;0;1234;0;1010;2440;2170
P185243701;P185243701_2;B;0;0;0;1010;1206;2540
P185243701;P185243701_3;C;1010;0;0;2020;1206;485
P185243701;P185243701_4;D;1010;1240;0;2010;2440;2835
P185243701;P185243701_5;E;2010;1240;0;3010;2440;2835
P185243701;P185243701_6;F;2020;0;0;3020;1200;2835
P185243701;P185243701_7;G;3010;1240;0;4010;2440;2835
P185243701;P185243701_8;H;3020;0;0;4020;1200;2835
P185243701;P185243701_9;I;4010;1240;0;5010;2440;2835
P185243701;P185243701_10;J;4020;0;0;5020;1200;2835
P185243701;P185243701_11;K;5010;1240;0;6010;2440;2835
P185243701;P185243701_12;L;5020;0;0;6620;1200;1815
P185243701;P185243701_13;M;6010;1240;0;7610;2440;2700
P185243701;P185243701_14;N;6620;0;0;8220;1200;2700
P185243701;P185243701_15;O;7610;1240;0;9210;2440;2700
P185243701;P185243701_16;P;8220;0;0;9820;1200;930
P179067801;P179067801_1;A;0;0;0;1412;1140;2370
P179067801;P179067801_2;B;0;1300;0;1412;2440;2370
P179067801;P179067801_3;C;1412;1300;0;2824;2440;2370
P179067801;P179067801_4;D;1412;0;0;2824;1140;2370
P179067801;P179067801_5;E;2824;0;0;4236;1140;2370
P179067801;P179067801_6;F;2824;1300;0;4236;2440;2370
P179067801;P179067801_7;G;4236;1300;0;5648;2440;2370
P179067801;P179067801_8;H;4236;0;0;5648;1140;2370
P179067801;P179067801_9;I;5648;0;0;7060;1140;2370
P179067801;P179067801_10;J;5648;1300;0;7060;2440;2370
P179067801;P179067801_11;K;7060;1300;0;8472;2440;2370
P179067801;P179067801_12;L;7060;0;0;8472;1140;2370
P179067801;P179067801_13;M;8472;0;0;9884;1140;2370
P179067801;P179067801_14;N;8472;1300;0;9884;2440;2370
P179067801;P179067801_15;O;9884;1300;0;11296;2440;2370
P179067801;P179067801_16;P;9884;0;0;11296;1140;2370
P179067801;P179067801_17;Q;11296;0;0;12708;1140;2370
P179067801;P179067801_18;R;11296;1300;0;12708;2440;2370
P178067801;P178067801_1;A;0;0;0;1412;1140;2370
P178067801;P178067801_2;B;0;1300;0;1412;2440;2370
P178067801;P178067801_3;C;1412;1300;0;2824;2440;2370
P178067801;P178067801_4;D;1412;0;0;2824;1140;2370
P178067801;P178067801_5;E;2824;0;0;4236;1140;2370
P178067801;P178067801_6;F;2824;1300;0;4236;2440;2370
P178067801;P178067801_7;G;4236;1300;0;5648;2440;2370
P178067801;P178067801_8;H;4236;0;0;5648;1140;2370
P178067801;P178067801_9;I;5648;0;0;7060;1140;2370
P178067801;P178067801_10;J;5648;1300;0;7060;2440;2370
P178067801;P178067801_11;K;7060;1300;0;8472;2440;2370
P178067801;P178067801_12;L;7060;0;0;8472;1140;2370
P178067801;P178067801_13;M;8472;0;0;9884;1140;2370
P178067801;P178067801_14;N;8472;1300;0;9884;2440;2370
P178067801;P178067801_15;O;9884;1300;0;11296;2440;2370
P178067801;P178067801_16;P;9884;0;0;11296;1140;2370
P178067801;P178067801_17;Q;11296;0;0;12708;1140;2370
P178067801;P178067801_18;R;11296;1300;0;12708;2440;2370
P177067801;P177067801_1;A;0;0;0;1412;1140;2370
P177067801;P177067801_2;B;0;1300;0;1412;2440;2370
P177067801;P177067801_3;C;1412;1300;0;2824;2440;2370
P177067801;P177067801_4;D;1412;0;0;2824;1140;2370
P177067801;P177067801_5;E;2824;0;0;4236;1140;2370
P177067801;P177067801_6;F;2824;1300;0;4236;2440;2370
P177067801;P177067801_7;G;4236;1300;0;5648;2440;2370
P177067801;P177067801_8;H;4236;0;0;5648;1140;2370
P177067801;P177067801_9;I;5648;0;0;7060;1140;2370
P177067801;P177067801_10;J;5648;1300;0;7060;2440;2370
P177067801;P177067801_11;K;7060;1300;0;8472;2440;2370
P177067801;P177067801_12;L;7060;0;0;8472;1140;2370
P177067801;P177067801_13;M;8472;0;0;9884;1140;2370
P177067801;P177067801_14;N;8472;1300;0;9884;2440;2370
P177067801;P177067801_15;O;9884;1300;0;11296;2440;2370
P177067801;P177067801_16;P;9884;0;0;11296;1140;2370
P174067801;P174067801_1;A;0;0;0;1412;1140;2370
P174067801;P174067801_2;B;0;1300;0;1412;2440;2370
P174067801;P174067801_3;C;1412;1300;0;2824;2440;2370
P174067801;P174067801_4;D;1412;0;0;2824;1140;2370
P174067801;P174067801_5;E;2824;0;0;4236;1140;2370
P174067801;P174067801_6;F;2824;1300;0;4236;2440;2370
P174067801;P174067801_7;G;4236;1300;0;5648;2440;2370
P174067801;P174067801_8;H;4236;0;0;5648;1140;2370
P174067801;P174067801_9;I;5648;0;0;7060;1140;2370
P174067801;P174067801_10;J;5648;1300;0;7060;2440;2370
P174067801;P174067801_11;K;7060;1300;0;8472;2440;2370
P174067801;P174067801_12;L;7060;0;0;8472;1140;2370
P174067801;P174067801_13;M;8472;0;0;9884;1140;2370
P174067801;P174067801_14;N;8472;1300;0;9884;2440;2370
P174067801;P174067801_15;O;9884;1300;0;11296;2440;2370
P174067801;P174067801_16;P;9884;0;0;11296;1140;1200
P173067801;P173067801_1;A;0;0;0;1412;1140;2370
P173067801;P173067801_2;B;0;1300;0;1412;2440;2370
P173067801;P173067801_3;C;1412;1300;0;2824;2440;2370
P173067801;P173067801_4;D;1412;0;0;2824;1140;2370
P173067801;P173067801_5;E;2824;0;0;4236;1140;2370
P173067801;P173067801_6;F;2824;1300;0;4236;2440;2370
P173067801;P173067801_7;G;4236;1300;0;5648;2440;2370
P173067801;P173067801_8;H;4236;0;0;5648;1140;2370
P173067801;P173067801_9;I;5648;0;0;7060;1140;2370
P173067801;P173067801_10;J;5648;1300;0;7060;2440;2370
P173067801;P173067801_11;K;7060;1300;0;8472;2440;2370
P173067801;P173067801_12;L;7060;0;0;8472;1140;2370
P173067801;P173067801_13;M;8472;0;0;9884;1140;2370
P173067801;P173067801_14;N;8472;1300;0;9884;2440;2370
P173067801;P173067801_15;O;9884;1300;0;11296;2440;2370
P173067801;P173067801_16;P;9884;0;0;11296;1140;2370
P173067801;P173067801_17;Q;11296;0;0;12708;1140;2370
P173067801;P173067801_18;R;11296;1300;0;12708;2440;2370
P172067801;P172067801_1;A;0;0;0;1412;1140;2370
P172067801;P172067801_2;B;0;1300;0;1412;2440;2370
P172067801;P172067801_3;C;1412;1300;0;2824;2440;2370
P172067801;P172067801_4;D;1412;0;0;2824;1140;2370
P172067801;P172067801_5;E;2824;0;0;4236;1140;2370
P172067801;P172067801_6;F;2824;1300;0;4236;2440;2370
P172067801;P172067801_7;G;4236;1300;0;5648;2440;2370
P172067801;P172067801_8;H;4236;0;0;5648;1140;2370
P172067801;P172067801_9;I;5648;0;0;7060;1140;2370
P172067801;P172067801_10;J;5648;1300;0;7060;2440;2370
P172067801;P172067801_11;K;7060;1300;0;8472;2440;2370
P172067801;P172067801_12;L;7060;0;0;8472;1140;2370
P172067801;P172067801_13;M;8472;0;0;9884;1140;2370
P172067801;P172067801_14;N;8472;1300;0;9884;2440;2370
P172067801;P172067801_15;O;9884;1300;0;11296;2440;2370
P172067801;P172067801_16;P;9884;0;0;11296;1140;2370
P172067801;P172067801_17;Q;11296;0;0;12708;1140;2370
P170067801;P170067801_1;A;0;0;0;1412;1140;2370
P170067801;P170067801_2;B;0;1300;0;1412;2440;2370
P170067801;P170067801_3;C;1412;1300;0;2824;2440;2370
P170067801;P170067801_4;D;1412;0;0;2824;1140;2370
P170067801;P170067801_5;E;2824;0;0;4236;1140;2370
P170067801;P170067801_6;F;2824;1300;0;4236;2440;2370
P170067801;P170067801_7;G;4236;1300;0;5648;2440;2370
P170067801;P170067801_8;H;4236;0;0;5648;1140;2370
P170067801;P170067801_9;I;5648;0;0;7060;1140;2370
P170067801;P170067801_10;J;5648;1300;0;7060;2440;2370
P170067801;P170067801_11;K;7060;1300;0;8472;2440;2370
P170067801;P170067801_12;L;7060;0;0;8472;1140;2370
P170067801;P170067801_13;M;8472;0;0;9884;1140;2370
P170067801;P170067801_14;N;8472;1300;0;9884;2440;2370
P170067801;P170067801_15;O;9884;1300;0;11296;2440;2370
P170067801;P170067801_16;P;9884;0;0;11296;1140;2370
P170067801;P170067801_17;Q;11296;0;0;12708;1140;2370
P170067801;P170067801_18;R;11296;1300;0;12708;2440;2370
P167067801;P167067801_1;A;0;0;0;1412;1140;2370
P167067801;P167067801_2;B;0;1300;0;1412;2440;2370
P167067801;P167067801_3;C;1412;1300;0;2824;2440;2370
P167067801;P167067801_4;D;1412;0;0;2824;1140;2370
P167067801;P167067801_5;E;2824;0;0;4236;1140;2370
P167067801;P167067801_6;F;2824;1300;0;4236;2440;2370
P167067801;P167067801_7;G;4236;1300;0;5648;2440;2370
P167067801;P167067801_8;H;4236;0;0;5648;1140;2370
P167067801;P167067801_9;I;5648;0;0;7060;1140;2370
P167067801;P167067801_10;J;5648;1300;0;7060;2440;2370
P167067801;P167067801_11;K;7060;1300;0;8472;2440;2370
P167067801;P167067801_12;L;7060;0;0;8472;1140;2370
P167067801;P167067801_13;M;8472;0;0;9884;1140;2370
P167067801;P167067801_14;N;8472;1300;0;9884;2440;2370
P167067801;P167067801_15;O;9884;1300;0;11296;2440;2370
P167067801;P167067801_16;P;9884;0;0;11296;1140;2370
P167067801;P167067801_17;Q;11296;0;0;12708;1140;2370
P167067801;P167067801_18;R;11296;1300;0;12708;2440;2370
P166067801;P166067801_1;A;0;0;0;1412;1140;2370
P166067801;P166067801_2;B;0;1300;0;1412;2440;2370
P166067801;P166067801_3;C;1412;1300;0;2824;2440;2370
P166067801;P166067801_4;D;1412;0;0;2824;1140;2370
P166067801;P166067801_5;E;2824;0;0;4236;1140;2370
P166067801;P166067801_6;F;2824;1300;0;4236;2440;2370
P166067801;P166067801_7;G;4236;1300;0;5648;2440;2370
P166067801;P166067801_8;H;4236;0;0;5648;1140;2370
P166067801;P166067801_9;I;5648;0;0;7060;1140;2370
P166067801;P166067801_10;J;5648;1300;0;7060;2440;2370
P166067801;P166067801_11;K;7060;1300;0;8472;2440;2370
P166067801;P166067801_12;L;7060;0;0;8472;1140;2370
P166067801;P166067801_13;M;8472;0;0;9884;1140;2370
P166067801;P166067801_14;N;8472;1300;0;9884;2440;2370
P166067801;P166067801_15;O;9884;1300;0;11296;2440;2370
P166067801;P166067801_16;P;9884;0;0;11296;1140;2370
P166067801;P166067801_17;Q;11296;0;0;12708;1140;2370
P166067801;P166067801_18;R;11296;1300;0;12708;2440;2370
Q166067801_1;Q166067801_1_1;A;0;0;0;1412;1140;2370
Q166067801_1;Q166067801_1_2;B;0;1300;0;1412;2440;2370
Q166067801_1;Q166067801_1_3;C;1412;1300;0;2824;2440;2370
Q166067801_1;Q166067801_1_4;D;1412;0;0;2824;1140;2370
Q166067801_1;Q166067801_1_5;E;2824;0;0;4236;1140;2370
Q166067801_1;Q166067801_1_6;F;2824;1300;0;4236;2440;2370
Q166067801_1;Q166067801_1_7;G;4236;1300;0;5648;2440;2370
Q166067801_1;Q166067801_1_8;H;4236;0;0;5648;1140;2370
Q166067801_1;Q166067801_1_9;I;5648;0;0;7060;1140;2370
Q166067801_1;Q166067801_1_10;J;5648;1300;0;7060;2440;2370
Q166067801_1;Q166067801_1_11;K;7060;1300;0;8472;2440;2370
Q166067801_1;Q166067801_1_12;L;7060;0;0;8472;1140;2370
Q166067801_1;Q166067801_1_13;M;8472;0;0;9884;1140;2370
Q166067801_1;Q166067801_1_14;N;8472;1300;0;9884;2440;2370
Q166067801_1;Q166067801_1_15;O;9884;1300;0;11296;2440;2370
Q166067801_1;Q166067801_1_16;P;9884;0;0;11296;1140;2370
Q166067801_1;Q166067801_1_17;Q;11296;0;0;12708;1140;2370
Q166067801_1;Q166067801_1_18;R;11296;1300;0;12708;2440;2370
P192399613;P192399613_1;A;0;0;0;1000;1200;2835
P192399613;P192399613_2;B;0;1234;0;1010;2440;385
P192399613;P192399613_3;C;1000;0;0;1570;780;478
P192399613;P192399613_4;D;1010;1234;0;2020;2440;2370
P192399613;P192399613_5;E;1570;0;0;2580;1206;2370
P192399613;P192399613_6;F;2020;1234;0;3030;2440;2370
P192399613;P192399613_7;G;2580;0;0;3590;1206;2370
P192399613;P192399613_8;H;3030;1234;0;4040;2440;2370
P192399613;P192399613_9;I;3590;0;0;4600;1206;1955
P192399613;P192399613_10;J;4040;1234;0;5050;2440;2370
P192399613;P192399613_11;K;4600;0;0;5610;1206;2370
P192399613;P192399613_12;L;5050;1234;0;6060;2440;2362
P192399613;P192399613_13;M;5610;0;0;6620;1206;1951
P192399613;P192399613_14;N;6060;1234;0;7070;2440;1925
P192399613;P192399613_15;O;6620;0;0;7630;1206;485
P192399613;P192399613_16;P;7070;1240;0;8070;2440;2340
P192399613;P192399613_17;Q;7630;0;0;8630;1200;1455
P192399613;P192399613_18;R;8070;1240;0;9070;2440;1455
P192399613;P192399613_19;S;8630;0;0;9630;1200;750
P192399613;P192399613_20;T;9070;1660;0;9640;2440;909
P192399613;P192399613_21;U;9630;0;0;10200;780;1771
P192399613;P192399613_22;V;9630;780;0;10200;1560;909
P192399613;P192399613_23;W;9640;1640;0;10240;2440;2114
P192399613;P192399613_24;X;10200;0;0;11210;1206;2525
P192399613;P192399613_25;Y;10240;1234;0;11250;2440;770
P192399613;P192399613_26;Z;11210;0;0;11780;780;1771
P192399613;P192399613_27;AA;11250;780;0;11820;1560;1771
P192399613;P192399613_28;AB;11250;1660;0;11820;2440;1771
P192399613;P192399613_29;AC;11780;0;0;12350;780;1771
P192399613;P192399613_30;AD;11820;780;0;12390;1560;1771
P192399613;P192399613_31;AE;11820;1660;0;12390;2440;1771
P192399613;P192399613_32;AF;12350;0;0;12920;780;1771
P192399613;P192399613_33;AG;12390;780;0;12960;1560;1771
P192399613;P192399613_34;AH;12390;1660;0;12960;2440;1771
Q192399613_1;Q192399613_1_1;A;0;0;0;570;780;1771
Q192399613_1;Q192399613_1_2;B;0;780;0;570;1560;1340
Q192399613_1;Q192399613_1_3;C;0;1640;0;600;2440;1078
Q192399613_1;Q192399613_1_4;D;570;0;0;1140;780;478
Q192399613_1;Q192399613_1_5;E;570;860;0;1140;1640;478
Q192399613_1;Q192399613_1_6;F;600;1660;0;1170;2440;478
Q192399613_1;Q192399613_1_7;G;1140;0;0;1710;780;478
Q192399613_1;Q192399613_1_8;H;1140;780;0;1710;1560;478
Q192399613_1;Q192399613_1_9;I;1170;1660;0;1740;2440;478
Q192399613_1;Q192399613_1_10;J;1710;0;0;2280;780;909
Q192399613_1;Q192399613_1_11;K;1740;1240;0;2740;2440;345
Q192399613_1;Q192399613_1_12;L;2280;0;0;3280;1200;345
Q192399613_1;Q192399613_1_13;M;2740;1234;0;3750;2440;2370
Q192399613_1;Q192399613_1_14;N;3280;0;0;4290;1206;2370
Q192399613_1;Q192399613_1_15;O;3750;1234;0;4760;2440;1085
Q192399613_1;Q192399613_1_16;P;4290;0;0;5300;1206;2740
Q192399613_1;Q192399613_1_17;Q;4760;1234;0;5770;2440;2695
Q192399613_1;Q192399613_1_18;R;5300;0;0;6310;1206;970
Q192399613_1;Q192399613_1_19;S;5770;1234;0;6780;2440;2370
Q192399613_1;Q192399613_1_20;T;6310;0;0;7320;1206;2370
Q192399613_1;Q192399613_1_21;U;6780;1234;0;7790;2440;1185
Q192399613_1;Q192399613_1_22;V;7320;0;0;8330;1206;1155
P206065301;P206065301_1;A;0;0;0;1600;1200;2700
P206065301;P206065301_2;B;0;1240;0;1600;2440;2700
P206065301;P206065301_3;C;1600;1240;0;3200;2440;2700
P206065301;P206065301_4;D;1600;0;0;3200;1200;2700
P206065301;P206065301_5;E;3200;0;0;4800;1200;2700
P206065301;P206065301_6;F;3200;1240;0;4800;2440;2700
P206065301;P206065301_7;G;4800;1240;0;6400;2440;2700
P206065301;P206065301_8;H;4800;0;0;6400;1200;2700
P206065301;P206065301_9;I;6400;0;0;8000;1200;2700
P206065301;P206065301_10;J;6400;1240;0;8000;2440;2700
P206065301;P206065301_11;K;8000;1240;0;9600;2440;2700
P206065301;P206065301_12;L;8000;0;0;9600;1200;2700
P206065301;P206065301_13;M;9600;0;0;11200;1200;2700
P206065301;P206065301_14;N;9600;1240;0;11200;2440;2700
P206065301;P206065301_15;O;11200;1240;0;12800;2440;2700
P206065301;P206065301_16;P;11200;0;0;12800;1200;1815
P199065301;P199065301_1;A;0;0;0;1600;1200;2700
P199065301;P199065301_2;B;0;1240;0;1600;2440;2700
P199065301;P199065301_3;C;1600;1240;0;3200;2440;2700
P199065301;P199065301_4;D;1600;0;0;3200;1200;2700
P199065301;P199065301_5;E;3200;0;0;4800;1200;2700
P199065301;P199065301_6;F;3200;1240;0;4800;2440;2700
P199065301;P199065301_7;G;4800;1240;0;6400;2440;2700
P199065301;P199065301_8;H;4800;0;0;6400;1200;2700
P199065301;P199065301_9;I;6400;0;0;8000;1200;2700
P199065301;P199065301_10;J;6400;1240;0;8000;2440;2700
P199065301;P199065301_11;K;8000;1240;0;9600;2440;2700
P199065301;P199065301_12;L;8000;0;0;9600;1200;2700
P199065301;P199065301_13;M;9600;0;0;11200;1200;2700
P199065301;P199065301_14;N;9600;1240;0;11200;2440;2700
P199065301;P199065301_15;O;11200;1240;0;12800;2440;2700
P199065301;P199065301_16;P;11200;0;0;12800;1200;2700
P192065301;P192065301_1;A;0;0;0;1600;1200;2700
P192065301;P192065301_2;B;0;1240;0;1600;2440;2700
P192065301;P192065301_3;C;1600;1240;0;3200;2440;2700
P192065301;P192065301_4;D;1600;0;0;3200;1200;2700
P192065301;P192065301_5;E;3200;0;0;4800;1200;2700
P192065301;P192065301_6;F;3200;1240;0;4800;2440;2700
P192065301;P192065301_7;G;4800;1240;0;6400;2440;2700
P192065301;P192065301_8;H;4800;0;0;6400;1200;2700
P192065301;P192065301_9;I;6400;0;0;8000;1200;2700
P192065301;P192065301_10;J;6400;1240;0;8000;2440;2700
P192065301;P192065301_11;K;8000;1240;0;9600;2440;2700
P192065301;P192065301_12;L;8000;0;0;9600;1200;2700
P192065301;P192065301_13;M;9600;0;0;11200;1200;2700
P192065301;P192065301_14;N;9600;1240;0;11200;2440;2700
P192065301;P192065301_15;O;11200;1240;0;12800;2440;2700
P187065301;P187065301_1;A;0;620;0;1600;1820;2700
P187065301;P187065301_2;B;1600;1240;0;3200;2440;2700
P187065301;P187065301_3;C;1600;0;0;3200;1200;2700
P187065301;P187065301_4;D;3200;0;0;4800;1200;2700
P187065301;P187065301_5;E;3200;1240;0;4800;2440;2700
P187065301;P187065301_6;F;4800;1240;0;6400;2440;2700
P187065301;P187065301_7;G;4800;0;0;6400;1200;2700
P187065301;P187065301_8;H;6400;0;0;8000;1200;2700
P187065301;P187065301_9;I;6400;1240;0;8000;2440;2700
P187065301;P187065301_10;J;8000;1240;0;9600;2440;2700
P187065301;P187065301_11;K;8000;0;0;9600;1200;2700
P185065301;P185065301_1;A;0;0;0;1600;1200;2700
P185065301;P185065301_2;B;0;1240;0;1600;2440;2700
P185065301;P185065301_3;C;1600;1240;0;3200;2440;2700
P185065301;P185065301_4;D;1600;0;0;3200;1200;2700
P185065301;P185065301_5;E;3200;0;0;4800;1200;2700
P185065301;P185065301_6;F;3200;1240;0;4800;2440;1815
P185065301;P185065301_7;G;4800;1240;0;6400;2440;930
P178065201;P178065201_1;A;0;1240;0;1000;2440;2700
P178065201;P178065201_2;B;0;0;0;1000;1200;2700
P178065201;P178065201_3;C;1000;0;0;2000;1200;2700
P178065201;P178065201_4;D;1000;1240;0;2000;2440;2700
P178065201;P178065201_5;E;2000;1240;0;3000;2440;2700
P178065201;P178065201_6;F;2000;0;0;3000;1200;2700
P178065201;P178065201_7;G;3000;0;0;4000;1200;2700
P178065201;P178065201_8;H;3000;1240;0;4000;2440;2700
P178065201;P178065201_9;I;4000;1240;0;5000;2440;2700
P178065201;P178065201_10;J;4000;0;0;5000;1200;2700
P178065201;P178065201_11;K;5000;0;0;6000;1200;2700
P178065201;P178065201_12;L;5000;1240;0;6000;2440;2700
P178065201;P178065201_13;M;6000;1240;0;7000;2440;2700
P178065201;P178065201_14;N;6000;0;0;7000;1200;2700
P178065201;P178065201_15;O;7000;0;0;8000;1200;2700
P178065201;P178065201_16;P;7000;1240;0;8000;2440;2700
P178065201;P178065201_17;Q;8000;1240;0;9000;2440;2700
P178065201;P178065201_18;R;8000;0;0;9000;1200;2700
P178065201;P178065201_19;S;9000;0;0;10000;1200;2700
P178065201;P178065201_20;T;9000;1240;0;10000;2440;2700
P178065201;P178065201_21;U;10000;1240;0;11000;2440;2700
P178065201;P178065201_22;V;10000;0;0;11000;1200;2700
P174065203;P174065203_1;A;0;1234;0;1010;2440;2370
P174065203;P174065203_2;B;0;0;0;1010;1206;2370
P174065203;P174065203_3;C;1010;0;0;2020;1206;2370
P174065203;P174065203_4;D;1010;1234;0;2020;2440;2370
P174065203;P174065203_5;E;2020;1234;0;3030;2440;1185
P174065203;P174065203_6;F;2020;0;0;3020;1200;2700
P174065203;P174065203_7;G;3020;0;0;4020;1200;2700
P174065203;P174065203_8;H;3030;1240;0;4030;2440;2700
P174065203;P174065203_9;I;4020;0;0;5020;1200;2700
P174065203;P174065203_10;J;4030;1240;0;5030;2440;2700
P174065203;P174065203_11;K;5020;0;0;6020;1200;2700
P174065203;P174065203_12;L;5030;1240;0;6030;2440;2700
P174065203;P174065203_13;M;6020;0;0;7020;1200;2700
P174065203;P174065203_14;N;6030;1234;0;7040;2440;2577
P174065203;P174065203_15;O;7020;0;0;8030;1206;1255
P174065203;P174065203_16;P;7040;1240;0;8040;2440;2700
P174065203;P174065203_17;Q;8030;0;0;9030;1200;2700
P174065203;P174065203_18;R;8040;1240;0;9040;2440;2700
P174065203;P174065203_19;S;9030;0;0;10030;1200;2700
P174065203;P174065203_20;T;9040;1240;0;10040;2440;2700
P174065203;P174065203_21;U;10030;0;0;11030;1200;1815
P171065201;P171065201_1;A;0;0;0;1000;1200;2700
P171065201;P171065201_2;B;0;1200;0;1000;2400;2700
P171065201;P171065201_3;C;1000;1240;0;2000;2440;2700
P171065201;P171065201_4;D;1000;0;0;2000;1200;2700
P171065201;P171065201_5;E;2000;0;0;3000;1200;2700
P171065201;P171065201_6;F;2000;1200;0;3000;2400;2700
P171065201;P171065201_7;G;3000;1240;0;4000;2440;2700
P171065201;P171065201_8;H;3000;0;0;4000;1200;2700
P171065201;P171065201_9;I;4000;0;0;5000;1200;2700
P171065201;P171065201_10;J;4000;1200;0;5000;2400;2700
P171065201;P171065201_11;K;5000;1240;0;6000;2440;2700
P171065201;P171065201_12;L;5000;0;0;6000;1200;2700
P171065201;P171065201_13;M;6000;0;0;7000;1200;2700
P171065201;P171065201_14;N;6000;1200;0;7000;2400;2700
P171065201;P171065201_15;O;7000;1240;0;8000;2440;2700
P171065201;P171065201_16;P;7000;0;0;8000;1200;2700
P171065201;P171065201_17;Q;8000;0;0;9000;1200;2700
P171065201;P171065201_18;R;8000;1200;0;9000;2400;2700
P171065201;P171065201_19;S;9000;1240;0;10000;2440;2700
P171065201;P171065201_20;T;9000;0;0;10000;1200;2700
P171065201;P171065201_21;U;10000;1240;0;11000;2440;2700
P171065201;P171065201_22;V;10000;0;0;11000;1200;2700
P171065201;P171065201_23;W;11000;0;0;12000;1200;2700
P171065201;P171065201_24;X;11000;1240;0;12000;2440;2700
P171065201;P171065201_25;Y;12000;1440;0;13200;2440;2700
P171065201;P171065201_26;Z;12000;0;0;13000;1200;2700
P167065203;P167065203_1;A;0;0;0;1010;1206;2370
P167065203;P167065203_2;B;0;1206;0;1010;2412;2370
P167065203;P167065203_3;C;1010;1234;0;2020;2440;2370
P167065203;P167065203_4;D;1010;0;0;2020;1206;2370
P167065203;P167065203_5;E;2020;0;0;3030;1206;2370
P167065203;P167065203_6;F;2020;1206;0;3030;2412;1185
P167065203;P167065203_7;G;3030;1240;0;4030;2440;2700
P167065203;P167065203_8;H;3030;0;0;4030;1200;2700
P167065203;P167065203_9;I;4030;0;0;5030;1200;2700
P167065203;P167065203_10;J;4030;1240;0;5030;2440;2700
P167065203;P167065203_11;K;5030;1240;0;6030;2440;2700
P167065203;P167065203_12;L;5030;0;0;6030;1200;2700
P167065203;P167065203_13;M;6030;0;0;7030;1200;2700
P167065203;P167065203_14;N;6030;1240;0;7030;2440;2700
P167065203;P167065203_15;O;7030;1240;0;8030;2440;2700
P167065203;P167065203_16;P;7030;0;0;8030;1200;2700
P167065203;P167065203_17;Q;8030;0;0;9040;1206;2763
P167065203;P167065203_18;R;8030;1234;0;9040;2440;2510
P167065203;P167065203_19;S;9040;1240;0;10040;2440;2700
P167065203;P167065203_20;T;9040;0;0;10040;1200;2700
P167065203;P167065203_21;U;10040;0;0;11040;1200;2700
P167065203;P167065203_22;V;10040;1240;0;11040;2440;2700
P167065203;P167065203_23;W;11040;1240;0;12040;2440;2700
P167065203;P167065203_24;X;11040;0;0;12040;1200;2700
P167065203;P167065203_25;Y;12040;0;0;13240;1000;1815
P185399613;P185399613_1;A;0;1240;0;1000;2440;2835
P185399613;P185399613_2;B;0;0;0;1010;1206;770
P185399613;P185399613_3;C;1000;1660;0;1570;2440;478
P185399613;P185399613_4;D;1010;0;0;2020;1206;2370
P185399613;P185399613_5;E;1570;1234;0;2580;2440;2370
P185399613;P185399613_6;F;2020;0;0;3030;1206;2370
P185399613;P185399613_7;G;2580;1234;0;3590;2440;2370
P185399613;P185399613_8;H;3030;0;0;4040;1206;2362
P185399613;P185399613_9;I;3590;1234;0;4600;2440;2362
P185399613;P185399613_10;J;4040;0;0;5050;1206;2370
P185399613;P185399613_11;K;4600;1234;0;5610;2440;1955
P185399613;P185399613_12;L;5050;0;0;6060;1206;1185
P185399613;P185399613_13;M;5610;1234;0;6620;2440;2310
P185399613;P185399613_14;N;6060;0;0;7070;1206;1925
P185399613;P185399613_15;O;6620;1240;0;7620;2440;2340
P185399613;P185399613_16;P;7070;0;0;8070;1200;2340
P185399613;P185399613_17;Q;7620;1240;0;8620;2440;1455
P185399613;P185399613_18;R;8070;0;0;9070;1200;1455
P185399613;P185399613_19;S;8620;1660;0;9190;2440;909
P185399613;P185399613_20;T;9070;0;0;9640;780;478
P185399613;P185399613_21;U;9070;780;0;9640;1560;478
P185399613;P185399613_22;V;9190;1660;0;9760;2440;478
P185399613;P185399613_23;W;9640;0;0;10210;780;1771
P185399613;P185399613_24;X;9640;780;0;10210;1560;909
P185399613;P185399613_25;Y;9760;1660;0;10330;2440;1771
P185399613;P185399613_26;Z;10210;0;0;11220;1206;1540
P185399613;P185399613_27;AA;10330;1660;0;10900;2440;1771
P185399613;P185399613_28;AB;10900;1660;0;11470;2440;1771
P185399613;P185399613_29;AC;11220;0;0;11790;780;1771
P185399613;P185399613_30;AD;11220;780;0;11790;1560;1771
P185399613;P185399613_31;AE;11470;1660;0;12040;2440;909
P185399613;P185399613_32;AF;11790;0;0;12360;780;909
P185399613;P185399613_33;AG;11790;780;0;12360;1560;909
P185399613;P185399613_34;AH;12040;1660;0;12610;2440;909
P185399613;P185399613_35;AI;12360;0;0;12930;780;909
P185399613;P185399613_36;AJ;12360;780;0;12960;1580;1078
P185399613;P185399613_37;AK;12610;1660;0;13180;2440;1771
Q185399613_1;Q185399613_1_1;A;0;0;0;1000;1200;345
Q185399613_1;Q185399613_1_2;B;0;1240;0;1000;2440;345
Q185399613_1;Q185399613_1_3;C;1000;1234;0;2010;2440;2370
Q185399613_1;Q185399613_1_4;D;1000;0;0;2010;1206;2370
Q185399613_1;Q185399613_1_5;E;2010;0;0;3020;1206;1185
Q185399613_1;Q185399613_1_6;F;2010;1234;0;3020;2440;1570
Q185399613_1;Q185399613_1_7;G;3020;1234;0;4030;2440;2170
Q185399613_1;Q185399613_1_8;H;3020;0;0;4030;1206;1085
Q185399613_1;Q185399613_1_9;I;4030;0;0;5040;1206;2540
Q185399613_1;Q185399613_1_10;J;4030;1234;0;5040;2440;385
Q185399613_1;Q185399613_1_11;K;5040;1234;0;6050;2440;2140
Q185399613_1;Q185399613_1_12;L;5040;0;0;6050;1206;2370
Q185399613_1;Q185399613_1_13;M;6050;0;0;7060;1206;2370
Q185399613_1;Q185399613_1_14;N;6050;1234;0;7060;2440;1185
Q185399613_1;Q185399613_1_15;O;7060;1234;0;8070;2440;1925
P177069401;P177069401_1;A;0;0;0;1000;1200;750
P177069401;P177069401_2;B;0;1220;0;1000;2420;750
P177069401;P177069401_3;C;1000;620;0;2600;1820;2865
P177069401;P177069401_4;D;2600;830;0;3170;1610;1771
P177069401;P177069401_5;E;3170;620;0;4170;1820;2865
P177069401;P177069401_6;F;4170;1240;0;5770;2440;2865
P177069401;P177069401_7;G;4170;0;0;5770;1200;2865
P177069401;P177069401_8;H;5770;1240;0;7370;2440;2865
P177069401;P177069401_9;I;5770;0;0;6340;780;1771
P177069401;P177069401_10;J;6340;0;0;7340;1200;2865
P177069401;P177069401_11;K;7340;0;0;8340;1200;2865
P177069401;P177069401_12;L;7370;1240;0;8370;2440;2865
P177069401;P177069401_13;M;8340;0;0;9340;1200;2865
P177069401;P177069401_14;N;8370;1240;0;9370;2440;2865
P177069401;P177069401_15;O;9340;0;0;10940;1200;2865
P177069401;P177069401_16;P;9370;1240;0;10970;2440;2865
P177069401;P177069401_17;Q;10940;0;0;12540;1200;1455
P177069401;P177069401_18;R;10970;1660;0;11540;2440;1340
P173069401;P173069401_1;A;0;830;0;570;1610;478
P173069401;P173069401_2;B;570;830;0;1140;1610;478
P173069401;P173069401_3;C;1140;830;0;1710;1610;1771
P173069401;P173069401_4;D;1710;1240;0;3310;2440;2865
P173069401;P173069401_5;E;1710;20;0;3310;1220;2865
P173069401;P173069401_6;F;3310;620;0;4910;1820;2865
P173069401;P173069401_7;G;4910;1240;0;5910;2440;2865
P173069401;P173069401_8;H;4910;0;0;6510;1200;2865
P173069401;P173069401_9;I;5910;1240;0;7510;2440;2865
P173069401;P173069401_10;J;6510;0;0;8110;1200;1455
P173069401;P173069401_11;K;7510;1240;0;8510;2440;2865
P173069401;P173069401_12;L;8110;0;0;9110;1200;2865
P173069401;P173069401_13;M;8510;1240;0;9510;2440;2865
P173069401;P173069401_14;N;9110;0;0;10110;1200;1455
P173069401;P173069401_15;O;9510;1660;0;10080;2440;478
P170069401;P170069401_1;A;0;0;0;570;780;1771
P170069401;P170069401_2;B;0;780;0;570;1560;1340
P170069401;P170069401_3;C;570;620;0;1570;1820;2865
P170069401;P170069401_4;D;1570;620;0;2570;1820;2865
P170069401;P170069401_5;E;2570;620;0;3570;1820;2865
P170069401;P170069401_6;F;3570;1240;0;4570;2440;2865
P170069401;P170069401_7;G;3570;0;0;4570;1200;2160
P170069401;P170069401_8;H;4570;1240;0;6170;2440;2865
P170069401;P170069401_9;I;4570;0;0;6170;1200;2865
P170069401;P170069401_10;J;6170;0;0;7770;1200;2865
P170069401;P170069401_11;K;6170;1240;0;7770;2440;2865
P170069401;P170069401_12;L;7770;1240;0;9370;2440;2865
P170069401;P170069401_13;M;7770;0;0;9370;1200;750
P240060801;P240060801_1;A;0;0;0;570;780;1771
P240060801;P240060801_2;B;0;780;0;570;1560;1771
P240060801;P240060801_3;C;0;1660;0;570;2440;1771
P240060801;P240060801_4;D;570;1660;0;1140;2440;1771
P240060801;P240060801_5;E;570;0;0;1140;780;1771
P240060801;P240060801_6;F;570;780;0;1140;1560;1771
P240060801;P240060801_7;G;1140;0;0;1710;780;1771
P240060801;P240060801_8;H;1140;780;0;1710;1560;1771
P240060801;P240060801_9;I;1140;1660;0;1710;2440;1771
P240060801;P240060801_10;J;1710;1660;0;2280;2440;1771
P240060801;P240060801_11;K;1710;0;0;2280;780;1771
P240060801;P240060801_12;L;1710;780;0;2280;1560;1771
P240060801;P240060801_13;M;2280;0;0;2850;780;1771
P240060801;P240060801_14;N;2280;780;0;2850;1560;1771
P240060801;P240060801_15;O;2280;1660;0;2850;2440;1771
P240060801;P240060801_16;P;2850;1660;0;3420;2440;1771
P240060801;P240060801_17;Q;2850;0;0;3420;780;909
P240060801;P240060801_18;R;3420;0;0;4430;1206;2755
P240060801;P240060801_19;S;3420;1234;0;4430;2440;1570
P198060801;P198060801_1;A;0;0;0;570;780;1771
P198060801;P198060801_2;B;0;780;0;570;1560;1771
P198060801;P198060801_3;C;0;1660;0;570;2440;1771
P198060801;P198060801_4;D;570;1660;0;1140;2440;1771
P198060801;P198060801_5;E;570;0;0;1140;780;1771
P198060801;P198060801_6;F;570;780;0;1140;1560;1771
P198060801;P198060801_7;G;1140;0;0;1710;780;1771
P198060801;P198060801_8;H;1140;780;0;1710;1560;1771
P198060801;P198060801_9;I;1140;1660;0;1710;2440;1771
P198060801;P198060801_10;J;1710;1660;0;2280;2440;1771
P198060801;P198060801_11;K;1710;0;0;2280;780;1771
P198060801;P198060801_12;L;1710;780;0;2280;1560;1771
P198060801;P198060801_13;M;2280;0;0;2850;780;1771
P198060801;P198060801_14;N;2280;780;0;2850;1560;1771
P198060801;P198060801_15;O;2280;1660;0;2850;2440;1771
P198060801;P198060801_16;P;2850;1660;0;3420;2440;1771
P198060801;P198060801_17;Q;2850;0;0;3420;780;1771
P198060801;P198060801_18;R;2850;780;0;3420;1560;1771
P198060801;P198060801_19;S;3420;0;0;3990;780;1771
P198060801;P198060801_20;T;3420;780;0;3990;1560;1771
P198060801;P198060801_21;U;3420;1660;0;3990;2440;1771
P198060801;P198060801_22;V;3990;1660;0;4560;2440;1771
P198060801;P198060801_23;W;3990;0;0;4560;780;1771
P198060801;P198060801_24;X;3990;780;0;4560;1560;1771
P198060801;P198060801_25;Y;4560;0;0;5130;780;1771
P198060801;P198060801_26;Z;4560;780;0;5130;1560;1771
P198060801;P198060801_27;AA;4560;1660;0;5130;2440;1771
P198060801;P198060801_28;AB;5130;1660;0;5700;2440;1771
P198060801;P198060801_29;AC;5130;0;0;5700;780;1771
P198060801;P198060801_30;AD;5130;780;0;5700;1560;1771
P198060801;P198060801_31;AE;5700;0;0;6270;780;1771
P198060801;P198060801_32;AF;5700;780;0;6270;1560;1771
P198060801;P198060801_33;AG;5700;1660;0;6270;2440;1771
P198060801;P198060801_34;AH;6270;1660;0;6840;2440;1771
P198060801;P198060801_35;AI;6270;0;0;6840;780;1771
P198060801;P198060801_36;AJ;6270;780;0;6840;1560;1771
P198060801;P198060801_37;AK;6840;0;0;7850;1206;2855
P198060801;P198060801_38;AL;6840;1234;0;7850;2440;2825
P198060801;P198060801_39;AM;7850;1234;0;8860;2440;2755
P198060801;P198060801_40;AN;7850;0;0;8860;1206;2755
P198060801;P198060801_41;AO;8860;0;0;9870;1206;1185
P184060801;P184060801_1;A;0;1660;0;570;2440;1771
P184060801;P184060801_2;B;0;0;0;570;780;1771
P184060801;P184060801_3;C;0;780;0;570;1560;1771
P184060801;P184060801_4;D;570;0;0;1140;780;1771
P184060801;P184060801_5;E;570;780;0;1140;1560;1771
P184060801;P184060801_6;F;570;1660;0;1140;2440;1771
P184060801;P184060801_7;G;1140;1660;0;1710;2440;1771
P184060801;P184060801_8;H;1140;0;0;1710;780;1771
P184060801;P184060801_9;I;1140;780;0;1710;1560;1771
P184060801;P184060801_10;J;1710;0;0;2280;780;1771
P184060801;P184060801_11;K;1710;780;0;2280;1560;1771
P184060801;P184060801_12;L;1710;1660;0;2280;2440;1771
P184060801;P184060801_13;M;2280;1660;0;2850;2440;1771
P184060801;P184060801_14;N;2280;0;0;2850;780;1771
P184060801;P184060801_15;O;2280;780;0;2850;1560;1771
P184060801;P184060801_16;P;2850;0;0;3420;780;1771
P184060801;P184060801_17;Q;2850;780;0;3420;1560;1771
P184060801;P184060801_18;R;2850;1660;0;3420;2440;1771
P184060801;P184060801_19;S;3420;1660;0;3990;2440;1771
P184060801;P184060801_20;T;3420;0;0;3990;780;1771
P184060801;P184060801_21;U;3420;780;0;3990;1560;1771
P184060801;P184060801_22;V;3990;0;0;4560;780;1771
P184060801;P184060801_23;W;3990;780;0;4560;1560;1771
P184060801;P184060801_24;X;3990;1660;0;4560;2440;1771
P184060801;P184060801_25;Y;4560;1660;0;5130;2440;1771
P184060801;P184060801_26;Z;4560;0;0;5130;780;1771
P184060801;P184060801_27;AA;4560;780;0;5130;1560;1771
P184060801;P184060801_28;AB;5130;0;0;5700;780;1771
P184060801;P184060801_29;AC;5130;780;0;5700;1560;1771
P184060801;P184060801_30;AD;5130;1660;0;5700;2440;1771
P184060801;P184060801_31;AE;5700;1660;0;6270;2440;1771
P184060801;P184060801_32;AF;5700;0;0;6270;780;1771
P184060801;P184060801_33;AG;6270;0;0;7280;1206;2370
P184060801;P184060801_34;AH;6270;1234;0;7280;2440;2440
P184060801;P184060801_35;AI;7280;1234;0;8290;2440;2370
P184060801;P184060801_36;AJ;7280;0;0;8290;1206;2055
P208399603;P208399603_1;A;0;0;0;1010;1206;570
P208399603;P208399603_2;B;0;1240;0;1000;2440;395
P208399603;P208399603_3;C;1000;1234;0;2010;2440;770
P208399603;P208399603_4;D;1010;0;0;2020;1206;1155
P208399603;P208399603_5;E;2010;1240;0;3010;2440;395
P208399603;P208399603_6;F;2020;0;0;3030;1206;385
P208399603;P208399603_7;G;3010;1240;0;4010;2440;670
P208399603;P208399603_8;H;3030;0;0;4030;1200;1764
P208399603;P208399603_9;I;4010;1234;0;5020;2440;1925
P208399603;P208399603_10;J;4030;0;0;5010;1140;2580
P208399603;P208399603_11;K;5010;0;0;5990;1140;2580
P208399603;P208399603_12;L;5020;1300;0;6000;2440;2580
P208399603;P208399603_13;M;5990;0;0;6970;1140;2580
P208399603;P208399603_14;N;6000;1300;0;6980;2440;2580
P208399603;P208399603_15;O;6970;0;0;7950;1140;2580
P208399603;P208399603_16;P;6980;1234;0;7990;2440;1570
P208399603;P208399603_17;Q;7950;0;0;8930;1140;2580
P208399603;P208399603_18;R;7990;1234;0;9000;2440;1907
P208399603;P208399603_19;S;8930;0;0;9910;1140;2580
P208399603;P208399603_20;T;9000;1234;0;10010;2440;2695
P208399603;P208399603_21;U;9910;0;0;10920;1206;2695
P208399603;P208399603_22;V;10010;1234;0;11020;2440;2325
P208399603;P208399603_23;W;10920;0;0;11900;1140;2580
P208399603;P208399603_24;X;11020;1300;0;12000;2440;2580
P208399603;P208399603_25;Y;11900;0;0;12910;1206;2710
P208399603;P208399603_26;Z;12000;1300;0;12980;2440;2580
Q208399603_1;Q208399603_1_1;A;0;0;0;1010;1206;385
Q208399603_1;Q208399603_1_2;B;0;1234;0;1010;2440;1170
Q208399603_1;Q208399603_1_3;C;1010;1234;0;2020;2440;2710
Q208399603_1;Q208399603_1_4;D;1010;0;0;1990;1140;2580
Q208399603_1;Q208399603_1_5;E;1990;0;0;2970;1140;1720
Q208399603_1;Q208399603_1_6;F;2020;1234;0;3030;2440;1185
Q208399603_1;Q208399603_1_7;G;2970;0;0;3980;1206;1155
Q208399603_1;Q208399603_1_8;H;3030;1300;0;4010;2440;860
Q208399603_1;Q208399603_1_9;I;3980;0;0;4990;1206;770
Q208399603_1;Q208399603_1_10;J;4010;1234;0;5020;2440;1455
P240066801;P240066801_1;A;0;720;0;1200;1720;975
P240066801;P240066801_2;B;1200;720;0;2400;1720;975
P240066801;P240066801_3;C;2400;720;0;3600;1720;975
P240066801;P240066801_4;D;3600;720;0;4800;1720;1905
P240066801;P240066801_5;E;4800;620;0;5800;1820;1905
P240066801;P240066801_6;F;5800;1240;0;6800;2440;1905
P240066801;P240066801_7;G;5800;0;0;6800;1200;1905
P240066801;P240066801_8;H;6800;0;0;7800;1200;1905
P240066801;P240066801_9;I;6800;1240;0;7800;2440;1905
P240066801;P240066801_10;J;7800;1240;0;8800;2440;1905
P240066801;P240066801_11;K;7800;0;0;8800;1200;1905
P240066801;P240066801_12;L;8800;0;0;9800;1200;1905
P205066801;P205066801_1;A;0;720;0;1200;1720;975
P205066801;P205066801_2;B;1200;1440;0;2400;2440;975
P205066801;P205066801_3;C;1200;220;0;2400;1220;975
P205066801;P205066801_4;D;2400;110;0;3600;1110;975
P205066801;P205066801_5;E;2400;1275;0;3600;2275;975
P205066801;P205066801_6;F;3600;55;0;4800;1055;975
P205066801;P205066801_7;G;3600;1247;0;4800;2247;975
P205066801;P205066801_8;H;4800;620;0;5800;1820;1905
P205066801;P205066801_9;I;5800;1240;0;6800;2440;1905
P205066801;P205066801_10;J;5800;0;0;6800;1200;1905
P205066801;P205066801_11;K;6800;0;0;7800;1200;1905
P205066801;P205066801_12;L;6800;1240;0;7800;2440;1905
P205066801;P205066801_13;M;7800;1240;0;8800;2440;1905
P205066801;P205066801_14;N;7800;0;0;8800;1200;1905
P205066801;P205066801_15;O;8800;0;0;9800;1200;1905
P205066801;P205066801_16;P;8800;1240;0;9800;2440;1905
P205066801;P205066801_17;Q;9800;1240;0;10800;2440;1905
P205066801;P205066801_18;R;9800;0;0;10800;1200;1905
P205066801;P205066801_19;S;10800;0;0;11800;1200;975
P201066807;P201066807_1;A;0;720;0;1200;1720;975
P201066807;P201066807_2;B;1200;720;0;2400;1720;975
P201066807;P201066807_3;C;2400;1440;0;3600;2440;975
P201066807;P201066807_4;D;2400;220;0;3600;1220;975
P201066807;P201066807_5;E;3600;0;0;4800;1000;975
P201066807;P201066807_6;F;3600;1440;0;4800;2440;975
P201066807;P201066807_7;G;4800;0;0;5800;1200;1905
P201066807;P201066807_8;H;4800;1220;0;5800;2420;1905
P201066807;P201066807_9;I;5800;1240;0;6800;2440;1905
P201066807;P201066807_10;J;5800;0;0;6800;1200;1905
P201066807;P201066807_11;K;6800;0;0;7800;1200;1905
P201066807;P201066807_12;L;6800;1240;0;7800;2440;1905
P201066807;P201066807_13;M;7800;1240;0;8800;2440;1905
P201066807;P201066807_14;N;7800;0;0;8800;1200;975
P198066801;P198066801_1;A;0;720;0;1200;1720;975
P198066801;P198066801_2;B;1200;720;0;2400;1720;975
P198066801;P198066801_3;C;2400;720;0;3600;1720;975
P198066801;P198066801_4;D;3600;720;0;4800;1720;1905
P198066801;P198066801_5;E;4800;620;0;5800;1820;1905
P198066801;P198066801_6;F;5800;1240;0;6800;2440;1905
P198066801;P198066801_7;G;5800;0;0;6800;1200;1905
P198066801;P198066801_8;H;6800;1240;0;7800;2440;1905
P198066801;P198066801_9;I;6800;0;0;7800;1200;1905
P198066801;P198066801_10;J;7800;0;0;8800;1200;1905
P198066801;P198066801_11;K;7800;1240;0;8800;2440;1905
P198066801;P198066801_12;L;8800;1240;0;9800;2440;1905
P198066801;P198066801_13;M;8800;0;0;9800;1200;975
P191066801;P191066801_1;A;0;0;0;1200;1000;975
P191066801;P191066801_2;B;0;1440;0;1200;2440;975
P191066801;P191066801_3;C;1200;720;0;2400;1720;975
P191066801;P191066801_4;D;2400;720;0;3600;1720;975
P191066801;P191066801_5;E;3600;720;0;4800;1720;975
P191066801;P191066801_6;F;4800;1240;0;5800;2440;1905
P191066801;P191066801_7;G;4800;20;0;5800;1220;1905
P191066801;P191066801_8;H;5800;1240;0;6800;2440;1905
P191066801;P191066801_9;I;5800;0;0;6800;1200;1905
P191066801;P191066801_10;J;6800;0;0;7800;1200;1905
P191066801;P191066801_11;K;6800;1240;0;7800;2440;1905
P191066801;P191066801_12;L;7800;1240;0;8800;2440;1905
P191066801;P191066801_13;M;7800;0;0;8800;1200;1905
P191066801;P191066801_14;N;8800;0;0;9800;1200;1905
P191066801;P191066801_15;O;8800;1240;0;9800;2440;1905
P191066801;P191066801_16;P;9800;1240;0;10800;2440;1905
P191066801;P191066801_17;Q;9800;0;0;10800;1200;1905
P191066801;P191066801_18;R;10800;0;0;11800;1200;975
P187066807;P187066807_1;A;0;1440;0;1200;2440;975
P187066807;P187066807_2;B;0;220;0;1200;1220;975
P187066807;P187066807_3;C;1200;0;0;2400;1000;975
P187066807;P187066807_4;D;1200;1220;0;2400;2220;975
P187066807;P187066807_5;E;2400;720;0;3600;1720;975
P187066807;P187066807_6;F;3600;720;0;4800;1720;1905
P187066807;P187066807_7;G;4800;620;0;5800;1820;1905
P187066807;P187066807_8;H;5800;1240;0;6800;2440;1905
P187066807;P187066807_9;I;5800;0;0;6800;1200;1905
P187066807;P187066807_10;J;6800;1240;0;7800;2440;1905
P187066807;P187066807_11;K;6800;0;0;7800;1200;975
P201399603;P201399603_1;A;0;0;0;1010;1206;1925
P201399603;P201399603_2;B;0;1234;0;1010;2440;385
P201399603;P201399603_3;C;1010;1240;0;2010;2440;395
P201399603;P201399603_4;D;1010;0;0;2020;1206;1540
P201399603;P201399603_5;E;2010;1240;0;3010;2440;1005
P201399603;P201399603_6;F;2020;0;0;3020;1200;2058
P201399603;P201399603_7;G;3010;1300;0;3990;2440;2580
P201399603;P201399603_8;H;3020;0;0;4000;1140;2580
P201399603;P201399603_9;I;3990;1300;0;4970;2440;2580
P201399603;P201399603_10;J;4000;0;0;4980;1140;2580
P201399603;P201399603_11;K;4970;1300;0;5950;2440;2580
P201399603;P201399603_12;L;4980;0;0;5960;1140;2580
P201399603;P201399603_13;M;5950;1300;0;6930;2440;2580
P201399603;P201399603_14;N;5960;0;0;6940;1140;2580
P201399603;P201399603_15;O;6930;1300;0;7910;2440;2580
P201399603;P201399603_16;P;6940;0;0;7920;1140;2580
P201399603;P201399603_17;Q;7910;1234;0;8920;2440;2340
P201399603;P201399603_18;R;7920;0;0;8900;1140;2580
P201399603;P201399603_19;S;8900;0;0;9880;1140;2580
P201399603;P201399603_20;T;8920;1234;0;9930;2440;2895
P201399603;P201399603_21;U;9880;0;0;10860;1140;2580
P201399603;P201399603_22;V;9930;1300;0;10910;2440;2580
P201399603;P201399603_23;W;10860;0;0;11870;1206;2695
P201399603;P201399603_24;X;10910;1234;0;11920;2440;2695
P201399603;P201399603_25;Y;11870;0;0;12880;1206;2695
P201399603;P201399603_26;Z;11920;1234;0;12930;2440;1383
Q201399603_1;Q201399603_1_1;A;0;0;0;1010;1206;385
Q201399603_1;Q201399603_1_2;B;0;1234;0;1010;2440;2310
Q201399603_1;Q201399603_1_3;C;1010;1234;0;2020;2440;485
Q201399603_1;Q201399603_1_4;D;1010;0;0;2020;1206;1155
Q201399603_1;Q201399603_1_5;E;2020;0;0;3030;1206;970
Q201399603_1;Q201399603_1_6;F;2020;1234;0;3030;2440;1355
P177240801;P177240801_1;A;0;0;0;1010;1206;2755
P177240801;P177240801_2;B;0;1206;0;1010;2412;2755
P177240801;P177240801_3;C;1010;1234;0;2020;2440;2370
P177240801;P177240801_4;D;1010;0;0;2020;1206;2370
P177240801;P177240801_5;E;2020;1234;0;3030;2440;1185
P177240801;P177240801_6;F;2020;0;0;3020;1200;2835
P177240801;P177240801_7;G;3020;0;0;4020;1200;2835
P177240801;P177240801_8;H;3030;1240;0;4030;2440;2835
P177240801;P177240801_9;I;4020;0;0;5020;1200;2835
P177240801;P177240801_10;J;4030;1240;0;5030;2440;2835
P177240801;P177240801_11;K;5020;0;0;6020;1200;2835
P177240801;P177240801_12;L;5030;1240;0;6030;2440;2835
P177240801;P177240801_13;M;6020;0;0;7020;1200;2835
P177240801;P177240801_14;N;6030;1240;0;7030;2440;2835
P177240801;P177240801_15;O;7020;0;0;8020;1200;2835
P177240801;P177240801_16;P;7030;1240;0;8030;2440;2835
P177240801;P177240801_17;Q;8020;0;0;9020;1200;2835
P177240801;P177240801_18;R;8030;1240;0;9030;2440;2835
P177240801;P177240801_19;S;9020;0;0;10020;1200;2835
P177240801;P177240801_20;T;9030;1240;0;10030;2440;2835
P177240801;P177240801_21;U;10020;0;0;11020;1200;2835
P177240801;P177240801_22;V;10030;1240;0;11030;2440;2835
P177240801;P177240801_23;W;11020;0;0;12020;1200;2835
P177240801;P177240801_24;X;11030;1240;0;12030;2440;2835
P177240801;P177240801_25;Y;12020;0;0;13020;1200;2835
P177240801;P177240801_26;Z;12030;1240;0;13030;2440;2835
P173240801;P173240801_1;A;0;0;0;1010;1206;2755
P173240801;P173240801_2;B;0;1234;0;1010;2440;2370
P173240801;P173240801_3;C;1010;1234;0;2020;2440;1185
P173240801;P173240801_4;D;1010;0;0;2010;1200;2835
P173240801;P173240801_5;E;2010;0;0;3010;1200;2835
P173240801;P173240801_6;F;2020;1240;0;3020;2440;2835
P173240801;P173240801_7;G;3010;0;0;4010;1200;2835
P173240801;P173240801_8;H;3020;1240;0;4020;2440;2835
P173240801;P173240801_9;I;4010;0;0;5010;1200;2835
P173240801;P173240801_10;J;4020;1240;0;5020;2440;2835
P173240801;P173240801_11;K;5010;0;0;6010;1200;2835
P173240801;P173240801_12;L;5020;1240;0;6020;2440;2835
P173240801;P173240801_13;M;6010;0;0;7010;1200;1905
P173240801;P173240801_14;N;6020;1240;0;7020;2440;2835
P173240801;P173240801_15;O;7010;0;0;8010;1200;2835
P173240801;P173240801_16;P;7020;1240;0;8020;2440;2835
P173240801;P173240801_17;Q;8010;0;0;9010;1200;2835
P173240801;P173240801_18;R;8020;1240;0;9020;2440;2835
P173240801;P173240801_19;S;9010;0;0;10010;1200;2835
P173240801;P173240801_20;T;9020;1240;0;10020;2440;2835
P173240801;P173240801_21;U;10010;0;0;11010;1200;2835
P173240801;P173240801_22;V;10020;1240;0;11020;2440;2835
P173240801;P173240801_23;W;11010;0;0;12010;1200;2835
P173240801;P173240801_24;X;11020;1240;0;12020;2440;2835
P170240801;P170240801_1;A;0;0;0;1010;1206;1955
P170240801;P170240801_2;B;0;1234;0;1010;2440;2370
P170240801;P170240801_3;C;1010;1234;0;2020;2440;2370
P170240801;P170240801_4;D;1010;0;0;2020;1206;2370
P170240801;P170240801_5;E;2020;0;0;3030;1206;1185
P170240801;P170240801_6;F;2020;1240;0;3020;2440;2835
P170240801;P170240801_7;G;3020;1240;0;4020;2440;1905
P170240801;P170240801_8;H;3030;0;0;4030;1200;2835
P170240801;P170240801_9;I;4020;1240;0;5020;2440;2835
P170240801;P170240801_10;J;4030;0;0;5030;1200;2835
P170240801;P170240801_11;K;5020;1240;0;6020;2440;2835
P170240801;P170240801_12;L;5030;0;0;6030;1200;2835
P170240801;P170240801_13;M;6020;1240;0;7020;2440;2835
P170240801;P170240801_14;N;6030;0;0;7030;1200;2835
P170240801;P170240801_15;O;7020;1240;0;8020;2440;2835
P170240801;P170240801_16;P;7030;0;0;8030;1200;2835
P170240801;P170240801_17;Q;8020;1240;0;9020;2440;2835
P170240801;P170240801_18;R;8030;0;0;9030;1200;2835
P170240801;P170240801_19;S;9020;1240;0;10020;2440;2835
P170240801;P170240801_20;T;9030;0;0;10030;1200;2835
P170240801;P170240801_21;U;10020;1240;0;11020;2440;2835
P170240801;P170240801_22;V;10030;0;0;11030;1200;2835
P170240801;P170240801_23;W;11020;1240;0;12020;2440;2835
P170240801;P170240801_24;X;11030;0;0;12030;1200;2835
P170240801;P170240801_25;Y;12020;1240;0;13020;2440;2835
P170240801;P170240801_26;Z;12030;0;0;13030;1200;2835
Q170240801_1;Q170240801_1_1;A;0;0;0;1000;1200;2835
Q170240801_1;Q170240801_1_2;B;0;1240;0;1000;2440;2835
Q170240801_1;Q170240801_1_3;C;1000;1240;0;2000;2440;2835
Q170240801_1;Q170240801_1_4;D;1000;0;0;2000;1200;2835
P178065909;P178065909_1;A;0;0;0;1900;1200;2955
P178065909;P178065909_2;B;0;1240;0;1900;2440;2955
P178065909;P178065909_3;C;1900;1240;0;3800;2440;2955
P178065909;P178065909_4;D;1900;0;0;3800;1200;2955
P178065909;P178065909_5;E;3800;0;0;5700;1200;2955
P178065909;P178065909_6;F;3800;1240;0;5700;2440;2955
P178065909;P178065909_7;G;5700;1240;0;7600;2440;2955
P178065909;P178065909_8;H;5700;0;0;7600;1200;2955
P178065909;P178065909_9;I;7600;0;0;9500;1200;2955
P178065909;P178065909_10;J;7600;1240;0;9500;2440;2955
P178065909;P178065909_11;K;9500;1240;0;11400;2440;2955
P178065909;P178065909_12;L;9500;0;0;11400;1200;2955
P178065909;P178065909_13;M;11400;0;0;13300;1200;2955
P178065909;P178065909_14;N;11400;1240;0;13300;2440;2955
P177065909;P177065909_1;A;0;0;0;1900;1200;2955
P177065909;P177065909_2;B;0;1240;0;1900;2440;2955
P177065909;P177065909_3;C;1900;1240;0;3800;2440;2955
P177065909;P177065909_4;D;1900;0;0;3800;1200;2955
P177065909;P177065909_5;E;3800;0;0;5700;1200;2955
P177065909;P177065909_6;F;3800;1240;0;5700;2440;2955
P177065909;P177065909_7;G;5700;1240;0;7600;2440;2955
P177065909;P177065909_8;H;5700;0;0;7600;1200;2955
P177065909;P177065909_9;I;7600;0;0;9500;1200;2955
P177065909;P177065909_10;J;7600;1240;0;9500;2440;2955
P177065909;P177065909_11;K;9500;1240;0;11400;2440;2955
P177065909;P177065909_12;L;9500;0;0;11400;1200;2955
P177065909;P177065909_13;M;11400;0;0;13300;1200;2955
P177065909;P177065909_14;N;11400;1240;0;13300;2440;2955
P174065909;P174065909_1;A;0;0;0;1900;1200;2955
P174065909;P174065909_2;B;0;1240;0;1900;2440;2955
P174065909;P174065909_3;C;1900;1240;0;3800;2440;2955
P174065909;P174065909_4;D;1900;0;0;3800;1200;2955
P174065909;P174065909_5;E;3800;0;0;5700;1200;2955
P174065909;P174065909_6;F;3800;1240;0;5700;2440;2955
P174065909;P174065909_7;G;5700;1240;0;7600;2440;2955
P174065909;P174065909_8;H;5700;0;0;7600;1200;2955
P174065909;P174065909_9;I;7600;0;0;9500;1200;2955
P174065909;P174065909_10;J;7600;1240;0;9500;2440;2955
P174065909;P174065909_11;K;9500;1240;0;11400;2440;2955
P174065909;P174065909_12;L;9500;0;0;11400;1200;2955
P174065909;P174065909_13;M;11400;0;0;13300;1200;2955
P174065909;P174065909_14;N;11400;1240;0;13300;2440;2955
P173065909;P173065909_1;A;0;0;0;1900;1200;2955
P173065909;P173065909_2;B;0;1240;0;1900;2440;2955
P173065909;P173065909_3;C;1900;1240;0;3800;2440;2955
P173065909;P173065909_4;D;1900;0;0;3800;1200;2955
P173065909;P173065909_5;E;3800;0;0;5700;1200;2955
P173065909;P173065909_6;F;3800;1240;0;5700;2440;2955
P173065909;P173065909_7;G;5700;1240;0;7600;2440;2955
P173065909;P173065909_8;H;5700;0;0;7600;1200;2955
P173065909;P173065909_9;I;7600;0;0;9500;1200;2955
P173065909;P173065909_10;J;7600;1240;0;9500;2440;2955
P173065909;P173065909_11;K;9500;1240;0;11400;2440;2955
P173065909;P173065909_12;L;9500;0;0;11400;1200;2955
P173065909;P173065909_13;M;11400;0;0;13300;1200;2955
P173065909;P173065909_14;N;11400;1240;0;13300;2440;2955
P171065909;P171065909_1;A;0;0;0;1900;1200;2955
P171065909;P171065909_2;B;0;1240;0;1900;2440;2955
P171065909;P171065909_3;C;1900;1240;0;3800;2440;2955
P171065909;P171065909_4;D;1900;0;0;3800;1200;2955
P171065909;P171065909_5;E;3800;0;0;5700;1200;2955
P171065909;P171065909_6;F;3800;1240;0;5700;2440;2955
P171065909;P171065909_7;G;5700;1240;0;7600;2440;2955
P171065909;P171065909_8;H;5700;0;0;7600;1200;2955
P171065909;P171065909_9;I;7600;0;0;9500;1200;2955
P171065909;P171065909_10;J;7600;1240;0;9500;2440;2955
P171065909;P171065909_11;K;9500;1240;0;11400;2440;2955
P171065909;P171065909_12;L;9500;0;0;11400;1200;2955
P171065909;P171065909_13;M;11400;0;0;13300;1200;2955
P171065909;P171065909_14;N;11400;1240;0;13300;2440;2955
P170065909;P170065909_1;A;0;0;0;1900;1200;2955
P170065909;P170065909_2;B;0;1240;0;1900;2440;2955
P170065909;P170065909_3;C;1900;1240;0;3800;2440;2955
P170065909;P170065909_4;D;1900;0;0;3800;1200;2955
P170065909;P170065909_5;E;3800;0;0;5700;1200;2955
P170065909;P170065909_6;F;3800;1240;0;5700;2440;2955
P170065909;P170065909_7;G;5700;1240;0;7600;2440;2955
P170065909;P170065909_8;H;5700;0;0;7600;1200;2955
P170065909;P170065909_9;I;7600;0;0;9500;1200;2955
P170065909;P170065909_10;J;7600;1240;0;9500;2440;2955
P170065909;P170065909_11;K;9500;1240;0;11400;2440;2955
P170065909;P170065909_12;L;9500;0;0;11400;1200;2955
P170065909;P170065909_13;M;11400;0;0;13300;1200;2955
P170065909;P170065909_14;N;11400;1240;0;13300;2440;2955
P167065909;P167065909_1;A;0;0;0;1900;1200;2955
P167065909;P167065909_2;B;0;1240;0;1900;2440;2955
P167065909;P167065909_3;C;1900;1240;0;3800;2440;2955
P167065909;P167065909_4;D;1900;0;0;3800;1200;2955
P167065909;P167065909_5;E;3800;0;0;5700;1200;2955
P167065909;P167065909_6;F;3800;1240;0;5700;2440;2955
P167065909;P167065909_7;G;5700;1240;0;7600;2440;2955
P167065909;P167065909_8;H;5700;0;0;7600;1200;2955
P167065909;P167065909_9;I;7600;0;0;9500;1200;2955
P167065909;P167065909_10;J;7600;1240;0;9500;2440;2955
P167065909;P167065909_11;K;9500;1240;0;11400;2440;2955
P167065909;P167065909_12;L;9500;0;0;11400;1200;2955
P167065909;P167065909_13;M;11400;0;0;13300;1200;2955
P167065909;P167065909_14;N;11400;1240;0;13300;2440;2955
P166065909;P166065909_1;A;0;0;0;1900;1200;2955
P166065909;P166065909_2;B;0;1240;0;1900;2440;2955
P166065909;P166065909_3;C;1900;1240;0;3800;2440;2955
P166065909;P166065909_4;D;1900;0;0;3800;1200;2955
P166065909;P166065909_5;E;3800;0;0;5700;1200;2955
P166065909;P166065909_6;F;3800;1240;0;5700;2440;2955
P166065909;P166065909_7;G;5700;1240;0;7600;2440;2955
P166065909;P166065909_8;H;5700;0;0;7600;1200;2955
P166065909;P166065909_9;I;7600;0;0;9500;1200;2955
P166065909;P166065909_10;J;7600;1240;0;9500;2440;2955
P166065909;P166065909_11;K;9500;1240;0;11400;2440;2955
P166065909;P166065909_12;L;9500;0;0;11400;1200;2955
P166065909;P166065909_13;M;11400;0;0;13300;1200;1500
P240064801;P240064801_1;A;0;0;0;570;780;909
P240064801;P240064801_2;B;0;1220;0;570;2000;909
P240064801;P240064801_3;C;570;830;0;1140;1610;909
P240064801;P240064801_4;D;1140;830;0;1710;1610;909
P240064801;P240064801_5;E;1710;1610;0;2280;2390;909
P240064801;P240064801_6;F;1710;415;0;2280;1195;909
P240064801;P240064801_7;G;2280;0;0;2850;780;909
P240064801;P240064801_8;H;2280;780;0;2850;1560;909
P240064801;P240064801_9;I;2280;1610;0;2850;2390;909
P240064801;P240064801_10;J;2850;830;0;3420;1610;909
P240064801;P240064801_11;K;3420;1610;0;3990;2390;909
P240064801;P240064801_12;L;3420;830;0;3990;1610;909
P240064801;P240064801_13;M;3990;1660;0;4560;2440;909
P240064801;P240064801_14;N;3990;880;0;4560;1660;909
P240064801;P240064801_15;O;3990;100;0;4560;880;909
P240064801;P240064801_16;P;4560;1240;0;5560;2440;2835
P240064801;P240064801_17;Q;4560;0;0;5560;1200;2835
P240064801;P240064801_18;R;5560;0;0;6560;1200;2835
P240064801;P240064801_19;S;5560;1240;0;6560;2440;2835
P240064801;P240064801_20;T;6560;1240;0;7560;2440;2835
P240064801;P240064801_21;U;6560;0;0;7560;1200;2835
P240064801;P240064801_22;V;7560;0;0;8560;1200;2835
P240064801;P240064801_23;W;7560;1240;0;8560;2440;2835
P240064801;P240064801_24;X;8560;1240;0;9560;2440;2835
P240064801;P240064801_25;Y;8560;0;0;9560;1200;2835
P240064801;P240064801_26;Z;9560;0;0;10560;1200;2835
P240064801;P240064801_27;AA;9560;1240;0;10560;2440;2835
P240064801;P240064801_28;AB;10560;1240;0;11560;2440;2835
P240064801;P240064801_29;AC;10560;0;0;11560;1200;2835
P240064801;P240064801_30;AD;11560;0;0;12760;1000;1905
P208064803;P208064803_1;A;0;1240;0;1000;2440;2835
P208064803;P208064803_2;B;0;0;0;1000;1200;2835
P208064803;P208064803_3;C;1000;620;0;2000;1820;2835
P208064803;P208064803_4;D;2000;620;0;3000;1820;2835
P208064803;P208064803_5;E;3000;620;0;4000;1820;2835
P208064803;P208064803_6;F;4000;1240;0;5000;2440;2835
P208064803;P208064803_7;G;4000;0;0;5000;1200;2835
P208064803;P208064803_8;H;5000;0;0;6000;1200;2835
P208064803;P208064803_9;I;5000;1240;0;6000;2440;2835
P208064803;P208064803_10;J;6000;1240;0;7000;2440;2835
P208064803;P208064803_11;K;6000;0;0;7000;1200;2835
P208064803;P208064803_12;L;7000;0;0;8010;1206;2370
P208064803;P208064803_13;M;7000;1234;0;8010;2440;2370
P208064803;P208064803_14;N;8010;1234;0;9020;2440;2370
P208064803;P208064803_15;O;8010;0;0;9020;1206;2370
P208064803;P208064803_16;P;9020;0;0;10030;1206;2167
P208064803;P208064803_17;Q;9020;1234;0;10030;2440;982
P208064803;P208064803_18;R;10030;1240;0;11030;2440;2700
P208064803;P208064803_19;S;10030;0;0;11030;1200;2700
P205064801;P205064801_1;A;0;0;0;570;780;909
P205064801;P205064801_2;B;0;1220;0;570;2000;909
P205064801;P205064801_3;C;570;1660;0;1140;2440;909
P205064801;P205064801_4;D;570;0;0;1140;780;909
P205064801;P205064801_5;E;570;780;0;1140;1560;909
P205064801;P205064801_6;F;1140;830;0;1710;1610;909
P205064801;P205064801_7;G;1710;830;0;2280;1610;909
P205064801;P205064801_8;H;2280;1610;0;2850;2390;909
P205064801;P205064801_9;I;2280;830;0;2850;1610;909
P205064801;P205064801_10;J;2850;1660;0;3420;2440;909
P205064801;P205064801_11;K;2850;440;0;3420;1220;909
P205064801;P205064801_12;L;3420;0;0;3990;780;909
P205064801;P205064801_13;M;3420;780;0;3990;1560;909
P205064801;P205064801_14;N;3420;1660;0;3990;2440;909
P205064801;P205064801_15;O;3990;1660;0;4560;2440;909
P205064801;P205064801_16;P;3990;0;0;4990;1200;2835
P205064801;P205064801_17;Q;4560;1240;0;5560;2440;2835
P205064801;P205064801_18;R;4990;0;0;5990;1200;2835
P205064801;P205064801_19;S;5560;1240;0;6560;2440;2835
P205064801;P205064801_20;T;5990;0;0;6990;1200;2835
P205064801;P205064801_21;U;6560;1240;0;7560;2440;2835
P205064801;P205064801_22;V;6990;0;0;7990;1200;2835
P205064801;P205064801_23;W;7560;1240;0;8560;2440;2835
P205064801;P205064801_24;X;7990;0;0;8990;1200;2835
P205064801;P205064801_25;Y;8560;1240;0;9560;2440;2835
P205064801;P205064801_26;Z;8990;0;0;9990;1200;2835
P205064801;P205064801_27;AA;9560;1240;0;10560;2440;2835
P205064801;P205064801_28;AB;9990;0;0;10990;1200;2835
P205064801;P205064801_29;AC;10560;1240;0;11560;2440;2835
P205064801;P205064801_30;AD;10990;0;0;11990;1200;1905
P201064803;P201064803_1;A;0;620;0;1000;1820;975
P201064803;P201064803_2;B;1000;1240;0;2000;2440;2835
P201064803;P201064803_3;C;1000;20;0;2000;1220;2835
P201064803;P201064803_4;D;2000;620;0;3000;1820;2835
P201064803;P201064803_5;E;3000;1240;0;4000;2440;2835
P201064803;P201064803_6;F;3000;20;0;4000;1220;2835
P201064803;P201064803_7;G;4000;1240;0;5000;2440;2835
P201064803;P201064803_8;H;4000;0;0;5000;1200;2835
P201064803;P201064803_9;I;5000;0;0;6000;1200;2835
P201064803;P201064803_10;J;5000;1240;0;6000;2440;2835
P201064803;P201064803_11;K;6000;1240;0;7000;2440;2835
P201064803;P201064803_12;L;6000;0;0;7000;1200;2835
P201064803;P201064803_13;M;7000;0;0;8000;1200;2835
P201064803;P201064803_14;N;7000;1240;0;8000;2440;1905
P201064803;P201064803_15;O;8000;1234;0;9010;2440;2946
P201064803;P201064803_16;P;8000;0;0;9010;1206;2370
P201064803;P201064803_17;Q;9010;0;0;10020;1206;2370
P201064803;P201064803_18;R;9010;1234;0;10020;2440;2370
P201064803;P201064803_19;S;10020;1234;0;11030;2440;2370
P201064803;P201064803_20;T;10020;0;0;11030;1206;2167
P201064803;P201064803_21;U;11030;0;0;12030;1200;2700
P201064803;P201064803_22;V;11030;1240;0;12030;2440;2700
P201064803;P201064803_23;W;12030;1440;0;13230;2440;1350
P198064801;P198064801_1;A;0;830;0;570;1610;909
P198064801;P198064801_2;B;570;1610;0;1140;2390;909
P198064801;P198064801_3;C;570;830;0;1140;1610;909
P198064801;P198064801_4;D;1140;1660;0;1710;2440;909
P198064801;P198064801_5;E;1140;880;0;1710;1660;909
P198064801;P198064801_6;F;1140;100;0;1710;880;909
P198064801;P198064801_7;G;1710;0;0;2280;780;909
P198064801;P198064801_8;H;1710;780;0;2280;1560;909
P198064801;P198064801_9;I;1710;1660;0;2280;2440;909
P198064801;P198064801_10;J;2280;1660;0;2850;2440;909
P198064801;P198064801_11;K;2280;0;0;2850;780;909
P198064801;P198064801_12;L;2280;780;0;2850;1560;909
P198064801;P198064801_13;M;2850;0;0;3420;780;909
P198064801;P198064801_14;N;2850;780;0;3420;1560;909
P198064801;P198064801_15;O;2850;1660;0;3420;2440;909
P198064801;P198064801_16;P;3420;1660;0;3990;2440;909
P198064801;P198064801_17;Q;3420;0;0;3990;780;478
P198064801;P198064801_18;R;3990;0;0;4990;1200;2835
P198064801;P198064801_19;S;3990;1240;0;4990;2440;2835
P198064801;P198064801_20;T;4990;1240;0;5990;2440;2835
P198064801;P198064801_21;U;4990;0;0;5990;1200;2835
P198064801;P198064801_22;V;5990;0;0;6990;1200;2835
P198064801;P198064801_23;W;5990;1240;0;6990;2440;2835
P198064801;P198064801_24;X;6990;1240;0;7990;2440;2835
P198064801;P198064801_25;Y;6990;0;0;7990;1200;2835
P198064801;P198064801_26;Z;7990;0;0;8990;1200;2835
P198064801;P198064801_27;AA;7990;1240;0;8990;2440;2835
P198064801;P198064801_28;AB;8990;1240;0;9990;2440;2835
P198064801;P198064801_29;AC;8990;0;0;9990;1200;2835
P198064801;P198064801_30;AD;9990;0;0;10990;1200;2835
P198064801;P198064801_31;AE;9990;1240;0;10990;2440;2835
P198064801;P198064801_32;AF;10990;1240;0;11990;2440;2835
P198064801;P198064801_33;AG;10990;0;0;11990;1200;975
P194064803;P194064803_1;A;0;620;0;1000;1820;2835
P194064803;P194064803_2;B;1000;620;0;2000;1820;2835
P194064803;P194064803_3;C;2000;620;0;3000;1820;2835
P194064803;P194064803_4;D;3000;1240;0;4000;2440;2835
P194064803;P194064803_5;E;3000;0;0;4000;1200;2835
P194064803;P194064803_6;F;4000;0;0;5000;1200;2835
P194064803;P194064803_7;G;4000;1234;0;5010;2440;1964
P194064803;P194064803_8;H;5000;0;0;6010;1206;2370
P194064803;P194064803_9;I;5010;1234;0;6020;2440;2370
P194064803;P194064803_10;J;6010;0;0;7020;1206;2370
P194064803;P194064803_11;K;6020;1234;0;7030;2440;2167
P194064803;P194064803_12;L;7020;0;0;8020;1200;2700
P194064803;P194064803_13;M;7030;1240;0;8030;2440;1350
P191064801;P191064801_1;A;0;830;0;570;1610;909
P191064801;P191064801_2;B;570;1610;0;1140;2390;909
P191064801;P191064801_3;C;570;830;0;1140;1610;909
P191064801;P191064801_4;D;1140;1660;0;1710;2440;909
P191064801;P191064801_5;E;1140;880;0;1710;1660;909
P191064801;P191064801_6;F;1140;100;0;1710;880;909
P191064801;P191064801_7;G;1710;1660;0;2280;2440;909
P191064801;P191064801_8;H;1710;0;0;2280;780;909
P191064801;P191064801_9;I;1710;780;0;2280;1560;909
P191064801;P191064801_10;J;2280;0;0;2850;780;909
P191064801;P191064801_11;K;2280;780;0;2850;1560;909
P191064801;P191064801_12;L;2280;1660;0;2850;2440;909
P191064801;P191064801_13;M;2850;1660;0;3420;2440;909
P191064801;P191064801_14;N;2850;0;0;3420;780;478
P191064801;P191064801_15;O;3420;0;0;4420;1200;2835
P191064801;P191064801_16;P;3420;1240;0;4420;2440;2835
P191064801;P191064801_17;Q;4420;1240;0;5420;2440;2835
P191064801;P191064801_18;R;4420;0;0;5420;1200;2835
P191064801;P191064801_19;S;5420;0;0;6420;1200;2835
P191064801;P191064801_20;T;5420;1240;0;6420;2440;2835
P191064801;P191064801_21;U;6420;1240;0;7420;2440;2835
P191064801;P191064801_22;V;6420;0;0;7420;1200;2835
P191064801;P191064801_23;W;7420;0;0;8420;1200;2835
P191064801;P191064801_24;X;7420;1240;0;8420;2440;2835
P191064801;P191064801_25;Y;8420;1240;0;9420;2440;2835
P191064801;P191064801_26;Z;8420;0;0;9420;1200;2835
P191064801;P191064801_27;AA;9420;0;0;10420;1200;2835
P191064801;P191064801_28;AB;9420;1240;0;10420;2440;2835
P191064801;P191064801_29;AC;10420;1240;0;11420;2440;2835
P191064801;P191064801_30;AD;10420;0;0;11420;1200;2835
P191064801;P191064801_31;AE;11420;0;0;12420;1200;2835
P187064803;P187064803_1;A;0;620;0;1000;1820;975
P187064803;P187064803_2;B;1000;1240;0;2000;2440;2835
P187064803;P187064803_3;C;1000;0;0;2000;1200;2835
P187064803;P187064803_4;D;2000;620;0;3000;1820;2835
P187064803;P187064803_5;E;3000;1240;0;4000;2440;2835
P187064803;P187064803_6;F;3000;0;0;4000;1200;2835
P187064803;P187064803_7;G;4000;1240;0;5000;2440;2835
P187064803;P187064803_8;H;4000;0;0;5000;1200;2835
P187064803;P187064803_9;I;5000;0;0;6000;1200;2835
P187064803;P187064803_10;J;5000;1240;0;6000;2440;2835
P187064803;P187064803_11;K;6000;1240;0;7000;2440;2835
P187064803;P187064803_12;L;6000;0;0;7000;1200;2835
P187064803;P187064803_13;M;7000;0;0;8000;1200;2835
P187064803;P187064803_14;N;7000;1240;0;8000;2440;1905
P187064803;P187064803_15;O;8000;1234;0;9010;2440;2370
P187064803;P187064803_16;P;8000;0;0;9010;1206;2370
P187064803;P187064803_17;Q;9010;0;0;10020;1206;2370
P187064803;P187064803_18;R;9010;1234;0;10020;2440;2370
P187064803;P187064803_19;S;10020;1234;0;11030;2440;2370
P187064803;P187064803_20;T;10020;0;0;11030;1206;2946
P187064803;P187064803_21;U;11030;0;0;12040;1206;982
P187064803;P187064803_22;V;11030;1240;0;12030;2440;2700
P187064803;P187064803_23;W;12030;1240;0;13030;2440;2700
P187064803;P187064803_24;X;12040;0;0;13040;1200;1350
P184064801;P184064801_1;A;0;1660;0;570;2440;909
P184064801;P184064801_2;B;0;440;0;570;1220;909
P184064801;P184064801_3;C;570;0;0;1140;780;909
P184064801;P184064801_4;D;570;1220;0;1140;2000;909
P184064801;P184064801_5;E;1140;830;0;1710;1610;909
P184064801;P184064801_6;F;1710;1610;0;2280;2390;909
P184064801;P184064801_7;G;1710;830;0;2280;1610;909
P184064801;P184064801_8;H;2280;1660;0;2850;2440;909
P184064801;P184064801_9;I;2280;880;0;2850;1660;909
P184064801;P184064801_10;J;2280;100;0;2850;880;909
P184064801;P184064801_11;K;2850;0;0;3420;780;909
P184064801;P184064801_12;L;2850;780;0;3420;1560;909
P184064801;P184064801_13;M;2850;1660;0;3420;2440;909
P184064801;P184064801_14;N;3420;1660;0;3990;2440;909
P184064801;P184064801_15;O;3420;0;0;3990;780;909
P184064801;P184064801_16;P;3420;780;0;3990;1560;478
P184064801;P184064801_17;Q;3990;0;0;4990;1200;2835
P184064801;P184064801_18;R;3990;1240;0;4990;2440;2835
P184064801;P184064801_19;S;4990;1240;0;5990;2440;2835
P184064801;P184064801_20;T;4990;0;0;5990;1200;2835
P184064801;P184064801_21;U;5990;0;0;6990;1200;2835
P184064801;P184064801_22;V;5990;1240;0;6990;2440;2835
P184064801;P184064801_23;W;6990;1240;0;7990;2440;2835
P184064801;P184064801_24;X;6990;0;0;7990;1200;2835
P184064801;P184064801_25;Y;7990;0;0;8990;1200;2835
P184064801;P184064801_26;Z;7990;1240;0;8990;2440;2835
P184064801;P184064801_27;AA;8990;1240;0;9990;2440;2835
P184064801;P184064801_28;AB;8990;0;0;9990;1200;2835
P184064801;P184064801_29;AC;9990;0;0;10990;1200;2835
P184064801;P184064801_30;AD;9990;1240;0;10990;2440;1905
P192399901;P192399901_1;A;0;1240;0;1600;2440;1955
P192399901;P192399901_2;B;0;0;0;1600;1200;1955
P192399901;P192399901_3;C;1600;0;0;3200;1200;1955
P192399901;P192399901_4;D;1600;1240;0;3200;2440;1000
P192399901;P192399901_5;E;3200;1240;0;4200;2440;1905
P192399901;P192399901_6;F;3200;0;0;4200;1200;1905
P192399901;P192399901_7;G;4200;0;0;5200;1200;1905
P192399901;P192399901_8;H;4200;1240;0;5200;2440;975
P192399901;P192399901_9;I;5200;1240;0;6200;2440;1815
P192399901;P192399901_10;J;5200;0;0;6200;1200;975
P192399901;P192399901_11;K;6200;0;0;7210;1206;2510
P192399901;P192399901_12;L;6200;1240;0;7200;2440;1905
P192399901;P192399901_13;M;7200;1240;0;8200;2440;1025
P192399901;P192399901_14;N;7210;0;0;8220;1206;2125
P192399901;P192399901_15;O;8200;1234;0;9210;2440;2510
P192399901;P192399901_16;P;8220;0;0;9230;1206;1940
P192399901;P192399901_17;Q;9210;1234;0;10220;2440;385
P192399901;P192399901_18;R;9230;0;0;10240;1206;1940
P192399901;P192399901_19;S;10220;1234;0;11230;2440;1155
P192399901;P192399901_20;T;10240;0;0;11250;1206;385
P192399901;P192399901_21;U;11230;1240;0;12230;2440;1335
P192399901;P192399901_22;V;11250;0;0;12260;1206;1940
P192399901;P192399901_23;W;12230;1234;0;13240;2440;2225
P192399901;P192399901_24;X;12260;0;0;13270;1206;1155
Q192399901_1;Q192399901_1_1;A;0;0;0;1010;1206;2425
Q192399901_1;Q192399901_1_2;B;0;1234;0;1010;2440;1925
Q192399901_1;Q192399901_1_3;C;1010;1234;0;2020;2440;770
Q192399901_1;Q192399901_1_4;D;1010;0;0;2020;1206;770
Q192399901_1;Q192399901_1_5;E;2020;0;0;3030;1206;2425
Q192399901_1;Q192399901_1_6;F;2020;1234;0;3030;2440;1455
Q192399901_1;Q192399901_1_7;G;3030;1234;0;4040;2440;1740
Q192399901_1;Q192399901_1_8;H;3030;0;0;4040;1206;385
Q192399901_1;Q192399901_1_9;I;4040;0;0;5050;1206;385
Q192399901_1;Q192399901_1_10;J;4040;1234;0;5050;2440;1355
Q192399901_1;Q192399901_1_11;K;5050;1240;0;6050;2440;1035
Q192399901_1;Q192399901_1_12;L;5050;0;0;6060;1206;485
Q192399901_1;Q192399901_1_13;M;6050;1234;0;7060;2440;770
Q192399901_1;Q192399901_1_14;N;6060;0;0;7070;1206;1155
P179060803;P179060803_1;A;0;1234;0;1010;2440;2555
P179060803;P179060803_2;B;0;0;0;570;780;1771
P179060803;P179060803_3;C;570;0;0;1580;1206;485
P179060803;P179060803_4;D;1010;1660;0;1580;2440;1771
P179060803;P179060803_5;E;1580;0;0;2580;1200;2865
P179060803;P179060803_6;F;1580;1660;0;2150;2440;1771
P179060803;P179060803_7;G;2150;1660;0;2720;2440;1771
P179060803;P179060803_8;H;2580;0;0;3150;780;1771
P179060803;P179060803_9;I;2580;780;0;3150;1560;1771
P179060803;P179060803_10;J;2720;1660;0;3290;2440;1771
P179060803;P179060803_11;K;3150;0;0;3720;780;1771
P179060803;P179060803_12;L;3150;780;0;3720;1560;1771
P179060803;P179060803_13;M;3290;1660;0;3860;2440;1771
P179060803;P179060803_14;N;3720;0;0;4290;780;1771
P179060803;P179060803_15;O;3720;780;0;4290;1560;1771
P179060803;P179060803_16;P;3860;1660;0;4430;2440;1771
P179060803;P179060803_17;Q;4290;0;0;4860;780;1771
P179060803;P179060803_18;R;4290;780;0;4860;1560;1771
P179060803;P179060803_19;S;4430;1660;0;5000;2440;1771
P179060803;P179060803_20;T;4860;0;0;5430;780;1771
P179060803;P179060803_21;U;4860;780;0;5430;1560;1771
P179060803;P179060803_22;V;5000;1660;0;5570;2440;1771
P179060803;P179060803_23;W;5430;0;0;6000;780;909
P179060803;P179060803_24;X;5570;1240;0;6570;2440;2160
P179060803;P179060803_25;Y;6000;0;0;7000;1200;2700
P179060803;P179060803_26;Z;6570;1240;0;7570;2440;2700
P179060803;P179060803_27;AA;7000;0;0;8000;1200;2700
P172060803;P172060803_1;A;0;0;0;1010;1206;2940
P172060803;P172060803_2;B;0;1234;0;1010;2440;2170
P172060803;P172060803_3;C;1010;1234;0;2020;2440;485
P172060803;P172060803_4;D;1010;0;0;1580;780;1771
P172060803;P172060803_5;E;1580;0;0;2150;780;1771
P172060803;P172060803_6;F;2020;1240;0;3020;2440;2865
P172060803;P172060803_7;G;2150;0;0;3150;1200;2865
P172060803;P172060803_8;H;3020;1660;0;3590;2440;1771
P172060803;P172060803_9;I;3150;0;0;3720;780;1771
P172060803;P172060803_10;J;3150;780;0;3720;1560;1771
P172060803;P172060803_11;K;3590;1660;0;4160;2440;1771
P172060803;P172060803_12;L;3720;0;0;4290;780;1771
P172060803;P172060803_13;M;3720;780;0;4290;1560;1771
P172060803;P172060803_14;N;4160;1660;0;4730;2440;1771
P172060803;P172060803_15;O;4290;0;0;4860;780;1771
P172060803;P172060803_16;P;4290;780;0;4860;1560;1771
P172060803;P172060803_17;Q;4730;1660;0;5300;2440;1771
P172060803;P172060803_18;R;4860;0;0;5430;780;1771
P172060803;P172060803_19;S;4860;780;0;5430;1560;1771
P172060803;P172060803_20;T;5300;1660;0;5870;2440;1771
P172060803;P172060803_21;U;5430;0;0;6000;780;1771
P172060803;P172060803_22;V;5430;780;0;6000;1560;1771
P172060803;P172060803_23;W;5870;1660;0;6440;2440;1771
P172060803;P172060803_24;X;6000;0;0;6570;780;1771
P172060803;P172060803_25;Y;6000;780;0;6570;1560;1771
P172060803;P172060803_26;Z;6440;1660;0;7010;2440;1771
P172060803;P172060803_27;AA;6570;0;0;7140;780;1771
P172060803;P172060803_28;AB;6570;780;0;7140;1560;1771
P172060803;P172060803_29;AC;7010;1660;0;7580;2440;1771
P172060803;P172060803_30;AD;7140;0;0;7710;780;1771
P172060803;P172060803_31;AE;7140;780;0;7710;1560;1771
P172060803;P172060803_32;AF;7580;1660;0;8150;2440;1771
P172060803;P172060803_33;AG;7710;0;0;8280;780;1771
P172060803;P172060803_34;AH;7710;780;0;8280;1560;1771
P172060803;P172060803_35;AI;8150;1660;0;8720;2440;1771
P172060803;P172060803_36;AJ;8280;0;0;8850;780;1771
P172060803;P172060803_37;AK;8280;780;0;8850;1560;1771
P172060803;P172060803_38;AL;8720;1660;0;9290;2440;1771
P172060803;P172060803_39;AM;8850;0;0;9420;780;1340
P172060803;P172060803_40;AN;9290;1240;0;10290;2440;2865
P172060803;P172060803_41;AO;9420;0;0;10420;1200;2520
P172060803;P172060803_42;AP;10290;1240;0;11290;2440;2700
P172060803;P172060803_43;AQ;10420;0;0;11420;1200;2700
P172060803;P172060803_44;AR;11290;1240;0;12290;2440;2700
P172060803;P172060803_45;AS;11420;0;0;12420;1200;2700
P172060803;P172060803_46;AT;12290;1440;0;13490;2440;2700
P173290901;P173290901_1;A;0;0;0;1010;1206;2695
P173290901;P173290901_2;B;0;1234;0;1010;2440;1540
P173290901;P173290901_3;C;1010;1240;0;2010;2440;2835
P173290901;P173290901_4;D;1010;0;0;2010;1200;2835
P173290901;P173290901_5;E;2010;0;0;3010;1200;2835
P173290901;P173290901_6;F;2010;1240;0;3010;2440;2835
P173290901;P173290901_7;G;3010;1240;0;4010;2440;1905
P173290901;P173290901_8;H;3010;0;0;4010;1200;2700
P173290901;P173290901_9;I;4010;0;0;5010;1200;2700
P173290901;P173290901_10;J;4010;1240;0;5010;2440;2700
P173290901;P173290901_11;K;5010;1240;0;6010;2440;2700
P173290901;P173290901_12;L;5010;0;0;6010;1200;2700
P173290901;P173290901_13;M;6010;0;0;7010;1200;2700
P173290901;P173290901_14;N;6010;1240;0;7010;2440;2700
P173290901;P173290901_15;O;7010;1240;0;8010;2440;2700
P173290901;P173290901_16;P;7010;0;0;8020;1206;2362
P173290901;P173290901_17;Q;8010;1234;0;9020;2440;2362
P173290901;P173290901_18;R;8020;0;0;9030;1206;2370
P173290901;P173290901_19;S;9020;1240;0;10020;2440;2835
P173290901;P173290901_20;T;9030;0;0;10030;1200;2835
P173290901;P173290901_21;U;10020;1240;0;11020;2440;2835
P173290901;P173290901_22;V;10030;0;0;11030;1200;2835
P173290901;P173290901_23;W;11020;1240;0;12020;2440;2835
P194399603;P194399603_1;A;0;0;0;1010;1206;2310
P194399603;P194399603_2;B;0;1234;0;1010;2440;385
P194399603;P194399603_3;C;1010;1234;0;2020;2440;1925
P194399603;P194399603_4;D;1010;0;0;2010;1200;670
P194399603;P194399603_5;E;2010;0;0;3010;1200;1470
P194399603;P194399603_6;F;2020;1240;0;2820;2440;340
P194399603;P194399603_7;G;2820;1234;0;3830;2440;1185
P194399603;P194399603_8;H;3010;0;0;4020;1206;1570
P194399603;P194399603_9;I;3830;1300;0;4810;2440;2580
P194399603;P194399603_10;J;4020;0;0;5000;1140;2580
P194399603;P194399603_11;K;4810;1300;0;5790;2440;2580
P194399603;P194399603_12;L;5000;0;0;5980;1140;2580
P194399603;P194399603_13;M;5790;1300;0;6770;2440;2580
P194399603;P194399603_14;N;5980;0;0;6960;1140;2580
P194399603;P194399603_15;O;6770;1300;0;7750;2440;2580
P194399603;P194399603_16;P;6960;0;0;7940;1140;2580
P194399603;P194399603_17;Q;7750;1234;0;8760;2440;2325
P194399603;P194399603_18;R;7940;0;0;8950;1206;970
P194399603;P194399603_19;S;8760;1300;0;9740;2440;2580
P194399603;P194399603_20;T;8950;0;0;9930;1140;1720
P194399603;P194399603_21;U;9740;1234;0;10750;2440;2510
P194399603;P194399603_22;V;9930;0;0;10940;1206;1555
P194399603;P194399603_23;W;10750;1234;0;11760;2440;2525
P194399603;P194399603_24;X;10940;0;0;11950;1206;2895
P194399603;P194399603_25;Y;11760;1234;0;12770;2440;2310
P194399603;P194399603_26;Z;11950;0;0;12960;1206;1844
Q194399603_1;Q194399603_1_1;A;0;0;0;1010;1206;770
P240067003;P240067003_1;A;0;0;0;1000;1200;2835
P240067003;P240067003_2;B;0;1240;0;1000;2440;2835
P240067003;P240067003_3;C;1000;1240;0;2000;2440;2690
P240067003;P240067003_4;D;1000;0;0;2000;1200;1345
P240067003;P240067003_5;E;2000;0;0;3000;1200;2835
P240067003;P240067003_6;F;2000;1240;0;3000;2440;2835
P240067003;P240067003_7;G;3000;1240;0;4000;2440;2835
P240067003;P240067003_8;H;3000;0;0;4000;1200;2835
P240067003;P240067003_9;I;4000;0;0;5000;1200;2835
P240067003;P240067003_10;J;4000;1240;0;5000;2440;2835
P240067003;P240067003_11;K;5000;1240;0;6000;2440;2835
P240067003;P240067003_12;L;5000;0;0;6000;1200;2835
P240067003;P240067003_13;M;6000;0;0;7000;1200;2835
P240067003;P240067003_14;N;6000;1240;0;7000;2440;2835
P240067003;P240067003_15;O;7000;1240;0;8000;2440;2835
P240067003;P240067003_16;P;7000;0;0;8000;1200;2835
P240067003;P240067003_17;Q;8000;0;0;9000;1200;2835
P240067003;P240067003_18;R;8000;1240;0;9000;2440;2835
P240067003;P240067003_19;S;9000;1240;0;10000;2440;2835
P240067003;P240067003_20;T;9000;0;0;10000;1200;2835
P240067003;P240067003_21;U;10000;0;0;11000;1200;2835
P240067003;P240067003_22;V;10000;1240;0;11000;2440;2835
P240067003;P240067003_23;W;11000;1240;0;12000;2440;2835
P240067003;P240067003_24;X;11000;0;0;12000;1200;2835
P207067001;P207067001_1;A;0;0;0;1000;1200;2835
P207067001;P207067001_2;B;0;1240;0;1000;2440;2835
P207067001;P207067001_3;C;1000;1240;0;2000;2440;2835
P207067001;P207067001_4;D;1000;0;0;2000;1200;2835
P207067001;P207067001_5;E;2000;0;0;3000;1200;2835
P207067001;P207067001_6;F;2000;1240;0;3000;2440;2835
P207067001;P207067001_7;G;3000;1240;0;4000;2440;2835
P207067001;P207067001_8;H;3000;0;0;4000;1200;2835
P207067001;P207067001_9;I;4000;0;0;5000;1200;2835
P207067001;P207067001_10;J;4000;1240;0;5000;2440;2835
P207067001;P207067001_11;K;5000;1240;0;6000;2440;2835
P207067001;P207067001_12;L;5000;0;0;6000;1200;2835
P207067001;P207067001_13;M;6000;0;0;7000;1200;2835
P207067001;P207067001_14;N;6000;1240;0;7000;2440;2835
P207067001;P207067001_15;O;7000;1240;0;8000;2440;2835
P207067001;P207067001_16;P;7000;0;0;8000;1200;2835
P207067001;P207067001_17;Q;8000;0;0;9000;1200;2835
P207067001;P207067001_18;R;8000;1240;0;9000;2440;2835
P207067001;P207067001_19;S;9000;1240;0;10000;2440;2835
P207067001;P207067001_20;T;9000;0;0;10000;1200;2835
P207067001;P207067001_21;U;10000;0;0;11000;1200;2835
P207067001;P207067001_22;V;10000;1240;0;11000;2440;2835
P207067001;P207067001_23;W;11000;1240;0;12000;2440;2835
P207067001;P207067001_24;X;11000;0;0;12000;1200;2835
P207067001;P207067001_25;Y;12000;0;0;13200;1000;2835
P207067001;P207067001_26;Z;12000;1240;0;13000;2440;2835
P205067003;P205067003_1;A;0;0;0;1000;1200;2835
P205067003;P205067003_2;B;0;1240;0;1000;2440;2835
P205067003;P205067003_3;C;1000;1240;0;2000;2440;2835
P205067003;P205067003_4;D;1000;0;0;2000;1200;2835
P205067003;P205067003_5;E;2000;0;0;3000;1200;2690
P205067003;P205067003_6;F;2000;1240;0;3000;2440;2835
P205067003;P205067003_7;G;3000;1240;0;4000;2440;2835
P205067003;P205067003_8;H;3000;0;0;4000;1200;2835
P205067003;P205067003_9;I;4000;0;0;5000;1200;2835
P205067003;P205067003_10;J;4000;1240;0;5000;2440;2835
P205067003;P205067003_11;K;5000;1240;0;6000;2440;2835
P205067003;P205067003_12;L;5000;0;0;6000;1200;2835
P205067003;P205067003_13;M;6000;0;0;7000;1200;2835
P205067003;P205067003_14;N;6000;1240;0;7000;2440;2835
P205067003;P205067003_15;O;7000;1240;0;8000;2440;2835
P205067003;P205067003_16;P;7000;0;0;8000;1200;2835
P205067003;P205067003_17;Q;8000;0;0;9000;1200;2835
P205067003;P205067003_18;R;8000;1240;0;9000;2440;2835
P205067003;P205067003_19;S;9000;1240;0;10000;2440;2835
P205067003;P205067003_20;T;9000;0;0;10000;1200;2835
P205067003;P205067003_21;U;10000;0;0;11000;1200;2835
P205067003;P205067003_22;V;10000;1240;0;11000;2440;2835
P205067003;P205067003_23;W;11000;1240;0;12000;2440;2835
P205067003;P205067003_24;X;11000;0;0;12000;1200;2835
P205067003;P205067003_25;Y;12000;0;0;13200;1000;2835
P205067003;P205067003_26;Z;12000;1240;0;13000;2440;2835
P200067001;P200067001_1;A;0;0;0;1000;1200;2835
P200067001;P200067001_2;B;0;1240;0;1000;2440;2835
P200067001;P200067001_3;C;1000;1240;0;2000;2440;2835
P200067001;P200067001_4;D;1000;0;0;2000;1200;2835
P200067001;P200067001_5;E;2000;0;0;3000;1200;2835
P200067001;P200067001_6;F;2000;1240;0;3000;2440;2835
P200067001;P200067001_7;G;3000;1240;0;4000;2440;2835
P200067001;P200067001_8;H;3000;0;0;4000;1200;2835
P200067001;P200067001_9;I;4000;0;0;5000;1200;2835
P200067001;P200067001_10;J;4000;1240;0;5000;2440;2835
P200067001;P200067001_11;K;5000;1240;0;6000;2440;2835
P200067001;P200067001_12;L;5000;0;0;6000;1200;2835
P200067001;P200067001_13;M;6000;0;0;7000;1200;2835
P200067001;P200067001_14;N;6000;1240;0;7000;2440;2835
P200067001;P200067001_15;O;7000;1240;0;8000;2440;2835
P200067001;P200067001_16;P;7000;0;0;8000;1200;2835
P200067001;P200067001_17;Q;8000;0;0;9000;1200;2835
P200067001;P200067001_18;R;8000;1240;0;9000;2440;2835
P200067001;P200067001_19;S;9000;1240;0;10000;2440;2835
P200067001;P200067001_20;T;9000;0;0;10000;1200;2835
P200067001;P200067001_21;U;10000;0;0;11000;1200;2835
P200067001;P200067001_22;V;10000;1240;0;11000;2440;2835
P200067001;P200067001_23;W;11000;1240;0;12000;2440;2835
P200067001;P200067001_24;X;11000;0;0;12000;1200;2835
P200067001;P200067001_25;Y;12000;0;0;13200;1000;2835
P200067001;P200067001_26;Z;12000;1240;0;13000;2440;2835
P198067003;P198067003_1;A;0;0;0;1000;1200;2835
P198067003;P198067003_2;B;0;1240;0;1000;2440;2835
P198067003;P198067003_3;C;1000;1240;0;2000;2440;2835
P198067003;P198067003_4;D;1000;0;0;2000;1200;2690
P198067003;P198067003_5;E;2000;0;0;3000;1200;2835
P198067003;P198067003_6;F;2000;1240;0;3000;2440;2835
P198067003;P198067003_7;G;3000;1240;0;4000;2440;2835
P198067003;P198067003_8;H;3000;0;0;4000;1200;2835
P198067003;P198067003_9;I;4000;0;0;5000;1200;2835
P198067003;P198067003_10;J;4000;1240;0;5000;2440;2835
P198067003;P198067003_11;K;5000;1240;0;6000;2440;2835
P198067003;P198067003_12;L;5000;0;0;6000;1200;2835
P198067003;P198067003_13;M;6000;0;0;7000;1200;2835
P198067003;P198067003_14;N;6000;1240;0;7000;2440;2835
P198067003;P198067003_15;O;7000;1240;0;8000;2440;2835
P198067003;P198067003_16;P;7000;0;0;8000;1200;2835
P198067003;P198067003_17;Q;8000;0;0;9000;1200;2835
P198067003;P198067003_18;R;8000;1240;0;9000;2440;2835
P198067003;P198067003_19;S;9000;1240;0;10000;2440;2835
P198067003;P198067003_20;T;9000;0;0;10000;1200;2835
P198067003;P198067003_21;U;10000;0;0;11000;1200;2835
P198067003;P198067003_22;V;10000;1240;0;11000;2440;2835
P198067003;P198067003_23;W;11000;1240;0;12000;2440;2835
P198067003;P198067003_24;X;11000;0;0;12000;1200;2835
P198067003;P198067003_25;Y;12000;0;0;13200;1000;2835
P198067003;P198067003_26;Z;12000;1240;0;13000;2440;2835
P193067001;P193067001_1;A;0;0;0;1000;1200;2835
P193067001;P193067001_2;B;0;1240;0;1000;2440;2835
P193067001;P193067001_3;C;1000;1240;0;2000;2440;2835
P193067001;P193067001_4;D;1000;0;0;2000;1200;2835
P193067001;P193067001_5;E;2000;0;0;3000;1200;2835
P193067001;P193067001_6;F;2000;1240;0;3000;2440;2835
P193067001;P193067001_7;G;3000;1240;0;4000;2440;2835
P193067001;P193067001_8;H;3000;0;0;4000;1200;2835
P193067001;P193067001_9;I;4000;0;0;5000;1200;2835
P193067001;P193067001_10;J;4000;1240;0;5000;2440;2835
P193067001;P193067001_11;K;5000;1240;0;6000;2440;2835
P193067001;P193067001_12;L;5000;0;0;6000;1200;2835
P193067001;P193067001_13;M;6000;0;0;7000;1200;2835
P193067001;P193067001_14;N;6000;1240;0;7000;2440;2835
P193067001;P193067001_15;O;7000;1240;0;8000;2440;2835
P193067001;P193067001_16;P;7000;0;0;8000;1200;2835
P193067001;P193067001_17;Q;8000;0;0;9000;1200;2835
P193067001;P193067001_18;R;8000;1240;0;9000;2440;2835
P193067001;P193067001_19;S;9000;1240;0;10000;2440;2835
P193067001;P193067001_20;T;9000;0;0;10000;1200;2835
P193067001;P193067001_21;U;10000;0;0;11000;1200;2835
P193067001;P193067001_22;V;10000;1240;0;11000;2440;2835
P193067001;P193067001_23;W;11000;1240;0;12000;2440;2835
P193067001;P193067001_24;X;11000;0;0;12000;1200;2835
P193067001;P193067001_25;Y;12000;0;0;13200;1000;2835
P191067003;P191067003_1;A;0;0;0;1000;1200;2835
P191067003;P191067003_2;B;0;1240;0;1000;2440;2835
P191067003;P191067003_3;C;1000;1240;0;2000;2440;2835
P191067003;P191067003_4;D;1000;0;0;2000;1200;1345
P191067003;P191067003_5;E;2000;0;0;3000;1200;2835
P191067003;P191067003_6;F;2000;1240;0;3000;2440;2835
P191067003;P191067003_7;G;3000;1240;0;4000;2440;2835
P191067003;P191067003_8;H;3000;0;0;4000;1200;2835
P191067003;P191067003_9;I;4000;0;0;5000;1200;2835
P191067003;P191067003_10;J;4000;1240;0;5000;2440;2835
P191067003;P191067003_11;K;5000;1240;0;6000;2440;2835
P191067003;P191067003_12;L;5000;0;0;6000;1200;2835
P191067003;P191067003_13;M;6000;0;0;7000;1200;2835
P191067003;P191067003_14;N;6000;1240;0;7000;2440;2835
P191067003;P191067003_15;O;7000;1240;0;8000;2440;2835
P191067003;P191067003_16;P;7000;0;0;8000;1200;2835
P191067003;P191067003_17;Q;8000;0;0;9000;1200;2835
P191067003;P191067003_18;R;8000;1240;0;9000;2440;2835
P191067003;P191067003_19;S;9000;1240;0;10000;2440;2835
P191067003;P191067003_20;T;9000;0;0;10000;1200;2835
P191067003;P191067003_21;U;10000;0;0;11000;1200;2835
P191067003;P191067003_22;V;10000;1240;0;11000;2440;2835
P191067003;P191067003_23;W;11000;1240;0;12000;2440;2835
P191067003;P191067003_24;X;11000;0;0;12000;1200;2835
P188067001;P188067001_1;A;0;0;0;1000;1200;2835
P188067001;P188067001_2;B;0;1240;0;1000;2440;2835
P188067001;P188067001_3;C;1000;1240;0;2000;2440;2835
P188067001;P188067001_4;D;1000;0;0;2000;1200;2835
P188067001;P188067001_5;E;2000;0;0;3000;1200;2835
P188067001;P188067001_6;F;2000;1240;0;3000;2440;2835
P188067001;P188067001_7;G;3000;1240;0;4000;2440;2835
P188067001;P188067001_8;H;3000;0;0;4000;1200;2835
P188067001;P188067001_9;I;4000;0;0;5000;1200;2835
P188067001;P188067001_10;J;4000;1240;0;5000;2440;2835
P188067001;P188067001_11;K;5000;1240;0;6000;2440;2835
P188067001;P188067001_12;L;5000;0;0;6000;1200;2835
P186067001;P186067001_1;A;0;0;0;1000;1200;2835
P186067001;P186067001_2;B;0;1240;0;1000;2440;2835
P186067001;P186067001_3;C;1000;1240;0;2000;2440;2835
P186067001;P186067001_4;D;1000;0;0;2000;1200;2835
P186067001;P186067001_5;E;2000;0;0;3000;1200;2835
P186067001;P186067001_6;F;2000;1240;0;3000;2440;2835
P186067001;P186067001_7;G;3000;1240;0;4000;2440;2835
P186067001;P186067001_8;H;3000;0;0;4000;1200;2835
P186067001;P186067001_9;I;4000;0;0;5000;1200;2835
P186067001;P186067001_10;J;4000;1240;0;5000;2440;2835
P186067001;P186067001_11;K;5000;1240;0;6000;2440;2835
P186067001;P186067001_12;L;5000;0;0;6000;1200;2835
P186067001;P186067001_13;M;6000;0;0;7000;1200;2835
P186067001;P186067001_14;N;6000;1240;0;7000;2440;2835
P186067001;P186067001_15;O;7000;1240;0;8000;2440;2835
P186067001;P186067001_16;P;7000;0;0;8000;1200;2835
P186067001;P186067001_17;Q;8000;0;0;9000;1200;2835
P186067001;P186067001_18;R;8000;1240;0;9000;2440;2835
P186067001;P186067001_19;S;9000;1240;0;10000;2440;2835
P186067001;P186067001_20;T;9000;0;0;10000;1200;2835
P207162201;P207162201_1;A;0;0;0;1000;1200;2700
P207162201;P207162201_2;B;0;1240;0;1000;2440;2700
P207162201;P207162201_3;C;1000;1240;0;2000;2440;1815
P207162201;P207162201_4;D;1000;0;0;2000;1200;2700
P207162201;P207162201_5;E;2000;0;0;3000;1200;930
P207162201;P207162201_6;F;2000;1240;0;3000;2440;2700
P207162201;P207162201_7;G;3000;1240;0;4000;2440;2700
P207162201;P207162201_8;H;3000;0;0;4000;1200;1815
P207162201;P207162201_9;I;4000;0;0;5000;1200;2835
P207162201;P207162201_10;J;4000;1240;0;5000;2440;2835
P207162201;P207162201_11;K;5000;1240;0;6000;2440;2835
P207162201;P207162201_12;L;5000;0;0;6000;1200;2835
P207162201;P207162201_13;M;6000;0;0;7000;1200;2835
P207162201;P207162201_14;N;6000;1240;0;7000;2440;2835
P207162201;P207162201_15;O;7000;1240;0;8000;2440;2835
P207162201;P207162201_16;P;7000;0;0;8000;1200;1905
P193162201;P193162201_1;A;0;1240;0;1000;2440;2700
P193162201;P193162201_2;B;0;0;0;1000;1200;2700
P193162201;P193162201_3;C;1000;0;0;2000;1200;2700
P193162201;P193162201_4;D;1000;1240;0;2000;2440;2700
P193162201;P193162201_5;E;2000;1240;0;3000;2440;2700
P193162201;P193162201_6;F;2000;0;0;3000;1200;2700
P193162201;P193162201_7;G;3000;0;0;4000;1200;2700
P193162201;P193162201_8;H;3000;1240;0;4000;2440;1815
P193162201;P193162201_9;I;4000;1240;0;5000;2440;2700
P193162201;P193162201_10;J;4000;0;0;5000;1200;2700
P193162201;P193162201_11;K;5000;0;0;6000;1200;2835
P193162201;P193162201_12;L;5000;1240;0;6000;2440;2835
P193162201;P193162201_13;M;6000;1240;0;7000;2440;2835
P193162201;P193162201_14;N;6000;0;0;7000;1200;2835
P193162201;P193162201_15;O;7000;0;0;8000;1200;2835
P193162201;P193162201_16;P;7000;1240;0;8000;2440;2835
P193162201;P193162201_17;Q;8000;1240;0;9000;2440;2835
P193162201;P193162201_18;R;8000;0;0;9000;1200;2835
P193162201;P193162201_19;S;9000;0;0;10000;1200;2835
P193162201;P193162201_20;T;9000;1240;0;10000;2440;2835
P193162201;P193162201_21;U;10000;1240;0;11000;2440;2835
P193162201;P193162201_22;V;10000;0;0;11000;1200;2835
P193162201;P193162201_23;W;11000;0;0;12000;1200;2835
P193162201;P193162201_24;X;11000;1240;0;12000;2440;2835
P193162201;P193162201_25;Y;12000;1440;0;13200;2440;2835
P193162201;P193162201_26;Z;12000;0;0;13000;1200;2835
P186162201;P186162201_1;A;0;0;0;1000;1200;1815
P186162201;P186162201_2;B;0;1240;0;1000;2440;930
P186162201;P186162201_3;C;1000;1240;0;2000;2440;2700
P186162201;P186162201_4;D;1000;0;0;2000;1200;2700
P186162201;P186162201_5;E;2000;0;0;3000;1200;1815
P186162201;P186162201_6;F;2000;1240;0;3000;2440;2835
P186162201;P186162201_7;G;3000;1240;0;4000;2440;2835
P186162201;P186162201_8;H;3000;0;0;4000;1200;2835
P186162201;P186162201_9;I;4000;0;0;5000;1200;2835
P186162201;P186162201_10;J;4000;1240;0;5000;2440;2835
P186162201;P186162201_11;K;5000;1240;0;6000;2440;2835
P186162201;P186162201_12;L;5000;0;0;6000;1200;2835
P186162201;P186162201_13;M;6000;0;0;7000;1200;2835
P186162201;P186162201_14;N;6000;1240;0;7000;2440;2835
P186162201;P186162201_15;O;7000;1240;0;8000;2440;2835
P178219401;P178219401_1;A;0;0;0;1000;1200;2835
P178219401;P178219401_2;B;0;1240;0;1000;2440;2835
P178219401;P178219401_3;C;1000;1240;0;2000;2440;2835
P178219401;P178219401_4;D;1000;0;0;2000;1200;2835
P178219401;P178219401_5;E;2000;0;0;3000;1200;2835
P178219401;P178219401_6;F;2000;1240;0;3000;2440;2835
P178219401;P178219401_7;G;3000;1240;0;4000;2440;2835
P178219401;P178219401_8;H;3000;0;0;4000;1200;2835
P178219401;P178219401_9;I;4000;0;0;5000;1200;2835
P178219401;P178219401_10;J;4000;1240;0;5000;2440;2835
P178219401;P178219401_11;K;5000;1240;0;6000;2440;2835
P178219401;P178219401_12;L;5000;0;0;6000;1200;2835
P178219401;P178219401_13;M;6000;0;0;7000;1200;2835
P178219401;P178219401_14;N;6000;1240;0;7000;2440;2835
P178219401;P178219401_15;O;7000;1240;0;8000;2440;2835
P178219401;P178219401_16;P;7000;0;0;8000;1200;2835
P178219401;P178219401_17;Q;8000;0;0;9000;1200;2835
P178219401;P178219401_18;R;8000;1240;0;9000;2440;2835
P178219401;P178219401_19;S;9000;1240;0;10000;2440;2835
P178219401;P178219401_20;T;9000;0;0;10000;1200;2835
P178219401;P178219401_21;U;10000;0;0;11000;1200;2835
P178219401;P178219401_22;V;10000;1240;0;11000;2440;2835
P178219401;P178219401_23;W;11000;1240;0;12000;2440;2835
P178219401;P178219401_24;X;11000;0;0;12000;1200;2835
P178219401;P178219401_25;Y;12000;0;0;13200;1000;2835
P178219401;P178219401_26;Z;12000;1240;0;13000;2440;2835
P174219401;P174219401_1;A;0;0;0;1000;1200;2835
P174219401;P174219401_2;B;0;1240;0;1000;2440;2835
P174219401;P174219401_3;C;1000;1240;0;2000;2440;2835
P174219401;P174219401_4;D;1000;0;0;2000;1200;2835
P174219401;P174219401_5;E;2000;0;0;3000;1200;2835
P174219401;P174219401_6;F;2000;1240;0;3000;2440;2835
P174219401;P174219401_7;G;3000;1240;0;4000;2440;2835
P174219401;P174219401_8;H;3000;0;0;4000;1200;2835
P174219401;P174219401_9;I;4000;0;0;5000;1200;2835
P174219401;P174219401_10;J;4000;1240;0;5000;2440;2835
P174219401;P174219401_11;K;5000;1240;0;6000;2440;2835
P174219401;P174219401_12;L;5000;0;0;6000;1200;2835
P174219401;P174219401_13;M;6000;0;0;7000;1200;2835
P174219401;P174219401_14;N;6000;1240;0;7000;2440;2835
P174219401;P174219401_15;O;7000;1240;0;8000;2440;2835
P174219401;P174219401_16;P;7000;0;0;8000;1200;2835
P174219401;P174219401_17;Q;8000;0;0;9000;1200;2835
P174219401;P174219401_18;R;8000;1240;0;9000;2440;2835
P174219401;P174219401_19;S;9000;1240;0;10000;2440;2835
P174219401;P174219401_20;T;9000;0;0;10000;1200;2835
P174219401;P174219401_21;U;10000;0;0;11000;1200;2835
P174219401;P174219401_22;V;10000;1240;0;11000;2440;2835
P174219401;P174219401_23;W;11000;1240;0;12000;2440;2835
P174219401;P174219401_24;X;11000;0;0;12000;1200;2835
P174219401;P174219401_25;Y;12000;0;0;13200;1000;2835
P174219401;P174219401_26;Z;12000;1240;0;13000;2440;2835
P172232803;P172232803_1;A;0;0;0;1010;1206;2932
P172232803;P172232803_2;B;0;1234;0;1010;2440;2932
P172232803;P172232803_3;C;1010;1234;0;2020;2440;2362
P172232803;P172232803_4;D;1010;0;0;2020;1206;2362
P172232803;P172232803_5;E;2020;0;0;3030;1206;2362
P172232803;P172232803_6;F;2020;1234;0;3030;2440;2362
P172232803;P172232803_7;G;3030;1234;0;4040;2440;2362
P172232803;P172232803_8;H;3030;0;0;4040;1206;2362
P172232803;P172232803_9;I;4040;0;0;5050;1206;2362
P172232803;P172232803_10;J;4040;1234;0;5050;2440;2362
P172232803;P172232803_11;K;5050;1234;0;6060;2440;2362
P172232803;P172232803_12;L;5050;0;0;6060;1206;2362
P172232803;P172232803_13;M;6060;0;0;7060;1200;270
P172232803;P172232803_14;N;6060;1234;0;7070;2440;2362
P172232803;P172232803_15;O;7060;0;0;8060;1200;2835
P172232803;P172232803_16;P;7070;1240;0;8070;2440;2835
P172232803;P172232803_17;Q;8060;0;0;9060;1200;2835
P172232803;P172232803_18;R;8070;1240;0;9070;2440;2835
P172232803;P172232803_19;S;9060;0;0;10060;1200;2835
P172232803;P172232803_20;T;9070;1240;0;10070;2440;2835
P172232803;P172232803_21;U;10060;0;0;11060;1200;2835
P172232803;P172232803_22;V;10070;1240;0;11070;2440;2835
P172232803;P172232803_23;W;11060;0;0;12060;1200;2835
P172232803;P172232803_24;X;11070;1240;0;12070;2440;2835
P172232803;P172232803_25;Y;12060;0;0;13060;1200;2835
P172232803;P172232803_26;Z;12070;1240;0;13070;2440;2835
Q172232803_1;Q172232803_1_1;A;0;0;0;1000;1200;2835
Q172232803_1;Q172232803_1_2;B;0;1240;0;1000;2440;2835
Q172232803_1;Q172232803_1_3;C;1000;1240;0;2000;2440;2835
Q172232803_1;Q172232803_1_4;D;1000;0;0;2000;1200;2835
Q172232803_1;Q172232803_1_5;E;2000;0;0;3000;1200;2835
Q172232803_1;Q172232803_1_6;F;2000;1240;0;3000;2440;2835
Q172232803_1;Q172232803_1_7;G;3000;1240;0;4000;2440;2835
Q172232803_1;Q172232803_1_8;H;3000;0;0;4000;1200;2835
Q172232803_1;Q172232803_1_9;I;4000;0;0;5000;1200;2835
Q172232803_1;Q172232803_1_10;J;4000;1240;0;5000;2440;2835
Q172232803_1;Q172232803_1_11;K;5000;1240;0;6000;2440;2835
Q172232803_1;Q172232803_1_12;L;5000;0;0;6000;1200;2835
Q172232803_1;Q172232803_1_13;M;6000;0;0;7000;1200;2835
Q172232803_1;Q172232803_1_14;N;6000;1240;0;7000;2440;2835
P173399603;P173399603_1;A;0;0;0;1010;1206;2310
P173399603;P173399603_2;B;0;1240;0;1000;2440;395
P173399603;P173399603_3;C;1000;1240;0;2000;2440;670
P173399603;P173399603_4;D;1010;0;0;2010;1200;2646
P173399603;P173399603_5;E;2000;1234;0;3010;2440;1540
P173399603;P173399603_6;F;2010;0;0;3010;1200;294
P173399603;P173399603_7;G;3010;1234;0;4020;2440;2510
P173399603;P173399603_8;H;3010;0;0;4020;1206;1185
P173399603;P173399603_9;I;4020;0;0;5030;1206;2510
P173399603;P173399603_10;J;4020;1234;0;5030;2440;1570
P173399603;P173399603_11;K;5030;1234;0;6040;2440;385
P173399603;P173399603_12;L;5030;0;0;6040;1206;970
P173399603;P173399603_13;M;6040;0;0;7050;1206;2710
P173399603;P173399603_14;N;6040;1234;0;7050;2440;485
P173399603;P173399603_15;O;7050;1300;0;8030;2440;2580
P173399603;P173399603_16;P;7050;0;0;8060;1206;385
P173399603;P173399603_17;Q;8030;1234;0;9040;2440;2525
P173399603;P173399603_18;R;8060;0;0;9070;1206;1555
P173399603;P173399603_19;S;9040;1300;0;10020;2440;2580
P173399603;P173399603_20;T;9070;0;0;10050;1140;2580
P173399603;P173399603_21;U;10020;1234;0;11030;2440;2325
P173399603;P173399603_22;V;10050;0;0;11060;1206;1155
P173399603;P173399603_23;W;11030;1300;0;12010;2440;2580
P173399603;P173399603_24;X;11060;0;0;12040;1140;2580
P173399603;P173399603_25;Y;12010;1300;0;12990;2440;2580
P173399603;P173399603_26;Z;12040;0;0;13020;1140;2580
Q173399603_1;Q173399603_1_1;A;0;0;0;980;1140;860
P199399613;P199399613_1;A;0;1234;0;1010;2440;385
P199399613;P199399613_2;B;0;0;0;1000;1200;975
P199399613;P199399613_3;C;1000;0;0;1570;780;478
P199399613;P199399613_4;D;1010;1234;0;2020;2440;1155
P199399613;P199399613_5;E;1570;0;0;2580;1206;1925
P199399613;P199399613_6;F;2020;1234;0;3030;2440;2362
P199399613;P199399613_7;G;2580;0;0;3590;1206;1181
P199399613;P199399613_8;H;3030;1234;0;4040;2440;2370
P199399613;P199399613_9;I;3590;0;0;4600;1206;2370
P199399613;P199399613_10;J;4040;1234;0;5050;2440;2370
P199399613;P199399613_11;K;4600;0;0;5610;1206;2755
P199399613;P199399613_12;L;5050;1234;0;6060;2440;1185
P199399613;P199399613_13;M;5610;0;0;6610;1200;2340
P199399613;P199399613_14;N;6060;1660;0;6630;2440;909
P199399613;P199399613_15;O;6610;0;0;7610;1200;1455
P199399613;P199399613_16;P;6630;1240;0;7630;2440;1455
P199399613;P199399613_17;Q;7610;0;0;8180;780;478
P199399613;P199399613_18;R;7630;780;0;8200;1560;478
P199399613;P199399613_19;S;7630;1660;0;8200;2440;1771
P199399613;P199399613_20;T;8180;0;0;8750;780;1771
P199399613;P199399613_21;U;8200;780;0;8800;1580;1596
P199399613;P199399613_22;V;8200;1660;0;8770;2440;1771
P199399613;P199399613_23;W;8750;0;0;9320;780;1771
P199399613;P199399613_24;X;8770;1660;0;9340;2440;1771
P199399613;P199399613_25;Y;8800;780;0;9370;1560;1771
P199399613;P199399613_26;Z;9320;0;0;9890;780;1340
P199399613;P199399613_27;AA;9340;1660;0;9910;2440;1771
P199399613;P199399613_28;AB;9370;780;0;9940;1560;1771
P199399613;P199399613_29;AC;9890;0;0;10460;780;1771
P199399613;P199399613_30;AD;9910;1660;0;10480;2440;1340
P199399613;P199399613_31;AE;9940;780;0;10510;1560;478
P199399613;P199399613_32;AF;10460;0;0;11030;780;478
P199399613;P199399613_33;AG;10480;1660;0;11050;2440;478
P199399613;P199399613_34;AH;11030;0;0;12040;1206;1925
P199399613;P199399613_35;AI;11050;1234;0;12060;2440;2555
P199399613;P199399613_36;AJ;12040;0;0;13050;1206;2170
P199399613;P199399613_37;AK;12060;1234;0;13070;2440;385
Q199399613_1;Q199399613_1_1;A;0;0;0;1000;1200;345
Q199399613_1;Q199399613_1_2;B;0;1234;0;1010;2440;2370
Q199399613_1;Q199399613_1_3;C;1000;0;0;2010;1206;2370
Q199399613_1;Q199399613_1_4;D;1010;1234;0;2020;2440;2370
Q199399613_1;Q199399613_1_5;E;2010;0;0;3020;1206;1185
Q199399613_1;Q199399613_1_6;F;2020;1234;0;3030;2440;1170
Q199399613_1;Q199399613_1_7;G;3020;0;0;4030;1206;2510
Q199399613_1;Q199399613_1_8;H;3030;1234;0;4040;2440;785
Q199399613_1;Q199399613_1_9;I;4030;0;0;5040;1206;2370
Q199399613_1;Q199399613_1_10;J;4040;1234;0;5050;2440;2370
Q199399613_1;Q199399613_1_11;K;5040;0;0;6050;1206;1540
P206399613;P206399613_1;A;0;0;0;1010;1206;385
P206399613;P206399613_2;B;0;1240;0;1000;2440;1905
P206399613;P206399613_3;C;1000;1660;0;1570;2440;478
P206399613;P206399613_4;D;1010;0;0;2020;1206;1155
P206399613;P206399613_5;E;1570;1234;0;2580;2440;2336
P206399613;P206399613_6;F;2020;0;0;3030;1206;2362
P206399613;P206399613_7;G;2580;1234;0;3590;2440;485
P206399613;P206399613_8;H;3030;0;0;4040;1206;2370
P206399613;P206399613_9;I;3590;1234;0;4600;2440;2370
P206399613;P206399613_10;J;4040;0;0;5050;1206;1955
P206399613;P206399613_11;K;4600;1234;0;5610;2440;2370
P206399613;P206399613_12;L;5050;0;0;6060;1206;2370
P206399613;P206399613_13;M;5610;1660;0;6180;2440;1340
P206399613;P206399613_14;N;6060;0;0;7060;1200;2340
P206399613;P206399613_15;O;6180;1240;0;7180;2440;1455
P206399613;P206399613_16;P;7060;0;0;8060;1200;750
P206399613;P206399613_17;Q;7180;1660;0;7750;2440;478
P206399613;P206399613_18;R;7750;1660;0;8320;2440;478
P206399613;P206399613_19;S;8060;0;0;8630;780;1771
P206399613;P206399613_20;T;8060;780;0;8660;1580;2114
P206399613;P206399613_21;U;8320;1660;0;8890;2440;1340
P206399613;P206399613_22;V;8630;0;0;9200;780;1771
P206399613;P206399613_23;W;8660;780;0;9230;1560;1771
P206399613;P206399613_24;X;8890;1660;0;9460;2440;1771
P206399613;P206399613_25;Y;9200;0;0;9770;780;1771
P206399613;P206399613_26;Z;9230;780;0;9830;1580;1596
P206399613;P206399613_27;AA;9460;1660;0;10030;2440;1771
P206399613;P206399613_28;AB;9770;0;0;10340;780;1771
P206399613;P206399613_29;AC;9830;780;0;10400;1560;1771
P206399613;P206399613_30;AD;10030;1660;0;10600;2440;909
P206399613;P206399613_31;AE;10340;0;0;10910;780;478
P206399613;P206399613_32;AF;10400;780;0;10970;1560;478
P206399613;P206399613_33;AG;10600;1660;0;11170;2440;478
P206399613;P206399613_34;AH;10970;0;0;11980;1206;2525
P206399613;P206399613_35;AI;11170;1234;0;12180;2440;2370
P206399613;P206399613_36;AJ;11980;0;0;12990;1206;2370
P206399613;P206399613_37;AK;12180;1430;0;13386;2440;2370
Q206399613_1;Q206399613_1_1;A;0;0;0;1000;1200;345
Q206399613_1;Q206399613_1_2;B;0;1240;0;1000;2440;345
Q206399613_1;Q206399613_1_3;C;1000;1234;0;2010;2440;2370
Q206399613_1;Q206399613_1_4;D;1000;0;0;2010;1206;2370
Q206399613_1;Q206399613_1_5;E;2010;0;0;3020;1206;785
Q206399613_1;Q206399613_1_6;F;2010;1234;0;3020;2440;2170
Q206399613_1;Q206399613_1_7;G;3020;1234;0;4030;2440;2540
Q206399613_1;Q206399613_1_8;H;3020;0;0;4030;1206;2525
Q206399613_1;Q206399613_1_9;I;4030;0;0;5040;1206;1540
P199399901;P199399901_1;A;0;0;0;1600;1200;1955
P199399901;P199399901_2;B;0;1240;0;1600;2440;1955
P199399901;P199399901_3;C;1600;1240;0;3200;2440;1955
P199399901;P199399901_4;D;1600;0;0;2610;1206;2540
P199399901;P199399901_5;E;2610;0;0;3610;1200;1905
P199399901;P199399901_6;F;3200;1240;0;4200;2440;1815
P199399901;P199399901_7;G;3610;0;0;4610;1200;1905
P199399901;P199399901_8;H;4200;1240;0;5200;2440;1905
P199399901;P199399901_9;I;4610;0;0;5610;1200;1905
P199399901;P199399901_10;J;5200;1240;0;6200;2440;1905
P199399901;P199399901_11;K;5610;0;0;6620;1206;2425
P199399901;P199399901_12;L;6200;1234;0;7210;2440;1355
P199399901;P199399901_13;M;6620;0;0;7630;1206;1925
P199399901;P199399901_14;N;7210;1234;0;8220;2440;1925
P199399901;P199399901_15;O;7630;0;0;8640;1206;2425
P199399901;P199399901_16;P;8220;1234;0;9230;2440;770
P199399901;P199399901_17;Q;8640;0;0;9640;1200;1780
P199399901;P199399901_18;R;9230;1234;0;10240;2440;970
P199399901;P199399901_19;S;9640;0;0;10650;1206;2425
P199399901;P199399901_20;T;10240;1234;0;11250;2440;1455
P199399901;P199399901_21;U;10650;0;0;11660;1206;2310
P199399901;P199399901_22;V;11250;1234;0;12260;2440;2425
P199399901;P199399901_23;W;11660;0;0;12670;1206;1455
P199399901;P199399901_24;X;12260;1234;0;13270;2440;2310
Q199399901_1;Q199399901_1_1;A;0;0;0;1010;1206;1925
Q199399901_1;Q199399901_1_2;B;0;1234;0;1010;2440;1540
Q199399901_1;Q199399901_1_3;C;1010;1234;0;2020;2440;385
Q199399901_1;Q199399901_1_4;D;1010;0;0;2020;1206;1940
Q199399901_1;Q199399901_1_5;E;2020;0;0;3030;1206;385
Q199399901_1;Q199399901_1_6;F;2020;1234;0;3030;2440;1155
Q199399901_1;Q199399901_1_7;G;3030;1234;0;4040;2440;385
Q199399901_1;Q199399901_1_8;H;3030;0;0;4040;1206;1255
Q199399901_1;Q199399901_1_9;I;4040;0;0;5050;1206;385
Q199399901_1;Q199399901_1_10;J;4040;1234;0;5050;2440;1925
Q199399901_1;Q199399901_1_11;K;5050;1240;0;6050;2440;1035
Q199399901_1;Q199399901_1_12;L;5050;0;0;6060;1206;1155
Q199399901_1;Q199399901_1_13;M;6050;1234;0;7060;2440;2310
Q199399901_1;Q199399901_1_14;N;6060;0;0;7070;1206;1925
P206399901;P206399901_1;A;0;1240;0;1600;2440;1955
P206399901;P206399901_2;B;0;0;0;1600;1200;1955
P206399901;P206399901_3;C;1600;0;0;3200;1200;1955
P206399901;P206399901_4;D;1600;1240;0;2600;2440;1905
P206399901;P206399901_5;E;2600;1240;0;3600;2440;1905
P206399901;P206399901_6;F;3200;0;0;4200;1200;1905
P206399901;P206399901_7;G;3600;1240;0;4600;2440;1905
P206399901;P206399901_8;H;4200;0;0;5200;1200;1025
P206399901;P206399901_9;I;4600;1234;0;5610;2440;2055
P206399901;P206399901_10;J;5200;0;0;6200;1200;975
P206399901;P206399901_11;K;5610;1234;0;6620;2440;2425
P206399901;P206399901_12;L;6200;0;0;7200;1200;1815
P206399901;P206399901_13;M;6620;1234;0;7630;2440;1455
P206399901;P206399901_14;N;7200;0;0;8210;1206;1925
P206399901;P206399901_15;O;7630;1234;0;8640;2440;2310
P206399901;P206399901_16;P;8210;0;0;9220;1206;1940
P206399901;P206399901_17;Q;8640;1234;0;9650;2440;2310
P206399901;P206399901_18;R;9220;0;0;10230;1206;1940
P206399901;P206399901_19;S;9650;1234;0;10660;2440;1355
P206399901;P206399901_20;T;10230;0;0;11240;1206;1155
P206399901;P206399901_21;U;10660;1234;0;11670;2440;1940
P206399901;P206399901_22;V;11240;0;0;12250;1206;1155
P206399901;P206399901_23;W;11670;1234;0;12680;2440;1925
P206399901;P206399901_24;X;12250;0;0;13260;1206;2425
Q206399901_1;Q206399901_1_1;A;0;0;0;1010;1206;2225
Q206399901_1;Q206399901_1_2;B;0;1234;0;1010;2440;770
Q206399901_1;Q206399901_1_3;C;1010;1234;0;2020;2440;385
Q206399901_1;Q206399901_1_4;D;1010;0;0;2020;1206;385
Q206399901_1;Q206399901_1_5;E;2020;0;0;3030;1206;385
Q206399901_1;Q206399901_1_6;F;2020;1234;0;3030;2440;770
Q206399901_1;Q206399901_1_7;G;3030;1234;0;4040;2440;970
Q206399901_1;Q206399901_1_8;H;3030;0;0;4040;1206;385
Q206399901_1;Q206399901_1_9;I;4040;0;0;5050;1206;2310
Q206399901_1;Q206399901_1_10;J;4040;1240;0;5040;2440;1780
Q206399901_1;Q206399901_1_11;K;5040;1234;0;6050;2440;385
Q206399901_1;Q206399901_1_12;L;5050;0;0;6060;1206;770
Q206399901_1;Q206399901_1_13;M;6050;1240;0;7050;2440;1035
Q206399901_1;Q206399901_1_14;N;6060;0;0;7070;1206;385
Q206399901_1;Q206399901_1_15;O;7050;1234;0;8060;2440;1925
P187399603;P187399603_1;A;0;1234;0;1010;2440;1155
P187399603;P187399603_2;B;0;0;0;1000;1200;790
P187399603;P187399603_3;C;1000;0;0;2010;1206;1925
P187399603;P187399603_4;D;1010;1240;0;2010;2440;2058
P187399603;P187399603_5;E;2010;0;0;3010;1200;670
P187399603;P187399603_6;F;2010;1234;0;3020;2440;385
P187399603;P187399603_7;G;3010;0;0;3990;1140;2580
P187399603;P187399603_8;H;3020;1234;0;4030;2440;1185
P187399603;P187399603_9;I;3990;0;0;5000;1206;2695
P187399603;P187399603_10;J;4030;1234;0;5040;2440;2895
P187399603;P187399603_11;K;5000;0;0;5980;1140;2580
P187399603;P187399603_12;L;5040;1234;0;6050;2440;1383
P187399603;P187399603_13;M;5980;0;0;6960;1140;2580
P187399603;P187399603_14;N;6050;1234;0;7060;2440;970
P187399603;P187399603_15;O;6960;0;0;7970;1206;2510
P187399603;P187399603_16;P;7060;1234;0;8070;2440;770
P187399603;P187399603_17;Q;7970;0;0;8950;1140;2580
P187399603;P187399603_18;R;8070;1300;0;9050;2440;2580
P187399603;P187399603_19;S;8950;0;0;9960;1206;2140
P187399603;P187399603_20;T;9050;1234;0;10060;2440;1755
P187399603;P187399603_21;U;9960;0;0;10940;1140;2580
P187399603;P187399603_22;V;10060;1300;0;11040;2440;2580
P187399603;P187399603_23;W;10940;0;0;11920;1140;2580
P187399603;P187399603_24;X;11040;1234;0;12050;2440;485
P187399603;P187399603_25;Y;11920;0;0;12930;1206;2525
P187399603;P187399603_26;Z;12050;1234;0;13060;2440;2325
P177291003;P177291003_1;A;0;0;0;1010;1206;2370
P177291003;P177291003_2;B;0;1234;0;1010;2440;2370
P177291003;P177291003_3;C;1010;1234;0;2020;2440;1185
P177291003;P177291003_4;D;1010;0;0;2010;1200;2700
P177291003;P177291003_5;E;2010;0;0;3010;1200;2700
P177291003;P177291003_6;F;2020;1240;0;3020;2440;2700
P177291003;P177291003_7;G;3010;0;0;4010;1200;2700
P177291003;P177291003_8;H;3020;1240;0;4020;2440;2700
P177291003;P177291003_9;I;4010;0;0;5010;1200;2700
P177291003;P177291003_10;J;4020;1234;0;5030;2440;2362
P177291003;P177291003_11;K;5010;0;0;6020;1206;2362
P177291003;P177291003_12;L;5030;1234;0;6040;2440;2362
P177291003;P177291003_13;M;6020;0;0;7030;1206;2362
P177291003;P177291003_14;N;6040;1234;0;7050;2440;2362
P177291003;P177291003_15;O;7030;0;0;8040;1206;2362
P177291003;P177291003_16;P;7050;1234;0;8060;2440;2362
P177291003;P177291003_17;Q;8040;0;0;9050;1206;2362
P177291003;P177291003_18;R;8060;1234;0;9070;2440;2362
P177291003;P177291003_19;S;9050;0;0;10060;1206;2362
P177291003;P177291003_20;T;9070;1234;0;10080;2440;2362
P177291003;P177291003_21;U;10060;0;0;11070;1206;2362
P177291003;P177291003_22;V;10080;1234;0;11090;2440;2362
P177291003;P177291003_23;W;11070;0;0;12080;1206;2362
P177291003;P177291003_24;X;11090;1234;0;12100;2440;2755
P177291003;P177291003_25;Y;12080;0;0;13090;1206;2370
P177291003;P177291003_26;Z;12100;1234;0;13110;2440;1185
Q177291003_1;Q177291003_1_1;A;0;0;0;1010;1206;2170
Q177291003_1;Q177291003_1_2;B;0;1234;0;1010;2440;2170
Q177291003_1;Q177291003_1_3;C;1010;1234;0;2020;2440;2170
Q177291003_1;Q177291003_1_4;D;1010;0;0;2020;1206;2170
Q177291003_1;Q177291003_1_5;E;2020;0;0;3030;1206;2170
Q177291003_1;Q177291003_1_6;F;2020;1234;0;3030;2440;2170
Q177291003_1;Q177291003_1_7;G;3030;1234;0;4040;2440;2170
Q177291003_1;Q177291003_1_8;H;3030;0;0;4040;1206;2170
Q177291003_1;Q177291003_1_9;I;4040;0;0;5050;1206;2170
Q177291003_1;Q177291003_1_10;J;4040;1234;0;5050;2440;2170
Q177291003_1;Q177291003_1_11;K;5050;1234;0;6060;2440;2170
Q177291003_1;Q177291003_1_12;L;5050;0;0;6060;1206;2170
Q177291003_1;Q177291003_1_13;M;6060;0;0;7070;1206;2170
Q177291003_1;Q177291003_1_14;N;6060;1234;0;7070;2440;2170
Q177291003_1;Q177291003_1_15;O;7070;1234;0;8080;2440;2170
Q177291003_1;Q177291003_1_16;P;7070;0;0;8080;1206;2170
P173291003;P173291003_1;A;0;1234;0;1010;2440;2370
P173291003;P173291003_2;B;0;0;0;1000;1200;2700
P173291003;P173291003_3;C;1000;0;0;2000;1200;2700
P173291003;P173291003_4;D;1010;1234;0;2020;2440;2362
P173291003;P173291003_5;E;2000;0;0;3010;1206;2362
P173291003;P173291003_6;F;2020;1234;0;3030;2440;2362
P173291003;P173291003_7;G;3010;0;0;4020;1206;2362
P173291003;P173291003_8;H;3030;1234;0;4040;2440;2362
P173291003;P173291003_9;I;4020;0;0;5030;1206;2370
P173291003;P173291003_10;J;4040;1234;0;5050;2440;2170
P173291003;P173291003_11;K;5030;0;0;6040;1206;2170
P173291003;P173291003_12;L;5050;1234;0;6060;2440;2170
P173291003;P173291003_13;M;6040;0;0;7050;1206;2170
P173291003;P173291003_14;N;6060;1234;0;7070;2440;2170
P177355401;P177355401_1;A;0;0;0;1600;1200;2700
P177355401;P177355401_2;B;0;1240;0;1600;2440;2700
P177355401;P177355401_3;C;1600;1240;0;3200;2440;2700
P177355401;P177355401_4;D;1600;0;0;3200;1200;2700
P177355401;P177355401_5;E;3200;0;0;4800;1200;2700
P177355401;P177355401_6;F;3200;1240;0;4800;2440;2700
P177355401;P177355401_7;G;4800;1240;0;6400;2440;2700
P177355401;P177355401_8;H;4800;0;0;6400;1200;2700
P177355401;P177355401_9;I;6400;0;0;8000;1200;2700
P177355401;P177355401_10;J;6400;1240;0;8000;2440;2700
P177355401;P177355401_11;K;8000;1240;0;9600;2440;2700
P177355401;P177355401_12;L;8000;0;0;9600;1200;2700
P177355401;P177355401_13;M;9600;0;0;11200;1200;2700
P177355401;P177355401_14;N;9600;1240;0;11200;2440;2700
P177355401;P177355401_15;O;11200;1240;0;12800;2440;2700
P177355401;P177355401_16;P;11200;0;0;12800;1200;2700
Q177355401_1;Q177355401_1_1;A;0;0;0;1600;1200;2700
Q177355401_1;Q177355401_1_2;B;0;1240;0;1600;2440;2700
Q177355401_1;Q177355401_1_3;C;1600;1240;0;3200;2440;2700
Q177355401_1;Q177355401_1_4;D;1600;0;0;3200;1200;2700
Q177355401_1;Q177355401_1_5;E;3200;0;0;4800;1200;2700
Q177355401_1;Q177355401_1_6;F;3200;1240;0;4800;2440;2700
Q177355401_1;Q177355401_1_7;G;4800;1240;0;6400;2440;2700
Q177355401_1;Q177355401_1_8;H;4800;0;0;6400;1200;2700
Q177355401_1;Q177355401_1_9;I;6400;0;0;8000;1200;2700
Q177355401_1;Q177355401_1_10;J;6400;1240;0;8000;2440;930
P172355401;P172355401_1;A;0;0;0;1600;1200;2700
P172355401;P172355401_2;B;0;1240;0;1600;2440;2700
P172355401;P172355401_3;C;1600;1240;0;3200;2440;2700
P172355401;P172355401_4;D;1600;0;0;3200;1200;2700
P172355401;P172355401_5;E;3200;0;0;4800;1200;2700
P172355401;P172355401_6;F;3200;1240;0;4800;2440;2700
P172355401;P172355401_7;G;4800;1240;0;6400;2440;2700
P172355401;P172355401_8;H;4800;0;0;6400;1200;2700
P172355401;P172355401_9;I;6400;0;0;8000;1200;2700
P172355401;P172355401_10;J;6400;1240;0;8000;2440;2700
P172355401;P172355401_11;K;8000;1240;0;9600;2440;2700
P172355401;P172355401_12;L;8000;0;0;9600;1200;2700
P172355401;P172355401_13;M;9600;0;0;11200;1200;2700
P172355401;P172355401_14;N;9600;1240;0;11200;2440;2700
P172355401;P172355401_15;O;11200;1240;0;12800;2440;2700
P172355401;P172355401_16;P;11200;0;0;12800;1200;2700
P170355401;P170355401_1;A;0;0;0;1600;1200;2700
P170355401;P170355401_2;B;0;1240;0;1600;2440;2700
P170355401;P170355401_3;C;1600;1240;0;3200;2440;2700
P170355401;P170355401_4;D;1600;0;0;3200;1200;2700
P170355401;P170355401_5;E;3200;0;0;4800;1200;2700
P170355401;P170355401_6;F;3200;1240;0;4800;2440;2700
P170355401;P170355401_7;G;4800;1240;0;6400;2440;2700
P170355401;P170355401_8;H;4800;0;0;6400;1200;2700
P170355401;P170355401_9;I;6400;0;0;8000;1200;2700
P170355401;P170355401_10;J;6400;1240;0;8000;2440;2700
P170355401;P170355401_11;K;8000;1240;0;9600;2440;2700
P170355401;P170355401_12;L;8000;0;0;9600;1200;2700
P170355401;P170355401_13;M;9600;0;0;11200;1200;1815
P167355401;P167355401_1;A;0;0;0;1600;1200;930
P193399601;P193399601_1;A;0;1234;0;1010;2440;285
P193399601;P193399601_2;B;0;0;0;1000;1200;1905
P193399601;P193399601_3;C;1000;0;0;2010;1206;2370
P193399601;P193399601_4;D;1010;1234;0;2020;2440;2725
P193399601;P193399601_5;E;2010;0;0;3020;1206;2555
P193399601;P193399601_6;F;2020;1234;0;3030;2440;2625
P193399601;P193399601_7;G;3020;0;0;4030;1206;2370
P193399601;P193399601_8;H;3030;1234;0;4040;2440;2210
P193399601;P193399601_9;I;4030;0;0;5040;1206;1185
P193399601;P193399601_10;J;4040;1234;0;5050;2440;385
P193399601;P193399601_11;K;5040;0;0;6050;1206;670
P193399601;P193399601_12;L;5050;1234;0;6060;2440;2710
P193399601;P193399601_13;M;6050;0;0;7060;1206;2340
P193399601;P193399601_14;N;6060;1234;0;7070;2440;2355
P193399601;P193399601_15;O;7060;0;0;8070;1206;2555
P193399601;P193399601_16;P;7070;1260;0;8210;2440;1071
P193399601;P193399601_17;Q;8070;0;0;9080;1206;2555
P193399601;P193399601_18;R;8210;1234;0;9220;2440;2555
P193399601;P193399601_19;S;9080;0;0;10090;1206;2555
P193399601;P193399601_20;T;9220;1234;0;10230;2440;2170
P193399601;P193399601_21;U;10090;0;0;11100;1206;1085
P193399601;P193399601_22;V;10230;1234;0;11240;2440;2310
P193399601;P193399601_23;W;11100;0;0;12110;1206;1570
P193399601;P193399601_24;X;11240;1240;0;12240;2440;235
P193399601;P193399601_25;Y;12110;0;0;13120;1206;2370
P193399601;P193399601_26;Z;12240;1234;0;13250;2440;385
Q193399601_1;Q193399601_1_1;A;0;0;0;1000;1200;1905
Q193399601_1;Q193399601_1_2;B;0;1240;0;1000;2440;2835
P200399605;P200399605_1;A;0;620;0;1000;1820;975
P200399605;P200399605_2;B;1000;650;0;2760;1790;1120
P200399605;P200399605_3;C;2760;617;0;3770;1823;1140
P200399605;P200399605_4;D;3770;1690;0;5320;2440;2520
P200399605;P200399605_5;E;3770;70;0;4520;1620;2845
P200399605;P200399605_6;F;4520;70;0;5270;1620;2520
P200399605;P200399605_7;G;5270;0;0;7030;1140;2195
P200399605;P200399605_8;H;5320;1300;0;7080;2440;2195
P200399605;P200399605_9;I;7030;0;0;8760;780;2255
P200399605;P200399605_10;J;7080;780;0;8810;1560;2255
P200399605;P200399605_11;K;7080;1660;0;8810;2440;2255
P200399605;P200399605_12;L;8760;0;0;10310;750;2195
P200399605;P200399605_13;M;8810;1300;0;10570;2440;2195
P200399605;P200399605_14;N;10310;0;0;10880;780;478
P200399605;P200399605_15;O;10570;890;0;11320;2440;1120
P200399605;P200399605_16;P;11320;0;0;12330;1206;2555
P200399605;P200399605_17;Q;11320;1234;0;12330;2440;1955
P200399605;P200399605_18;R;12330;1234;0;13340;2440;2170
P200399605;P200399605_19;S;12330;0;0;13330;1200;1057
Q200399605_1;Q200399605_1_1;A;0;0;0;1010;1206;2280
Q200399605_1;Q200399605_1_2;B;0;1660;0;570;2440;909
Q200399605_1;Q200399605_1_3;C;570;1234;0;1580;2440;1155
Q200399605_1;Q200399605_1_4;D;1010;0;0;2020;1206;1540
Q200399605_1;Q200399605_1_5;E;1580;1240;0;2580;2440;345
Q200399605_1;Q200399605_1_6;F;2020;0;0;3020;1200;930
P188399601;P188399601_1;A;0;1240;0;800;2440;250
P188399601;P188399601_2;B;0;0;0;1010;1206;2370
P188399601;P188399601_3;C;800;1234;0;1810;2440;2370
P188399601;P188399601_4;D;1010;0;0;2010;1200;2470
P188399601;P188399601_5;E;1810;1234;0;2820;2440;2525
P188399601;P188399601_6;F;2010;0;0;3020;1206;1440
P188399601;P188399601_7;G;2820;1234;0;3830;2440;2755
P188399601;P188399601_8;H;3020;0;0;4030;1206;2310
P188399601;P188399601_9;I;3830;1234;0;4840;2440;1055
P188399601;P188399601_10;J;4030;0;0;5040;1206;2725
P188399601;P188399601_11;K;4840;1234;0;5850;2440;2555
P188399601;P188399601_12;L;5040;0;0;6040;1200;1380
P188399601;P188399601_13;M;5850;1234;0;6860;2440;285
P188399601;P188399601_14;N;6040;0;0;7050;1206;485
P188399601;P188399601_15;O;6860;1234;0;7870;2440;2370
P188399601;P188399601_16;P;7050;0;0;8060;1206;2370
P188399601;P188399601_17;Q;7870;1234;0;8880;2440;1185
P188399601;P188399601_18;R;8060;0;0;9070;1206;2840
P188399601;P188399601_19;S;8880;1240;0;9880;2440;235
P188399601;P188399601_20;T;9070;0;0;10080;1206;485
P188399601;P188399601_21;U;9880;1234;0;10890;2440;2555
P188399601;P188399601_22;V;10080;0;0;11090;1206;1085
P188399601;P188399601_23;W;10890;1234;0;11900;2440;2555
P188399601;P188399601_24;X;11090;0;0;12100;1206;385
P188399601;P188399601_25;Y;11900;1234;0;12910;2440;2555
P188399601;P188399601_26;Z;12100;0;0;13110;1206;2170
Q188399601_1;Q188399601_1_1;A;0;0;0;1000;1200;1905
P207399601;P207399601_1;A;0;1240;0;1600;2440;1815
P207399601;P207399601_2;B;0;0;0;1010;1206;285
P207399601;P207399601_3;C;1010;0;0;2810;1200;2145
P207399601;P207399601_4;D;1600;1240;0;2600;2440;975
P207399601;P207399601_5;E;2600;1300;0;3580;2440;2370
P207399601;P207399601_6;F;2810;0;0;3790;1140;2370
P207399601;P207399601_7;G;3580;1300;0;4560;2440;2370
P207399601;P207399601_8;H;3790;0;0;4770;1140;2370
P207399601;P207399601_9;I;4560;1234;0;5570;2440;2240
P207399601;P207399601_10;J;4770;0;0;5780;1206;1185
P207399601;P207399601_11;K;5570;1234;0;6580;2440;2340
P207399601;P207399601_12;L;5780;0;0;6790;1206;385
P207399601;P207399601_13;M;6580;1234;0;7590;2440;770
P207399601;P207399601_14;N;6790;0;0;7800;1206;485
P207399601;P207399601_15;O;7590;1234;0;8600;2440;2355
P207399601;P207399601_16;P;7800;0;0;8810;1206;1185
P207399601;P207399601_17;Q;8600;1300;0;9580;2440;1185
P207399601;P207399601_18;R;8810;0;0;9820;1206;2525
P207399601;P207399601_19;S;9580;1234;0;10590;2440;770
P207399601;P207399601_20;T;9820;0;0;10830;1206;2655
P207399601;P207399601_21;U;10590;1234;0;11600;2440;2555
P207399601;P207399601_22;V;10830;0;0;11840;1206;2455
P207399601;P207399601_23;W;11600;1234;0;12610;2440;2170
P207399601;P207399601_24;X;11840;0;0;13290;1140;2640
Q207399601_1;Q207399601_1_1;A;0;0;0;1010;1206;1570
Q207399601_1;Q207399601_1_2;B;0;1234;0;1010;2440;1185
Q207399601_1;Q207399601_1_3;C;1010;1300;0;2460;2440;1980
Q207399601_1;Q207399601_1_4;D;1010;0;0;2010;1200;2690
Q207399601_1;Q207399601_1_5;E;2010;0;0;3010;1200;2690
Q207399601_1;Q207399601_1_6;F;2460;1240;0;3460;2440;1345
Q207399601_1;Q207399601_1_7;G;3010;0;0;4010;1200;235
Q207399601_1;Q207399601_1_8;H;3460;1240;0;4460;2440;459
Q207399601_1;Q207399601_1_9;I;4010;0;0;5020;1206;2695
Q207399601_1;Q207399601_1_10;J;4460;1240;0;5460;2440;975
Q207399601_1;Q207399601_1_11;K;5020;0;0;6020;1200;2835
Q207399601_1;Q207399601_1_12;L;5460;1240;0;6460;2440;2835
Q207399601_1;Q207399601_1_13;M;6020;0;0;7020;1200;975
P200399601;P200399601_1;A;0;0;0;1010;1206;385
P200399601;P200399601_2;B;0;1234;0;1010;2440;285
P200399601;P200399601_3;C;1010;1240;0;2810;2440;2145
P200399601;P200399601_4;D;1010;0;0;2010;1200;1905
P200399601;P200399601_5;E;2010;0;0;3020;1206;2370
P200399601;P200399601_6;F;2810;1234;0;3820;2440;1185
P200399601;P200399601_7;G;3020;0;0;4030;1206;2140
P200399601;P200399601_8;H;3820;1234;0;4830;2440;2355
P200399601;P200399601_9;I;4030;0;0;5040;1206;770
P200399601;P200399601_10;J;4830;1234;0;5840;2440;2310
P200399601;P200399601_11;K;5040;0;0;6050;1206;485
P200399601;P200399601_12;L;5840;1234;0;6850;2440;770
P200399601;P200399601_13;M;6050;0;0;7060;1206;385
P200399601;P200399601_14;N;6850;1234;0;7860;2440;2370
P200399601;P200399601_15;O;7060;0;0;8070;1206;1185
P200399601;P200399601_16;P;7860;1234;0;8870;2440;2555
P200399601;P200399601_17;Q;8070;0;0;9080;1206;2555
P200399601;P200399601_18;R;8870;1234;0;9880;2440;2555
P200399601;P200399601_19;S;9080;0;0;10090;1206;2425
P200399601;P200399601_20;T;9880;1260;0;11020;2440;1071
P200399601;P200399601_21;U;10090;0;0;11100;1206;1185
P200399601;P200399601_22;V;11020;1234;0;12030;2440;1185
P200399601;P200399601_23;W;11100;0;0;12110;1206;1955
P200399601;P200399601_24;X;12030;1234;0;13040;2440;285
P200399601;P200399601_25;Y;12110;0;0;13120;1206;2310
Q200399601_1;Q200399601_1_1;A;0;0;0;1000;1200;235
Q200399601_1;Q200399601_1_2;B;0;1240;0;1000;2440;975
Q200399601_1;Q200399601_1_3;C;1000;1240;0;2000;2440;2835
Q200399601_1;Q200399601_1_4;D;1000;0;0;2000;1200;2835
P202399601;P202399601_1;A;0;1234;0;1010;2440;385
P202399601;P202399601_2;B;0;0;0;1010;1206;2370
P202399601;P202399601_3;C;1010;0;0;2020;1206;2370
P202399601;P202399601_4;D;1010;1234;0;2020;2440;1185
P202399601;P202399601_5;E;2020;1234;0;3030;2440;2370
P202399601;P202399601_6;F;2020;0;0;3030;1206;2555
P202399601;P202399601_7;G;3030;0;0;4040;1206;2370
P202399601;P202399601_8;H;3030;1234;0;4040;2440;2370
P202399601;P202399601_9;I;4040;1234;0;5050;2440;2525
P202399601;P202399601_10;J;4040;0;0;5050;1206;970
P202399601;P202399601_11;K;5050;0;0;6060;1206;2525
P202399601;P202399601_12;L;5050;1234;0;6060;2440;2695
P202399601;P202399601_13;M;6060;1234;0;7070;2440;385
P202399601;P202399601_14;N;6060;0;0;7070;1206;770
P202399601;P202399601_15;O;7070;0;0;8080;1206;485
P202399601;P202399601_16;P;7070;1234;0;8080;2440;670
P202399601;P202399601_17;Q;8080;1240;0;9080;2440;2760
P202399601;P202399601_18;R;8080;0;0;9080;1200;1380
P202399601;P202399601_19;S;9080;0;0;10090;1206;385
P202399601;P202399601_20;T;9080;1234;0;10090;2440;2555
P202399601;P202399601_21;U;10090;1234;0;11100;2440;2170
P202399601;P202399601_22;V;10090;0;0;11100;1206;2555
P202399601;P202399601_23;W;11100;0;0;12110;1206;2455
P202399601;P202399601_24;X;11100;1234;0;12110;2440;2170
P202399601;P202399601_25;Y;12110;1430;0;13316;2440;1085
P202399601;P202399601_26;Z;12110;0;0;13316;1010;485
Q202399601_1;Q202399601_1_1;A;0;0;0;1000;1200;235
Q202399601_1;Q202399601_1_2;B;0;1234;0;1010;2440;385
Q202399601_1;Q202399601_1_3;C;1000;0;0;2000;1200;2835
P240061001;P240061001_1;A;0;0;0;1900;1200;2855
P240061001;P240061001_2;B;0;1240;0;1900;2440;2855
P240061001;P240061001_3;C;1900;1240;0;3800;2440;2855
P240061001;P240061001_4;D;1900;0;0;3800;1200;2855
P240061001;P240061001_5;E;3800;0;0;5700;1200;2855
P240061001;P240061001_6;F;3800;1240;0;5700;2440;2855
P240061001;P240061001_7;G;5700;1240;0;7600;2440;2855
P240061001;P240061001_8;H;5700;0;0;7600;1200;2855
P240061001;P240061001_9;I;7600;0;0;9500;1200;2855
P240061001;P240061001_10;J;7600;1240;0;9500;2440;2855
P240061001;P240061001_11;K;9500;1240;0;11400;2440;2855
P240061001;P240061001_12;L;9500;0;0;11400;1200;1450
P207061001;P207061001_1;A;0;0;0;1900;1200;2855
P207061001;P207061001_2;B;0;1240;0;1900;2440;2855
P207061001;P207061001_3;C;1900;1240;0;3800;2440;2855
P207061001;P207061001_4;D;1900;0;0;3800;1200;2855
P207061001;P207061001_5;E;3800;0;0;5700;1200;2855
P207061001;P207061001_6;F;3800;1240;0;5700;2440;2855
P207061001;P207061001_7;G;5700;1240;0;7600;2440;2855
P207061001;P207061001_8;H;5700;0;0;7600;1200;2855
P207061001;P207061001_9;I;7600;0;0;9500;1200;2855
P207061001;P207061001_10;J;7600;1240;0;9500;2440;2855
P207061001;P207061001_11;K;9500;1240;0;11400;2440;2855
P207061001;P207061001_12;L;9500;0;0;11400;1200;2855
P207061001;P207061001_13;M;11400;0;0;13300;1200;2855
P207061001;P207061001_14;N;11400;1240;0;13300;2440;2855
P205061001;P205061001_1;A;0;0;0;1900;1200;2855
P205061001;P205061001_2;B;0;1240;0;1900;2440;2855
P205061001;P205061001_3;C;1900;1240;0;3800;2440;2855
P205061001;P205061001_4;D;1900;0;0;3800;1200;2855
P205061001;P205061001_5;E;3800;0;0;5700;1200;2855
P205061001;P205061001_6;F;3800;1240;0;5700;2440;2855
P205061001;P205061001_7;G;5700;1240;0;7600;2440;2855
P205061001;P205061001_8;H;5700;0;0;7600;1200;2855
P205061001;P205061001_9;I;7600;0;0;9500;1200;2855
P205061001;P205061001_10;J;7600;1240;0;9500;2440;2855
P205061001;P205061001_11;K;9500;1240;0;11400;2440;2855
P205061001;P205061001_12;L;9500;0;0;11400;1200;2855
P205061001;P205061001_13;M;11400;0;0;13300;1200;2855
P205061001;P205061001_14;N;11400;1240;0;13300;2440;2855
P200061001;P200061001_1;A;0;0;0;1900;1200;2855
P200061001;P200061001_2;B;0;1240;0;1900;2440;2855
P200061001;P200061001_3;C;1900;1240;0;3800;2440;2855
P200061001;P200061001_4;D;1900;0;0;3800;1200;2855
P200061001;P200061001_5;E;3800;0;0;5700;1200;2855
P200061001;P200061001_6;F;3800;1240;0;5700;2440;2855
P200061001;P200061001_7;G;5700;1240;0;7600;2440;2855
P200061001;P200061001_8;H;5700;0;0;7600;1200;2855
P200061001;P200061001_9;I;7600;0;0;9500;1200;2855
P200061001;P200061001_10;J;7600;1240;0;9500;2440;2855
P200061001;P200061001_11;K;9500;1240;0;11400;2440;2855
P200061001;P200061001_12;L;9500;0;0;11400;1200;2855
P200061001;P200061001_13;M;11400;0;0;13300;1200;2855
P200061001;P200061001_14;N;11400;1240;0;13300;2440;2855
P198061001;P198061001_1;A;0;0;0;1900;1200;2855
P198061001;P198061001_2;B;0;1240;0;1900;2440;2855
P198061001;P198061001_3;C;1900;1240;0;3800;2440;2855
P198061001;P198061001_4;D;1900;0;0;3800;1200;2855
P198061001;P198061001_5;E;3800;0;0;5700;1200;2855
P198061001;P198061001_6;F;3800;1240;0;5700;2440;2855
P198061001;P198061001_7;G;5700;1240;0;7600;2440;2855
P198061001;P198061001_8;H;5700;0;0;7600;1200;2855
P198061001;P198061001_9;I;7600;0;0;9500;1200;2855
P198061001;P198061001_10;J;7600;1240;0;9500;2440;2855
P198061001;P198061001_11;K;9500;1240;0;11400;2440;2855
P198061001;P198061001_12;L;9500;0;0;11400;1200;2855
P198061001;P198061001_13;M;11400;0;0;13300;1200;2855
P198061001;P198061001_14;N;11400;1240;0;13300;2440;2855
P193061001;P193061001_1;A;0;0;0;1900;1200;2855
P193061001;P193061001_2;B;0;1240;0;1900;2440;2855
P193061001;P193061001_3;C;1900;1240;0;3800;2440;2855
P193061001;P193061001_4;D;1900;0;0;3800;1200;2855
P193061001;P193061001_5;E;3800;0;0;5700;1200;2855
P193061001;P193061001_6;F;3800;1240;0;5700;2440;2855
P193061001;P193061001_7;G;5700;1240;0;7600;2440;2855
P193061001;P193061001_8;H;5700;0;0;7600;1200;2855
P193061001;P193061001_9;I;7600;0;0;9500;1200;2855
P193061001;P193061001_10;J;7600;1240;0;9500;2440;2855
P193061001;P193061001_11;K;9500;1240;0;11400;2440;2855
P193061001;P193061001_12;L;9500;0;0;11400;1200;2855
P193061001;P193061001_13;M;11400;0;0;13300;1200;2855
P193061001;P193061001_14;N;11400;1240;0;13300;2440;2855
P191061001;P191061001_1;A;0;0;0;1900;1200;2855
P191061001;P191061001_2;B;0;1240;0;1900;2440;2855
P191061001;P191061001_3;C;1900;1240;0;3800;2440;2855
P191061001;P191061001_4;D;1900;0;0;3800;1200;2855
P191061001;P191061001_5;E;3800;0;0;5700;1200;2855
P191061001;P191061001_6;F;3800;1240;0;5700;2440;2855
P191061001;P191061001_7;G;5700;1240;0;7600;2440;2855
P191061001;P191061001_8;H;5700;0;0;7600;1200;2855
P191061001;P191061001_9;I;7600;0;0;9500;1200;2855
P191061001;P191061001_10;J;7600;1240;0;9500;2440;2855
P191061001;P191061001_11;K;9500;1240;0;11400;2440;2855
P191061001;P191061001_12;L;9500;0;0;11400;1200;2855
P191061001;P191061001_13;M;11400;0;0;13300;1200;2855
P191061001;P191061001_14;N;11400;1240;0;13300;2440;2855
P188061001;P188061001_1;A;0;0;0;1900;1200;2855
P188061001;P188061001_2;B;0;1240;0;1900;2440;2855
P188061001;P188061001_3;C;1900;1240;0;3800;2440;2855
P188061001;P188061001_4;D;1900;0;0;3800;1200;2855
P188061001;P188061001_5;E;3800;0;0;5700;1200;2855
P188061001;P188061001_6;F;3800;1240;0;5700;2440;2855
P188061001;P188061001_7;G;5700;1240;0;7600;2440;2855
P188061001;P188061001_8;H;5700;0;0;7600;1200;2855
P188061001;P188061001_9;I;7600;0;0;9500;1200;2855
P188061001;P188061001_10;J;7600;1240;0;9500;2440;2855
P188061001;P188061001_11;K;9500;1240;0;11400;2440;2855
P188061001;P188061001_12;L;9500;0;0;11400;1200;1450
P186061001;P186061001_1;A;0;0;0;1900;1200;2855
P186061001;P186061001_2;B;0;1240;0;1900;2440;2855
P186061001;P186061001_3;C;1900;1240;0;3800;2440;2855
P186061001;P186061001_4;D;1900;0;0;3800;1200;2855
P186061001;P186061001_5;E;3800;0;0;5700;1200;2855
P186061001;P186061001_6;F;3800;1240;0;5700;2440;2855
P186061001;P186061001_7;G;5700;1240;0;7600;2440;2855
P186061001;P186061001_8;H;5700;0;0;7600;1200;2855
P186061001;P186061001_9;I;7600;0;0;9500;1200;2855
P186061001;P186061001_10;J;7600;1240;0;9500;2440;2855
P186061001;P186061001_11;K;9500;1240;0;11400;2440;2855
P186061001;P186061001_12;L;9500;0;0;11400;1200;2855
P179399601;P179399601_1;A;0;0;0;1900;1200;1455
P179399601;P179399601_2;B;0;1240;0;1600;2440;1815
P179399601;P179399601_3;C;1600;1240;0;3400;2440;2145
P179399601;P179399601_4;D;1900;0;0;2900;1200;1905
P179399601;P179399601_5;E;2900;0;0;3910;1206;1955
P179399601;P179399601_6;F;3400;1234;0;4410;2440;1185
P179399601;P179399601_7;G;3910;0;0;4920;1206;2555
P179399601;P179399601_8;H;4410;1234;0;5420;2440;2525
P179399601;P179399601_9;I;4920;0;0;5930;1206;2325
P179399601;P179399601_10;J;5420;1234;0;6430;2440;1640
P179399601;P179399601_11;K;5930;0;0;6940;1206;2370
P179399601;P179399601_12;L;6430;1234;0;7440;2440;770
P179399601;P179399601_13;M;6940;0;0;7950;1206;1185
P179399601;P179399601_14;N;7440;1234;0;8450;2440;385
P179399601;P179399601_15;O;7950;0;0;8960;1206;485
P179399601;P179399601_16;P;8450;1234;0;9460;2440;2455
P179399601;P179399601_17;Q;8960;0;0;9970;1206;2555
P179399601;P179399601_18;R;9460;1234;0;10470;2440;2555
P179399601;P179399601_19;S;9970;0;0;10980;1206;2555
P179399601;P179399601_20;T;10470;1234;0;11480;2440;2370
P179399601;P179399601_21;U;10980;0;0;11990;1206;1155
P179399601;P179399601_22;V;11480;1234;0;12490;2440;770
P179399601;P179399601_23;W;11990;0;0;13130;1180;1071
Q179399601_1;Q179399601_1_1;A;0;0;0;1000;1200;235
Q179399601_1;Q179399601_1_2;B;0;1240;0;1000;2440;2835
Q179399601_1;Q179399601_1_3;C;1000;1240;0;2000;2440;2835
Q179399601_1;Q179399601_1_4;D;1000;0;0;2000;1200;975
Q179399601_1;Q179399601_1_5;E;2000;0;0;3000;1200;1905
P185399901;P185399901_1;A;0;1240;0;1600;2440;1955
P185399901;P185399901_2;B;0;0;0;1600;1200;1955
P185399901;P185399901_3;C;1600;0;0;2600;1200;1905
P185399901;P185399901_4;D;1600;1240;0;2600;2440;1905
P185399901;P185399901_5;E;2600;1240;0;3600;2440;1905
P185399901;P185399901_6;F;2600;0;0;3600;1200;975
P185399901;P185399901_7;G;3600;0;0;4600;1200;975
P185399901;P185399901_8;H;3600;1234;0;4610;2440;2540
P185399901;P185399901_9;I;4600;0;0;5610;1206;2425
P185399901;P185399901_10;J;4610;1240;0;5610;2440;1815
P185399901;P185399901_11;K;5610;1234;0;6620;2440;1455
P185399901;P185399901_12;L;5610;0;0;6620;1206;1940
P185399901;P185399901_13;M;6620;0;0;7630;1206;2425
P185399901;P185399901_14;N;6620;1234;0;7630;2440;2310
P185399901;P185399901_15;O;7630;1234;0;8640;2440;2310
P185399901;P185399901_16;P;7630;0;0;8640;1206;2425
P185399901;P185399901_17;Q;8640;0;0;9650;1206;1940
P185399901;P185399901_18;R;8640;1234;0;9650;2440;2310
P185399901;P185399901_19;S;9650;1234;0;10660;2440;1440
P185399901;P185399901_20;T;9650;0;0;10660;1206;2425
P185399901;P185399901_21;U;10660;0;0;11670;1206;1155
P185399901;P185399901_22;V;10660;1234;0;11670;2440;770
P185399901;P185399901_23;W;11670;1430;0;12876;2440;1355
P185399901;P185399901_24;X;11670;0;0;12670;1200;1035
Q185399901_1;Q185399901_1_1;A;0;0;0;1010;1206;1925
Q185399901_1;Q185399901_1_2;B;0;1234;0;1010;2440;1540
Q185399901_1;Q185399901_1_3;C;1010;1234;0;2020;2440;385
Q185399901_1;Q185399901_1_4;D;1010;0;0;2020;1206;1155
Q185399901_1;Q185399901_1_5;E;2020;0;0;3030;1206;385
Q185399901_1;Q185399901_1_6;F;2020;1240;0;3020;2440;1780
Q185399901_1;Q185399901_1_7;G;3020;1234;0;4030;2440;770
Q185399901_1;Q185399901_1_8;H;3030;0;0;4040;1206;385
Q185399901_1;Q185399901_1_9;I;4030;1234;0;5040;2440;970
Q185399901_1;Q185399901_1_10;J;4040;0;0;5050;1206;485
Q185399901_1;Q185399901_1_11;K;5040;1234;0;6050;2440;385
Q185399901_1;Q185399901_1_12;L;5050;0;0;6060;1206;385
Q185399901_1;Q185399901_1_13;M;6050;1234;0;7060;2440;385
P180066807;P180066807_1;A;0;720;0;1200;1720;975
P180066807;P180066807_2;B;1200;1440;0;2400;2440;975
P180066807;P180066807_3;C;1200;0;0;2400;1000;975
P180066807;P180066807_4;D;2400;720;0;3600;1720;1905
P180066807;P180066807_5;E;3600;720;0;4800;1720;1905
P180066807;P180066807_6;F;4800;620;0;5800;1820;1905
P180066807;P180066807_7;G;5800;1240;0;6800;2440;1905
P180066807;P180066807_8;H;5800;0;0;6800;1200;1905
P180066807;P180066807_9;I;6800;1240;0;7800;2440;1905
P180066807;P180066807_10;J;6800;0;0;7800;1200;1905
P180066807;P180066807_11;K;7800;0;0;8800;1200;1905
P180066807;P180066807_12;L;7800;1240;0;8800;2440;1905
P180066807;P180066807_13;M;8800;1240;0;9800;2440;975
P177066801;P177066801_1;A;0;720;0;1200;1720;975
P177066801;P177066801_2;B;1200;1440;0;2400;2440;975
P177066801;P177066801_3;C;1200;0;0;2400;1000;975
P177066801;P177066801_4;D;2400;720;0;3600;1720;975
P177066801;P177066801_5;E;3600;720;0;4800;1720;975
P177066801;P177066801_6;F;4800;620;0;5800;1820;1905
P177066801;P177066801_7;G;5800;1240;0;6800;2440;1905
P177066801;P177066801_8;H;5800;0;0;6800;1200;1905
P177066801;P177066801_9;I;6800;1240;0;7800;2440;1905
P177066801;P177066801_10;J;6800;0;0;7800;1200;1905
P177066801;P177066801_11;K;7800;0;0;8800;1200;1905
P177066801;P177066801_12;L;7800;1240;0;8800;2440;1905
P177066801;P177066801_13;M;8800;1240;0;9800;2440;1905
P177066801;P177066801_14;N;8800;0;0;9800;1200;975
P170066801;P170066801_1;A;0;0;0;1200;1000;975
P170066801;P170066801_2;B;0;1220;0;1200;2220;975
P170066801;P170066801_3;C;1200;1440;0;2400;2440;975
P170066801;P170066801_4;D;1200;220;0;2400;1220;975
P170066801;P170066801_5;E;2400;720;0;3600;1720;975
P170066801;P170066801_6;F;3600;720;0;4800;1720;1905
P170066801;P170066801_7;G;4800;620;0;5800;1820;1905
P170066801;P170066801_8;H;5800;1240;0;6800;2440;1905
P170066801;P170066801_9;I;5800;0;0;6800;1200;1905
P170066801;P170066801_10;J;6800;0;0;7800;1200;1905
P170066801;P170066801_11;K;6800;1240;0;7800;2440;1905
P170066801;P170066801_12;L;7800;1240;0;8800;2440;1905
P170066801;P170066801_13;M;7800;0;0;8800;1200;1905
P170066801;P170066801_14;N;8800;0;0;9800;1200;1905
P170066801;P170066801_15;O;8800;1240;0;9800;2440;1905
P170066801;P170066801_16;P;9800;1240;0;10800;2440;1905
P187399601;P187399601_1;A;0;0;0;2200;1200;1000
P187399601;P187399601_2;B;0;1240;0;1000;2440;2160
P187399601;P187399601_3;C;1000;1240;0;2000;2440;750
P187399601;P187399601_4;D;2000;1234;0;3010;2440;485
P187399601;P187399601_5;E;2200;0;0;3210;1206;385
P187399601;P187399601_6;F;3010;1660;0;3580;2440;909
P187399601;P187399601_7;G;3210;0;0;3780;780;1771
P187399601;P187399601_8;H;3210;780;0;3780;1560;1771
P187399601;P187399601_9;I;3580;1660;0;4150;2440;478
P187399601;P187399601_10;J;3780;0;0;4780;1200;975
P187399601;P187399601_11;K;4150;1240;0;5150;2440;2100
P187399601;P187399601_12;L;4780;0;0;5790;1206;2170
P187399601;P187399601_13;M;5150;1234;0;6160;2440;2170
P187399601;P187399601_14;N;5790;0;0;6800;1206;2170
P187399601;P187399601_15;O;6160;1234;0;7170;2440;2170
P187399601;P187399601_16;P;6800;0;0;7810;1206;2895
P187399601;P187399601_17;Q;7170;1234;0;8180;2440;1155
P187399601;P187399601_18;R;7810;0;0;8820;1206;385
P187399601;P187399601_19;S;8180;1234;0;9190;2440;770
P187399601;P187399601_20;T;8820;0;0;9830;1206;2370
P187399601;P187399601_21;U;9190;1234;0;10200;2440;2370
P187399601;P187399601_22;V;9830;0;0;10970;1180;2142
P187399601;P187399601_23;W;10200;1234;0;11210;2440;2170
P187399601;P187399601_24;X;10970;0;0;11980;1206;1185
P187399601;P187399601_25;Y;11210;1234;0;12220;2440;2355
P187399601;P187399601_26;Z;11980;0;0;12990;1206;1085
P187399601;P187399601_27;AA;12220;1234;0;13230;2440;2170
Q187399601_1;Q187399601_1_1;A;0;0;0;1010;1206;1170
Q187399601_1;Q187399601_1_2;B;0;1234;0;1010;2440;771
Q187399601_1;Q187399601_1_3;C;1010;1240;0;2010;2440;918
Q187399601_1;Q187399601_1_4;D;1010;0;0;2020;1206;1925
Q187399601_1;Q187399601_1_5;E;2010;1234;0;3020;2440;1085
Q187399601_1;Q187399601_1_6;F;2020;0;0;3030;1206;285
Q187399601_1;Q187399601_1_7;G;3020;1234;0;4030;2440;385
Q187399601_1;Q187399601_1_8;H;3030;0;0;4040;1206;2170
Q187399601_1;Q187399601_1_9;I;4030;1240;0;5030;2440;345
Q187399601_1;Q187399601_1_10;J;4040;0;0;5640;1200;2700
Q187399601_1;Q187399601_1_11;K;5030;1240;0;6630;2440;2700
P240399601;P240399601_1;A;0;0;0;1000;1200;2835
P240399601;P240399601_2;B;0;1240;0;1000;2440;975
P240399601;P240399601_3;C;1000;1240;0;2000;2440;1145
P240399601;P240399601_4;D;1000;0;0;2010;1206;970
P240399601;P240399601_5;E;2000;1300;0;2980;2440;1520
P240399601;P240399601_6;F;2010;0;0;3020;1206;385
P240399601;P240399601_7;G;2980;1234;0;3990;2440;1155
P240399601;P240399601_8;H;3020;0;0;4030;1206;385
P240399601;P240399601_9;I;3990;1234;0;5000;2440;385
P240399601;P240399601_10;J;4030;0;0;5040;1206;385
P240399601;P240399601_11;K;5000;1300;0;5790;2440;338
P240399601;P240399601_12;L;5040;0;0;6840;1200;2145
P240399601;P240399601_13;M;5790;1300;0;6770;2440;2370
P240399601;P240399601_14;N;6770;1300;0;7750;2440;2370
P240399601;P240399601_15;O;6840;0;0;7820;1140;1185
P240399601;P240399601_16;P;7750;1240;0;8750;2440;2100
P240399601;P240399601_17;Q;7820;0;0;8820;1200;1050
P240399601;P240399601_18;R;8750;1234;0;9760;2440;485
P240399601;P240399601_19;S;8820;0;0;9830;1206;670
P240399601;P240399601_20;T;9760;1240;0;10760;2440;2690
P240399601;P240399601_21;U;9830;0;0;10830;1200;2345
P240399601;P240399601_22;V;10760;1234;0;11770;2440;1185
P240399601;P240399601_23;W;10830;0;0;11840;1206;2370
P240399601;P240399601_24;X;11770;1300;0;13220;2440;2640
P240399601;P240399601_25;Y;11840;0;0;13290;1140;1320
Q240399601_1;Q240399601_1_1;A;0;0;0;1010;1206;2740
Q240399601_1;Q240399601_1_2;B;0;1234;0;1010;2440;1570
Q240399601_1;Q240399601_1_3;C;1010;1234;0;2020;2440;1085
Q240399601_1;Q240399601_1_4;D;1010;0;0;2020;1206;385
Q240399601_1;Q240399601_1_5;E;2020;0;0;3030;1206;1551
Q240399601_1;Q240399601_1_6;F;2020;1234;0;3030;2440;2370
Q240399601_1;Q240399601_1_7;G;3030;1234;0;4040;2440;285
Q240399601_1;Q240399601_1_8;H;3030;0;0;4040;1206;2740
Q240399601_1;Q240399601_1_9;I;4040;0;0;5050;1206;1185
Q240399601_1;Q240399601_1_10;J;4040;1234;0;5050;2440;385
Q240399601_1;Q240399601_1_11;K;5050;1234;0;6060;2440;385
Q240399601_1;Q240399601_1_12;L;5050;0;0;6050;1200;2835
Q240399601_1;Q240399601_1_13;M;6050;0;0;7050;1200;975
P178399613;P178399613_1;A;0;0;0;1000;1200;1905
P178399613;P178399613_2;B;0;1234;0;1010;2440;770
P178399613;P178399613_3;C;1000;0;0;1570;780;478
P178399613;P178399613_4;D;1010;1234;0;2020;2440;2370
P178399613;P178399613_5;E;1570;0;0;2580;1206;2336
P178399613;P178399613_6;F;2020;1234;0;3030;2440;1570
P178399613;P178399613_7;G;2580;0;0;3590;1206;2370
P178399613;P178399613_8;H;3030;1234;0;4040;2440;2370
P178399613;P178399613_9;I;3590;0;0;4600;1206;2370
P178399613;P178399613_10;J;4040;1234;0;5050;2440;2370
P178399613;P178399613_11;K;4600;0;0;5610;1206;1155
P178399613;P178399613_12;L;5050;1240;0;6050;2440;1455
P178399613;P178399613_13;M;5610;0;0;6610;1200;1455
P178399613;P178399613_14;N;6050;1240;0;7050;2440;1455
P178399613;P178399613_15;O;6610;0;0;7180;780;1340
P178399613;P178399613_16;P;7050;780;0;7620;1560;478
P178399613;P178399613_17;Q;7050;1660;0;7620;2440;1771
P178399613;P178399613_18;R;7180;0;0;7750;780;1771
P178399613;P178399613_19;S;7620;1234;0;8630;2440;1540
P178399613;P178399613_20;T;7750;0;0;8320;780;1771
P178399613;P178399613_21;U;8320;0;0;8890;780;1771
P178399613;P178399613_22;V;8630;780;0;9200;1560;1771
P178399613;P178399613_23;W;8630;1660;0;9200;2440;1771
P178399613;P178399613_24;X;8890;0;0;9460;780;1771
P178399613;P178399613_25;Y;9200;780;0;9800;1580;560
P178399613;P178399613_26;Z;9200;1660;0;9770;2440;1771
P178399613;P178399613_27;AA;9460;0;0;10030;780;909
P178399613;P178399613_28;AB;9770;1660;0;10340;2440;478
P178399613;P178399613_29;AC;9800;780;0;10370;1560;478
P178399613;P178399613_30;AD;10370;1234;0;11380;2440;1085
P178399613;P178399613_31;AE;10370;0;0;11380;1206;2555
P178399613;P178399613_32;AF;11380;1234;0;12390;2440;2370
P178399613;P178399613_33;AG;11380;0;0;12390;1206;1185
P178399613;P178399613_34;AH;12390;0;0;13400;1206;2340
P178399613;P178399613_35;AI;12390;1234;0;13400;2440;1540
Q178399613_1;Q178399613_1_1;A;0;0;0;1000;1200;345
Q178399613_1;Q178399613_1_2;B;0;1234;0;1010;2440;770
P192399601;P192399601_1;A;0;1240;0;1000;2440;750
P192399601;P192399601_2;B;0;0;0;1010;1206;2370
P192399601;P192399601_3;C;1000;1234;0;2010;2440;2370
P192399601;P192399601_4;D;1010;0;0;2020;1206;1185
P192399601;P192399601_5;E;2010;1234;0;3020;2440;1185
P192399601;P192399601_6;F;2020;0;0;3030;1206;1085
P192399601;P192399601_7;G;3020;1240;0;4020;2440;1045
P192399601;P192399601_8;H;3030;0;0;4040;1206;2370
P192399601;P192399601_9;I;4020;1234;0;5030;2440;2370
P192399601;P192399601_10;J;4040;0;0;5050;1206;2370
P192399601;P192399601_11;K;5030;1234;0;6040;2440;2370
P192399601;P192399601_12;L;5050;0;0;6060;1206;2340
P192399601;P192399601_13;M;6040;1234;0;7050;2440;1940
P192399601;P192399601_14;N;6060;0;0;7070;1206;2610
P192399601;P192399601_15;O;7050;1234;0;8060;2440;385
P192399601;P192399601_16;P;7070;0;0;8080;1206;285
P192399601;P192399601_17;Q;8060;1234;0;9070;2440;2555
P192399601;P192399601_18;R;8080;0;0;9090;1206;2370
P192399601;P192399601_19;S;9070;1234;0;10080;2440;2170
P192399601;P192399601_20;T;9090;0;0;10100;1206;1085
P192399601;P192399601_21;U;10080;1234;0;11090;2440;2555
P192399601;P192399601_22;V;10100;0;0;11110;1206;2555
P192399601;P192399601_23;W;11090;1234;0;12100;2440;2170
P192399601;P192399601_24;X;11110;0;0;12120;1206;1085
P192399601;P192399601_25;Y;12100;1234;0;13110;2440;485
P192399601;P192399601_26;Z;12120;0;0;13130;1206;770
Q192399601_1;Q192399601_1_1;A;0;0;0;1000;1200;235
Q192399601_1;Q192399601_1_2;B;0;1234;0;1010;2440;485
Q192399601_1;Q192399601_1_3;C;1000;0;0;2010;1206;385
Q192399601_1;Q192399601_1_4;D;1010;1234;0;2020;2440;285
Q192399601_1;Q192399601_1_5;E;2010;0;0;3020;1206;285
Q192399601_1;Q192399601_1_6;F;2020;1240;0;3620;2440;2700
Q192399601_1;Q192399601_1_7;G;3020;0;0;4020;1200;345
P209399601;P209399601_1;A;0;0;0;1010;1206;385
P209399601;P209399601_2;B;0;1234;0;1010;2440;2370
P209399601;P209399601_3;C;1010;1234;0;2020;2440;2540
P209399601;P209399601_4;D;1010;0;0;2020;1206;2525
P209399601;P209399601_5;E;2020;0;0;3030;1206;1955
P209399601;P209399601_6;F;2020;1234;0;3030;2440;2370
P209399601;P209399601_7;G;3030;1240;0;4030;2440;2615
P209399601;P209399601_8;H;3030;0;0;4040;1206;2370
P209399601;P209399601_9;I;4030;1234;0;5040;2440;1755
P209399601;P209399601_10;J;4040;0;0;5040;1200;1380
P209399601;P209399601_11;K;5040;0;0;6050;1206;770
P209399601;P209399601_12;L;5040;1234;0;6050;2440;1955
P209399601;P209399601_13;M;6050;1234;0;7060;2440;1185
P209399601;P209399601_14;N;6050;0;0;7060;1206;485
P209399601;P209399601_15;O;7060;0;0;8070;1206;970
P209399601;P209399601_16;P;7060;1234;0;8070;2440;2525
P209399601;P209399601_17;Q;8070;1234;0;9080;2440;385
P209399601;P209399601_18;R;8070;0;0;9080;1206;2555
P209399601;P209399601_19;S;9080;0;0;10090;1206;2555
P209399601;P209399601_20;T;9080;1234;0;10090;2440;2170
P209399601;P209399601_21;U;10090;1234;0;11100;2440;1085
P209399601;P209399601_22;V;10090;0;0;11100;1206;1085
P209399601;P209399601_23;W;11100;0;0;12100;1200;235
P209399601;P209399601_24;X;11100;1234;0;12110;2440;485
P209399601;P209399601_25;Y;12100;0;0;13100;1200;1905
P199399601;P199399601_1;A;0;1234;0;1010;2440;385
P199399601;P199399601_2;B;0;0;0;1010;1206;2370
P199399601;P199399601_3;C;1010;0;0;2020;1206;2370
P199399601;P199399601_4;D;1010;1234;0;2020;2440;2370
P199399601;P199399601_5;E;2020;1234;0;3030;2440;2370
P199399601;P199399601_6;F;2020;0;0;3030;1206;1185
P199399601;P199399601_7;G;3030;0;0;4040;1206;2540
P199399601;P199399601_8;H;3030;1234;0;4040;2440;2370
P199399601;P199399601_9;I;4040;1234;0;5050;2440;2370
P199399601;P199399601_10;J;4040;0;0;5050;1206;1185
P199399601;P199399601_11;K;5050;0;0;6060;1206;2125
P199399601;P199399601_12;L;5050;1234;0;6060;2440;770
P199399601;P199399601_13;M;6060;1234;0;7070;2440;770
P199399601;P199399601_14;N;6060;0;0;7070;1206;385
P199399601;P199399601_15;O;7070;0;0;8080;1206;285
P199399601;P199399601_16;P;7070;1234;0;8080;2440;385
P199399601;P199399601_17;Q;8080;1240;0;8880;2440;1350
P199399601;P199399601_18;R;8080;0;0;9090;1206;2170
P199399601;P199399601_19;S;8880;1234;0;9890;2440;1085
P199399601;P199399601_20;T;9090;0;0;10100;1206;2370
P199399601;P199399601_21;U;9890;1234;0;10900;2440;2555
P199399601;P199399601_22;V;10100;0;0;11110;1206;2455
P199399601;P199399601_23;W;10900;1234;0;11910;2440;2170
P199399601;P199399601_24;X;11110;0;0;12120;1206;485
P199399601;P199399601_25;Y;11910;1234;0;12920;2440;485
P199399601;P199399601_26;Z;12120;0;0;13130;1206;770
Q199399601_1;Q199399601_1_1;A;0;0;0;1000;1200;235
Q199399601_1;Q199399601_1_2;B;0;1234;0;1010;2440;285
Q199399601_1;Q199399601_1_3;C;1000;0;0;2010;1206;385
Q199399601_1;Q199399601_1_4;D;1010;1234;0;2020;2440;385
Q199399601_1;Q199399601_1_5;E;2010;0;0;3610;1200;2700
Q199399601_1;Q199399601_1_6;F;2020;1240;0;3020;2440;690
P205399601;P205399601_1;A;0;1240;0;1600;2440;1815
P205399601;P205399601_2;B;0;0;0;1600;1200;1815
P205399601;P205399601_3;C;1600;0;0;3050;1140;1980
P205399601;P205399601_4;D;1600;1234;0;2610;2440;770
P205399601;P205399601_5;E;2610;1234;0;3620;2440;385
P205399601;P205399601_6;F;3050;0;0;4030;1140;2370
P205399601;P205399601_7;G;3620;1300;0;4600;2440;2370
P205399601;P205399601_8;H;4030;0;0;5010;1140;2370
P205399601;P205399601_9;I;4600;1240;0;5600;2440;2100
P205399601;P205399601_10;J;5010;0;0;6020;1206;1185
P205399601;P205399601_11;K;5600;1234;0;6610;2440;485
P205399601;P205399601_12;L;6020;0;0;7030;1206;1055
P205399601;P205399601_13;M;6610;1234;0;7620;2440;584
P205399601;P205399601_14;N;7030;0;0;8030;1200;2690
P205399601;P205399601_15;O;7620;1234;0;8630;2440;1955
P205399601;P205399601_16;P;8030;0;0;9030;1200;2690
P205399601;P205399601_17;Q;8630;1234;0;9640;2440;2370
P205399601;P205399601_18;R;9030;0;0;10040;1206;2370
P205399601;P205399601_19;S;9640;1234;0;10650;2440;1085
P205399601;P205399601_20;T;10040;0;0;11050;1206;1185
P205399601;P205399601_21;U;10650;1234;0;11660;2440;1085
P205399601;P205399601_22;V;11050;0;0;12060;1206;2355
P205399601;P205399601_23;W;11660;1300;0;13110;2440;2640
P205399601;P205399601_24;X;12060;0;0;13070;1206;2340
Q205399601_1;Q205399601_1_1;A;0;0;0;1010;1206;385
Q205399601_1;Q205399601_1_2;B;0;1234;0;1010;2440;385
Q205399601_1;Q205399601_1_3;C;1010;1234;0;2020;2440;285
Q205399601_1;Q205399601_1_4;D;1010;0;0;2460;1140;660
Q205399601_1;Q205399601_1_5;E;2020;1234;0;3030;2440;771
Q205399601_1;Q205399601_1_6;F;2460;0;0;3470;1206;385
Q205399601_1;Q205399601_1_7;G;3030;1240;0;4030;2440;2835
Q205399601_1;Q205399601_1_8;H;3470;0;0;4470;1200;975
P185399611;P185399611_1;A;0;1240;0;1000;2440;1860
P185399611;P185399611_2;B;0;0;0;1000;1200;2835
P185399611;P185399611_3;C;1000;0;0;2000;1200;2520
P185399611;P185399611_4;D;1000;1240;0;2600;2440;2700
P185399611;P185399611_5;E;2000;0;0;3010;1206;2510
P185399611;P185399611_6;F;2600;1240;0;3600;2440;1905
P185399611;P185399611_7;G;3010;0;0;4610;1200;1815
P185399611;P185399611_8;H;3600;1240;0;4600;2440;395
P185399611;P185399611_9;I;4600;1240;0;5600;2440;2835
P185399611;P185399611_10;J;4610;0;0;5610;1200;1905
P185399611;P185399611_11;K;5600;1234;0;6610;2440;2325
P185399611;P185399611_12;L;5610;0;0;6620;1206;1455
P185399611;P185399611_13;M;6610;1240;0;7610;2440;2385
P185399611;P185399611_14;N;6620;0;0;7620;1200;975
P185399611;P185399611_15;O;7610;1240;0;8610;2440;2700
P185399611;P185399611_16;P;7620;0;0;8620;1200;2700
P185399611;P185399611_17;Q;8610;1240;0;9610;2440;2700
P185399611;P185399611_18;R;8620;0;0;9620;1200;2700
P185399611;P185399611_19;S;9610;1240;0;10610;2440;2700
P185399611;P185399611_20;T;9620;0;0;10620;1200;2700
P185399611;P185399611_21;U;10610;1300;0;11750;2440;2000
P185399611;P185399611_22;V;10620;0;0;11760;1140;2000
P185399611;P185399611_23;W;11750;1300;0;12890;2440;2000
P185399611;P185399611_24;X;11760;0;0;12900;1140;2000
Q185399611_1;Q185399611_1_1;A;0;0;0;1140;1140;2000
Q185399611_1;Q185399611_1_2;B;0;1300;0;1140;2440;2000
Q185399611_1;Q185399611_1_3;C;1140;1300;0;2280;2440;2000
Q185399611_1;Q185399611_1_4;D;1140;0;0;2280;1140;2000
Q185399611_1;Q185399611_1_5;E;2280;0;0;3420;1140;2000
Q185399611_1;Q185399611_1_6;F;2280;1300;0;3420;2440;2000
Q185399611_1;Q185399611_1_7;G;3420;1300;0;4560;2440;1000
Q185399611_1;Q185399611_1_8;H;3420;0;0;4420;1200;1380
Q185399611_1;Q185399611_1_9;I;4420;0;0;5430;1206;2370
P178069701;P178069701_1;A;0;0;0;1000;1200;2835
P178069701;P178069701_2;B;0;1240;0;1000;2440;2835
P178069701;P178069701_3;C;1000;1240;0;2000;2440;2835
P178069701;P178069701_4;D;1000;0;0;2000;1200;2835
P178069701;P178069701_5;E;2000;0;0;3000;1200;2835
P178069701;P178069701_6;F;2000;1240;0;3000;2440;2835
P178069701;P178069701_7;G;3000;1240;0;4000;2440;2835
P178069701;P178069701_8;H;3000;0;0;4000;1200;2835
P178069701;P178069701_9;I;4000;0;0;5000;1200;2835
P178069701;P178069701_10;J;4000;1240;0;5000;2440;2835
P178069701;P178069701_11;K;5000;1240;0;6000;2440;2835
P178069701;P178069701_12;L;5000;0;0;6000;1200;2835
P178069701;P178069701_13;M;6000;0;0;7000;1200;2835
P178069701;P178069701_14;N;6000;1240;0;7000;2440;2835
P178069701;P178069701_15;O;7000;1240;0;8000;2440;2835
P178069701;P178069701_16;P;7000;0;0;8000;1200;2835
P178069701;P178069701_17;Q;8000;0;0;9010;1206;2186
P178069701;P178069701_18;R;8000;1234;0;9010;2440;2186
P178069701;P178069701_19;S;9010;1234;0;10020;2440;2186
P178069701;P178069701_20;T;9010;0;0;10020;1206;2186
P178069701;P178069701_21;U;10020;0;0;11030;1206;2186
P178069701;P178069701_22;V;10020;1234;0;11030;2440;2186
P178069701;P178069701_23;W;11030;1234;0;12040;2440;1093
P173069701;P173069701_1;A;0;1240;0;1000;2440;2835
P173069701;P173069701_2;B;0;0;0;1000;1200;2835
P173069701;P173069701_3;C;1000;0;0;2000;1200;2835
P173069701;P173069701_4;D;1000;1240;0;2000;2440;2835
P173069701;P173069701_5;E;2000;1240;0;3000;2440;2835
P173069701;P173069701_6;F;2000;0;0;3000;1200;2835
P173069701;P173069701_7;G;3000;0;0;4000;1200;2835
P173069701;P173069701_8;H;3000;1240;0;4000;2440;2835
P173069701;P173069701_9;I;4000;1240;0;5000;2440;2835
P173069701;P173069701_10;J;4000;0;0;5000;1200;2835
P173069701;P173069701_11;K;5000;0;0;6000;1200;2835
P173069701;P173069701_12;L;5000;1240;0;6000;2440;2835
P173069701;P173069701_13;M;6000;1240;0;7000;2440;2835
P173069701;P173069701_14;N;6000;0;0;7000;1200;2835
P173069701;P173069701_15;O;7000;0;0;8000;1200;2835
P173069701;P173069701_16;P;7000;1240;0;8000;2440;2835
P173069701;P173069701_17;Q;8000;1240;0;9000;2440;2835
P173069701;P173069701_18;R;8000;0;0;9010;1206;2186
P173069701;P173069701_19;S;9000;1234;0;10010;2440;2186
P173069701;P173069701_20;T;9010;0;0;10020;1206;2186
P173069701;P173069701_21;U;10010;1234;0;11020;2440;2186
P173069701;P173069701_22;V;10020;0;0;11030;1206;1093
P171069701;P171069701_1;A;0;0;0;1000;1200;2835
P171069701;P171069701_2;B;0;1240;0;1000;2440;2835
P171069701;P171069701_3;C;1000;1240;0;2000;2440;2835
P171069701;P171069701_4;D;1000;0;0;2000;1200;2835
P171069701;P171069701_5;E;2000;0;0;3000;1200;2835
P171069701;P171069701_6;F;2000;1240;0;3000;2440;2835
P171069701;P171069701_7;G;3000;1240;0;4000;2440;2835
P171069701;P171069701_8;H;3000;0;0;4000;1200;2835
P171069701;P171069701_9;I;4000;0;0;5000;1200;2835
P171069701;P171069701_10;J;4000;1240;0;5000;2440;2835
P171069701;P171069701_11;K;5000;1240;0;6000;2440;2835
P171069701;P171069701_12;L;5000;0;0;6010;1206;2186
P171069701;P171069701_13;M;6000;1234;0;7010;2440;2186
P171069701;P171069701_14;N;6010;0;0;7020;1206;2186
P171069701;P171069701_15;O;7010;1234;0;8020;2440;2186
P171069701;P171069701_16;P;7020;0;0;8030;1206;1093
P166069701;P166069701_1;A;0;1240;0;1000;2440;2835
P166069701;P166069701_2;B;0;0;0;1000;1200;2835
P166069701;P166069701_3;C;1000;0;0;2000;1200;2835
P166069701;P166069701_4;D;1000;1240;0;2000;2440;2835
P166069701;P166069701_5;E;2000;1240;0;3000;2440;2835
P166069701;P166069701_6;F;2000;0;0;3000;1200;2835
P166069701;P166069701_7;G;3000;0;0;4000;1200;2835
P166069701;P166069701_8;H;3000;1240;0;4000;2440;2835
P166069701;P166069701_9;I;4000;1240;0;5000;2440;2835
P166069701;P166069701_10;J;4000;0;0;5000;1200;2835
P166069701;P166069701_11;K;5000;0;0;6000;1200;2835
P166069701;P166069701_12;L;5000;1240;0;6000;2440;2835
P166069701;P166069701_13;M;6000;1240;0;7000;2440;2835
P166069701;P166069701_14;N;6000;0;0;7000;1200;2835
P166069701;P166069701_15;O;7000;0;0;8010;1206;2186
P166069701;P166069701_16;P;7000;1234;0;8010;2440;2186
P166069701;P166069701_17;Q;8010;1234;0;9020;2440;2186
P166069701;P166069701_18;R;8010;0;0;9020;1206;2186
P166069701;P166069701_19;S;9020;0;0;10030;1206;2186
P166069701;P166069701_20;T;9020;1234;0;10030;2440;2186
P178355501;P178355501_1;A;0;620;0;1000;1820;1815
P178355501;P178355501_2;B;1000;620;0;2000;1820;930
P178355501;P178355501_3;C;2000;1234;0;3010;2440;2370
P178355501;P178355501_4;D;2000;0;0;3010;1206;2370
P178355501;P178355501_5;E;3010;1240;0;4010;2440;2700
P178355501;P178355501_6;F;3010;0;0;4010;1200;2700
P178355501;P178355501_7;G;4010;0;0;5010;1200;930
P178355501;P178355501_8;H;4010;1240;0;5010;2440;2835
P178355501;P178355501_9;I;5010;1240;0;6010;2440;2835
P178355501;P178355501_10;J;5010;0;0;6010;1200;2835
P178355501;P178355501_11;K;6010;0;0;7010;1200;2835
P178355501;P178355501_12;L;6010;1240;0;7010;2440;2835
P178355501;P178355501_13;M;7010;1240;0;8010;2440;2835
P178355501;P178355501_14;N;7010;0;0;8010;1200;2835
P178355501;P178355501_15;O;8010;0;0;9010;1200;2835
P178355501;P178355501_16;P;8010;1240;0;9010;2440;2835
P178355501;P178355501_17;Q;9010;1240;0;10010;2440;2835
P178355501;P178355501_18;R;9010;0;0;10010;1200;2835
P178355501;P178355501_19;S;10010;0;0;11010;1200;2835
P178355501;P178355501_20;T;10010;1240;0;11010;2440;2835
P178355501;P178355501_21;U;11010;1240;0;12010;2440;2835
P171355501;P171355501_1;A;0;0;0;1000;1200;1815
P171355501;P171355501_2;B;0;1240;0;1000;2440;930
P171355501;P171355501_3;C;1000;1234;0;2010;2440;2370
P171355501;P171355501_4;D;1000;0;0;2010;1206;2370
P171355501;P171355501_5;E;2010;0;0;3020;1206;1185
P171355501;P171355501_6;F;2010;1240;0;3010;2440;2700
P171355501;P171355501_7;G;3010;1240;0;4010;2440;2700
P171355501;P171355501_8;H;3020;0;0;4020;1200;930
P171355501;P171355501_9;I;4010;1240;0;5010;2440;2835
P171355501;P171355501_10;J;4020;0;0;5020;1200;2835
P171355501;P171355501_11;K;5010;1240;0;6010;2440;2835
P171355501;P171355501_12;L;5020;0;0;6020;1200;2835
P171355501;P171355501_13;M;6010;1240;0;7010;2440;2835
P171355501;P171355501_14;N;6020;0;0;7020;1200;2835
P171355501;P171355501_15;O;7010;1240;0;8010;2440;2835
P171355501;P171355501_16;P;7020;0;0;8020;1200;2835
P171355501;P171355501_17;Q;8010;1240;0;9010;2440;2835
P171355501;P171355501_18;R;8020;0;0;9020;1200;2835
P171355501;P171355501_19;S;9010;1240;0;10010;2440;2835
P171355501;P171355501_20;T;9020;0;0;10020;1200;2835
P171355501;P171355501_21;U;10010;1240;0;11010;2440;2835
P171355501;P171355501_22;V;10020;0;0;11020;1200;1905
P171355501;P171355501_23;W;11010;1240;0;12010;2440;2835
P171355501;P171355501_24;X;11020;0;0;12020;1200;975
P207399605;P207399605_1;A;0;730;0;1140;1710;860
P207399605;P207399605_2;B;1140;845;0;2690;1595;1120
P207399605;P207399605_3;C;2690;1595;0;4240;2345;2845
P207399605;P207399605_4;D;2690;227;0;4450;1367;2195
P207399605;P207399605_5;E;4240;1528;0;5990;2278;1350
P207399605;P207399605_6;F;4450;0;0;6000;750;2195
P207399605;P207399605_7;G;4450;764;0;6000;1514;1120
P207399605;P207399605_8;H;5990;1660;0;6560;2440;478
P207399605;P207399605_9;I;6000;0;0;7760;1140;2195
P207399605;P207399605_10;J;6560;1690;0;8110;2440;2195
P207399605;P207399605_11;K;7760;0;0;8770;1206;2555
P207399605;P207399605_12;L;8110;1234;0;9120;2440;1185
P207399605;P207399605_13;M;8770;0;0;9780;1206;1570
P207399605;P207399605_14;N;9120;1240;0;10120;2440;1057
P207399605;P207399605_15;O;9780;0;0;10790;1206;385
P207399605;P207399605_16;P;10120;1234;0;11130;2440;1085
P207399605;P207399605_17;Q;10790;0;0;11360;780;478
P207399605;P207399605_18;R;11130;1234;0;12140;2440;1710
P207399605;P207399605_19;S;11360;0;0;12370;1206;2310
P207399605;P207399605_20;T;12140;1240;0;13140;2440;345
P207399605;P207399605_21;U;12370;0;0;13380;1206;485
Q207399605_1;Q207399605_1_1;A;0;0;0;1010;1206;770
Q207399605_1;Q207399605_1_2;B;0;1234;0;1010;2440;291
Q207399605_1;Q207399605_1_3;C;1010;1240;0;2010;2440;1150
P193399605;P193399605_1;A;0;0;0;1010;1206;285
P193399605;P193399605_2;B;0;1433;0;570;2213;478
P193399605;P193399605_3;C;570;1660;0;1140;2440;478
P193399605;P193399605_4;D;1010;55;0;1760;1605;1120
P193399605;P193399605_5;E;1140;1690;0;2690;2440;1120
P193399605;P193399605_6;F;1760;70;0;2510;1620;1120
P193399605;P193399605_7;G;2510;275;0;4270;1415;2195
P193399605;P193399605_8;H;2690;1552;0;4240;2302;1120
P193399605;P193399605_9;I;4240;1660;0;5970;2440;2255
P193399605;P193399605_10;J;4270;0;0;6000;780;1150
P193399605;P193399605_11;K;4270;845;0;6020;1595;1350
P193399605;P193399605_12;L;6020;1300;0;7780;2440;1120
P193399605;P193399605_13;M;6020;0;0;7030;1206;2555
P193399605;P193399605_14;N;7030;0;0;8030;1200;1057
P193399605;P193399605_15;O;7780;1234;0;8790;2440;1955
P193399605;P193399605_16;P;8030;0;0;9040;1206;1085
P193399605;P193399605_17;Q;8790;1234;0;9800;2440;1185
P193399605;P193399605_18;R;9040;0;0;10050;1206;1185
P193399605;P193399605_19;S;9800;1234;0;10810;2440;1140
P193399605;P193399605_20;T;10050;0;0;10620;780;1340
P193399605;P193399605_21;U;10620;0;0;11630;1206;285
P193399605;P193399605_22;V;10810;1234;0;11820;2440;1925
P193399605;P193399605_23;W;11630;0;0;12640;1206;970
P193399605;P193399605_24;X;11820;1234;0;12830;2440;2695
Q193399605_1;Q193399605_1_1;A;0;0;0;1010;1206;1540
Q193399605_1;Q193399605_1_2;B;0;1240;0;1000;2440;345
Q193399605_1;Q193399605_1_3;C;1000;1240;0;2000;2440;930
Q193399605_1;Q193399605_1_4;D;1010;0;0;2010;1200;2835
Q193399605_1;Q193399605_1_5;E;2000;1240;0;3000;2440;2835
P206399601;P206399601_1;A;0;1234;0;1010;2440;385
P206399601;P206399601_2;B;0;0;0;1010;1206;2370
P206399601;P206399601_3;C;1010;0;0;2020;1206;2370
P206399601;P206399601_4;D;1010;1234;0;2020;2440;2370
P206399601;P206399601_5;E;2020;1234;0;3030;2440;2370
P206399601;P206399601_6;F;2020;0;0;3030;1206;2370
P206399601;P206399601_7;G;3030;0;0;4040;1206;1955
P206399601;P206399601_8;H;3030;1234;0;4040;2440;2370
P206399601;P206399601_9;I;4040;1240;0;5040;2440;1490
P206399601;P206399601_10;J;4040;0;0;5050;1206;1940
P206399601;P206399601_11;K;5040;1234;0;6050;2440;1925
P206399601;P206399601_12;L;5050;0;0;6060;1206;385
P206399601;P206399601_13;M;6050;1234;0;7060;2440;285
P206399601;P206399601_14;N;6060;0;0;7070;1206;385
P206399601;P206399601_15;O;7060;1240;0;7860;2440;1350
P206399601;P206399601_16;P;7070;0;0;8080;1206;2170
P206399601;P206399601_17;Q;7860;1234;0;8870;2440;1085
P206399601;P206399601_18;R;8080;0;0;9090;1206;2555
P206399601;P206399601_19;S;8870;1234;0;9880;2440;1370
P206399601;P206399601_20;T;9090;0;0;10100;1206;1185
P206399601;P206399601_21;U;9880;1234;0;10890;2440;2170
P206399601;P206399601_22;V;10100;0;0;11110;1206;485
P206399601;P206399601_23;W;10890;1234;0;11900;2440;385
P206399601;P206399601_24;X;11110;0;0;12120;1206;485
P206399601;P206399601_25;Y;11900;1234;0;12910;2440;385
P206399601;P206399601_26;Z;12120;0;0;13130;1206;770
Q206399601_1;Q206399601_1_1;A;0;0;0;1000;1200;235
Q206399601_1;Q206399601_1_2;B;0;1234;0;1010;2440;285
Q206399601_1;Q206399601_1_3;C;1000;0;0;2600;1200;2700
Q206399601_1;Q206399601_1_4;D;1010;1240;0;2610;2440;2700
Q206399601_1;Q206399601_1_5;E;2600;0;0;3600;1200;345
P173220701;P173220701_1;A;0;0;0;1010;1206;2186
P173220701;P173220701_2;B;0;1234;0;1010;2440;2186
P173220701;P173220701_3;C;1010;1234;0;2020;2440;2186
P173220701;P173220701_4;D;1010;0;0;2020;1206;2186
P173220701;P173220701_5;E;2020;0;0;3030;1206;2186
P173220701;P173220701_6;F;2020;1234;0;3030;2440;2186
P173220701;P173220701_7;G;3030;1234;0;4040;2440;2186
P173220701;P173220701_8;H;3030;0;0;4040;1206;2186
P173220701;P173220701_9;I;4040;0;0;5050;1206;2186
P173220701;P173220701_10;J;4040;1234;0;5050;2440;2240
P173220701;P173220701_11;K;5050;1234;0;6060;2440;2370
P173220701;P173220701_12;L;5050;0;0;6060;1206;2370
P173220701;P173220701_13;M;6060;0;0;7070;1206;2370
P173220701;P173220701_14;N;6060;1234;0;7070;2440;2248
P173220701;P173220701_15;O;7070;1234;0;8080;2440;2756
P173220701;P173220701_16;P;7070;0;0;8080;1206;2186
P173220701;P173220701_17;Q;8080;0;0;9090;1206;2186
P173220701;P173220701_18;R;8080;1234;0;9090;2440;2186
P173220701;P173220701_19;S;9090;1234;0;10100;2440;2186
P173220701;P173220701_20;T;9090;0;0;10100;1206;2186
P173220701;P173220701_21;U;10100;0;0;11110;1206;2186
P173220701;P173220701_22;V;10100;1234;0;11110;2440;2186
P173220701;P173220701_23;W;11110;1234;0;12120;2440;1570
P173220701;P173220701_24;X;11110;0;0;12120;1206;2370
P173220701;P173220701_25;Y;12120;0;0;13326;1010;1093
P199399611;P199399611_1;A;0;1240;0;1600;2440;1815
P199399611;P199399611_2;B;0;0;0;1600;1200;1815
P199399611;P199399611_3;C;1600;0;0;2600;1200;1905
P199399611;P199399611_4;D;1600;1240;0;2600;2440;1905
P199399611;P199399611_5;E;2600;1240;0;3600;2440;1905
P199399611;P199399611_6;F;2600;0;0;3600;1200;1860
P199399611;P199399611_7;G;3600;0;0;4600;1200;2385
P199399611;P199399611_8;H;3600;1240;0;4600;2440;2835
P199399611;P199399611_9;I;4600;1240;0;5600;2440;1680
P199399611;P199399611_10;J;4600;0;0;5610;1206;2425
P199399611;P199399611_11;K;5600;1234;0;6610;2440;2510
P199399611;P199399611_12;L;5610;0;0;6610;1200;2700
P199399611;P199399611_13;M;6610;0;0;7610;1200;2700
P199399611;P199399611_14;N;6610;1240;0;7610;2440;2700
P199399611;P199399611_15;O;7610;1240;0;8610;2440;2700
P199399611;P199399611_16;P;7610;0;0;8610;1200;2700
P199399611;P199399611_17;Q;8610;0;0;9610;1200;930
P199399611;P199399611_18;R;8610;1300;0;9750;2440;2000
P199399611;P199399611_19;S;9610;0;0;10750;1140;2000
P199399611;P199399611_20;T;9750;1300;0;10890;2440;2000
P199399611;P199399611_21;U;10750;0;0;11890;1140;2000
P199399611;P199399611_22;V;10890;1300;0;12030;2440;2000
P199399611;P199399611_23;W;11890;0;0;13030;1140;2000
P199399611;P199399611_24;X;12030;1300;0;13170;2440;2000
Q199399611_1;Q199399611_1_1;A;0;0;0;1140;1140;2000
Q199399611_1;Q199399611_1_2;B;0;1300;0;1140;2440;2000
Q199399611_1;Q199399611_1_3;C;1140;1300;0;2280;2440;2000
Q199399611_1;Q199399611_1_4;D;1140;0;0;2280;1140;1000
Q199399611_1;Q199399611_1_5;E;2280;0;0;3280;1200;1380
Q199399611_1;Q199399611_1_6;F;2280;1234;0;3290;2440;1185
P180399603;P180399603_1;A;0;1240;0;1000;2440;790
P180399603;P180399603_2;B;0;0;0;1000;1200;670
P180399603;P180399603_3;C;1000;0;0;2010;1206;1155
P180399603;P180399603_4;D;1000;1240;0;2000;2440;1176
P180399603;P180399603_5;E;2000;1234;0;3010;2440;385
P180399603;P180399603_6;F;2010;0;0;3020;1206;2895
P180399603;P180399603_7;G;3010;1300;0;3990;2440;2580
P180399603;P180399603_8;H;3020;0;0;4030;1206;970
P180399603;P180399603_9;I;3990;1234;0;5000;2440;2710
P180399603;P180399603_10;J;4030;0;0;5010;1140;2580
P180399603;P180399603_11;K;5000;1300;0;5980;2440;2580
P180399603;P180399603_12;L;5010;0;0;6020;1206;1355
P180399603;P180399603_13;M;5980;1300;0;6960;2440;1720
P180399603;P180399603_14;N;6020;0;0;7030;1206;2525
P180399603;P180399603_15;O;6960;1234;0;7970;2440;385
P180399603;P180399603_16;P;7030;0;0;8040;1206;385
P186399601;P186399601_1;A;0;0;0;1800;1200;2145
P186399601;P186399601_2;B;0;1234;0;1010;2440;2540
P186399601;P186399601_3;C;1010;1234;0;2020;2440;1955
P186399601;P186399601_4;D;1800;0;0;2810;1206;385
P186399601;P186399601_5;E;2020;1234;0;3030;2440;285
P186399601;P186399601_6;F;2810;0;0;3820;1206;485
P186399601;P186399601_7;G;3030;1234;0;4040;2440;1470
P186399601;P186399601_8;H;3820;0;0;4830;1206;1185
P186399601;P186399601_9;I;4040;1234;0;5050;2440;2355
P186399601;P186399601_10;J;4830;0;0;5840;1206;770
P186399601;P186399601_11;K;5050;1234;0;6060;2440;1185
P186399601;P186399601_12;L;5840;0;0;6850;1206;1570
P186399601;P186399601_13;M;6060;1234;0;7070;2440;2695
P186399601;P186399601_14;N;6850;0;0;7860;1206;385
P186399601;P186399601_15;O;7070;1234;0;8080;2440;2455
P186399601;P186399601_16;P;7860;0;0;8870;1206;2455
P186399601;P186399601_17;Q;8080;1234;0;9090;2440;2555
P186399601;P186399601_18;R;8870;0;0;9870;1200;235
P186399601;P186399601_19;S;9090;1234;0;10100;2440;285
P186399601;P186399601_20;T;9870;0;0;10870;1200;2835
P186399601;P186399601_21;U;10100;1240;0;11100;2440;2835
P186399601;P186399601_22;V;10870;0;0;11870;1200;975
P186399601;P186399601_23;W;11100;1240;0;12100;2440;1905
P207399607;P207399607_1;A;0;1234;0;1010;2440;970
P207399607;P207399607_2;B;0;0;0;1010;1206;2555
P207399607;P207399607_3;C;1010;0;0;2020;1206;1855
P207399607;P207399607_4;D;1010;1234;0;2020;2440;1540
P207399607;P207399607_5;E;2020;1240;0;3020;2440;1035
P207399607;P207399607_6;F;2020;0;0;3030;1206;1970
P207399607;P207399607_7;G;3020;1234;0;4030;2440;1970
P207399607;P207399607_8;H;3030;0;0;4040;1206;1185
P207399607;P207399607_9;I;4030;1234;0;5040;2440;2555
P207399607;P207399607_10;J;4040;0;0;5050;1206;1955
P207399607;P207399607_11;K;5040;1240;0;6040;2440;2290
P207399607;P207399607_12;L;5050;0;0;6050;1200;1145
P207399607;P207399607_13;M;6040;1234;0;7050;2440;2710
P207399607;P207399607_14;N;6050;0;0;7650;1200;190
P207399607;P207399607_15;O;7050;1240;0;8650;2440;190
P207399607;P207399607_16;P;7650;0;0;8660;1206;2710
P207399607;P207399607_17;Q;8650;1234;0;9660;2440;570
P207399607;P207399607_18;R;8660;0;0;9660;1200;185
P207399607;P207399607_19;S;9660;0;0;10670;1206;1255
P207399607;P207399607_20;T;9660;1234;0;10670;2440;2782
P207399607;P207399607_21;U;10670;1234;0;11680;2440;1391
P207399607;P207399607_22;V;10670;0;0;11680;1206;385
P207399607;P207399607_23;W;11680;0;0;12886;1010;385
P207399607;P207399607_24;X;11680;1240;0;12680;2440;975
Q207399607_1;Q207399607_1_1;A;0;0;0;1000;1200;975
Q207399607_1;Q207399607_1_2;B;0;1240;0;1000;2440;975
Q207399607_1;Q207399607_1_3;C;1000;1240;0;2000;2440;975
P200399607;P200399607_1;A;0;0;0;1010;1206;970
P200399607;P200399607_2;B;0;1234;0;1010;2440;1970
P200399607;P200399607_3;C;1010;1234;0;2020;2440;985
P200399607;P200399607_4;D;1010;0;0;2020;1206;1855
P200399607;P200399607_5;E;2020;0;0;3030;1206;1540
P200399607;P200399607_6;F;2020;1240;0;3020;2440;1035
P200399607;P200399607_7;G;3020;1234;0;4030;2440;2170
P200399607;P200399607_8;H;3030;0;0;4030;1200;2290
P200399607;P200399607_9;I;4030;1240;0;5030;2440;2190
P200399607;P200399607_10;J;4030;0;0;5040;1206;2710
P200399607;P200399607_11;K;5030;1234;0;6040;2440;1955
P200399607;P200399607_12;L;5040;0;0;6050;1206;2655
P200399607;P200399607_13;M;6040;1234;0;7050;2440;2782
P200399607;P200399607_14;N;6050;0;0;7060;1206;1391
P200399607;P200399607_15;O;7050;1234;0;8060;2440;1855
P200399607;P200399607_16;P;7060;0;0;8070;1206;2895
P200399607;P200399607_17;Q;8060;1234;0;9070;2440;1185
P200399607;P200399607_18;R;8070;0;0;9080;1206;855
P200399607;P200399607_19;S;9070;1234;0;10080;2440;1185
P200399607;P200399607_20;T;9080;0;0;10090;1206;385
P200399607;P200399607_21;U;10080;1234;0;11090;2440;1170
P200399607;P200399607_22;V;10090;0;0;11090;1200;185
P200399607;P200399607_23;W;11090;0;0;12690;1200;190
P200399607;P200399607_24;X;11090;1240;0;12690;2440;190
Q200399607_1;Q200399607_1_1;A;0;0;0;1000;1200;1905
Q200399607_1;Q200399607_1_2;B;0;1240;0;1000;2440;975
Q200399607_1;Q200399607_1_3;C;1000;1240;0;2000;2440;975
Q200399607_1;Q200399607_1_4;D;1000;0;0;2000;1200;975
Q200399607_1;Q200399607_1_5;E;2000;0;0;3000;1200;975
P186399605;P186399605_1;A;0;650;0;1760;1790;1120
P186399605;P186399605_2;B;1760;650;0;3520;1790;2195
P186399605;P186399605_3;C;3520;1300;0;5280;2440;2195
P186399605;P186399605_4;D;3520;0;0;5070;750;2195
P186399605;P186399605_5;E;5070;0;0;6080;1206;1140
P186399605;P186399605_6;F;5280;1660;0;7010;2440;2255
P186399605;P186399605_7;G;6080;0;0;7810;780;2255
P186399605;P186399605_8;H;6080;780;0;7810;1560;2255
P186399605;P186399605_9;I;7010;1660;0;7580;2440;909
P186399605;P186399605_10;J;7580;1690;0;9130;2440;2845
P186399605;P186399605_11;K;7810;0;0;8560;1550;1120
P186399605;P186399605_12;L;8560;0;0;9310;1550;1120
P186399605;P186399605_13;M;9310;1234;0;10320;2440;2555
P186399605;P186399605_14;N;9310;0;0;10320;1206;2170
P186399605;P186399605_15;O;10320;0;0;11320;1200;1057
P186399605;P186399605_16;P;10320;1234;0;11330;2440;2755
P186399605;P186399605_17;Q;11320;0;0;12330;1206;1425
P186399605;P186399605_18;R;11330;1660;0;11900;2440;909
P186399605;P186399605_19;S;11900;1234;0;12910;2440;2340
P186399605;P186399605_20;T;12330;0;0;13340;1206;770
Q186399605_1;Q186399605_1_1;A;0;0;0;1010;1206;485
Q186399605_1;Q186399605_1_2;B;0;1234;0;1010;2440;770
Q186399605_1;Q186399605_1_3;C;1010;1240;0;2010;2440;345
Q186399605_1;Q186399605_1_4;D;1010;0;0;2010;1200;1150
Q186399605_1;Q186399605_1_5;E;2010;0;0;3010;1200;1150
Q186399605_1;Q186399605_1_6;F;2010;1240;0;3010;2440;975
P179067001;P179067001_1;A;0;0;0;1000;1200;2835
P179067001;P179067001_2;B;0;1240;0;1000;2440;2835
P179067001;P179067001_3;C;1000;1240;0;2000;2440;2835
P179067001;P179067001_4;D;1000;0;0;2000;1200;2835
P179067001;P179067001_5;E;2000;0;0;3000;1200;2835
P179067001;P179067001_6;F;2000;1240;0;3000;2440;2835
P179067001;P179067001_7;G;3000;1240;0;4000;2440;2835
P179067001;P179067001_8;H;3000;0;0;4000;1200;2835
P179067001;P179067001_9;I;4000;0;0;5000;1200;2835
P179067001;P179067001_10;J;4000;1240;0;5000;2440;2835
P179067001;P179067001_11;K;5000;1240;0;6000;2440;2835
P179067001;P179067001_12;L;5000;0;0;6000;1200;2835
P179067001;P179067001_13;M;6000;0;0;7000;1200;2835
P179067001;P179067001_14;N;6000;1240;0;7000;2440;2835
P179067001;P179067001_15;O;7000;1240;0;8000;2440;2835
P179067001;P179067001_16;P;7000;0;0;8000;1200;2835
P179067001;P179067001_17;Q;8000;0;0;9000;1200;2835
P179067001;P179067001_18;R;8000;1240;0;9000;2440;2835
P179067001;P179067001_19;S;9000;1240;0;10000;2440;2835
P179067001;P179067001_20;T;9000;0;0;10000;1200;2835
P179067001;P179067001_21;U;10000;0;0;11000;1200;2835
P179067001;P179067001_22;V;10000;1240;0;11000;2440;2835
P179067001;P179067001_23;W;11000;1240;0;12000;2440;2835
P179067001;P179067001_24;X;11000;0;0;12000;1200;2835
P179067001;P179067001_25;Y;12000;0;0;13200;1000;2835
P179067001;P179067001_26;Z;12000;1240;0;13000;2440;2835
P177067003;P177067003_1;A;0;0;0;1000;1200;2835
P177067003;P177067003_2;B;0;1240;0;1000;2440;2835
P177067003;P177067003_3;C;1000;1240;0;2000;2440;1345
P177067003;P177067003_4;D;1000;0;0;2000;1200;2835
P177067003;P177067003_5;E;2000;0;0;3000;1200;2835
P177067003;P177067003_6;F;2000;1240;0;3000;2440;2835
P177067003;P177067003_7;G;3000;1240;0;4000;2440;2835
P177067003;P177067003_8;H;3000;0;0;4000;1200;2835
P177067003;P177067003_9;I;4000;0;0;5000;1200;2835
P177067003;P177067003_10;J;4000;1240;0;5000;2440;2835
P177067003;P177067003_11;K;5000;1240;0;6000;2440;2835
P177067003;P177067003_12;L;5000;0;0;6000;1200;2835
P177067003;P177067003_13;M;6000;0;0;7000;1200;2835
P177067003;P177067003_14;N;6000;1240;0;7000;2440;2835
P177067003;P177067003_15;O;7000;1240;0;8000;2440;2835
P177067003;P177067003_16;P;7000;0;0;8000;1200;2835
P177067003;P177067003_17;Q;8000;0;0;9000;1200;2835
P177067003;P177067003_18;R;8000;1240;0;9000;2440;2835
P177067003;P177067003_19;S;9000;1240;0;10000;2440;2835
P177067003;P177067003_20;T;9000;0;0;10000;1200;2835
P177067003;P177067003_21;U;10000;0;0;11000;1200;2835
P177067003;P177067003_22;V;10000;1240;0;11000;2440;2835
P177067003;P177067003_23;W;11000;1240;0;12000;2440;2835
P177067003;P177067003_24;X;11000;0;0;12000;1200;2835
P177067003;P177067003_25;Y;12000;0;0;13200;1000;2835
P177067003;P177067003_26;Z;12000;1240;0;13000;2440;2835
P172067001;P172067001_1;A;0;0;0;1000;1200;2835
P172067001;P172067001_2;B;0;1240;0;1000;2440;2835
P172067001;P172067001_3;C;1000;1240;0;2000;2440;2835
P172067001;P172067001_4;D;1000;0;0;2000;1200;2835
P172067001;P172067001_5;E;2000;0;0;3000;1200;2835
P172067001;P172067001_6;F;2000;1240;0;3000;2440;2835
P172067001;P172067001_7;G;3000;1240;0;4000;2440;2835
P172067001;P172067001_8;H;3000;0;0;4000;1200;2835
P172067001;P172067001_9;I;4000;0;0;5000;1200;2835
P172067001;P172067001_10;J;4000;1240;0;5000;2440;2835
P172067001;P172067001_11;K;5000;1240;0;6000;2440;2835
P172067001;P172067001_12;L;5000;0;0;6000;1200;2835
P172067001;P172067001_13;M;6000;0;0;7000;1200;2835
P172067001;P172067001_14;N;6000;1240;0;7000;2440;2835
P172067001;P172067001_15;O;7000;1240;0;8000;2440;2835
P172067001;P172067001_16;P;7000;0;0;8000;1200;2835
P172067001;P172067001_17;Q;8000;0;0;9000;1200;2835
P172067001;P172067001_18;R;8000;1240;0;9000;2440;2835
P172067001;P172067001_19;S;9000;1240;0;10000;2440;2835
P172067001;P172067001_20;T;9000;0;0;10000;1200;2835
P172067001;P172067001_21;U;10000;0;0;11000;1200;2835
P172067001;P172067001_22;V;10000;1240;0;11000;2440;2835
P172067001;P172067001_23;W;11000;1240;0;12000;2440;2835
P172067001;P172067001_24;X;11000;0;0;12000;1200;2835
P172067001;P172067001_25;Y;12000;0;0;13200;1000;2835
P172067001;P172067001_26;Z;12000;1240;0;13000;2440;2835
P170067003;P170067003_1;A;0;0;0;1000;1200;2835
P170067003;P170067003_2;B;0;1240;0;1000;2440;2835
P170067003;P170067003_3;C;1000;1240;0;2000;2440;2835
P170067003;P170067003_4;D;1000;0;0;2000;1200;2835
P170067003;P170067003_5;E;2000;0;0;3000;1200;2690
P170067003;P170067003_6;F;2000;1240;0;3000;2440;2835
P170067003;P170067003_7;G;3000;1240;0;4000;2440;2835
P170067003;P170067003_8;H;3000;0;0;4000;1200;2835
P170067003;P170067003_9;I;4000;0;0;5000;1200;2835
P170067003;P170067003_10;J;4000;1240;0;5000;2440;2835
P170067003;P170067003_11;K;5000;1240;0;6000;2440;2835
P170067003;P170067003_12;L;5000;0;0;6000;1200;2835
P170067003;P170067003_13;M;6000;0;0;7000;1200;2835
P170067003;P170067003_14;N;6000;1240;0;7000;2440;2835
P170067003;P170067003_15;O;7000;1240;0;8000;2440;2835
P170067003;P170067003_16;P;7000;0;0;8000;1200;2835
P170067003;P170067003_17;Q;8000;0;0;9000;1200;2835
P170067003;P170067003_18;R;8000;1240;0;9000;2440;2835
P170067003;P170067003_19;S;9000;1240;0;10000;2440;2835
P170067003;P170067003_20;T;9000;0;0;10000;1200;2835
P170067003;P170067003_21;U;10000;0;0;11000;1200;2835
P170067003;P170067003_22;V;10000;1240;0;11000;2440;2835
P170067003;P170067003_23;W;11000;1240;0;12000;2440;2835
P170067003;P170067003_24;X;11000;0;0;12000;1200;2835
P170067003;P170067003_25;Y;12000;0;0;13200;1000;2835
P170067003;P170067003_26;Z;12000;1240;0;13000;2440;2835
P167067001;P167067001_1;A;0;0;0;1000;1200;2835
P167067001;P167067001_2;B;0;1240;0;1000;2440;2835
P167067001;P167067001_3;C;1000;1240;0;2000;2440;2835
P167067001;P167067001_4;D;1000;0;0;2000;1200;2835
P167067001;P167067001_5;E;2000;0;0;3000;1200;2835
P167067001;P167067001_6;F;2000;1240;0;3000;2440;2835
P167067001;P167067001_7;G;3000;1240;0;4000;2440;2835
P167067001;P167067001_8;H;3000;0;0;4000;1200;2835
P167067001;P167067001_9;I;4000;0;0;5000;1200;2835
P167067001;P167067001_10;J;4000;1240;0;5000;2440;2835
P167067001;P167067001_11;K;5000;1240;0;6000;2440;2835
P167067001;P167067001_12;L;5000;0;0;6000;1200;2835
P177334505;P177334505_1;A;0;1240;0;1000;2440;2835
P177334505;P177334505_2;B;0;20;0;1000;1220;2835
P177334505;P177334505_3;C;1000;10;0;2000;1210;2835
P177334505;P177334505_4;D;1000;1210;0;2000;2410;2835
P177334505;P177334505_5;E;2000;1240;0;3000;2440;2835
P177334505;P177334505_6;F;2000;0;0;3000;1200;2835
P177334505;P177334505_7;G;3000;0;0;4000;1200;2835
P177334505;P177334505_8;H;3000;1220;0;4000;2420;2835
P177334505;P177334505_9;I;4000;0;0;5000;1200;2835
P177334505;P177334505_10;J;4000;1240;0;5000;2440;2835
P177334505;P177334505_11;K;5000;0;0;6000;1200;2835
P177334505;P177334505_12;L;5000;1200;0;6000;2400;2835
P177334505;P177334505_13;M;6000;1240;0;7000;2440;2835
P177334505;P177334505_14;N;6000;0;0;7000;1200;2835
P177334505;P177334505_15;O;7000;0;0;8000;1200;2835
P177334505;P177334505_16;P;7000;1200;0;8000;2400;2835
P177334505;P177334505_17;Q;8000;1240;0;9000;2440;2835
P177334505;P177334505_18;R;8000;0;0;9000;1200;2835
P177334505;P177334505_19;S;9000;0;0;10000;1200;2835
P177334505;P177334505_20;T;9000;1240;0;10000;2440;2835
P177334505;P177334505_21;U;10000;1240;0;11000;2440;2835
P177334505;P177334505_22;V;10000;0;0;11000;1200;2835
P177334505;P177334505_23;W;11000;0;0;12000;1200;2835
P177334505;P177334505_24;X;11000;1240;0;12000;2440;2835
P177334505;P177334505_25;Y;12000;1440;0;13200;2440;2835
P177334505;P177334505_26;Z;12000;0;0;13000;1200;2835
P173334505;P173334505_1;A;0;0;0;1000;1200;2835
P173334505;P173334505_2;B;0;1200;0;1000;2400;2835
P173334505;P173334505_3;C;1000;1240;0;2000;2440;2835
P173334505;P173334505_4;D;1000;0;0;2000;1200;2835
P173334505;P173334505_5;E;2000;1240;0;3000;2440;2835
P173334505;P173334505_6;F;2000;0;0;3000;1200;2835
P173334505;P173334505_7;G;3000;0;0;4000;1200;2835
P173334505;P173334505_8;H;3000;1240;0;4000;2440;2835
P173334505;P173334505_9;I;4000;1240;0;5000;2440;2835
P173334505;P173334505_10;J;4000;0;0;5000;1200;2835
P173334505;P173334505_11;K;5000;620;0;6000;1820;2835
P173334505;P173334505_12;L;6000;1240;0;7000;2440;2835
P173334505;P173334505_13;M;6000;0;0;7000;1200;2835
P173334505;P173334505_14;N;7000;0;0;8000;1200;2835
P173334505;P173334505_15;O;7000;1240;0;8000;2440;2835
P173334505;P173334505_16;P;8000;1240;0;9000;2440;2835
P173334505;P173334505_17;Q;8000;0;0;9000;1200;2835
P173334505;P173334505_18;R;9000;0;0;10000;1200;975
P170334505;P170334505_1;A;0;620;0;1000;1820;2835
P170334505;P170334505_2;B;1000;1240;0;2000;2440;2835
P170334505;P170334505_3;C;1000;20;0;2000;1220;2835
P170334505;P170334505_4;D;2000;1240;0;3000;2440;2835
P170334505;P170334505_5;E;2000;0;0;3000;1200;2835
P170334505;P170334505_6;F;3000;0;0;4000;1200;2835
P170334505;P170334505_7;G;3000;1240;0;4000;2440;2835
P170334505;P170334505_8;H;4000;1240;0;5000;2440;2835
P170334505;P170334505_9;I;4000;0;0;5000;1200;2835
P170334505;P170334505_10;J;5000;0;0;6000;1200;2835
P170334505;P170334505_11;K;5000;1240;0;6000;2440;2835
P170334505;P170334505_12;L;6000;1240;0;7000;2440;2835
P170334505;P170334505_13;M;6000;0;0;7000;1200;1905
P170334505;P170334505_14;N;7000;0;0;8000;1200;2835
P170334505;P170334505_15;O;7000;1240;0;8000;2440;2835
P170334505;P170334505_16;P;8000;1240;0;9000;2440;1905
P170334505;P170334505_17;Q;8000;0;0;9000;1200;2835
P170334505;P170334505_18;R;9000;0;0;10000;1200;2835
P170334505;P170334505_19;S;9000;1240;0;10000;2440;2835
P170334505;P170334505_20;T;10000;1240;0;11000;2440;1905
P170334505;P170334505_21;U;10000;0;0;11000;1200;2835
P170334505;P170334505_22;V;11000;0;0;12000;1200;1905
P201399601;P201399601_1;A;0;1234;0;1010;2440;385
P201399601;P201399601_2;B;0;0;0;1010;1206;385
P201399601;P201399601_3;C;1010;0;0;2020;1206;285
P201399601;P201399601_4;D;1010;1240;0;2010;2440;2835
P201399601;P201399601_5;E;2010;1240;0;3010;2440;2835
P201399601;P201399601_6;F;2020;0;0;3020;1200;2835
P201399601;P201399601_7;G;3010;1234;0;4020;2440;2170
P201399601;P201399601_8;H;3020;0;0;4030;1206;2170
P201399601;P201399601_9;I;4020;1234;0;5030;2440;2170
P201399601;P201399601_10;J;4030;0;0;5040;1206;1085
P201399601;P201399601_11;K;5030;1240;0;6030;2440;2100
P201399601;P201399601_12;L;5040;0;0;6050;1206;2695
P201399601;P201399601_13;M;6030;1234;0;7040;2440;870
P201399601;P201399601_14;N;6050;0;0;7060;1206;770
P201399601;P201399601_15;O;7040;1234;0;8050;2440;770
P201399601;P201399601_16;P;7060;0;0;8070;1206;2370
P201399601;P201399601_17;Q;8050;1234;0;9060;2440;2370
P201399601;P201399601_18;R;8070;0;0;9210;1180;2142
P201399601;P201399601_19;S;9060;1234;0;10070;2440;2170
P201399601;P201399601_20;T;9210;0;0;10220;1206;2170
P201399601;P201399601_21;U;10070;1234;0;11080;2440;2170
P201399601;P201399601_22;V;10220;0;0;11230;1206;1085
P201399601;P201399601_23;W;11080;1234;0;12090;2440;1085
P201399601;P201399601_24;X;11230;0;0;12240;1206;2355
P201399601;P201399601_25;Y;12090;1234;0;13100;2440;2340
P201399601;P201399601_26;Z;12240;0;0;13250;1206;780
Q201399601_1;Q201399601_1_1;A;0;0;0;1000;1200;918
Q201399601_1;Q201399601_1_2;B;0;1234;0;1010;2440;770
Q201399601_1;Q201399601_1_3;C;1000;0;0;2010;1206;285
Q201399601_1;Q201399601_1_4;D;1010;1240;0;2010;2440;345
Q201399601_1;Q201399601_1_5;E;2010;1240;0;3610;2440;2700
Q201399601_1;Q201399601_1_6;F;2010;0;0;3010;1200;750
P208399601;P208399601_1;A;0;1240;0;1600;2440;930
P208399601;P208399601_2;B;0;0;0;1900;1200;750
P208399601;P208399601_3;C;1600;1240;0;2600;2440;975
P208399601;P208399601_4;D;1900;0;0;2910;1206;485
P208399601;P208399601_5;E;2600;1234;0;3610;2440;385
P208399601;P208399601_6;F;2910;0;0;3910;1200;2835
P208399601;P208399601_7;G;3610;1240;0;4610;2440;2835
P208399601;P208399601_8;H;3910;0;0;4910;1200;2835
P208399601;P208399601_9;I;4610;1234;0;5620;2440;2170
P208399601;P208399601_10;J;4910;0;0;5920;1206;2170
P208399601;P208399601_11;K;5620;1234;0;6630;2440;2170
P208399601;P208399601_12;L;5920;0;0;6930;1206;1085
P208399601;P208399601_13;M;6630;1240;0;7630;2440;1050
P208399601;P208399601_14;N;6930;0;0;7940;1206;2610
P208399601;P208399601_15;O;7630;1234;0;8640;2440;385
P208399601;P208399601_16;P;7940;0;0;8950;1206;770
P208399601;P208399601_17;Q;8640;1234;0;9650;2440;385
P208399601;P208399601_18;R;8950;0;0;9960;1206;2170
P208399601;P208399601_19;S;9650;1234;0;10660;2440;2170
P208399601;P208399601_20;T;9960;0;0;11100;1180;2142
P208399601;P208399601_21;U;10660;1234;0;11670;2440;1085
P208399601;P208399601_22;V;11100;0;0;12110;1206;1185
P208399601;P208399601_23;W;11670;1234;0;12680;2440;2355
P208399601;P208399601_24;X;12110;0;0;13120;1206;1085
Q208399601_1;Q208399601_1_1;A;0;0;0;1010;1206;1170
Q208399601_1;Q208399601_1_2;B;0;1234;0;1010;2440;2370
Q208399601_1;Q208399601_1_3;C;1010;1234;0;2020;2440;1185
Q208399601_1;Q208399601_1_4;D;1010;0;0;2010;1200;918
Q208399601_1;Q208399601_1_5;E;2010;0;0;3020;1206;385
Q208399601_1;Q208399601_1_6;F;2020;1234;0;3030;2440;285
Q208399601_1;Q208399601_1_7;G;3020;0;0;4020;1200;345
Q208399601_1;Q208399601_1_8;H;3030;1234;0;4040;2440;1085
Q208399601_1;Q208399601_1_9;I;4020;0;0;5620;1200;2700
P193399607;P193399607_1;A;0;1240;0;1000;2440;1905
P193399607;P193399607_2;B;0;0;0;1600;1200;750
P193399607;P193399607_3;C;1000;1234;0;2010;2440;1540
P193399607;P193399607_4;D;1600;0;0;2610;1206;2555
P193399607;P193399607_5;E;2010;1234;0;3020;2440;1470
P193399607;P193399607_6;F;2610;0;0;3620;1206;1970
P193399607;P193399607_7;G;3020;1234;0;4030;2440;985
P193399607;P193399607_8;H;3620;0;0;4620;1200;1035
P193399607;P193399607_9;I;4030;1234;0;5040;2440;2710
P193399607;P193399607_10;J;4620;0;0;5620;1200;2290
P193399607;P193399607_11;K;5040;1240;0;6040;2440;2190
P193399607;P193399607_12;L;5620;0;0;7220;1200;190
P193399607;P193399607_13;M;6040;1234;0;7050;2440;1955
P193399607;P193399607_14;N;7050;1234;0;8060;2440;2555
P193399607;P193399607_15;O;7220;0;0;8230;1206;855
P193399607;P193399607_16;P;8060;1234;0;9070;2440;2782
P193399607;P193399607_17;Q;8230;0;0;9240;1206;2782
P193399607;P193399607_18;R;9070;1234;0;10080;2440;2782
P193399607;P193399607_19;S;9240;0;0;10250;1206;1391
P193399607;P193399607_20;T;10080;1234;0;11090;2440;2370
P193399607;P193399607_21;U;10250;0;0;11260;1206;1540
P193399607;P193399607_22;V;11090;1234;0;12100;2440;1185
P193399607;P193399607_23;W;11260;0;0;12260;1200;1905
P193399607;P193399607_24;X;12100;1240;0;13100;2440;975
P193399607;P193399607_25;Y;12260;0;0;13260;1200;975
P202399605;P202399605_1;A;0;1660;0;570;2440;909
P202399605;P202399605_2;B;0;0;0;1000;1200;2114
P202399605;P202399605_3;C;570;1234;0;1580;2440;2370
P202399605;P202399605_4;D;1000;0;0;2010;1206;770
P202399605;P202399605_5;E;1580;1234;0;2590;2440;2170
P202399605;P202399605_6;F;2010;0;0;3010;1200;690
P202399605;P202399605_7;G;2590;1234;0;3600;2440;770
P202399605;P202399605_8;H;3010;0;0;4020;1206;2540
P202399605;P202399605_9;I;3600;1234;0;4610;2440;1185
P202399605;P202399605_10;J;4020;0;0;4590;780;909
P202399605;P202399605_11;K;4590;0;0;5600;1206;1925
P202399605;P202399605_12;L;4610;1240;0;5610;2440;345
P202399605;P202399605_13;M;5600;0;0;6600;1200;2215
P202399605;P202399605_14;N;5610;1234;0;6620;2440;1925
P202399605;P202399605_15;O;6600;0;0;7600;1200;359
P202399605;P202399605_16;P;6620;1234;0;7630;2440;2425
P202399605;P202399605_17;Q;7600;0;0;8610;1206;385
P202399605;P202399605_18;R;7630;1234;0;8640;2440;485
P202399605;P202399605_19;S;8610;0;0;9610;1200;975
P180064803;P180064803_1;A;0;1240;0;1000;2440;2835
P180064803;P180064803_2;B;0;0;0;1000;1200;2835
P180064803;P180064803_3;C;1000;0;0;2000;1200;975
P180064803;P180064803_4;D;1000;1234;0;2010;2440;2167
P180064803;P180064803_5;E;2000;0;0;3010;1206;2370
P180064803;P180064803_6;F;2010;1234;0;3020;2440;2370
P180064803;P180064803_7;G;3010;0;0;4010;1200;2700
P180064803;P180064803_8;H;3020;1240;0;4020;2440;1350
P177064801;P177064801_1;A;0;830;0;570;1610;909
P177064801;P177064801_2;B;570;1610;0;1140;2390;909
P177064801;P177064801_3;C;570;830;0;1140;1610;909
P177064801;P177064801_4;D;1140;830;0;1710;1610;909
P177064801;P177064801_5;E;1710;1610;0;2280;2390;909
P177064801;P177064801_6;F;1710;830;0;2280;1610;909
P177064801;P177064801_7;G;2280;1660;0;2850;2440;909
P177064801;P177064801_8;H;2280;880;0;2850;1660;909
P177064801;P177064801_9;I;2280;100;0;2850;880;909
P177064801;P177064801_10;J;2850;0;0;3420;780;909
P177064801;P177064801_11;K;2850;1240;0;3850;2440;2835
P177064801;P177064801_12;L;3420;0;0;4420;1200;2835
P177064801;P177064801_13;M;3850;1240;0;4850;2440;2835
P177064801;P177064801_14;N;4420;0;0;5420;1200;2835
P177064801;P177064801_15;O;4850;1240;0;5850;2440;2835
P177064801;P177064801_16;P;5420;0;0;6420;1200;2835
P177064801;P177064801_17;Q;5850;1240;0;6850;2440;2835
P177064801;P177064801_18;R;6420;0;0;7420;1200;2835
P177064801;P177064801_19;S;6850;1240;0;7850;2440;2835
P177064801;P177064801_20;T;7420;0;0;8420;1200;2835
P177064801;P177064801_21;U;7850;1240;0;8850;2440;2835
P177064801;P177064801_22;V;8420;0;0;9420;1200;2835
P177064801;P177064801_23;W;8850;1240;0;9850;2440;2835
P177064801;P177064801_24;X;9420;0;0;10420;1200;2835
P177064801;P177064801_25;Y;9850;1240;0;10850;2440;2835
P173064803;P173064803_1;A;0;0;0;1000;1200;975
P173064803;P173064803_2;B;0;1220;0;1000;2420;975
P173064803;P173064803_3;C;1000;620;0;2000;1820;2835
P173064803;P173064803_4;D;2000;620;0;3000;1820;2835
P173064803;P173064803_5;E;3000;620;0;4000;1820;2835
P173064803;P173064803_6;F;4000;1240;0;5000;2440;2835
P173064803;P173064803_7;G;4000;0;0;5000;1200;2835
P173064803;P173064803_8;H;5000;1240;0;6000;2440;2835
P173064803;P173064803_9;I;5000;0;0;6000;1200;2835
P173064803;P173064803_10;J;6000;0;0;7000;1200;2835
P173064803;P173064803_11;K;6000;1240;0;7000;2440;2835
P173064803;P173064803_12;L;7000;1240;0;8000;2440;2835
P173064803;P173064803_13;M;7000;0;0;8000;1200;975
P173064803;P173064803_14;N;8000;0;0;9010;1206;2370
P173064803;P173064803_15;O;8000;1234;0;9010;2440;2370
P173064803;P173064803_16;P;9010;1234;0;10020;2440;2370
P173064803;P173064803_17;Q;9010;0;0;10020;1206;2370
P173064803;P173064803_18;R;10020;0;0;11030;1206;2167
P173064803;P173064803_19;S;10020;1234;0;11030;2440;2946
P173064803;P173064803_20;T;11030;1240;0;12030;2440;2700
P173064803;P173064803_21;U;11030;0;0;12030;1200;2700
P170064801;P170064801_1;A;0;1660;0;570;2440;909
P170064801;P170064801_2;B;0;0;0;570;780;909
P170064801;P170064801_3;C;0;780;0;570;1560;909
P170064801;P170064801_4;D;570;0;0;1140;780;909
P170064801;P170064801_5;E;570;1220;0;1140;2000;909
P170064801;P170064801_6;F;1140;830;0;1710;1610;909
P170064801;P170064801_7;G;1710;1610;0;2280;2390;909
P170064801;P170064801_8;H;1710;830;0;2280;1610;909
P170064801;P170064801_9;I;2280;1660;0;2850;2440;909
P170064801;P170064801_10;J;2280;880;0;2850;1660;909
P170064801;P170064801_11;K;2280;100;0;2850;880;909
P170064801;P170064801_12;L;2850;1660;0;3420;2440;909
P170064801;P170064801_13;M;2850;0;0;3420;780;909
P170064801;P170064801_14;N;2850;780;0;3420;1560;909
P170064801;P170064801_15;O;3420;0;0;3990;780;909
P170064801;P170064801_16;P;3420;780;0;3990;1560;478
P170064801;P170064801_17;Q;3990;1240;0;4990;2440;2835
P170064801;P170064801_18;R;3990;0;0;4990;1200;2835
P170064801;P170064801_19;S;4990;0;0;5990;1200;2835
P170064801;P170064801_20;T;4990;1240;0;5990;2440;2835
P170064801;P170064801_21;U;5990;1240;0;6990;2440;2835
P170064801;P170064801_22;V;5990;0;0;6990;1200;2835
P170064801;P170064801_23;W;6990;0;0;7990;1200;2835
P170064801;P170064801_24;X;6990;1240;0;7990;2440;2835
P170064801;P170064801_25;Y;7990;1240;0;8990;2440;2835
P170064801;P170064801_26;Z;7990;0;0;8990;1200;2835
P170064801;P170064801_27;AA;8990;0;0;9990;1200;2835
P170064801;P170064801_28;AB;8990;1240;0;9990;2440;2835
P170064801;P170064801_29;AC;9990;1240;0;10990;2440;2835
P170064801;P170064801_30;AD;9990;0;0;10990;1200;2835
P170064801;P170064801_31;AE;10990;0;0;11990;1200;1905
P166064803;P166064803_1;A;0;620;0;1000;1820;2835
P166064803;P166064803_2;B;1000;620;0;2000;1820;2835
P166064803;P166064803_3;C;2000;620;0;3000;1820;2835
P166064803;P166064803_4;D;3000;1240;0;4000;2440;2835
P166064803;P166064803_5;E;3000;0;0;4000;1200;2835
P166064803;P166064803_6;F;4000;1240;0;5000;2440;2835
P166064803;P166064803_7;G;4000;0;0;5000;1200;2835
P166064803;P166064803_8;H;5000;0;0;6000;1200;2835
P166064803;P166064803_9;I;5000;1240;0;6000;2440;2835
P166064803;P166064803_10;J;6000;1240;0;7000;2440;2835
P166064803;P166064803_11;K;6000;0;0;7000;1200;2835
P166064803;P166064803_12;L;7000;0;0;8000;1200;1905
P166064803;P166064803_13;M;7000;1234;0;8010;2440;2370
P166064803;P166064803_14;N;8000;0;0;9010;1206;2370
P166064803;P166064803_15;O;8010;1234;0;9020;2440;2370
P166064803;P166064803_16;P;9010;0;0;10020;1206;2370
P166064803;P166064803_17;Q;9020;1234;0;10030;2440;1964
P186399607;P186399607_1;A;0;1234;0;1010;2440;970
P186399607;P186399607_2;B;0;0;0;1010;1206;2555
P186399607;P186399607_3;C;1010;0;0;2020;1206;2555
P186399607;P186399607_4;D;1010;1234;0;2020;2440;1540
P186399607;P186399607_5;E;2020;1240;0;3020;2440;1035
P186399607;P186399607_6;F;2020;0;0;3030;1206;1970
P186399607;P186399607_7;G;3020;1234;0;4030;2440;1970
P186399607;P186399607_8;H;3030;0;0;4040;1206;2895
P186399607;P186399607_9;I;4030;1234;0;5040;2440;1185
P186399607;P186399607_10;J;4040;0;0;5050;1206;2555
P186399607;P186399607_11;K;5040;1234;0;6050;2440;2655
P186399607;P186399607_12;L;5050;0;0;6060;1206;385
P186399607;P186399607_13;M;6050;1240;0;7050;2440;2290
P186399607;P186399607_14;N;6060;0;0;7060;1200;1145
P186399607;P186399607_15;O;7050;1234;0;8060;2440;2782
P186399607;P186399607_16;P;7060;0;0;8070;1206;1391
P186399607;P186399607_17;Q;8060;1234;0;9070;2440;1570
P186399607;P186399607_18;R;8070;0;0;9080;1206;855
P186399607;P186399607_19;S;9070;1234;0;10080;2440;1185
P186399607;P186399607_20;T;9080;0;0;10090;1206;2725
P186399607;P186399607_21;U;10080;1240;0;11680;2440;190
P186399607;P186399607_22;V;10090;0;0;11690;1200;190
P186399607;P186399607_23;W;11680;1240;0;12680;2440;185
P186399607;P186399607_24;X;11690;0;0;12690;1200;1905
Q186399607_1;Q186399607_1_1;A;0;0;0;1000;1200;975
Q186399607_1;Q186399607_1_2;B;0;1240;0;1000;2440;975
Q186399607_1;Q186399607_1_3;C;1000;1240;0;2000;2440;975
Q186399607_1;Q186399607_1_4;D;1000;0;0;2000;1200;975
P209399605;P209399605_1;A;0;1660;0;570;2440;909
P209399605;P209399605_2;B;0;0;0;1010;1206;2540
P209399605;P209399605_3;C;570;1234;0;1580;2440;1570
P209399605;P209399605_4;D;1010;0;0;2020;1206;1085
P209399605;P209399605_5;E;1580;1240;0;2580;2440;1035
P209399605;P209399605_6;F;2020;0;0;3030;1206;770
P209399605;P209399605_7;G;2580;1240;0;3580;2440;1057
P209399605;P209399605_8;H;3030;0;0;4040;1206;1185
P209399605;P209399605_9;I;3580;1660;0;4150;2440;909
P209399605;P209399605_10;J;4040;0;0;5040;1200;2265
P209399605;P209399605_11;K;4150;1234;0;5160;2440;2425
P209399605;P209399605_12;L;5040;0;0;6040;1200;345
P209399605;P209399605_13;M;5160;1234;0;6170;2440;385
P209399605;P209399605_14;N;6040;0;0;7050;1206;2151
P209399605;P209399605_15;O;6170;1234;0;7180;2440;1155
P209399605;P209399605_16;P;7050;0;0;8060;1206;1925
P209399605;P209399605_17;Q;7180;1234;0;8190;2440;385
P188399605;P188399605_1;A;0;0;0;570;780;478
P188399605;P188399605_2;B;0;1234;0;1010;2440;1085
P188399605;P188399605_3;C;570;0;0;1580;1206;2340
P188399605;P188399605_4;D;1010;1240;0;2010;2440;1035
P188399605;P188399605_5;E;1580;0;0;2590;1206;770
P188399605;P188399605_6;F;2010;1240;0;3010;2440;1057
P188399605;P188399605_7;G;2590;0;0;3600;1206;1185
P188399605;P188399605_8;H;3010;1660;0;3580;2440;909
P188399605;P188399605_9;I;3580;1240;0;4580;2440;2415
P188399605;P188399605_10;J;3600;0;0;4610;1206;2425
P188399605;P188399605_11;K;4580;1240;0;5580;2440;345
P188399605;P188399605_12;L;4610;0;0;5620;1206;1540
P188399605;P188399605_13;M;5580;1234;0;6590;2440;2310
P188399605;P188399605_14;N;5620;0;0;6620;1200;359
P188399605;P188399605_15;O;6590;1234;0;7600;2440;2151
P179061001;P179061001_1;A;0;0;0;1900;1200;2855
P179061001;P179061001_2;B;0;1240;0;1900;2440;2855
P179061001;P179061001_3;C;1900;1240;0;3800;2440;2855
P179061001;P179061001_4;D;1900;0;0;3800;1200;2855
P179061001;P179061001_5;E;3800;0;0;5700;1200;2855
P179061001;P179061001_6;F;3800;1240;0;5700;2440;2855
P179061001;P179061001_7;G;5700;1240;0;7600;2440;2855
P179061001;P179061001_8;H;5700;0;0;7600;1200;2855
P179061001;P179061001_9;I;7600;0;0;9500;1200;2855
P179061001;P179061001_10;J;7600;1240;0;9500;2440;2855
P179061001;P179061001_11;K;9500;1240;0;11400;2440;2855
P179061001;P179061001_12;L;9500;0;0;11400;1200;2855
P179061001;P179061001_13;M;11400;0;0;13300;1200;2855
P179061001;P179061001_14;N;11400;1240;0;13300;2440;2855
P177061001;P177061001_1;A;0;0;0;1900;1200;2855
P177061001;P177061001_2;B;0;1240;0;1900;2440;2855
P177061001;P177061001_3;C;1900;1240;0;3800;2440;2855
P177061001;P177061001_4;D;1900;0;0;3800;1200;2855
P177061001;P177061001_5;E;3800;0;0;5700;1200;2855
P177061001;P177061001_6;F;3800;1240;0;5700;2440;2855
P177061001;P177061001_7;G;5700;1240;0;7600;2440;2855
P177061001;P177061001_8;H;5700;0;0;7600;1200;2855
P177061001;P177061001_9;I;7600;0;0;9500;1200;2855
P177061001;P177061001_10;J;7600;1240;0;9500;2440;2855
P177061001;P177061001_11;K;9500;1240;0;11400;2440;2855
P177061001;P177061001_12;L;9500;0;0;11400;1200;2855
P177061001;P177061001_13;M;11400;0;0;13300;1200;2855
P177061001;P177061001_14;N;11400;1240;0;13300;2440;2855
P172061001;P172061001_1;A;0;0;0;1900;1200;2855
P172061001;P172061001_2;B;0;1240;0;1900;2440;2855
P172061001;P172061001_3;C;1900;1240;0;3800;2440;2855
P172061001;P172061001_4;D;1900;0;0;3800;1200;2855
P172061001;P172061001_5;E;3800;0;0;5700;1200;2855
P172061001;P172061001_6;F;3800;1240;0;5700;2440;2855
P172061001;P172061001_7;G;5700;1240;0;7600;2440;2855
P172061001;P172061001_8;H;5700;0;0;7600;1200;2855
P172061001;P172061001_9;I;7600;0;0;9500;1200;2855
P172061001;P172061001_10;J;7600;1240;0;9500;2440;2855
P172061001;P172061001_11;K;9500;1240;0;11400;2440;2855
P172061001;P172061001_12;L;9500;0;0;11400;1200;2855
P172061001;P172061001_13;M;11400;0;0;13300;1200;2855
P172061001;P172061001_14;N;11400;1240;0;13300;2440;2855
P170061001;P170061001_1;A;0;0;0;1900;1200;2855
P170061001;P170061001_2;B;0;1240;0;1900;2440;2855
P170061001;P170061001_3;C;1900;1240;0;3800;2440;2855
P170061001;P170061001_4;D;1900;0;0;3800;1200;2855
P170061001;P170061001_5;E;3800;0;0;5700;1200;2855
P170061001;P170061001_6;F;3800;1240;0;5700;2440;2855
P170061001;P170061001_7;G;5700;1240;0;7600;2440;2855
P170061001;P170061001_8;H;5700;0;0;7600;1200;2855
P170061001;P170061001_9;I;7600;0;0;9500;1200;2855
P170061001;P170061001_10;J;7600;1240;0;9500;2440;2855
P170061001;P170061001_11;K;9500;1240;0;11400;2440;2855
P170061001;P170061001_12;L;9500;0;0;11400;1200;2855
P170061001;P170061001_13;M;11400;0;0;13300;1200;2855
P170061001;P170061001_14;N;11400;1240;0;13300;2440;2855
P165061001;P165061001_1;A;0;0;0;1900;1200;2855
P165061001;P165061001_2;B;0;1240;0;1900;2440;2855
P165061001;P165061001_3;C;1900;1240;0;3800;2440;2855
P165061001;P165061001_4;D;1900;0;0;3800;1200;2855
P165061001;P165061001_5;E;3800;0;0;5700;1200;2855
P165061001;P165061001_6;F;3800;1240;0;5700;2440;2855
P165061001;P165061001_7;G;5700;1240;0;7600;2440;2855
P165061001;P165061001_8;H;5700;0;0;7600;1200;2855
P165061001;P165061001_9;I;7600;0;0;9500;1200;2855
P165061001;P165061001_10;J;7600;1240;0;9500;2440;2855
P165061001;P165061001_11;K;9500;1240;0;11400;2440;2855
P165061001;P165061001_12;L;9500;0;0;11400;1200;2855
P165061001;P165061001_13;M;11400;0;0;13300;1200;2855
P165061001;P165061001_14;N;11400;1240;0;13300;2440;2855
P240399607;P240399607_1;A;0;1240;0;1000;2440;1905
P240399607;P240399607_2;B;0;0;0;1010;1206;485
P240399607;P240399607_3;C;1000;1234;0;2010;2440;385
P240399607;P240399607_4;D;1010;0;0;1810;1200;1880
P240399607;P240399607_5;E;1810;0;0;2610;1200;2820
P240399607;P240399607_6;F;2010;1240;0;2810;2440;2820
P240399607;P240399607_7;G;2610;0;0;3410;1200;2820
P240399607;P240399607_8;H;2810;1240;0;3610;2440;940
P240399607;P240399607_9;I;3410;0;0;4420;1206;2370
P240399607;P240399607_10;J;3610;1234;0;4620;2440;2710
P240399607;P240399607_11;K;4420;0;0;5430;1206;1055
P240399607;P240399607_12;L;4620;1240;0;6220;2440;190
P240399607;P240399607_13;M;5430;0;0;6440;1206;1955
P240399607;P240399607_14;N;6220;1240;0;7220;2440;185
P240399607;P240399607_15;O;6440;0;0;7450;1206;1185
P240399607;P240399607_16;P;7220;1234;0;8230;2440;1925
P240399607;P240399607_17;Q;7450;0;0;8460;1206;1170
P240399607;P240399607_18;R;8230;1240;0;9230;2440;1905
P240399607;P240399607_19;S;8460;0;0;9460;1200;975
P240399607;P240399607_20;T;9230;1240;0;10230;2440;975
P209399613;P209399613_1;A;0;1234;0;1010;2440;2370
P209399613;P209399613_2;B;0;0;0;1010;1206;485
P209399613;P209399613_3;C;1010;0;0;2020;1206;2370
P209399613;P209399613_4;D;1010;1234;0;2020;2440;2370
P209399613;P209399613_5;E;2020;1240;0;3020;2440;2340
P209399613;P209399613_6;F;2020;0;0;2590;780;909
P209399613;P209399613_7;G;2590;0;0;3590;1200;1455
P209399613;P209399613_8;H;3020;1660;0;3590;2440;1340
P209399613;P209399613_9;I;3590;0;0;4600;1206;1155
P209399613;P209399613_10;J;3590;1660;0;4160;2440;1340
P209399613;P209399613_11;K;4160;1660;0;4730;2440;1340
P209399613;P209399613_12;L;4600;0;0;5170;780;1771
P209399613;P209399613_13;M;4600;780;0;5170;1560;1771
P209399613;P209399613_14;N;4730;1660;0;5300;2440;1771
P209399613;P209399613_15;O;5170;0;0;5740;780;909
P209399613;P209399613_16;P;5300;1234;0;6310;2440;1540
P209399613;P209399613_17;Q;5740;0;0;6750;1206;2340
P209399613;P209399613_18;R;6310;1234;0;7320;2440;1355
P209399613;P209399613_19;S;6750;0;0;7760;1206;485
P240162407;P240162407_1;A;0;1240;0;1000;2440;1150
P240162407;P240162407_2;B;0;20;0;1000;1220;1150
P240162407;P240162407_3;C;1000;620;0;2000;1820;1150
P240162407;P240162407_4;D;2000;620;0;3000;1820;2255
P240162407;P240162407_5;E;3000;1240;0;4000;2440;2255
P240162407;P240162407_6;F;3000;0;0;4000;1200;2255
P240162407;P240162407_7;G;4000;620;0;5000;1820;2255
P240162407;P240162407_8;H;5000;1240;0;6000;2440;2255
P240162407;P240162407_9;I;5000;0;0;6000;1200;2255
P240162407;P240162407_10;J;6000;0;0;7000;1200;2255
P240162407;P240162407_11;K;6000;1240;0;7000;2440;2255
P240162407;P240162407_12;L;7000;1240;0;8000;2440;2255
P240162407;P240162407_13;M;7000;0;0;8000;1200;2255
P240162407;P240162407_14;N;8000;0;0;9000;1200;2255
P240162407;P240162407_15;O;8000;1240;0;9000;2440;2255
P240162407;P240162407_16;P;9000;1240;0;10000;2440;2255
P240162407;P240162407_17;Q;9000;0;0;10000;1200;2255
P240162407;P240162407_18;R;10000;0;0;11000;1200;2255
P240162407;P240162407_19;S;10000;1240;0;11000;2440;2255
P240162407;P240162407_20;T;11000;1240;0;12000;2440;2255
P240162407;P240162407_21;U;11000;0;0;12000;1200;2255
P240162407;P240162407_22;V;12000;0;0;13200;1000;1150
P208162405;P208162405_1;A;0;720;0;1200;1720;1150
P208162405;P208162405_2;B;1200;1440;0;2400;2440;1150
P208162405;P208162405_3;C;1200;220;0;2400;1220;1150
P208162405;P208162405_4;D;2400;720;0;3600;1720;2255
P208162405;P208162405_5;E;3600;720;0;4800;1720;2255
P208162405;P208162405_6;F;4800;1240;0;5800;2440;2255
P208162405;P208162405_7;G;4800;20;0;5800;1220;2255
P208162405;P208162405_8;H;5800;1240;0;6800;2440;2255
P208162405;P208162405_9;I;5800;0;0;6800;1200;2255
P208162405;P208162405_10;J;6800;0;0;7800;1200;2255
P208162405;P208162405_11;K;6800;1240;0;7800;2440;2255
P208162405;P208162405_12;L;7800;1240;0;8800;2440;2255
P208162405;P208162405_13;M;7800;0;0;8800;1200;2255
P208162405;P208162405_14;N;8800;0;0;9800;1200;2255
P208162405;P208162405_15;O;8800;1240;0;9800;2440;2255
P208162405;P208162405_16;P;9800;1240;0;10800;2440;2255
P208162405;P208162405_17;Q;9800;0;0;10800;1200;2255
P205162407;P205162407_1;A;0;620;0;1000;1820;1150
P205162407;P205162407_2;B;1000;1240;0;2000;2440;1150
P205162407;P205162407_3;C;1000;0;0;2000;1200;1150
P205162407;P205162407_4;D;2000;620;0;3000;1820;2255
P205162407;P205162407_5;E;3000;1240;0;4000;2440;2255
P205162407;P205162407_6;F;3000;20;0;4000;1220;2255
P205162407;P205162407_7;G;4000;620;0;5000;1820;2255
P205162407;P205162407_8;H;5000;1240;0;6000;2440;2255
P205162407;P205162407_9;I;5000;0;0;6000;1200;2255
P205162407;P205162407_10;J;6000;1240;0;7000;2440;2255
P205162407;P205162407_11;K;6000;0;0;7000;1200;2255
P205162407;P205162407_12;L;7000;0;0;8000;1200;2255
P205162407;P205162407_13;M;7000;1240;0;8000;2440;2255
P205162407;P205162407_14;N;8000;1240;0;9000;2440;2255
P205162407;P205162407_15;O;8000;0;0;9000;1200;2255
P205162407;P205162407_16;P;9000;0;0;10000;1200;2255
P205162407;P205162407_17;Q;9000;1240;0;10000;2440;2255
P205162407;P205162407_18;R;10000;1240;0;11000;2440;2255
P205162407;P205162407_19;S;10000;0;0;11000;1200;2255
P205162407;P205162407_20;T;11000;0;0;12000;1200;2255
P205162407;P205162407_21;U;11000;1240;0;12000;2440;2255
P205162407;P205162407_22;V;12000;1440;0;13200;2440;1150
P201162405;P201162405_1;A;0;620;0;1000;1820;1150
P201162405;P201162405_2;B;1000;620;0;2000;1820;2255
P201162405;P201162405_3;C;2000;620;0;3000;1820;2255
P201162405;P201162405_4;D;3000;620;0;4000;1820;2255
P201162405;P201162405_5;E;4000;1240;0;5000;2440;2255
P201162405;P201162405_6;F;4000;0;0;5000;1200;2255
P201162405;P201162405_7;G;5000;0;0;6000;1200;2255
P201162405;P201162405_8;H;5000;1240;0;6000;2440;2255
P201162405;P201162405_9;I;6000;1240;0;7000;2440;2255
P201162405;P201162405_10;J;6000;0;0;7000;1200;2255
P201162405;P201162405_11;K;7000;0;0;8000;1200;2255
P201162405;P201162405_12;L;7000;1240;0;8000;2440;2255
P201162405;P201162405_13;M;8000;1240;0;9000;2440;2255
P201162405;P201162405_14;N;8000;0;0;9000;1200;2255
P201162405;P201162405_15;O;9000;0;0;10000;1200;2255
P201162405;P201162405_16;P;9000;1240;0;10000;2440;2255
P201162405;P201162405_17;Q;10000;1240;0;11000;2440;2255
P201162405;P201162405_18;R;10000;0;0;11000;1200;2255
P201162405;P201162405_19;S;11000;0;0;12000;1200;2255
P201162405;P201162405_20;T;11000;1240;0;12000;2440;1150
P198162407;P198162407_1;A;0;0;0;1000;1200;1150
P198162407;P198162407_2;B;0;1220;0;1000;2420;1150
P198162407;P198162407_3;C;1000;620;0;2000;1820;1150
P198162407;P198162407_4;D;2000;1240;0;3000;2440;2255
P198162407;P198162407_5;E;2000;0;0;3000;1200;2255
P198162407;P198162407_6;F;3000;620;0;4000;1820;2255
P198162407;P198162407_7;G;4000;620;0;5000;1820;2255
P198162407;P198162407_8;H;5000;1240;0;6000;2440;2255
P198162407;P198162407_9;I;5000;0;0;6000;1200;2255
P198162407;P198162407_10;J;6000;1240;0;7000;2440;2255
P198162407;P198162407_11;K;6000;0;0;7000;1200;2255
P198162407;P198162407_12;L;7000;0;0;8000;1200;2255
P198162407;P198162407_13;M;7000;1240;0;8000;2440;2255
P198162407;P198162407_14;N;8000;1240;0;9000;2440;2255
P198162407;P198162407_15;O;8000;0;0;9000;1200;2255
P198162407;P198162407_16;P;9000;0;0;10000;1200;2255
P198162407;P198162407_17;Q;9000;1240;0;10000;2440;2255
P198162407;P198162407_18;R;10000;1240;0;11000;2440;2255
P198162407;P198162407_19;S;10000;0;0;11000;1200;2255
P198162407;P198162407_20;T;11000;0;0;12000;1200;2255
P198162407;P198162407_21;U;11000;1240;0;12000;2440;2255
P198162407;P198162407_22;V;12000;1440;0;13200;2440;1150
P194162405;P194162405_1;A;0;720;0;1200;1720;1150
P194162405;P194162405_2;B;1200;1440;0;2400;2440;1150
P194162405;P194162405_3;C;1200;0;0;2400;1000;1150
P194162405;P194162405_4;D;2400;720;0;3600;1720;2255
P194162405;P194162405_5;E;3600;720;0;4800;1720;2255
P194162405;P194162405_6;F;4800;1240;0;5800;2440;2255
P194162405;P194162405_7;G;4800;20;0;5800;1220;2255
P194162405;P194162405_8;H;5800;0;0;6800;1200;2255
P194162405;P194162405_9;I;5800;1240;0;6800;2440;2255
P194162405;P194162405_10;J;6800;1240;0;7800;2440;2255
P194162405;P194162405_11;K;6800;0;0;7800;1200;2255
P194162405;P194162405_12;L;7800;0;0;8800;1200;2255
P194162405;P194162405_13;M;7800;1240;0;8800;2440;2255
P191162407;P191162407_1;A;0;0;0;1000;1200;1150
P191162407;P191162407_2;B;0;1240;0;1000;2440;1150
P191162407;P191162407_3;C;1000;620;0;2000;1820;1150
P191162407;P191162407_4;D;2000;620;0;3000;1820;2255
P191162407;P191162407_5;E;3000;1240;0;4000;2440;2255
P191162407;P191162407_6;F;3000;0;0;4000;1200;2255
P191162407;P191162407_7;G;4000;620;0;5000;1820;2255
P191162407;P191162407_8;H;5000;1240;0;6000;2440;2255
P191162407;P191162407_9;I;5000;0;0;6000;1200;2255
P191162407;P191162407_10;J;6000;1240;0;7000;2440;2255
P191162407;P191162407_11;K;6000;0;0;7000;1200;2255
P191162407;P191162407_12;L;7000;0;0;8000;1200;2255
P191162407;P191162407_13;M;7000;1240;0;8000;2440;2255
P191162407;P191162407_14;N;8000;1240;0;9000;2440;2255
P191162407;P191162407_15;O;8000;0;0;9000;1200;2255
P191162407;P191162407_16;P;9000;0;0;10000;1200;2255
P191162407;P191162407_17;Q;9000;1240;0;10000;2440;2255
P191162407;P191162407_18;R;10000;1240;0;11000;2440;2255
P191162407;P191162407_19;S;10000;0;0;11000;1200;2255
P191162407;P191162407_20;T;11000;0;0;12000;1200;2255
P191162407;P191162407_21;U;11000;1240;0;12000;2440;2255
P191162407;P191162407_22;V;12000;1440;0;13200;2440;1150
Q191162407_1;Q191162407_1_1;A;0;0;0;1000;1200;2255
Q191162407_1;Q191162407_1_2;B;0;1240;0;1000;2440;2255
Q191162407_1;Q191162407_1_3;C;1000;1240;0;2000;2440;2255
Q191162407_1;Q191162407_1_4;D;1000;0;0;2000;1200;2255
Q191162407_1;Q191162407_1_5;E;2000;0;0;3000;1200;2255
Q191162407_1;Q191162407_1_6;F;2000;1240;0;3000;2440;1150
P187162405;P187162405_1;A;0;720;0;1200;1720;1150
P187162405;P187162405_2;B;1200;720;0;2400;1720;1150
P187162405;P187162405_3;C;2400;720;0;3600;1720;2255
P187162405;P187162405_4;D;3600;720;0;4800;1720;2255
P187162405;P187162405_5;E;4800;620;0;5800;1820;2255
P187162405;P187162405_6;F;5800;1240;0;6800;2440;2255
P187162405;P187162405_7;G;5800;0;0;6800;1200;2255
P187162405;P187162405_8;H;6800;1240;0;7800;2440;2255
P187162405;P187162405_9;I;6800;0;0;7800;1200;2255
P187162405;P187162405_10;J;7800;0;0;8800;1200;2255
P187162405;P187162405_11;K;7800;1240;0;8800;2440;2255
P187162405;P187162405_12;L;8800;1240;0;9800;2440;2255
P187162405;P187162405_13;M;8800;0;0;9800;1200;2255
P187162405;P187162405_14;N;9800;0;0;10800;1200;2255
P187162405;P187162405_15;O;9800;1240;0;10800;2440;2255
P187162405;P187162405_16;P;10800;1240;0;11800;2440;2255
P187162405;P187162405_17;Q;10800;0;0;11800;1200;2255
P187162405;P187162405_18;R;11800;0;0;13000;1000;2255
P187162405;P187162405_19;S;11800;1240;0;12800;2440;1150
P184162407;P184162407_1;A;0;0;0;1000;1200;1150
P184162407;P184162407_2;B;0;1220;0;1000;2420;1150
P184162407;P184162407_3;C;1000;620;0;2000;1820;1150
P184162407;P184162407_4;D;2000;620;0;3000;1820;2255
P184162407;P184162407_5;E;3000;620;0;4000;1820;2255
P184162407;P184162407_6;F;4000;620;0;5000;1820;2255
P184162407;P184162407_7;G;5000;1240;0;6000;2440;2255
P184162407;P184162407_8;H;5000;0;0;6000;1200;2255
P184162407;P184162407_9;I;6000;1240;0;7000;2440;2255
P184162407;P184162407_10;J;6000;0;0;7000;1200;2255
P184162407;P184162407_11;K;7000;0;0;8000;1200;2255
P184162407;P184162407_12;L;7000;1240;0;8000;2440;2255
P184162407;P184162407_13;M;8000;1240;0;9000;2440;2255
P184162407;P184162407_14;N;8000;0;0;9000;1200;2255
P184162407;P184162407_15;O;9000;0;0;10000;1200;2255
P184162407;P184162407_16;P;9000;1240;0;10000;2440;2255
P184162407;P184162407_17;Q;10000;1240;0;11000;2440;2255
P184162407;P184162407_18;R;10000;0;0;11000;1200;2255
P184162407;P184162407_19;S;11000;0;0;12000;1200;2255
P184162407;P184162407_20;T;11000;1240;0;12000;2440;1150
P178240703;P178240703_1;A;0;1240;0;1600;2440;870
P178240703;P178240703_2;B;0;0;0;1600;1200;870
P178240703;P178240703_3;C;1600;620;0;3200;1820;2520
P178240703;P178240703_4;D;3200;1240;0;4800;2440;2520
P178240703;P178240703_5;E;3200;20;0;4800;1220;2520
P178240703;P178240703_6;F;4800;0;0;6400;1200;2520
P178240703;P178240703_7;G;4800;1240;0;6400;2440;2520
P178240703;P178240703_8;H;6400;1240;0;8000;2440;2520
P178240703;P178240703_9;I;6400;0;0;8000;1200;2520
P178240703;P178240703_10;J;8000;0;0;9600;1200;2520
P178240703;P178240703_11;K;8000;1240;0;9600;2440;2520
P178240703;P178240703_12;L;9600;1240;0;11200;2440;2520
P178240703;P178240703_13;M;9600;0;0;11200;1200;2520
P178240703;P178240703_14;N;11200;0;0;12800;1200;2520
P178240703;P178240703_15;O;11200;1240;0;12800;2440;870
P174240703;P174240703_1;A;0;1240;0;1600;2440;870
P174240703;P174240703_2;B;0;20;0;1600;1220;870
P174240703;P174240703_3;C;1600;620;0;3200;1820;2520
P174240703;P174240703_4;D;3200;1240;0;4800;2440;2520
P174240703;P174240703_5;E;3200;0;0;4800;1200;2520
P174240703;P174240703_6;F;4800;0;0;6400;1200;2520
P174240703;P174240703_7;G;4800;1240;0;6400;2440;2520
P174240703;P174240703_8;H;6400;1240;0;8000;2440;2520
P174240703;P174240703_9;I;6400;0;0;8000;1200;2520
P174240703;P174240703_10;J;8000;0;0;9600;1200;2520
P174240703;P174240703_11;K;8000;1240;0;9600;2440;2520
P174240703;P174240703_12;L;9600;1240;0;11200;2440;2520
P174240703;P174240703_13;M;9600;0;0;11200;1200;2520
P174240703;P174240703_14;N;11200;0;0;12800;1200;2520
P174240703;P174240703_15;O;11200;1240;0;12800;2440;1695
P173240703;P173240703_1;A;0;620;0;1600;1820;870
P173240703;P173240703_2;B;1600;620;0;3200;1820;2520
P173240703;P173240703_3;C;3200;1240;0;4800;2440;1695
P173240703;P173240703_4;D;3200;20;0;4800;1220;2520
P173240703;P173240703_5;E;4800;0;0;6400;1200;2520
P173240703;P173240703_6;F;4800;1240;0;6400;2440;2520
P173240703;P173240703_7;G;6400;1240;0;8000;2440;2520
P173240703;P173240703_8;H;6400;0;0;8000;1200;2520
P179399605;P179399605_1;A;0;1660;0;1730;2440;2255
P179399605;P179399605_2;B;0;0;0;1730;780;1150
P179399605;P179399605_3;C;0;780;0;1550;1530;2845
P179399605;P179399605_4;D;1550;780;0;3100;1530;1120
P179399605;P179399605_5;E;1730;0;0;2300;780;478
P179399605;P179399605_6;F;3100;1300;0;4860;2440;1120
P179399605;P179399605_7;G;3100;0;0;4110;1206;570
P179399605;P179399605_8;H;4110;0;0;5120;1206;1185
P179399605;P179399605_9;I;4860;1234;0;5870;2440;1955
P179399605;P179399605_10;J;5120;0;0;6120;1200;1057
P179399605;P179399605_11;K;5870;1234;0;6880;2440;2170
P179399605;P179399605_12;L;6120;0;0;7130;1206;2170
P179399605;P179399605_13;M;6880;1234;0;7890;2440;285
P179399605;P179399605_14;N;7130;0;0;7700;780;909
P179399605;P179399605_15;O;7700;0;0;8710;1206;1925
P179399605;P179399605_16;P;7890;1234;0;8900;2440;485
P179399605;P179399605_17;Q;8710;0;0;9710;1200;345
P179399605;P179399605_18;R;8900;1234;0;9910;2440;1925
P179399605;P179399605_19;S;9710;0;0;10710;1200;359
P179399605;P179399605_20;T;9910;1240;0;10910;2440;1905
P179399605;P179399605_21;U;10710;0;0;11710;1200;930
P174399605;P174399605_1;A;0;1660;0;570;2440;909
P174399605;P174399605_2;B;0;0;0;1000;1200;345
P174399605;P174399605_3;C;570;1234;0;1580;2440;1955
P174399605;P174399605_4;D;1000;0;0;2010;1206;1085
P174399605;P174399605_5;E;1580;1234;0;2590;2440;1570
P174399605;P174399605_6;F;2010;0;0;3010;1200;1057
P174399605;P174399605_7;G;2590;1234;0;3600;2440;1085
P174399605;P174399605_8;H;3010;0;0;3580;780;909
P174399605;P174399605_9;I;3580;0;0;4580;1200;345
P174399605;P174399605_10;J;3600;1240;0;4600;2440;1970
P174399605;P174399605_11;K;4580;0;0;5590;1206;1940
P174399605;P174399605_12;L;4600;1234;0;5610;2440;1155
P174399605;P174399605_13;M;5590;0;0;6600;1206;1925
P174399605;P174399605_14;N;5610;1234;0;6620;2440;1181
P202399613;P202399613_1;A;0;0;0;1010;1206;2370
P202399613;P202399613_2;B;0;1234;0;1010;2440;2370
P202399613;P202399613_3;C;1010;1234;0;2020;2440;2370
P202399613;P202399613_4;D;1010;0;0;1580;780;909
P202399613;P202399613_5;E;1580;0;0;2150;780;478
P202399613;P202399613_6;F;2020;1240;0;3020;2440;1455
P202399613;P202399613_7;G;2150;0;0;3150;1200;1455
P202399613;P202399613_8;H;3020;1660;0;3590;2440;1340
P202399613;P202399613_9;I;3150;0;0;3720;780;1771
P202399613;P202399613_10;J;3150;780;0;3720;1560;1771
P202399613;P202399613_11;K;3590;1660;0;4160;2440;1771
P202399613;P202399613_12;L;3720;0;0;4290;780;1771
P202399613;P202399613_13;M;3720;830;0;4290;1610;1771
P202399613;P202399613_14;N;4160;1660;0;4730;2440;1340
P202399613;P202399613_15;O;4290;227;0;5300;1433;1155
P202399613;P202399613_16;P;4730;1660;0;5300;2440;478
P202399613;P202399613_17;Q;5300;830;0;5870;1610;478
P202399613;P202399613_18;R;5870;1610;0;6440;2390;478
P202399613;P202399613_19;S;5870;830;0;6440;1610;478
P202399613;P202399613_20;T;6440;0;0;7450;1206;2510
P202399613;P202399613_21;U;6440;1240;0;7440;2440;345
P202399613;P202399613_22;V;7440;1234;0;8450;2440;1540
P202399613;P202399613_23;W;7450;0;0;8460;1206;2155
P202399613;P202399613_24;X;8450;1234;0;9460;2440;785
P185399601;P185399601_1;A;0;1340;0;1100;2440;233
P185399601;P185399601_2;B;0;0;0;1010;1206;385
P185399601;P185399601_3;C;1010;0;0;1810;1200;250
P185399601;P185399601_4;D;1100;1234;0;2110;2440;2370
P185399601;P185399601_5;E;1810;0;0;2820;1206;2425
P185399601;P185399601_6;F;2110;1234;0;3120;2440;285
P185399601;P185399601_7;G;2820;0;0;3830;1206;2370
P185399601;P185399601_8;H;3120;1234;0;4130;2440;2370
P185399601;P185399601_9;I;3830;0;0;4840;1206;2370
P185399601;P185399601_10;J;4130;1234;0;5140;2440;1955
P185399601;P185399601_11;K;4840;0;0;5840;1200;1045
P185399601;P185399601_12;L;5140;1234;0;6150;2440;385
P185399601;P185399601_13;M;5840;0;0;7440;1200;500
P185399601;P185399601_14;N;6150;1234;0;7160;2440;2555
P185399601;P185399601_15;O;7160;1234;0;8170;2440;485
P185399601;P185399601_16;P;7440;0;0;8450;1206;285
P185399601;P185399601_17;Q;8170;1234;0;9180;2440;1085
P185399601;P185399601_18;R;8450;0;0;9460;1206;770
P185399601;P185399601_19;S;9180;1234;0;10190;2440;2170
P185399601;P185399601_20;T;9460;0;0;10470;1206;1085
P185399601;P185399601_21;U;10190;1240;0;11190;2440;235
P185399601;P185399601_22;V;10470;0;0;11470;1200;345
P191399601;P191399601_1;A;0;0;0;1000;1200;975
P191399601;P191399601_2;B;0;1234;0;1010;2440;385
P191399601;P191399601_3;C;1000;0;0;2800;1200;2145
P191399601;P191399601_4;D;1010;1234;0;2020;2440;1055
P191399601;P191399601_5;E;2020;1234;0;3030;2440;1185
P191399601;P191399601_6;F;2800;0;0;3800;1200;2100
P191399601;P191399601_7;G;3030;1234;0;4040;2440;485
P191399601;P191399601_8;H;3800;0;0;4810;1206;584
P191399601;P191399601_9;I;4040;1234;0;5050;2440;385
P191399601;P191399601_10;J;4810;0;0;5820;1206;2740
P191399601;P191399601_11;K;5050;1234;0;6060;2440;2370
P191399601;P191399601_12;L;5820;0;0;6830;1206;770
P191399601;P191399601_13;M;6060;1234;0;7070;2440;1085
P191399601;P191399601_14;N;6830;0;0;7840;1206;2740
P191399601;P191399601_15;O;7070;1234;0;8080;2440;285
P191399601;P191399601_16;P;7840;0;0;8850;1206;1185
P191399601;P191399601_17;Q;8080;1234;0;9090;2440;1185
P191399601;P191399601_18;R;8850;0;0;9860;1206;2370
P191399601;P191399601_19;S;9090;1234;0;10100;2440;2370
P191399601;P191399601_20;T;9860;0;0;10870;1206;1085
P191399601;P191399601_21;U;10100;1240;0;11100;2440;2835
P191399601;P191399601_22;V;10870;0;0;11870;1200;975
P194399601;P194399601_1;A;0;0;0;1010;1206;385
P194399601;P194399601_2;B;0;1240;0;1000;2440;975
P194399601;P194399601_3;C;1000;1240;0;2000;2440;2835
P194399601;P194399601_4;D;1010;0;0;2010;1200;975
P194399601;P194399601_5;E;2000;1234;0;3010;2440;1925
P194399601;P194399601_6;F;2010;0;0;3020;1206;2170
P194399601;P194399601_7;G;3010;1234;0;4020;2440;2170
P194399601;P194399601_8;H;3020;0;0;4030;1206;2170
P194399601;P194399601_9;I;4020;1240;0;5020;2440;1050
P194399601;P194399601_10;J;4030;0;0;5040;1206;770
P194399601;P194399601_11;K;5020;1234;0;6030;2440;770
P194399601;P194399601_12;L;5040;0;0;6050;1206;2170
P194399601;P194399601_13;M;6030;1234;0;7040;2440;2170
P194399601;P194399601_14;N;6050;0;0;7050;1200;345
P194399601;P194399601_15;O;7040;1234;0;8050;2440;2170
P194399601;P194399601_16;P;7050;0;0;8060;1206;1085
P194399601;P194399601_17;Q;8050;1234;0;9060;2440;1955
P194399601;P194399601_18;R;8060;0;0;9200;1180;1071
P194399601;P194399601_19;S;9060;1234;0;10070;2440;285
P194399601;P194399601_20;T;9200;0;0;10210;1206;385
P194399601;P194399601_21;U;10070;1240;0;11070;2440;918
P194399601;P194399601_22;V;10210;0;0;11220;1206;1185
P194399601;P194399601_23;W;11070;1234;0;12080;2440;780
P194399601;P194399601_24;X;11220;0;0;12820;1200;2700
P198399601;P198399601_1;A;0;0;0;1010;1206;485
P198399601;P198399601_2;B;0;1240;0;1800;2440;2145
P198399601;P198399601_3;C;1010;0;0;2020;1206;385
P198399601;P198399601_4;D;1800;1234;0;2810;2440;1055
P198399601;P198399601_5;E;2020;0;0;3030;1206;485
P198399601;P198399601_6;F;2810;1234;0;3820;2440;1185
P198399601;P198399601_7;G;3030;0;0;4030;1200;2100
P198399601;P198399601_8;H;3820;1234;0;4830;2440;385
P198399601;P198399601_9;I;4030;0;0;5040;1206;2740
P198399601;P198399601_10;J;4830;1234;0;5840;2440;1185
P198399601;P198399601_11;K;5040;0;0;6050;1206;771
P198399601;P198399601_12;L;5840;1234;0;6850;2440;485
P198399601;P198399601_13;M;6050;0;0;7060;1206;1085
P198399601;P198399601_14;N;6850;1234;0;7860;2440;2740
P198399601;P198399601_15;O;7060;0;0;8070;1206;285
P198399601;P198399601_16;P;7860;1234;0;8870;2440;385
P198399601;P198399601_17;Q;8070;0;0;9080;1206;2370
P198399601;P198399601_18;R;8870;1234;0;9880;2440;2370
P198399601;P198399601_19;S;9080;0;0;10090;1206;385
P198399601;P198399601_20;T;9880;1234;0;10890;2440;1185
P198399601;P198399601_21;U;10090;0;0;11100;1206;1085
P198399601;P198399601_22;V;10890;1240;0;11890;2440;2835
P198399601;P198399601_23;W;11100;0;0;12100;1200;975
P179399607;P179399607_1;A;0;0;0;1010;1206;2240
P179399607;P179399607_2;B;0;1240;0;1000;2440;690
P179399607;P179399607_3;C;1000;1234;0;2010;2440;770
P179399607;P179399607_4;D;1010;0;0;2020;1206;2525
P179399607;P179399607_5;E;2010;1240;0;3010;2440;1145
P179399607;P179399607_6;F;2020;0;0;3620;1200;190
P179399607;P179399607_7;G;3010;1240;0;4610;2440;190
P179399607;P179399607_8;H;3620;0;0;4630;1206;1925
P179399607;P179399607_9;I;4610;1234;0;5620;2440;1570
P179399607;P179399607_10;J;4630;0;0;5640;1206;2555
P179399607;P179399607_11;K;5620;1234;0;6630;2440;285
P179399607;P179399607_12;L;5640;0;0;6640;1200;185
P179399607;P179399607_13;M;6630;1234;0;7640;2440;2782
P179399607;P179399607_14;N;6640;0;0;7650;1206;2782
P179399607;P179399607_15;O;7640;1234;0;8650;2440;1391
P179399607;P179399607_16;P;7650;0;0;8660;1206;1185
P179399607;P179399607_17;Q;8650;1234;0;9660;2440;1185
P179399607;P179399607_18;R;8660;0;0;9670;1206;2370
P179399607;P179399607_19;S;9660;1240;0;10660;2440;1905
P179399607;P179399607_20;T;9670;0;0;10670;1200;975
P179399607;P179399607_21;U;10660;1240;0;11660;2440;975
P179399607;P179399607_22;V;10670;0;0;11670;1200;975
P188399613;P188399613_1;A;0;1234;0;1010;2440;485
P188399613;P188399613_2;B;0;0;0;1010;1206;2370
P188399613;P188399613_3;C;1010;0;0;2020;1206;2370
P188399613;P188399613_4;D;1010;1234;0;2020;2440;1185
P188399613;P188399613_5;E;2020;1660;0;2590;2440;909
P188399613;P188399613_6;F;2020;0;0;2590;780;478
P188399613;P188399613_7;G;2590;1240;0;3590;2440;1455
P188399613;P188399613_8;H;2590;0;0;3590;1200;1455
P188399613;P188399613_9;I;3590;0;0;4590;1200;750
P188399613;P188399613_10;J;3590;1660;0;4160;2440;909
P188399613;P188399613_11;K;4160;1660;0;4730;2440;1340
P188399613;P188399613_12;L;4590;0;0;5160;780;1340
P188399613;P188399613_13;M;4590;780;0;5160;1560;1340
P188399613;P188399613_14;N;4730;1660;0;5300;2440;1771
P188399613;P188399613_15;O;5160;0;0;6170;1206;1540
P188399613;P188399613_16;P;5300;1660;0;5870;2440;1771
P188399613;P188399613_17;Q;5870;1660;0;6440;2440;1771
P188399613;P188399613_18;R;6170;0;0;6740;780;1340
P188399613;P188399613_19;S;6440;1234;0;7450;2440;2325
P188399613;P188399613_20;T;6740;0;0;7750;1206;1955
P188399613;P188399613_21;U;7450;1234;0;8460;2440;770
P191399607;P191399607_1;A;0;0;0;1010;1206;385
P191399607;P191399607_2;B;0;1240;0;800;2440;1880
P191399607;P191399607_3;C;800;1240;0;1600;2440;2820
P191399607;P191399607_4;D;1010;0;0;1810;1200;1880
P191399607;P191399607_5;E;1600;1240;0;2400;2440;940
P191399607;P191399607_6;F;1810;0;0;2820;1206;1185
P191399607;P191399607_7;G;2400;1234;0;3410;2440;670
P191399607;P191399607_8;H;2820;0;0;4420;1200;190
P191399607;P191399607_9;I;3410;1234;0;4420;2440;2895
P191399607;P191399607_10;J;4420;1234;0;5430;2440;1955
P191399607;P191399607_11;K;4420;0;0;5420;1200;185
P191399607;P191399607_12;L;5420;0;0;6430;1206;1740
P191399607;P191399607_13;M;5430;1234;0;6440;2440;385
P191399607;P191399607_14;N;6430;0;0;7440;1206;1540
P191399607;P191399607_15;O;6440;1240;0;7440;2440;975
P191399607;P191399607_16;P;7440;0;0;8440;1200;975
P191399607;P191399607_17;Q;7440;1240;0;8440;2440;975
P206066001;P206066001_1;A;0;620;0;1000;1820;1905
P206066001;P206066001_2;B;1000;1240;0;2000;2440;1905
P206066001;P206066001_3;C;1000;0;0;2000;1200;1905
P206066001;P206066001_4;D;2000;1240;0;3000;2440;1905
P206066001;P206066001_5;E;2000;0;0;3000;1200;1905
P206066001;P206066001_6;F;3000;0;0;4000;1200;1905
P206066001;P206066001_7;G;3000;1240;0;4000;2440;1905
P206066001;P206066001_8;H;4000;1240;0;5000;2440;1905
P206066001;P206066001_9;I;4000;0;0;5000;1200;1905
P206066001;P206066001_10;J;5000;0;0;6000;1200;1905
P206066001;P206066001_11;K;5000;1240;0;6000;2440;1905
P206066001;P206066001_12;L;6000;1240;0;7000;2440;1905
P206066001;P206066001_13;M;6000;0;0;7000;1200;1905
P206066001;P206066001_14;N;7000;0;0;8000;1200;1905
P206066001;P206066001_15;O;7000;1240;0;8000;2440;1905
P206066001;P206066001_16;P;8000;1240;0;9000;2440;1905
P206066001;P206066001_17;Q;8000;0;0;9000;1200;1905
P206066001;P206066001_18;R;9000;0;0;10000;1200;1905
P206066001;P206066001_19;S;9000;1240;0;10000;2440;1905
P206066001;P206066001_20;T;10000;1240;0;11000;2440;1905
P206066001;P206066001_21;U;10000;0;0;11000;1200;1905
P206066001;P206066001_22;V;11000;0;0;12000;1200;1905
P206066001;P206066001_23;W;11000;1240;0;12000;2440;1905
P206066001;P206066001_24;X;12000;1440;0;13200;2440;1905
P206066001;P206066001_25;Y;12000;0;0;13000;1200;1905
P202066001;P202066001_1;A;0;0;0;1000;1200;1905
P202066001;P202066001_2;B;0;1240;0;1000;2440;1905
P202066001;P202066001_3;C;1000;620;0;2000;1820;1905
P202066001;P202066001_4;D;2000;1240;0;3000;2440;1905
P202066001;P202066001_5;E;2000;20;0;3000;1220;1905
P202066001;P202066001_6;F;3000;1240;0;4000;2440;1905
P202066001;P202066001_7;G;3000;0;0;4000;1200;1905
P202066001;P202066001_8;H;4000;0;0;5000;1200;1905
P202066001;P202066001_9;I;4000;1240;0;5000;2440;1905
P202066001;P202066001_10;J;5000;1240;0;6000;2440;1905
P202066001;P202066001_11;K;5000;0;0;6000;1200;1905
P202066001;P202066001_12;L;6000;0;0;7000;1200;1905
P202066001;P202066001_13;M;6000;1240;0;7000;2440;1905
P202066001;P202066001_14;N;7000;1240;0;8000;2440;1905
P202066001;P202066001_15;O;7000;0;0;8000;1200;1905
P202066001;P202066001_16;P;8000;0;0;9000;1200;1905
P202066001;P202066001_17;Q;8000;1240;0;9000;2440;1905
P202066001;P202066001_18;R;9000;1240;0;10000;2440;1905
P202066001;P202066001_19;S;9000;0;0;10000;1200;1905
P202066001;P202066001_20;T;10000;0;0;11000;1200;1905
P202066001;P202066001_21;U;10000;1240;0;11000;2440;1905
P202066001;P202066001_22;V;11000;1240;0;12000;2440;1905
P202066001;P202066001_23;W;11000;0;0;12000;1200;1905
P202066001;P202066001_24;X;12000;0;0;13200;1000;1905
P202066001;P202066001_25;Y;12000;1240;0;13000;2440;1905
P199066001;P199066001_1;A;0;1240;0;1000;2440;1905
P199066001;P199066001_2;B;0;0;0;1000;1200;1905
P199066001;P199066001_3;C;1000;0;0;2000;1200;1905
P199066001;P199066001_4;D;1000;1220;0;2000;2420;1905
P199066001;P199066001_5;E;2000;620;0;3000;1820;1905
P199066001;P199066001_6;F;3000;1240;0;4000;2440;1905
P199066001;P199066001_7;G;3000;0;0;4000;1200;1905
P199066001;P199066001_8;H;4000;1240;0;5000;2440;1905
P199066001;P199066001_9;I;4000;0;0;5000;1200;1905
P199066001;P199066001_10;J;5000;0;0;6000;1200;1905
P199066001;P199066001_11;K;5000;1240;0;6000;2440;1905
P199066001;P199066001_12;L;6000;1240;0;7000;2440;1905
P199066001;P199066001_13;M;6000;0;0;7000;1200;1905
P199066001;P199066001_14;N;7000;0;0;8000;1200;1905
P199066001;P199066001_15;O;7000;1240;0;8000;2440;1905
P199066001;P199066001_16;P;8000;1240;0;9000;2440;1905
P199066001;P199066001_17;Q;8000;0;0;9000;1200;1905
P199066001;P199066001_18;R;9000;0;0;10000;1200;1905
P199066001;P199066001_19;S;9000;1240;0;10000;2440;1905
P199066001;P199066001_20;T;10000;1240;0;11000;2440;1905
P199066001;P199066001_21;U;10000;0;0;11000;1200;1905
P199066001;P199066001_22;V;11000;0;0;12000;1200;1905
P199066001;P199066001_23;W;11000;1240;0;12000;2440;1905
P199066001;P199066001_24;X;12000;1440;0;13200;2440;1905
P199066001;P199066001_25;Y;12000;0;0;13000;1200;1905
Q199066001_1;Q199066001_1_1;A;0;0;0;1000;1200;1905
Q199066001_1;Q199066001_1_2;B;0;1240;0;1000;2440;1905
Q199066001_1;Q199066001_1_3;C;1000;620;0;2000;1820;1905
Q199066001_1;Q199066001_1_4;D;2000;1240;0;3000;2440;1905
Q199066001_1;Q199066001_1_5;E;2000;0;0;3000;1200;1905
Q199066001_1;Q199066001_1_6;F;3000;1240;0;4000;2440;1905
Q199066001_1;Q199066001_1_7;G;3000;0;0;4000;1200;1905
Q199066001_1;Q199066001_1_8;H;4000;0;0;5000;1200;1905
Q199066001_1;Q199066001_1_9;I;4000;1240;0;5000;2440;1905
Q199066001_1;Q199066001_1_10;J;5000;1240;0;6000;2440;1905
Q199066001_1;Q199066001_1_11;K;5000;0;0;6000;1200;1905
Q199066001_1;Q199066001_1_12;L;6000;0;0;7000;1200;1905
Q199066001_1;Q199066001_1_13;M;6000;1240;0;7000;2440;1905
Q199066001_1;Q199066001_1_14;N;7000;1240;0;8000;2440;1905
Q199066001_1;Q199066001_1_15;O;7000;0;0;8000;1200;1905
Q199066001_1;Q199066001_1_16;P;8000;0;0;9000;1200;1905
Q199066001_1;Q199066001_1_17;Q;8000;1240;0;9000;2440;1905
Q199066001_1;Q199066001_1_18;R;9000;1240;0;10000;2440;1905
Q199066001_1;Q199066001_1_19;S;9000;0;0;10000;1200;1905
Q199066001_1;Q199066001_1_20;T;10000;0;0;11000;1200;1905
Q199066001_1;Q199066001_1_21;U;10000;1240;0;11000;2440;1905
Q199066001_1;Q199066001_1_22;V;11000;1240;0;12000;2440;1905
Q199066001_1;Q199066001_1_23;W;11000;0;0;12000;1200;1905
Q199066001_1;Q199066001_1_24;X;12000;0;0;13200;1000;1905
Q199066001_1;Q199066001_1_25;Y;12000;1240;0;13000;2440;1905
P192066001;P192066001_1;A;0;620;0;1000;1820;1905
P192066001;P192066001_2;B;1000;1240;0;2000;2440;1905
P192066001;P192066001_3;C;1000;20;0;2000;1220;1905
P192066001;P192066001_4;D;2000;1240;0;3000;2440;1905
P192066001;P192066001_5;E;2000;20;0;3000;1220;1905
P192066001;P192066001_6;F;3000;0;0;4000;1200;1905
P192066001;P192066001_7;G;3000;1240;0;4000;2440;1905
P192066001;P192066001_8;H;4000;1240;0;5000;2440;1905
P192066001;P192066001_9;I;4000;0;0;5000;1200;1905
P192066001;P192066001_10;J;5000;0;0;6000;1200;1905
P192066001;P192066001_11;K;5000;1240;0;6000;2440;1905
P192066001;P192066001_12;L;6000;1240;0;7000;2440;1905
P192066001;P192066001_13;M;6000;0;0;7000;1200;1905
P192066001;P192066001_14;N;7000;0;0;8000;1200;1905
P192066001;P192066001_15;O;7000;1240;0;8000;2440;1905
P192066001;P192066001_16;P;8000;1240;0;9000;2440;1905
P192066001;P192066001_17;Q;8000;0;0;9000;1200;1905
P192066001;P192066001_18;R;9000;0;0;10000;1200;1905
P192066001;P192066001_19;S;9000;1240;0;10000;2440;1905
P192066001;P192066001_20;T;10000;1240;0;11000;2440;1905
P192066001;P192066001_21;U;10000;0;0;11000;1200;1905
P192066001;P192066001_22;V;11000;0;0;12000;1200;1905
P192066001;P192066001_23;W;11000;1240;0;12000;2440;1905
P192066001;P192066001_24;X;12000;1440;0;13200;2440;1905
P192066001;P192066001_25;Y;12000;0;0;13000;1200;1905
P188066001;P188066001_1;A;0;1240;0;1000;2440;1905
P188066001;P188066001_2;B;0;0;0;1000;1200;1905
P188066001;P188066001_3;C;1000;0;0;2000;1200;1905
P188066001;P188066001_4;D;1000;1240;0;2000;2440;1905
P188066001;P188066001_5;E;2000;620;0;3000;1820;1905
P188066001;P188066001_6;F;3000;1240;0;4000;2440;1905
P188066001;P188066001_7;G;3000;0;0;4000;1200;1905
P188066001;P188066001_8;H;4000;1240;0;5000;2440;1905
P188066001;P188066001_9;I;4000;0;0;5000;1200;1905
P188066001;P188066001_10;J;5000;0;0;6000;1200;1905
P188066001;P188066001_11;K;5000;1240;0;6000;2440;1905
P188066001;P188066001_12;L;6000;1240;0;7000;2440;1905
P188066001;P188066001_13;M;6000;0;0;7000;1200;1905
P188066001;P188066001_14;N;7000;0;0;8000;1200;1905
P188066001;P188066001_15;O;7000;1240;0;8000;2440;1905
P188066001;P188066001_16;P;8000;1240;0;9000;2440;1905
P188066001;P188066001_17;Q;8000;0;0;9000;1200;1905
P188066001;P188066001_18;R;9000;0;0;10000;1200;1905
P188066001;P188066001_19;S;9000;1240;0;10000;2440;1905
P188066001;P188066001_20;T;10000;1240;0;11000;2440;1905
P188066001;P188066001_21;U;10000;0;0;11000;1200;1905
P188066001;P188066001_22;V;11000;0;0;12000;1200;1905
P188066001;P188066001_23;W;11000;1240;0;12000;2440;1905
P188066001;P188066001_24;X;12000;1440;0;13200;2440;1905
P188066001;P188066001_25;Y;12000;0;0;13000;1200;1905
P185066001;P185066001_1;A;0;1240;0;1000;2440;1905
P185066001;P185066001_2;B;0;0;0;1000;1200;1905
P185066001;P185066001_3;C;1000;620;0;2000;1820;1905
P185066001;P185066001_4;D;2000;1240;0;3000;2440;1905
P185066001;P185066001_5;E;2000;0;0;3000;1200;1905
P185066001;P185066001_6;F;3000;0;0;4000;1200;1905
P185066001;P185066001_7;G;3000;1240;0;4000;2440;1905
P185066001;P185066001_8;H;4000;1240;0;5000;2440;1905
P185066001;P185066001_9;I;4000;0;0;5000;1200;1905
P185066001;P185066001_10;J;5000;0;0;6000;1200;1905
P185066001;P185066001_11;K;5000;1240;0;6000;2440;1905
P185066001;P185066001_12;L;6000;1240;0;7000;2440;1905
P185066001;P185066001_13;M;6000;0;0;7000;1200;1905
P185066001;P185066001_14;N;7000;0;0;8000;1200;1905
P185066001;P185066001_15;O;7000;1240;0;8000;2440;1905
P185066001;P185066001_16;P;8000;1240;0;9000;2440;1905
P185066001;P185066001_17;Q;8000;0;0;9000;1200;1905
P185066001;P185066001_18;R;9000;0;0;10000;1200;1905
P185066001;P185066001_19;S;9000;1240;0;10000;2440;1905
P185066001;P185066001_20;T;10000;1240;0;11000;2440;1905
P185066001;P185066001_21;U;10000;0;0;11000;1200;1905
P185066001;P185066001_22;V;11000;0;0;12000;1200;1905
P185066001;P185066001_23;W;11000;1240;0;12000;2440;1905
P185066001;P185066001_24;X;12000;1440;0;13200;2440;1905
P185066001;P185066001_25;Y;12000;0;0;13000;1200;1905
Q185066001_1;Q185066001_1_1;A;0;620;0;1000;1820;1905
Q185066001_1;Q185066001_1_2;B;1000;1240;0;2000;2440;1905
Q185066001_1;Q185066001_1_3;C;1000;20;0;2000;1220;1905
Q185066001_1;Q185066001_1_4;D;2000;620;0;3000;1820;1905
Q185066001_1;Q185066001_1_5;E;3000;1240;0;4000;2440;1905
Q185066001_1;Q185066001_1_6;F;3000;0;0;4000;1200;1905
Q185066001_1;Q185066001_1_7;G;4000;0;0;5000;1200;1905
Q185066001_1;Q185066001_1_8;H;4000;1240;0;5000;2440;1905
Q185066001_1;Q185066001_1_9;I;5000;1240;0;6000;2440;1905
Q185066001_1;Q185066001_1_10;J;5000;0;0;6000;1200;1905
Q185066001_1;Q185066001_1_11;K;6000;0;0;7000;1200;1905
Q185066001_1;Q185066001_1_12;L;6000;1240;0;7000;2440;1905
Q185066001_1;Q185066001_1_13;M;7000;1240;0;8000;2440;1905
Q185066001_1;Q185066001_1_14;N;7000;0;0;8000;1200;1905
Q185066001_1;Q185066001_1_15;O;8000;0;0;9000;1200;1905
Q185066001_1;Q185066001_1_16;P;8000;1240;0;9000;2440;1905
Q185066001_1;Q185066001_1_17;Q;9000;1240;0;10000;2440;1905
Q185066001_1;Q185066001_1_18;R;9000;0;0;10000;1200;1905
Q185066001_1;Q185066001_1_19;S;10000;0;0;11000;1200;1905
Q185066001_1;Q185066001_1_20;T;10000;1240;0;11000;2440;1905
Q185066001_1;Q185066001_1_21;U;11000;1240;0;12000;2440;1905
Q185066001_1;Q185066001_1_22;V;11000;0;0;12000;1200;1905
P178069901;P178069901_1;A;0;0;0;1000;1200;2700
P178069901;P178069901_2;B;0;1240;0;1000;2440;2700
P178069901;P178069901_3;C;1000;1240;0;2000;2440;2700
P178069901;P178069901_4;D;1000;0;0;2000;1200;2700
P178069901;P178069901_5;E;2000;0;0;3000;1200;2700
P178069901;P178069901_6;F;2000;1240;0;3000;2440;2700
P178069901;P178069901_7;G;3000;1240;0;4000;2440;2700
P178069901;P178069901_8;H;3000;0;0;4000;1200;2700
P178069901;P178069901_9;I;4000;0;0;5000;1200;2700
P178069901;P178069901_10;J;4000;1240;0;5000;2440;2700
P178069901;P178069901_11;K;5000;1240;0;6000;2440;2700
P178069901;P178069901_12;L;5000;0;0;6000;1200;2700
P178069901;P178069901_13;M;6000;0;0;7000;1200;2700
P178069901;P178069901_14;N;6000;1240;0;7000;2440;2700
P178069901;P178069901_15;O;7000;1240;0;8000;2440;2700
P178069901;P178069901_16;P;7000;0;0;8000;1200;2700
P178069901;P178069901_17;Q;8000;0;0;9000;1200;2700
P178069901;P178069901_18;R;8000;1240;0;9000;2440;2700
P178069901;P178069901_19;S;9000;1240;0;10000;2440;2700
P178069901;P178069901_20;T;9000;0;0;10000;1200;2700
P178069901;P178069901_21;U;10000;0;0;11000;1200;2700
P178069901;P178069901_22;V;10000;1240;0;11000;2440;2700
P178069901;P178069901_23;W;11000;1240;0;12000;2440;2700
P178069901;P178069901_24;X;11000;0;0;12000;1200;2700
P178069901;P178069901_25;Y;12000;0;0;13200;1000;2700
P178069901;P178069901_26;Z;12000;1240;0;13000;2440;2700
P174069901;P174069901_1;A;0;0;0;1000;1200;2700
P174069901;P174069901_2;B;0;1240;0;1000;2440;2700
P174069901;P174069901_3;C;1000;1240;0;2000;2440;2700
P174069901;P174069901_4;D;1000;0;0;2000;1200;2700
P174069901;P174069901_5;E;2000;0;0;3000;1200;2700
P174069901;P174069901_6;F;2000;1240;0;3000;2440;2700
P174069901;P174069901_7;G;3000;1240;0;4000;2440;2700
P174069901;P174069901_8;H;3000;0;0;4000;1200;2700
P174069901;P174069901_9;I;4000;0;0;5000;1200;2700
P174069901;P174069901_10;J;4000;1240;0;5000;2440;2700
P174069901;P174069901_11;K;5000;1240;0;6000;2440;2700
P174069901;P174069901_12;L;5000;0;0;6000;1200;2700
P174069901;P174069901_13;M;6000;0;0;7000;1200;2700
P174069901;P174069901_14;N;6000;1240;0;7000;2440;2700
P174069901;P174069901_15;O;7000;1240;0;8000;2440;2700
P174069901;P174069901_16;P;7000;0;0;8000;1200;2700
P174069901;P174069901_17;Q;8000;0;0;9000;1200;2700
P174069901;P174069901_18;R;8000;1240;0;9000;2440;2700
P174069901;P174069901_19;S;9000;1240;0;10000;2440;2700
P174069901;P174069901_20;T;9000;0;0;10000;1200;2700
P174069901;P174069901_21;U;10000;0;0;11000;1200;2700
P174069901;P174069901_22;V;10000;1240;0;11000;2440;2700
P174069901;P174069901_23;W;11000;1240;0;12000;2440;2700
P174069901;P174069901_24;X;11000;0;0;12000;1200;1815
P171069901;P171069901_1;A;0;0;0;1000;1200;2700
P171069901;P171069901_2;B;0;1240;0;1000;2440;2700
P171069901;P171069901_3;C;1000;1240;0;2000;2440;2700
P171069901;P171069901_4;D;1000;0;0;2000;1200;2700
P171069901;P171069901_5;E;2000;0;0;3000;1200;2700
P171069901;P171069901_6;F;2000;1240;0;3000;2440;2700
P171069901;P171069901_7;G;3000;1240;0;4000;2440;2700
P171069901;P171069901_8;H;3000;0;0;4000;1200;2700
P171069901;P171069901_9;I;4000;0;0;5000;1200;2700
P171069901;P171069901_10;J;4000;1240;0;5000;2440;2700
P171069901;P171069901_11;K;5000;1240;0;6000;2440;2700
P171069901;P171069901_12;L;5000;0;0;6000;1200;2700
P171069901;P171069901_13;M;6000;0;0;7000;1200;2700
P171069901;P171069901_14;N;6000;1240;0;7000;2440;2700
P171069901;P171069901_15;O;7000;1240;0;8000;2440;2700
P171069901;P171069901_16;P;7000;0;0;8000;1200;2700
P171069901;P171069901_17;Q;8000;0;0;9000;1200;2700
P171069901;P171069901_18;R;8000;1240;0;9000;2440;2700
P171069901;P171069901_19;S;9000;1240;0;10000;2440;2700
P171069901;P171069901_20;T;9000;0;0;10000;1200;2700
P171069901;P171069901_21;U;10000;0;0;11000;1200;2700
P171069901;P171069901_22;V;10000;1240;0;11000;2440;2700
P171069901;P171069901_23;W;11000;1240;0;12000;2440;2700
P171069901;P171069901_24;X;11000;0;0;12000;1200;2700
P171069901;P171069901_25;Y;12000;0;0;13200;1000;2700
P171069901;P171069901_26;Z;12000;1240;0;13000;2440;2700
P167069901;P167069901_1;A;0;0;0;1000;1200;2700
P167069901;P167069901_2;B;0;1240;0;1000;2440;2700
P167069901;P167069901_3;C;1000;1240;0;2000;2440;2700
P167069901;P167069901_4;D;1000;0;0;2000;1200;2700
P167069901;P167069901_5;E;2000;0;0;3000;1200;2700
P167069901;P167069901_6;F;2000;1240;0;3000;2440;2700
P167069901;P167069901_7;G;3000;1240;0;4000;2440;2700
P167069901;P167069901_8;H;3000;0;0;4000;1200;2700
P167069901;P167069901_9;I;4000;0;0;5000;1200;2700
P167069901;P167069901_10;J;4000;1240;0;5000;2440;2700
P167069901;P167069901_11;K;5000;1240;0;6000;2440;2700
P167069901;P167069901_12;L;5000;0;0;6000;1200;2700
P167069901;P167069901_13;M;6000;0;0;7000;1200;2700
P167069901;P167069901_14;N;6000;1240;0;7000;2440;2700
P167069901;P167069901_15;O;7000;1240;0;8000;2440;2700
P167069901;P167069901_16;P;7000;0;0;8000;1200;2700
P167069901;P167069901_17;Q;8000;0;0;9000;1200;2700
P167069901;P167069901_18;R;8000;1240;0;9000;2440;2700
P167069901;P167069901_19;S;9000;1240;0;10000;2440;2700
P167069901;P167069901_20;T;9000;0;0;10000;1200;2700
P167069901;P167069901_21;U;10000;0;0;11000;1200;2700
P167069901;P167069901_22;V;10000;1240;0;11000;2440;2700
P167069901;P167069901_23;W;11000;1240;0;12000;2440;2700
P167069901;P167069901_24;X;11000;0;0;12000;1200;1815
P170060801;P170060801_1;A;0;1660;0;570;2440;1771
P170060801;P170060801_2;B;0;0;0;570;780;1771
P170060801;P170060801_3;C;0;780;0;570;1560;1771
P170060801;P170060801_4;D;570;0;0;1140;780;1771
P170060801;P170060801_5;E;570;780;0;1140;1560;1771
P170060801;P170060801_6;F;570;1660;0;1140;2440;1771
P170060801;P170060801_7;G;1140;1660;0;1710;2440;1771
P170060801;P170060801_8;H;1140;0;0;1710;780;1771
P170060801;P170060801_9;I;1140;780;0;1710;1560;1771
P170060801;P170060801_10;J;1710;0;0;2280;780;1771
P170060801;P170060801_11;K;1710;780;0;2280;1560;1771
P170060801;P170060801_12;L;1710;1660;0;2280;2440;1771
P170060801;P170060801_13;M;2280;1660;0;2850;2440;1771
P170060801;P170060801_14;N;2280;0;0;2850;780;1771
P170060801;P170060801_15;O;2280;780;0;2850;1560;1771
P170060801;P170060801_16;P;2850;0;0;3420;780;1771
P170060801;P170060801_17;Q;2850;780;0;3420;1560;1771
P170060801;P170060801_18;R;2850;1660;0;3420;2440;1771
P170060801;P170060801_19;S;3420;1660;0;3990;2440;1771
P170060801;P170060801_20;T;3420;0;0;3990;780;1771
P170060801;P170060801_21;U;3420;780;0;3990;1560;1771
P170060801;P170060801_22;V;3990;0;0;4560;780;1771
P170060801;P170060801_23;W;3990;780;0;4560;1560;1771
P170060801;P170060801_24;X;3990;1660;0;4560;2440;1771
P170060801;P170060801_25;Y;4560;1660;0;5130;2440;1771
P170060801;P170060801_26;Z;4560;0;0;5570;1206;2370
P170060801;P170060801_27;AA;5130;1234;0;6140;2440;2340
P170060801;P170060801_28;AB;5570;0;0;6580;1206;2370
P170060801;P170060801_29;AC;6140;1234;0;7150;2440;1570
P187399613;P187399613_1;A;0;0;0;1010;1206;385
P187399613;P187399613_2;B;0;1234;0;1010;2440;770
P187399613;P187399613_3;C;1010;1234;0;2020;2440;770
P187399613;P187399613_4;D;1010;0;0;2010;1200;2415
P187399613;P187399613_5;E;2010;0;0;2580;780;1771
P187399613;P187399613_6;F;2020;780;0;2590;1560;1771
P187399613;P187399613_7;G;2020;1660;0;2590;2440;1771
P187399613;P187399613_8;H;2580;0;0;3150;780;1771
P187399613;P187399613_9;I;2590;780;0;3160;1560;1771
P187399613;P187399613_10;J;2590;1660;0;3160;2440;1771
P187399613;P187399613_11;K;3150;0;0;3720;780;1771
P187399613;P187399613_12;L;3160;780;0;3730;1560;1771
P187399613;P187399613_13;M;3160;1660;0;3730;2440;1771
P187399613;P187399613_14;N;3720;0;0;4290;780;1771
P187399613;P187399613_15;O;3730;780;0;4300;1560;478
P187399613;P187399613_16;P;4300;1234;0;5310;2440;2325
P187399613;P187399613_17;Q;4300;0;0;5300;1200;2370
P187399613;P187399613_18;R;5300;0;0;6310;1206;2540
P187399613;P187399613_19;S;5310;1234;0;6320;2440;2825
P187399613;P187399613_20;T;6310;0;0;7320;1206;2555
P187399613;P187399613_21;U;6320;1234;0;7330;2440;2555
P187399613;P187399613_22;V;7320;0;0;8330;1206;2555
P187399613;P187399613_23;W;7330;1234;0;8340;2440;1855
P187399613;P187399613_24;X;8330;0;0;9330;1200;395
P205399607;P205399607_1;A;0;1234;0;1010;2440;485
P205399607;P205399607_2;B;0;0;0;1010;1206;385
P205399607;P205399607_3;C;1010;0;0;1810;1200;2820
P205399607;P205399607_4;D;1010;1240;0;1810;2440;2820
P205399607;P205399607_5;E;1810;1240;0;2610;2440;2820
P205399607;P205399607_6;F;1810;0;0;2610;1200;2820
P205399607;P205399607_7;G;2610;0;0;3620;1206;2370
P205399607;P205399607_8;H;2610;1234;0;3620;2440;1955
P205399607;P205399607_9;I;3620;1234;0;4630;2440;670
P205399607;P205399607_10;J;3620;0;0;4630;1206;2340
P205399607;P205399607_11;K;4630;0;0;5640;1206;2525
P205399607;P205399607_12;L;4630;1234;0;5640;2440;1155
P205399607;P205399607_13;M;5640;1240;0;6640;2440;1905
P205399607;P205399607_14;N;5640;0;0;6640;1200;975
P205399607;P205399607_15;O;6640;0;0;7640;1200;975
P198399607;P198399607_1;A;0;1234;0;1010;2440;485
P198399607;P198399607_2;B;0;0;0;1010;1206;770
P198399607;P198399607_3;C;1010;0;0;1810;1200;2820
P198399607;P198399607_4;D;1010;1240;0;1810;2440;2820
P198399607;P198399607_5;E;1810;1240;0;2610;2440;2820
P198399607;P198399607_6;F;1810;0;0;2610;1200;940
P198399607;P198399607_7;G;2610;0;0;3620;1206;1185
P198399607;P198399607_8;H;2610;1240;0;3610;2440;185
P198399607;P198399607_9;I;3610;1234;0;4620;2440;670
P198399607;P198399607_10;J;3620;0;0;5220;1200;190
P198399607;P198399607_11;K;4620;1234;0;5630;2440;385
P198399607;P198399607_12;L;5220;0;0;6230;1206;2695
P198399607;P198399607_13;M;5630;1234;0;6640;2440;770
P198399607;P198399607_14;N;6230;0;0;7240;1206;1925
P198399607;P198399607_15;O;6640;1234;0;7650;2440;1170
P198399607;P198399607_16;P;7240;0;0;8240;1200;975
P198399607;P198399607_17;Q;7650;1240;0;8650;2440;975
P198399607;P198399607_18;R;8240;0;0;9240;1200;975
P180399613;P180399613_1;A;0;1234;0;1010;2440;770
P180399613;P180399613_2;B;0;0;0;1000;1200;690
P180399613;P180399613_3;C;1000;0;0;2010;1206;385
P180399613;P180399613_4;D;1010;1240;0;2010;2440;1380
P180399613;P180399613_5;E;2010;0;0;3020;1206;770
P180399613;P180399613_6;F;2010;1660;0;2580;2440;1771
P180399613;P180399613_7;G;2580;1660;0;3150;2440;1771
P180399613;P180399613_8;H;3020;0;0;3590;780;1771
P180399613;P180399613_9;I;3020;780;0;3590;1560;1771
P180399613;P180399613_10;J;3150;1660;0;3720;2440;1771
P180399613;P180399613_11;K;3590;0;0;4160;780;1771
P180399613;P180399613_12;L;3720;1240;0;4720;2440;2765
P180399613;P180399613_13;M;4160;0;0;5170;1206;2340
P180399613;P180399613_14;N;4720;1234;0;5730;2440;2555
P180399613;P180399613_15;O;5170;0;0;6180;1206;2355
P180399613;P180399613_16;P;5730;1234;0;6740;2440;1940
P201399613;P201399613_1;A;0;0;0;1010;1206;770
P201399613;P201399613_2;B;0;1234;0;1010;2440;1155
P201399613;P201399613_3;C;1010;1234;0;2020;2440;770
P201399613;P201399613_4;D;1010;0;0;2010;1200;2070
P201399613;P201399613_5;E;2010;0;0;3010;1200;1045
P201399613;P201399613_6;F;2020;1660;0;2590;2440;1771
P201399613;P201399613_7;G;2590;1660;0;3160;2440;1771
P201399613;P201399613_8;H;3010;0;0;3580;780;1771
P201399613;P201399613_9;I;3010;780;0;3580;1560;1771
P201399613;P201399613_10;J;3160;1660;0;3730;2440;1771
P201399613;P201399613_11;K;3580;0;0;4150;780;1771
P201399613;P201399613_12;L;3580;780;0;4150;1560;1771
P201399613;P201399613_13;M;3730;1660;0;4300;2440;1771
P201399613;P201399613_14;N;4150;0;0;4720;780;1771
P201399613;P201399613_15;O;4150;780;0;4720;1560;1771
P201399613;P201399613_16;P;4300;1660;0;4870;2440;1771
P201399613;P201399613_17;Q;4720;0;0;5290;780;478
P201399613;P201399613_18;R;4870;1240;0;5870;2440;2370
P201399613;P201399613_19;S;5290;0;0;6300;1206;2240
P201399613;P201399613_20;T;5870;1234;0;6880;2440;2355
P201399613;P201399613_21;U;6300;0;0;7310;1206;2555
P201399613;P201399613_22;V;6880;1234;0;7890;2440;2555
P201399613;P201399613_23;W;7310;0;0;8320;1206;2555
P201399613;P201399613_24;X;7890;1234;0;8900;2440;2625
P201399613;P201399613_25;Y;8320;0;0;9330;1206;1540
P206069901;P206069901_1;A;0;0;0;1000;1200;2700
P206069901;P206069901_2;B;0;1240;0;1000;2440;2700
P206069901;P206069901_3;C;1000;1240;0;2000;2440;2700
P206069901;P206069901_4;D;1000;0;0;2000;1200;2700
P206069901;P206069901_5;E;2000;0;0;3000;1200;2700
P206069901;P206069901_6;F;2000;1240;0;3000;2440;2700
P206069901;P206069901_7;G;3000;1240;0;4000;2440;2700
P206069901;P206069901_8;H;3000;0;0;4000;1200;2700
P206069901;P206069901_9;I;4000;0;0;5000;1200;2700
P206069901;P206069901_10;J;4000;1240;0;5000;2440;2700
P206069901;P206069901_11;K;5000;1240;0;6000;2440;2700
P206069901;P206069901_12;L;5000;0;0;6000;1200;2700
P206069901;P206069901_13;M;6000;0;0;7000;1200;2700
P206069901;P206069901_14;N;6000;1240;0;7000;2440;2700
P206069901;P206069901_15;O;7000;1240;0;8000;2440;2700
P206069901;P206069901_16;P;7000;0;0;8000;1200;2700
P206069901;P206069901_17;Q;8000;0;0;9000;1200;2700
P206069901;P206069901_18;R;8000;1240;0;9000;2440;2700
P206069901;P206069901_19;S;9000;1240;0;10000;2440;2700
P206069901;P206069901_20;T;9000;0;0;10000;1200;2700
P206069901;P206069901_21;U;10000;0;0;11000;1200;2700
P206069901;P206069901_22;V;10000;1240;0;11000;2440;2700
P206069901;P206069901_23;W;11000;1240;0;12000;2440;2700
P206069901;P206069901_24;X;11000;0;0;12000;1200;2700
P206069901;P206069901_25;Y;12000;0;0;13200;1000;2700
P206069901;P206069901_26;Z;12000;1240;0;13000;2440;2700
P202069901;P202069901_1;A;0;0;0;1000;1200;2700
P202069901;P202069901_2;B;0;1240;0;1000;2440;2700
P202069901;P202069901_3;C;1000;1240;0;2000;2440;2700
P202069901;P202069901_4;D;1000;0;0;2000;1200;2700
P202069901;P202069901_5;E;2000;0;0;3000;1200;2700
P202069901;P202069901_6;F;2000;1240;0;3000;2440;2700
P202069901;P202069901_7;G;3000;1240;0;4000;2440;2700
P202069901;P202069901_8;H;3000;0;0;4000;1200;2700
P202069901;P202069901_9;I;4000;0;0;5000;1200;2700
P202069901;P202069901_10;J;4000;1240;0;5000;2440;2700
P202069901;P202069901_11;K;5000;1240;0;6000;2440;2700
P202069901;P202069901_12;L;5000;0;0;6000;1200;2700
P202069901;P202069901_13;M;6000;0;0;7000;1200;2700
P202069901;P202069901_14;N;6000;1240;0;7000;2440;2700
P202069901;P202069901_15;O;7000;1240;0;8000;2440;2700
P202069901;P202069901_16;P;7000;0;0;8000;1200;2700
P202069901;P202069901_17;Q;8000;0;0;9000;1200;2700
P202069901;P202069901_18;R;8000;1240;0;9000;2440;2700
P202069901;P202069901_19;S;9000;1240;0;10000;2440;2700
P202069901;P202069901_20;T;9000;0;0;10000;1200;2700
P202069901;P202069901_21;U;10000;0;0;11000;1200;2700
P202069901;P202069901_22;V;10000;1240;0;11000;2440;2700
P202069901;P202069901_23;W;11000;1240;0;12000;2440;2700
P202069901;P202069901_24;X;11000;0;0;12000;1200;2700
P202069901;P202069901_25;Y;12000;0;0;13200;1000;2700
P202069901;P202069901_26;Z;12000;1240;0;13000;2440;2700
P199069901;P199069901_1;A;0;0;0;1000;1200;2700
P199069901;P199069901_2;B;0;1240;0;1000;2440;2700
P199069901;P199069901_3;C;1000;1240;0;2000;2440;2700
P199069901;P199069901_4;D;1000;0;0;2000;1200;2700
P199069901;P199069901_5;E;2000;0;0;3000;1200;2700
P199069901;P199069901_6;F;2000;1240;0;3000;2440;2700
P199069901;P199069901_7;G;3000;1240;0;4000;2440;2700
P199069901;P199069901_8;H;3000;0;0;4000;1200;2700
P199069901;P199069901_9;I;4000;0;0;5000;1200;2700
P199069901;P199069901_10;J;4000;1240;0;5000;2440;2700
P199069901;P199069901_11;K;5000;1240;0;6000;2440;2700
P199069901;P199069901_12;L;5000;0;0;6000;1200;2700
P199069901;P199069901_13;M;6000;0;0;7000;1200;2700
P199069901;P199069901_14;N;6000;1240;0;7000;2440;2700
P199069901;P199069901_15;O;7000;1240;0;8000;2440;2700
P199069901;P199069901_16;P;7000;0;0;8000;1200;2700
P199069901;P199069901_17;Q;8000;0;0;9000;1200;2700
P199069901;P199069901_18;R;8000;1240;0;9000;2440;2700
P199069901;P199069901_19;S;9000;1240;0;10000;2440;1815
P199069901;P199069901_20;T;9000;0;0;10000;1200;2700
P199069901;P199069901_21;U;10000;0;0;11000;1200;2700
P199069901;P199069901_22;V;10000;1240;0;11000;2440;2700
P199069901;P199069901_23;W;11000;1240;0;12000;2440;2700
P199069901;P199069901_24;X;11000;0;0;12000;1200;2700
P199069901;P199069901_25;Y;12000;0;0;13200;1000;2700
P199069901;P199069901_26;Z;12000;1240;0;13000;2440;2700
Q199069901_1;Q199069901_1_1;A;0;0;0;1000;1200;2700
Q199069901_1;Q199069901_1_2;B;0;1240;0;1000;2440;2700
Q199069901_1;Q199069901_1_3;C;1000;1240;0;2000;2440;2700
Q199069901_1;Q199069901_1_4;D;1000;0;0;2000;1200;2700
Q199069901_1;Q199069901_1_5;E;2000;0;0;3000;1200;2700
Q199069901_1;Q199069901_1_6;F;2000;1240;0;3000;2440;2700
Q199069901_1;Q199069901_1_7;G;3000;1240;0;4000;2440;2700
Q199069901_1;Q199069901_1_8;H;3000;0;0;4000;1200;2700
Q199069901_1;Q199069901_1_9;I;4000;0;0;5000;1200;2700
Q199069901_1;Q199069901_1_10;J;4000;1240;0;5000;2440;2700
Q199069901_1;Q199069901_1_11;K;5000;1240;0;6000;2440;2700
Q199069901_1;Q199069901_1_12;L;5000;0;0;6000;1200;2700
Q199069901_1;Q199069901_1_13;M;6000;0;0;7000;1200;2700
Q199069901_1;Q199069901_1_14;N;6000;1240;0;7000;2440;2700
Q199069901_1;Q199069901_1_15;O;7000;1240;0;8000;2440;2700
Q199069901_1;Q199069901_1_16;P;7000;0;0;8000;1200;1815
Q199069901_1;Q199069901_1_17;Q;8000;0;0;9000;1200;2700
Q199069901_1;Q199069901_1_18;R;8000;1240;0;9000;2440;2700
Q199069901_1;Q199069901_1_19;S;9000;1240;0;10000;2440;2700
Q199069901_1;Q199069901_1_20;T;9000;0;0;10000;1200;2700
Q199069901_1;Q199069901_1_21;U;10000;0;0;11000;1200;2700
Q199069901_1;Q199069901_1_22;V;10000;1240;0;11000;2440;2700
Q199069901_1;Q199069901_1_23;W;11000;1240;0;12000;2440;2700
Q199069901_1;Q199069901_1_24;X;11000;0;0;12000;1200;1815
P208399613;P208399613_1;A;0;1234;0;1010;2440;1155
P208399613;P208399613_2;B;0;0;0;1010;1206;770
P208399613;P208399613_3;C;1010;0;0;2010;1200;1725
P208399613;P208399613_4;D;1010;1234;0;2020;2440;385
P208399613;P208399613_5;E;2010;0;0;2580;780;1771
P208399613;P208399613_6;F;2020;780;0;2590;1560;1771
P208399613;P208399613_7;G;2020;1660;0;2590;2440;1771
P208399613;P208399613_8;H;2580;0;0;3150;780;1771
P208399613;P208399613_9;I;2590;780;0;3160;1560;1771
P208399613;P208399613_10;J;2590;1660;0;3160;2440;1771
P208399613;P208399613_11;K;3150;0;0;3720;780;1771
P208399613;P208399613_12;L;3160;780;0;3730;1560;1771
P208399613;P208399613_13;M;3160;1660;0;3730;2440;1771
P208399613;P208399613_14;N;3720;0;0;4290;780;1340
P208399613;P208399613_15;O;3730;1240;0;4730;2440;2370
P208399613;P208399613_16;P;4290;0;0;5300;1206;2555
P208399613;P208399613_17;Q;4730;1234;0;5740;2440;2555
P208399613;P208399613_18;R;5300;0;0;6310;1206;2540
P208399613;P208399613_19;S;5740;1234;0;6750;2440;2540
P208399613;P208399613_20;T;6310;0;0;7320;1206;2825
P208399613;P208399613_21;U;6750;1234;0;7760;2440;2310
P178065301;P178065301_1;A;0;620;0;1600;1820;2700
P178065301;P178065301_2;B;1600;620;0;3200;1820;2700
P178065301;P178065301_3;C;3200;1240;0;4800;2440;2700
P178065301;P178065301_4;D;3200;0;0;4800;1200;2700
P178065301;P178065301_5;E;4800;1240;0;6400;2440;2700
P178065301;P178065301_6;F;4800;0;0;6400;1200;2700
P178065301;P178065301_7;G;6400;0;0;8000;1200;2700
P178065301;P178065301_8;H;6400;1240;0;8000;2440;2700
P178065301;P178065301_9;I;8000;1240;0;9600;2440;2700
P178065301;P178065301_10;J;8000;0;0;9600;1200;2700
P171065301;P171065301_1;A;0;0;0;1600;1200;2700
P171065301;P171065301_2;B;0;1240;0;1600;2440;1815
P171065301;P171065301_3;C;1600;1240;0;3200;2440;2700
P171065301;P171065301_4;D;1600;0;0;3200;1200;2700
P171065301;P171065301_5;E;3200;0;0;4800;1200;2700
P171065301;P171065301_6;F;3200;1240;0;4800;2440;2700
P171065301;P171065301_7;G;4800;1240;0;6400;2440;2700
P171065301;P171065301_8;H;4800;0;0;6400;1200;2700
P171065301;P171065301_9;I;6400;0;0;8000;1200;2700
P171065301;P171065301_10;J;6400;1240;0;8000;2440;1815
P171065301;P171065301_11;K;8000;1240;0;9600;2440;1815
P171065301;P171065301_12;L;8000;0;0;9600;1200;2700
P171065301;P171065301_13;M;9600;0;0;11200;1200;2700
P171065301;P171065301_14;N;9600;1240;0;11200;2440;2700
P171065301;P171065301_15;O;11200;1240;0;12800;2440;2700
P171065301;P171065301_16;P;11200;0;0;12800;1200;1815
P180399601;P180399601_1;A;0;0;0;1000;1200;1905
P180399601;P180399601_2;B;0;1234;0;1010;2440;385
P180399601;P180399601_3;C;1000;0;0;2010;1206;2170
P180399601;P180399601_4;D;1010;1234;0;2020;2440;2170
P180399601;P180399601_5;E;2010;0;0;3020;1206;1155
P180399601;P180399601_6;F;2020;1260;0;3160;2440;1071
P180399601;P180399601_7;G;3020;0;0;4030;1206;1085
P180399601;P180399601_8;H;3160;1234;0;4170;2440;2355
P180399601;P180399601_9;I;4030;0;0;5040;1206;2370
P180399601;P180399601_10;J;4170;1234;0;5180;2440;2355
P180399601;P180399601_11;K;5040;0;0;6050;1206;780
P180399601;P180399601_12;L;5180;1234;0;6190;2440;2370
P180399601;P180399601_13;M;6050;0;0;7060;1206;1185
P180399601;P180399601_14;N;6190;1240;0;7190;2440;459
P180399601;P180399601_15;O;7060;0;0;8070;1206;385
P180399601;P180399601_16;P;7190;1234;0;8200;2440;1085
P180399601;P180399601_17;Q;8070;0;0;9080;1206;770
P180399601;P180399601_18;R;8200;1234;0;9210;2440;2170
P180399601;P180399601_19;S;9080;0;0;10080;1200;345
P180399601;P180399601_20;T;9210;1234;0;10220;2440;2170
P173399613;P173399613_1;A;0;1234;0;1010;2440;770
P173399613;P173399613_2;B;0;0;0;1010;1206;385
P173399613;P173399613_3;C;1010;0;0;2010;1200;1725
P173399613;P173399613_4;D;1010;1240;0;2010;2440;1045
P173399613;P173399613_5;E;2010;1660;0;2580;2440;1771
P173399613;P173399613_6;F;2010;0;0;2580;780;1771
P173399613;P173399613_7;G;2010;780;0;2580;1560;1771
P173399613;P173399613_8;H;2580;0;0;3150;780;1771
P173399613;P173399613_9;I;2580;780;0;3150;1560;1771
P173399613;P173399613_10;J;2580;1660;0;3150;2440;1771
P173399613;P173399613_11;K;3150;1660;0;3720;2440;1771
P173399613;P173399613_12;L;3150;0;0;3720;780;1771
P173399613;P173399613_13;M;3150;780;0;3720;1560;1771
P173399613;P173399613_14;N;3720;0;0;4290;780;909
P173399613;P173399613_15;O;3720;1240;0;4720;2440;1975
P173399613;P173399613_16;P;4290;0;0;5300;1206;2555
P173399613;P173399613_17;Q;4720;1234;0;5730;2440;2555
P173399613;P173399613_18;R;5300;0;0;6310;1206;2540
P173399613;P173399613_19;S;5730;1234;0;6740;2440;2695
P174399613;P174399613_1;A;0;1234;0;1010;2440;2370
P174399613;P174399613_2;B;0;0;0;1010;1206;2370
P174399613;P174399613_3;C;1010;0;0;1580;780;909
P174399613;P174399613_4;D;1010;1240;0;2010;2440;1455
P174399613;P174399613_5;E;1580;0;0;2150;780;478
P174399613;P174399613_6;F;2010;1240;0;3010;2440;1455
P174399613;P174399613_7;G;2150;0;0;2720;780;909
P174399613;P174399613_8;H;2720;0;0;3290;780;1340
P174399613;P174399613_9;I;3010;780;0;3580;1560;1340
P174399613;P174399613_10;J;3010;1660;0;3580;2440;1340
P174399613;P174399613_11;K;3290;0;0;3860;780;1771
P174399613;P174399613_12;L;3580;1234;0;4590;2440;1155
P174399613;P174399613_13;M;3860;0;0;4430;780;1771
P174399613;P174399613_14;N;4430;0;0;5000;780;909
P174399613;P174399613_15;O;4590;1234;0;5600;2440;2725
P174399613;P174399613_16;P;5000;0;0;6010;1206;770
P194399613;P194399613_1;A;0;1234;0;1010;2440;385
P194399613;P194399613_2;B;0;0;0;1010;1206;770
P194399613;P194399613_3;C;1010;0;0;2020;1206;385
P194399613;P194399613_4;D;1010;1240;0;2010;2440;1725
P194399613;P194399613_5;E;2010;1660;0;2580;2440;1771
P194399613;P194399613_6;F;2020;0;0;2590;780;1771
P194399613;P194399613_7;G;2020;780;0;2590;1560;1771
P194399613;P194399613_8;H;2580;1660;0;3150;2440;1771
P194399613;P194399613_9;I;2590;0;0;3160;780;1771
P194399613;P194399613_10;J;2590;780;0;3160;1560;1771
P194399613;P194399613_11;K;3150;1660;0;3720;2440;1771
P194399613;P194399613_12;L;3160;0;0;3730;780;1771
P194399613;P194399613_13;M;3160;780;0;3730;1560;1771
P194399613;P194399613_14;N;3720;1660;0;4290;2440;478
P194399613;P194399613_15;O;3730;0;0;4740;1206;2510
P194399613;P194399613_16;P;4290;1234;0;5300;2440;2555
P194399613;P194399613_17;Q;4740;0;0;5750;1206;2555
P194399613;P194399613_18;R;5300;1234;0;6310;2440;2555
P194399613;P194399613_19;S;5750;0;0;6760;1206;2255
P194399613;P194399613_20;T;6310;1240;0;7310;2440;1580
P202399609;P202399609_1;A;0;1240;0;1700;2440;1955
P202399609;P202399609_2;B;0;0;0;1700;1200;1955
P202399609;P202399609_3;C;1700;0;0;3400;1200;1955
P202399609;P202399609_4;D;1700;1240;0;3400;2440;1955
P202399609;P202399609_5;E;3400;1240;0;5100;2440;1955
P202399609;P202399609_6;F;3400;0;0;5100;1200;1955
P202399609;P202399609_7;G;5100;0;0;6800;1200;1955
P202399609;P202399609_8;H;5100;1240;0;6800;2440;1955
P202399609;P202399609_9;I;6800;1240;0;8500;2440;1955
P202399609;P202399609_10;J;6800;0;0;8500;1200;1000
P202399609;P202399609_11;K;8500;0;0;9500;1200;590
P202399609;P202399609_12;L;8500;1234;0;9510;2440;1570
P202399609;P202399609_13;M;9500;0;0;10510;1206;2170
P202399609;P202399609_14;N;9510;1240;0;11110;2440;2700
P202399609;P202399609_15;O;10510;0;0;12110;1200;2700
P202399609;P202399609_16;P;11110;1240;0;12710;2440;1815
P202399609;P202399609_17;Q;12110;0;0;13120;1206;2755
Q202399609_1;Q202399609_1_1;A;0;0;0;1010;1206;1255
Q202399609_1;Q202399609_1_2;B;0;1234;0;1010;2440;2370
Q202399609_1;Q202399609_1_3;C;1010;1234;0;2020;2440;2370
Q202399609_1;Q202399609_1_4;D;1010;0;0;2020;1206;2370
Q202399609_1;Q202399609_1_5;E;2020;0;0;3030;1206;780
P192069901;P192069901_1;A;0;0;0;1000;1200;2700
P192069901;P192069901_2;B;0;1240;0;1000;2440;2700
P192069901;P192069901_3;C;1000;1240;0;2000;2440;2700
P192069901;P192069901_4;D;1000;0;0;2000;1200;2700
P192069901;P192069901_5;E;2000;0;0;3000;1200;2700
P192069901;P192069901_6;F;2000;1240;0;3000;2440;2700
P192069901;P192069901_7;G;3000;1240;0;4000;2440;2700
P192069901;P192069901_8;H;3000;0;0;4000;1200;2700
P192069901;P192069901_9;I;4000;0;0;5000;1200;2700
P192069901;P192069901_10;J;4000;1240;0;5000;2440;2700
P192069901;P192069901_11;K;5000;1240;0;6000;2440;2700
P192069901;P192069901_12;L;5000;0;0;6000;1200;2700
P192069901;P192069901_13;M;6000;0;0;7000;1200;2700
P192069901;P192069901_14;N;6000;1240;0;7000;2440;2700
P192069901;P192069901_15;O;7000;1240;0;8000;2440;2700
P192069901;P192069901_16;P;7000;0;0;8000;1200;2700
P192069901;P192069901_17;Q;8000;0;0;9000;1200;2700
P192069901;P192069901_18;R;8000;1240;0;9000;2440;2700
P192069901;P192069901_19;S;9000;1240;0;10000;2440;2700
P192069901;P192069901_20;T;9000;0;0;10000;1200;2700
P192069901;P192069901_21;U;10000;0;0;11000;1200;2700
P192069901;P192069901_22;V;10000;1240;0;11000;2440;2700
P192069901;P192069901_23;W;11000;1240;0;12000;2440;2700
P192069901;P192069901_24;X;11000;0;0;12000;1200;2700
P192069901;P192069901_25;Y;12000;0;0;13200;1000;2700
P192069901;P192069901_26;Z;12000;1240;0;13000;2440;2700
P188069901;P188069901_1;A;0;0;0;1000;1200;2700
P188069901;P188069901_2;B;0;1240;0;1000;2440;2700
P188069901;P188069901_3;C;1000;1240;0;2000;2440;2700
P188069901;P188069901_4;D;1000;0;0;2000;1200;2700
P188069901;P188069901_5;E;2000;0;0;3000;1200;2700
P188069901;P188069901_6;F;2000;1240;0;3000;2440;2700
P188069901;P188069901_7;G;3000;1240;0;4000;2440;2700
P188069901;P188069901_8;H;3000;0;0;4000;1200;2700
P188069901;P188069901_9;I;4000;0;0;5000;1200;2700
P188069901;P188069901_10;J;4000;1240;0;5000;2440;2700
P188069901;P188069901_11;K;5000;1240;0;6000;2440;2700
P188069901;P188069901_12;L;5000;0;0;6000;1200;2700
P188069901;P188069901_13;M;6000;0;0;7000;1200;2700
P188069901;P188069901_14;N;6000;1240;0;7000;2440;2700
P188069901;P188069901_15;O;7000;1240;0;8000;2440;2700
P188069901;P188069901_16;P;7000;0;0;8000;1200;2700
P188069901;P188069901_17;Q;8000;0;0;9000;1200;2700
P188069901;P188069901_18;R;8000;1240;0;9000;2440;2700
P188069901;P188069901_19;S;9000;1240;0;10000;2440;2700
P188069901;P188069901_20;T;9000;0;0;10000;1200;2700
P188069901;P188069901_21;U;10000;0;0;11000;1200;2700
P188069901;P188069901_22;V;10000;1240;0;11000;2440;2700
P188069901;P188069901_23;W;11000;1240;0;12000;2440;2700
P188069901;P188069901_24;X;11000;0;0;12000;1200;2700
P188069901;P188069901_25;Y;12000;0;0;13200;1000;2700
P188069901;P188069901_26;Z;12000;1240;0;13000;2440;2700
P185069901;P185069901_1;A;0;0;0;1000;1200;2700
P185069901;P185069901_2;B;0;1240;0;1000;2440;2700
P185069901;P185069901_3;C;1000;1240;0;2000;2440;2700
P185069901;P185069901_4;D;1000;0;0;2000;1200;2700
P185069901;P185069901_5;E;2000;0;0;3000;1200;2700
P185069901;P185069901_6;F;2000;1240;0;3000;2440;2700
P185069901;P185069901_7;G;3000;1240;0;4000;2440;2700
P185069901;P185069901_8;H;3000;0;0;4000;1200;2700
P185069901;P185069901_9;I;4000;0;0;5000;1200;2700
P185069901;P185069901_10;J;4000;1240;0;5000;2440;2700
P185069901;P185069901_11;K;5000;1240;0;6000;2440;2700
P185069901;P185069901_12;L;5000;0;0;6000;1200;2700
P185069901;P185069901_13;M;6000;0;0;7000;1200;2700
P185069901;P185069901_14;N;6000;1240;0;7000;2440;2700
P185069901;P185069901_15;O;7000;1240;0;8000;2440;2700
P185069901;P185069901_16;P;7000;0;0;8000;1200;2700
P185069901;P185069901_17;Q;8000;0;0;9000;1200;2700
P185069901;P185069901_18;R;8000;1240;0;9000;2440;2700
P185069901;P185069901_19;S;9000;1240;0;10000;2440;2700
P185069901;P185069901_20;T;9000;0;0;10000;1200;2700
P185069901;P185069901_21;U;10000;0;0;11000;1200;2700
P185069901;P185069901_22;V;10000;1240;0;11000;2440;2700
P185069901;P185069901_23;W;11000;1240;0;12000;2440;2700
P185069901;P185069901_24;X;11000;0;0;12000;1200;2700
P185069901;P185069901_25;Y;12000;0;0;13200;1000;2700
P185069901;P185069901_26;Z;12000;1240;0;13000;2440;2700
Q185069901_1;Q185069901_1_1;A;0;0;0;1000;1200;2700
Q185069901_1;Q185069901_1_2;B;0;1240;0;1000;2440;2700
Q185069901_1;Q185069901_1_3;C;1000;1240;0;2000;2440;2700
Q185069901_1;Q185069901_1_4;D;1000;0;0;2000;1200;2700
Q185069901_1;Q185069901_1_5;E;2000;0;0;3000;1200;2700
Q185069901_1;Q185069901_1_6;F;2000;1240;0;3000;2440;2700
Q185069901_1;Q185069901_1_7;G;3000;1240;0;4000;2440;2700
Q185069901_1;Q185069901_1_8;H;3000;0;0;4000;1200;2700
Q185069901_1;Q185069901_1_9;I;4000;0;0;5000;1200;2700
Q185069901_1;Q185069901_1_10;J;4000;1240;0;5000;2440;2700
Q185069901_1;Q185069901_1_11;K;5000;1240;0;6000;2440;2700
Q185069901_1;Q185069901_1_12;L;5000;0;0;6000;1200;2700
Q185069901_1;Q185069901_1_13;M;6000;0;0;7000;1200;2700
Q185069901_1;Q185069901_1_14;N;6000;1240;0;7000;2440;2700
Q185069901_1;Q185069901_1_15;O;7000;1240;0;8000;2440;2700
Q185069901_1;Q185069901_1_16;P;7000;0;0;8000;1200;2700
Q185069901_1;Q185069901_1_17;Q;8000;0;0;9000;1200;2700
Q185069901_1;Q185069901_1_18;R;8000;1240;0;9000;2440;930
P178399901;P178399901_1;A;0;0;0;1010;1206;770
P178399901;P178399901_2;B;0;1234;0;1010;2440;385
P178399901;P178399901_3;C;1010;1234;0;2020;2440;385
P178399901;P178399901_4;D;1010;0;0;2020;1206;1155
P178399901;P178399901_5;E;2020;0;0;3030;1206;1840
P178399901;P178399901_6;F;2020;1240;0;3020;2440;975
P178399901;P178399901_7;G;3020;1234;0;4030;2440;485
P178399901;P178399901_8;H;3030;0;0;4030;1200;445
P178399901;P178399901_9;I;4030;1234;0;5040;2440;770
P178399901;P178399901_10;J;4030;0;0;5040;1206;970
P178399901;P178399901_11;K;5040;0;0;6050;1206;485
P172399601;P172399601_1;A;0;1234;0;1010;2440;385
P172399601;P172399601_2;B;0;0;0;1800;1200;2145
P172399601;P172399601_3;C;1010;1234;0;2020;2440;2625
P172399601;P172399601_4;D;1800;0;0;2810;1206;1185
P172399601;P172399601_5;E;2020;1234;0;3030;2440;385
P172399601;P172399601_6;F;2810;0;0;3820;1206;285
P172399601;P172399601_7;G;3030;1234;0;4040;2440;2555
P172399601;P172399601_8;H;3820;0;0;4830;1206;2555
P172399601;P172399601_9;I;4040;1234;0;5050;2440;2170
P172399601;P172399601_10;J;4830;0;0;5840;1206;2170
P172399601;P172399601_11;K;5050;1240;0;6050;2440;235
P172399601;P172399601_12;L;5840;0;0;6840;1200;2835
P172399601;P172399601_13;M;6050;1240;0;7050;2440;2835
P172399601;P172399601_14;N;6840;0;0;7840;1200;975
P194399607;P194399607_1;A;0;0;0;1010;1206;385
P194399607;P194399607_2;B;0;1234;0;1010;2440;1185
P194399607;P194399607_3;C;1010;1234;0;2020;2440;2555
P194399607;P194399607_4;D;1010;0;0;2020;1206;385
P194399607;P194399607_5;E;2020;0;0;3020;1200;2690
P194399607;P194399607_6;F;2020;1240;0;3020;2440;295
P194399607;P194399607_7;G;3020;1240;0;4020;2440;1330
P194399607;P194399607_8;H;3020;0;0;4020;1200;2835
Q194399607_1;Q194399607_1_1;A;0;0;0;13200;2400;2900
P178399601;P178399601_1;A;0;1234;0;1010;2440;2370
P178399601;P178399601_2;B;0;0;0;1010;1206;2370
P178399601;P178399601_3;C;1010;0;0;2020;1206;1570
P178399601;P178399601_4;D;1010;1234;0;2020;2440;2370
P178399601;P178399601_5;E;2020;1234;0;3030;2440;2370
P178399601;P178399601_6;F;2020;0;0;3030;1206;2370
P178399601;P178399601_7;G;3030;0;0;4040;1206;1470
P178399601;P178399601_8;H;3030;1240;0;4030;2440;235
P178399601;P178399601_9;I;4030;1234;0;5040;2440;2170
P178399601;P178399601_10;J;4040;0;0;5050;1206;2555
P178399601;P178399601_11;K;5040;1234;0;6050;2440;2655
P178399601;P178399601_12;L;5050;0;0;6060;1206;285
P178399601;P178399601_13;M;6050;1240;0;7050;2440;345
P199399609;P199399609_1;A;0;1240;0;1000;2440;1905
P199399609;P199399609_2;B;0;0;0;1010;1206;1140
P199399609;P199399609_3;C;1000;1240;0;2000;2440;975
P199399609;P199399609_4;D;1010;0;0;2010;1200;2835
P199399609;P199399609_5;E;2000;1240;0;3000;2440;2835
P199399609;P199399609_6;F;2010;0;0;3010;1200;1905
P199399609;P199399609_7;G;3000;1200;0;3800;1800;482
P199399609;P199399609_8;H;3010;0;0;4010;1200;885
P199399609;P199399609_9;I;3800;1240;0;5400;2440;1815
P199399609;P199399609_10;J;4010;0;0;5610;1200;1815
P199399609;P199399609_11;K;5400;1240;0;7000;2440;2700
P199399609;P199399609_12;L;5610;0;0;6620;1206;1955
P199399609;P199399609_13;M;6620;0;0;7630;1206;2370
P199399609;P199399609_14;N;7000;1234;0;8010;2440;2370
P199399609;P199399609_15;O;7630;0;0;8640;1206;2370
P199399609;P199399609_16;P;8010;1234;0;9020;2440;2370
P199399609;P199399609_17;Q;8640;0;0;9650;1206;1185
P199399609;P199399609_18;R;9020;1234;0;10030;2440;780
P172399605;P172399605_1;A;0;1660;0;570;2440;478
P172399605;P172399605_2;B;0;0;0;1010;1206;570
P172399605;P172399605_3;C;570;1234;0;1580;2440;2340
P172399605;P172399605_4;D;1010;0;0;1580;780;909
P172399605;P172399605_5;E;1580;0;0;2590;1206;1155
P172399605;P172399605_6;F;1580;1234;0;2590;2440;1540
P172399605;P172399605_7;G;2590;1240;0;3590;2440;345
P172399605;P172399605_8;H;2590;0;0;3590;1200;975
P172162201;P172162201_1;A;0;1240;0;1000;2440;2700
P172162201;P172162201_2;B;0;0;0;1000;1200;1815
P172162201;P172162201_3;C;1000;0;0;2000;1200;2700
P172162201;P172162201_4;D;1000;1240;0;2000;2440;1815
P172162201;P172162201_5;E;2000;1240;0;3000;2440;2700
P172162201;P172162201_6;F;2000;0;0;3000;1200;2700
P172162201;P172162201_7;G;3000;0;0;4000;1200;1815
P172162201;P172162201_8;H;3000;1240;0;4000;2440;2835
P172162201;P172162201_9;I;4000;1240;0;5000;2440;2835
P172162201;P172162201_10;J;4000;0;0;5000;1200;2835
P172162201;P172162201_11;K;5000;0;0;6000;1200;2835
P172162201;P172162201_12;L;5000;1240;0;6000;2440;2835
P172162201;P172162201_13;M;6000;1240;0;7000;2440;2835
P172162201;P172162201_14;N;6000;0;0;7000;1200;2835
P172162201;P172162201_15;O;7000;0;0;8000;1200;2835
P172162201;P172162201_16;P;7000;1240;0;8000;2440;2835
P172162201;P172162201_17;Q;8000;1240;0;9000;2440;2835
P172162201;P172162201_18;R;8000;0;0;9000;1200;2835
P172162201;P172162201_19;S;9000;0;0;10000;1200;2835
P172162201;P172162201_20;T;9000;1240;0;10000;2440;2835
P172162201;P172162201_21;U;10000;1240;0;11000;2440;975
P191399613;P191399613_1;A;0;1234;0;1010;2440;385
P191399613;P191399613_2;B;0;0;0;1010;1206;385
P191399613;P191399613_3;C;1010;0;0;2010;1200;2370
P191399613;P191399613_4;D;1010;1234;0;2020;2440;285
P191399613;P191399613_5;E;2010;0;0;3020;1206;585
P191399613;P191399613_6;F;2020;1240;0;3020;2440;395
P191399613;P191399613_7;G;3020;1234;0;4030;2440;2325
P191399613;P191399613_8;H;3020;0;0;4030;1206;770
P174399601;P174399601_1;A;0;1240;0;1000;2440;2815
P174399601;P174399601_2;B;0;0;0;1010;1206;670
P174399601;P174399601_3;C;1000;1240;0;2000;2440;345
P174399601;P174399601_4;D;1010;0;0;2010;1200;235
P174399601;P174399601_5;E;2000;1234;0;3010;2440;2455
P174399601;P174399601_6;F;2010;0;0;3020;1206;2455
P174399601;P174399601_7;G;3010;1234;0;4020;2440;2555
P174399601;P174399601_8;H;3020;0;0;4030;1206;1085
P177399607;P177399607_1;A;0;1234;0;1010;2440;970
P177399607;P177399607_2;B;0;0;0;1010;1206;385
P177399607;P177399607_3;C;1010;0;0;2020;1206;2370
P177399607;P177399607_4;D;1010;1234;0;2020;2440;1925
P177399607;P177399607_5;E;2020;1234;0;3030;2440;1570
P177399607;P177399607_6;F;2020;0;0;3030;1206;385
P177399607;P177399607_7;G;3030;0;0;4040;1206;385
P177399607;P177399607_8;H;3030;1240;0;4630;2440;190
P177399607;P177399607_9;I;4040;0;0;5040;1200;975
P177399607;P177399607_10;J;4630;1240;0;5630;2440;975
P177399607;P177399607_11;K;5040;0;0;6040;1200;975
P185399609;P185399609_1;A;0;1240;0;1000;2440;1905
P185399609;P185399609_2;B;0;0;0;1010;1206;1710
P185399609;P185399609_3;C;1000;1240;0;2000;2440;2835
P185399609;P185399609_4;D;1010;0;0;2010;1200;2835
P185399609;P185399609_5;E;2000;1240;0;3000;2440;2835
P185399609;P185399609_6;F;2010;0;0;3010;1200;975
P185399609;P185399609_7;G;3000;1200;0;3800;1800;482
P185399609;P185399609_8;H;3010;0;0;4010;1200;590
P185399609;P185399609_9;I;3800;1240;0;5400;2440;1815
P185399609;P185399609_10;J;4010;0;0;5610;1200;930
P185399609;P185399609_11;K;5400;1234;0;6410;2440;2755
P185399609;P185399609_12;L;5610;0;0;6620;1206;2370
P185399609;P185399609_13;M;6410;1234;0;7420;2440;2370
P185399609;P185399609_14;N;6620;0;0;7630;1206;2370
P185399609;P185399609_15;O;7420;1234;0;8430;2440;2370
P185399609;P185399609_16;P;7630;0;0;8640;1206;1185
P185399609;P185399609_17;Q;8430;1234;0;9440;2440;780
P188399609;P188399609_1;A;0;0;0;1700;1200;1955
P188399609;P188399609_2;B;0;1240;0;1700;2440;1955
P188399609;P188399609_3;C;1700;1240;0;3400;2440;1955
P188399609;P188399609_4;D;1700;0;0;3400;1200;1955
P188399609;P188399609_5;E;3400;0;0;5100;1200;1955
P188399609;P188399609_6;F;3400;1240;0;5100;2440;1955
P188399609;P188399609_7;G;5100;1240;0;6800;2440;1000
P188399609;P188399609_8;H;5100;0;0;6110;1206;785
P188399609;P188399609_9;I;6110;0;0;7110;1200;590
P188399609;P188399609_10;J;6800;1240;0;8400;2440;930
P188399609;P188399609_11;K;7110;0;0;8120;1206;2370
P188399609;P188399609_12;L;8120;0;0;9130;1206;2370
P188399609;P188399609_13;M;8400;1234;0;9410;2440;2370
P188399609;P188399609_14;N;9130;0;0;10140;1206;2370
P188399609;P188399609_15;O;9410;1234;0;10420;2440;1255
P188399609;P188399609_16;P;10140;0;0;11150;1206;385
P240399613;P240399613_1;A;0;0;0;1000;1200;345
P240399613;P240399613_2;B;0;1234;0;1010;2440;385
P240399613;P240399613_3;C;1000;0;0;2000;1200;2370
P240399613;P240399613_4;D;1010;1234;0;2020;2440;285
P240399613;P240399613_5;E;2000;0;0;3010;1206;585
P240399613;P240399613_6;F;2020;1234;0;3030;2440;2895
P240399613;P240399613_7;G;3010;0;0;4010;1200;395
P240399613;P240399613_8;H;3030;1234;0;4040;2440;1355
P205399613;P205399613_1;A;0;1234;0;1010;2440;385
P205399613;P205399613_2;B;0;0;0;1000;1200;2370
P205399613;P205399613_3;C;1000;0;0;2010;1206;285
P205399613;P205399613_4;D;1010;1234;0;2020;2440;585
P205399613;P205399613_5;E;2010;0;0;3020;1206;2895
P205399613;P205399613_6;F;2020;1240;0;3020;2440;395
P205399613;P205399613_7;G;3020;0;0;4030;1206;1355
P198399613;P198399613_1;A;0;1234;0;1010;2440;385
P198399613;P198399613_2;B;0;0;0;1000;1200;2370
P198399613;P198399613_3;C;1000;0;0;2010;1206;285
P198399613;P198399613_4;D;1010;1234;0;2020;2440;585
P198399613;P198399613_5;E;2010;0;0;3020;1206;2895
P198399613;P198399613_6;F;2020;1240;0;3020;2440;395
P198399613;P198399613_7;G;3020;0;0;4030;1206;1555
P205399611;P205399611_1;A;0;0;0;1000;1200;1100
P205399611;P205399611_2;B;0;1440;0;800;2440;1890
P205399611;P205399611_3;C;800;1240;0;1800;2440;1185
P205399611;P205399611_4;D;1000;0;0;2000;1200;745
P205399611;P205399611_5;E;1800;1240;0;2800;2440;335
P205399611;P205399611_6;F;2000;0;0;3000;1200;445
P205399611;P205399611_7;G;2800;1234;0;3810;2440;2755
P205399611;P205399611_8;H;3000;0;0;4010;1206;985
P205399611;P205399611_9;I;3810;1240;0;4610;2440;550
P205399611;P205399611_10;J;4010;0;0;5020;1206;2370
P205399611;P205399611_11;K;4610;1234;0;5620;2440;1185
P209399609;P209399609_1;A;0;1240;0;1700;2440;1955
P209399609;P209399609_2;B;0;0;0;1700;1200;1955
P209399609;P209399609_3;C;1700;0;0;3400;1200;1955
P209399609;P209399609_4;D;1700;1240;0;3400;2440;1955
P209399609;P209399609_5;E;3400;1240;0;5100;2440;1955
P209399609;P209399609_6;F;3400;0;0;5100;1200;1955
P209399609;P209399609_7;G;5100;0;0;6800;1200;1000
P209399609;P209399609_8;H;5100;1234;0;6110;2440;2170
P209399609;P209399609_9;I;6110;1234;0;7120;2440;785
P209399609;P209399609_10;J;6800;0;0;7800;1200;295
P209399609;P209399609_11;K;7120;1240;0;8720;2440;2700
P209399609;P209399609_12;L;7800;0;0;9400;1200;1815
P209399609;P209399609_13;M;8720;1234;0;9730;2440;2370
P209399609;P209399609_14;N;9400;0;0;10410;1206;2370
P209399609;P209399609_15;O;9730;1234;0;10740;2440;2370
P209399609;P209399609_16;P;10410;0;0;11420;1206;1570
P209399609;P209399609_17;Q;10740;1234;0;11750;2440;780
P209399609;P209399609_18;R;11420;0;0;12430;1206;385
P240399611;P240399611_1;A;0;1640;0;1000;2440;1200
P240399611;P240399611_2;B;0;0;0;1000;1200;1185
P240399611;P240399611_3;C;1000;0;0;2000;1200;745
P240399611;P240399611_4;D;1000;1240;0;2000;2440;335
P240399611;P240399611_5;E;2000;1240;0;3000;2440;445
P240399611;P240399611_6;F;2000;0;0;3010;1206;2755
P240399611;P240399611_7;G;3000;1234;0;4010;2440;985
P240399611;P240399611_8;H;3010;0;0;3810;1200;825
P240399611;P240399611_9;I;3810;0;0;4820;1206;2370
P240399611;P240399611_10;J;4010;1234;0;5020;2440;2370
P207399609;P207399609_1;A;0;0;0;1010;1206;2170
P207399609;P207399609_2;B;0;1234;0;1010;2440;770
P207399609;P207399609_3;C;1010;1640;0;1610;2440;2632
P207399609;P207399609_4;D;1010;0;0;1610;800;2632
P207399609;P207399609_5;E;1010;800;0;1610;1600;2632
P207399609;P207399609_6;F;1610;0;0;2210;800;2632
P207399609;P207399609_7;G;1610;800;0;2210;1600;2632
P207399609;P207399609_8;H;1610;1640;0;2210;2440;2632
P207399609;P207399609_9;I;2210;1640;0;2810;2440;2632
P207399609;P207399609_10;J;2210;0;0;2810;800;2632
P207399609;P207399609_11;K;2210;800;0;2810;1600;2632
P207399609;P207399609_12;L;2810;0;0;3410;800;2632
P207399609;P207399609_13;M;2810;800;0;3410;1600;2114
P207399609;P207399609_14;N;2810;1640;0;3410;2440;2632
P207399609;P207399609_15;O;3410;1640;0;4010;2440;1596
P207399609;P207399609_16;P;3410;0;0;4420;1206;485
P207399609;P207399609_17;Q;4010;1234;0;5020;2440;1255
P177399613;P177399613_1;A;0;1234;0;1010;2440;385
P177399613;P177399613_2;B;0;0;0;1000;1200;2370
P177399613;P177399613_3;C;1000;0;0;2010;1206;285
P177399613;P177399613_4;D;1010;1240;0;2010;2440;790
P177399613;P177399613_5;E;2010;0;0;3020;1206;585
P177399613;P177399613_6;F;2010;1234;0;3020;2440;1540
P192399609;P192399609_1;A;0;0;0;1010;1206;1140
P192399609;P192399609_2;B;0;1240;0;1000;2440;2835
P192399609;P192399609_3;C;1000;1240;0;2000;2440;2835
P192399609;P192399609_4;D;1010;0;0;1810;600;482
P192399609;P192399609_5;E;1810;0;0;2810;1200;885
P192399609;P192399609_6;F;2000;1240;0;3600;2440;1815
P192399609;P192399609_7;G;2810;0;0;4410;1200;2700
P192399609;P192399609_8;H;3600;1240;0;5200;2440;930
P192399609;P192399609_9;I;4410;0;0;5420;1206;1955
P192399609;P192399609_10;J;5200;1234;0;6210;2440;2370
P192399609;P192399609_11;K;5420;0;0;6430;1206;2370
P192399609;P192399609_12;L;6210;1234;0;7220;2440;2370
P192399609;P192399609_13;M;6430;0;0;7440;1206;2370
P192399609;P192399609_14;N;7220;1234;0;8230;2440;2370
P192399609;P192399609_15;O;7440;0;0;8450;1206;2370
P192399609;P192399609_16;P;8230;1234;0;9240;2440;2370
P192399609;P192399609_17;Q;8450;0;0;9460;1206;780
P178066001;P178066001_1;A;0;0;0;1000;1200;1905
P178066001;P178066001_2;B;0;1240;0;1000;2440;1905
P178066001;P178066001_3;C;1000;620;0;2000;1820;1905
P178066001;P178066001_4;D;2000;1240;0;3000;2440;1905
P178066001;P178066001_5;E;2000;0;0;3000;1200;1905
P178066001;P178066001_6;F;3000;1240;0;4000;2440;1905
P178066001;P178066001_7;G;3000;0;0;4000;1200;1905
P178066001;P178066001_8;H;4000;0;0;5000;1200;1905
P178066001;P178066001_9;I;4000;1240;0;5000;2440;1905
P178066001;P178066001_10;J;5000;1240;0;6000;2440;1905
P178066001;P178066001_11;K;5000;0;0;6000;1200;1905
P178066001;P178066001_12;L;6000;0;0;7000;1200;1905
P178066001;P178066001_13;M;6000;1240;0;7000;2440;1905
P178066001;P178066001_14;N;7000;1240;0;8000;2440;1905
P178066001;P178066001_15;O;7000;0;0;8000;1200;1905
P178066001;P178066001_16;P;8000;0;0;9000;1200;1905
P178066001;P178066001_17;Q;8000;1240;0;9000;2440;1905
P178066001;P178066001_18;R;9000;1240;0;10000;2440;1905
P178066001;P178066001_19;S;9000;0;0;10000;1200;1905
P178066001;P178066001_20;T;10000;0;0;11000;1200;1905
P178066001;P178066001_21;U;10000;1240;0;11000;2440;1905
P178066001;P178066001_22;V;11000;1240;0;12000;2440;1905
P178066001;P178066001_23;W;11000;0;0;12000;1200;1905
P178066001;P178066001_24;X;12000;0;0;13200;1000;1905
P178066001;P178066001_25;Y;12000;1240;0;13000;2440;1905
P174066001;P174066001_1;A;0;620;0;1000;1820;1905
P174066001;P174066001_2;B;1000;1240;0;2000;2440;1905
P174066001;P174066001_3;C;1000;0;0;2000;1200;1905
P174066001;P174066001_4;D;2000;0;0;3000;1200;1905
P174066001;P174066001_5;E;2000;1240;0;3000;2440;1905
P174066001;P174066001_6;F;3000;1240;0;4000;2440;1905
P174066001;P174066001_7;G;3000;0;0;4000;1200;1905
P174066001;P174066001_8;H;4000;0;0;5000;1200;1905
P174066001;P174066001_9;I;4000;1240;0;5000;2440;1905
P174066001;P174066001_10;J;5000;1240;0;6000;2440;1905
P174066001;P174066001_11;K;5000;0;0;6000;1200;1905
P174066001;P174066001_12;L;6000;0;0;7000;1200;1905
P174066001;P174066001_13;M;6000;1240;0;7000;2440;1905
P174066001;P174066001_14;N;7000;1240;0;8000;2440;1905
P174066001;P174066001_15;O;7000;0;0;8000;1200;1905
P174066001;P174066001_16;P;8000;0;0;9000;1200;1905
P174066001;P174066001_17;Q;8000;1240;0;9000;2440;1905
P174066001;P174066001_18;R;9000;1240;0;10000;2440;1905
P174066001;P174066001_19;S;9000;0;0;10000;1200;1905
P174066001;P174066001_20;T;10000;0;0;11000;1200;1905
P174066001;P174066001_21;U;10000;1240;0;11000;2440;1905
P174066001;P174066001_22;V;11000;1240;0;12000;2440;1905
P174066001;P174066001_23;W;11000;0;0;12000;1200;1905
P174066001;P174066001_24;X;12000;0;0;13200;1000;975
P171066001;P171066001_1;A;0;0;0;1000;1200;1905
P171066001;P171066001_2;B;0;1220;0;1000;2420;1905
P171066001;P171066001_3;C;1000;1240;0;2000;2440;1905
P171066001;P171066001_4;D;1000;20;0;2000;1220;1905
P171066001;P171066001_5;E;2000;620;0;3000;1820;1905
P171066001;P171066001_6;F;3000;1240;0;4000;2440;1905
P171066001;P171066001_7;G;3000;0;0;4000;1200;1905
P171066001;P171066001_8;H;4000;0;0;5000;1200;1905
P171066001;P171066001_9;I;4000;1240;0;5000;2440;1905
P171066001;P171066001_10;J;5000;1240;0;6000;2440;1905
P171066001;P171066001_11;K;5000;0;0;6000;1200;1905
P171066001;P171066001_12;L;6000;0;0;7000;1200;1905
P171066001;P171066001_13;M;6000;1240;0;7000;2440;1905
P171066001;P171066001_14;N;7000;1240;0;8000;2440;1905
P171066001;P171066001_15;O;7000;0;0;8000;1200;1905
P171066001;P171066001_16;P;8000;0;0;9000;1200;1905
P171066001;P171066001_17;Q;8000;1240;0;9000;2440;1905
P171066001;P171066001_18;R;9000;1240;0;10000;2440;1905
P171066001;P171066001_19;S;9000;0;0;10000;1200;1905
P171066001;P171066001_20;T;10000;0;0;11000;1200;1905
P171066001;P171066001_21;U;10000;1240;0;11000;2440;1905
P171066001;P171066001_22;V;11000;1240;0;12000;2440;1905
P171066001;P171066001_23;W;11000;0;0;12000;1200;1905
P171066001;P171066001_24;X;12000;0;0;13200;1000;1905
P171066001;P171066001_25;Y;12000;1240;0;13000;2440;1905
P167066001;P167066001_1;A;0;620;0;1000;1820;1905
P167066001;P167066001_2;B;1000;620;0;2000;1820;1905
P167066001;P167066001_3;C;2000;1240;0;3000;2440;1905
P167066001;P167066001_4;D;2000;0;0;3000;1200;1905
P167066001;P167066001_5;E;3000;0;0;4000;1200;1905
P167066001;P167066001_6;F;3000;1240;0;4000;2440;1905
P167066001;P167066001_7;G;4000;1240;0;5000;2440;1905
P167066001;P167066001_8;H;4000;0;0;5000;1200;1905
P167066001;P167066001_9;I;5000;0;0;6000;1200;1905
P167066001;P167066001_10;J;5000;1240;0;6000;2440;1905
P167066001;P167066001_11;K;6000;1240;0;7000;2440;1905
P167066001;P167066001_12;L;6000;0;0;7000;1200;1905
P167066001;P167066001_13;M;7000;0;0;8000;1200;1905
P167066001;P167066001_14;N;7000;1240;0;8000;2440;1905
P167066001;P167066001_15;O;8000;1240;0;9000;2440;1905
P167066001;P167066001_16;P;8000;0;0;9000;1200;1905
P167066001;P167066001_17;Q;9000;0;0;10000;1200;1905
P167066001;P167066001_18;R;9000;1240;0;10000;2440;1905
P167066001;P167066001_19;S;10000;1240;0;11000;2440;1905
P167066001;P167066001_20;T;10000;0;0;11000;1200;1905
P167066001;P167066001_21;U;11000;0;0;12000;1200;1905
P167066001;P167066001_22;V;11000;1240;0;12000;2440;1905
P167066001;P167066001_23;W;12000;1440;0;13200;2440;1905
P167066001;P167066001_24;X;12000;0;0;13000;1200;1905
P178224001;P178224001_1;A;0;0;0;1000;1200;2850
P178224001;P178224001_2;B;0;1240;0;1000;2440;2850
P178224001;P178224001_3;C;1000;1240;0;2000;2440;2850
P178224001;P178224001_4;D;1000;0;0;2000;1200;2850
P178224001;P178224001_5;E;2000;0;0;3000;1200;2850
P178224001;P178224001_6;F;2000;1240;0;3000;2440;2850
P178224001;P178224001_7;G;3000;1240;0;4000;2440;2850
P178224001;P178224001_8;H;3000;0;0;4000;1200;2850
P178224001;P178224001_9;I;4000;0;0;5000;1200;2850
P178224001;P178224001_10;J;4000;1240;0;5000;2440;2850
P178224001;P178224001_11;K;5000;1240;0;6000;2440;2850
P178224001;P178224001_12;L;5000;0;0;6000;1200;2850
P178224001;P178224001_13;M;6000;0;0;7000;1200;2850
P178224001;P178224001_14;N;6000;1240;0;7000;2440;2850
P178224001;P178224001_15;O;7000;1240;0;8000;2440;2850
P178224001;P178224001_16;P;7000;0;0;8000;1200;2850
P178224001;P178224001_17;Q;8000;0;0;9000;1200;2850
P178224001;P178224001_18;R;8000;1240;0;9000;2440;2850
P178224001;P178224001_19;S;9000;1240;0;10000;2440;2850
P178224001;P178224001_20;T;9000;0;0;10000;1200;2850
P178224001;P178224001_21;U;10000;0;0;11000;1200;2850
P178224001;P178224001_22;V;10000;1240;0;11000;2440;2850
P178224001;P178224001_23;W;11000;1240;0;12000;2440;2850
P178224001;P178224001_24;X;11000;0;0;12000;1200;2850
P178224001;P178224001_25;Y;12000;0;0;13200;1000;2850
P178224001;P178224001_26;Z;12000;1240;0;13000;2440;2850
P171224001;P171224001_1;A;0;0;0;1000;1200;1915
P171224001;P171224001_2;B;0;1240;0;1000;2440;2850
P171224001;P171224001_3;C;1000;1240;0;2000;2440;2850
P171224001;P171224001_4;D;1000;0;0;2000;1200;2850
P171224001;P171224001_5;E;2000;0;0;3000;1200;2850
P171224001;P171224001_6;F;2000;1240;0;3000;2440;2850
P171224001;P171224001_7;G;3000;1240;0;4000;2440;2850
P171224001;P171224001_8;H;3000;0;0;4000;1200;2850
P171224001;P171224001_9;I;4000;0;0;5000;1200;2850
P171224001;P171224001_10;J;4000;1240;0;5000;2440;2850
P171224001;P171224001_11;K;5000;1240;0;6000;2440;2850
P171224001;P171224001_12;L;5000;0;0;6000;1200;2850
P171224001;P171224001_13;M;6000;0;0;7000;1200;2850
P171224001;P171224001_14;N;6000;1240;0;7000;2440;2850
P171224001;P171224001_15;O;7000;1240;0;8000;2440;2850
P171224001;P171224001_16;P;7000;0;0;8000;1200;2850
P171224001;P171224001_17;Q;8000;0;0;9000;1200;2850
P171224001;P171224001_18;R;8000;1240;0;9000;2440;2850
P171224001;P171224001_19;S;9000;1240;0;10000;2440;2850
P171224001;P171224001_20;T;9000;0;0;10000;1200;2850
P171224001;P171224001_21;U;10000;0;0;11000;1200;2850
P171224001;P171224001_22;V;10000;1240;0;11000;2440;2850
P171224001;P171224001_23;W;11000;1240;0;12000;2440;2850
P171224001;P171224001_24;X;11000;0;0;12000;1200;2850
P171224001;P171224001_25;Y;12000;0;0;13200;1000;2850
P171224001;P171224001_26;Z;12000;1240;0;13000;2440;2850
Q171224001_1;Q171224001_1_1;A;0;620;0;1000;1820;2850
Q171224001_1;Q171224001_1_2;B;1000;620;0;2000;1820;2850
Q171224001_1;Q171224001_1_3;C;2000;1240;0;3000;2440;2850
Q171224001_1;Q171224001_1_4;D;2000;0;0;3000;1200;2850
Q171224001_1;Q171224001_1_5;E;3000;0;0;4000;1200;2850
Q171224001_1;Q171224001_1_6;F;3000;1240;0;4000;2440;2850
Q171224001_1;Q171224001_1_7;G;4000;1240;0;5000;2440;2850
Q171224001_1;Q171224001_1_8;H;4000;0;0;5000;1200;2850
Q171224001_1;Q171224001_1_9;I;5000;0;0;6000;1200;2850
Q171224001_1;Q171224001_1_10;J;5000;1240;0;6000;2440;2850
Q171224001_1;Q171224001_1_11;K;6000;1240;0;7000;2440;2850
Q171224001_1;Q171224001_1_12;L;6000;0;0;7000;1200;2850
Q171224001_1;Q171224001_1_13;M;7000;0;0;8000;1200;2850
Q171224001_1;Q171224001_1_14;N;7000;1240;0;8000;2440;2850
Q171224001_1;Q171224001_1_15;O;8000;1240;0;9000;2440;2850
Q171224001_1;Q171224001_1_16;P;8000;0;0;9000;1200;2850
Q171224001_1;Q171224001_1_17;Q;9000;0;0;10000;1200;2850
Q171224001_1;Q171224001_1_18;R;9000;1240;0;10000;2440;2850
Q171224001_1;Q171224001_1_19;S;10000;1240;0;11000;2440;980
P202399611;P202399611_1;A;0;1234;0;1010;2440;385
P202399611;P202399611_2;B;0;0;0;1000;1200;1905
P202399611;P202399611_3;C;1000;0;0;1570;780;478
P202399611;P202399611_4;D;1010;1234;0;2020;2440;461
P202399611;P202399611_5;E;1570;0;0;3170;1200;2700
P202399611;P202399611_6;F;2020;1240;0;3620;2440;2700
P202399611;P202399611_7;G;3170;0;0;4770;1200;2700
P202399611;P202399611_8;H;3620;1240;0;5220;2440;2700
P202399611;P202399611_9;I;4770;0;0;5780;1206;385
P202399611;P202399611_10;J;5220;1234;0;6230;2440;1185
P202399611;P202399611_11;K;5780;0;0;6790;1206;570
P206399609;P206399609_1;A;0;1234;0;1010;2440;1140
P206399609;P206399609_2;B;0;0;0;1000;1200;975
P206399609;P206399609_3;C;1000;0;0;2000;1200;2835
P206399609;P206399609_4;D;1010;1240;0;2010;2440;2835
P206399609;P206399609_5;E;2000;0;0;3000;1200;1905
P206399609;P206399609_6;F;2010;1200;0;2810;1800;482
P206399609;P206399609_7;G;2810;1240;0;3810;2440;590
P206399609;P206399609_8;H;3000;0;0;4600;1200;1815
P206399609;P206399609_9;I;3810;1240;0;5410;2440;2700
P206399609;P206399609_10;J;4600;0;0;6200;1200;930
P206399609;P206399609_11;K;5410;1234;0;6420;2440;2755
P206399609;P206399609_12;L;6200;0;0;7210;1206;2370
P206399609;P206399609_13;M;6420;1234;0;7430;2440;2370
P206399609;P206399609_14;N;7210;0;0;8220;1206;2370
P206399609;P206399609_15;O;7430;1234;0;8440;2440;2370
P179399609;P179399609_1;A;0;1234;0;1010;2440;385
P179399609;P179399609_2;B;0;0;0;1010;1206;785
P179399609;P179399609_3;C;1010;0;0;1610;800;2632
P179399609;P179399609_4;D;1010;800;0;1610;1600;2632
P179399609;P179399609_5;E;1010;1640;0;1610;2440;2114
P179399609;P179399609_6;F;1610;1640;0;2210;2440;2114
P179399609;P179399609_7;G;1610;0;0;2210;800;2632
P179399609;P179399609_8;H;1610;800;0;2210;1600;2632
P179399609;P179399609_9;I;2210;0;0;2810;800;2632
P179399609;P179399609_10;J;2210;800;0;2810;1600;1596
P179399609;P179399609_11;K;2810;1234;0;3820;2440;485
P179399609;P179399609_12;L;2810;0;0;3820;1206;870
P173399609;P173399609_1;A;0;0;0;1010;1206;385
P173399609;P173399609_2;B;0;1234;0;1010;2440;2509
P173399609;P173399609_3;C;1010;1234;0;2020;2440;1168
P173399609;P173399609_4;D;1010;0;0;2020;1206;1362
P173399609;P173399609_5;E;2020;0;0;3030;1206;1362
P173399609;P173399609_6;F;2020;1234;0;3030;2440;1362
P173399609;P173399609_7;G;3030;617;0;4040;1823;1362
P173399609;P173399609_8;H;4040;617;0;5050;1823;1362
P173399609;P173399609_9;I;5050;1240;0;6050;2440;1150
P193399609;P193399609_1;A;0;1234;0;1010;2440;385
P193399609;P193399609_2;B;0;0;0;1010;1206;1570
P193399609;P193399609_3;C;1010;0;0;1610;800;2632
P193399609;P193399609_4;D;1010;800;0;1610;1600;2632
P193399609;P193399609_5;E;1010;1640;0;1610;2440;2632
P193399609;P193399609_6;F;1610;1640;0;2210;2440;2632
P193399609;P193399609_7;G;1610;0;0;2210;800;2632
P193399609;P193399609_8;H;1610;800;0;2210;1600;2632
P193399609;P193399609_9;I;2210;0;0;2810;800;2632
P193399609;P193399609_10;J;2210;800;0;2810;1600;2632
P193399609;P193399609_11;K;2210;1640;0;2810;2440;2632
P193399609;P193399609_12;L;2810;1640;0;3410;2440;2114
P193399609;P193399609_13;M;2810;0;0;3410;800;2632
P193399609;P193399609_14;N;2810;800;0;3410;1600;1078
P193399609;P193399609_15;O;3410;0;0;4420;1206;1255
P198399605;P198399605_1;A;0;0;0;1000;1200;1010
P198399605;P198399605_2;B;0;1234;0;1010;2440;2170
P198399605;P198399605_3;C;1000;0;0;2010;1206;1085
P198399605;P198399605_4;D;1010;1234;0;2020;2440;1710
P198399605;P198399605_5;E;2010;0;0;3020;1206;291
P198399605;P198399605_6;F;2020;1240;0;3020;2440;975
P198399605;P198399605_7;G;3020;1240;0;4020;2440;1150
P192399605;P192399605_1;A;0;0;0;1010;1206;2362
P192399605;P192399605_2;B;0;1234;0;1010;2440;385
P192399605;P192399605_3;C;1010;1234;0;2020;2440;1570
P192399605;P192399605_4;D;1010;0;0;1580;780;478
P192399605;P192399605_5;E;1580;0;0;2590;1206;1085
P192399605;P192399605_6;F;2020;1234;0;3030;2440;1155
P198399611;P198399611_1;A;0;0;0;1000;800;1680
P198399611;P198399611_2;B;0;1240;0;1000;2440;1580
P198399611;P198399611_3;C;1000;1240;0;2000;2440;745
P198399611;P198399611_4;D;1000;0;0;2000;1200;335
P198399611;P198399611_5;E;2000;0;0;3000;1200;445
P198399611;P198399611_6;F;2000;1240;0;2800;2440;1375
P198399611;P198399611_7;G;2800;1234;0;3810;2440;2370
P198399611;P198399611_8;H;3000;0;0;4010;1206;2370
P198399611;P198399611_9;I;3810;1234;0;4820;2440;2370
P198399611;P198399611_10;J;4010;0;0;5020;1206;1185
P185399607;P185399607_1;A;0;1234;0;1010;2440;485
P185399607;P185399607_2;B;0;0;0;1900;1200;1490
P185399607;P185399607_3;C;1010;1234;0;2020;2440;785
P185399607;P185399607_4;D;1900;0;0;2910;1206;870
P185399607;P185399607_5;E;2020;1240;0;3020;2440;345
P185399607;P185399607_6;F;2910;0;0;3910;1200;2690
P185399607;P185399607_7;G;3020;1240;0;4020;2440;1035
P178399609;P178399609_1;A;0;0;0;1010;1206;1140
P178399609;P178399609_2;B;0;1240;0;1000;2440;2835
P178399609;P178399609_3;C;1000;1240;0;2000;2440;2835
P178399609;P178399609_4;D;1010;0;0;1810;600;241
P178399609;P178399609_5;E;1810;0;0;2810;1200;885
P178399609;P178399609_6;F;2000;1240;0;3600;2440;2700
P178399609;P178399609_7;G;2810;0;0;4410;1200;2700
P178399609;P178399609_8;H;3600;1240;0;5200;2440;930
P178399609;P178399609_9;I;4410;0;0;5420;1206;2370
P178399609;P178399609_10;J;5200;1234;0;6210;2440;2370
P178399609;P178399609_11;K;5420;0;0;6430;1206;2370
P178399609;P178399609_12;L;6210;1234;0;7220;2440;2370
P178399609;P178399609_13;M;6430;0;0;7440;1206;2370
P178399609;P178399609_14;N;7220;1234;0;8230;2440;1185
P178399609;P178399609_15;O;7440;0;0;8450;1206;780
P192399607;P192399607_1;A;0;0;0;1010;1206;485
P192399607;P192399607_2;B;0;1240;0;1000;2440;975
P192399607;P192399607_3;C;1000;1240;0;2900;2440;1490
P192399607;P192399607_4;D;1010;0;0;2020;1206;785
P192399607;P192399607_5;E;2020;0;0;3020;1200;690
P192399607;P192399607_6;F;2900;1240;0;3900;2440;2690
P192399607;P192399607_7;G;3020;0;0;4020;1200;1035
P192399607;P192399607_8;H;3900;1234;0;4910;2440;1085
P174399609;P174399609_1;A;0;1240;0;1700;2440;1955
P174399609;P174399609_2;B;0;0;0;1700;1200;1955
P174399609;P174399609_3;C;1700;0;0;3400;1200;1955
P174399609;P174399609_4;D;1700;1240;0;3400;2440;1955
P174399609;P174399609_5;E;3400;1240;0;5100;2440;1955
P174399609;P174399609_6;F;3400;0;0;5100;1200;1955
P174399609;P174399609_7;G;5100;0;0;6110;1206;785
P174399609;P174399609_8;H;5100;1240;0;6100;2440;295
P174399609;P174399609_9;I;6100;1240;0;7700;2440;1815
P174399609;P174399609_10;J;6110;0;0;7120;1206;2370
P174399609;P174399609_11;K;7120;0;0;8130;1206;2370
P174399609;P174399609_12;L;7700;1234;0;8710;2440;2370
P174399609;P174399609_13;M;8130;0;0;9140;1206;870
P206399605;P206399605_1;A;0;1234;0;1010;2440;2362
P206399605;P206399605_2;B;0;0;0;1010;1206;385
P206399605;P206399605_3;C;1010;0;0;1580;780;478
P206399605;P206399605_4;D;1010;1234;0;2020;2440;385
P206399605;P206399605_5;E;1580;0;0;2590;1206;2170
P206399605;P206399605_6;F;2020;1234;0;3030;2440;1155
P201399609;P201399609_1;A;0;1234;0;1010;2440;385
P201399609;P201399609_2;B;0;0;0;1010;1206;2323
P201399609;P201399609_3;C;1010;617;0;2020;1823;2353
P201399609;P201399609_4;D;2020;1240;0;3020;2440;1150
P201399609;P201399609_5;E;2020;17;0;3030;1223;1362
P201399609;P201399609_6;F;3020;1228;0;4030;2434;1362
P201399609;P201399609_7;G;3030;0;0;4040;1206;1362
P201399609;P201399609_8;H;4030;1234;0;5040;2440;1362
P201399609;P201399609_9;I;4040;0;0;5050;1206;1362
P201399609;P201399609_10;J;5040;1234;0;6050;2440;681
P200399609;P200399609_1;A;0;0;0;1010;1206;385
P200399609;P200399609_2;B;0;1206;0;800;1806;2632
P200399609;P200399609_3;C;0;1840;0;800;2440;2632
P200399609;P200399609_4;D;800;1206;0;1600;1806;2632
P200399609;P200399609_5;E;800;1840;0;1600;2440;2632
P200399609;P200399609_6;F;1010;0;0;1810;600;2632
P200399609;P200399609_7;G;1010;606;0;1810;1206;2632
P200399609;P200399609_8;H;1600;1206;0;2400;1806;2114
P200399609;P200399609_9;I;1600;1840;0;2400;2440;2632
P200399609;P200399609_10;J;1810;0;0;2610;600;2632
P200399609;P200399609_11;K;1810;606;0;2610;1206;2632
P200399609;P200399609_12;L;2400;1206;0;3200;1806;2632
P200399609;P200399609_13;M;2400;1840;0;3200;2440;2632
P200399609;P200399609_14;N;2610;0;0;3410;600;2632
P200399609;P200399609_15;O;2610;606;0;3410;1206;2114
P200399609;P200399609_16;P;3200;1234;0;4210;2440;485
P200399609;P200399609_17;Q;3410;0;0;4420;1206;385
P200399609;P200399609_18;R;4210;1240;0;5210;2440;395
P173399601;P173399601_1;A;0;0;0;1010;1206;2170
P173399601;P173399601_2;B;0;1234;0;1010;2440;2170
P173399601;P173399601_3;C;1010;1234;0;2020;2440;2170
P173399601;P173399601_4;D;1010;0;0;2020;1206;1085
P173399601;P173399601_5;E;2020;0;0;3030;1206;780
P173399601;P173399601_6;F;2020;1234;0;3030;2440;2370
P173399601;P173399601_7;G;3030;1234;0;4040;2440;1185
P173399601;P173399601_8;H;3030;0;0;4040;1206;2170
P173399601;P173399601_9;I;4040;0;0;5050;1206;285
P173399601;P173399601_10;J;4040;1234;0;5050;2440;2170
P173399601;P173399601_11;K;5050;1240;0;6050;2440;345
P173399601;P173399601_12;L;5050;0;0;6060;1206;2170
P191399605;P191399605_1;A;0;1240;0;1000;2440;1010
P191399605;P191399605_2;B;0;0;0;1010;1206;2170
P191399605;P191399605_3;C;1000;1234;0;2010;2440;1085
P191399605;P191399605_4;D;1010;0;0;2020;1206;1140
P191399605;P191399605_5;E;2010;1240;0;3010;2440;445
P191399605;P191399605_6;F;2020;0;0;3020;1200;2835
P191399605;P191399605_7;G;3010;1240;0;4010;2440;975
P208399607;P208399607_1;A;0;0;0;1010;1206;385
P208399607;P208399607_2;B;0;1234;0;1010;2440;2555
P208399607;P208399607_3;C;1010;1234;0;2020;2440;385
P208399607;P208399607_4;D;1010;0;0;2010;1200;2690
P208399607;P208399607_5;E;2010;0;0;3010;1200;1935
P208399607;P208399607_6;F;2020;1240;0;3020;2440;295
P208399607;P208399607_7;G;3010;0;0;4010;1200;2835
P178399605;P178399605_1;A;0;0;0;1010;1206;1566
P178399605;P178399605_2;B;0;1234;0;1010;2440;1185
P178399605;P178399605_3;C;1010;1660;0;1580;2440;478
P178399605;P178399605_4;D;1010;0;0;2020;1206;1085
P178399605;P178399605_5;E;1580;1234;0;2590;2440;1155
P209399611;P209399611_1;A;0;1234;0;1010;2440;385
P209399611;P209399611_2;B;0;0;0;1000;1200;975
P209399611;P209399611_3;C;1000;0;0;2010;1206;461
P209399611;P209399611_4;D;1010;1240;0;2610;2440;2700
P209399611;P209399611_5;E;2010;0;0;3610;1200;1815
P209399611;P209399611_6;F;2610;1240;0;4210;2440;2700
P209399611;P209399611_7;G;3610;0;0;5210;1200;1815
P209399611;P209399611_8;H;4210;1234;0;5220;2440;770
P209399611;P209399611_9;I;5210;0;0;6220;1206;1185
P209399611;P209399611_10;J;5220;1234;0;6230;2440;285
P187399607;P187399607_1;A;0;0;0;1010;1206;1185
P187399607;P187399607_2;B;0;1234;0;1010;2440;1570
P187399607;P187399607_3;C;1010;1234;0;2020;2440;385
P187399607;P187399607_4;D;1010;0;0;2010;1200;2690
P187399607;P187399607_5;E;2010;0;0;3010;1200;2825
P187399607;P187399607_6;F;2020;1240;0;3020;2440;590
P187399607;P187399607_7;G;3010;0;0;4010;1200;295
P187399607;P187399607_8;H;3020;1240;0;4020;2440;2835
P180399609;P180399609_1;A;0;1234;0;1010;2440;1362
P180399609;P180399609_2;B;0;0;0;1010;1206;1362
P180399609;P180399609_3;C;1010;0;0;2020;1206;1362
P180399609;P180399609_4;D;1010;1234;0;2020;2440;2137
P180399609;P180399609_5;E;2020;1234;0;3030;2440;2336
P180399609;P180399609_6;F;2020;0;0;3030;1206;1955
P201399607;P201399607_1;A;0;0;0;1010;1206;385
P201399607;P201399607_2;B;0;1240;0;1900;2440;1490
P201399607;P201399607_3;C;1010;0;0;2020;1206;1570
P201399607;P201399607_4;D;1900;1234;0;2910;2440;385
P201399607;P201399607_5;E;2020;0;0;3020;1200;2690
P201399607;P201399607_6;F;2910;1240;0;3910;2440;590
P201399607;P201399607_7;G;3020;0;0;4020;1200;885
P201399607;P201399607_8;H;3910;1240;0;4910;2440;1905
P178399611;P178399611_1;A;0;1640;0;600;2440;350
P178399611;P178399611_2;B;0;0;0;1000;1200;1905
P178399611;P178399611_3;C;600;1240;0;1600;2440;395
P178399611;P178399611_4;D;1000;0;0;2000;1200;2700
P178399611;P178399611_5;E;1600;1240;0;2600;2440;2700
P178399611;P178399611_6;F;2000;0;0;3000;1200;2700
P178399611;P178399611_7;G;2600;1240;0;3600;2440;930
P178399611;P178399611_8;H;3000;0;0;4140;1140;2000
P178399611;P178399611_9;I;3600;1300;0;4740;2440;2000
P178399611;P178399611_10;J;4140;0;0;5280;1140;2000
P178399611;P178399611_11;K;4740;1300;0;5880;2440;2000
P178399611;P178399611_12;L;5280;0;0;6420;1140;2000
P178399611;P178399611_13;M;5880;1300;0;7020;2440;2000
P178399611;P178399611_14;N;6420;0;0;7420;1200;1380
P178399611;P178399611_15;O;7020;1234;0;8030;2440;1185
P191399609;P191399609_1;A;0;0;0;1010;1206;485
P191399609;P191399609_2;B;0;1234;0;1010;2440;2336
P191399609;P191399609_3;C;1010;1234;0;2020;2440;2323
P191399609;P191399609_4;D;1010;0;0;2020;1206;1570
P177162407;P177162407_1;A;0;620;0;1000;1820;1150
P177162407;P177162407_2;B;1000;1240;0;2000;2440;1150
P177162407;P177162407_3;C;1000;0;0;2000;1200;1150
P177162407;P177162407_4;D;2000;0;0;3000;1200;2255
P177162407;P177162407_5;E;2000;1220;0;3000;2420;2255
P177162407;P177162407_6;F;3000;620;0;4000;1820;2255
P177162407;P177162407_7;G;4000;620;0;5000;1820;2255
P177162407;P177162407_8;H;5000;1240;0;6000;2440;2255
P177162407;P177162407_9;I;5000;0;0;6000;1200;2255
P177162407;P177162407_10;J;6000;1240;0;7000;2440;2255
P177162407;P177162407_11;K;6000;0;0;7000;1200;2255
P177162407;P177162407_12;L;7000;0;0;8000;1200;2255
P177162407;P177162407_13;M;7000;1240;0;8000;2440;2255
P177162407;P177162407_14;N;8000;1240;0;9000;2440;2255
P177162407;P177162407_15;O;8000;0;0;9000;1200;2255
P177162407;P177162407_16;P;9000;0;0;10000;1200;2255
P177162407;P177162407_17;Q;9000;1240;0;10000;2440;2255
P177162407;P177162407_18;R;10000;1240;0;11000;2440;2255
P177162407;P177162407_19;S;10000;0;0;11000;1200;2255
P177162407;P177162407_20;T;11000;0;0;12000;1200;2255
P177162407;P177162407_21;U;11000;1240;0;12000;2440;2255
P177162407;P177162407_22;V;12000;1440;0;13200;2440;1150
P173162405;P173162405_1;A;0;620;0;1000;1820;1150
P173162405;P173162405_2;B;1000;620;0;2000;1820;2255
P173162405;P173162405_3;C;2000;620;0;3000;1820;2255
P173162405;P173162405_4;D;3000;620;0;4000;1820;2255
P173162405;P173162405_5;E;4000;1240;0;5000;2440;2255
P173162405;P173162405_6;F;4000;0;0;5000;1200;2255
P173162405;P173162405_7;G;5000;1240;0;6000;2440;2255
P173162405;P173162405_8;H;5000;0;0;6000;1200;2255
P173162405;P173162405_9;I;6000;0;0;7000;1200;2255
P173162405;P173162405_10;J;6000;1240;0;7000;2440;2255
P173162405;P173162405_11;K;7000;1240;0;8000;2440;2255
P173162405;P173162405_12;L;7000;0;0;8000;1200;2255
P173162405;P173162405_13;M;8000;0;0;9000;1200;2255
P173162405;P173162405_14;N;8000;1240;0;9000;2440;2255
P173162405;P173162405_15;O;9000;1240;0;10000;2440;2255
P173162405;P173162405_16;P;9000;0;0;10000;1200;2255
P173162405;P173162405_17;Q;10000;0;0;11000;1200;2255
P173162405;P173162405_18;R;10000;1240;0;11000;2440;2255
P173162405;P173162405_19;S;11000;1240;0;12000;2440;2255
P173162405;P173162405_20;T;11000;0;0;12000;1200;2255
P173162405;P173162405_21;U;12000;0;0;13200;1000;1150
P191399611;P191399611_1;A;0;0;0;1000;800;480
P191399611;P191399611_2;B;0;1240;0;1000;2440;790
P191399611;P191399611_3;C;1000;1240;0;2000;2440;335
P191399611;P191399611_4;D;1000;0;0;2000;1200;445
P191399611;P191399611_5;E;2000;0;0;3010;1206;985
P191399611;P191399611_6;F;2000;1240;0;2800;2440;1375
P191399611;P191399611_7;G;2800;1234;0;3810;2440;2370
P191399611;P191399611_8;H;3010;0;0;4020;1206;2370
P191399611;P191399611_9;I;3810;1234;0;4820;2440;1185
P186399609;P186399609_1;A;0;1234;0;1010;2440;385
P186399609;P186399609_2;B;0;0;0;1010;1206;785
P186399609;P186399609_3;C;1010;0;0;1610;800;2632
P186399609;P186399609_4;D;1010;800;0;1610;1600;2632
P186399609;P186399609_5;E;1010;1640;0;1610;2440;2632
P186399609;P186399609_6;F;1610;1640;0;2210;2440;2632
P186399609;P186399609_7;G;1610;0;0;2210;800;2114
P186399609;P186399609_8;H;1610;800;0;2210;1600;2632
P186399609;P186399609_9;I;2210;0;0;2810;800;2114
P186399609;P186399609_10;J;2210;800;0;2810;1600;2632
P186399609;P186399609_11;K;2210;1640;0;2810;2440;2632
P186399609;P186399609_12;L;2810;1640;0;3410;2440;2632
P186399609;P186399609_13;M;2810;0;0;3410;800;2632
P186399609;P186399609_14;N;2810;800;0;3410;1600;2632
P186399609;P186399609_15;O;3410;0;0;4010;800;2632
P186399609;P186399609_16;P;3410;800;0;4010;1600;1596
P186399609;P186399609_17;Q;4010;1234;0;5020;2440;385
P205399609;P205399609_1;A;0;0;0;1010;1206;2336
P205399609;P205399609_2;B;0;1234;0;1010;2440;2323
P205399609;P205399609_3;C;1010;1234;0;2020;2440;385
P205399609;P205399609_4;D;1010;0;0;2020;1206;385
P187399609;P187399609_1;A;0;617;0;1010;1823;2708
P187399609;P187399609_2;B;1010;617;0;2020;1823;1362
P187399609;P187399609_3;C;2020;617;0;3030;1823;1362
P187399609;P187399609_4;D;3030;1234;0;4040;2440;1362
P187399609;P187399609_5;E;3030;14;0;4040;1220;1362
P187399609;P187399609_6;F;4040;0;0;5050;1206;1362
P187399609;P187399609_7;G;4040;1220;0;5050;2426;681
P187399609;P187399609_8;H;5050;617;0;6060;1823;1367
P187399609;P187399609_9;I;6060;1240;0;7060;2440;1150
P177399611;P177399611_1;A;0;1234;0;1010;2440;385
P177399611;P177399611_2;B;0;0;0;800;1000;240
P177399611;P177399611_3;C;800;0;0;1800;1200;1185
P177399611;P177399611_4;D;1010;1240;0;2010;2440;745
P177399611;P177399611_5;E;1800;0;0;2800;1200;445
P177399611;P177399611_6;F;2010;1240;0;2810;2440;275
P177399611;P177399611_7;G;2800;0;0;3810;1206;2370
P177399611;P177399611_8;H;2810;1234;0;3820;2440;1185
P208399609;P208399609_1;A;0;0;0;1010;1206;2310
P208399609;P208399609_2;B;0;1220;0;1010;2426;1168
P208399609;P208399609_3;C;1010;617;0;2020;1823;1362
P208399609;P208399609_4;D;2020;1234;0;3030;2440;1362
P208399609;P208399609_5;E;2020;0;0;3030;1206;1362
P208399609;P208399609_6;F;3030;1234;0;4040;2440;1362
P208399609;P208399609_7;G;3030;14;0;4040;1220;681
P208399609;P208399609_8;H;4040;0;0;5040;1200;1150
P207399611;P207399611_1;A;0;0;0;1000;1200;2700
P207399611;P207399611_2;B;0;1240;0;1000;2440;1815
P207399611;P207399611_3;C;1000;1234;0;2010;2440;1746
P207399611;P207399611_4;D;1000;0;0;1800;1200;300
P200399611;P200399611_1;A;0;0;0;1000;1200;2700
P200399611;P200399611_2;B;0;1240;0;1000;2440;2700
P200399611;P200399611_3;C;1000;1234;0;2010;2440;2037
P200399611;P200399611_4;D;1000;0;0;1800;1200;300
P198399609;P198399609_1;A;0;0;0;1010;1206;2137
P198399609;P198399609_2;B;0;1234;0;1010;2440;2336
P198399609;P198399609_3;C;1010;1234;0;2020;2440;770
P198399609;P198399609_4;D;1010;0;0;2020;1206;385
P240399609;P240399609_1;A;0;0;0;1010;1206;2721
P240399609;P240399609_2;B;0;1234;0;1010;2440;2353
P240399609;P240399609_3;C;1010;1234;0;2020;2440;385
P240399609;P240399609_4;D;1010;0;0;2020;1206;385
P192399611;P192399611_1;A;0;0;0;1000;1200;1905
P192399611;P192399611_2;B;0;1240;0;1000;2440;395
P192399611;P192399611_3;C;1000;1240;0;2000;2440;2700
P192399611;P192399611_4;D;1000;0;0;2000;1200;2700
P192399611;P192399611_5;E;2000;0;0;3000;1200;2700
P192399611;P192399611_6;F;2000;1240;0;3000;2440;930
P192399611;P192399611_7;G;3000;1300;0;4140;2440;2000
P192399611;P192399611_8;H;3000;0;0;4140;1140;2000
P192399611;P192399611_9;I;4140;0;0;5280;1140;2000
P192399611;P192399611_10;J;4140;1300;0;5280;2440;2000
P192399611;P192399611_11;K;5280;1300;0;6420;2440;2000
P192399611;P192399611_12;L;5280;0;0;6420;1140;2000
P192399611;P192399611_13;M;6420;0;0;7560;1140;2000
P192399611;P192399611_14;N;6420;1300;0;7560;2440;2000
P192399611;P192399611_15;O;7560;1300;0;8700;2440;1000
P192399611;P192399611_16;P;7560;0;0;8560;1200;1380
P192399611;P192399611_17;Q;8560;0;0;9570;1206;1185
P194063501;P194063501_1;A;0;0;0;1010;1206;2362
P194063501;P194063501_2;B;0;1234;0;1010;2440;2362
P194063501;P194063501_3;C;1010;1234;0;2020;2440;2362
P194063501;P194063501_4;D;1010;0;0;2020;1206;2362
P194063501;P194063501_5;E;2020;0;0;3030;1206;2362
P194063501;P194063501_6;F;2020;1234;0;3030;2440;2362
P194063501;P194063501_7;G;3030;1234;0;4040;2440;2362
P194063501;P194063501_8;H;3030;0;0;4040;1206;2266
P194063501;P194063501_9;I;4040;0;0;5050;1206;2170
P194063501;P194063501_10;J;4040;1234;0;5050;2440;2170
P194063501;P194063501_11;K;5050;1234;0;6060;2440;2170
P194063501;P194063501_12;L;5050;0;0;6060;1206;2170
P194063501;P194063501_13;M;6060;0;0;7070;1206;2170
P194063501;P194063501_14;N;6060;1234;0;7070;2440;2170
P194063501;P194063501_15;O;7070;1234;0;8080;2440;2170
P194063501;P194063501_16;P;7070;0;0;8080;1206;2170
P194063501;P194063501_17;Q;8080;0;0;9090;1206;2170
P194063501;P194063501_18;R;8080;1234;0;9090;2440;2170
P194063501;P194063501_19;S;9090;1234;0;10100;2440;2170
P194063501;P194063501_20;T;9090;0;0;10100;1206;2170
P201063501;P201063501_1;A;0;1234;0;1010;2440;2170
P201063501;P201063501_2;B;0;0;0;1010;1206;2170
P201063501;P201063501_3;C;1010;0;0;2020;1206;2170
P201063501;P201063501_4;D;1010;1234;0;2020;2440;2170
P201063501;P201063501_5;E;2020;1234;0;3030;2440;2170
P201063501;P201063501_6;F;2020;0;0;3030;1206;2170
P201063501;P201063501_7;G;3030;0;0;4040;1206;2170
P201063501;P201063501_8;H;3030;1234;0;4040;2440;2170
P201063501;P201063501_9;I;4040;1234;0;5050;2440;2170
P201063501;P201063501_10;J;4040;0;0;5050;1206;2362
P201063501;P201063501_11;K;5050;0;0;6060;1206;2362
P201063501;P201063501_12;L;5050;1234;0;6060;2440;2362
P201063501;P201063501_13;M;6060;1234;0;7070;2440;2362
P201063501;P201063501_14;N;6060;0;0;7070;1206;2362
P201063501;P201063501_15;O;7070;0;0;8080;1206;2362
P201063501;P201063501_16;P;7070;1234;0;8080;2440;2362
P201063501;P201063501_17;Q;8080;1234;0;9090;2440;2362
P201063501;P201063501_18;R;8080;0;0;9090;1206;2362
P201063501;P201063501_19;S;9090;0;0;10100;1206;2362
P201063501;P201063501_20;T;9090;1234;0;10100;2440;2362
P201063501;P201063501_21;U;10100;1234;0;11110;2440;1181
P201063501;P201063501_22;V;10100;0;0;11110;1206;2170
P201063501;P201063501_23;W;11110;0;0;12120;1206;2170
P201063501;P201063501_24;X;11110;1234;0;12120;2440;2170
P201063501;P201063501_25;Y;12120;1430;0;13326;2440;1085
P201063501;P201063501_26;Z;12120;0;0;13326;1010;2170
Q201063501_1;Q201063501_1_1;A;0;0;0;1010;1206;2170
Q201063501_1;Q201063501_1_2;B;0;1234;0;1010;2440;2170
Q201063501_1;Q201063501_1_3;C;1010;1234;0;2020;2440;2170
P205399605;P205399605_1;A;0;1240;0;1000;2440;505
P205399605;P205399605_2;B;0;0;0;1010;1206;2170
P205399605;P205399605_3;C;1000;1234;0;2010;2440;1085
P205399605;P205399605_4;D;1010;0;0;2020;1206;1710
P205399605;P205399605_5;E;2010;1240;0;3010;2440;395
P208063501;P208063501_1;A;0;1234;0;1010;2440;2362
P208063501;P208063501_2;B;0;0;0;1010;1206;2362
P208063501;P208063501_3;C;1010;0;0;2020;1206;2362
P208063501;P208063501_4;D;1010;1234;0;2020;2440;2362
P208063501;P208063501_5;E;2020;1234;0;3030;2440;2362
P208063501;P208063501_6;F;2020;0;0;3030;1206;2362
P208063501;P208063501_7;G;3030;0;0;4040;1206;2362
P208063501;P208063501_8;H;3030;1234;0;4040;2440;2362
P208063501;P208063501_9;I;4040;1234;0;5050;2440;2170
P208063501;P208063501_10;J;4040;0;0;5050;1206;2170
P208063501;P208063501_11;K;5050;0;0;6060;1206;2170
P208063501;P208063501_12;L;5050;1234;0;6060;2440;2170
P208063501;P208063501_13;M;6060;1234;0;7070;2440;2170
P208063501;P208063501_14;N;6060;0;0;7070;1206;2170
P208063501;P208063501_15;O;7070;0;0;8080;1206;2170
P208063501;P208063501_16;P;7070;1234;0;8080;2440;2170
P208063501;P208063501_17;Q;8080;1234;0;9090;2440;2170
P208063501;P208063501_18;R;8080;0;0;9090;1206;2170
P208063501;P208063501_19;S;9090;0;0;10100;1206;2170
P208063501;P208063501_20;T;9090;1234;0;10100;2440;2170
P208063501;P208063501_21;U;10100;1234;0;11110;2440;2170
P208063501;P208063501_22;V;10100;0;0;11110;1206;1085
P178399607;P178399607_1;A;0;1240;0;1900;2440;1490
P178399607;P178399607_2;B;0;0;0;1010;1206;485
P178399607;P178399607_3;C;1010;0;0;2910;1200;1490
P178399607;P178399607_4;D;1900;1234;0;2910;2440;785
P178399607;P178399607_5;E;2910;0;0;3920;1206;385
P178399607;P178399607_6;F;2910;1240;0;3910;2440;2690
P178399607;P178399607_7;G;3910;1240;0;4910;2440;590
P180399607;P180399607_1;A;0;1234;0;1010;2440;1185
P180399607;P180399607_2;B;0;0;0;1010;1206;785
P180399607;P180399607_3;C;1010;0;0;2010;1200;1640
P180399607;P180399607_4;D;1010;1240;0;2010;2440;295
P180399607;P180399607_5;E;2010;1234;0;3020;2440;285
P180399607;P180399607_6;F;2010;0;0;3010;1200;975
P199399607;P199399607_1;A;0;1234;0;1010;2440;785
P199399607;P199399607_2;B;0;0;0;1010;1206;1570
P199399607;P199399607_3;C;1010;0;0;2010;1200;345
P199399607;P199399607_4;D;1010;1240;0;2010;2440;2690
P199399607;P199399607_5;E;2010;1240;0;3010;2440;885
P199399607;P199399607_6;F;2010;0;0;3020;1206;1085
P174399611;P174399611_1;A;0;0;0;1010;1206;1331
P174399611;P174399611_2;B;0;1234;0;1010;2440;385
P174399611;P174399611_3;C;1010;1234;0;2020;2440;1185
P174399611;P174399611_4;D;1010;0;0;2020;1206;285
P171399601;P171399601_1;A;0;1234;0;1010;2440;385
P171399601;P171399601_2;B;0;0;0;1000;1200;235
P171399601;P171399601_3;C;1000;0;0;2010;1206;2455
P171399601;P171399601_4;D;1010;1234;0;2020;2440;2655
P177399601;P177399601_1;A;0;0;0;1000;1200;345
P177399601;P177399601_2;B;0;1234;0;1010;2440;1185
P177399601;P177399601_3;C;1000;0;0;2010;1206;2370
P177399601;P177399601_4;D;1010;1234;0;2020;2440;2370
P177399601;P177399601_5;E;2010;0;0;3020;1206;771
P177399601;P177399601_6;F;2020;1240;0;3020;2440;2835
P177399601;P177399601_7;G;3020;1240;0;4020;2440;975
P180399611;P180399611_1;A;0;0;0;1010;1206;385
P180399611;P180399611_2;B;0;1240;0;1000;2440;345
P180399611;P180399611_3;C;1000;1240;0;2000;2440;720
P180399611;P180399611_4;D;1010;0;0;2020;1206;770
P180399611;P180399611_5;E;2000;1234;0;3010;2440;385
P180399611;P180399611_6;F;2020;0;0;3020;1200;975
P206399611;P206399611_1;A;0;1240;0;1000;2440;2700
P206399611;P206399611_2;B;0;0;0;1000;1200;2700
P206399611;P206399611_3;C;1000;0;0;2000;1200;2700
P206399611;P206399611_4;D;1000;1240;0;2000;2440;2700
P206399611;P206399611_5;E;2000;1240;0;3000;2440;2700
P206399611;P206399611_6;F;2000;0;0;3000;1200;2700
P206399611;P206399611_7;G;3000;0;0;4000;1200;445
P206399611;P206399611_8;H;3000;1300;0;4140;2440;2000
P206399611;P206399611_9;I;4000;0;0;5140;1140;2000
P206399611;P206399611_10;J;4140;1300;0;5280;2440;2000
P206399611;P206399611_11;K;5140;0;0;6280;1140;2000
P206399611;P206399611_12;L;5280;1300;0;6420;2440;2000
P206399611;P206399611_13;M;6280;0;0;7420;1140;2000
P206399611;P206399611_14;N;6420;1300;0;7560;2440;2000
P206399611;P206399611_15;O;7420;0;0;8560;1140;2000
P206399611;P206399611_16;P;7560;1300;0;8700;2440;2000
P206399611;P206399611_17;Q;8560;0;0;9700;1140;1000
P206399611;P206399611_18;R;8700;1240;0;9700;2440;1580
P206399611;P206399611_19;S;9700;1234;0;10710;2440;1185
P187399611;P187399611_1;A;0;617;0;1010;1823;385
P187399611;P187399611_2;B;1010;1240;0;2010;2440;690
P187399611;P187399611_3;C;1010;20;0;2010;1220;720
P187399611;P187399611_4;D;2010;620;0;3010;1820;720
P187399611;P187399611_5;E;3010;620;0;4010;1820;720
P187399611;P187399611_6;F;4010;620;0;5010;1820;720
P187399611;P187399611_7;G;5010;1240;0;6010;2440;720
P187399611;P187399611_8;H;5010;0;0;6010;1200;720
P187399611;P187399611_9;I;6010;1240;0;7010;2440;720
P187399611;P187399611_10;J;6010;0;0;7010;1200;720
P187399611;P187399611_11;K;7010;0;0;8010;1200;720
P187399611;P187399611_12;L;7010;1234;0;8020;2440;385
P187399611;P187399611_13;M;8010;0;0;9020;1206;1540
P187399611;P187399611_14;N;8020;1240;0;9020;2440;975
P208399611;P208399611_1;A;0;0;0;1010;1206;385
P208399611;P208399611_2;B;0;1240;0;1000;2440;690
P208399611;P208399611_3;C;1000;1240;0;2000;2440;720
P208399611;P208399611_4;D;1010;0;0;2010;1200;720
P208399611;P208399611_5;E;2000;1234;0;3010;2440;1155
P208399611;P208399611_6;F;2010;0;0;3020;1206;385
P208399611;P208399611_7;G;3010;1240;0;4010;2440;975
P206399607;P206399607_1;A;0;1234;0;1010;2440;785
P206399607;P206399607_2;B;0;0;0;1000;1200;690
P206399607;P206399607_3;C;1000;0;0;2000;1200;1640
P206399607;P206399607_4;D;1010;1234;0;2020;2440;1470
P240399605;P240399605_1;A;0;1240;0;1000;2440;505
P240399605;P240399605_2;B;0;0;0;1010;1206;2170
P240399605;P240399605_3;C;1000;1234;0;2010;2440;1085
P240399605;P240399605_4;D;1010;0;0;2020;1206;1710
P240399605;P240399605_5;E;2010;1234;0;3020;2440;291
P240399605;P240399605_6;F;2020;0;0;3020;1200;975
P199399605;P199399605_1;A;0;1234;0;1010;2440;2362
P199399605;P199399605_2;B;0;0;0;1010;1206;1181
P199399605;P199399605_3;C;1010;0;0;1580;780;478
P199399605;P199399605_4;D;1010;1234;0;2020;2440;385
P199399605;P199399605_5;E;1580;0;0;2590;1206;2170
P199399605;P199399605_6;F;2020;1234;0;3030;2440;1570
P188399611;P188399611_1;A;0;1234;0;1010;2440;385
P188399611;P188399611_2;B;0;0;0;1600;1200;2700
P188399611;P188399611_3;C;1010;1240;0;2610;2440;2700
P188399611;P188399611_4;D;1600;0;0;2610;1206;770
P188399611;P188399611_5;E;2610;0;0;3620;1206;1185
P188399611;P188399611_6;F;2610;1234;0;3620;2440;570
P201399611;P201399611_1;A;0;1240;0;1000;2440;690
P201399611;P201399611_2;B;0;0;0;1000;1200;720
P201399611;P201399611_3;C;1000;0;0;2000;1200;720
P201399611;P201399611_4;D;1000;1234;0;2010;2440;1540
P201399611;P201399611_5;E;2000;0;0;3010;1206;385
P201399611;P201399611_6;F;2010;1240;0;3010;2440;1905
P172399609;P172399609_1;A;0;1640;0;600;2440;2632
P172399609;P172399609_2;B;0;0;0;600;800;2632
P172399609;P172399609_3;C;0;800;0;600;1600;2632
P172399609;P172399609_4;D;600;0;0;1200;800;2632
P172399609;P172399609_5;E;600;800;0;1200;1600;2632
P172399609;P172399609_6;F;600;1640;0;1200;2440;2114
P172399609;P172399609_7;G;1200;1640;0;1800;2440;2632
P172399609;P172399609_8;H;1200;0;0;1800;800;2632
P172399609;P172399609_9;I;1200;800;0;1800;1600;2632
P172399609;P172399609_10;J;1800;0;0;2400;800;2632
P172399609;P172399609_11;K;1800;800;0;2400;1600;2632
P172399609;P172399609_12;L;1800;1640;0;2400;2440;2632
P172399609;P172399609_13;M;2400;1234;0;3410;2440;485
P177399609;P177399609_1;A;0;1234;0;1010;2440;2734
P177399609;P177399609_2;B;0;0;0;1010;1206;1925
P194399609;P194399609_1;A;0;617;0;1010;1823;385
P194399609;P194399609_2;B;1010;617;0;2020;1823;1553
P194399609;P194399609_3;C;2020;1240;0;3020;2440;1150
P194399609;P194399609_4;D;2020;0;0;3030;1206;1362
P194399609;P194399609_5;E;3020;1234;0;4030;2440;1362
P194399609;P194399609_6;F;3030;14;0;4040;1220;1362
P194399609;P194399609_7;G;4030;1227;0;5040;2433;1362
P194399609;P194399609_8;H;4040;0;0;5050;1206;681
P185399605;P185399605_1;A;0;0;0;1010;1206;2362
P185399605;P185399605_2;B;0;1234;0;1010;2440;1181
P185399605;P185399605_3;C;1010;1234;0;2020;2440;1540
P187063501;P187063501_1;A;0;1234;0;1010;2440;2362
P187063501;P187063501_2;B;0;0;0;1010;1206;2362
P187063501;P187063501_3;C;1010;0;0;2020;1206;2362
P187063501;P187063501_4;D;1010;1234;0;2020;2440;2362
P187063501;P187063501_5;E;2020;1234;0;3030;2440;2362
P187063501;P187063501_6;F;2020;0;0;3030;1206;2362
P187063501;P187063501_7;G;3030;0;0;4040;1206;2362
P187063501;P187063501_8;H;3030;1234;0;4040;2440;2362
P187063501;P187063501_9;I;4040;1234;0;5050;2440;2362
P187063501;P187063501_10;J;4040;0;0;5050;1206;2362
P187063501;P187063501_11;K;5050;0;0;6060;1206;2170
P187063501;P187063501_12;L;5050;1234;0;6060;2440;2170
P187063501;P187063501_13;M;6060;1234;0;7070;2440;2170
P187063501;P187063501_14;N;6060;0;0;7070;1206;2170
P187063501;P187063501_15;O;7070;0;0;8080;1206;2170
P187063501;P187063501_16;P;7070;1234;0;8080;2440;2170
P187063501;P187063501_17;Q;8080;1234;0;9090;2440;2170
P187063501;P187063501_18;R;8080;0;0;9090;1206;1085
P187063501;P187063501_19;S;9090;0;0;10100;1206;2170
P187063501;P187063501_20;T;9090;1234;0;10100;2440;2170
P187063501;P187063501_21;U;10100;1234;0;11110;2440;1085
P187063501;P187063501_22;V;10100;0;0;11110;1206;2170
P180063501;P180063501_1;A;0;1234;0;1010;2440;2362
P180063501;P180063501_2;B;0;0;0;1010;1206;2362
P180063501;P180063501_3;C;1010;0;0;2020;1206;2362
P180063501;P180063501_4;D;1010;1234;0;2020;2440;2362
P180063501;P180063501_5;E;2020;1234;0;3030;2440;2362
P180063501;P180063501_6;F;2020;0;0;3030;1206;2362
P180063501;P180063501_7;G;3030;0;0;4040;1206;2170
P180063501;P180063501_8;H;3030;1234;0;4040;2440;2170
P180063501;P180063501_9;I;4040;1234;0;5050;2440;2170
P180063501;P180063501_10;J;4040;0;0;5050;1206;2170
P180063501;P180063501_11;K;5050;0;0;6060;1206;2170
P180063501;P180063501_12;L;5050;1234;0;6060;2440;2170
P180063501;P180063501_13;M;6060;1234;0;7070;2440;2170
P180063501;P180063501_14;N;6060;0;0;7070;1206;1085
P166063501;P166063501_1;A;0;0;0;1010;1206;2362
P166063501;P166063501_2;B;0;1234;0;1010;2440;2362
P166063501;P166063501_3;C;1010;1234;0;2020;2440;2362
P166063501;P166063501_4;D;1010;0;0;2020;1206;2362
P166063501;P166063501_5;E;2020;0;0;3030;1206;2362
P166063501;P166063501_6;F;2020;1234;0;3030;2440;2362
P166063501;P166063501_7;G;3030;1234;0;4040;2440;2362
P166063501;P166063501_8;H;3030;0;0;4040;1206;2362
P166063501;P166063501_9;I;4040;0;0;5050;1206;2362
P166063501;P166063501_10;J;4040;1234;0;5050;2440;2362
P166063501;P166063501_11;K;5050;1234;0;6060;2440;2362
P166063501;P166063501_12;L;5050;0;0;6060;1206;2170
P166063501;P166063501_13;M;6060;0;0;7070;1206;2170
P166063501;P166063501_14;N;6060;1234;0;7070;2440;2170
P166063501;P166063501_15;O;7070;1234;0;8080;2440;2170
P166063501;P166063501_16;P;7070;0;0;8080;1206;2170
P166063501;P166063501_17;Q;8080;0;0;9090;1206;2170
P166063501;P166063501_18;R;8080;1234;0;9090;2440;2170
P166063501;P166063501_19;S;9090;1234;0;10100;2440;2170
P166063501;P166063501_20;T;9090;0;0;10100;1206;1085
P166063501;P166063501_21;U;10100;0;0;11110;1206;2170
P166063501;P166063501_22;V;10100;1234;0;11110;2440;2170
P166063501;P166063501_23;W;11110;1234;0;12120;2440;2170
P166063501;P166063501_24;X;11110;0;0;12120;1206;1085
P193399611;P193399611_1;A;0;1240;0;1000;2440;2700
P193399611;P193399611_2;B;0;0;0;1010;1206;1455
P193399611;P193399611_3;C;1000;1240;0;1800;2440;300
P173063501;P173063501_1;A;0;0;0;1010;1206;2362
P173063501;P173063501_2;B;0;1234;0;1010;2440;2362
P173063501;P173063501_3;C;1010;1234;0;2020;2440;2362
P173063501;P173063501_4;D;1010;0;0;2020;1206;2362
P173063501;P173063501_5;E;2020;0;0;3030;1206;2362
P173063501;P173063501_6;F;2020;1234;0;3030;2440;2362
P173063501;P173063501_7;G;3030;1234;0;4040;2440;2362
P173063501;P173063501_8;H;3030;0;0;4040;1206;2362
P173063501;P173063501_9;I;4040;0;0;5050;1206;2362
P173063501;P173063501_10;J;4040;1234;0;5050;2440;2362
P173063501;P173063501_11;K;5050;1234;0;6060;2440;2362
P173063501;P173063501_12;L;5050;0;0;6060;1206;2266
P173063501;P173063501_13;M;6060;0;0;7070;1206;2170
P173063501;P173063501_14;N;6060;1234;0;7070;2440;2170
P173063501;P173063501_15;O;7070;1234;0;8080;2440;2170
P173063501;P173063501_16;P;7070;0;0;8080;1206;2170
P173063501;P173063501_17;Q;8080;0;0;9090;1206;2170
P173063501;P173063501_18;R;8080;1234;0;9090;2440;2170
P173063501;P173063501_19;S;9090;1234;0;10100;2440;2170
P173063501;P173063501_20;T;9090;0;0;10100;1206;2170
P173063501;P173063501_21;U;10100;0;0;11110;1206;2170
P173063501;P173063501_22;V;10100;1234;0;11110;2440;2170
P173063501;P173063501_23;W;11110;1234;0;12120;2440;2170
P173063501;P173063501_24;X;11110;0;0;12120;1206;2170
P209399607;P209399607_1;A;0;1240;0;1600;2440;750
P209399607;P209399607_2;B;0;0;0;1010;1206;2370
P209399607;P209399607_3;C;1010;0;0;2020;1206;2782
P209399607;P209399607_4;D;1600;1234;0;2610;2440;2782
P209399607;P209399607_5;E;2020;0;0;3030;1206;1185
P194399611;P194399611_1;A;0;1240;0;1000;2440;690
P194399611;P194399611_2;B;0;0;0;1000;1200;720
P194399611;P194399611_3;C;1000;0;0;2000;1200;720
P194399611;P194399611_4;D;1000;1240;0;2000;2440;720
P194399611;P194399611_5;E;2000;1234;0;3010;2440;1155
P194399611;P194399611_6;F;2000;0;0;3010;1206;385
P202399607;P202399607_1;A;0;1234;0;1010;2440;485
P202399607;P202399607_2;B;0;0;0;1010;1206;1185
P202399607;P202399607_3;C;1010;0;0;2010;1200;345
P202399607;P202399607_4;D;1010;1234;0;2020;2440;2782
P202399607;P202399607_5;E;2010;0;0;3020;1206;2782
P202399607;P202399607_6;F;2020;1234;0;3030;2440;1391
P188399607;P188399607_1;A;0;1240;0;1000;2440;975
P188399607;P188399607_2;B;0;0;0;1010;1206;2370
P188399607;P188399607_3;C;1000;1240;0;2000;2440;345
P188399607;P188399607_4;D;1010;0;0;2020;1206;2782
P188399607;P188399607_5;E;2000;1234;0;3010;2440;2782
P188399607;P188399607_6;F;2020;0;0;3030;1206;1391
P177399605;P177399605_1;A;0;1240;0;1000;2440;505
P177399605;P177399605_2;B;0;0;0;1010;1206;2170
P177399605;P177399605_3;C;1000;1234;0;2010;2440;1085
P177399605;P177399605_4;D;1010;0;0;2010;1200;975
P186399611;P186399611_1;A;0;1234;0;1010;2440;1455
P186399611;P186399611_2;B;0;0;0;800;1200;300
P207399613;P207399613_1;A;0;1234;0;1010;2440;385
P207399613;P207399613_2;B;0;0;0;1010;1206;285
P179399611;P179399611_1;A;0;1234;0;1010;2440;873
P193399613;P193399613_1;A;0;1234;0;1010;2440;385
P193399613;P193399613_2;B;0;0;0;1010;1206;285
P186399613;P186399613_1;A;0;1234;0;1010;2440;385
P186399613;P186399613_2;B;0;0;0;1010;1206;285
P179399613;P179399613_1;A;0;1234;0;1010;2440;385
P179399613;P179399613_2;B;0;0;0;1010;1206;285
P200399613;P200399613_1;A;0;1234;0;1010;2440;385
P200399613;P200399613_2;B;0;0;0;1010;1206;285
P173399611;P173399611_1;A;0;1240;0;1000;2440;690
P173399611;P173399611_2;B;0;0;0;1010;1206;1155
P174399607;P174399607_1;A;0;1234;0;1010;2440;2782
P174399607;P174399607_2;B;0;0;0;1010;1206;2782
P186399911;P186399911_1;A;0;0;0;1454;1904;2470
P186399911;P186399911_2;B;1454;0;0;2908;1904;2470
P186399911;P186399911_3;C;2908;0;0;4362;1904;1860
P240065401;P240065401_1;A;0;0;0;1000;1200;2700
P240065401;P240065401_2;B;0;1240;0;1000;2440;2700
P240065401;P240065401_3;C;1000;1240;0;2000;2440;2700
P240065401;P240065401_4;D;1000;0;0;2000;1200;2700
P240065401;P240065401_5;E;2000;0;0;3000;1200;2700
P240065401;P240065401_6;F;2000;1240;0;3000;2440;2700
P240065401;P240065401_7;G;3000;1240;0;4000;2440;2700
P240065401;P240065401_8;H;3000;0;0;4000;1200;2700
P240065401;P240065401_9;I;4000;0;0;5000;1200;2700
P240065401;P240065401_10;J;4000;1240;0;5000;2440;2700
P240065401;P240065401_11;K;5000;1240;0;6000;2440;2700
P240065401;P240065401_12;L;5000;0;0;6000;1200;2700
P240065401;P240065401_13;M;6000;0;0;7000;1200;2700
P240065401;P240065401_14;N;6000;1240;0;7000;2440;2700
P240065401;P240065401_15;O;7000;1240;0;8000;2440;2700
P240065401;P240065401_16;P;7000;0;0;8000;1200;2700
P240065401;P240065401_17;Q;8000;0;0;9000;1200;2700
P240065401;P240065401_18;R;8000;1240;0;9000;2440;2700
P240065401;P240065401_19;S;9000;1240;0;10000;2440;2700
P240065401;P240065401_20;T;9000;0;0;10000;1200;2700
P240065401;P240065401_21;U;10000;0;0;11000;1200;2700
P240065401;P240065401_22;V;10000;1240;0;11000;2440;2700
P240065401;P240065401_23;W;11000;1240;0;12000;2440;2700
P240065401;P240065401_24;X;11000;0;0;12000;1200;930
P205065401;P205065401_1;A;0;0;0;1000;1200;2700
P205065401;P205065401_2;B;0;1240;0;1000;2440;2700
P205065401;P205065401_3;C;1000;1240;0;2000;2440;2700
P205065401;P205065401_4;D;1000;0;0;2000;1200;2700
P205065401;P205065401_5;E;2000;0;0;3000;1200;2700
P205065401;P205065401_6;F;2000;1240;0;3000;2440;2700
P205065401;P205065401_7;G;3000;1240;0;4000;2440;2700
P205065401;P205065401_8;H;3000;0;0;4000;1200;2700
P205065401;P205065401_9;I;4000;0;0;5000;1200;2700
P205065401;P205065401_10;J;4000;1240;0;5000;2440;2700
P205065401;P205065401_11;K;5000;1240;0;6000;2440;2700
P205065401;P205065401_12;L;5000;0;0;6000;1200;2700
P205065401;P205065401_13;M;6000;0;0;7000;1200;2700
P205065401;P205065401_14;N;6000;1240;0;7000;2440;2700
P205065401;P205065401_15;O;7000;1240;0;8000;2440;2700
P205065401;P205065401_16;P;7000;0;0;8000;1200;2700
P205065401;P205065401_17;Q;8000;0;0;9000;1200;2700
P205065401;P205065401_18;R;8000;1240;0;9000;2440;2700
P205065401;P205065401_19;S;9000;1240;0;10000;2440;2700
P205065401;P205065401_20;T;9000;0;0;10000;1200;2700
P205065401;P205065401_21;U;10000;0;0;11000;1200;2700
P205065401;P205065401_22;V;10000;1240;0;11000;2440;2700
P205065401;P205065401_23;W;11000;1240;0;12000;2440;2700
P205065401;P205065401_24;X;11000;0;0;12000;1200;930
P198065401;P198065401_1;A;0;1240;0;1000;2440;2700
P198065401;P198065401_2;B;0;0;0;1000;1200;2700
P198065401;P198065401_3;C;1000;0;0;2000;1200;2700
P198065401;P198065401_4;D;1000;1240;0;2000;2440;2700
P198065401;P198065401_5;E;2000;1240;0;3000;2440;2700
P198065401;P198065401_6;F;2000;0;0;3000;1200;2700
P198065401;P198065401_7;G;3000;0;0;4000;1200;2700
P198065401;P198065401_8;H;3000;1240;0;4000;2440;2700
P198065401;P198065401_9;I;4000;1240;0;5000;2440;2700
P198065401;P198065401_10;J;4000;0;0;5000;1200;2700
P198065401;P198065401_11;K;5000;0;0;6000;1200;2700
P198065401;P198065401_12;L;5000;1240;0;6000;2440;2700
P198065401;P198065401_13;M;6000;1240;0;7000;2440;2700
P198065401;P198065401_14;N;6000;0;0;7000;1200;2700
P198065401;P198065401_15;O;7000;0;0;8000;1200;2700
P198065401;P198065401_16;P;7000;1240;0;8000;2440;2700
P198065401;P198065401_17;Q;8000;1240;0;9000;2440;2700
P198065401;P198065401_18;R;8000;0;0;9000;1200;2700
P198065401;P198065401_19;S;9000;0;0;10000;1200;2700
P198065401;P198065401_20;T;9000;1240;0;10000;2440;2700
P198065401;P198065401_21;U;10000;1240;0;11000;2440;2700
P198065401;P198065401_22;V;10000;0;0;11000;1200;2700
P198065401;P198065401_23;W;11000;0;0;12000;1200;2700
P198065401;P198065401_24;X;11000;1240;0;12000;2440;2700
P198065401;P198065401_25;Y;12000;1440;0;13200;2440;2700
P198065401;P198065401_26;Z;12000;0;0;13000;1200;930
P191065401;P191065401_1;A;0;1240;0;1000;2440;2700
P191065401;P191065401_2;B;0;0;0;1000;1200;2700
P191065401;P191065401_3;C;1000;0;0;2000;1200;2700
P191065401;P191065401_4;D;1000;1240;0;2000;2440;2700
P191065401;P191065401_5;E;2000;1240;0;3000;2440;2700
P191065401;P191065401_6;F;2000;0;0;3000;1200;2700
P191065401;P191065401_7;G;3000;0;0;4000;1200;2700
P191065401;P191065401_8;H;3000;1240;0;4000;2440;2700
P191065401;P191065401_9;I;4000;1240;0;5000;2440;2700
P191065401;P191065401_10;J;4000;0;0;5000;1200;2700
P191065401;P191065401_11;K;5000;0;0;6000;1200;2700
P191065401;P191065401_12;L;5000;1240;0;6000;2440;2700
P191065401;P191065401_13;M;6000;1240;0;7000;2440;2700
P191065401;P191065401_14;N;6000;0;0;7000;1200;2700
P191065401;P191065401_15;O;7000;0;0;8000;1200;2700
P191065401;P191065401_16;P;7000;1240;0;8000;2440;2700
P191065401;P191065401_17;Q;8000;1240;0;9000;2440;2700
P191065401;P191065401_18;R;8000;0;0;9000;1200;2700
P191065401;P191065401_19;S;9000;0;0;10000;1200;2700
P191065401;P191065401_20;T;9000;1240;0;10000;2440;2700
P191065401;P191065401_21;U;10000;1240;0;11000;2440;1815
P177065401;P177065401_1;A;0;1240;0;1000;2440;2700
P177065401;P177065401_2;B;0;0;0;1000;1200;2700
P177065401;P177065401_3;C;1000;0;0;2000;1200;2700
P177065401;P177065401_4;D;1000;1240;0;2000;2440;2700
P177065401;P177065401_5;E;2000;1240;0;3000;2440;2700
P177065401;P177065401_6;F;2000;0;0;3000;1200;2700
P177065401;P177065401_7;G;3000;0;0;4000;1200;2700
P177065401;P177065401_8;H;3000;1240;0;4000;2440;2700
P177065401;P177065401_9;I;4000;1240;0;5000;2440;2700
P177065401;P177065401_10;J;4000;0;0;5000;1200;2700
P177065401;P177065401_11;K;5000;0;0;6000;1200;2700
P177065401;P177065401_12;L;5000;1240;0;6000;2440;2700
P177065401;P177065401_13;M;6000;1240;0;7000;2440;2700
P177065401;P177065401_14;N;6000;0;0;7000;1200;2700
P177065401;P177065401_15;O;7000;0;0;8000;1200;2700
P177065401;P177065401_16;P;7000;1240;0;8000;2440;2700
P177065401;P177065401_17;Q;8000;1240;0;9000;2440;2700
P177065401;P177065401_18;R;8000;0;0;9000;1200;2700
P170065401;P170065401_1;A;0;1240;0;1000;2440;2700
P170065401;P170065401_2;B;0;0;0;1000;1200;2700
P170065401;P170065401_3;C;1000;0;0;2000;1200;2700
P170065401;P170065401_4;D;1000;1240;0;2000;2440;2700
P170065401;P170065401_5;E;2000;1240;0;3000;2440;2700
P170065401;P170065401_6;F;2000;0;0;3000;1200;2700
P170065401;P170065401_7;G;3000;0;0;4000;1200;2700
P170065401;P170065401_8;H;3000;1240;0;4000;2440;2700
P170065401;P170065401_9;I;4000;1240;0;5000;2440;2700
P170065401;P170065401_10;J;4000;0;0;5000;1200;2700
P170065401;P170065401_11;K;5000;0;0;6000;1200;2700
P170065401;P170065401_12;L;5000;1240;0;6000;2440;2700
P170065401;P170065401_13;M;6000;1240;0;7000;2440;2700
P170065401;P170065401_14;N;6000;0;0;7000;1200;2700
P170065401;P170065401_15;O;7000;0;0;8000;1200;2700
P170065401;P170065401_16;P;7000;1240;0;8000;2440;2700
P170065401;P170065401_17;Q;8000;1240;0;9000;2440;2700
P170065401;P170065401_18;R;8000;0;0;9000;1200;2700
P170065401;P170065401_19;S;9000;0;0;10000;1200;2700
P170065401;P170065401_20;T;9000;1240;0;10000;2440;2700
P170065401;P170065401_21;U;10000;1240;0;11000;2440;2700
P170065401;P170065401_22;V;10000;0;0;11000;1200;1815
P191399911;P191399911_1;A;0;0;0;1454;1904;2470
P191399911;P191399911_2;B;1454;0;0;2908;1904;2470
P191399911;P191399911_3;C;2908;0;0;4362;1904;2470
P191399911;P191399911_4;D;4362;0;0;5816;1904;2470
P191399911;P191399911_5;E;5816;0;0;7270;1904;1860
P185399911;P185399911_1;A;0;0;0;1454;1904;2470
P185399911;P185399911_2;B;1454;0;0;2908;1904;2470
P185399911;P185399911_3;C;2908;0;0;4362;1904;2470
P208399605;P208399605_1;A;0;1240;0;1000;2440;505
P184399911;P184399911_1;A;0;0;0;1454;1904;2470
P184399911;P184399911_2;B;1454;0;0;2908;1904;1250
P201399605;P201399605_1;A;0;1240;0;1000;2440;505
P180399911;P180399911_1;A;0;0;0;1454;1904;640
P187399605;P187399605_1;A;0;1240;0;1000;2440;505
P171399613;P171399613_1;A;0;1234;0;1010;2440;1155
P180399605;P180399605_1;A;0;1240;0;1000;2440;1010
P179399911;P179399911_1;A;0;0;0;1454;1904;640
P170399911;P170399911_1;A;0;0;0;1454;1904;2470
P171399901;P171399901_1;A;0;1234;0;1010;2440;485
P205399911;P205399911_1;A;0;0;0;1454;1904;2470
P205399911;P205399911_2;B;1454;0;0;2908;1904;2470
P205399911;P205399911_3;C;2908;0;0;4362;1904;2470
P205399911;P205399911_4;D;4362;0;0;5816;1904;2470
P205399911;P205399911_5;E;5816;0;0;7270;1904;2470
P206399911;P206399911_1;A;0;0;0;1454;1904;2470
P206399911;P206399911_2;B;1454;0;0;2908;1904;2470
P206399911;P206399911_3;C;2908;0;0;4362;1904;2470
P206399911;P206399911_4;D;4362;0;0;5816;1904;2470
P206399911;P206399911_5;E;5816;0;0;7270;1904;1860
P207399911;P207399911_1;A;0;0;0;1454;1904;2470
P207399911;P207399911_2;B;1454;0;0;2908;1904;2470
P207399911;P207399911_3;C;2908;0;0;4362;1904;2470
P207399911;P207399911_4;D;4362;0;0;5816;1904;2470
P207399911;P207399911_5;E;5816;0;0;7270;1904;1250
P208399911;P208399911_1;A;0;0;0;1454;1904;2470
P208399911;P208399911_2;B;1454;0;0;2908;1904;2470
P208399911;P208399911_3;C;2908;0;0;4362;1904;2470
P208399911;P208399911_4;D;4362;0;0;5816;1904;2470
P208399911;P208399911_5;E;5816;0;0;7270;1904;640
P209399911;P209399911_1;A;0;0;0;1454;1904;2470
P209399911;P209399911_2;B;1454;0;0;2908;1904;2470
P209399911;P209399911_3;C;2908;0;0;4362;1904;2470
P209399911;P209399911_4;D;4362;0;0;5816;1904;2470
P240399911;P240399911_1;A;0;0;0;1454;1904;2470
P240399911;P240399911_2;B;1454;0;0;2908;1904;2470
P240399911;P240399911_3;C;2908;0;0;4362;1904;2470
P240399911;P240399911_4;D;4362;0;0;5816;1904;2470
P240399911;P240399911_5;E;5816;0;0;7270;1904;1860
P202399911;P202399911_1;A;0;0;0;1454;1904;2470
P202399911;P202399911_2;B;1454;0;0;2908;1904;2470
P202399911;P202399911_3;C;2908;0;0;4362;1904;2470
P202399911;P202399911_4;D;4362;0;0;5816;1904;2470
P202399911;P202399911_5;E;5816;0;0;7270;1904;2470
P170399601;P170399601_1;A;0;1240;0;1000;2440;2835
P201399911;P201399911_1;A;0;0;0;1454;1904;2470
P201399911;P201399911_2;B;1454;0;0;2908;1904;2470
P201399911;P201399911_3;C;2908;0;0;4362;1904;2470
P201399911;P201399911_4;D;4362;0;0;5816;1904;2470
P201399911;P201399911_5;E;5816;0;0;7270;1904;1860
P187399911;P187399911_1;A;0;0;0;1454;1904;2470
P187399911;P187399911_2;B;1454;0;0;2908;1904;2470
P187399911;P187399911_3;C;2908;0;0;4362;1904;2470
P200399911;P200399911_1;A;0;0;0;1454;1904;2470
P200399911;P200399911_2;B;1454;0;0;2908;1904;2470
P200399911;P200399911_3;C;2908;0;0;4362;1904;2470
P200399911;P200399911_4;D;4362;0;0;5816;1904;2470
P200399911;P200399911_5;E;5816;0;0;7270;1904;2470
P200399911;P200399911_6;F;7270;0;0;8724;1904;640
P199399911;P199399911_1;A;0;0;0;1454;1904;2470
P199399911;P199399911_2;B;1454;0;0;2908;1904;2470
P199399911;P199399911_3;C;2908;0;0;4362;1904;2470
P199399911;P199399911_4;D;4362;0;0;5816;1904;2470
P199399911;P199399911_5;E;5816;0;0;7270;1904;2470
P198399911;P198399911_1;A;0;0;0;1454;1904;2470
P198399911;P198399911_2;B;1454;0;0;2908;1904;2470
P198399911;P198399911_3;C;2908;0;0;4362;1904;2470
P198399911;P198399911_4;D;4362;0;0;5816;1904;2470
P198399911;P198399911_5;E;5816;0;0;7270;1904;2470
P198399911;P198399911_6;F;7270;0;0;8724;1904;640
P172399613;P172399613_1;A;0;1234;0;1010;2440;285
P194399911;P194399911_1;A;0;0;0;1454;1904;2470
P194399911;P194399911_2;B;1454;0;0;2908;1904;2470
P194399911;P194399911_3;C;2908;0;0;4362;1904;2470
P194399911;P194399911_4;D;4362;0;0;5816;1904;2470
P194399911;P194399911_5;E;5816;0;0;7270;1904;2470
P194399911;P194399911_6;F;7270;0;0;8724;1904;2470
P193399911;P193399911_1;A;0;0;0;1454;1904;2470
P193399911;P193399911_2;B;1454;0;0;2908;1904;2470
P193399911;P193399911_3;C;2908;0;0;4362;1904;2470
P193399911;P193399911_4;D;4362;0;0;5816;1904;2470
P193399911;P193399911_5;E;5816;0;0;7270;1904;2470
P193399911;P193399911_6;F;7270;0;0;8724;1904;2470
P193399911;P193399911_7;G;8724;0;0;10178;1904;2470
P193399911;P193399911_8;H;10178;0;0;11632;1904;2470
P193399911;P193399911_9;I;11632;0;0;13086;1904;640
P192399911;P192399911_1;A;0;0;0;1454;1904;2470
P192399911;P192399911_2;B;1454;0;0;2908;1904;2470
P192399911;P192399911_3;C;2908;0;0;4362;1904;2470
P192399911;P192399911_4;D;4362;0;0;5816;1904;2470
P192399911;P192399911_5;E;5816;0;0;7270;1904;2470
P192399911;P192399911_6;F;7270;0;0;8724;1904;1250
P188399911;P188399911_1;A;0;0;0;1454;1904;2470
P188399911;P188399911_2;B;1454;0;0;2908;1904;2470
P188399911;P188399911_3;C;2908;0;0;4362;1904;2470
P188399911;P188399911_4;D;4362;0;0;5816;1904;1250
